0.167,0.65,0.38,0.781,0.002804951
0.506,0.423,0.908,0.682,0.006423295
0.0,0.161,0.634,0.867,0.986357366
0.197,0.293,0.322,0.763,0.256716872
0.0,0.339,0.656,0.537,0.900516996
0.092,0.079,0.111,0.757,0.308789409
0.0,0.265,0.825,0.714,0.98653132
0.141,0.244,0.266,0.648,0.346971631
0.0,0.15,0.578,0.77,0.984623124
0.118,0.504,0.624,0.55,0.100234718
0.533,0.36,0.971,0.418,0.0
0.0,0.18,0.813,0.657,0.98393309
0.0,0.159,0.675,0.817,0.986777072
0.118,0.016,0.563,0.929,0.562678683
0.0,0.245,0.39,0.591,0.940624761
0.0,0.103,0.708,0.78,0.98689513
0.572,0.814,0.957,0.817,0.0
0.074,0.234,0.709,0.694,0.985624927
0.157,0.034,0.564,0.843,0.438516349
0.052,0.258,0.509,0.642,0.975509081
0.0,0.264,0.807,0.641,0.981905391
0.729,0.359,0.772,0.524,8.0472e-05
0.655,0.311,0.704,0.478,0.000111311
0.0,0.314,0.696,0.595,0.969568618
0.759,0.345,0.792,0.772,5.4933e-05
0.164,0.247,0.57,0.716,0.425570013
0.37,0.35,0.49,0.635,0.03090554
0.795,0.108,0.962,0.585,4.1441e-05
0.138,0.052,0.765,0.785,0.478344149
0.208,0.91,0.369,0.917,9.64e-07
0.103,0.049,0.309,0.643,0.758996829
0.109,0.262,0.897,0.394,0.0
0.331,0.385,0.402,0.565,0.029330797
0.132,0.043,0.281,0.952,0.388978436
0.226,0.255,0.498,0.636,0.177585063
0.171,0.368,0.551,0.54,0.365225256
0.295,0.125,0.826,0.871,0.089065991
0.0,0.44,0.717,0.499,0.478595684
0.0,0.566,0.669,0.575,0.010328831
0.0,0.224,0.369,0.741,0.945502706
0.639,0.361,0.691,0.579,0.000425007
0.041,0.17,0.527,0.728,0.981201383
0.01,0.136,0.635,0.588,0.965343121
0.0,0.389,0.454,0.61,0.962749228
0.0,0.402,0.83,0.435,0.232041398
0.076,0.315,0.847,0.606,0.974147323
0.0,0.25,0.689,0.765,0.986678289
0.231,0.0,0.481,0.891,0.16781568
0.118,0.229,0.379,0.755,0.52907613
0.323,0.164,0.39,0.672,0.033594843
0.157,0.15,0.579,0.687,0.43763935
0.253,0.129,0.309,0.784,0.063555441
0.376,0.135,0.522,0.815,0.032205619
0.031,0.231,0.487,0.944,0.978123213
0.219,0.281,0.237,0.649,0.042819716
0.165,0.467,0.449,0.527,0.120405212
0.21,0.049,0.511,0.788,0.233502903
0.23,0.213,0.53,0.7,0.17380433
0.0,0.398,0.447,0.533,0.883823658
0.0,0.405,0.345,0.431,0.224723276
0.307,0.23,0.744,1.0,0.077380703
0.0,0.28,0.779,0.792,0.98725653
0.046,0.423,0.516,0.465,0.315142351
0.121,0.0,0.569,0.848,0.540162939
0.087,0.372,0.587,0.593,0.966956896
0.187,0.12,0.671,0.862,0.389671843
0.0,0.02,0.679,0.897,0.986877782
0.172,0.326,0.854,0.91,0.418634011
0.32,0.343,0.914,0.614,0.063057671
0.105,0.331,0.796,0.633,0.790775995
0.0,0.057,0.752,0.978,0.987341821
0.0,0.137,0.626,0.775,0.986048488
0.199,0.401,0.382,0.485,0.158838487
0.038,0.386,0.799,0.525,0.87494573
0.165,0.438,0.376,0.443,0.028066858
0.029,0.47,0.202,0.581,0.230881543
0.044,0.071,0.285,0.86,0.887261301
0.227,0.089,0.315,0.829,0.116530033
0.022,0.311,0.32,0.516,0.793191597
0.281,0.405,0.6,0.507,0.065912737
0.196,0.178,0.287,0.771,0.234043076
0.157,0.309,0.408,0.597,0.405179787
0.098,0.074,0.187,0.809,0.545650447
0.082,0.43,0.154,0.5,0.280145755
0.482,0.646,0.918,0.792,0.000460184
0.0,0.431,0.391,0.502,0.507677355
0.736,0.797,0.963,0.802,0.0
0.087,0.012,0.624,0.886,0.986210396
0.746,0.26,0.802,0.784,0.000109384
0.142,0.147,0.438,0.838,0.453091879
0.242,0.056,0.489,0.902,0.147617719
0.25,0.092,0.4,0.745,0.116545453
0.312,0.275,0.384,0.625,0.037734085
0.296,0.256,0.606,0.695,0.08561341
0.361,0.039,0.58,0.36,0.0
0.025,0.266,0.682,0.632,0.980081522
0.337,0.042,0.39,0.198,0.0
0.298,0.183,0.626,0.737,0.084498369
0.059,0.0,0.215,0.931,0.766536611
0.531,0.158,0.746,0.697,0.005129962
0.0,0.262,0.757,0.574,0.95588117
0.285,0.414,0.463,0.641,0.085540166
0.0,0.0,0.629,0.861,0.998800632
0.115,0.316,0.613,0.521,0.49153961
0.0,0.0,0.775,0.906,0.999906036
0.442,0.164,0.551,0.612,0.010717698
0.0,0.317,0.707,0.73,0.986419526
0.251,0.0,0.325,0.984,0.078461532
0.898,0.562,0.984,0.891,1.927e-06
0.312,0.464,0.846,0.58,0.037931169
0.334,0.123,0.985,0.243,0.0
0.211,0.023,0.482,0.88,0.226286454
0.001,0.102,0.784,0.798,0.987283515
0.09,0.059,0.564,0.12,0.0
0.263,0.549,0.788,0.705,0.021888834
0.236,0.0,0.526,0.925,0.161892564
0.251,0.404,0.31,0.489,0.040443145
0.0,0.018,0.826,0.939,0.987444459
0.107,0.292,0.243,0.695,0.60712952
0.0,0.401,0.75,0.501,0.747084099
0.414,0.781,0.791,0.949,3.5658e-05
0.104,0.413,0.369,0.424,0.130901251
0.069,0.239,0.249,0.597,0.835399822
0.062,0.381,0.656,0.584,0.963133276
0.0,0.421,0.643,0.455,0.192717632
0.0,0.399,0.537,0.494,0.711599853
0.342,0.416,0.385,0.467,0.008927078
0.102,0.159,0.829,0.844,0.859442605
0.0,0.436,0.464,0.568,0.709190997
0.062,0.478,0.763,0.495,0.065178852
0.0,0.0,0.665,0.93,0.999283945
0.183,0.203,0.235,0.811,0.232504473
0.301,0.261,0.427,0.619,0.061487747
0.0,0.311,0.011,0.663,0.0
0.0,0.47,0.49,0.671,0.380149658
0.0,0.086,0.353,0.827,0.938681389
0.0,0.44,0.85,0.558,0.674908048
0.0,0.183,0.491,0.741,0.978096228
0.196,0.243,0.595,0.593,0.316348465
0.25,0.167,0.329,0.801,0.082576681
0.0,0.04,0.851,0.797,0.987337484
0.0,0.337,0.64,0.609,0.974056732
0.081,0.023,0.484,0.882,0.977772413
0.0,0.0,0.638,0.865,0.9989317
0.049,0.203,0.661,0.695,0.98529292
0.134,0.193,0.313,0.643,0.413126747
0.031,0.169,0.518,0.713,0.980295953
0.246,0.033,0.314,0.164,0.0
0.377,0.327,0.79,0.509,0.022099892
0.01,0.068,0.051,0.627,0.0
0.6,0.719,0.723,0.794,1.2529e-05
0.218,0.391,0.577,0.783,0.20885634
0.0,0.32,0.552,0.517,0.838837466
0.105,0.179,0.972,0.478,0.474371151
0.248,0.141,0.482,0.911,0.136732813
0.092,0.26,0.301,0.649,0.890800136
0.143,0.106,0.433,0.871,0.450103336
0.464,0.2,0.537,0.987,0.007288729
0.0,0.173,0.504,0.961,0.979927325
0.031,0.124,0.614,0.752,0.98562059
0.0,0.005,0.652,0.832,0.986549631
0.207,0.366,0.855,0.94,0.25488433
0.0,0.274,0.714,0.562,0.940886897
0.056,0.0,0.642,0.887,0.986473977
0.05,0.922,0.11,0.975,0.0
0.039,0.745,0.435,0.808,0.000324779
0.451,0.155,0.688,1.0,0.013741899
0.0,0.047,0.683,0.832,0.986862363
0.707,0.647,0.811,0.758,2.072e-05
0.0,0.0,0.828,0.902,0.999958559
0.0,0.0,0.533,0.911,0.994768846
0.071,0.401,0.731,0.636,0.981089107
0.069,0.0,0.513,0.926,0.980772039
0.293,0.026,0.422,0.811,0.070961745
0.204,0.043,0.811,0.442,0.057228038
0.0,0.0,0.302,0.84,0.917873865
0.014,0.329,0.966,0.685,0.985658658
0.006,0.187,0.787,0.89,0.987401091
0.0,0.236,0.461,0.769,0.97457233
0.293,0.305,0.431,0.532,0.055693289
0.0,0.322,0.583,0.607,0.972349475
0.0,0.275,0.574,0.562,0.939137717
0.331,0.1,0.372,0.736,0.019698264
0.0,0.398,0.604,0.747,0.985312677
0.143,0.59,0.718,0.597,0.00270665
0.0,0.109,0.818,0.773,0.987213162
0.0,0.143,0.763,0.693,0.985877907
0.0,0.366,0.49,0.58,0.954208125
0.085,0.219,0.477,0.618,0.967809319
0.127,0.0,0.439,0.935,0.495037005
0.028,0.072,0.684,0.764,0.986630584
0.317,0.588,0.849,0.947,0.007403413
0.283,0.605,0.539,0.784,0.005923116
0.446,0.06,0.503,0.332,0.0
0.0,0.378,0.756,0.503,0.761666857
0.287,0.116,0.428,0.782,0.079065794
0.074,0.052,0.141,0.892,0.515731289
0.227,0.808,0.602,0.847,4.385e-05
0.133,0.082,0.597,0.796,0.488982821
0.027,0.657,0.678,0.882,0.003467037
0.253,0.19,0.31,0.722,0.064192469
0.647,0.524,0.791,0.703,0.000385976
0.0,0.166,0.412,0.775,0.964494552
0.191,0.46,0.454,0.615,0.181349412
0.0,0.11,0.606,0.727,0.985131976
0.0,0.27,0.647,0.626,0.978564603
0.013,0.132,0.537,0.556,0.92777528
0.344,0.202,0.82,0.489,0.02611674
0.643,0.119,0.788,0.598,0.000764724
0.32,0.147,0.42,0.735,0.046449624
0.606,0.053,0.921,0.174,0.0
0.297,0.023,0.63,0.901,0.085770499
0.452,0.018,0.707,0.598,0.012045725
0.0,0.132,0.521,0.705,0.980332575
0.038,0.016,0.747,0.885,0.987317728
0.036,0.017,0.861,0.381,0.0
0.363,0.231,0.775,0.944,0.044114012
0.0,0.057,0.539,0.871,0.982620964
0.036,0.441,0.143,0.468,0.170681828
0.167,0.177,0.529,0.726,0.418908194
0.165,0.03,0.524,0.806,0.421957452
0.309,0.307,0.487,0.734,0.066305941
0.105,0.46,0.154,0.609,0.212305548
0.0,0.148,0.6,0.925,0.985640347
0.0,0.012,0.715,0.825,0.987059928
0.632,0.135,0.895,0.306,0.0
0.444,0.012,0.835,0.981,0.015441928
0.045,0.476,0.508,0.864,0.34342364
0.37,0.152,0.49,1.0,0.03212852
0.004,0.122,0.213,0.714,0.75869518
0.207,0.558,0.69,0.619,0.022811611
0.061,0.474,0.266,0.571,0.272437802
0.099,0.307,0.466,0.586,0.894286448
0.061,0.0,0.669,0.933,0.986801166
0.656,0.053,0.858,0.313,0.0
0.052,0.192,0.636,0.439,0.250083002
0.0,0.038,0.762,0.85,0.987332665
0.206,0.29,0.576,0.745,0.257278248
0.0,0.1,0.656,0.809,0.986563123
0.075,0.454,0.139,0.494,0.174083331
0.36,0.188,0.362,0.71,0.000943497
0.289,0.548,0.365,0.781,0.008992612
0.177,0.416,0.39,0.482,0.244974724
0.141,0.236,0.282,0.711,0.367461122
0.208,0.1,0.515,0.869,0.243292042
0.138,0.216,0.445,0.723,0.462682971
0.304,0.572,0.553,0.672,0.009238365
0.0,0.452,0.753,0.599,0.575817765
0.253,0.427,0.518,0.635,0.107702701
0.179,0.121,0.625,0.472,0.238789953
0.344,0.0,0.345,0.842,0.000547402
0.735,0.798,0.898,0.911,0.0
0.051,0.242,0.564,0.684,0.982391114
0.0,0.092,0.748,0.789,0.987181359
0.027,0.55,0.444,0.69,0.059853734
0.072,0.087,0.291,0.649,0.892048173
0.205,0.161,0.488,0.813,0.256629654
0.0,0.26,0.515,0.576,0.953103203
0.083,0.27,0.493,0.826,0.97875735
0.0,0.085,0.696,0.752,0.98659589
0.525,0.682,0.682,0.828,9.541e-05
0.179,0.273,0.738,0.774,0.40967272
0.271,0.168,0.43,0.74,0.099111966
0.621,0.744,0.773,0.835,3.373e-06
0.504,0.088,0.855,0.85,0.007533999
0.186,0.298,0.279,0.404,0.0
0.314,0.149,0.447,0.799,0.056764963
0.399,0.112,0.63,0.874,0.026157217
0.0,0.045,0.624,0.878,0.986207987
0.186,0.053,0.554,0.913,0.390090104
0.172,0.18,0.368,0.811,0.376566009
0.0,0.0,0.722,0.917,0.999690641
0.051,0.097,0.386,1.0,0.954330038
0.0,0.259,0.494,0.578,0.952811191
0.012,0.3,0.846,0.606,0.974146841
0.131,0.286,0.171,0.937,0.078001348
0.224,0.496,0.913,0.755,0.078300106
0.0,0.219,0.633,0.878,0.986350138
0.0,0.431,0.597,0.546,0.682149072
0.125,0.203,0.596,0.679,0.515779476
0.337,0.382,0.37,0.454,0.004768561
0.0,0.091,0.73,0.745,0.986748642
0.0,0.391,0.45,0.545,0.903954157
0.0,0.064,0.585,0.839,0.985082344
0.486,0.425,0.666,0.587,0.00644016
0.27,0.418,0.64,0.418,0.0
0.0,0.231,0.645,0.719,0.985710217
0.856,0.145,0.953,0.156,0.0
0.103,0.117,0.456,0.719,0.823547808
0.343,0.141,0.601,0.974,0.051679333
0.172,0.014,0.533,0.951,0.413431287
0.124,0.0,0.617,0.965,0.523513451
0.0,0.232,0.651,0.647,0.982005138
0.096,0.17,0.75,0.872,0.949789882
0.0,0.0,0.495,0.966,0.99154467
0.008,0.269,0.36,0.678,0.940435868
0.243,0.329,0.479,0.575,0.13042613
0.343,0.103,0.379,0.865,0.016782484
0.0,0.117,0.721,0.781,0.986990058
0.038,0.082,0.941,0.924,0.987476744
0.0,0.012,0.942,0.825,0.987417474
0.328,0.499,0.466,0.648,0.019969556
0.057,0.0,0.645,0.928,0.986515418
0.0,0.0,0.748,0.886,0.999840984
0.279,0.317,0.855,0.462,0.040613244
0.013,0.018,0.494,0.879,0.978906247
0.08,0.0,0.477,0.918,0.976905051
0.0,0.225,0.632,0.672,0.98398224
0.239,0.47,0.812,0.783,0.089980094
0.09,0.477,0.574,0.546,0.266187016
0.05,0.738,0.245,0.964,0.000163353
0.131,0.327,0.145,0.88,0.033978409
0.176,0.455,0.27,0.684,0.154288212
0.0,0.293,0.644,0.595,0.969149875
0.0,0.189,0.567,0.687,0.982638794
0.289,0.338,0.571,0.848,0.092532547
0.0,0.155,0.259,0.878,0.855948583
0.762,0.088,0.776,0.973,2.9876e-05
0.56,0.0,0.607,0.916,0.001911569
0.0,0.213,0.816,0.869,0.987422775
0.0,0.093,0.773,0.824,0.987326401
0.157,0.045,0.466,0.891,0.429857671
0.036,0.146,0.76,0.932,0.987358686
0.059,0.0,0.479,0.894,0.977164296
0.0,0.393,0.397,0.537,0.881983887
0.049,0.318,0.645,0.585,0.964029068
0.263,0.203,0.266,0.695,0.003384638
0.013,0.331,0.757,0.742,0.986841161
0.016,0.181,0.472,0.697,0.975047452
0.228,0.064,0.493,0.84,0.176442555
0.348,0.356,0.671,0.48,0.02248635
0.121,0.335,0.452,0.639,0.524134096
0.0,0.092,0.715,0.794,0.986986203
0.162,0.263,0.487,0.574,0.399341962
0.063,0.198,0.659,0.678,0.984617342
0.279,0.304,0.355,0.691,0.059318379
0.046,0.232,0.518,0.671,0.978842159
0.626,0.273,0.682,0.282,0.0
0.272,0.384,0.468,0.595,0.097520358
0.409,0.177,0.937,0.748,0.02375848
0.359,0.15,0.902,0.913,0.046024617
0.064,0.178,0.249,0.828,0.842259207
0.294,0.248,0.874,0.328,0.0
0.0,0.357,0.559,0.539,0.902778882
0.0,0.055,0.585,0.886,0.985117038
0.122,0.422,0.327,0.719,0.383829681
0.027,0.16,1.0,0.87,0.987464697
0.106,0.309,0.751,0.674,0.779616906
0.588,0.068,0.848,0.769,0.002217555
0.0,0.394,0.706,0.442,0.285986472
0.0,0.48,0.803,0.487,0.026004465
0.285,0.183,0.442,0.653,0.082824843
0.287,0.299,0.436,0.669,0.079893642
0.19,0.386,0.536,0.584,0.352364693
0.062,0.31,0.327,0.978,0.924989122
0.091,0.038,0.988,0.243,0.0
0.092,0.438,0.5,0.457,0.213734768
0.23,0.064,0.357,1.0,0.133221926
0.364,0.137,0.57,0.956,0.040789607
0.0,0.036,0.649,0.958,0.986561677
0.055,0.314,0.342,0.872,0.933477219
0.0,0.354,0.515,0.482,0.664430801
0.026,0.0,0.526,0.936,0.981777214
0.089,0.199,0.818,0.638,0.981173916
0.0,0.0,0.761,0.937,0.999880497
0.048,0.383,0.449,0.743,0.972462714
0.412,0.402,0.639,0.852,0.021779932
0.105,0.416,0.322,0.497,0.504950948
0.013,0.003,0.865,0.498,0.733679989
0.124,0.104,0.432,0.779,0.506885165
0.432,0.1,0.537,0.736,0.012818641
0.228,0.021,0.674,0.929,0.1845095
0.151,0.137,0.565,0.7,0.448120451
0.111,0.42,0.64,0.718,0.555174559
0.0,0.214,0.633,0.836,0.986316407
0.0,0.078,0.739,0.818,0.98720738
0.91,0.458,0.939,0.636,1.927e-06
0.0,0.211,0.733,0.757,0.986896093
0.25,0.104,0.463,0.732,0.130930163
0.0,0.199,0.762,0.689,0.985717445
0.002,0.083,0.058,0.958,0.0
0.16,0.315,0.287,0.826,0.338543767
0.0,0.0,0.575,0.888,0.997251427
0.0,0.24,0.584,0.894,0.985087163
0.081,0.261,0.556,0.745,0.983256066
0.0,0.044,0.465,0.792,0.97521996
0.0,0.015,0.455,1.0,0.973816762
0.204,0.146,0.351,0.748,0.221937599
0.0,0.0,0.699,0.946,0.999538371
0.11,0.0,0.357,0.943,0.64168617
0.048,0.0,0.71,0.986,0.987088359
0.0,0.259,0.86,0.62,0.977903481
0.119,0.253,0.371,0.796,0.515964031
0.653,0.254,0.737,0.287,0.0
0.243,0.273,0.396,0.614,0.121633492
0.0,0.069,0.738,0.841,0.98723581
0.0,0.0,0.69,0.911,0.999478137
0.0,0.068,0.291,0.769,0.89405467
0.111,0.141,0.185,0.793,0.270435642
0.0,0.0,0.617,0.897,0.998591983
0.0,0.425,0.638,0.622,0.745615848
0.224,0.196,0.981,0.737,0.194522226
0.0,0.232,0.791,0.604,0.973271288
0.0,0.0,0.818,0.904,0.999954704
0.173,0.419,0.642,0.499,0.216083872
0.0,0.276,0.779,0.626,0.979341856
0.543,0.468,0.782,0.698,0.003138885
0.058,0.302,0.238,0.684,0.823200381
0.425,0.35,0.903,0.577,0.015760924
0.0,0.058,0.499,0.872,0.979431965
0.225,0.144,0.338,0.693,0.135706435
0.173,0.065,0.397,0.836,0.389330681
0.0,0.091,0.641,0.842,0.986435428
0.698,0.14,0.91,0.54,0.000261172
0.352,0.154,0.86,0.525,0.033581351
0.098,0.193,0.464,0.695,0.9224704
0.294,0.027,0.568,0.886,0.086998298
0.457,0.407,0.48,0.628,0.002936983
0.274,0.086,0.454,0.796,0.100182194
0.0,0.321,0.746,0.516,0.836554377
0.085,0.3,0.479,0.61,0.965906906
0.3,0.337,0.495,0.72,0.075257594
0.066,0.168,0.454,0.829,0.973627388
0.024,0.127,0.851,0.709,0.986449402
0.236,0.315,0.494,0.901,0.159026415
0.127,0.199,0.327,0.679,0.447725802
0.0,0.164,0.812,0.672,0.98503223
0.076,0.138,0.645,0.771,0.986282194
0.416,0.375,0.508,0.546,0.010331241
0.0,0.124,0.445,0.712,0.971387668
0.326,0.829,0.475,0.948,2.0238e-05
0.422,0.02,0.958,0.642,0.01914508
0.681,0.873,0.799,0.985,0.0
0.292,0.332,0.439,0.504,0.0476408
0.163,0.26,0.572,0.576,0.404482525
0.0,0.116,0.306,0.815,0.909013285
0.512,0.039,0.822,0.641,0.006379927
0.02,0.122,0.761,0.714,0.986451812
0.041,0.413,0.42,0.525,0.862366577
0.0,0.251,0.746,0.585,0.964672843
0.271,0.365,0.425,0.682,0.097356523
0.341,0.049,0.528,0.764,0.048880646
0.052,0.385,0.388,0.532,0.870122717
0.0,0.293,0.536,0.628,0.975105276
0.0,0.466,0.759,0.599,0.413934839
0.023,0.361,0.711,0.602,0.972374533
0.0,0.024,0.616,0.919,0.986060053
0.088,0.16,0.175,0.657,0.572172919
0.293,0.483,0.755,0.655,0.044866207
0.314,0.405,1.0,0.431,0.010038747
0.0,0.407,0.295,0.506,0.722610527
0.109,0.056,0.472,0.929,0.702876605
0.012,0.464,0.521,0.619,0.435165924
0.0,0.248,0.597,0.66,0.982360274
0.326,0.204,0.373,0.698,0.023329618
0.0,0.145,0.786,0.804,0.987306163
0.263,0.033,0.44,0.867,0.11037032
0.138,0.802,0.824,0.845,7.1316e-05
0.046,0.26,0.363,0.923,0.943276478
0.156,0.12,0.817,0.897,0.443620772
0.199,0.155,0.528,0.682,0.30006857
0.255,0.296,0.284,0.587,0.032933239
0.199,0.21,0.525,0.862,0.301372503
0.0,0.221,0.614,0.674,0.983748053
0.0,0.208,0.735,0.691,0.985666367
0.0,0.086,0.52,0.938,0.981316549
0.227,0.212,0.866,0.936,0.187506716
0.554,0.38,0.938,0.669,0.003765795
0.007,0.271,0.672,0.565,0.945634256
0.22,0.357,0.974,0.791,0.205652885
0.012,0.444,0.698,0.454,0.111431874
0.731,0.184,0.808,0.703,0.000198048
0.109,0.418,0.674,0.51,0.543133652
0.0,0.411,0.707,0.604,0.972980722
0.184,0.162,0.369,0.674,0.356521764
0.0,0.241,0.808,0.851,0.987403982
0.142,0.057,0.423,0.838,0.449839273
0.213,0.0,0.36,0.937,0.183034503
0.052,0.233,0.514,0.68,0.978969372
0.235,0.374,0.331,0.532,0.087947577
0.826,0.552,0.844,0.894,2.409e-06
0.102,0.264,0.393,0.632,0.824358791
0.411,0.22,0.503,0.616,0.014236295
0.0,0.25,0.675,0.637,0.980885277
0.059,0.435,0.522,0.55,0.686239645
0.18,0.031,0.377,0.805,0.370738785
0.0,0.203,0.729,0.7,0.985958861
0.132,0.191,0.163,0.851,0.062777706
0.0,0.175,0.46,0.661,0.97186809
0.241,0.342,0.824,0.5,0.096894894
0.475,0.352,0.709,0.36,0.0
0.197,0.211,0.282,0.568,0.20800729
0.0,0.202,0.721,0.808,0.987076794
0.0,0.14,0.586,0.748,0.984716125
0.0,0.115,0.676,0.773,0.986634921
0.205,0.432,0.372,0.497,0.106605007
0.307,0.0,0.335,0.982,0.019925706
0.105,0.256,0.442,0.62,0.773413824
0.0,0.459,0.437,0.464,0.061441488
0.0,0.0,0.72,0.951,0.999673776
0.093,0.045,0.111,0.553,0.305098785
0.177,0.01,0.213,0.852,0.184051244
0.733,0.126,0.956,0.851,0.000239006
0.0,0.123,0.605,0.76,0.985486149
0.059,0.839,0.823,0.953,4.3368e-05
0.066,0.511,0.966,0.863,0.179372792
0.017,0.138,0.89,0.699,0.986179556
0.061,0.21,0.664,0.681,0.984793223
0.081,0.194,0.514,0.686,0.979188622
0.108,0.0,0.613,0.922,0.738375788
0.0,0.527,0.74,0.535,0.018273382
0.0,0.0,0.767,0.903,0.999890616
0.03,0.625,0.97,0.822,0.008349801
0.113,0.101,0.622,0.812,0.633830283
0.198,0.441,0.492,0.463,0.078195541
0.0,0.32,0.738,0.558,0.934147497
0.326,0.422,0.867,0.496,0.024903398
0.0,0.287,0.437,0.64,0.965919435
0.152,0.221,1.0,0.616,0.441010977
0.396,0.166,0.924,0.934,0.02851114
0.008,0.888,0.492,0.941,6.746e-06
0.0,0.34,0.779,0.62,0.977851439
0.181,0.206,0.221,0.714,0.203416537
0.119,0.088,0.327,0.847,0.494206747
0.0,0.176,0.47,0.661,0.973217319
0.256,0.072,0.977,0.886,0.135358526
0.117,0.065,0.136,0.547,0.083847366
0.01,0.005,0.373,0.832,0.947738571
0.639,0.442,0.777,0.91,0.00085146
0.013,0.184,0.522,0.544,0.908681278
0.468,0.658,0.689,0.988,0.000400432
0.142,0.341,0.441,0.649,0.450107191
0.703,0.399,0.917,0.434,3.9031e-05
0.379,0.15,0.481,0.835,0.026625592
0.146,0.11,0.728,0.727,0.460956922
0.027,0.267,0.46,0.825,0.974593533
0.0,0.283,0.373,0.663,0.945622209
0.126,0.285,0.406,0.658,0.487830194
0.0,0.444,0.266,0.658,0.587595091
0.356,0.0,0.502,0.938,0.039634089
0.069,0.466,0.151,0.474,0.050120973
0.06,0.338,0.646,0.498,0.733321479
0.197,0.212,0.534,0.755,0.317251485
0.388,0.328,0.473,0.658,0.020601284
0.0,0.207,0.45,0.629,0.96649623
0.0,0.045,0.634,0.908,0.986370858
0.434,0.301,0.772,0.632,0.016262548
0.022,0.31,0.73,0.576,0.958158958
0.34,0.66,0.425,0.812,0.000551738
0.0,0.344,0.696,0.614,0.976005886
0.093,0.304,0.126,0.629,0.457588667
0.001,0.385,0.562,0.451,0.375607575
0.322,0.0,0.394,0.913,0.036487976
0.0,0.362,0.623,0.474,0.629452035
0.158,0.064,0.538,0.872,0.435105209
0.025,0.056,0.271,0.883,0.869847089
0.145,0.39,0.514,0.488,0.293115221
0.106,0.06,0.471,0.921,0.770761144
0.438,0.415,0.688,0.503,0.00805538
0.08,0.039,0.162,0.672,0.554432965
0.0,0.031,0.743,0.963,0.987307126
0.467,0.142,0.697,0.856,0.011377857
0.0,0.083,0.725,0.825,0.987132209
0.092,0.277,0.461,0.609,0.952223313
0.0,0.094,0.756,0.817,0.987278214
0.459,0.844,0.832,0.986,3.373e-06
0.351,0.373,0.842,0.644,0.047982926
0.117,0.489,0.402,0.571,0.177275704
0.168,0.324,0.388,0.56,0.364154546
0.0,0.26,0.333,0.842,0.928699502
0.04,0.33,0.467,0.35,0.0
0.033,0.025,0.661,0.878,0.986706719
0.0,0.15,0.375,0.687,0.947486073
0.351,0.366,0.575,0.682,0.046379271
0.0,0.163,0.6,0.751,0.985232205
0.048,0.135,0.218,0.802,0.775816416
0.231,0.0,0.495,0.91,0.169433309
0.005,0.45,0.652,0.534,0.529600884
0.221,0.242,0.28,0.67,0.096029941
0.307,0.348,0.369,0.729,0.035851429
0.369,0.304,0.476,0.887,0.030895421
0.116,0.071,0.683,0.889,0.590180792
0.061,0.245,0.487,0.591,0.959996319
0.837,0.251,0.986,0.524,1.3974e-05
0.0,0.097,0.832,0.988,0.98744735
0.0,0.151,0.721,0.752,0.986762616
0.269,0.342,0.453,0.567,0.093380152
0.12,0.158,0.432,0.679,0.529904942
0.768,0.583,0.923,0.802,2.8912e-05
0.084,0.445,0.641,0.515,0.519461426
0.086,0.395,0.151,0.949,0.534898054
0.0,0.141,0.509,0.835,0.980386063
0.0,0.144,0.583,0.692,0.983551451
0.039,0.026,0.323,0.81,0.922271389
0.0,0.358,0.821,0.59,0.967538028
0.297,0.317,0.669,0.685,0.085415844
0.08,0.221,0.359,0.874,0.941440562
0.186,0.624,0.472,0.626,0.000336344
0.051,0.0,0.647,0.894,0.986536138
0.229,0.262,0.328,0.81,0.121002246
0.565,0.595,0.984,0.672,0.000410069
0.0,0.404,0.721,0.482,0.666619926
0.151,0.106,0.756,0.731,0.451830832
0.476,0.601,0.575,0.653,0.000558003
0.0,0.375,0.552,0.461,0.496784739
0.459,0.121,0.849,0.814,0.012977657
0.0,0.082,0.807,0.883,0.987425184
0.0,0.324,0.702,0.58,0.961268931
0.243,0.313,0.479,0.586,0.133325045
0.0,0.106,0.607,0.914,0.98583984
0.032,0.187,0.241,0.854,0.828991466
0.046,0.28,0.512,0.689,0.979153445
0.037,0.444,0.154,0.985,0.362685814
0.422,0.757,0.67,0.991,6.7943e-05
0.248,0.404,0.813,0.757,0.14640775
0.231,0.075,0.337,0.843,0.121340035
0.0,0.275,0.563,0.623,0.975621356
0.071,0.163,0.629,0.673,0.983987541
0.0,0.222,0.453,0.698,0.972377906
0.0,0.471,0.763,0.598,0.364772783
0.0,0.125,0.465,0.712,0.974501014
0.515,0.27,0.517,0.745,0.000176845
0.0,0.262,0.55,0.574,0.952713854
0.277,0.034,0.368,0.842,0.06826666
0.108,0.292,0.341,0.855,0.685329879
0.0,0.515,0.556,0.609,0.14131971
0.479,0.33,0.898,0.726,0.010231012
0.054,0.442,0.557,0.947,0.698213091
0.042,0.516,0.668,0.549,0.083801588
0.295,0.222,0.351,0.662,0.038914179
0.02,0.23,0.662,0.934,0.986728404
0.042,0.006,0.988,0.764,0.98719196
0.556,0.029,0.723,0.964,0.003463182
0.0,0.23,0.739,0.706,0.986186784
0.096,0.233,0.543,0.346,0.0
0.745,0.071,0.919,0.262,0.0
0.197,0.444,0.856,0.813,0.246934961
0.084,0.176,0.498,0.813,0.979274876
0.143,0.536,0.525,0.682,0.06175422
0.369,0.154,0.404,0.769,0.016041371
0.216,0.185,0.508,0.651,0.207399655
0.0,0.402,0.332,0.435,0.223825556
0.486,0.238,0.571,0.993,0.006524005
0.123,0.027,0.396,0.81,0.502087691
0.295,0.331,0.3,0.55,0.004396078
0.239,0.425,0.785,0.469,0.045492635
0.695,0.321,0.817,0.554,0.000284784
0.355,0.037,0.983,0.838,0.047833548
0.171,0.451,0.235,0.461,0.034430401
0.294,0.535,0.476,0.744,0.018596233
0.201,0.121,0.363,0.716,0.247776302
0.276,0.183,0.418,0.484,0.048839205
0.293,0.622,0.853,0.657,0.002381871
0.0,0.307,0.773,0.529,0.886139513
0.0,0.0,0.625,0.897,0.998752445
0.085,0.0,0.472,0.934,0.976279587
-0.0,0.351,0.516,0.696,0.979678199
0.01,0.004,1.0,0.832,0.987430966
0.0,0.309,0.334,0.528,0.841639044
0.925,0.349,0.944,0.788,9.64e-07
0.012,0.446,0.557,0.471,0.28436547
0.0,0.238,0.826,0.727,0.986743341
0.728,0.723,0.773,0.993,1.446e-06
0.699,0.397,0.715,0.822,0.00010071
0.129,0.078,0.429,0.897,0.485970667
0.731,0.647,0.79,0.705,6.746e-06
0.037,0.338,0.514,0.549,0.915936758
0.0,0.368,0.853,0.469,0.59089251
0.0,0.0,0.745,0.895,0.999828937
0.169,0.395,0.48,0.442,0.11058186
0.436,0.436,0.622,0.656,0.013248467
0.007,0.421,0.282,0.492,0.43039158
0.0,0.1,0.572,0.825,0.984526751
0.0,0.217,0.5,0.718,0.97877277
0.0,0.258,0.339,0.778,0.931835014
0.114,0.092,0.611,0.744,0.619990083
0.144,0.34,0.881,0.933,0.465722592
0.052,0.351,0.914,0.652,0.98342231
0.121,0.119,0.789,0.717,0.542301949
0.229,0.293,0.493,0.543,0.142533053
0.007,0.216,0.872,0.809,0.987376034
0.078,0.38,0.316,0.54,0.853696816
0.167,0.136,0.569,0.701,0.42083711
0.163,0.289,0.321,0.794,0.364664362
0.0,0.187,0.656,0.731,0.986017649
0.768,0.002,0.927,0.908,9.7337e-05
0.135,0.288,0.789,0.633,0.479342097
0.124,0.108,0.757,0.805,0.524692099
0.099,0.339,0.62,0.625,0.916993011
0.106,0.061,0.629,0.901,0.780895782
0.0,0.042,0.72,0.794,0.987020897
0.147,0.417,0.42,0.48,0.268504317
0.022,0.362,0.606,0.474,0.629344578
0.162,0.16,0.307,0.717,0.354954249
0.109,0.265,0.701,0.762,0.713337468
0.0,0.329,0.737,0.555,0.929829
0.28,0.1,0.281,0.737,0.001224425
0.201,0.214,0.311,0.687,0.217512609
0.0,0.007,0.344,0.997,0.934474203
0.0,0.139,0.599,0.756,0.985259189
0.064,0.384,0.639,0.452,0.395261507
0.288,0.703,0.814,0.773,0.000478494
0.0,0.079,0.694,0.821,0.986920669
0.0,0.316,0.609,0.589,0.965412992
0.0,0.131,0.984,0.705,0.986353029
0.197,0.963,0.484,0.999,0.0
0.0,0.208,0.1,0.808,0.077495869
0.106,0.421,0.637,0.624,0.648179818
0.0,0.227,0.723,0.709,0.986173774
0.0,0.004,0.53,0.876,0.982052843
0.059,0.348,0.27,0.489,0.629328195
0.069,-0.0,0.641,0.898,0.986466268
0.029,0.263,0.869,0.991,0.987465661
0.25,0.703,0.869,0.958,0.00085146
0.0,0.348,0.761,0.673,0.9850091
0.0,0.036,0.763,0.801,0.987259903
0.0,0.38,0.744,0.502,0.751720629
0.23,0.281,0.338,0.638,0.121782871
0.0,0.0,0.598,0.931,0.998099996
0.042,0.08,0.697,0.9,0.987001141
0.0,0.308,0.653,0.569,0.949767716
0.0,0.566,0.301,0.594,0.016723214
0.269,0.027,0.27,0.855,0.001136726
0.318,0.119,0.319,0.886,0.000748822
0.196,0.041,0.326,0.996,0.268818013
0.615,0.017,0.653,0.77,0.000568604
0.0,0.349,0.646,0.488,0.690930626
0.368,0.647,0.737,0.983,0.001344411
0.279,0.473,0.483,0.611,0.047982926
0.0,0.378,0.822,0.796,0.987320137
0.268,0.201,0.462,0.766,0.10834744
0.114,0.181,0.388,0.712,0.589122129
0.207,0.282,0.506,0.555,0.217265893
0.018,0.382,0.55,0.528,0.879682488
0.127,0.204,0.612,0.687,0.508267161
0.095,0.045,0.476,0.856,0.950036116
0.0,0.239,0.503,0.646,0.975348619
0.0,0.182,0.822,0.723,0.986678771
0.456,0.576,0.697,0.675,0.002136119
0.17,0.184,0.552,0.784,0.416833272
0.129,0.282,0.171,0.725,0.084692079
0.13,0.074,0.595,0.762,0.498698717
0.158,0.191,0.561,0.717,0.435734046
0.17,0.147,0.395,0.759,0.391824828
0.279,0.324,0.314,0.625,0.034862636
0.585,0.588,0.845,0.862,0.000438499
0.0,0.407,0.515,0.506,0.774080247
0.04,0.131,0.586,0.802,0.985053914
0.002,0.289,0.725,0.681,0.985218712
0.09,0.364,0.889,0.641,0.976407282
0.789,0.133,0.869,0.907,5.5897e-05
0.184,0.168,0.648,0.702,0.397526285
0.0,0.179,0.511,0.757,0.980286316
0.547,0.074,0.611,0.839,0.002798205
0.0,0.0,0.619,0.889,0.998631978
0.029,0.325,0.779,0.537,0.900948267
0.188,0.05,0.608,0.992,0.384165061
0.262,0.345,0.77,0.93,0.127881387
0.206,0.116,0.764,0.736,0.259767094
0.328,0.088,0.776,0.482,0.028009998
0.079,0.0,0.482,0.839,0.977491002
0.458,0.121,0.869,0.803,0.013128482
0.0,0.156,0.826,0.925,0.987443013
0.0,0.1,0.584,0.736,0.984520968
0.569,0.489,0.789,0.733,0.001934698
0.04,0.148,0.526,0.746,0.981332451
0.0,0.0,0.756,0.928,0.999870378
0.069,0.069,0.624,0.835,0.986172328
0.206,0.449,0.287,0.672,0.112363324
0.28,0.098,0.621,0.853,0.10497003
0.229,0.192,0.498,0.778,0.174515566
0.029,0.199,0.483,0.969,0.97765821
0.273,0.246,0.278,0.639,0.006062376
0.311,0.359,0.503,0.767,0.066463029
0.486,0.407,0.733,0.675,0.009014778
0.296,0.437,0.319,0.821,0.016622504
0.225,0.118,0.421,0.758,0.171784341
0.0,0.278,0.698,0.625,0.978653267
0.156,0.512,0.902,0.719,0.097788758
0.191,0.398,0.518,0.439,0.070765143
0.256,0.127,0.306,0.767,0.056880129
0.308,0.31,0.381,0.526,0.030262247
0.0,0.0,0.535,0.905,0.994887385
0.0,0.095,0.611,0.813,0.985875016
0.197,0.193,0.544,0.766,0.317966577
0.089,0.066,0.64,0.928,0.986074991
0.0,0.261,0.763,0.576,0.958268341
0.59,0.62,0.725,0.774,0.000179737
0.0,0.222,0.518,0.674,0.978995875
0.363,0.409,0.926,0.577,0.037951889
0.0,0.425,0.847,0.554,0.696521253
0.2,0.735,0.228,0.907,5.5897e-05
0.271,0.134,0.591,0.779,0.115383188
0.286,0.394,0.48,0.786,0.088765306
0.177,0.36,0.539,0.538,0.357004596
0.133,0.13,0.753,0.301,0.0
0.0,0.385,0.85,0.569,0.950394625
0.019,0.169,0.699,0.796,0.986896575
0.245,0.069,0.376,0.823,0.11337621
0.095,0.382,0.364,0.505,0.719924597
0.049,0.0,0.194,0.869,0.639934582
0.0,0.082,0.704,0.889,0.987043063
0.0,0.0,0.668,0.884,0.999305147
0.178,0.011,0.543,0.58,0.387845083
0.112,0.132,0.451,0.762,0.635333228
0.042,0.272,0.689,0.61,0.974743875
0.178,0.25,0.447,0.68,0.394908298
0.115,0.026,0.752,0.964,0.605336972
0.164,0.213,0.592,0.664,0.424538817
0.0,0.485,0.305,0.501,0.060215135
0.219,0.03,0.915,0.616,0.200997562
0.0,0.0,0.736,0.893,0.99977545
0.0,0.15,0.669,0.829,0.986746715
0.0,0.344,0.722,0.571,0.953171146
0.0,0.222,0.633,0.662,0.983326419
0.091,0.0,0.558,0.872,0.976675201
0.0,0.149,0.678,0.755,0.9865159
0.204,0.027,0.49,0.81,0.262788886
0.253,0.48,1.0,0.513,0.025722091
0.168,0.469,0.552,0.497,0.056300442
0.0,0.086,0.472,0.841,0.976243447
0.213,0.28,0.259,0.612,0.095122103
0.11,0.81,0.67,0.915,8.3845e-05
0.0,0.195,0.648,0.878,0.986541439
0.296,0.482,0.367,0.535,0.012449049
0.286,0.24,0.373,0.617,0.056924461
0.1,0.403,0.426,0.491,0.614662555
0.014,0.245,0.279,0.668,0.878807898
0.14,0.328,0.197,0.485,0.107611146
0.283,0.113,0.683,0.89,0.102072561
0.154,0.0,0.756,0.897,0.447096965
0.196,0.369,0.342,0.513,0.220469349
0.0,0.119,0.851,0.763,0.987170276
0.241,0.197,0.349,0.717,0.107530193
0.26,0.0,0.502,0.942,0.122592409
0.057,0.097,0.342,0.659,0.931359893
0.108,0.198,0.356,0.611,0.683935355
0.039,0.382,0.442,0.632,0.965732952
0.183,0.425,0.284,0.456,0.082875439
0.248,0.209,0.461,0.627,0.129705738
0.257,0.477,0.482,0.501,0.016281341
0.287,0.445,0.735,0.744,0.075821379
0.263,0.353,0.639,0.557,0.106199756
0.158,0.327,0.895,0.41,0.0
0.0,0.123,0.8,0.778,0.987229064
0.122,0.49,0.17,0.593,0.049328301
0.265,0.361,0.3,0.535,0.033705672
0.017,0.356,0.678,0.736,0.986296168
0.359,0.103,0.382,0.803,0.010894062
0.21,0.403,0.424,0.6,0.211502275
0.0,0.39,0.648,0.531,0.889333813
0.424,0.346,0.928,0.863,0.019664052
0.0,0.408,0.713,0.428,0.232015377
0.031,0.115,0.245,0.819,0.835819047
0.269,0.032,0.695,0.805,0.119361005
0.438,0.131,0.549,0.426,0.001530411
0.0,0.355,0.698,0.525,0.874737081
0.0,0.58,0.782,0.698,0.024530914
0.434,0.309,0.674,0.73,0.016721286
0.099,0.177,0.313,0.817,0.854060626
0.0,0.105,0.811,0.731,0.986795383
0.0,0.275,0.363,0.645,0.939809441
0.264,0.075,0.932,0.631,0.121218123
0.0,0.125,0.71,0.712,0.986132333
0.141,0.163,0.597,0.801,0.469713419
0.079,0.374,0.145,0.567,0.517128705
0.076,0.0,0.628,0.909,0.986282194
0.129,0.298,0.921,0.903,0.504460889
0.19,0.197,0.538,0.639,0.364526066
0.701,0.208,0.905,0.559,0.000292975
0.201,0.413,0.742,0.882,0.292292191
0.623,0.761,0.647,0.8,9.64e-07
0.087,0.244,0.435,0.57,0.938782581
0.389,0.627,0.443,0.874,0.000707382
0.0,0.011,0.228,0.93,0.802335998
0.314,0.239,0.467,0.719,0.059631111
0.154,0.143,0.539,0.76,0.442087951
0.0,0.114,0.747,0.856,0.987300862
0.375,0.523,0.602,0.878,0.012531448
0.0,0.332,0.701,0.576,0.958016807
0.286,0.977,0.396,0.993,0.0
0.058,0.56,0.456,0.609,0.034545568
0.255,0.062,0.775,0.923,0.136611864
0.0,0.362,0.699,0.474,0.629673212
0.544,0.221,0.893,0.729,0.004475586
0.0,0.159,0.602,0.924,0.985701544
0.202,0.378,0.365,0.551,0.214658026
0.085,0.248,0.619,0.652,0.982145361
0.244,0.053,0.456,0.784,0.139767615
0.256,0.049,0.483,0.071,0.0
0.145,0.202,0.573,0.682,0.459072337
0.343,0.233,0.384,0.722,0.019308915
0.0,0.354,0.456,0.592,0.956793827
0.19,0.1,0.762,0.608,0.363765198
0.0,0.099,0.593,0.905,0.985418687
0.397,0.547,0.85,0.67,0.007307522
0.169,0.126,0.466,0.71,0.409426968
0.0,0.106,0.599,1.0,0.985608543
0.182,0.0,0.564,0.932,0.401094032
0.169,0.314,0.448,0.576,0.387016271
0.489,0.496,0.679,0.791,0.00480181
0.0,0.0,0.484,0.85,0.990269648
0.0,0.27,0.568,0.567,0.946006739
0.147,0.282,0.578,0.678,0.455425082
0.161,0.227,0.534,0.61,0.418752551
0.276,0.257,0.443,0.651,0.094100062
0.0,0.063,0.629,0.942,0.986303396
0.0,0.178,0.914,0.735,0.986880192
0.0,0.098,0.763,0.866,0.987348085
0.045,0.265,0.726,0.32,0.0
0.0,0.067,0.738,0.908,0.987270986
0.0,0.076,0.476,0.803,0.976695439
0.191,0.216,0.55,0.666,0.361248403
0.0,0.0,0.423,0.945,0.98009887
0.76,0.316,0.772,0.472,9.155e-06
0.181,0.07,0.531,0.805,0.401004887
0.049,0.33,0.678,0.553,0.925486891
0.241,0.23,0.483,0.606,0.141189124
0.052,0.103,0.525,0.847,0.981677468
0.069,0.0,0.455,0.861,0.973797006
0.0,0.6,0.257,0.651,0.005507746
0.0,0.274,0.626,0.62,0.976830362
0.0,0.345,0.625,0.53,0.887368275
0.092,0.218,0.582,0.725,0.973022163
0.383,0.842,0.534,0.865,2.409e-06
0.0,0.003,0.77,0.834,0.987335075
0.926,0.485,0.928,0.691,0.0
0.0,0.142,0.735,0.739,0.986702383
0.119,0.778,0.474,0.895,0.00017299
0.094,0.67,0.532,0.917,0.002395364
0.168,0.385,0.599,0.451,0.160101944
0.261,0.717,0.409,0.809,0.000381639
0.0,0.0,0.546,0.906,0.995604886
0.0,0.385,0.633,0.451,0.376033064
0.19,0.369,0.348,0.514,0.263890917
0.0,0.35,0.551,0.487,0.684029319
0.219,0.69,0.368,0.934,0.000840859
0.084,0.477,0.254,0.487,0.030541248
0.102,0.0,0.625,0.91,0.85826733
0.173,0.409,0.549,0.427,0.081424054
0.861,0.752,0.935,0.911,9.64e-07
0.188,0.092,0.503,0.785,0.377975472
0.241,0.248,0.449,0.589,0.133549595
0.546,0.715,0.928,0.914,3.9513e-05
0.054,0.0,0.385,0.896,0.953856362
0.036,0.306,0.734,0.958,0.98724352
0.059,0.35,0.52,0.655,0.977796506
0.048,0.169,0.55,0.934,0.983355812
0.0,0.443,0.437,0.498,0.433707793
0.032,0.393,0.761,0.648,0.982846478
0.207,0.358,0.507,0.539,0.205239924
0.815,0.368,0.917,0.661,3.4213e-05
0.342,0.417,0.433,0.854,0.036324141
0.27,0.196,0.427,0.706,0.099333143
0.407,0.008,0.898,0.998,0.024518385
0.138,0.211,0.637,1.0,0.477549549
0.207,0.0,0.653,0.987,0.254033352
0.083,0.157,0.18,0.786,0.578919547
0.0,0.11,0.782,0.847,0.98736736
0.109,0.145,0.118,0.86,0.148027306
0.55,0.696,0.998,0.843,5.686e-05
0.0,0.245,0.398,0.591,0.943869175
0.153,0.638,0.813,0.838,0.005597855
0.074,0.361,0.483,0.523,0.860703652
0.149,0.0,0.416,0.903,0.434404573
0.094,0.551,0.58,0.896,0.063437865
0.051,0.839,0.565,0.886,3.4213e-05
0.681,0.25,0.967,0.805,0.000581132
0.687,0.197,0.914,0.986,0.000542101
0.0,0.405,0.549,0.432,0.231621692
0.009,0.223,0.533,0.655,0.97870579
0.506,0.0,0.513,0.885,0.000654376
0.445,0.458,0.856,0.737,0.011159571
0.502,0.7,0.7,0.984,8.8182e-05
0.1,0.054,0.468,0.864,0.898255591
0.108,0.41,0.753,0.503,0.527903264
0.012,0.356,0.485,0.769,0.977669775
0.23,0.214,0.431,0.672,0.160641154
0.0,0.0,0.808,0.888,0.999944585
0.698,0.046,0.907,0.057,0.0
0.0,0.313,0.736,0.582,0.962557445
0.148,0.148,0.405,0.739,0.432252553
0.117,0.505,0.403,0.533,0.072473845
0.264,0.172,0.43,0.731,0.106904729
0.278,0.112,0.431,0.724,0.090648444
0.0,0.034,0.754,0.855,0.987322064
0.0,0.342,0.702,0.541,0.907368189
0.317,0.115,0.812,1.0,0.06937881
0.325,0.138,0.404,0.743,0.038227036
0.0,0.172,0.36,0.761,0.941675232
0.0,0.126,0.688,0.783,0.986775627
0.369,0.264,0.505,0.573,0.029258999
0.0,0.24,0.649,0.695,0.985138241
0.0,0.414,0.395,0.675,0.956817438
0.0,0.061,0.754,0.776,0.987144255
0.0,0.077,0.606,0.821,0.985754549
0.234,0.0,0.322,0.896,0.105781495
0.0,0.268,0.657,0.62,0.977196581
0.125,0.189,0.584,0.648,0.51296296
0.078,0.0,0.427,0.919,0.96854995
0.064,0.0,0.796,0.953,0.987418438
0.302,0.395,0.934,0.433,0.011808165
0.408,0.253,0.571,0.752,0.021153504
0.142,0.344,0.331,0.885,0.409842338
0.61,0.187,0.633,0.576,0.000322369
0.186,0.227,0.282,0.752,0.289930076
0.0,0.0,0.511,0.91,0.993118449
0.062,0.007,0.308,0.929,0.910759091
0.346,0.389,0.529,0.448,0.011445318
0.039,0.069,0.293,0.148,0.0
0.0,0.315,0.769,0.579,0.96030375
0.0,0.187,0.698,0.827,0.986958254
0.01,0.071,0.913,0.849,0.987444941
0.0,0.335,0.643,0.586,0.964489734
0.43,0.715,0.51,0.753,6.0233e-05
0.289,0.005,0.357,0.874,0.04857996
0.34,0.154,0.382,0.682,0.019692964
0.064,0.124,0.638,0.759,0.986112095
0.313,0.102,0.395,0.734,0.043488548
0.083,0.282,0.491,0.62,0.969744499
0.0,0.302,0.764,0.599,0.971239734
0.309,0.036,0.922,0.746,0.075666218
0.047,0.394,0.5,0.482,0.663920985
0.158,0.0,0.536,0.914,0.434988597
0.0,0.18,0.795,0.773,0.987189551
0.526,0.15,0.617,0.671,0.004201885
0.109,0.165,0.627,0.671,0.710418796
0.101,0.168,0.521,0.767,0.877452887
0.19,0.216,0.362,0.62,0.324298798
0.161,0.386,0.419,0.588,0.398000924
0.0,0.435,0.79,0.464,0.306571854
0.282,0.634,0.501,0.952,0.003004444
0.115,0.156,0.58,0.779,0.602760908
0.177,0.242,0.377,0.594,0.364048054
0.292,0.152,1.0,0.184,0.0
0.021,0.489,0.082,0.894,0.0
0.0,0.436,0.607,0.488,0.45878659
0.14,0.164,0.606,0.718,0.471429349
0.274,0.259,0.639,0.807,0.112947348
0.0,0.307,0.514,0.621,0.972242019
0.448,0.119,0.724,0.76,0.014403022
0.166,0.543,0.841,0.702,0.05039901
0.0,0.439,0.587,0.629,0.727928418
0.112,0.272,0.762,0.455,0.243408654
0.0,0.207,0.549,0.721,0.982530855
0.0,0.322,0.565,0.563,0.940064349
0.003,0.005,0.556,0.881,0.983708058
0.027,0.349,0.306,0.36,0.0
0.0,0.262,0.543,0.839,0.98287539
0.268,0.284,0.587,0.813,0.118705183
0.392,0.485,0.894,0.883,0.01760455
0.235,0.092,0.458,0.778,0.156308682
0.171,0.391,0.541,0.445,0.12530436
0.399,0.633,0.609,0.839,0.001346338
0.0,0.164,0.003,0.325,0.0
0.0,0.137,0.658,0.756,0.986327972
0.234,0.091,0.407,0.889,0.147096338
0.0,0.354,0.512,0.559,0.932027761
0.0,0.377,0.604,0.55,0.920721221
0.22,0.287,0.227,0.649,0.018173635
0.005,0.022,0.198,0.814,0.672652426
0.339,0.093,0.799,0.743,0.05529623
0.067,0.393,0.496,0.5,0.738727552
0.876,0.143,0.959,0.289,0.0
0.027,0.249,0.397,0.866,0.959339533
0.037,0.297,0.146,0.697,0.525549823
0.0,0.39,0.837,0.447,0.339026117
0.183,0.097,0.412,0.783,0.379155566
0.0,0.26,0.593,0.648,0.981014418
0.0,0.337,0.389,0.649,0.952512433
0.007,0.313,0.617,0.599,0.970159869
0.096,0.524,0.317,0.845,0.093514593
0.456,0.24,0.516,0.596,0.006187661
0.155,0.188,0.183,0.777,0.043372899
0.173,0.126,0.395,0.792,0.38846332
0.054,0.573,0.614,0.944,0.031970949
0.568,0.164,0.666,0.856,0.002396809
0.254,0.0,0.297,0.867,0.051123739
0.398,0.056,0.807,0.878,0.02767269
0.081,0.466,0.622,0.552,0.366653512
0.261,0.363,0.329,0.611,0.065323413
0.107,0.0,0.605,0.909,0.760812988
0.0,0.208,0.257,0.722,0.85318459
0.0,0.016,0.556,0.864,0.983696975
0.0,0.24,0.789,0.597,0.970617162
0.218,0.106,0.351,0.793,0.161890154
0.056,0.924,0.348,0.983,9.64e-07
0.072,0.21,0.474,0.667,0.974148769
0.0,0.0,0.557,0.903,0.996282392
0.0,0.348,0.61,0.54,0.905394941
0.052,0.431,0.207,0.656,0.540124871
0.098,0.205,0.47,0.713,0.923743976
0.053,0.058,0.159,0.848,0.549319386
0.0,0.062,0.813,0.775,0.987225691
0.536,0.215,0.598,0.401,0.0
0.113,0.0,0.43,0.918,0.616932633
0.0,0.141,0.658,0.754,0.986310142
0.014,0.233,0.861,0.603,0.973003852
0.171,0.395,0.295,0.697,0.32997038
0.43,0.064,0.466,0.772,0.006269097
0.0,0.13,0.359,0.902,0.941444899
0.168,0.746,0.428,0.886,0.000366219
0.0,0.199,0.697,0.887,0.986999213
0.0,0.448,0.262,0.591,0.536612057
0.325,0.327,0.418,0.552,0.035097306
0.054,0.346,0.494,0.491,0.696834949
0.184,0.076,0.325,0.461,0.175539053
0.031,0.243,0.229,0.447,0.290983921
0.187,0.228,0.254,0.869,0.252283691
0.112,0.338,0.593,0.498,0.431004516
0.323,0.313,0.365,0.524,0.015404824
0.266,0.023,0.608,0.814,0.12157615
0.097,0.343,0.624,0.623,0.934134486
0.382,0.381,0.546,0.657,0.029960598
0.199,0.367,0.596,0.674,0.303296119
0.214,0.299,0.667,0.613,0.21530662
0.0,0.348,0.775,0.531,0.889807489
0.292,0.334,0.478,0.93,0.081770516
0.045,0.0,0.645,0.869,0.986500962
0.0,0.088,0.82,0.814,0.987363987
0.163,0.0,0.653,0.932,0.430408445
0.0,0.549,0.557,0.553,0.005276932
0.502,0.032,0.691,0.747,0.007205366
0.0,0.122,0.589,0.766,0.98500139
0.0,0.195,0.502,0.642,0.97484314
0.082,0.077,1.0,0.759,0.987156302
0.0,0.392,0.757,0.645,0.982411352
0.301,0.812,0.664,0.839,2.3612e-05
0.239,0.185,0.488,0.786,0.152675883
0.257,0.586,0.513,0.868,0.010739382
0.0,0.039,0.462,0.88,0.974921203
0.079,0.393,0.697,0.879,0.986997286
0.0,0.164,0.731,0.729,0.986571315
0.009,0.28,0.211,0.621,0.749085777
0.0,0.045,0.552,0.792,0.983345211
0.016,0.084,0.721,0.95,0.987166903
0.251,0.056,0.815,0.781,0.142131175
0.0,0.424,0.589,0.586,0.731641689
0.139,0.297,0.158,0.636,0.036015746
0.136,0.079,0.476,0.893,0.472824356
0.286,0.332,0.779,0.658,0.097070293
0.0,0.347,0.614,0.49,0.696653285
0.098,0.181,0.736,1.0,0.935788738
0.268,0.45,0.374,0.74,0.056463314
0.0,0.451,0.774,0.609,0.598675153
0.039,0.268,0.666,0.569,0.94990553
0.047,0.33,0.46,0.568,0.93935263
0.149,0.528,0.822,0.8,0.074168092
0.0,0.241,0.262,0.596,0.851605992
0.0,0.392,0.672,0.539,0.904658647
0.092,0.447,0.27,0.758,0.560363791
0.499,0.386,0.773,0.595,0.006866613
0.0,0.18,0.47,0.744,0.9756069
0.027,0.333,0.835,0.579,0.960349527
0.044,0.464,0.677,0.502,0.213051479
0.476,0.235,0.75,0.451,0.002110098
0.0,0.291,0.851,0.987,0.987459879
0.0,0.106,0.688,0.832,0.986896093
0.176,0.271,0.686,0.642,0.408519611
0.091,0.767,0.771,0.775,5.4451e-05
0.112,0.0,0.59,0.909,0.647679639
0.204,0.596,0.507,0.646,0.00811224
0.577,0.54,0.821,0.657,0.000911693
0.106,0.105,0.591,0.797,0.779824591
0.151,0.022,0.422,0.952,0.432424097
0.598,0.134,0.629,0.804,0.000721356
0.361,0.279,0.907,0.781,0.045017032
0.298,0.375,0.349,0.461,0.01302729
0.03,0.001,0.784,0.986,0.987403018
0.0,0.402,0.629,0.481,0.662763539
0.014,0.239,0.733,0.643,0.982078863
0.009,0.0,0.705,0.854,0.987030535
0.0,0.067,0.693,0.846,0.986949099
0.42,0.011,0.512,0.945,0.01387875
0.843,0.393,0.92,0.922,2.2166e-05
0.0,0.264,0.781,1.0,0.987400609
0.148,0.291,0.594,0.615,0.445823871
0.038,0.154,0.682,0.952,0.986905249
0.183,0.231,0.513,0.671,0.393284886
0.199,0.408,0.76,0.987,0.307042639
0.236,0.419,0.317,0.474,0.033045514
0.77,0.238,0.812,0.377,0.0
0.282,0.115,0.428,0.782,0.085086729
0.66,0.915,0.734,0.968,0.0
0.39,0.455,0.874,0.518,0.010841056
0.022,0.394,0.22,0.564,0.762478322
0.249,0.255,0.317,0.638,0.074217724
0.0,0.192,0.693,0.802,0.986877301
0.721,0.274,0.832,0.506,0.000118058
0.288,0.033,0.432,0.803,0.078740533
0.298,0.444,0.301,0.746,0.002201171
0.133,0.405,0.541,0.559,0.446261406
0.681,0.153,0.801,0.19,0.0
0.111,0.442,0.748,0.551,0.454465684
0.0,0.307,0.665,0.64,0.981183072
0.34,0.266,0.359,0.635,0.00866687
0.054,0.282,0.663,0.655,0.983013686
0.0,0.213,0.712,0.68,0.985090054
0.142,0.525,0.911,0.732,0.079503329
0.03,0.415,0.83,0.498,0.733670833
0.558,0.03,0.839,0.158,0.0
0.234,0.156,0.502,0.756,0.163652826
0.0,0.377,0.712,0.606,0.973849529
0.0,0.015,0.301,0.821,0.904383019
0.101,0.207,0.795,0.629,0.876223642
0.257,0.001,0.293,0.894,0.042917053
0.0,0.362,0.612,0.474,0.629390837
0.212,0.327,0.333,0.563,0.157448781
0.125,0.304,0.854,0.701,0.518483717
0.083,0.16,0.698,0.677,0.984889115
0.012,0.141,0.552,0.754,0.98312307
0.153,0.136,0.233,0.825,0.275370448
0.493,0.227,0.969,0.57,0.00678855
0.137,0.796,0.701,0.977,0.00012384
0.0,0.1,0.725,0.737,0.986619983
0.203,0.092,0.524,0.878,0.272454185
0.231,0.714,0.658,0.827,0.000654376
0.45,0.535,0.551,0.649,0.003026128
0.072,0.371,0.478,0.517,0.835195029
0.087,0.301,0.643,0.517,0.840454131
0.0,0.461,0.561,0.479,0.157856441
0.08,0.16,0.151,0.876,0.534898054
0.0,0.298,0.615,0.774,0.985821047
0.301,0.311,0.488,0.613,0.069898745
0.198,0.121,0.376,0.8,0.276515365
0.051,0.159,0.173,0.781,0.569983795
0.155,0.0,0.552,0.857,0.441459596
0.669,0.668,0.963,0.669,0.0
0.0,0.0,0.555,0.904,0.996172044
0.292,0.315,0.312,0.865,0.018913784
0.0,0.185,0.565,0.698,0.982941406
0.304,0.0,0.665,0.874,0.079535615
0.0,0.452,0.494,0.665,0.582664622
0.103,0.0,0.616,0.873,0.836316334
0.38,0.085,0.638,0.467,0.012330991
0.189,0.472,0.407,0.522,0.092656387
0.238,0.33,0.946,0.876,0.163808951
0.24,0.365,0.502,0.593,0.142091662
0.0,0.161,0.543,0.845,0.982883582
0.449,0.28,0.454,0.556,0.000578723
0.0,0.37,0.533,0.718,0.981468819
0.096,0.023,0.224,0.998,0.754985763
0.292,0.096,0.568,1.0,0.089110805
0.235,0.498,0.816,0.755,0.066755041
0.254,0.0,0.659,0.888,0.137271059
0.0,0.193,0.773,0.643,0.982216196
0.045,0.232,0.272,0.294,0.0
0.562,0.491,0.864,0.624,0.001896149
0.0,0.429,0.583,0.607,0.7405307
0.554,0.151,0.786,0.473,0.001125643
0.288,0.303,0.429,0.592,0.072464208
0.521,0.017,0.884,0.871,0.006078759
0.032,0.128,0.694,0.708,0.985961752
0.0,0.291,0.825,0.613,0.976157675
0.83,0.134,0.863,0.403,0.0
0.084,0.0,0.655,0.894,0.98663203
0.116,0.226,0.565,0.72,0.586720019
0.862,0.254,0.952,0.452,3.373e-06
0.408,0.473,0.801,0.532,0.007187537
0.17,0.198,0.385,0.698,0.386423092
0.133,0.117,1.0,0.841,0.4909951
0.311,0.052,0.451,0.873,0.05992746
0.123,0.49,0.663,0.52,0.09110911
0.15,0.135,0.57,0.83,0.451345591
0.06,0.009,0.619,0.827,0.986063908
0.005,0.002,0.627,0.936,0.986269666
0.429,0.801,0.439,0.869,9.64e-07
0.0,0.114,0.307,0.937,0.909932206
0.0,0.344,0.796,0.492,0.703338234
0.0,0.164,0.447,0.673,0.97056512
0.76,0.075,0.885,0.968,0.000114203
0.083,0.235,0.636,0.739,0.985861042
0.292,0.006,0.398,0.108,0.0
0.215,0.0,0.99,0.959,0.220943506
0.0,0.037,0.704,0.866,0.987030535
0.375,0.462,0.77,0.936,0.02593363
0.261,0.073,0.462,0.897,0.116575811
0.0,0.0,0.74,0.94,0.99980388
0.277,0.215,0.301,0.767,0.027212025
0.836,0.23,0.977,0.836,2.7948e-05
0.369,0.11,0.861,0.259,0.0
0.068,0.123,0.656,0.714,0.985746839
0.17,0.272,0.968,0.565,0.391156959
0.047,0.284,0.814,0.628,0.979756744
0.198,0.395,0.695,0.442,0.066889482
0.16,0.384,0.383,0.453,0.168129858
0.0,0.31,0.802,0.616,0.977034674
0.0,0.056,0.72,0.889,0.987149074
0.113,0.667,0.956,0.699,0.001399343
0.13,0.658,0.709,0.974,0.003399576
0.068,0.147,0.661,0.728,0.986036442
0.239,0.291,0.535,0.781,0.156792477
0.182,0.149,0.545,0.824,0.399896109
0.305,0.042,0.417,0.925,0.057899279
0.194,0.365,0.356,0.471,0.164339969
0.184,0.0,0.342,0.945,0.345581925
0.168,0.213,0.529,0.69,0.416654981
0.507,0.157,0.76,0.947,0.007141759
0.0,0.244,0.576,0.643,0.9797765
0.0,0.27,0.686,0.611,0.975221406
0.095,0.143,0.666,0.854,0.960023303
0.087,0.254,0.624,0.644,0.981238486
0.0,0.28,0.416,0.557,0.916674015
0.275,0.59,0.384,0.694,0.004878909
0.276,0.212,0.608,0.553,0.091210784
0.0,0.346,0.438,0.491,0.693107222
0.0,0.367,0.796,0.568,0.949348973
0.234,0.06,0.487,0.843,0.162239027
0.107,0.422,0.317,0.525,0.492761626
0.402,0.442,0.897,0.776,0.022027612
0.685,0.199,0.698,0.938,9.3482e-05
0.317,0.399,0.737,0.919,0.069209193
0.0,0.279,0.565,0.654,0.980520504
0.0,0.252,0.818,0.585,0.964765844
0.19,0.353,0.371,0.596,0.324068466
0.0,0.036,0.563,0.944,0.984109453
0.042,0.139,1.0,1.0,0.987481563
0.116,0.185,0.603,0.651,0.584876876
0.181,0.215,0.524,0.622,0.393511846
0.0,0.0,0.671,0.947,0.999337432
0.0,0.378,0.776,0.886,0.987385671
0.0,0.0,0.725,0.906,0.999707025
0.0,0.042,0.846,0.858,0.987435785
0.24,0.172,0.309,0.664,0.083476809
0.039,0.014,0.164,0.823,0.55808263
0.035,0.429,0.689,0.452,0.163341058
0.0,0.01,0.291,0.897,0.894172245
0.0,0.051,0.73,1.0,0.987225209
0.383,0.864,0.691,0.981,4.337e-06
0.341,0.025,0.878,0.33,0.0
0.294,0.332,0.422,0.563,0.060601111
0.806,0.134,0.896,0.228,0.0
0.0,0.467,0.743,0.516,0.261908032
0.335,0.053,0.855,0.3,0.0
0.421,0.488,0.636,0.743,0.01105356
0.0,0.304,0.917,0.532,0.891659306
0.053,0.01,0.497,0.885,0.979233435
0.025,0.094,0.367,0.842,0.944943258
0.0,0.0,0.273,0.885,0.884763299
0.061,0.029,0.497,0.854,0.979215606
0.04,0.0,0.658,0.883,0.986672025
0.274,0.0,0.275,0.849,0.001240809
0.138,0.003,0.43,0.913,0.460327602
0.182,0.062,0.528,0.775,0.398661083
0.151,0.369,0.252,0.432,0.063802639
0.226,0.006,0.468,0.896,0.178206672
0.047,0.439,0.582,0.495,0.466502253
0.01,0.441,0.727,0.538,0.63389389
0.103,0.062,0.883,0.452,0.294606119
0.226,0.26,0.52,1.0,0.18375875
0.167,0.241,0.202,0.509,0.124965125
0.137,0.25,0.431,0.586,0.444764244
0.151,0.725,0.846,0.804,0.000614381
0.116,0.192,0.603,0.703,0.587865418
0.0,0.086,0.603,0.801,0.985624445
0.376,0.223,0.422,0.826,0.018071479
0.0,0.212,0.578,0.706,0.983795758
0.339,0.042,0.57,0.795,0.052475378
0.37,0.104,0.492,0.146,0.0
-0.0,0.36,0.701,0.477,0.647979843
0.132,0.275,0.42,0.61,0.463302171
0.1,0.189,0.761,0.723,0.909102912
0.199,0.095,0.283,0.855,0.204505076
0.0,0.18,0.508,0.821,0.98025114
0.67,0.382,0.783,0.516,0.000289121
0.0,0.05,0.75,0.86,0.987314354
0.13,0.134,0.593,0.834,0.49887508
0.26,0.0,0.292,0.9,0.038128253
0.402,0.132,0.461,0.781,0.013510121
0.262,0.465,0.52,0.57,0.056956746
0.035,0.015,0.329,0.808,0.92631474
0.048,0.202,0.305,0.894,0.90816327
0.545,0.046,0.996,0.341,0.0
0.299,0.0,0.305,0.855,0.005662908
0.507,0.337,0.857,0.768,0.007223195
0.547,0.144,0.918,0.454,0.000903502
0.096,0.254,0.428,0.582,0.9096932
0.327,0.01,0.997,0.952,0.062490995
0.249,0.357,0.478,0.479,0.068238711
0.306,0.255,0.475,0.477,0.030951317
0.074,0.149,0.706,0.687,0.985320868
0.252,0.16,0.524,1.0,0.13497255
0.115,0.37,0.809,0.551,0.544189906
0.139,0.44,0.435,0.57,0.328831245
0.342,0.27,0.519,0.917,0.047768014
0.125,0.155,0.448,0.89,0.504988052
0.163,0.624,0.649,0.644,0.003046849
0.194,0.527,0.794,0.918,0.059932278
0.306,0.391,0.719,0.463,0.028117454
0.414,0.006,0.959,0.007,0.0
0.0,0.17,0.607,0.873,0.985831648
0.363,0.118,0.421,0.807,0.023790284
0.0,0.367,0.747,0.469,0.590852997
0.0,0.235,0.645,0.602,0.971879655
0.011,0.38,0.303,0.53,0.8295008
0.0,0.208,0.663,0.681,0.984778767
0.0,0.017,0.766,0.898,0.987369769
0.106,0.409,0.497,0.466,0.39276206
0.0,0.176,0.774,0.661,0.984177397
0.759,0.622,0.939,0.911,2.0238e-05
0.151,0.401,0.575,0.435,0.085973847
0.22,0.473,0.505,0.514,0.046266996
0.0,0.315,0.649,0.573,0.954445686
0.17,0.0,0.38,0.902,0.384824738
0.3,0.099,0.358,0.56,0.032182971
0.457,0.396,0.562,0.454,0.002456079
0.106,0.0,0.168,0.952,0.358467545
0.822,0.003,0.967,0.945,3.614e-05
0.0,0.187,0.566,0.821,0.984206309
0.127,0.035,0.291,0.873,0.418162263
0.155,0.449,0.606,0.549,0.240850901
0.023,0.104,0.668,0.799,0.986679735
0.663,0.168,0.763,0.84,0.000627873
0.012,0.619,0.781,0.641,0.004227424
0.0,0.349,0.574,0.487,0.684564674
0.03,0.097,0.705,0.865,0.987037281
0.326,0.171,0.378,0.666,0.025626681
0.0,0.381,0.743,0.525,0.874881159
0.0,0.163,0.433,0.801,0.969727634
0.094,0.572,0.572,0.663,0.029603534
0.304,0.189,0.31,0.691,0.005190677
0.017,0.49,0.6,0.587,0.267733811
0.137,0.061,0.329,0.954,0.41990566
0.353,-0.0,0.357,0.837,0.001847962
0.094,0.249,0.847,0.272,0.0
0.052,0.422,0.441,0.7,0.740201584
0.0,0.188,0.745,0.648,0.98280311
0.0,0.361,0.578,0.572,0.952284992
0.0,0.11,0.578,0.774,0.984642399
0.014,0.066,0.725,0.913,0.987189069
0.285,0.225,0.439,0.611,0.079763056
0.147,0.108,0.382,0.917,0.424912746
0.0,0.228,0.538,0.685,0.980836127
0.0,0.36,0.79,0.911,0.987405909
0.0,0.464,0.702,0.466,0.01870128
0.0,0.104,0.578,0.883,0.984854421
0.0,0.336,0.701,0.57,0.95210911
0.0,0.059,0.745,0.778,0.987122089
0.528,0.415,0.977,0.743,0.005524612
0.0,0.121,0.779,0.716,0.986516864
0.0,0.346,0.845,0.562,0.941118193
0.122,0.0,0.586,0.905,0.534559301
0.0,0.205,0.608,0.718,0.985057769
0.721,0.205,0.775,0.319,0.0
0.335,0.305,0.87,0.628,0.054921819
0.343,0.774,0.385,0.997,1.5902e-05
0.311,0.438,0.346,0.538,0.013815625
0.0,0.0,0.557,0.872,0.996274682
0.008,0.116,0.548,0.721,0.98247014
0.0,0.0,0.484,0.942,0.99029856
0.0,0.263,0.72,0.573,0.954902015
0.138,0.207,0.586,0.672,0.473967346
0.229,0.399,0.7,0.705,0.181449641
0.076,0.128,0.627,0.752,0.985869234
0.067,0.076,0.185,0.76,0.5905234
0.0,0.082,0.705,0.933,0.987055592
0.267,0.377,0.444,0.459,0.040529399
0.285,0.323,0.361,0.514,0.038636141
0.0,0.125,0.626,0.77,0.986017649
0.0,0.175,0.489,0.864,0.978338607
0.0,0.0,0.726,0.91,0.999714253
0.143,0.409,0.163,0.713,0.036489421
0.256,0.046,0.467,0.79,0.123434232
0.497,0.225,0.532,0.76,0.0029312
0.148,0.0,0.415,0.907,0.435915228
0.201,0.3,0.527,0.581,0.269924862
0.585,0.346,0.95,0.619,0.002116362
0.0,0.0,0.585,0.923,0.997641258
0.0,0.0,0.589,0.911,0.997784373
0.257,0.041,0.638,0.947,0.133018096
0.141,0.131,0.143,0.751,0.003967698
0.0,0.445,0.665,0.622,0.665593066
0.052,0.0,0.917,0.854,0.987450723
0.039,0.405,0.552,0.521,0.857731011
0.079,0.124,0.307,0.837,0.909906667
0.0,0.127,0.553,0.859,0.983524948
0.078,0.0,0.332,0.848,0.928116442
0.508,0.275,0.542,0.927,0.002534623
0.203,0.309,0.521,0.639,0.26785235
0.139,0.206,0.4,0.676,0.447561967
0.0,0.388,0.545,0.448,0.347323876
0.437,0.303,0.533,0.415,0.0
0.145,0.318,0.56,0.518,0.371962729
0.238,0.389,0.291,0.508,0.04959911
0.225,0.102,0.698,0.818,0.191844488
0.323,0.115,0.391,0.721,0.0343268
0.322,0.135,0.591,0.217,0.0
0.545,0.11,0.648,0.94,0.00352197
0.069,0.019,0.48,0.818,0.977229348
0.024,0.046,0.691,0.79,0.986826705
0.074,0.192,0.645,1.0,0.986518309
0.055,0.402,0.669,0.67,0.984284371
0.154,0.419,0.413,0.489,0.195582816
0.348,0.064,0.38,0.82,0.01487477
0.0,0.25,0.248,0.675,0.840156337
0.0,0.281,0.631,0.741,0.985809964
0.038,0.024,0.585,0.91,0.98511993
0.177,0.318,0.343,0.72,0.358681977
0.207,0.239,0.396,0.268,0.0
0.277,0.0,0.424,0.924,0.090647481
0.167,0.385,0.734,0.566,0.394791686
0.018,0.009,0.744,0.904,0.987307608
0.063,0.302,0.783,0.74,0.986862845
0.0,0.205,0.593,0.632,0.978709645
0.137,0.481,0.177,0.542,0.022855942
0.288,0.434,0.451,0.457,0.015745023
0.398,0.047,0.992,0.978,0.027722323
0.0,0.236,0.616,0.861,0.986040779
0.001,0.026,0.45,0.897,0.973042883
0.348,0.203,0.394,0.755,0.021665248
0.017,0.141,0.707,0.737,0.986496625
0.0,0.394,0.473,0.442,0.284395345
0.0,0.141,0.751,0.797,0.987215572
0.816,0.467,0.902,0.555,6.746e-06
0.166,0.086,0.53,0.816,0.42094553
0.103,0.52,0.951,0.954,0.130300844
0.155,0.425,0.791,0.914,0.36008132
0.219,0.363,0.474,0.54,0.162187467
0.168,0.418,0.405,0.485,0.258883349
0.0,0.357,0.801,0.545,0.913947608
0.072,0.484,0.703,0.788,0.310164659
0.269,0.111,0.296,0.797,0.031975286
0.082,0.888,0.296,0.919,1.446e-06
0.087,0.265,0.726,0.821,0.987133654
0.0,0.137,0.633,0.883,0.986352547
0.079,0.266,0.648,0.571,0.952695543
0.0,0.221,0.829,0.749,0.987012705
0.236,0.434,0.478,0.462,0.037883464
0.315,0.018,0.316,0.87,0.000774361
0.489,0.849,0.49,0.895,0.0
0.251,0.174,0.358,0.923,0.09581792
0.233,0.319,0.318,0.746,0.104783547
0.0,0.026,0.873,0.972,0.987465179
0.387,0.219,0.591,0.787,0.03049017
0.102,0.383,0.633,0.453,0.315193429
0.351,0.328,0.82,0.961,0.049649225
0.155,0.287,0.404,0.682,0.418460539
0.152,0.131,0.366,1.0,0.407841142
0.002,0.123,0.263,0.814,0.860820264
0.493,0.33,0.689,0.357,0.0
0.061,0.135,0.663,0.938,0.986738523
0.013,0.322,0.843,0.582,0.962701041
0.358,0.417,0.365,0.551,0.002530768
0.528,0.137,0.656,0.31,0.0
0.409,0.315,0.537,0.758,0.018818856
0.158,0.238,0.584,0.941,0.437650433
0.11,0.091,0.12,0.958,0.139137332
0.436,0.267,0.717,0.524,0.010131747
0.096,0.258,0.109,0.579,0.23586839
0.26,0.202,0.305,0.702,0.050694877
0.214,0.023,0.332,0.965,0.165037713
0.0,0.0,0.534,0.951,0.994837753
0.034,0.17,0.645,0.756,0.986166064
0.071,0.273,0.699,0.99,0.987020897
0.0,0.0,0.772,0.94,0.99990459
0.064,0.335,0.53,0.749,0.981652892
0.0,0.404,0.733,0.48,0.659402995
0.0,0.452,0.562,0.697,0.587920833
0.772,0.388,0.887,0.522,4.0477e-05
0.009,0.274,0.57,0.708,0.983487362
0.129,0.343,0.821,0.567,0.469535128
0.08,0.015,0.631,0.884,0.986323153
0.273,0.131,0.472,0.986,0.104034243
0.234,0.24,0.368,0.636,0.126762973
0.0,0.311,0.544,0.806,0.982879245
0.047,0.221,0.491,0.662,0.975781336
0.0,0.427,0.518,0.58,0.725066124
0.179,0.172,0.484,0.905,0.400390024
0.108,0.446,0.752,0.74,0.552384546
0.049,0.441,0.812,0.471,0.337789645
0.694,0.163,0.914,0.476,0.000132514
0.17,0.263,0.208,0.573,0.16742874
0.132,0.186,0.603,0.777,0.492111587
0.01,0.154,0.89,0.683,0.985596497
0.074,0.195,0.16,0.974,0.551059892
0.38,0.542,0.865,0.746,0.009769383
0.171,0.384,0.425,0.703,0.399416169
0.095,0.279,0.488,0.732,0.950928535
0.0,0.212,0.38,0.715,0.950663508
0.372,0.542,0.682,0.715,0.010069586
0.0,0.065,0.583,0.771,0.984831773
0.0,0.289,0.511,0.593,0.962962213
0.302,0.321,0.323,0.611,0.016289533
0.148,0.055,0.386,0.918,0.424720481
0.94,0.145,0.973,0.631,9.64e-07
0.0,0.474,0.578,0.591,0.336784951
0.245,0.526,0.427,0.754,0.031596538
0.785,0.657,0.828,0.669,4.82e-07
0.072,0.12,0.639,0.717,0.985587823
0.599,0.187,0.764,0.354,0.0
0.179,0.239,0.481,0.634,0.394831199
0.0,0.466,0.625,0.475,0.077265055
0.13,0.532,0.636,0.699,0.073773924
0.302,0.249,0.467,1.0,0.070247617
0.159,0.238,0.328,0.854,0.376398319
0.119,0.458,0.536,0.75,0.309108887
0.241,0.174,0.273,0.873,0.043248578
0.655,0.272,0.978,0.76,0.00083845
0.626,0.089,0.87,0.445,0.000155161
0.0,0.295,0.356,0.614,0.93212558
0.429,0.317,0.49,0.434,0.001176239
0.0,0.288,0.739,0.623,0.978531354
0.077,0.147,0.975,1.0,0.987481081
0.039,0.394,0.689,0.443,0.294710202
0.0,0.284,0.371,0.625,0.940572237
0.326,0.225,0.942,0.488,0.030924333
0.0,0.475,0.664,0.504,0.132059179
0.0,0.105,0.694,0.772,0.986755388
0.233,0.0,0.416,0.843,0.151924169
0.0,0.305,0.795,0.664,0.984476636
0.368,0.623,0.951,0.741,0.002166477
0.0,0.0,0.705,0.895,0.999568729
0.3,0.162,0.434,0.815,0.066527118
0.065,0.069,0.6,0.844,0.985607098
0.191,0.0,0.982,0.887,0.367743496
0.019,0.014,0.544,0.822,0.982907194
0.241,0.123,0.48,0.824,0.148258121
0.0,0.013,0.782,0.935,0.987399163
0.0,0.254,0.372,0.682,0.945878081
0.0,0.017,0.653,0.876,0.986599263
0.0,0.414,0.649,0.498,0.733331599
0.214,0.378,0.412,0.601,0.193045784
0.0,0.307,0.851,0.53,0.888044336
0.262,0.802,0.83,0.916,6.7943e-05
0.0,0.08,0.583,0.757,0.984727208
0.486,0.204,0.652,0.632,0.008069354
0.115,0.122,0.461,0.856,0.592761675
0.0,0.35,0.689,0.533,0.893110691
0.101,0.71,0.795,0.894,0.000984455
0.012,0.375,0.718,0.592,0.968156264
0.078,0.318,0.143,0.583,0.517809584
0.274,0.228,0.311,0.788,0.039809489
0.0,0.268,0.58,0.704,0.983841535
0.577,0.572,0.688,0.766,0.000487168
0.097,0.304,0.691,0.901,0.943527049
0.076,0.066,0.238,0.836,0.823648518
0.174,0.27,0.211,0.648,0.179485549
0.23,0.194,0.344,0.791,0.127064622
0.188,0.008,0.362,0.88,0.341130914
0.156,0.243,0.396,0.642,0.411316852
0.011,0.313,0.856,0.678,0.985362309
0.0,0.282,0.702,0.623,0.978310659
0.13,0.207,0.272,0.721,0.384288901
0.097,0.18,0.458,0.76,0.930612998
0.11,0.555,0.508,0.832,0.05527792
0.0,0.295,0.468,0.852,0.975743751
0.0,0.448,0.626,0.653,0.634451411
0.429,0.358,0.734,0.366,0.0
0.0,0.37,0.611,0.552,0.923525208
0.069,0.118,0.841,0.719,0.986637812
0.345,0.185,0.376,0.651,0.013893687
0.185,0.006,0.353,0.876,0.3481816
0.23,0.328,0.437,0.671,0.161791372
0.367,0.351,0.377,0.703,0.004734349
0.171,0.321,0.232,0.607,0.241521661
0.623,0.244,0.992,0.564,0.000912657
0.222,0.0,0.414,0.85,0.177897313
0.0,0.378,0.577,0.521,0.858542958
0.078,0.306,0.698,0.966,0.987015597
0.347,0.118,0.354,0.86,0.003210684
0.144,0.0,0.558,0.899,0.462077745
0.0,0.209,0.583,0.704,0.983954292
0.334,0.125,0.715,1.0,0.057826517
0.485,0.817,0.871,0.916,5.782e-06
0.709,0.138,0.898,0.338,0.0
0.361,0.065,0.562,0.856,0.041634321
0.0,0.063,0.724,0.84,0.987144737
0.188,0.367,0.436,0.627,0.363384522
0.237,0.196,0.323,0.64,0.098649373
0.185,0.147,0.37,0.77,0.355636092
0.0,0.291,0.396,0.545,0.89366002
0.163,0.309,0.553,0.528,0.360631613
0.0,0.359,0.393,0.477,0.636777867
0.236,0.067,0.495,0.901,0.159137245
0.354,0.0,0.354,0.872,0.0
0.327,0.17,0.743,0.998,0.062318487
0.0,0.452,0.4,0.482,0.266879941
0.34,0.107,0.898,0.478,0.023931471
0.152,0.207,0.882,0.962,0.450774096
0.148,0.216,0.42,0.66,0.434649844
0.0,0.046,0.598,0.871,0.985568548
0.187,0.325,0.409,0.761,0.366268018
0.0,0.431,0.819,0.832,0.755351019
0.409,0.216,0.72,0.939,0.023532484
0.095,0.377,0.206,0.566,0.685231096
0.0,0.36,0.785,0.541,0.907585993
0.067,0.202,0.56,0.711,0.982996339
0.199,0.313,0.36,0.523,0.213186884
0.0,0.43,0.679,0.585,0.732335096
0.008,0.14,0.562,0.778,0.983863701
0.019,0.381,0.533,0.684,0.980507493
0.027,0.304,0.831,0.602,0.972664135
0.081,0.319,0.63,0.579,0.959479275
0.0,0.578,0.876,0.685,0.025923029
0.121,0.192,0.611,0.645,0.536865037
0.0,0.164,0.744,0.672,0.984912727
0.063,0.384,0.825,0.97,0.987444459
0.292,0.26,0.435,0.62,0.071908615
0.256,0.132,0.688,0.644,0.131461663
0.007,0.444,0.513,0.568,0.641776761
0.021,0.0,0.69,0.856,0.986939943
0.606,0.195,0.996,0.498,0.000645703
0.16,0.814,0.668,0.847,4.5296e-05
0.451,0.105,0.769,0.354,0.0
0.103,0.071,0.783,0.871,0.837652553
0.0,0.15,0.419,0.764,0.966334323
0.095,0.427,0.135,0.623,0.359530063
0.0,0.2,0.793,0.708,0.986383868
0.0,0.0,0.646,0.95,0.999046384
0.299,0.041,0.436,0.796,0.067898995
0.335,0.381,0.678,0.825,0.056995296
0.0,0.139,0.896,0.865,0.98745506
0.147,0.148,0.499,0.163,0.0
0.062,0.0,0.511,0.928,0.980602903
0.248,0.201,0.494,0.705,0.137385261
0.111,0.34,0.486,0.617,0.648535436
0.212,0.353,0.276,0.525,0.096668416
0.0,0.032,0.532,0.864,0.982162226
0.588,0.453,0.664,0.493,0.000269364
0.06,0.071,0.484,0.806,0.97769435
0.0,0.226,0.492,0.738,0.978183928
0.0,0.23,0.534,0.607,0.969856775
0.0,0.375,0.772,0.461,0.497733536
0.261,0.266,0.287,0.57,0.028500057
0.132,0.417,0.413,0.461,0.229022016
0.0,0.24,0.371,0.678,0.94530514
0.0,0.517,0.58,0.536,0.058395603
0.0,0.25,0.74,0.587,0.965584055
0.179,0.138,0.359,0.745,0.363724239
0.0,0.284,0.309,0.553,0.865136834
0.0,0.044,0.558,0.858,0.98380684
0.159,0.31,0.569,0.574,0.409317102
0.035,0.065,0.699,0.913,0.987016078
0.643,0.107,0.821,0.801,0.000944942
0.148,0.443,0.339,0.604,0.281164423
0.121,0.352,0.348,0.575,0.47039237
0.157,0.361,0.573,0.597,0.42404683
0.121,0.709,0.478,0.967,0.000901092
0.234,0.175,0.495,0.796,0.163087113
0.177,0.266,0.559,0.609,0.398854312
0.149,0.297,0.588,0.578,0.429616737
0.0,0.115,0.723,0.773,0.986952954
0.006,0.503,0.288,0.803,0.187584779
0.245,0.248,0.269,0.8,0.031725197
0.0,0.044,0.645,1.0,0.986518309
0.784,0.287,0.923,0.955,7.4689e-05
0.0,0.139,0.588,0.8,0.985128603
0.52,0.452,0.756,0.848,0.004799401
0.0,0.0,0.753,0.973,0.999865077
0.061,0.06,0.708,0.271,0.0
0.26,0.203,0.292,0.634,0.03719343
0.003,0.202,0.731,0.776,0.987028607
0.043,0.234,0.51,0.66,0.977482329
0.362,0.304,0.418,0.653,0.023041461
0.217,0.33,0.509,0.506,0.139674614
0.121,0.36,0.547,0.537,0.46424615
0.0,0.243,0.26,0.687,0.856593803
0.414,0.012,0.455,0.271,0.0
0.076,0.283,0.579,0.717,0.984067049
0.295,0.464,0.481,0.807,0.048527919
0.448,0.421,0.606,0.835,0.011478567
0.295,0.142,0.396,0.762,0.060518229
0.488,0.207,0.791,0.786,0.009165121
0.054,0.038,0.177,0.767,0.57480488
0.0,0.342,0.636,0.494,0.713253141
0.0,0.096,0.672,0.74,0.986293277
0.237,0.285,0.422,0.594,0.136656678
0.564,0.161,0.581,0.958,0.000824475
0.012,0.395,0.459,0.497,0.719403217
0.21,0.171,0.348,0.665,0.188092185
0.044,0.111,0.465,0.805,0.97525851
0.0,0.0,0.638,0.934,0.998949529
0.107,0.243,0.764,0.469,0.404536976
0.495,0.363,0.51,0.57,0.001190213
0.041,0.012,0.653,0.89,0.986604082
0.143,0.18,0.564,0.656,0.460991134
0.067,0.411,0.383,0.735,0.952394376
0.0,0.0,0.624,0.945,0.998736061
0.564,0.226,0.854,0.394,0.0
0.609,0.291,0.976,0.318,0.0
0.03,0.894,0.638,0.948,5.782e-06
0.52,0.044,0.576,0.078,0.0
0.0,0.142,0.653,0.888,0.9866036
0.0,0.416,0.622,0.467,0.574367344
0.106,0.381,0.388,0.74,0.749508375
0.15,0.192,0.394,0.686,0.423690248
0.378,0.27,0.989,0.76,0.037106694
0.121,0.778,0.88,0.871,0.000181664
0.0,0.043,0.811,0.861,0.987413137
0.208,0.132,0.513,0.705,0.242302768
0.503,0.609,0.709,0.805,0.000739185
0.192,0.312,0.917,0.551,0.323115332
0.0,0.337,0.611,0.559,0.935984376
0.079,0.018,0.628,0.881,0.986278339
0.243,0.026,0.311,0.86,0.080770641
0.0,0.426,0.57,0.46,0.254759045
0.296,0.346,0.741,0.617,0.083204554
0.2,0.08,0.523,0.889,0.293833203
0.193,0.234,0.426,0.718,0.334786164
0.221,0.401,0.4,0.491,0.103800056
0.308,0.414,0.75,0.816,0.076537916
0.158,0.0,0.389,0.928,0.408371678
0.0,0.225,0.62,0.663,0.983177521
0.0,0.158,0.75,0.679,0.985283765
0.667,0.332,0.947,0.484,0.000209131
0.163,0.406,0.599,0.566,0.398793596
0.098,0.062,0.686,0.863,0.935432638
0.601,0.636,0.934,0.678,8.4809e-05
0.0,0.0,0.538,0.958,0.995078205
0.041,0.344,0.434,0.581,0.947776157
0.044,0.232,0.684,0.652,0.982895147
0.312,0.508,0.367,0.656,0.010747092
0.359,0.479,0.44,0.481,0.000276592
0.0,0.248,0.522,0.589,0.961599974
0.139,0.142,0.829,0.695,0.474753754
0.008,0.366,0.538,0.523,0.863600158
0.226,0.005,0.509,0.832,0.182832119
0.113,0.155,0.437,0.733,0.617849146
0.191,0.047,0.444,0.889,0.352274584
0.0,0.363,0.413,0.473,0.616791446
0.0,0.194,0.534,0.7,0.981121874
0.462,0.075,0.772,0.882,0.012456758
0.532,0.606,0.939,0.857,0.000596552
0.313,0.25,0.416,0.586,0.046336385
0.397,0.493,0.739,0.99,0.015172082
0.118,0.246,0.483,0.932,0.55622744
0.0,0.15,0.703,0.687,0.985304003
0.0,0.099,0.566,0.828,0.98421691
0.257,0.677,0.36,0.854,0.000821102
0.468,0.132,0.847,0.68,0.011450137
0.203,0.01,0.379,0.207,0.0
0.667,0.288,0.789,0.41,0.0
0.107,0.359,0.109,0.569,0.048403115
0.227,0.565,0.478,0.961,0.020132427
0.053,0.135,0.36,0.868,0.941883881
0.0,0.181,0.782,0.813,0.987319655
0.28,0.136,0.449,0.74,0.091499904
0.284,0.837,0.454,0.904,1.542e-05
0.28,0.355,0.49,0.923,0.09729388
0.09,0.121,0.398,0.92,0.954223063
0.072,-0.0,0.838,0.837,0.987408319
0.138,0.146,0.404,0.771,0.452888531
0.029,0.244,0.681,0.592,0.967969781
0.065,0.174,0.174,0.213,0.0
0.0,0.137,0.626,0.781,0.986080774
0.0,0.015,0.365,0.821,0.944059031
0.0,0.166,0.777,0.788,0.98724352
0.2,0.228,0.265,0.785,0.175382446
0.262,0.338,0.396,0.778,0.099380848
0.0,0.021,0.305,0.987,0.908164716
0.0,0.425,0.502,0.669,0.746145421
0.012,0.175,0.098,0.217,0.0
0.818,0.877,0.932,0.963,0.0
0.109,0.3,0.624,0.583,0.688861005
0.0,0.04,0.445,0.984,0.972195278
0.033,0.22,0.536,0.697,0.981119947
0.173,0.079,0.555,0.893,0.413663548
0.449,0.356,0.645,0.938,0.013625287
0.316,0.486,0.716,0.53,0.016219662
0.0,0.164,0.523,0.885,0.981543509
0.0,0.0,0.765,0.917,0.999887725
0.24,0.147,0.32,0.69,0.092441474
0.385,0.284,0.544,0.681,0.028697623
0.414,0.489,0.799,0.847,0.012780573
0.0,0.017,0.862,0.965,0.987464215
0.0,0.24,0.768,0.643,0.982208486
0.156,0.156,0.396,0.68,0.413650055
0.206,0.219,0.496,0.618,0.245035439
0.031,0.566,0.279,0.876,0.025511996
0.564,0.59,0.929,0.952,0.000555593
0.0,0.0,0.667,0.908,0.999301292
0.0,0.432,0.785,0.471,0.37412005
0.0,0.436,0.582,0.611,0.741720431
0.656,0.36,0.851,0.745,0.000805201
0.292,0.172,0.411,0.665,0.068203535
0.336,0.409,0.851,0.852,0.057032881
0.0,0.0,0.779,0.874,0.999902663
0.224,0.242,0.65,0.594,0.181710331
0.028,0.247,0.185,0.426,0.157660321
0.085,0.465,0.375,0.469,0.041712866
0.238,0.0,0.304,0.937,0.083564991
0.234,0.376,0.796,0.654,0.168591487
0.126,0.336,0.427,0.549,0.446441143
0.0,0.047,0.839,0.921,0.987451687
0.373,0.273,0.684,0.957,0.039143066
0.231,0.047,0.473,0.917,0.166822069
0.004,0.806,0.322,0.91,4.915e-05
0.256,0.083,0.374,0.805,0.096103185
0.0,0.233,0.976,0.603,0.973016862
0.127,0.0,0.441,0.952,0.495416717
0.177,0.348,0.952,0.384,0.0
0.0,0.021,0.534,0.816,0.982246553
0.178,0.489,0.822,0.904,0.140654251
0.099,0.332,0.45,0.543,0.839406069
0.123,0.091,0.984,0.949,0.530663402
0.252,0.077,0.984,0.479,0.069770087
0.104,0.0,0.333,0.956,0.756412091
0.168,0.416,0.556,0.42,0.082353576
0.032,0.277,0.465,0.559,0.927941524
0.0,0.141,0.712,0.805,0.98700355
0.0,0.007,0.313,0.83,0.914940738
0.402,0.192,0.644,0.744,0.025142404
0.342,0.186,0.887,0.447,0.012446157
0.0,0.558,0.69,0.583,0.028919282
0.599,0.187,0.741,0.44,0.000179737
0.237,0.006,0.383,0.83,0.131007262
0.701,0.043,0.949,0.792,0.000444282
0.165,0.239,0.556,0.597,0.409645736
0.15,0.363,0.426,0.592,0.420288745
0.058,0.439,0.569,0.495,0.466322517
0.0,0.161,0.704,0.744,0.986562159
0.0,0.207,0.684,0.733,0.98629665
0.0,0.09,0.863,0.971,0.987464215
0.286,0.328,0.442,0.555,0.070223042
0.079,0.258,0.782,0.928,0.987398199
0.293,0.066,0.725,0.467,0.036040321
0.0,0.227,0.325,0.812,0.923606162
0.008,0.294,0.719,0.678,0.985060178
0.0,0.249,0.846,0.588,0.966197954
0.0,0.147,0.634,0.744,0.9858914
0.086,0.35,0.435,0.687,0.968768236
0.0,0.0,0.652,0.904,0.999111918
0.12,0.02,0.458,0.996,0.536302216
0.044,0.091,0.686,0.866,0.986909586
0.321,0.009,0.361,0.937,0.021472501
0.38,0.317,0.382,0.74,0.001024932
0.0,0.285,0.683,0.85,0.986881156
0.0,0.307,0.748,0.595,0.9698375
0.182,0.286,0.543,0.55,0.361037827
0.267,0.0,0.369,0.845,0.080534526
0.736,0.65,0.745,0.72,2.409e-06
0.38,0.864,0.79,0.95,4.819e-06
0.442,0.364,0.676,0.601,0.013510121
0.041,0.371,0.525,0.577,0.954435085
0.219,0.207,0.319,0.676,0.139896755
0.169,0.153,0.468,0.853,0.410528999
0.079,0.277,0.567,0.559,0.934791754
0.0,0.214,0.428,0.707,0.967883045
0.0,0.114,0.531,0.722,0.981384974
0.0,0.336,0.484,0.805,0.977691459
0.599,0.049,0.761,0.112,0.0
0.0,0.126,0.72,0.71,0.986167992
0.197,0.228,0.371,0.608,0.275130478
0.266,0.28,0.424,0.556,0.089162365
0.475,0.077,0.92,0.327,0.0
0.0,0.093,0.33,0.812,0.926901654
0.0,0.133,0.711,0.777,0.986896575
0.876,0.005,0.943,0.609,1.0119e-05
0.203,0.303,0.252,0.628,0.136380567
0.345,0.296,0.362,0.54,0.005998287
0.018,0.0,0.696,0.945,0.986999695
0.115,0.219,0.443,0.751,0.589478711
0.104,0.428,0.353,0.502,0.425005746
0.075,0.082,0.326,0.939,0.92431017
0.0,0.35,0.392,0.584,0.937927748
0.37,0.56,0.385,0.654,0.000712682
0.095,0.45,0.544,0.672,0.614564254
0.154,0.129,0.458,0.922,0.434069193
0.0,0.315,0.466,0.618,0.96651695
0.336,0.022,0.38,0.875,0.020900042
0.0,0.064,0.602,0.859,0.985681305
0.0,0.196,0.846,0.641,0.981927075
0.022,0.039,0.692,0.798,0.986860435
0.0,0.0,0.787,0.894,0.99992001
0.101,0.41,0.661,0.588,0.861924222
0.0,0.176,0.895,0.807,0.987381334
0.071,0.192,0.651,0.645,0.981688551
0.0,0.057,0.653,0.879,0.986601672
0.446,0.159,0.564,0.459,0.003316213
0.0,0.45,0.768,0.515,0.465557311
0.03,0.101,0.529,0.785,0.981849976
0.15,0.69,0.771,0.732,0.00098301
0.158,0.469,0.556,0.508,0.090538579
0.0,0.299,0.637,0.578,0.95892079
0.274,0.324,0.419,0.578,0.084703162
0.172,0.458,0.428,0.878,0.207330748
0.09,0.212,0.607,0.691,0.978756868
-0.0,0.337,0.747,0.545,0.913882556
0.179,0.264,0.551,0.617,0.397763364
0.646,0.453,0.766,0.793,0.000715091
0.527,0.283,0.527,0.973,0.0
0.001,0.154,0.503,0.975,0.979827578
0.678,0.013,0.912,0.041,0.0
0.0,0.351,0.317,0.738,0.917698947
0.333,0.105,0.448,0.214,0.0
0.0,0.203,0.547,0.791,0.98301706
0.078,0.19,0.824,0.72,0.986643595
0.0,0.018,0.582,0.879,0.985027411
0.063,0.373,0.462,0.52,0.84929881
0.191,0.16,0.506,0.742,0.359952179
0.008,0.198,0.733,0.76,0.986925006
0.242,0.355,0.448,0.481,0.073507933
0.0,0.06,0.651,0.777,0.986389169
0.257,0.078,0.475,0.881,0.123235702
0.353,0.0,0.383,0.935,0.014125948
0.0,0.038,0.723,0.857,0.987157266
0.276,0.326,0.724,0.765,0.111106614
0.027,0.001,0.697,0.948,0.987005959
0.0,0.385,0.737,0.451,0.376164614
0.068,0.264,0.472,0.619,0.967434426
