0.281,0.714,0.455,0.992,0.031694698
0.15,0.097,0.356,0.298,0.021116603
0.319,0.003,0.789,0.076,0.095232112
0.15,0.425,0.871,0.736,0.189598494
0.092,0.37,0.351,0.596,0.010466221
0.07,0.635,0.543,0.935,0.081726367
0.375,0.274,0.71,0.304,0.029872016
0.149,0.0,1.0,0.443,0.57358712
0.349,0.634,0.63,1.0,0.162167046
0.231,0.306,0.897,0.762,0.316745609
0.596,0.126,0.7,0.423,0.102669136
0.322,0.0,0.883,0.416,0.523285233
0.348,0.349,0.657,0.362,0.009688268
0.014,0.148,0.66,0.247,0.114859934
0.1,0.042,0.975,0.575,0.600798262
0.021,0.073,0.781,0.368,0.400218928
0.392,0.83,0.669,0.926,0.060509938
0.477,0.546,0.61,0.888,0.083497415
0.1,0.015,0.727,0.773,0.704870123
0.492,0.143,0.927,0.745,0.392814606
0.77,0.523,0.985,0.57,0.000841635
0.747,0.263,0.902,0.295,0.001853662
0.428,0.321,0.905,0.6,0.184462627
0.121,0.0,0.834,0.745,0.754617805
0.758,0.52,0.766,0.953,0.002986169
0.249,0.191,1.0,0.487,0.309045252
0.283,0.51,0.94,0.964,0.309670024
0.777,0.798,0.81,0.886,0.001172093
0.531,0.281,0.617,0.472,0.047406938
0.136,0.135,0.983,0.732,0.543291705
0.509,0.412,0.798,0.527,0.059592573
0.346,0.393,0.755,0.438,0.03365335
0.275,0.824,0.726,0.873,0.034834048
0.268,0.0,0.478,0.41,0.128529187
0.587,0.163,0.842,0.643,0.199037197
0.545,0.065,0.779,0.185,0.099738043
0.067,0.499,0.897,0.504,0.005597131
0.0,0.182,0.917,0.523,0.355944456
0.183,0.698,0.514,0.957,0.058179521
0.12,0.078,0.442,0.611,0.106892801
0.486,0.962,0.939,0.971,0.006949943
0.009,0.27,0.65,0.325,0.050186571
0.209,0.536,0.856,0.964,0.305640847
0.239,0.201,0.706,0.211,0.010478269
0.341,0.032,0.613,0.491,0.330428631
0.482,0.014,0.514,0.285,0.029921929
0.183,0.172,0.753,0.476,0.324809126
0.249,0.832,0.645,1.0,0.117469174
0.374,0.245,0.595,0.643,0.158306541
0.417,0.085,0.93,0.426,0.370209221
0.573,0.0,0.587,0.544,0.029156024
0.329,0.707,0.413,0.883,0.005051531
0.436,0.017,0.598,0.41,0.225329253
0.06,0.517,0.644,1.0,0.256538591
0.272,0.888,0.367,0.898,0.000707386
0.142,0.175,0.599,0.319,0.122000923
0.009,0.0,0.618,0.471,0.403010609
0.032,0.011,0.479,0.192,0.078690285
0.829,0.542,0.868,0.904,0.000347669
0.227,0.164,0.444,0.663,0.078845187
0.312,0.25,0.71,0.788,0.349075406
0.041,0.0,0.85,0.553,0.65446841
0.304,0.016,0.395,0.366,0.038391634
0.446,0.036,0.857,0.202,0.202026808
0.009,0.0,0.637,0.379,0.385167604
0.388,0.18,0.54,0.579,0.113970107
0.683,0.694,0.825,0.925,0.03298727
0.429,0.13,0.542,0.27,0.056553049
0.027,0.628,0.694,0.935,0.19110965
0.262,0.848,0.308,0.981,0.004115233
0.672,0.752,0.827,1.0,0.047462015
0.035,0.491,0.331,0.734,0.007762318
0.195,0.101,0.608,0.665,0.34765547
0.342,0.0,0.579,0.652,0.336330403
0.516,0.0,0.517,0.556,0.001538695
0.266,0.494,0.835,1.0,0.359911671
0.849,0.719,0.885,0.826,6.024e-05
0.484,0.124,0.816,0.383,0.243750559
0.324,0.08,0.545,0.351,0.148404852
0.0,0.0,0.825,0.539,0.644771537
0.277,0.749,0.432,1.0,0.024669026
0.56,0.506,0.825,1.0,0.207971608
0.416,0.136,0.754,0.717,0.441970217
0.389,0.731,0.671,1.0,0.155318651
0.364,0.139,0.389,0.481,0.010968792
0.134,0.0,0.924,0.636,0.696722271
0.402,0.373,0.73,0.543,0.105376481
0.652,0.88,0.922,0.921,0.010400818
0.213,0.38,0.305,0.985,0.019371373
0.308,0.301,0.768,0.902,0.403888388
0.143,0.246,0.814,0.41,0.179330203
0.114,0.053,1.0,0.348,0.411155019
0.362,0.43,0.441,1.0,0.029992496
0.217,0.0,0.706,0.321,0.41377975
0.13,0.297,0.915,0.521,0.197663732
0.064,0.199,0.289,0.655,0.015615856
0.497,0.86,0.63,0.89,0.011836244
0.265,0.729,0.746,0.978,0.195224883
0.0,0.051,0.766,0.072,0.027249007
0.054,0.362,0.187,0.58,0.001526647
0.151,0.72,0.935,1.0,0.245840017
0.049,0.635,0.149,0.886,0.002934535
0.239,0.0,0.635,0.55,0.447353927
0.196,0.523,0.69,1.0,0.293703056
0.089,0.022,0.355,0.553,0.049628923
0.548,0.086,0.791,0.165,0.067005501
0.0,0.0,0.815,0.483,0.604811949
0.162,0.565,1.0,0.885,0.20250012
0.015,0.0,0.616,0.573,0.439245661
0.378,0.0,0.578,0.246,0.167951781
0.28,0.267,0.712,0.327,0.060114077
0.334,0.259,0.495,0.858,0.084173821
0.145,0.695,0.16,0.776,0.00013597
0.406,0.064,0.527,0.164,0.039580938
0.034,0.088,0.048,0.611,0.000237517
0.503,0.107,0.578,0.143,0.01298252
0.314,0.12,0.504,0.808,0.15081272
0.241,0.425,0.623,1.0,0.256097981
0.143,0.009,0.728,0.429,0.516755248
0.181,0.046,0.72,0.425,0.460358822
0.292,0.102,0.729,0.375,0.334531817
0.372,0.859,0.446,0.976,0.009078986
0.077,0.0,0.894,0.56,0.657514819
0.188,0.105,0.834,0.931,0.747504354
0.425,0.114,0.644,0.847,0.367995842
0.375,0.384,0.766,0.47,0.061120941
0.279,0.566,0.714,1.0,0.279097506
0.322,0.504,0.608,0.603,0.032899493
0.184,0.0,0.465,0.457,0.134298431
0.407,0.179,0.441,0.283,0.008149574
0.201,0.292,0.94,0.309,0.019316296
0.479,0.0,0.589,0.385,0.169600628
0.373,0.493,0.711,0.619,0.060503053
0.0,0.0,0.875,0.396,0.540579196
0.088,0.488,0.128,0.923,0.002113554
0.107,0.247,0.593,0.426,0.115085403
0.003,0.503,0.3,0.987,0.028930556
0.138,0.851,0.703,0.869,0.012762215
0.464,0.095,0.972,0.174,0.091605681
0.268,0.854,0.7,0.99,0.120529352
0.0,0.0,0.66,0.48,0.478561544
0.289,0.0,1.0,0.105,0.149496052
0.221,0.376,0.691,0.654,0.153535555
0.511,0.0,0.585,0.449,0.135303574
0.5,0.491,0.59,1.0,0.103975477
0.458,0.337,0.884,0.486,0.099522901
0.007,0.539,0.905,0.949,0.292415647
0.411,0.534,0.552,1.0,0.091905159
0.032,0.476,1.0,1.0,0.395601124
0.154,0.191,0.758,0.374,0.215912924
0.479,0.0,0.607,0.477,0.222902453
0.039,0.0,0.911,0.506,0.625234935
0.078,0.106,0.553,0.332,0.150707731
0.017,0.0,0.664,0.205,0.254717631
0.137,0.208,0.523,0.359,0.069211996
0.041,0.013,0.101,0.877,0.00353349
0.363,0.498,0.807,0.669,0.093562611
0.338,0.0,0.859,0.304,0.413285784
0.271,0.0,0.392,0.496,0.052857772
0.007,0.628,0.865,0.991,0.290303815
0.151,0.289,0.801,0.461,0.160423537
0.088,0.073,0.831,0.123,0.075748866
0.368,0.712,0.549,1.0,0.069786855
0.005,0.475,0.602,0.475,0.0
0.493,0.012,0.846,0.689,0.503099764
0.306,0.282,0.764,0.914,0.437407489
0.244,0.49,0.991,0.77,0.160182578
0.42,0.0,0.733,0.644,0.557265599
0.104,0.829,0.967,0.926,0.096443791
0.391,0.954,0.991,0.996,0.041894143
0.545,0.0,0.572,0.779,0.074809126
0.0,0.0,0.737,0.635,0.668638513
0.635,0.003,0.856,0.311,0.118252291
0.334,0.133,0.378,0.618,0.021188891
0.368,0.278,0.923,0.767,0.327464837
0.084,0.507,0.351,0.939,0.031804851
0.438,0.293,0.514,0.341,0.008299312
0.192,0.033,0.657,0.046,0.014898143
0.068,0.12,0.904,0.644,0.522684557
0.151,0.0,0.713,0.637,0.638134841
0.53,0.158,0.576,0.189,0.008240794
0.385,0.244,0.721,0.544,0.226883438
0.294,0.149,0.34,0.601,0.010994609
0.093,0.606,0.329,0.953,0.026278287
0.389,0.065,0.476,0.486,0.073535486
0.0,0.0,0.872,0.646,0.707787447
0.309,0.0,0.784,0.79,0.738915892
0.411,0.938,0.699,0.94,0.002433685
0.229,0.0,0.831,0.79,0.768120108
0.087,0.25,0.705,0.338,0.097961832
0.112,0.222,0.81,0.242,0.02971023
0.117,0.099,0.851,0.424,0.412418332
0.114,0.826,0.663,0.84,0.008101382
0.662,0.395,0.815,0.941,0.097631374
0.358,0.696,0.539,1.0,0.065236174
0.104,0.0,0.744,0.869,0.809833532
0.061,0.826,0.893,0.889,0.058482441
0.024,0.211,0.895,0.893,0.556064247
0.569,0.0,0.636,0.565,0.132415509
0.196,0.0,0.772,0.505,0.601975519
0.767,0.083,0.949,0.25,0.004848437
0.156,0.0,0.51,0.651,0.226818035
0.149,0.125,0.571,0.608,0.254325212
0.162,0.362,0.973,0.377,0.015903286
0.244,0.071,0.292,0.329,0.006350988
0.314,0.165,0.451,0.441,0.051499797
0.717,0.099,0.822,0.376,0.024125147
0.033,0.032,0.888,0.041,0.011457595
0.881,0.03,0.893,0.968,0.000189325
0.072,0.052,0.624,0.549,0.389625343
0.489,0.353,0.589,0.608,0.05121581
0.415,0.165,0.462,0.247,0.011003215
0.273,0.604,0.421,0.791,0.008006719
0.185,0.0,0.46,0.299,0.096832768
0.405,0.0,0.527,0.64,0.165724632
0.315,0.012,0.96,0.443,0.526584649
0.387,0.139,0.623,0.788,0.313852382
0.088,0.062,0.667,0.445,0.395117485
0.367,0.017,0.973,0.171,0.210357101
0.298,0.113,0.594,0.264,0.131864746
0.625,0.051,0.796,0.338,0.116994141
0.01,0.871,0.894,1.0,0.144769815
0.253,0.068,0.988,0.951,0.809090002
0.404,0.019,0.962,0.391,0.434398945
0.231,0.312,0.672,0.946,0.361436597
0.061,0.883,0.852,0.907,0.026519246
0.488,0.0,0.595,0.49,0.193863466
0.464,0.24,0.76,1.0,0.475694134
0.416,0.098,0.594,0.159,0.044388068
0.098,0.355,0.732,0.889,0.346452397
0.352,0.546,0.781,0.634,0.048252015
0.536,0.153,0.72,0.251,0.073516554
0.269,0.463,0.72,1.0,0.344750194
0.162,0.577,0.914,0.938,0.252299436
0.085,0.0,0.975,0.407,0.549241668
0.108,0.102,1.0,0.987,0.828807322
0.036,0.221,0.343,0.812,0.034415812
0.078,0.049,0.579,0.079,0.026028722
0.153,0.483,0.796,0.635,0.094218364
0.61,0.029,0.797,0.93,0.319012344
0.003,0.103,0.934,0.597,0.523622576
0.465,0.002,0.663,0.745,0.417302913
0.292,0.422,0.394,0.899,0.020770655
0.797,0.951,0.934,0.961,5.8519e-05
0.106,0.017,0.225,0.782,0.013958404
0.199,0.211,0.487,0.911,0.133852657
0.164,0.557,0.916,1.0,0.334196196
0.512,0.0,0.581,0.573,0.142892057
0.143,0.285,0.949,0.338,0.060682051
0.033,0.169,0.837,0.293,0.173290741
0.846,0.565,0.938,0.972,0.000413072
0.274,0.191,0.849,0.781,0.472744109
0.107,0.468,1.0,1.0,0.399158709
0.057,0.72,0.655,1.0,0.185366223
0.401,0.2,0.886,0.273,0.090483501
0.0,0.297,0.887,0.614,0.256103144
0.514,0.077,0.995,0.986,0.585471557
0.192,0.0,0.905,0.866,0.833394147
0.107,0.776,0.234,0.824,0.001679828
0.0,0.0,0.885,0.716,0.744862412
0.062,0.586,0.103,0.929,0.001220285
0.442,0.035,0.56,0.138,0.045374278
0.381,0.052,0.896,0.261,0.27735916
0.22,0.293,0.848,1.0,0.547680599
0.0,0.103,0.864,0.247,0.21299388
0.01,0.0,0.722,0.365,0.481910873
0.028,0.694,0.382,0.997,0.03821952
0.035,0.167,0.822,0.96,0.692684488
0.149,0.0,0.491,0.398,0.157320331
0.504,0.07,0.878,1.0,0.620761705
0.541,0.0,0.889,0.4,0.309348172
0.36,0.519,0.972,0.733,0.111854833
0.186,0.436,0.613,0.654,0.080709176
0.325,0.357,0.979,0.652,0.198049266
0.039,0.319,0.42,0.644,0.036050891
0.008,0.54,0.243,0.686,0.001569675
0.0,0.0,0.97,0.652,0.711684096
0.452,0.804,0.6,0.883,0.023195734
0.33,0.067,0.39,0.666,0.03642954
0.37,0.065,0.905,0.526,0.487735193
0.375,0.995,0.568,0.999,0.000869173
0.544,0.845,0.709,1.0,0.079480286
0.587,0.428,0.899,0.669,0.073877992
0.382,0.584,0.871,0.684,0.048193497
0.14,0.0,0.787,0.889,0.856615698
0.0,0.148,0.988,0.385,0.302403393
0.124,0.0,0.735,0.522,0.599624448
0.353,0.644,0.789,0.679,0.017466076
0.1,0.051,0.841,0.2,0.229969433
0.065,0.0,1.0,0.748,0.76199631
0.687,0.188,0.896,0.972,0.108283478
0.133,0.093,0.565,0.25,0.125043889
0.679,0.12,0.926,0.356,0.048381101
0.25,0.093,0.846,0.241,0.217085017
0.001,0.0,0.873,0.696,0.733852313
0.26,0.094,0.531,0.802,0.221577179
0.068,0.6,0.926,1.0,0.315740467
0.076,0.918,0.636,1.0,0.066618245
0.444,0.598,0.65,0.964,0.148991759
0.287,0.183,0.841,0.783,0.482669893
0.165,0.007,0.661,0.459,0.450661948
0.322,0.198,0.58,0.978,0.303064308
0.2,0.663,0.328,0.734,0.001993074
0.347,0.695,0.959,0.982,0.215381094
0.218,0.0,0.789,0.539,0.626179838
0.399,0.0,0.525,0.389,0.132732198
0.345,0.0,0.392,0.548,0.032278163
0.058,0.0,0.946,0.603,0.685410973
0.205,0.153,0.921,0.347,0.250593792
0.397,0.0,0.74,0.572,0.549890536
0.0,0.388,0.912,1.0,0.465413795
0.604,0.168,0.634,0.721,0.040894164
0.354,0.0,0.6,0.723,0.394313715
0.477,0.26,0.799,0.752,0.28755172
0.09,0.526,0.187,0.967,0.00743186
0.315,0.249,1.0,0.501,0.235704254
0.0,0.302,0.833,0.414,0.113882329
0.106,0.052,0.82,0.809,0.719153821
0.08,0.167,0.449,0.538,0.078129195
0.135,0.0,0.74,0.528,0.606631188
0.221,0.317,0.883,0.356,0.040651484
0.24,0.0,0.411,0.496,0.073797099
0.212,0.153,0.538,1.0,0.274624276
0.419,0.106,0.884,0.525,0.401554529
0.007,0.022,0.874,0.706,0.707305529
0.336,0.314,0.881,0.902,0.394100294
0.379,0.333,0.979,0.742,0.254927609
0.187,0.081,0.925,0.622,0.563055496
0.28,0.925,0.478,1.0,0.017269867
0.411,0.14,0.573,0.248,0.066138049
0.396,0.0,0.77,0.454,0.500280545
0.069,0.118,0.326,0.978,0.057370588
0.262,0.297,0.863,0.989,0.526247306
0.122,0.338,0.529,0.441,0.0346998
0.334,0.104,0.872,0.132,0.041985363
0.357,0.056,0.625,0.4,0.28145546
0.417,0.0,0.574,0.494,0.233387606
0.292,0.0,0.409,0.694,0.071332434
0.405,0.137,0.674,0.307,0.166125657
0.355,0.381,0.84,0.885,0.309274163
0.486,0.035,0.742,0.648,0.446563926
0.092,0.59,0.788,1.0,0.315921186
0.325,0.0,0.403,0.449,0.045518853
0.339,0.894,0.732,0.983,0.083674692
0.54,0.245,0.802,0.272,0.019593399
0.042,0.0,0.852,0.421,0.56084728
0.409,0.465,0.61,0.528,0.019493573
0.155,0.031,0.388,0.642,0.070747248
0.0,0.0,0.841,0.702,0.736268786
0.303,0.057,0.471,0.286,0.071967533
0.091,0.0,1.0,0.772,0.775474517
0.0,0.833,0.68,1.0,0.147709514
0.719,0.289,0.916,0.406,0.008671077
0.688,0.346,0.84,0.619,0.034625791
0.19,0.0,0.45,0.45,0.116130132
0.058,0.107,0.971,0.426,0.404888367
0.301,0.0,0.888,0.754,0.729738801
0.171,0.04,0.713,0.94,0.780782497
0.058,0.315,0.939,0.657,0.25530798
0.21,0.103,0.754,0.759,0.58125994
0.68,0.652,0.934,0.686,0.002838151
0.701,0.729,0.732,0.743,0.000514619
0.221,0.308,0.463,0.684,0.05361335
0.0,0.257,0.855,0.437,0.187944483
0.457,0.0,0.68,0.557,0.404946886
0.342,0.711,0.483,1.0,0.034489821
0.217,0.0,0.542,0.522,0.255956848
0.109,0.182,0.828,0.256,0.106111406
0.109,0.081,0.967,0.303,0.320292868
0.152,0.108,0.688,0.711,0.490330664
0.035,0.147,1.0,0.653,0.488268745
0.511,0.295,0.711,0.404,0.064965956
0.297,0.16,0.516,0.799,0.150936642
0.602,0.23,0.751,0.87,0.189472851
0.276,0.015,0.942,0.532,0.591717555
0.443,0.156,0.624,0.395,0.147303326
0.079,0.172,0.339,0.58,0.026023559
0.187,0.864,0.907,1.0,0.144403214
0.246,0.091,0.596,0.43,0.254106628
0.007,0.0,0.811,0.288,0.423402615
0.318,0.428,0.96,0.858,0.254695256
0.421,0.0,0.483,0.338,0.057312069
0.241,0.212,1.0,0.432,0.238323821
0.486,0.291,0.618,0.899,0.171252917
0.155,0.058,0.687,0.58,0.496779757
0.385,0.346,0.518,0.71,0.049221014
0.461,0.364,0.635,0.941,0.194436604
0.65,0.416,0.718,0.57,0.02170351
0.094,0.076,0.354,0.206,0.015600366
0.237,0.31,0.807,0.981,0.505120376
0.409,0.0,0.684,0.563,0.467343187
0.416,0.501,0.439,0.782,0.003831246
0.112,0.827,0.676,0.992,0.142799116
0.104,0.389,0.863,0.425,0.031395221
0.661,0.187,0.676,0.547,0.015559059
0.358,0.385,0.499,0.742,0.039968193
0.367,0.465,0.7,0.897,0.213747737
0.143,0.353,0.988,0.747,0.259029073
0.333,0.0,0.658,0.326,0.340643567
0.046,0.0,0.801,0.651,0.706546509
0.266,0.383,0.851,1.0,0.44434022
0.1,0.145,0.527,0.959,0.254166867
0.323,0.031,0.727,0.067,0.047066154
0.485,0.554,0.956,0.912,0.187966858
0.288,0.64,0.792,1.0,0.265615856
0.178,0.011,0.997,0.267,0.377417334
0.399,0.18,0.481,0.471,0.044536085
0.341,0.16,0.812,0.312,0.19376364
0.78,0.08,0.859,0.826,0.008586742
0.347,0.739,0.654,1.0,0.146632083
0.309,0.77,0.484,0.955,0.025319615
0.542,0.271,0.663,0.38,0.043716825
0.417,0.81,0.585,1.0,0.071506268
0.325,0.18,0.39,0.765,0.028693039
0.515,0.025,0.638,0.575,0.234871225
0.681,0.199,0.796,0.284,0.016681239
0.219,0.488,0.294,0.889,0.00896367
0.0,0.441,0.919,1.0,0.421235706
0.325,0.291,0.632,0.771,0.210530936
0.302,0.0,1.0,0.388,0.505514516
0.318,0.0,0.419,0.553,0.067304978
0.559,0.096,0.578,0.121,0.002445733
0.491,0.0,0.543,0.267,0.055212285
0.363,0.203,0.849,0.542,0.304506619
0.269,0.071,0.646,0.373,0.29675807
0.57,0.195,0.645,0.766,0.105290424
0.01,0.319,0.522,0.486,0.051241627
0.184,0.138,0.707,0.251,0.154339325
0.226,0.811,0.268,0.943,0.003946562
0.072,0.573,0.11,0.713,0.000239238
0.014,0.142,0.478,0.526,0.109486551
0.496,0.551,0.714,0.977,0.204417465
0.638,0.772,0.859,0.965,0.055695924
0.01,0.796,0.229,0.857,0.002860526
0.406,0.0,0.435,0.489,0.027643147
0.446,0.213,0.851,0.253,0.046126414
0.472,0.028,0.579,0.372,0.142797395
0.419,0.498,0.735,0.988,0.286257427
0.488,0.056,0.662,1.0,0.460718539
0.242,0.8,0.461,1.0,0.034300496
0.204,0.0,0.903,0.6,0.671793354
0.0,0.246,0.827,0.249,0.002447454
0.445,0.816,0.571,1.0,0.055301784
0.094,0.0,0.86,0.391,0.532822042
0.064,0.07,0.816,0.652,0.602378264
0.022,0.459,0.039,0.74,1.549e-05
0.189,0.0,0.632,0.524,0.437867032
0.285,0.119,0.384,0.72,0.039945819
0.112,0.0,0.899,0.616,0.687801629
0.155,0.0,0.8,0.182,0.274080398
0.501,0.344,0.659,0.783,0.14115199
0.0,0.191,0.665,0.225,0.042419089
0.354,0.521,0.786,1.0,0.319557944
0.0,0.0,0.829,0.74,0.756788156
0.163,0.067,0.171,0.741,0.000655752
0.151,0.015,0.412,0.438,0.07765072
0.272,0.252,0.592,0.298,0.032522564
0.288,0.186,0.852,0.95,0.617241985
0.285,0.637,0.67,0.741,0.040713445
0.141,0.453,0.575,0.491,0.01160217
0.667,0.178,0.867,0.415,0.053563438
0.149,0.152,0.494,0.791,0.147690581
0.123,0.086,0.359,0.561,0.041699655
0.9,0.356,0.948,0.433,6.885e-06
0.421,0.05,0.843,0.827,0.627389796
0.29,0.575,0.894,0.608,0.019373094
0.189,0.0,0.482,0.621,0.176882749
0.34,0.0,0.753,0.572,0.598016908
0.503,0.145,0.59,0.45,0.097977322
0.0,0.013,0.885,0.737,0.735241269
0.0,0.768,0.924,0.931,0.145071014
0.247,0.3,0.645,0.389,0.067931471
0.163,0.027,0.765,0.261,0.338187507
0.051,0.049,0.995,0.133,0.130420714
0.082,0.952,0.756,0.99,0.04480114
0.23,0.0,0.656,0.657,0.530390078
0.089,0.76,0.295,0.96,0.017755227
0.39,0.067,0.437,0.915,0.045703015
0.576,0.048,0.779,0.866,0.360841084
0.823,0.377,0.846,0.507,5.5076e-05
0.238,0.023,0.498,0.688,0.190202612
0.47,0.554,0.542,0.749,0.017720804
0.169,0.0,0.772,0.345,0.476274156
0.429,0.098,0.786,0.863,0.57486076
0.295,0.0,0.437,0.528,0.09055751
0.061,0.0,1.0,0.547,0.649731847
0.41,0.098,0.492,0.516,0.07229799
0.104,0.775,0.172,0.78,6.7124e-05
0.0,0.0,0.785,0.135,0.204431234
0.202,0.707,1.0,1.0,0.248419998
0.473,0.19,0.777,0.568,0.274228415
0.274,0.0,0.763,0.342,0.457481085
0.117,0.626,0.554,1.0,0.123978506
0.022,0.0,0.609,0.241,0.239807439
0.005,0.416,0.55,0.642,0.056668365
0.526,0.102,0.942,0.79,0.410695476
0.216,0.1,0.738,0.228,0.188882502
0.579,0.01,0.62,0.547,0.076879651
0.039,0.178,0.781,0.717,0.463835515
0.506,0.464,0.794,0.678,0.095614204
0.552,0.0,0.569,0.676,0.042501704
0.108,0.189,0.544,0.948,0.254469787
0.336,0.167,0.615,0.716,0.280946005
0.105,0.051,0.795,0.958,0.860810104
0.387,0.071,0.448,0.589,0.051146964
0.134,0.169,0.179,0.364,0.001302899
0.088,0.35,0.884,1.0,0.502433685
0.476,0.015,0.502,0.079,0.005297653
0.295,0.0,0.507,0.439,0.165333935
0.278,0.754,0.925,0.779,0.013999711
0.759,0.51,0.995,0.604,0.002631615
0.118,0.0,0.636,0.306,0.324915837
0.178,0.34,0.36,0.54,0.011194261
0.298,0.568,0.834,1.0,0.305183025
0.074,0.145,0.877,0.428,0.343992895
0.235,0.0,0.945,0.547,0.632918081
0.528,0.473,0.867,0.963,0.239304868
0.034,0.196,0.136,0.759,0.003456039
0.314,0.044,0.802,0.167,0.182120163
0.005,0.453,0.546,0.471,0.004392336
0.151,0.08,0.258,0.998,0.026422862
0.318,0.116,0.636,0.725,0.375296896
0.393,0.246,0.799,0.754,0.34803412
0.191,0.618,0.705,0.725,0.051029927
0.173,0.004,0.927,0.185,0.268507363
0.141,0.6,1.0,1.0,0.311580484
0.8,0.373,0.903,0.784,0.001012027
0.0,0.0,0.94,0.74,0.759161601
0.577,0.039,0.691,0.946,0.293150572
0.683,0.59,0.723,0.829,0.014720866
0.457,0.0,0.689,0.372,0.332053383
0.487,0.0,0.607,0.259,0.139442903
0.404,0.034,0.495,0.289,0.065959051
0.195,0.105,0.407,0.13,0.005085953
0.359,0.067,0.865,0.372,0.377658293
0.807,0.81,0.984,0.967,0.000982768
0.222,0.988,1.0,0.99,0.003316627
0.311,0.0,0.719,0.559,0.577976014
0.109,0.22,0.218,0.983,0.015027228
0.295,0.163,0.821,1.0,0.700932167
0.63,0.282,0.63,0.961,0.0
0.067,0.656,0.637,0.842,0.075105161
0.355,0.003,0.394,0.971,0.036266032
0.584,0.42,0.725,0.708,0.073265268
0.045,0.714,0.597,0.844,0.043670354
0.673,0.627,0.958,0.842,0.02914914
0.382,0.572,0.453,0.81,0.007576436
0.221,0.124,0.905,0.276,0.222052212
0.127,0.209,0.908,0.425,0.243988076
0.057,0.272,0.058,0.361,1.2048e-05
0.318,0.601,0.865,0.921,0.201648159
0.768,0.641,0.877,0.867,0.003607499
0.21,0.0,0.769,0.671,0.693064859
0.004,0.0,0.673,0.248,0.313003862
0.399,0.0,0.513,0.519,0.133663332
0.13,0.116,0.505,0.208,0.047782146
0.575,0.005,0.839,0.429,0.250476754
0.631,0.084,0.673,0.151,0.012987684
0.391,0.641,0.679,0.99,0.190292111
0.117,0.401,0.321,0.52,0.00335105
0.396,0.909,0.842,0.975,0.06105898
0.216,0.272,0.323,0.503,0.008488637
0.434,0.34,0.683,0.361,0.012624524
0.198,0.359,0.309,0.373,0.000521504
0.324,0.313,0.333,0.756,0.001681549
0.704,0.848,0.846,0.938,0.010602191
0.044,0.071,0.836,0.579,0.564311925
0.348,0.574,0.985,0.752,0.091970562
0.658,0.188,0.695,0.912,0.066096742
0.783,0.259,0.916,0.997,0.007319987
0.432,0.665,0.848,0.734,0.032539775
0.301,0.226,0.401,0.268,0.004714188
0.157,0.298,0.505,0.938,0.130881978
0.127,0.471,0.704,0.757,0.146077878
0.358,0.0,0.913,0.328,0.432022058
0.004,0.82,0.155,0.89,0.001495666
0.0,0.0,0.71,0.605,0.625668661
0.005,0.004,0.133,0.061,0.000912201
0.055,0.0,1.0,0.383,0.528596655
0.233,0.0,0.503,0.483,0.179848265
0.226,0.357,0.736,0.659,0.194920243
0.425,0.0,0.796,0.229,0.285815095
0.046,0.175,0.619,0.721,0.312683731
0.251,0.0,1.0,0.175,0.257378505
0.455,0.0,0.575,0.557,0.206105898
0.287,0.191,0.585,0.485,0.165602432
0.093,0.411,0.464,0.727,0.037307319
0.0,0.248,0.902,0.519,0.259270032
0.824,0.258,0.905,0.269,3.7865e-05
0.205,0.513,0.64,1.0,0.243015635
0.301,0.746,0.839,1.0,0.212658258
0.173,0.0,1.0,0.717,0.736582033
0.681,0.469,0.994,0.74,0.0323952
0.0,0.0,0.808,0.432,0.567905654
0.141,0.648,0.27,0.666,0.000237517
0.301,0.456,0.76,0.833,0.209789127
0.447,0.44,0.558,0.959,0.08893448
0.237,0.027,0.559,0.089,0.043494799
0.101,0.535,0.328,0.61,0.001891527
0.055,0.0,0.878,0.539,0.645737093
0.344,0.557,0.46,0.819,0.013364612
0.187,0.062,0.76,0.702,0.617278129
0.149,0.004,0.834,0.728,0.731673356
0.281,0.0,0.822,0.663,0.68507363
0.404,0.823,0.597,1.0,0.077137822
0.03,0.442,0.93,0.983,0.400304985
0.277,0.116,0.678,0.425,0.315045128
0.244,0.104,0.852,0.373,0.349708784
0.195,0.004,0.737,0.347,0.451348681
0.407,0.453,0.596,0.667,0.055460128
0.418,0.723,0.958,0.815,0.050157312
0.407,0.0,0.831,0.609,0.589493849
0.043,0.53,0.945,1.0,0.359145766
0.394,0.349,0.919,0.959,0.398101932
0.551,0.202,0.891,0.665,0.231718106
0.087,0.08,0.866,0.364,0.391017741
0.025,0.0,0.734,0.572,0.632472307
0.127,0.0,0.875,0.764,0.767777602
0.243,0.0,0.431,0.546,0.097180437
0.078,0.243,0.687,0.774,0.343813897
0.316,0.749,0.967,0.768,0.012151212
0.345,0.444,0.879,0.722,0.157797085
0.399,0.332,0.409,0.865,0.003082553
0.375,0.0,0.617,0.224,0.195298892
0.361,0.397,0.441,0.541,0.010044543
0.292,0.0,0.801,0.403,0.517307732
0.01,0.82,0.69,0.968,0.128592869
0.367,0.259,0.725,0.364,0.100328393
0.376,0.249,0.78,1.0,0.54320909
0.493,0.0,0.579,0.273,0.104748267
0.441,0.0,0.901,0.115,0.13905909
0.465,0.363,0.98,0.892,0.294775323
0.602,0.491,0.9,0.559,0.021197497
0.298,0.218,0.873,0.828,0.460329563
0.146,0.697,0.917,1.0,0.259696874
0.353,0.317,0.81,0.91,0.392033211
0.468,0.0,0.567,0.648,0.186474634
0.256,0.0,0.724,0.51,0.568454696
0.411,0.019,0.544,0.201,0.083457829
0.138,0.036,0.418,0.503,0.08493112
0.28,0.732,0.596,0.761,0.007393995
0.351,0.833,0.709,1.0,0.136301832
0.476,0.332,0.962,0.452,0.081796934
0.303,0.0,0.678,0.28,0.331555975
0.251,0.314,0.82,0.888,0.396515046
0.224,0.063,0.742,0.703,0.603082208
0.505,0.03,0.71,0.932,0.525350595
0.266,0.939,0.868,1.0,0.062986651
0.371,0.0,0.749,0.565,0.572853917
0.035,0.087,0.593,0.29,0.184047834
0.24,0.267,0.843,0.451,0.178980813
0.388,0.613,0.686,0.704,0.036364137
0.522,0.124,0.956,0.958,0.503803708
0.489,0.022,0.629,0.461,0.229310238
0.064,0.0,0.917,0.42,0.561268958
0.31,0.154,0.565,0.363,0.127921626
0.422,0.069,0.503,0.865,0.106075262
0.047,0.243,0.298,0.982,0.039859762
0.138,0.893,0.488,0.938,0.013949798
0.401,0.15,0.642,0.827,0.342381913
0.166,0.0,0.478,0.874,0.202994086
0.309,0.0,0.867,0.458,0.557193311
0.374,0.217,0.513,0.664,0.084173821
0.269,0.293,0.615,0.351,0.040090394
0.525,0.186,0.979,0.702,0.295011119
0.219,0.0,0.808,0.458,0.572561324
0.339,0.922,0.825,0.961,0.039549958
0.538,0.813,0.608,0.98,0.037904553
0.178,0.203,0.782,0.481,0.285980324
0.131,0.226,0.231,0.277,0.000791722
0.478,0.113,0.72,0.575,0.330075799
0.217,0.241,0.532,0.375,0.060731964
0.388,0.07,0.949,0.546,0.480494379
0.052,0.0,0.605,0.586,0.421640173
0.213,0.33,0.762,0.545,0.168265027
0.22,0.0,0.82,0.69,0.71272194
0.381,0.571,0.814,0.988,0.276366065
0.05,0.0,0.811,0.737,0.753049851
0.573,0.062,0.989,0.544,0.261039359
0.347,0.0,0.94,0.758,0.711093747
0.181,0.575,0.936,0.597,0.013788011
0.597,0.215,0.856,0.352,0.063420377
0.505,0.0,0.589,0.662,0.185266397
0.174,0.134,0.756,0.157,0.033694657
0.278,0.429,0.763,1.0,0.390460094
0.141,0.548,0.742,0.583,0.019493573
0.339,0.268,0.489,0.52,0.04700075
0.071,0.0,1.0,0.371,0.516287099
0.583,0.634,0.863,0.746,0.029298879
0.0,0.691,0.797,1.0,0.265627904
0.147,0.331,0.291,0.414,0.003244339
0.16,0.0,0.789,0.121,0.178313012
0.246,0.087,0.486,0.147,0.024149243
0.602,0.454,0.878,0.813,0.097509174
0.409,0.396,0.452,0.484,0.004481835
0.235,0.273,0.716,0.339,0.069530406
0.434,0.815,0.885,0.967,0.123599857
0.204,0.029,0.245,0.799,0.008166785
0.569,0.35,0.701,0.885,0.153344509
0.0,0.0,0.876,0.446,0.581433774
0.167,0.42,0.596,0.829,0.133296731
0.393,0.358,0.734,0.363,0.004512816
0.273,0.673,0.825,0.998,0.253357934
0.568,0.564,0.8,1.0,0.175359545
0.022,0.298,0.848,0.81,0.364343594
0.713,0.086,0.862,0.631,0.048582473
0.394,0.446,0.908,0.851,0.224988468
0.472,0.314,0.884,0.929,0.357476266
0.359,0.302,0.586,0.471,0.071711083
0.192,0.819,0.883,0.993,0.176516148
0.315,0.0,0.766,0.343,0.450758332
0.055,0.335,0.436,0.965,0.083435454
0.213,0.407,0.858,0.497,0.065132906
0.338,0.0,0.554,0.645,0.277340227
0.417,0.0,0.64,0.547,0.371040529
0.405,0.315,0.436,0.323,0.000380371
0.01,0.054,0.174,0.988,0.015755268
0.484,0.0,0.495,0.648,0.016545269
0.256,0.0,0.982,0.474,0.581065451
0.188,0.15,0.706,0.227,0.105519335
0.157,0.679,0.933,0.86,0.115806558
0.47,0.104,0.961,0.614,0.403650871
0.16,0.173,0.659,0.37,0.19449168
0.333,0.869,0.655,1.0,0.094965336
0.149,0.101,0.227,0.705,0.006679724
0.09,0.155,0.111,0.401,0.000698781
0.087,0.602,0.428,0.934,0.038574074
0.224,0.266,0.465,0.32,0.014323284
0.0,0.198,0.771,0.919,0.588285612
0.128,0.0,0.502,0.65,0.216400006
0.156,0.331,0.928,0.781,0.304640868
0.303,0.348,0.449,1.0,0.061069307
0.022,0.189,0.506,0.71,0.134978279
0.168,0.101,0.994,0.117,0.025269702
0.036,0.456,0.491,0.739,0.038116252
0.036,0.053,0.859,0.643,0.62498537
0.3,0.0,0.921,0.529,0.608114807
0.273,0.007,0.54,0.489,0.229439323
0.076,0.171,0.551,0.207,0.026951251
0.263,0.43,0.663,0.431,0.001488782
0.66,0.211,0.768,0.733,0.093440411
0.346,0.102,0.601,0.264,0.139819832
0.384,0.0,0.658,0.302,0.299181428
0.178,0.678,0.191,0.735,2.5817e-05
0.112,0.659,0.677,0.733,0.031360798
0.989,0.473,0.996,0.477,0.0
0.085,0.275,0.468,0.35,0.021250852
0.057,0.39,0.896,0.735,0.219535913
0.257,0.0,0.954,0.006,0.01395324
0.081,0.106,0.652,0.343,0.253001659
0.318,0.383,0.426,0.691,0.020190633
0.016,0.009,0.555,0.616,0.313838613
0.033,0.197,0.526,0.986,0.235915954
0.223,0.312,0.52,0.463,0.044928504
0.265,0.0,0.377,0.556,0.046799378
0.317,0.463,0.725,1.0,0.338104893
0.219,0.111,0.741,0.551,0.455713479
0.683,0.044,0.836,0.074,0.005791619
0.385,0.776,0.453,0.991,0.013701955
0.36,0.021,0.978,0.062,0.054527273
0.227,0.207,0.687,0.243,0.042112727
0.298,0.567,0.525,0.679,0.016073678
0.676,0.129,0.792,0.912,0.125307223
0.493,0.0,0.538,0.531,0.073459756
0.574,0.0,0.588,0.543,0.029985611
0.436,0.0,0.808,0.629,0.566616524
0.175,0.064,1.0,0.419,0.455660124
0.451,0.197,0.968,0.389,0.183713934
0.145,0.257,0.167,0.634,0.000734925
0.253,0.056,0.304,0.554,0.010485153
0.191,0.0,0.884,0.708,0.728120934
0.228,0.069,0.852,0.242,0.258688289
0.322,0.06,0.59,0.318,0.204205765
0.094,0.0,0.797,0.548,0.644737114
0.169,0.0,1.0,0.664,0.709556773
0.278,0.092,0.52,0.094,0.0
0.167,0.328,0.83,0.525,0.162132624
0.242,0.055,0.279,0.227,0.003141071
0.074,0.0,0.893,0.13,0.197944277
0.322,0.246,0.408,0.651,0.028310947
0.297,0.0,0.826,0.613,0.655716233
0.352,0.413,0.7,0.675,0.133639236
0.132,0.106,0.796,0.445,0.412850337
0.396,0.0,0.465,0.723,0.079290961
0.384,0.099,0.932,0.229,0.17773299
0.367,0.094,0.586,0.655,0.270202681
0.092,0.0,1.0,0.514,0.628818338
0.795,0.287,0.844,0.871,0.002459502
0.076,0.0,0.934,0.672,0.7198199
0.383,0.597,0.882,0.651,0.026878963
0.074,0.508,0.168,0.685,0.000695338
0.488,0.031,0.608,0.263,0.123887286
0.197,0.059,0.911,0.76,0.670905248
0.14,0.0,0.808,0.773,0.768132156
0.181,0.838,0.821,1.0,0.167616159
0.704,0.602,0.865,0.903,0.024923754
0.203,0.57,1.0,1.0,0.321471846
0.349,0.262,0.694,0.442,0.146819687
0.193,0.0,0.441,0.823,0.137780287
0.17,0.327,0.546,0.618,0.085406153
0.394,0.0,0.663,0.717,0.49443385
0.797,0.63,0.952,0.821,0.000829587
0.452,0.731,0.65,0.952,0.09677597
0.143,0.38,0.521,0.699,0.061551224
0.328,0.642,0.821,0.919,0.176285516
0.203,0.069,0.723,0.792,0.630649625
0.381,0.17,0.831,0.241,0.090290734
0.388,0.616,0.701,1.0,0.225251802
0.142,0.126,0.752,0.447,0.369044013
0.434,0.118,0.943,0.232,0.141358526
0.529,0.486,0.828,0.949,0.221363758
0.101,0.248,1.0,1.0,0.622944104
0.344,0.413,0.981,0.419,0.004244319
0.27,0.228,0.555,0.317,0.049573847
0.132,0.0,0.66,0.556,0.509442146
0.287,0.0,0.651,0.773,0.549393128
0.532,0.126,0.923,0.751,0.357302431
0.604,0.159,0.701,0.54,0.107503804
0.521,0.871,0.575,1.0,0.024142359
0.118,0.137,0.504,0.675,0.154950328
0.054,0.0,0.576,0.711,0.39380598
0.014,0.72,0.098,0.917,0.000977605
0.077,0.347,0.449,0.884,0.067311863
0.893,0.345,0.904,0.888,2.0654e-05
0.605,0.055,0.995,0.963,0.339640145
0.045,0.125,0.73,0.398,0.338628118
0.073,0.487,0.685,1.0,0.318151777
0.372,0.0,0.497,0.807,0.152191349
0.528,0.523,0.813,0.966,0.216430986
0.208,0.279,0.988,0.893,0.452238508
0.168,0.288,0.888,0.679,0.297159095
0.155,0.0,0.774,0.377,0.509973976
0.0,0.0,0.773,0.72,0.735666389
0.254,0.189,0.764,0.856,0.514435158
0.409,0.275,0.741,0.462,0.149786924
0.246,0.09,0.391,0.194,0.015247534
0.272,0.313,0.283,0.97,0.002721114
0.61,0.539,0.954,0.685,0.032914983
0.586,0.372,0.722,0.764,0.103875651
0.251,0.155,0.644,1.0,0.515992785
0.12,0.066,0.732,0.872,0.706636008
0.32,0.528,0.618,0.552,0.008101382
0.162,0.727,0.371,0.853,0.008975718
0.437,0.0,0.712,0.579,0.489062188
0.254,0.263,0.489,0.852,0.093478276
0.502,0.571,0.641,0.912,0.099500527
0.03,0.044,0.652,0.702,0.508228746
0.181,0.42,0.909,1.0,0.426886192
0.404,0.0,0.679,0.19,0.20873235
0.0,0.08,0.968,0.559,0.540327911
0.31,0.0,0.843,0.664,0.679937764
0.354,0.499,0.829,0.821,0.176689982
0.072,0.24,0.66,0.483,0.187911782
0.397,0.625,0.429,1.0,0.007705521
0.236,0.719,0.757,0.915,0.140274211
0.026,0.696,0.7,0.967,0.198873689
0.659,0.212,0.757,0.811,0.101903231
0.082,0.297,0.668,0.891,0.33702402
0.326,0.0,0.421,0.604,0.06967326
0.244,0.374,0.929,0.926,0.381277839
0.224,0.337,0.928,1.0,0.497932917
0.191,0.163,0.667,0.253,0.108111364
0.396,0.128,0.879,0.535,0.388427434
0.037,0.531,0.412,0.676,0.010309598
0.252,0.196,0.9,0.286,0.117138717
0.288,0.06,0.959,0.402,0.436278425
0.125,0.0,0.516,0.527,0.219386174
0.327,0.232,0.457,0.973,0.079476844
0.391,0.028,0.514,0.272,0.085762428
0.307,0.0,0.753,0.218,0.306566818
0.0,0.171,0.933,0.335,0.217389658
0.489,0.571,0.568,1.0,0.072915878
0.085,0.005,0.986,0.666,0.705407117
0.01,0.45,0.037,0.819,2.4096e-05
0.037,0.767,0.807,1.0,0.221830186
0.966,0.085,0.984,0.614,1.0327e-05
0.501,0.498,0.534,0.954,0.025335105
0.128,0.812,0.935,0.816,0.002163467
0.639,0.301,0.715,0.449,0.029887507
0.387,0.388,0.737,0.584,0.117312551
0.484,0.73,0.903,0.812,0.042185015
0.345,0.029,0.752,0.449,0.481291264
0.379,0.06,0.667,0.229,0.185872237
0.008,0.439,0.147,0.457,0.000108431
0.274,0.481,0.884,0.776,0.167795157
0.19,0.608,0.518,1.0,0.087607485
0.48,0.476,0.652,1.0,0.191749912
0.015,0.0,0.897,0.626,0.698887458
0.0,0.025,0.8,0.498,0.577920938
0.499,0.403,0.763,0.947,0.275758504
0.177,0.0,0.778,0.711,0.721152059
0.2,0.0,0.532,0.643,0.262302672
0.504,0.429,0.563,1.0,0.072416749
0.0,0.081,0.677,0.441,0.382448211
0.249,0.804,0.861,1.0,0.184336984
0.453,0.39,0.671,0.655,0.102806827
0.424,0.07,0.885,0.428,0.384620283
0.443,0.34,0.509,0.41,0.008404301
0.209,0.504,0.371,0.8,0.01320971
0.703,0.59,0.991,1.0,0.038665294
0.165,0.0,0.848,0.611,0.679151205
0.215,0.184,0.618,0.496,0.213305405
0.056,0.103,0.987,0.632,0.5428597
0.179,0.0,0.568,0.48,0.30418821
0.021,0.025,0.852,0.213,0.28874963
0.179,0.121,0.419,0.811,0.08403613
0.155,0.913,0.691,0.947,0.031846158
0.335,0.568,0.379,0.634,0.001676385
0.368,0.0,0.787,0.253,0.342216684
0.254,0.48,0.471,0.795,0.030364261
0.125,0.0,0.807,0.373,0.510839707
0.78,0.715,0.811,0.786,0.000354554
0.414,0.743,0.725,1.0,0.179349136
0.284,0.371,0.705,0.615,0.147318816
0.437,0.733,0.729,1.0,0.180276827
0.066,0.012,0.969,0.621,0.671841545
0.134,0.167,0.845,0.456,0.32819632
0.22,0.0,0.93,0.305,0.434803412
0.21,0.0,0.521,0.57,0.227146771
0.235,0.0,0.398,0.823,0.082122228
0.081,0.744,0.278,0.797,0.002295994
0.48,0.578,0.57,0.647,0.009980861
0.662,0.554,0.704,0.757,0.015276793
0.636,0.54,0.967,0.843,0.063294734
0.521,0.0,0.599,0.598,0.169469822
0.093,0.457,1.0,0.865,0.258419792
0.424,0.264,0.656,1.0,0.347612442
0.456,0.168,0.503,0.711,0.043558481
0.072,0.012,0.818,0.68,0.700007917
0.161,0.051,0.483,0.822,0.181696764
0.192,0.0,0.754,0.85,0.793475866
0.478,0.201,0.578,0.411,0.070177552
0.338,0.416,0.924,0.501,0.061614906
0.34,0.0,0.455,0.716,0.107970231
0.508,0.077,0.871,0.987,0.598805188
0.634,0.476,0.927,0.698,0.045833821
0.104,0.0,0.99,0.598,0.679820727
0.12,0.292,0.855,0.51,0.193727496
0.042,0.253,0.414,0.696,0.049506723
0.308,0.407,0.617,1.0,0.242165394
0.0,0.243,0.696,0.324,0.086924194
0.18,0.085,0.809,0.427,0.430944628
0.023,0.09,0.517,0.795,0.218041968
0.265,0.0,0.497,0.577,0.179806958
0.281,0.398,0.969,0.775,0.229642417
0.214,0.326,0.794,0.966,0.471121078
0.233,0.516,0.319,0.95,0.013936029
0.146,0.525,0.81,0.626,0.062453099
0.597,0.0,0.752,0.626,0.254943099
0.323,0.0,1.0,0.662,0.676089306
0.368,0.522,0.782,1.0,0.315232732
0.0,0.226,0.762,1.0,0.634682244
0.232,0.491,0.852,0.62,0.080020722
0.489,0.391,0.599,0.676,0.059497911
0.375,0.132,0.709,0.706,0.431710533
0.371,0.112,0.514,0.544,0.116921854
0.12,0.0,0.98,0.222,0.334974149
0.041,0.448,0.628,0.514,0.029378051
0.017,0.292,0.598,0.757,0.190527906
0.224,0.544,0.348,0.788,0.007764039
0.375,0.357,0.692,1.0,0.360742979
0.277,0.0,0.617,0.448,0.366145622
0.586,0.162,0.722,0.189,0.014708818
0.229,0.141,0.912,0.351,0.276190509
0.091,0.0,0.54,0.618,0.283763502
0.447,0.276,0.634,0.917,0.23867149
0.251,0.0,0.729,0.797,0.721718312
0.236,0.447,0.852,0.734,0.17057479
0.274,0.001,0.623,0.865,0.52224911
0.241,0.0,0.688,0.163,0.211045555
0.106,0.649,0.975,0.932,0.209897558
0.249,0.85,0.739,1.0,0.144799075
0.154,0.592,1.0,1.0,0.313570116
0.272,0.602,0.6,0.648,0.014113306
0.284,0.467,0.845,0.739,0.155661157
0.803,0.139,0.963,0.487,0.00232009
0.511,0.244,0.681,0.431,0.103009921
0.45,0.131,0.939,0.158,0.03024206
0.391,0.251,0.432,0.794,0.019030588
0.238,0.11,0.546,0.513,0.1914883
0.62,0.129,0.728,0.184,0.021977171
0.158,0.0,0.937,0.51,0.61967739
0.302,0.528,0.731,0.932,0.23842881
0.28,0.04,0.755,0.998,0.858397073
0.486,0.328,0.612,0.355,0.009450751
0.175,0.646,0.246,0.74,0.000929413
0.12,0.399,0.796,0.469,0.053907665
0.645,0.195,0.755,0.337,0.038930349
0.276,0.375,0.936,0.927,0.375740949
0.194,0.251,0.844,0.564,0.277273103
0.344,0.221,0.456,0.534,0.043367435
0.253,0.161,0.747,0.959,0.647138097
0.369,0.068,0.572,0.182,0.079237606
0.38,0.0,0.528,0.65,0.189586446
0.469,0.58,0.919,0.719,0.061793904
0.339,0.389,0.671,0.947,0.275529593
0.0,0.035,0.93,0.359,0.454584415
0.184,0.196,0.732,0.627,0.367352137
0.49,0.0,0.754,0.426,0.38274941
0.203,0.28,0.334,0.796,0.018768976
0.133,0.322,0.996,0.673,0.256555803
0.155,0.19,0.326,0.738,0.021961681
0.039,0.06,0.793,0.334,0.387584077
0.387,0.003,0.399,0.691,0.009838007
0.0,0.002,0.854,0.693,0.723673521
0.287,0.0,0.938,0.408,0.524846303
0.123,0.174,0.926,0.333,0.208577448
0.049,0.232,0.588,0.331,0.07348041
0.063,0.0,0.86,0.374,0.516794834
0.206,0.007,0.822,0.974,0.928517828
0.0,0.316,0.329,0.467,0.008483474
0.227,0.0,0.725,0.5,0.570563086
0.043,0.0,0.635,0.141,0.155416756
0.437,0.0,0.762,0.747,0.603708701
0.399,0.435,0.487,1.0,0.045692688
0.808,0.288,0.976,0.7,0.001005143
0.0,0.0,0.672,0.615,0.563725018
0.161,0.707,0.273,0.798,0.002450896
0.657,0.325,0.776,0.971,0.122119681
0.291,0.227,0.553,0.379,0.076044901
0.0,0.235,0.805,0.332,0.11949495
0.285,0.196,0.357,0.215,0.001222006
0.273,0.0,1.0,0.66,0.688772349
0.019,0.276,0.576,0.515,0.112195617
0.515,0.0,0.821,0.609,0.44940552
0.627,0.637,0.683,0.978,0.046585957
0.496,0.0,0.626,0.499,0.237981315
0.438,0.0,0.611,0.357,0.234322183
0.151,0.0,1.0,0.315,0.45334864
0.341,0.24,0.693,0.394,0.138112466
0.123,0.0,0.88,0.101,0.151977928
0.135,0.0,0.96,0.426,0.562327456
0.164,0.946,0.923,0.988,0.048730491
0.027,0.0,0.65,0.49,0.466387958
0.101,0.263,0.995,0.33,0.079669611
0.0,0.751,0.738,1.0,0.218912862
0.367,0.008,0.942,0.131,0.168968971
0.454,0.312,0.593,0.604,0.080139481
0.195,0.11,0.438,0.841,0.106378182
0.155,0.166,0.376,0.341,0.022133794
0.235,0.014,0.662,0.436,0.422375097
0.528,0.348,0.822,0.636,0.137938631
0.056,0.303,0.872,0.45,0.14016578
0.186,0.256,0.865,0.922,0.51060047
0.25,0.615,0.863,1.0,0.287629171
0.66,0.899,0.937,0.918,0.004437086
0.279,0.215,0.736,0.508,0.267662286
0.337,0.178,0.505,0.902,0.13186991
0.228,0.0,0.609,0.353,0.314838592
0.248,0.042,0.765,0.743,0.660118896
0.414,0.211,0.851,0.312,0.112875466
0.505,0.446,0.628,0.652,0.04734842
0.401,0.0,0.494,0.698,0.116078498
0.278,0.328,0.63,0.382,0.034809952
0.76,0.149,0.912,0.262,0.004015408
0.42,0.0,0.555,0.553,0.201284999
0.195,0.006,0.728,0.693,0.663936373
0.821,0.11,0.993,0.116,3.9586e-05
0.051,0.196,0.907,0.368,0.212723661
0.158,0.0,1.0,0.508,0.618255733
0.0,0.0,0.857,0.158,0.241303106
0.114,0.099,0.418,0.464,0.067769685
0.32,0.749,0.845,0.985,0.1953402
0.107,0.166,0.246,0.204,0.001135949
0.112,0.035,0.537,0.188,0.100008261
0.111,0.0,1.0,0.037,0.056133092
0.563,0.0,0.736,0.698,0.339736529
0.182,0.439,0.829,0.47,0.02176375
0.055,0.0,1.0,0.249,0.373321033
0.046,0.178,0.764,0.697,0.445615581
0.046,0.163,0.845,0.171,0.012705417
0.425,0.0,0.61,0.14,0.102290486
0.441,0.638,0.969,0.664,0.01269337
0.081,0.383,0.75,0.853,0.294771881
0.501,0.315,0.933,0.925,0.333258177
0.673,0.298,0.836,0.636,0.055673549
0.221,0.368,0.314,0.424,0.00153181
0.601,0.316,0.85,0.508,0.070182716
0.195,0.174,1.0,0.349,0.22406594
0.407,0.346,0.673,1.0,0.326542309
0.138,0.003,0.513,0.436,0.192510654
0.075,0.808,0.485,0.875,0.014249275
0.316,0.851,1.0,0.987,0.133410325
0.366,0.892,0.96,0.931,0.036376185
0.019,0.0,0.639,0.452,0.42906687
0.0,0.729,0.74,1.0,0.233015841
0.016,0.637,0.061,0.792,7.4009e-05
0.074,0.103,0.753,0.585,0.497839976
0.117,0.42,0.984,1.0,0.433676069
0.044,0.163,0.911,0.198,0.054043634
0.547,0.204,0.72,0.557,0.170087709
0.555,0.137,0.851,0.932,0.393167439
0.099,0.119,0.108,0.497,0.00037865
0.088,0.0,0.546,0.829,0.340714133
0.276,0.0,0.939,0.39,0.512669274
0.391,0.081,0.422,0.524,0.020849828
0.066,0.0,0.892,0.496,0.615541503
0.676,0.154,0.866,0.263,0.024268001
0.036,0.601,0.077,0.757,0.000115316
0.0,0.033,0.688,0.25,0.293166062
0.163,0.575,0.548,0.576,0.000731482
0.339,0.027,0.637,0.06,0.031278184
0.446,0.5,0.663,1.0,0.215914645
0.096,0.0,0.732,0.251,0.363257558
0.424,0.456,0.512,0.538,0.007755434
0.659,0.187,0.992,0.195,0.002476713
0.51,0.205,0.78,0.7,0.285601674
0.584,0.892,0.615,0.986,0.009517876
0.0,0.044,0.895,0.606,0.623207438
0.422,0.678,0.423,1.0,0.000261612
0.0,0.131,0.831,0.713,0.539548237
0.166,0.62,0.299,0.665,0.000752136
0.503,0.559,0.994,0.664,0.044243492
0.575,0.586,0.624,0.592,0.000655752
0.139,0.647,0.893,0.976,0.260645219
0.588,0.207,0.66,0.25,0.012359469
0.622,0.288,0.998,0.434,0.049931843
0.792,0.907,0.989,0.912,4.8192e-05
0.119,0.171,0.826,0.601,0.418468121
0.423,0.325,0.516,0.866,0.055652895
0.095,0.488,0.985,1.0,0.386059152
0.03,0.104,0.444,0.107,0.00095523
0.209,0.0,0.819,0.4,0.531610363
0.112,0.273,0.884,0.402,0.137215755
0.078,0.164,0.283,0.879,0.027741251
0.0,0.0,0.768,0.466,0.584769334
0.025,0.495,0.587,0.613,0.036997515
0.087,0.163,0.761,0.26,0.136673597
0.477,0.45,0.954,0.742,0.140876608
0.08,0.242,0.866,0.53,0.271667367
0.078,0.0,0.937,0.86,0.842166771
0.051,0.847,0.836,0.853,0.006984365
0.718,0.046,0.823,0.354,0.025951271
0.164,0.024,0.706,0.905,0.754801966
0.233,0.685,0.812,0.865,0.114109519
0.015,0.458,0.611,0.976,0.229296469
0.529,0.144,0.57,0.813,0.082316716
0.08,0.605,0.615,0.637,0.011204588
0.089,0.607,0.619,1.0,0.196030375
0.297,0.0,0.809,0.269,0.379162565
0.028,0.031,0.836,0.663,0.666574873
0.134,0.034,0.877,0.336,0.423765774
0.597,0.495,0.763,0.726,0.056571981
0.087,0.492,0.46,0.925,0.058046994
0.0,0.0,0.85,0.807,0.800472279
0.178,0.0,1.0,0.553,0.646583892
0.482,0.534,0.812,0.538,0.001423379
0.241,0.663,0.851,1.0,0.264615877
0.357,0.945,0.817,0.974,0.028362581
0.363,0.468,0.936,0.681,0.119393403
0.681,0.079,0.702,0.444,0.023531356
0.175,0.239,0.22,0.497,0.002022333
0.304,0.414,0.855,0.508,0.065363538
0.257,0.389,0.994,0.783,0.242151625
0.0,0.0,0.821,0.337,0.481108824
0.015,0.1,0.839,0.565,0.513374939
0.111,0.164,0.137,0.567,0.001084315
0.219,0.0,1.0,0.491,0.599588305
0.14,0.221,0.858,0.573,0.32748377
0.227,0.236,0.571,0.914,0.248161828
0.01,0.285,0.84,0.671,0.298892278
0.349,0.143,0.707,0.784,0.465043751
0.487,0.205,0.619,0.64,0.148762848
0.61,0.675,0.831,0.797,0.030644806
0.348,0.504,0.487,0.994,0.05214178
0.287,0.662,0.63,1.0,0.163020729
0.524,0.0,0.554,0.584,0.062907479
0.288,0.466,0.567,1.0,0.158079351
0.702,0.325,0.807,0.863,0.048029989
0.536,0.074,0.609,0.854,0.174221875
0.0,0.024,0.902,0.282,0.382436163
0.3,0.168,0.489,0.923,0.132914639
0.225,0.054,0.564,0.068,0.010127157
0.023,0.409,0.052,0.567,1.8932e-05
0.442,0.014,0.81,0.748,0.593326816
0.458,0.132,0.588,0.91,0.239341012
0.018,0.289,0.117,0.527,0.00095523
0.179,0.0,0.47,0.528,0.150757644
0.172,0.186,0.997,1.0,0.702644696
0.243,0.0,0.709,0.829,0.716782097
0.492,0.001,0.981,0.14,0.143461753
0.336,0.509,0.726,0.729,0.107440122
0.0,0.047,0.943,1.0,0.931168375
0.035,0.551,0.717,0.888,0.196579417
0.029,0.035,0.885,0.415,0.505469767
0.028,0.123,0.775,0.538,0.452219575
0.199,0.7,0.394,0.808,0.006030857
0.231,0.004,0.652,0.74,0.54568064
0.326,0.663,0.718,0.748,0.038923465
0.094,0.0,1.0,0.42,0.560213903
0.11,0.298,0.997,0.49,0.173936167
0.25,0.254,0.503,0.297,0.014960104
0.803,0.516,0.846,0.901,0.001041287
0.245,0.602,0.255,0.631,2.9259e-05
0.344,0.0,0.805,0.594,0.626078291
0.394,0.255,0.67,1.0,0.400370388
0.097,0.69,0.738,0.782,0.050251974
0.276,0.132,0.778,0.668,0.491447681
0.513,0.0,0.816,0.241,0.231826537
0.044,0.0,0.782,0.6,0.67606521
0.513,0.103,0.968,0.377,0.236874626
0.279,0.408,0.935,0.553,0.102488417
0.043,0.0,0.636,0.433,0.413559445
0.322,0.0,0.616,0.432,0.348097802
0.29,0.445,0.716,0.84,0.207496575
0.348,0.086,0.405,0.952,0.043675518
0.324,0.039,0.974,0.773,0.677242467
0.011,0.06,0.998,0.55,0.565977983
0.523,0.14,0.687,0.188,0.035925248
0.383,0.0,0.74,0.544,0.546320902
0.418,0.0,0.465,0.381,0.044973254
0.479,0.0,0.697,0.475,0.37321088
0.474,0.453,0.556,0.871,0.051233021
0.584,0.158,0.861,0.792,0.250657474
0.276,0.24,0.46,0.395,0.032715331
0.033,0.427,0.482,0.457,0.005289047
0.853,0.15,0.876,0.797,0.000313247
0.033,0.179,0.857,0.294,0.155631897
0.665,0.671,0.931,0.707,0.004218502
0.137,0.0,0.919,0.697,0.727855879
0.517,0.0,0.567,0.235,0.056255292
0.029,0.204,0.909,0.446,0.267681218
0.13,0.462,0.937,0.899,0.287154138
0.484,0.123,0.878,0.344,0.216480899
0.286,0.119,0.569,0.68,0.25567286
0.2,0.681,0.557,0.907,0.062220746
0.278,0.061,0.627,0.561,0.369820245
0.355,0.622,0.812,1.0,0.266132197
0.121,0.748,0.962,1.0,0.233759372
0.398,0.476,0.692,0.691,0.091151302
0.193,0.0,0.657,0.744,0.57176616
0.432,0.507,0.954,1.0,0.308630459
0.398,0.0,0.547,0.211,0.10314589
0.389,0.0,0.715,0.314,0.370422642
0.5,0.531,0.584,0.639,0.01618211
0.277,0.719,0.322,0.827,0.001764163
0.203,0.124,0.513,0.709,0.172557538
0.373,0.047,0.484,0.423,0.089762346
0.118,0.353,0.306,0.415,0.002660874
0.251,0.014,0.794,0.797,0.738292841
0.5,0.326,0.89,0.845,0.26750222
0.197,0.398,0.836,0.819,0.262013521
0.396,0.702,0.606,0.724,0.005640159
0.345,0.0,0.737,0.57,0.585013735
0.201,0.0,0.831,0.383,0.516195879
0.608,0.725,0.786,0.988,0.09225627
0.083,0.0,0.8,0.628,0.693558825
0.451,0.0,0.567,0.658,0.21014368
0.042,0.69,0.76,0.787,0.055215727
0.137,0.037,0.809,0.735,0.690021893
0.562,0.0,0.761,0.809,0.398139797
0.145,0.0,0.995,0.52,0.628277901
0.975,0.406,0.995,0.715,0.0
0.454,0.027,0.588,0.223,0.110558818
0.319,0.565,0.422,0.654,0.004531748
0.094,0.422,0.957,0.679,0.163247919
0.114,0.449,0.341,0.512,0.00224436
0.099,0.351,0.226,0.572,0.002347628
0.318,0.731,0.408,1.0,0.013837924
0.422,0.458,0.72,0.909,0.231540829
0.091,0.654,1.0,0.74,0.046128135
0.153,0.328,0.827,0.338,0.008798441
0.228,0.0,0.821,0.511,0.608687944
0.015,0.386,0.181,0.928,0.007629791
0.544,0.045,0.922,0.611,0.355517614
0.281,0.388,0.78,0.801,0.251550742
0.498,0.473,0.558,0.55,0.007091076
0.264,0.345,0.983,0.922,0.39630851
0.092,0.046,1.0,0.093,0.071625027
0.397,0.0,0.801,0.835,0.712277888
0.131,0.235,0.518,0.469,0.081673012
0.383,0.685,0.628,1.0,0.139391269
0.004,0.773,0.922,1.0,0.219596153
0.481,0.424,0.81,0.621,0.100149395
0.821,0.284,0.834,0.583,0.000223748
0.448,0.27,0.904,0.533,0.190037383
0.063,0.497,0.163,0.671,0.000598955
0.457,0.097,0.496,1.0,0.06083179
0.519,0.207,0.709,0.7,0.236222316
0.032,0.789,1.0,0.961,0.163490599
0.58,0.746,0.678,0.892,0.035288428
0.383,0.209,0.734,0.48,0.236325584
0.18,-0.0,0.92,0.217,0.327144706
0.151,0.351,0.718,0.399,0.041852836
0.025,0.0,0.957,0.426,0.567673301
0.104,0.37,0.431,0.716,0.033386574
0.072,0.024,0.235,0.224,0.008170227
0.149,0.401,0.425,0.62,0.020552071
0.487,0.39,0.63,0.844,0.12084432
0.174,0.308,0.751,0.741,0.29357225
0.171,0.413,0.497,0.482,0.012963588
0.343,0.371,1.0,0.412,0.035732481
0.256,0.509,0.414,1.0,0.036653288
0.721,0.149,0.941,0.526,0.029465829
0.643,0.0,0.7,0.684,0.116269543
0.103,0.286,0.628,0.889,0.291505167
0.143,0.153,0.515,0.247,0.048203824
0.076,0.047,0.959,0.339,0.417218577
0.255,0.393,0.922,0.517,0.092352654
0.138,0.129,0.505,0.865,0.18786359
0.339,0.3,0.479,0.417,0.022615712
0.056,0.653,0.577,0.822,0.045706457
0.222,0.637,0.944,0.752,0.061432466
0.514,0.302,0.8,0.598,0.163220381
0.088,0.11,0.647,0.22,0.131100562
0.021,0.0,0.97,0.402,0.546410401
0.549,0.612,0.77,0.849,0.08829766
0.419,0.0,0.524,0.36,0.110973612
0.455,0.0,0.92,0.333,0.368233358
0.244,0.479,0.374,0.504,0.001185862
0.068,0.527,0.941,0.988,0.348204512
0.188,0.385,0.951,0.453,0.056374051
0.443,0.024,0.734,0.577,0.474986747
0.166,0.278,0.484,0.558,0.060274142
0.386,0.339,0.756,1.0,0.428557414
0.288,0.083,0.776,0.143,0.090428425
0.139,0.244,0.88,0.998,0.624169552
0.045,0.325,0.977,0.945,0.4700316
0.055,0.642,0.581,0.948,0.117971746
0.582,0.272,0.637,0.444,0.027625935
0.205,0.542,0.304,0.856,0.008395696
0.292,0.198,0.995,0.578,0.352123536
0.315,0.346,0.935,0.826,0.305630521
0.037,0.346,0.84,0.359,0.014151171
0.149,0.114,0.686,0.809,0.524603623
0.317,0.582,0.799,0.873,0.166082628
0.254,0.0,0.935,0.189,0.282467488
0.749,0.249,0.829,0.304,0.002769306
0.469,0.135,0.681,1.0,0.471071165
0.411,0.089,0.545,0.885,0.195928828
0.29,0.251,0.594,1.0,0.308836995
0.078,0.498,1.0,1.0,0.38014189
0.532,0.39,0.618,0.699,0.056121044
0.363,0.689,0.567,0.897,0.047190075
0.287,0.618,0.653,0.854,0.092884484
0.364,0.035,0.719,0.053,0.024355779
0.419,0.648,0.749,0.898,0.139411923
0.141,0.65,0.542,0.982,0.097543596
0.335,0.519,0.749,1.0,0.312561531
0.017,0.429,0.323,0.629,0.005325191
0.227,0.0,0.451,0.499,0.117706691
0.078,0.2,0.999,0.356,0.198822055
0.175,0.0,0.583,0.465,0.33015325
0.271,0.488,0.413,0.993,0.034522523
0.295,0.351,0.593,0.626,0.101560725
0.325,0.074,0.755,0.175,0.144869641
0.072,0.476,0.957,0.673,0.118775516
0.602,0.608,0.623,0.781,0.005989549
0.371,0.568,0.593,0.956,0.120918329
0.597,0.64,0.793,0.927,0.092004984
0.538,0.632,0.947,0.869,0.101071923
0.278,0.0,0.795,0.624,0.662299574
0.455,0.019,0.499,0.503,0.053458448
0.802,0.031,0.943,0.252,0.002271898
0.6,0.361,0.879,0.866,0.153452941
0.004,0.018,0.37,0.877,0.084647133
0.248,0.107,0.395,0.288,0.026052818
0.627,0.067,0.64,0.107,0.002175514
0.599,0.13,0.904,0.387,0.124047352
0.356,0.0,0.464,0.395,0.084907024
0.279,0.62,1.0,1.0,0.280668902
0.4,0.0,0.808,0.345,0.421187514
0.691,0.238,0.924,0.866,0.075908931
0.619,0.029,0.631,0.239,0.01020633
0.185,0.382,0.673,0.479,0.060205297
0.116,0.064,0.869,0.598,0.581127412
0.195,0.406,0.983,0.871,0.297498158
0.338,0.0,0.591,0.545,0.336724543
0.164,0.0,0.728,0.674,0.671015401
0.251,0.502,0.768,1.0,0.346967016
0.689,0.13,0.733,0.516,0.035865008
0.063,0.0,0.57,0.823,0.409797044
0.0,0.0,0.801,0.61,0.68490668
0.071,0.87,0.535,0.99,0.054064288
0.508,0.58,0.936,0.732,0.062458262
0.542,0.491,0.649,0.508,0.00417031
0.332,0.057,0.858,0.388,0.418468121
0.0,0.0,0.782,0.568,0.656912422
0.198,0.353,0.648,0.657,0.147361845
0.198,0.0,0.713,0.75,0.689810193
0.253,0.176,0.873,0.518,0.348760439
0.396,0.0,0.79,0.523,0.548048922
0.424,0.099,0.535,0.91,0.163043104
0.46,0.222,0.893,0.382,0.146972868
0.199,0.0,0.67,0.813,0.632396577
0.864,0.621,0.897,0.712,6.885e-06
0.118,0.023,0.49,0.571,0.178466193
0.0,0.0,0.755,0.42,0.546916415
0.441,0.584,0.918,0.676,0.042648
0.535,0.354,0.542,0.957,0.010104783
0.021,0.76,0.993,1.0,0.228558102
0.454,0.436,0.5,0.899,0.021138978
0.236,0.059,0.485,0.429,0.124820141
0.395,0.395,0.583,0.636,0.063057217
0.429,0.601,0.711,0.8,0.087092866
0.264,0.0,1.0,0.325,0.453565503
0.351,0.611,0.353,1.0,0.000426841
0.415,0.233,0.779,0.405,0.161272056
0.062,0.545,0.744,0.731,0.098275079
0.349,0.499,0.66,0.545,0.020488389
0.51,0.0,0.806,0.581,0.445174971
0.426,0.544,0.781,0.965,0.255770965
0.853,0.1,0.869,0.125,4.475e-05
0.47,0.299,0.718,0.562,0.150835095
0.482,0.054,0.84,0.529,0.404552746
0.252,0.781,0.523,0.845,0.010304434
0.0,0.0,0.861,0.624,0.694727476
0.651,0.095,0.711,0.36,0.05371834
0.145,-0.0,0.601,0.273,0.254891465
0.231,0.035,0.652,0.932,0.623431186
0.183,0.156,0.568,0.818,0.269269826
0.586,0.076,0.692,0.156,0.0392195
0.106,0.174,0.426,0.498,0.05700915
0.401,0.288,0.791,0.706,0.273080418
0.088,0.472,0.633,0.528,0.025197414
0.551,0.153,0.807,0.363,0.141234604
0.434,0.603,0.904,0.776,0.082435475
0.397,0.259,0.427,0.464,0.008185717
0.12,0.666,0.268,0.684,0.0003339
0.498,0.134,0.601,0.546,0.13745155
0.658,0.0,0.699,0.392,0.05904181
0.469,0.602,0.683,0.86,0.100188981
0.035,0.026,0.447,0.771,0.145780122
0.585,0.726,0.589,1.0,0.003175494
0.5,0.852,0.746,1.0,0.104240532
0.574,0.098,0.747,0.392,0.161332296
0.156,0.751,0.937,1.0,0.226935072
0.006,0.067,0.307,0.873,0.04263251
0.385,0.907,0.718,1.0,0.08104824
0.368,0.0,0.528,0.734,0.207212588
0.317,0.442,0.668,0.481,0.019829195
0.611,0.681,0.891,0.925,0.076614597
0.248,0.668,0.583,1.0,0.128209056
0.407,0.592,0.636,0.761,0.050699469
0.347,0.148,0.4,0.902,0.031854764
0.128,0.139,0.786,0.257,0.168788252
0.0,0.106,0.827,0.738,0.593462786
0.085,0.247,0.576,0.319,0.049439598
0.753,0.092,0.784,0.245,0.003769285
0.285,0.0,0.453,0.319,0.082327043
0.092,0.309,0.154,0.624,0.001292572
0.031,0.149,0.995,0.842,0.600713927
0.39,0.0,0.733,0.626,0.577612855
0.069,0.415,0.103,0.728,0.00039414
0.104,0.104,0.949,0.858,0.680306087
0.266,0.456,0.488,0.661,0.026607024
0.286,0.248,0.803,0.539,0.260700295
0.575,0.633,0.746,0.764,0.035570694
0.122,0.258,0.236,0.604,0.00521676
0.488,0.06,0.737,0.429,0.318380687
0.007,0.014,0.724,0.298,0.391355084
0.113,0.577,0.532,0.649,0.013440342
0.029,0.0,0.613,0.467,0.393379138
0.403,0.554,0.508,0.729,0.012975636
0.338,0.635,0.725,0.865,0.120013012
0.01,0.643,1.0,1.0,0.292744384
0.0,0.0,0.879,0.528,0.63960469
0.151,0.395,0.229,0.991,0.010390491
0.162,0.497,0.665,1.0,0.284085355
0.171,0.083,0.849,0.555,0.525082098
0.367,0.828,0.815,0.981,0.137002334
0.195,0.21,0.606,0.231,0.020195796
0.429,0.092,0.483,0.285,0.031142214
0.293,0.089,0.489,0.554,0.125648007
0.078,0.087,0.78,0.564,0.523090745
0.48,0.106,0.583,0.794,0.185746594
0.123,0.0,0.96,0.579,0.667068839
0.089,0.465,0.326,0.728,0.007669377
0.028,0.075,0.753,0.369,0.393091709
0.341,0.025,0.745,0.325,0.387324186
0.275,0.58,0.403,0.858,0.011545373
0.0,0.022,0.879,0.362,0.476072783
0.205,0.0,0.425,0.433,0.086595458
0.424,0.371,0.776,0.883,0.292527521
0.553,0.15,0.973,0.84,0.33908594
0.259,0.005,0.941,0.587,0.64326038
0.167,0.209,1.0,0.325,0.147759427
0.274,0.209,0.787,0.442,0.244838317
0.534,0.53,0.854,0.679,0.057635643
0.426,0.581,0.783,0.825,0.119174819
0.224,0.874,0.795,1.0,0.134097058
0.407,0.653,0.975,0.898,0.146496114
0.299,0.093,0.508,0.804,0.172464596
0.412,0.73,0.673,0.837,0.044444865
0.326,0.193,0.669,0.756,0.345225228
0.054,0.493,0.823,0.783,0.169259843
0.366,0.827,0.587,1.0,0.075828038
0.784,0.725,0.81,0.917,0.001475013
0.174,0.696,0.22,0.771,0.000426841
0.276,0.024,0.556,0.327,0.194178433
0.269,0.014,0.741,0.313,0.396759447
0.053,0.124,0.469,0.233,0.043188437
0.889,0.102,0.99,0.567,0.000154902
0.391,0.576,0.472,1.0,0.027548484
0.079,0.264,1.0,1.0,0.600240615
0.213,0.35,0.838,0.827,0.314905716
0.093,0.26,0.752,0.423,0.167165222
0.434,0.0,0.622,0.353,0.251366581
0.129,0.168,1.0,0.582,0.411874454
0.455,0.789,0.658,1.0,0.110863459
0.163,0.085,0.984,0.985,0.84339394
0.188,0.396,0.924,0.643,0.164361493
0.039,0.339,0.147,0.422,0.000581744
0.233,0.0,0.886,0.795,0.772514165
0.507,0.45,0.619,0.474,0.006080769
0.235,0.0,0.41,0.492,0.073700715
0.433,0.296,0.948,0.601,0.206205724
0.39,0.387,0.924,0.514,0.087404391
0.372,0.0,0.71,0.29,0.351834386
0.15,0.553,0.968,0.62,0.038398518
0.017,0.033,0.047,0.386,0.000430284
0.082,0.0,0.776,0.651,0.698766979
0.008,0.006,0.232,0.309,0.012306114
0.579,0.0,0.586,0.227,0.007918941
0.449,0.094,0.484,0.134,0.004617805
0.798,0.7,0.862,0.88,0.000967278
0.422,0.224,0.792,0.459,0.207505181
0.499,0.154,0.67,0.991,0.381226205
0.381,0.646,0.577,0.728,0.017089148
0.54,0.424,0.68,0.646,0.062978045
0.08,0.0,0.947,0.307,0.447522599
0.344,0.051,0.545,0.318,0.144740556
0.522,0.292,0.552,0.585,0.021348957
0.25,0.398,1.0,1.0,0.434257812
0.201,0.529,0.869,1.0,0.347442049
0.201,0.117,0.797,0.678,0.534761761
0.187,0.027,0.312,0.167,0.007955085
0.116,0.209,0.978,0.385,0.207997425
0.395,0.448,0.76,0.852,0.214566997
0.402,0.0,0.456,0.317,0.042074862
0.332,0.22,0.44,0.603,0.04345177
0.146,0.163,0.507,1.0,0.219069486
0.436,0.072,0.604,0.594,0.250432005
0.427,0.0,0.602,0.795,0.351694974
0.422,0.709,0.678,0.922,0.104701796
0.737,0.446,0.761,0.866,0.00919086
0.435,0.0,0.658,0.251,0.230198344
0.102,0.026,0.811,0.263,0.349493642
0.806,0.097,0.882,0.893,0.003363097
0.208,0.256,0.634,0.341,0.068828183
0.118,0.092,0.278,0.832,0.02399262
0.439,0.109,0.836,0.475,0.350349046
0.09,0.37,0.762,0.703,0.214985233
0.068,0.189,0.911,0.434,0.279267898
0.541,0.634,0.814,0.78,0.054165835
0.248,0.048,0.358,0.326,0.022496954
0.614,0.602,0.998,0.819,0.051083282
0.409,0.104,0.451,0.607,0.035744529
0.26,0.061,0.85,0.837,0.709276228
0.182,0.0,0.754,0.387,0.509406002
0.47,0.13,0.813,1.0,0.608292083
0.147,0.179,0.69,0.589,0.339369927
0.429,0.005,0.802,0.722,0.606667332
0.006,0.461,0.591,0.487,0.010084129
0.301,0.294,0.976,0.836,0.369271203
0.312,0.041,0.447,0.209,0.04270824
0.498,0.089,0.528,0.997,0.061189786
0.443,0.0,0.505,0.677,0.088175459
0.118,0.498,0.869,0.98,0.355178551
0.24,0.7,0.624,1.0,0.154411613
0.345,0.128,0.351,0.504,0.002225427
0.313,0.363,0.996,0.765,0.252387214
0.219,0.402,0.394,0.611,0.013788011
0.182,0.342,0.411,0.474,0.014307794
0.128,0.786,0.812,0.803,0.013116769
0.472,0.617,0.558,0.872,0.033947664
0.464,0.142,0.721,0.174,0.032816878
0.497,0.765,0.521,0.849,0.002953467
0.506,0.004,0.642,0.484,0.243714416
0.19,0.312,1.0,1.0,0.531710188
0.787,0.476,0.86,0.785,0.001468128
0.141,0.0,1.0,0.688,0.723589186
0.11,0.167,0.735,0.511,0.347051352
0.424,0.053,0.68,0.547,0.384585861
0.172,0.0,1.0,0.155,0.233167301
0.233,0.0,1.0,0.472,0.583693624
0.171,0.267,0.345,0.671,0.019113202
0.214,0.0,0.445,0.518,0.115088845
0.05,0.103,0.221,0.107,0.000123922
0.44,0.08,0.774,0.6,0.448348743
0.792,0.009,0.891,0.388,0.004597151
0.046,0.41,0.375,0.932,0.042006017
0.227,0.325,0.317,0.524,0.005075627
0.217,0.45,0.889,0.46,0.008631491
0.072,0.145,0.779,0.778,0.550365569
0.27,0.363,0.903,1.0,0.462701287
0.077,0.438,0.784,0.819,0.231654424
0.496,0.243,0.867,0.835,0.33553696
0.038,0.0,0.72,0.619,0.644287898
0.148,0.109,0.831,0.847,0.65663704
0.05,0.456,0.486,0.855,0.054100432
0.218,0.415,0.862,0.935,0.354882515
0.416,0.0,0.619,0.491,0.317213758
0.099,0.41,0.577,0.426,0.007304496
0.301,0.207,0.882,0.487,0.279033824
0.01,0.0,0.971,0.817,0.810177759
0.082,0.109,0.119,0.919,0.00336654
0.365,0.406,0.91,0.614,0.130252043
0.118,0.666,0.797,0.917,0.182968682
0.0,0.0,0.963,0.329,0.474730298
0.344,0.0,0.582,0.87,0.396131233
0.241,0.0,0.402,0.503,0.066952146
0.248,0.832,0.372,0.93,0.007829442
0.011,0.068,0.827,0.332,0.374026698
0.238,0.147,0.569,0.586,0.218952448
0.577,0.0,0.673,0.523,0.177958459
0.498,0.242,0.783,0.508,0.179631402
0.264,0.026,0.641,0.437,0.375665219
0.004,0.0,0.63,0.548,0.45510764
0.0,0.207,0.925,0.509,0.309241461
0.248,0.0,0.698,0.217,0.289713465
0.403,0.221,0.784,0.579,0.286002699
0.353,0.575,0.744,1.0,0.276397045
0.043,0.591,1.0,0.876,0.183889489
0.296,0.0,0.955,0.657,0.681269922
0.138,0.771,0.867,0.828,0.040033597
0.125,0.056,0.198,0.243,0.002932814
0.327,0.493,0.652,1.0,0.241693803
0.15,0.181,0.687,0.381,0.211670327
0.156,0.001,0.725,0.422,0.516192437
0.501,0.742,0.514,1.0,0.006373362
0.251,0.14,0.865,0.46,0.365273006
0.063,0.001,0.312,0.936,0.057504836
0.106,0.0,0.574,0.516,0.333616173
0.02,0.254,0.036,0.433,2.5817e-05
0.893,0.176,0.908,0.893,6.5403e-05
0.395,0.477,0.975,0.523,0.029202495
0.146,0.0,0.707,0.403,0.495597337
0.582,0.168,0.814,0.719,0.221446373
0.32,0.193,0.597,0.48,0.168827838
0.006,0.0,0.664,0.641,0.557713094
0.211,0.291,0.973,0.694,0.299207245
0.759,0.033,0.91,0.623,0.01776039
0.064,0.077,0.762,0.39,0.410408047
0.145,0.318,0.172,0.603,0.000640262
0.447,0.403,0.881,0.702,0.157616366
0.215,0.091,0.368,0.476,0.035691173
0.44,0.336,0.47,0.501,0.007101402
0.015,0.798,0.37,0.984,0.027829029
0.289,0.14,0.601,0.344,0.163313322
0.016,0.254,0.636,0.258,0.002382051
0.34,0.0,0.593,0.395,0.288524161
0.831,0.136,0.907,0.939,0.001530089
0.721,0.055,0.743,0.166,0.003409568
0.0,0.0,0.754,0.274,0.397523631
0.498,0.031,0.545,0.891,0.102435062
0.548,0.0,0.571,0.476,0.04734842
0.375,0.1,0.898,0.554,0.455329666
0.352,0.164,0.403,0.758,0.026471054
0.75,0.222,0.816,0.568,0.012889579
0.057,0.137,0.815,0.28,0.203274631
0.173,0.096,0.222,0.703,0.004507652
0.08,0.35,0.909,0.746,0.266521173
0.304,0.062,0.976,0.446,0.463763227
0.213,0.0,0.881,0.345,0.480423812
0.169,0.487,0.612,0.544,0.020688041
0.259,0.477,0.761,0.971,0.331015538
0.154,0.696,0.63,0.758,0.02171728
0.341,0.742,0.671,0.876,0.06516905
0.22,0.111,0.295,0.146,0.001318389
0.459,0.451,0.822,0.635,0.094047971
0.447,0.0,0.607,0.241,0.159354712
0.168,0.254,0.875,0.724,0.361524375
0.038,0.385,0.287,0.623,0.004559286
0.206,0.396,0.519,0.74,0.059663139
0.789,0.049,0.998,0.098,0.000802049
0.159,0.453,0.9,0.519,0.044302011
0.364,0.007,0.695,0.27,0.312410071
0.011,0.198,0.89,0.753,0.463658238
0.605,0.003,0.945,0.54,0.235618197
0.17,0.492,0.184,0.625,8.9499e-05
0.072,0.131,0.114,0.924,0.003268435
0.222,0.066,1.0,0.65,0.601176912
0.573,0.0,0.815,0.491,0.282663697
0.178,0.0,0.576,0.609,0.358546811
0.495,0.0,0.69,0.376,0.297415544
0.356,0.228,0.64,0.678,0.233638892
0.297,0.54,0.819,0.973,0.29560491
0.196,0.15,0.436,0.289,0.034371063
0.233,0.0,0.568,0.334,0.239415021
0.0,0.0,0.948,0.271,0.405148259
0.13,0.056,0.465,0.309,0.088158248
0.133,0.0,0.961,0.646,0.702682561
0.6,0.117,0.788,0.87,0.268288779
0.185,0.475,0.189,0.987,0.000430284
0.0,0.121,0.769,0.206,0.132334616
0.319,0.218,0.991,0.909,0.52409933
0.325,0.25,0.545,0.5,0.088832933
0.143,0.285,0.506,0.54,0.066494324
0.116,0.0,0.981,0.034,0.051804438
0.0,0.023,0.777,0.188,0.249414814
0.353,0.545,0.728,0.805,0.125649728
0.22,0.0,0.978,0.835,0.803325921
0.203,0.827,0.802,1.0,0.173660785
0.186,0.355,0.96,0.787,0.2838203
0.426,0.216,0.454,0.273,0.003960331
0.167,0.007,0.816,0.338,0.459276228
0.3,0.0,0.909,0.14,0.203131777
0.351,0.656,0.58,0.973,0.098633075
0.525,0.655,0.868,0.903,0.123419138
0.509,0.575,0.983,0.784,0.089917248
0.373,0.157,0.57,0.349,0.110872065
0.222,0.0,0.506,0.443,0.179008351
0.06,0.0,1.0,0.668,0.71933454
0.845,0.274,0.874,0.92,0.000330458
0.148,0.746,0.692,1.0,0.196667194
0.355,0.178,0.53,0.178,0.0
0.149,0.0,0.503,0.507,0.194094098
0.392,0.557,0.644,0.944,0.154628476
0.0,0.164,0.821,0.364,0.256256325
0.099,0.355,0.799,0.362,0.00825112
0.043,0.122,0.442,0.897,0.128589427
0.37,0.488,0.709,0.803,0.147964242
0.019,0.097,0.971,0.534,0.498366643
0.705,0.299,0.742,0.871,0.026897895
0.193,0.332,0.24,0.352,0.000356275
0.55,0.251,0.678,0.893,0.198321205
0.053,0.331,1.0,0.342,0.011820754
0.129,0.165,0.507,0.504,0.11684096
0.543,0.319,0.781,0.842,0.227998733
0.377,0.264,0.539,0.739,0.09803412
0.406,0.277,0.954,0.7,0.280820362
0.345,0.0,0.465,0.338,0.082220333
0.118,0.303,0.55,0.706,0.118279829
0.306,0.703,0.86,1.0,0.233012399
0.193,0.0,0.754,0.35,0.471422277
0.78,0.895,0.847,0.947,0.000676406
0.132,0.0,0.826,0.524,0.628592869
0.254,0.0,0.65,0.338,0.354553779
0.649,0.05,0.75,0.587,0.129642761
0.227,0.0,0.674,0.403,0.442811852
0.19,0.161,0.311,0.199,0.001991353
0.356,0.058,0.567,0.737,0.28116631
0.313,0.0,0.71,0.213,0.283985529
0.456,0.518,0.552,0.871,0.045360509
0.351,0.487,0.735,0.947,0.269266383
0.095,0.015,0.614,0.443,0.366231679
0.023,0.053,0.671,0.542,0.46276669
0.404,0.021,0.804,0.863,0.698429637
0.699,0.62,0.891,0.922,0.028687876
0.285,0.709,0.814,0.734,0.01272435
0.068,0.395,0.578,0.494,0.036190302
0.249,0.429,0.258,0.628,0.000165229
0.515,0.0,0.691,0.471,0.314241358
0.309,0.583,0.967,0.865,0.161998375
0.122,0.614,0.458,0.917,0.038546536
0.71,0.138,0.736,0.541,0.017028908
0.199,0.207,0.817,0.993,0.65750105
0.174,0.264,0.369,0.948,0.049990362
0.355,0.455,0.52,0.989,0.081671291
0.02,0.654,0.551,0.694,0.007426697
0.396,0.663,0.556,1.0,0.07850096
0.29,0.229,0.882,0.29,0.076296187
0.851,0.175,0.97,0.694,0.000428563
0.297,0.0,1.0,0.324,0.443593248
0.364,0.048,0.693,0.63,0.49076439
0.448,0.519,0.971,0.523,0.002910439
0.403,0.087,0.855,0.216,0.170569627
0.009,0.013,0.131,0.662,0.005564429
0.045,0.042,0.8,0.292,0.365162854
0.566,0.092,0.729,0.186,0.06218116
0.042,0.707,0.315,0.938,0.020693204
0.042,0.0,0.913,0.437,0.575137863
0.033,0.347,0.547,0.741,0.101930769
0.406,0.337,0.827,0.652,0.198718787
0.0,0.716,0.891,0.762,0.027551927
0.17,0.0,0.745,0.263,0.375143715
0.444,0.169,0.624,0.17,0.002037824
0.312,0.695,0.925,0.953,0.190176795
0.224,0.0,0.757,0.465,0.565401403
0.402,0.03,0.426,0.666,0.022450483
0.172,0.0,0.656,0.14,0.164778008
0.002,0.358,0.293,0.848,0.016567644
0.107,0.0,0.774,0.68,0.71037087
0.143,0.0,0.593,0.185,0.169380323
0.268,0.0,0.897,0.679,0.699501904
0.324,0.196,0.561,0.627,0.165623085
0.339,0.0,0.611,0.77,0.440765423
0.0,0.461,0.87,0.727,0.159143013
0.334,0.209,0.564,0.288,0.047067875
0.374,0.207,0.84,0.477,0.25588456
0.087,0.442,0.719,0.45,0.005726216
0.078,0.194,0.102,0.892,0.001370023
0.175,0.003,0.875,0.424,0.54420907
0.13,0.255,0.753,0.49,0.219654672
0.005,0.284,0.711,0.999,0.517791371
0.29,0.001,0.575,0.549,0.316062319
0.22,0.232,0.879,0.577,0.31107447
0.603,0.705,0.67,1.0,0.051745919
0.0,0.0,0.91,0.422,0.562377369
0.312,0.0,0.593,0.46,0.323433939
0.355,0.069,0.443,0.374,0.049716701
0.224,0.177,0.712,0.817,0.472862867
0.069,0.68,0.319,0.791,0.005289047
0.568,0.0,0.805,0.383,0.247266838
0.377,0.0,0.683,0.148,0.171846709
0.028,0.798,0.976,1.0,0.203642954
0.354,0.458,0.705,0.637,0.08972276
0.292,0.191,0.844,0.603,0.376033541
0.588,0.069,0.791,0.081,0.008836306
0.669,0.489,0.961,0.847,0.053831935
0.287,0.0,0.487,0.623,0.165132562
0.296,0.878,0.531,1.0,0.039591265
0.067,0.0,0.968,0.488,0.610613894
0.08,0.51,0.467,0.659,0.017481567
0.402,0.0,0.676,0.652,0.491812562
0.532,0.043,0.703,0.997,0.479456534
0.354,0.705,0.72,0.919,0.129735703
0.25,0.32,0.682,0.408,0.06974899
0.604,0.014,0.856,0.021,0.002796844
0.21,0.03,0.936,0.143,0.170776163
0.473,0.013,0.55,0.625,0.130697817
0.278,0.468,1.0,1.0,0.375544739
0.418,0.058,0.817,0.16,0.133412047
0.092,0.0,0.905,0.627,0.696407303
0.399,0.386,0.887,0.884,0.295809725
0.16,0.171,0.75,0.393,0.262686485
0.418,0.643,0.57,1.0,0.092111695
0.178,0.129,0.766,0.283,0.212573923
0.735,0.198,0.926,0.972,0.040097279
0.407,0.117,0.807,0.2,0.111567403
0.086,0.748,0.977,0.88,0.100813753
0.339,0.0,0.617,0.326,0.285734202
0.0,0.674,0.915,1.0,0.276433189
0.767,0.112,0.98,0.891,0.016479866
0.397,0.258,0.614,0.306,0.032751475
0.11,0.011,0.614,0.434,0.366341831
0.176,0.441,0.925,0.829,0.237224016
0.363,0.0,0.523,0.425,0.160602535
0.004,0.0,0.732,0.311,0.431460968
0.034,0.024,0.34,0.524,0.04196471
0.29,0.508,0.333,0.994,0.008607395
0.541,0.02,0.618,0.164,0.054267382
0.5,0.034,0.708,0.704,0.414979381
0.058,0.387,0.115,0.462,0.000161787
0.348,0.697,0.732,1.0,0.214863032
0.24,0.412,0.954,0.706,0.181667504
0.21,0.16,0.741,0.19,0.04537772
0.48,0.035,0.584,0.537,0.175254556
0.782,0.007,0.81,0.734,0.005325191
0.004,0.0,0.872,0.746,0.761221799
0.407,0.626,0.989,0.921,0.178244167
0.592,0.37,0.658,0.803,0.056191611
0.188,0.26,0.788,0.882,0.462921592
0.401,0.0,0.938,0.703,0.641382622
0.121,0.147,0.82,0.881,0.635930067
0.0,0.703,0.821,1.0,0.259142668
0.517,0.0,0.642,0.744,0.293348502
0.151,0.333,0.485,0.667,0.057232897
0.408,0.404,0.663,0.778,0.145539163
0.29,0.138,0.973,0.151,0.021603685
0.221,0.556,0.947,0.65,0.053076356
0.275,0.0,0.472,0.312,0.100252663
0.263,0.011,0.915,0.947,0.879035201
0.166,0.025,0.789,0.547,0.600003098
0.134,0.343,0.896,0.536,0.153322134
0.368,0.0,0.674,0.465,0.436722477
0.563,0.517,0.631,0.55,0.004559286
0.276,0.187,0.842,0.502,0.320394415
0.317,0.0,0.327,0.554,0.003438827
0.056,0.0,0.725,0.497,0.580564601
0.199,0.3,0.797,0.664,0.274613949
0.447,0.0,0.611,0.722,0.328963946
0.0,0.0,0.826,0.238,0.358971932
0.328,0.76,0.657,0.966,0.118247127
0.691,0.597,0.795,0.859,0.025033906
0.185,0.007,0.98,0.127,0.178099592
0.453,0.353,0.715,0.491,0.080767695
0.393,0.369,0.605,0.838,0.140065954
0.539,0.043,0.839,0.501,0.322881455
0.191,0.0,0.716,0.342,0.446837587
0.118,0.715,0.984,0.969,0.215701225
0.081,0.115,0.556,0.476,0.20406119
0.663,0.344,0.784,0.761,0.067514957
0.143,0.119,0.491,0.631,0.143979815
0.285,0.518,0.846,0.893,0.229461698
0.551,0.709,0.898,0.79,0.031135329
0.136,0.461,0.931,0.874,0.261423172
0.467,0.685,0.794,0.72,0.016481587
0.208,0.245,0.633,0.882,0.320303195
0.586,0.057,0.737,0.216,0.090877641
0.383,0.132,0.65,0.549,0.287235031
0.0,0.0,0.839,0.547,0.648921193
0.514,0.231,0.774,0.242,0.009146111
0.63,0.266,0.878,0.563,0.08775206
0.383,0.0,0.94,0.337,0.426734732
0.429,0.327,0.429,0.534,0.0
0.76,0.336,0.851,0.674,0.007638396
0.561,0.06,0.941,0.203,0.110476204
0.866,0.227,0.964,0.904,0.00037865
0.511,0.0,0.635,0.476,0.226480692
0.367,0.0,0.38,0.663,0.010581537
0.393,0.381,0.651,1.0,0.275651794
0.153,0.229,0.309,0.429,0.010035937
0.761,0.287,0.943,0.306,0.00074353
0.189,0.091,0.444,0.864,0.122205738
0.502,0.244,0.936,0.374,0.102836086
0.119,0.106,0.682,0.595,0.432972125
0.476,0.0,0.562,0.678,0.167783109
0.274,0.0,0.356,0.392,0.024369548
0.071,0.113,0.54,0.272,0.102398918
0.597,0.049,0.702,0.762,0.208047338
0.563,0.49,0.658,0.808,0.056114159
0.0,0.001,0.69,0.232,0.30499198
0.077,0.0,0.831,0.226,0.342973983
0.519,0.005,0.717,0.04,0.027894432
0.722,0.388,0.895,0.78,0.021684578
0.23,0.132,0.526,0.436,0.134126318
0.098,0.487,0.295,0.87,0.013917096
0.104,0.189,0.961,0.344,0.194622486
0.437,0.409,0.91,0.97,0.341996379
0.0,0.847,0.509,1.0,0.055687318
0.441,0.65,0.886,1.0,0.23459068
0.0,0.0,0.894,0.825,0.813201793
0.315,0.175,0.392,0.222,0.004920725
0.163,0.31,0.835,0.96,0.492728205
0.589,0.146,0.862,0.446,0.145912649
0.407,0.446,0.488,0.891,0.028051056
0.075,0.117,0.101,0.655,0.00113767
0.334,0.595,0.936,0.618,0.011152954
0.68,0.357,0.808,0.469,0.016245792
0.337,0.511,0.435,0.775,0.012331931
0.056,0.222,0.835,0.323,0.128937096
0.284,0.176,0.985,0.686,0.437488382
0.118,0.035,0.636,0.182,0.165459577
0.339,0.006,0.693,0.461,0.468594452
0.487,0.349,0.625,0.988,0.19347621
0.339,0.004,0.748,0.347,0.429664103
0.035,0.345,0.753,0.955,0.43633178
0.0,0.032,0.905,0.268,0.352765519
0.307,0.04,0.852,0.232,0.277119922
0.357,0.0,0.736,0.59,0.587430208
0.271,0.0,0.657,0.437,0.427867239
0.873,0.104,0.897,0.92,0.000268497
0.285,0.34,0.744,0.549,0.151301522
0.085,0.178,0.775,0.533,0.358292083
0.405,0.0,0.7,0.714,0.561145037
0.146,0.288,0.503,0.425,0.043257282
0.0,0.17,0.931,0.186,0.021737933
0.252,0.205,0.82,0.427,0.244504416
0.187,0.335,0.908,0.498,0.136308717
0.127,0.191,0.27,0.21,0.000612724
0.024,0.012,0.837,0.254,0.361185311
0.595,0.0,0.715,0.612,0.224391235
0.109,0.0,0.765,0.588,0.657864209
0.141,0.0,1.0,0.614,0.685799949
0.195,0.007,0.944,0.243,0.345889586
0.257,0.434,0.624,1.0,0.249130827
0.295,0.0,0.465,0.167,0.051313914
0.346,0.0,0.751,0.481,0.54167728
0.311,0.861,0.682,0.933,0.054888711
0.276,0.096,0.773,0.324,0.303485987
0.198,0.249,0.926,0.795,0.413883018
0.602,0.418,0.661,0.702,0.03115082
0.423,0.008,0.881,0.297,0.349357672
0.081,0.045,0.461,0.886,0.174166799
0.426,0.269,0.653,0.692,0.190744769
0.423,0.0,0.8,0.613,0.572785072
0.56,0.49,0.631,0.51,0.003206474
0.173,0.936,0.444,0.944,0.001891527
0.175,0.848,1.0,1.0,0.160421816
0.311,0.207,0.795,0.399,0.210561916
0.167,0.0,1.0,0.3,0.437462565
0.599,0.396,0.699,0.751,0.070198206
0.077,0.246,0.553,0.488,0.107266287
0.265,0.752,0.483,1.0,0.042577434
0.07,0.587,0.705,0.652,0.030514
0.122,0.0,0.981,0.603,0.681705369
0.04,0.256,0.141,0.407,0.0014251
0.28,0.001,0.841,0.365,0.479236229
0.246,0.115,0.702,0.707,0.488046718
0.002,0.0,0.646,0.267,0.305592656
0.368,0.0,0.601,0.57,0.345819019
0.403,0.0,0.723,0.524,0.509244215
0.284,0.449,0.61,1.0,0.220773409
0.412,0.0,0.622,0.252,0.207121368
0.331,0.154,0.605,0.285,0.110505463
0.108,0.25,0.434,0.496,0.042384667
0.245,0.842,1.0,1.0,0.157981247
0.595,0.234,0.703,0.417,0.059571919
0.397,0.0,0.55,0.539,0.206735833
0.0,0.142,0.929,0.181,0.060501332
0.402,0.721,0.438,0.735,0.000196209
0.23,0.102,0.925,0.325,0.310303402
0.293,0.0,0.676,0.43,0.449550095
0.662,0.685,0.746,0.946,0.040613619
0.382,0.136,0.594,0.451,0.187472892
0.166,0.156,0.322,0.602,0.019151067
0.388,0.244,0.474,0.667,0.04248105
0.473,0.121,0.566,0.83,0.158285887
0.076,0.036,0.786,0.876,0.799923237
0.322,0.655,0.779,0.961,0.211073093
0.553,0.014,0.606,0.591,0.111598384
0.564,0.314,0.65,0.604,0.058501373
0.316,0.318,0.804,1.0,0.49346313
0.411,0.227,0.893,0.572,0.275137174
0.111,0.434,0.96,1.0,0.423111743
0.453,0.0,0.495,0.373,0.04511955
0.727,0.092,0.876,0.93,0.051396529
0.324,0.429,0.555,1.0,0.142590859
