0.146,0.179,0.727,0.215,0.050231321
0.043,0.109,0.319,0.886,0.043684124
0.368,0.712,0.549,1.0,0.069786855
0.158,0.0,0.485,0.551,0.175197758
0.01,0.723,0.24,0.796,0.002025776
0.469,0.0,0.655,0.376,0.276255912
0.277,0.0,0.617,0.448,0.366145622
0.089,0.35,0.289,0.777,0.010987725
0.462,0.618,0.811,0.896,0.151365204
0.473,0.02,0.791,0.2,0.200001033
0.412,0.021,0.435,0.986,0.030152561
0.21,0.16,0.741,0.19,0.04537772
0.122,0.367,0.771,0.388,0.01868464
0.339,0.027,0.637,0.06,0.031278184
0.274,0.481,0.884,0.776,0.167795157
0.246,0.09,0.391,0.194,0.015247534
0.05,0.0,1.0,0.015,0.025352316
0.597,0.215,0.856,0.352,0.063420377
0.249,0.425,0.776,0.43,0.004395778
0.453,0.0,0.495,0.373,0.04511955
0.148,0.112,0.912,0.237,0.187271519
0.691,0.597,0.795,0.859,0.025033906
0.322,0.246,0.408,0.651,0.028310947
0.651,0.0,0.656,0.53,0.008844912
0.655,0.526,0.804,0.938,0.077695469
0.649,0.07,0.852,0.663,0.15474035
0.24,0.267,0.843,0.451,0.178980813
0.47,0.554,0.542,0.749,0.017720804
0.22,0.0,0.816,0.416,0.541315842
0.528,0.348,0.822,0.636,0.137938631
0.035,0.065,0.484,0.513,0.1477491
0.109,0.0,0.837,0.408,0.545985281
0.189,0.0,0.482,0.621,0.176882749
0.669,0.489,0.961,0.847,0.053831935
0.355,0.069,0.443,0.374,0.049716701
0.32,0.749,0.845,0.985,0.1953402
0.333,0.0,0.564,0.646,0.305107296
0.201,0.111,0.799,0.963,0.767366251
0.576,0.05,0.675,0.284,0.099159742
0.0,0.18,0.781,0.37,0.237177545
0.317,0.796,0.992,0.825,0.017216512
0.248,0.705,0.515,0.797,0.010984283
0.417,0.307,0.81,0.874,0.347330176
0.459,0.451,0.822,0.635,0.094047971
0.213,0.151,0.302,0.653,0.013607292
0.342,0.711,0.483,1.0,0.034489821
0.102,0.299,0.764,0.435,0.130639298
0.566,0.0,0.574,0.255,0.010541951
0.079,0.045,0.808,0.749,0.689536533
0.179,0.239,0.866,1.0,0.622212622
0.406,0.178,0.925,0.899,0.523954755
0.039,0.339,0.147,0.422,0.000581744
0.614,0.602,0.998,0.819,0.051083282
0.258,0.171,0.966,0.358,0.232645797
0.057,0.325,0.175,0.486,0.001564512
0.344,0.0,0.805,0.594,0.626078291
0.495,0.0,0.69,0.376,0.297415544
0.484,0.123,0.878,0.344,0.216480899
0.677,0.175,0.938,0.187,0.003213359
0.166,0.156,0.322,0.602,0.019151067
0.658,0.188,0.695,0.912,0.066096742
0.334,0.104,0.872,0.132,0.041985363
0.356,0.216,0.492,0.245,0.009605654
0.412,0.059,0.507,0.851,0.12304393
0.215,0.109,0.96,0.521,0.458938886
0.518,0.97,0.798,0.991,0.014966989
0.287,0.183,0.841,0.783,0.482669893
0.543,0.0,0.82,0.506,0.35417685
0.494,0.626,0.818,0.698,0.02883073
0.041,0.013,0.101,0.877,0.00353349
0.575,0.633,0.746,0.764,0.035570694
0.549,0.612,0.77,0.849,0.08829766
0.302,0.0,1.0,0.388,0.505514516
0.13,0.0,0.628,0.103,0.109011518
0.245,0.842,1.0,1.0,0.157981247
0.532,0.0,0.792,0.667,0.435082236
0.121,0.825,0.542,0.963,0.056522068
0.439,0.109,0.836,0.475,0.350349046
0.0,0.0,0.68,0.306,0.383468844
0.252,0.014,0.621,0.364,0.319101843
0.035,0.345,0.753,0.955,0.43633178
0.295,0.0,0.451,0.493,0.102985825
0.411,0.14,0.573,0.248,0.066138049
0.367,0.0,0.38,0.663,0.010581537
0.338,0.416,0.924,0.501,0.061614906
0.477,0.45,0.954,0.742,0.140876608
0.528,0.07,0.879,0.467,0.300754546
0.056,0.794,0.87,0.956,0.158027717
0.797,0.63,0.952,0.821,0.000829587
0.163,0.067,0.171,0.741,0.000655752
0.627,0.067,0.64,0.107,0.002175514
0.831,0.136,0.907,0.939,0.001530089
0.0,0.125,0.85,0.586,0.488790249
0.159,0.707,0.821,1.0,0.251612703
0.213,0.0,0.881,0.345,0.480423812
0.03,0.0,1.0,0.299,0.439169931
0.248,0.0,0.698,0.217,0.289713465
0.23,0.102,0.925,0.325,0.310303402
0.603,0.705,0.67,1.0,0.051745919
0.081,0.0,0.763,0.794,0.770827453
0.399,0.003,0.85,0.573,0.567934914
0.061,0.0,1.0,0.547,0.649731847
0.124,0.0,0.735,0.522,0.599624448
0.328,0.413,0.787,0.602,0.122730684
0.224,0.544,0.348,0.788,0.007764039
0.044,0.0,0.782,0.6,0.67606521
0.327,0.493,0.652,1.0,0.241693803
0.322,0.198,0.58,0.978,0.303064308
0.085,0.247,0.576,0.319,0.049439598
0.233,0.0,1.0,0.472,0.583693624
0.069,0.487,0.599,0.76,0.087177201
0.197,0.398,0.836,0.819,0.262013521
0.574,0.0,0.578,0.682,0.010182234
0.0,0.0,0.85,0.652,0.710276208
0.241,0.212,1.0,0.432,0.238323821
0.0,0.0,0.963,0.329,0.474730298
0.017,0.034,0.924,0.616,0.63993859
0.406,0.174,0.821,0.509,0.309492747
0.231,0.035,0.652,0.932,0.623431186
0.362,0.629,0.709,0.716,0.037307319
0.263,0.011,0.915,0.947,0.879035201
0.054,0.0,0.576,0.711,0.39380598
0.38,0.72,0.656,0.847,0.047809684
0.322,0.655,0.779,0.961,0.211073093
0.309,0.0,0.784,0.79,0.738915892
0.0,0.0,0.94,0.74,0.759161601
0.178,0.011,0.997,0.267,0.377417334
0.01,0.871,0.894,1.0,0.144769815
0.22,0.0,0.978,0.835,0.803325921
0.414,0.211,0.851,0.312,0.112875466
0.0,0.0,0.793,0.482,0.602421293
0.173,0.004,0.927,0.185,0.268507363
0.222,0.341,0.851,0.976,0.470379269
0.453,0.39,0.671,0.655,0.102806827
0.479,0.0,0.607,0.477,0.222902453
0.0,0.074,0.841,0.237,0.250769347
0.27,0.228,0.555,0.317,0.049573847
0.366,0.892,0.96,0.931,0.036376185
0.787,0.007,0.911,0.281,0.004225386
0.0,0.877,0.793,0.935,0.061504754
0.053,0.331,1.0,0.342,0.011820754
0.44,0.664,0.513,1.0,0.032269557
0.005,0.185,0.601,0.767,0.292260745
0.374,0.245,0.595,0.643,0.158306541
0.117,0.02,1.0,0.23,0.314105389
0.441,0.008,0.947,0.785,0.626902715
0.033,0.427,0.482,0.457,0.005289047
0.11,0.011,0.614,0.434,0.366341831
0.394,0.0,0.663,0.717,0.49443385
0.017,0.0,0.898,0.617,0.693094119
0.342,0.0,0.954,0.537,0.598588325
0.07,0.0,0.582,0.6,0.378629013
0.323,0.0,0.41,0.271,0.035796163
0.341,0.0,0.978,0.466,0.552659842
0.094,0.171,0.985,0.401,0.282180058
0.028,0.798,0.976,1.0,0.203642954
0.227,0.0,0.725,0.5,0.570563086
0.07,0.587,0.705,0.652,0.030514
0.315,0.249,1.0,0.501,0.235704254
0.335,0.568,0.379,0.634,0.001676385
0.781,0.041,0.996,0.485,0.00696199
0.74,0.385,0.964,0.64,0.010729555
0.287,0.0,0.487,0.623,0.165132562
0.975,0.406,0.995,0.715,0.0
0.081,0.383,0.75,0.853,0.294771881
0.296,0.878,0.531,1.0,0.039591265
0.1,0.485,0.311,0.995,0.030405568
0.187,0.335,0.908,0.498,0.136308717
0.162,0.094,0.663,0.69,0.4571403
0.317,0.442,0.668,0.481,0.019829195
0.36,0.519,0.972,0.733,0.111854833
0.722,0.388,0.895,0.78,0.021684578
0.093,0.606,0.329,0.953,0.026278287
0.237,0.311,0.355,0.625,0.013782848
0.423,0.008,0.881,0.297,0.349357672
0.526,0.102,0.942,0.79,0.410695476
0.157,0.0,0.486,0.518,0.17130283
0.05,0.103,0.221,0.107,0.000123922
0.443,0.0,0.872,0.476,0.481413465
0.864,0.621,0.897,0.712,6.885e-06
0.097,0.0,1.0,0.747,0.759006699
0.278,0.468,1.0,1.0,0.375544739
0.355,0.034,0.705,0.039,0.006796762
0.258,0.0,0.573,0.369,0.260955023
0.324,0.313,0.333,0.756,0.001681549
0.42,0.0,0.555,0.553,0.201284999
0.169,0.0,0.772,0.345,0.476274156
0.359,0.0,0.735,0.415,0.482504664
0.222,0.0,0.506,0.443,0.179008351
0.036,0.053,0.859,0.643,0.62498537
0.845,0.274,0.874,0.92,0.000330458
0.28,0.076,0.977,0.308,0.320291147
0.553,0.15,0.973,0.84,0.33908594
0.577,0.907,0.847,0.931,0.012560842
0.036,0.56,0.967,0.621,0.035173112
0.043,0.591,1.0,0.876,0.183889489
0.079,0.264,1.0,1.0,0.600240615
0.259,0.011,0.886,0.916,0.847939457
0.571,0.625,0.774,0.642,0.005633274
0.78,0.08,0.859,0.826,0.008586742
0.407,0.953,0.543,1.0,0.013314699
0.382,0.19,0.639,0.972,0.389978176
0.325,0.25,0.545,0.5,0.088832933
0.296,0.0,0.954,0.423,0.536310782
0.347,0.319,0.761,0.403,0.077056928
0.274,0.209,0.787,0.442,0.244838317
0.418,0.723,0.958,0.815,0.050157312
0.133,0.093,0.565,0.25,0.125043889
0.372,0.294,0.924,0.805,0.331686781
0.193,0.567,0.985,0.71,0.076282418
0.535,0.014,0.709,0.696,0.365314314
0.391,0.0,0.759,0.34,0.412988028
0.0,0.081,0.677,0.441,0.382448211
0.0,0.751,0.738,1.0,0.218912862
0.395,0.0,0.547,0.171,0.083493973
0.133,0.0,0.752,0.558,0.630405224
0.471,0.0,0.745,0.465,0.421867362
0.164,0.024,0.706,0.905,0.754801966
0.015,0.279,0.887,0.727,0.335802014
0.419,0.498,0.735,0.988,0.286257427
0.26,0.111,0.292,0.466,0.005215039
0.213,0.38,0.305,0.985,0.019371373
0.185,0.007,0.98,0.127,0.178099592
0.597,0.495,0.763,0.726,0.056571981
0.295,0.0,0.799,0.298,0.413803846
0.008,0.54,0.243,0.686,0.001569675
0.223,0.154,0.69,0.641,0.391556457
0.273,0.057,0.589,0.259,0.173089368
0.12,0.078,0.442,0.611,0.106892801
0.338,0.016,0.913,0.279,0.36257943
0.12,0.104,1.0,0.396,0.380300235
0.256,0.0,0.982,0.474,0.581065451
0.243,0.0,0.431,0.546,0.097180437
0.582,0.272,0.637,0.444,0.027625935
0.394,0.446,0.908,0.851,0.224988468
0.056,0.103,0.987,0.632,0.5428597
0.045,0.325,0.977,0.945,0.4700316
0.375,0.132,0.709,0.706,0.431710533
0.232,0.394,0.291,0.822,0.00571761
0.426,0.07,0.581,0.644,0.230441024
0.0,0.0,0.97,0.652,0.711684096
0.0,0.055,0.843,0.178,0.195238653
0.398,0.476,0.692,0.691,0.091151302
0.422,0.709,0.678,0.922,0.104701796
0.364,0.007,0.695,0.27,0.312410071
0.105,0.051,0.795,0.958,0.860810104
0.364,0.216,0.776,0.34,0.13874068
0.393,0.0,0.687,0.316,0.340836334
0.26,0.094,0.531,0.802,0.221577179
0.395,0.0,0.681,0.254,0.280205917
0.514,0.302,0.8,0.598,0.163220381
0.485,0.554,0.956,0.912,0.187966858
0.681,0.469,0.994,0.74,0.0323952
0.393,0.0,0.694,0.278,0.316786917
0.242,0.8,0.461,1.0,0.034300496
0.296,0.0,0.955,0.657,0.681269922
0.388,0.244,0.474,0.667,0.04248105
0.503,0.559,0.994,0.664,0.044243492
0.071,0.0,1.0,0.311,0.451372777
0.529,0.261,0.731,0.85,0.264736357
0.039,0.319,0.42,0.644,0.036050891
0.324,0.261,0.981,0.503,0.219807853
0.344,0.557,0.46,0.819,0.013364612
0.146,0.163,0.507,1.0,0.219069486
0.547,0.204,0.72,0.557,0.170087709
0.495,0.0,0.702,0.415,0.332111901
0.11,0.26,0.8,0.394,0.146052061
0.358,0.047,0.84,0.453,0.473386092
0.043,0.53,0.945,1.0,0.359145766
0.281,0.388,0.78,0.801,0.251550742
0.149,0.101,0.227,0.705,0.006679724
0.0,0.08,0.968,0.559,0.540327911
0.343,0.121,0.857,0.527,0.422583355
0.575,0.005,0.839,0.429,0.250476754
0.122,0.768,0.679,1.0,0.178905083
0.143,0.0,0.593,0.185,0.169380323
0.206,0.396,0.519,0.74,0.059663139
0.359,0.008,0.97,0.364,0.45237792
0.11,0.167,0.735,0.511,0.347051352
0.0,0.17,0.931,0.186,0.021737933
0.351,0.179,0.997,0.532,0.336922473
0.444,0.598,0.65,0.964,0.148991759
0.385,0.025,0.782,0.454,0.479817973
0.426,0.0,0.449,0.391,0.022040853
0.326,0.193,0.669,0.756,0.345225228
0.106,0.522,0.595,0.528,0.002886343
0.114,0.146,0.192,0.588,0.003894928
0.299,0.0,0.548,0.875,0.319332475
0.046,0.175,0.619,0.721,0.312683731
0.142,0.73,0.816,0.986,0.225917881
0.713,0.397,0.844,0.996,0.046000771
0.199,0.211,0.487,0.911,0.133852657
0.683,0.032,0.748,0.856,0.094720935
0.265,0.073,0.816,0.177,0.157432204
0.027,0.628,0.694,0.935,0.19110965
0.199,0.0,0.951,0.419,0.549183149
0.281,0.0,0.796,0.764,0.735941771
0.053,0.124,0.469,0.233,0.043188437
0.091,0.654,1.0,0.74,0.046128135
0.353,0.644,0.789,0.679,0.017466076
0.155,0.0,0.553,0.202,0.142831818
0.335,0.041,0.517,0.713,0.189860106
0.102,0.0,0.847,0.628,0.695455516
0.269,0.293,0.615,0.351,0.040090394
0.212,0.153,0.538,1.0,0.274624276
0.486,0.291,0.618,0.899,0.171252917
0.073,0.287,0.806,0.731,0.326754009
0.37,0.335,0.681,0.843,0.24793808
0.066,0.012,0.969,0.621,0.671841545
0.441,0.584,0.918,0.676,0.042648
0.336,0.466,0.862,0.882,0.248099867
0.016,0.637,0.061,0.792,7.4009e-05
0.162,0.401,0.598,0.52,0.04678733
0.262,0.297,0.863,0.989,0.526247306
0.401,0.288,0.791,0.706,0.273080418
0.201,0.073,0.439,0.981,0.142601186
0.025,0.858,0.265,0.879,0.001993074
0.506,0.464,0.794,0.678,0.095614204
0.377,0.0,0.683,0.148,0.171846709
0.315,0.175,0.392,0.222,0.004920725
0.036,0.601,0.077,0.757,0.000115316
0.088,0.11,0.647,0.22,0.131100562
0.115,0.213,0.439,0.614,0.065187982
0.29,0.251,0.594,1.0,0.308836995
0.132,0.282,0.856,0.321,0.045166021
0.407,0.453,0.596,0.667,0.055460128
0.0,0.0,0.672,0.615,0.563725018
0.577,0.039,0.691,0.946,0.293150572
0.166,0.595,0.489,0.718,0.012280297
0.268,0.0,0.478,0.41,0.128529187
0.295,0.0,0.437,0.528,0.09055751
0.008,0.104,0.626,0.646,0.373837373
0.376,0.0,0.501,0.439,0.123212601
0.035,0.087,0.593,0.29,0.184047834
0.156,0.49,0.701,0.959,0.288271154
0.751,0.462,0.945,0.808,0.009970534
0.0,0.341,0.727,0.487,0.116887431
0.167,0.007,0.816,0.338,0.459276228
0.666,0.582,0.843,0.823,0.034553503
0.198,0.249,0.926,0.795,0.413883018
0.201,0.066,0.388,0.575,0.057544422
0.322,0.504,0.608,0.603,0.032899493
0.104,0.0,0.718,0.383,0.491540622
0.465,0.363,0.98,0.892,0.294775323
0.283,0.0,0.8,0.305,0.422270108
0.087,0.163,0.761,0.26,0.136673597
0.082,0.304,0.471,0.698,0.063420377
0.39,0.731,0.957,0.958,0.165908794
0.536,0.04,0.547,0.115,0.003796823
0.276,0.833,0.947,0.969,0.129257227
0.031,0.0,0.716,0.276,0.385048846
0.199,0.0,0.67,0.813,0.632396577
0.004,0.485,0.86,1.0,0.389153752
0.268,0.2,1.0,0.272,0.097521222
0.316,0.851,1.0,0.987,0.133410325
0.0,0.0,0.747,0.596,0.655458063
0.4,0.0,0.808,0.345,0.421187514
0.407,0.117,0.807,0.2,0.111567403
0.129,0.165,0.507,0.504,0.11684096
0.061,0.169,1.0,0.403,0.289222942
0.223,0.483,0.64,0.578,0.040816713
0.798,0.7,0.862,0.88,0.000967278
0.112,0.659,0.677,0.733,0.031360798
0.319,0.003,0.789,0.076,0.095232112
0.098,0.487,0.295,0.87,0.013917096
0.298,0.218,0.873,0.828,0.460329563
0.092,0.046,1.0,0.093,0.071625027
0.134,0.169,0.179,0.364,0.001302899
0.364,0.468,0.905,0.7,0.126840754
0.771,0.382,0.818,0.998,0.008383648
0.677,0.473,0.788,0.626,0.022207803
0.292,0.0,0.801,0.403,0.517307732
0.248,0.668,0.583,1.0,0.128209056
0.202,0.0,0.743,0.633,0.658815997
0.173,0.096,0.222,0.703,0.004507652
0.155,0.0,0.8,0.182,0.274080398
0.366,0.017,0.756,0.142,0.167394133
0.177,0.0,0.651,0.462,0.445362574
0.9,0.356,0.948,0.433,6.885e-06
0.596,0.219,0.601,0.781,0.006555803
0.057,0.39,0.896,0.735,0.219535913
0.458,0.666,0.506,1.0,0.021705232
0.468,0.0,0.855,0.647,0.535575857
0.111,0.0,0.643,0.546,0.47446008
0.196,0.523,0.69,1.0,0.293703056
0.151,0.0,0.713,0.637,0.638134841
0.68,0.533,0.96,0.832,0.036522481
0.455,0.329,0.745,0.851,0.275491728
0.0,0.182,0.917,0.523,0.355944456
0.35,0.24,0.891,0.727,0.357873848
0.185,0.193,0.69,0.545,0.296949116
0.22,0.091,1.0,1.0,0.838275285
0.322,0.0,0.616,0.432,0.348097802
0.045,0.125,0.73,0.398,0.338628118
0.395,0.448,0.76,0.852,0.214566997
0.0,0.0,0.755,0.859,0.816719792
0.043,0.136,0.255,0.793,0.017483288
0.145,0.318,0.172,0.603,0.000640262
0.855,0.253,0.98,0.55,0.00027366
0.244,0.071,0.292,0.329,0.006350988
0.318,0.116,0.636,0.725,0.375296896
0.021,0.0,0.838,0.665,0.716880202
0.638,0.772,0.859,0.965,0.055695924
0.489,0.022,0.629,0.461,0.229310238
0.63,0.266,0.878,0.563,0.08775206
0.174,0.716,0.92,0.845,0.084533538
0.273,0.604,0.421,0.791,0.008006719
0.249,0.111,0.913,0.267,0.228348124
0.207,0.0,1.0,0.677,0.711494771
0.611,0.681,0.891,0.925,0.076614597
0.595,0.627,0.826,0.921,0.094092721
0.184,0.0,0.465,0.457,0.134298431
0.288,0.64,0.792,1.0,0.265615856
0.316,0.113,0.968,0.266,0.215179721
0.487,0.349,0.625,0.988,0.19347621
0.528,0.523,0.813,0.966,0.216430986
0.643,0.0,0.7,0.684,0.116269543
0.447,0.276,0.634,0.917,0.23867149
0.375,0.274,0.71,0.304,0.029872016
0.202,0.0,0.529,0.577,0.243883087
0.271,0.057,0.597,0.823,0.402181022
0.529,0.486,0.828,0.949,0.221363758
0.272,0.888,0.367,0.898,0.000707386
0.551,0.0,0.648,0.64,0.208704812
0.804,0.455,0.884,0.498,3.6144e-05
0.214,0.319,0.802,0.985,0.503738305
0.022,0.189,0.506,0.71,0.134978279
0.577,0.0,0.673,0.523,0.177958459
0.391,0.212,0.467,0.296,0.013646878
0.505,0.03,0.71,0.932,0.525350595
0.121,0.0,0.701,0.266,0.357794675
0.351,0.656,0.58,0.973,0.098633075
0.0,0.833,0.68,1.0,0.147709514
0.05,0.231,0.766,0.463,0.23519824
0.334,0.133,0.378,0.618,0.021188891
0.313,0.0,0.71,0.213,0.283985529
0.393,0.086,0.746,0.164,0.106940993
0.301,0.207,0.882,0.487,0.279033824
0.082,0.0,0.776,0.651,0.698766979
0.37,0.065,0.905,0.526,0.487735193
0.5,0.326,0.89,0.845,0.26750222
0.138,0.129,0.505,0.865,0.18786359
0.077,0.438,0.784,0.819,0.231654424
0.326,0.463,0.389,0.481,0.000721156
0.023,0.248,0.632,0.357,0.091865572
0.038,0.0,0.768,0.371,0.506924125
0.236,0.447,0.852,0.734,0.17057479
0.116,0.0,0.775,0.83,0.80018485
0.221,0.269,0.995,0.991,0.570404742
0.217,0.611,0.893,1.0,0.296506785
0.0,0.0,0.928,0.542,0.648860953
0.608,0.725,0.786,0.988,0.09225627
0.248,0.436,0.987,0.564,0.088363063
0.775,0.499,0.917,0.5,6.024e-05
0.225,0.904,0.701,1.0,0.090698643
0.05,0.456,0.486,0.855,0.054100432
0.019,0.0,0.918,0.336,0.480336034
0.358,0.319,0.888,0.706,0.256738243
0.189,0.091,0.444,0.864,0.122205738
0.0,0.691,0.797,1.0,0.265627904
0.223,0.054,0.614,0.094,0.037446731
0.501,0.344,0.659,0.783,0.14115199
0.633,0.175,0.782,0.28,0.038210915
0.679,0.12,0.926,0.356,0.048381101
0.15,0.636,0.969,0.791,0.086378595
0.059,0.126,0.577,0.157,0.025687938
0.792,0.238,0.793,0.847,0.000149739
0.0,0.513,0.802,1.0,0.368006169
0.205,0.513,0.64,1.0,0.243015635
0.504,0.483,0.614,0.532,0.010492038
0.352,0.671,0.751,0.723,0.024879004
0.107,0.166,0.246,0.204,0.001135949
0.0,0.198,0.771,0.919,0.588285612
0.347,0.0,0.94,0.758,0.711093747
0.13,0.359,0.83,0.866,0.339764067
0.074,0.103,0.753,0.585,0.497839976
0.278,0.092,0.52,0.094,0.0
0.323,0.665,0.693,0.759,0.041076604
0.4,0.514,0.83,0.923,0.241070752
0.096,0.012,0.379,0.555,0.066771426
0.089,0.108,0.583,0.545,0.272099371
0.714,0.446,0.913,0.962,0.038806427
0.069,0.258,0.206,0.726,0.005182337
0.554,0.142,0.754,0.267,0.086898377
0.218,0.087,0.782,0.207,0.179927437
0.077,0.307,0.984,0.343,0.04029693
0.142,0.107,0.713,0.868,0.620152424
0.397,0.793,0.403,1.0,0.000843356
0.339,0.3,0.479,0.417,0.022615712
0.437,0.409,0.91,0.97,0.341996379
0.95,0.418,0.992,0.526,0.0
0.584,0.58,0.777,0.649,0.017510826
0.117,0.197,0.49,0.198,0.000784837
0.085,0.275,0.468,0.35,0.021250852
0.092,0.0,1.0,0.514,0.628818338
0.0,0.0,0.755,0.42,0.546916415
0.925,0.845,0.947,0.897,2.0654e-05
0.189,0.51,0.58,0.905,0.123099007
0.265,0.729,0.746,0.978,0.195224883
0.088,0.488,0.128,0.923,0.002113554
0.306,0.0,0.509,0.462,0.169574811
0.153,0.0,0.927,0.293,0.426915451
0.382,0.584,0.871,0.684,0.048193497
0.012,0.0,0.815,0.467,0.594937798
0.152,0.481,0.599,0.738,0.081077499
0.312,0.25,0.71,0.788,0.349075406
0.185,0.0,0.46,0.299,0.096832768
0.195,0.11,0.438,0.841,0.106378182
0.417,0.81,0.585,1.0,0.071506268
0.591,0.18,0.948,0.69,0.19529545
0.175,0.003,0.875,0.424,0.54420907
0.134,0.167,0.845,0.456,0.32819632
0.004,0.773,0.922,1.0,0.219596153
0.1,0.015,0.727,0.773,0.704870123
0.501,0.498,0.534,0.954,0.025335105
0.018,0.172,0.381,0.308,0.020199239
0.168,0.258,0.788,0.844,0.432264738
0.051,0.049,0.995,0.133,0.130420714
0.246,0.087,0.486,0.147,0.024149243
0.167,0.0,1.0,0.3,0.437462565
0.19,0.453,0.852,1.0,0.399950431
0.015,0.0,0.616,0.573,0.439245661
0.421,0.0,0.483,0.338,0.057312069
0.164,0.946,0.923,0.988,0.048730491
0.071,0.0,0.708,0.551,0.594335401
0.207,0.898,0.803,0.963,0.068974479
0.287,0.191,0.585,0.485,0.165602432
0.078,0.194,0.102,0.892,0.001370023
0.41,0.505,0.884,0.608,0.055176141
0.28,0.001,0.841,0.365,0.479236229
0.115,0.0,0.784,0.797,0.780102648
0.137,0.111,0.246,0.762,0.011195982
0.256,0.0,0.724,0.51,0.568454696
0.0,0.075,0.865,0.425,0.458092088
0.429,0.458,0.668,1.0,0.246036226
0.163,0.175,0.701,0.53,0.326600828
0.195,0.174,1.0,0.349,0.22406594
0.552,0.352,0.829,0.461,0.053479102
0.279,0.215,0.736,0.508,0.267662286
0.367,0.026,0.591,0.929,0.411664475
0.161,0.527,0.942,0.646,0.069635395
0.344,0.145,0.95,0.83,0.549988641
0.136,0.135,0.983,0.732,0.543291705
0.232,0.491,0.852,0.62,0.080020722
0.064,0.285,0.875,0.375,0.10287223
0.052,0.53,0.533,0.92,0.089215025
0.464,0.24,0.76,1.0,0.475694134
0.126,0.694,0.491,0.902,0.035073286
0.837,0.321,0.947,0.468,0.000161787
0.391,0.081,0.422,0.524,0.020849828
0.093,0.26,0.752,0.423,0.167165222
0.104,0.389,0.863,0.425,0.031395221
0.411,0.938,0.699,0.94,0.002433685
0.074,0.145,0.877,0.428,0.343992895
0.403,0.585,0.9,1.0,0.27508554
0.193,0.0,0.441,0.823,0.137780287
0.397,0.0,0.55,0.539,0.206735833
0.149,0.0,1.0,0.443,0.57358712
0.147,0.698,0.626,0.708,0.003135908
0.118,0.0,0.636,0.306,0.324915837
0.196,0.0,0.652,0.226,0.261564305
0.391,0.251,0.432,0.794,0.019030588
0.673,0.627,0.958,0.842,0.02914914
0.782,0.007,0.81,0.734,0.005325191
0.595,0.234,0.703,0.417,0.059571919
0.6,0.361,0.879,0.866,0.153452941
0.149,0.0,0.491,0.398,0.157320331
0.784,0.725,0.81,0.917,0.001475013
0.181,0.312,0.858,0.946,0.472035001
0.013,0.392,0.147,0.855,0.00313935
0.178,0.0,0.576,0.609,0.358546811
0.656,0.0,0.659,0.571,0.005757196
0.347,0.148,0.4,0.902,0.031854764
0.129,0.361,0.697,0.786,0.238151708
0.277,0.0,0.55,0.279,0.175409458
0.559,0.096,0.578,0.121,0.002445733
0.334,0.519,0.956,0.873,0.204238467
0.431,0.397,0.556,0.564,0.030123302
0.054,0.493,0.823,0.783,0.169259843
0.184,0.0,0.851,0.25,0.373782297
0.026,0.224,0.612,0.293,0.060955712
0.046,0.0,0.984,0.614,0.691687951
0.364,0.035,0.719,0.053,0.024355779
0.253,0.056,0.304,0.554,0.010485153
0.221,0.124,0.905,0.276,0.222052212
0.409,0.226,0.417,0.241,0.000230632
0.55,0.312,0.851,0.399,0.047906067
0.38,0.683,0.978,1.0,0.233366953
0.63,0.282,0.63,0.961,0.0
0.563,0.49,0.658,0.808,0.056114159
0.087,0.25,0.705,0.338,0.097961832
0.336,0.509,0.726,0.729,0.107440122
0.114,0.099,0.418,0.464,0.067769685
0.0,0.0,0.785,0.135,0.204431234
0.348,0.697,0.732,1.0,0.214863032
0.597,0.737,0.741,0.821,0.023090745
0.045,0.714,0.597,0.844,0.043670354
0.513,0.103,0.968,0.377,0.236874626
0.5,0.437,0.782,0.699,0.118754862
0.307,0.104,0.761,0.234,0.18501339
0.681,0.449,0.946,0.488,0.005786455
0.345,0.0,0.465,0.338,0.082220333
0.541,0.634,0.814,0.78,0.054165835
0.249,0.429,0.258,0.628,0.000165229
0.22,0.293,0.848,1.0,0.547680599
0.401,0.18,0.416,0.481,0.006533428
0.314,0.744,0.779,1.0,0.208876925
0.659,0.212,0.757,0.811,0.101903231
0.227,0.325,0.317,0.524,0.005075627
0.077,0.246,0.553,0.488,0.107266287
0.313,0.079,0.792,0.407,0.404127626
0.318,0.0,0.33,0.323,0.003204753
0.278,0.065,0.599,0.479,0.293164341
0.001,0.0,0.909,0.646,0.708305508
0.71,0.138,0.736,0.541,0.017028908
0.206,0.0,0.447,0.336,0.091975725
0.48,0.476,0.652,1.0,0.191749912
0.416,0.095,0.729,0.688,0.462434511
0.355,0.178,0.53,0.178,0.0
0.399,0.0,0.513,0.519,0.133663332
0.367,0.828,0.815,0.981,0.137002334
0.418,0.058,0.817,0.16,0.133412047
0.303,0.084,0.828,0.397,0.390620159
0.011,0.0,0.743,0.227,0.334113581
0.128,0.015,0.572,0.209,0.158695517
0.24,0.0,0.496,0.604,0.187395441
0.0,0.063,0.751,0.171,0.165302954
0.274,0.001,0.623,0.865,0.52224911
0.071,0.735,0.204,0.903,0.005268394
0.8,0.373,0.903,0.784,0.001012027
0.229,0.0,0.831,0.79,0.768120108
0.007,0.022,0.874,0.706,0.707305529
0.412,0.73,0.673,0.837,0.044444865
0.307,0.225,0.972,0.666,0.359601867
0.376,0.249,0.78,1.0,0.54320909
0.414,0.186,0.889,0.546,0.31190922
0.0,0.007,0.832,0.559,0.643100315
0.371,0.112,0.514,0.544,0.116921854
0.137,0.065,0.83,0.131,0.103397176
0.257,0.434,0.624,1.0,0.249130827
0.344,0.716,0.924,0.99,0.21469264
0.05,0.217,0.851,0.912,0.56495735
0.487,0.39,0.63,0.844,0.12084432
0.425,0.48,0.5,0.74,0.016068515
0.828,0.166,0.95,0.33,0.000777953
0.203,0.017,0.915,0.505,0.583483646
0.283,0.0,0.854,0.485,0.581495735
0.342,0.209,0.581,0.794,0.212992159
0.067,0.315,0.708,0.798,0.298825153
0.448,0.208,0.978,0.989,0.540930308
0.233,0.069,0.699,0.282,0.278374629
0.06,0.431,0.275,0.539,0.001660895
0.075,0.74,0.988,1.0,0.239802276
0.022,0.298,0.848,0.81,0.364343594
0.286,0.419,0.812,1.0,0.408762642
0.489,0.571,0.568,1.0,0.072915878
0.06,0.0,1.0,0.668,0.71933454
0.239,0.257,0.95,0.627,0.304563417
0.0,0.248,0.902,0.519,0.259270032
0.382,0.136,0.594,0.451,0.187472892
0.034,0.476,0.371,0.484,0.000471591
0.258,0.091,0.784,0.892,0.704827095
0.01,0.796,0.229,0.857,0.002860526
0.196,0.045,0.583,0.768,0.378742608
0.276,0.24,0.46,0.395,0.032715331
0.467,0.111,0.791,0.272,0.175803598
0.005,0.004,0.133,0.061,0.000912201
0.346,0.457,0.488,0.471,0.001777932
0.429,0.005,0.802,0.722,0.606667332
0.0,0.542,0.935,1.0,0.350588284
0.104,0.0,0.526,0.491,0.230275795
0.516,0.418,0.532,0.964,0.016300868
0.266,0.383,0.851,1.0,0.44434022
0.866,0.227,0.964,0.904,0.00037865
0.341,0.089,0.531,0.194,0.055033287
0.6,0.117,0.788,0.87,0.268288779
0.276,0.024,0.556,0.327,0.194178433
0.151,0.08,0.258,0.998,0.026422862
0.117,0.42,0.984,1.0,0.433676069
0.108,0.275,0.784,0.956,0.532842695
0.397,0.0,0.74,0.572,0.549890536
0.552,0.0,0.569,0.676,0.042501704
0.515,0.0,0.821,0.609,0.44940552
0.561,0.06,0.941,0.203,0.110476204
0.014,0.609,0.45,0.794,0.015667491
0.0,0.079,0.955,0.671,0.602262948
0.175,0.646,0.246,0.74,0.000929413
0.455,0.144,0.901,0.529,0.328907148
0.123,0.0,0.96,0.579,0.667068839
0.519,0.0,0.531,0.59,0.022071833
0.118,0.498,0.869,0.98,0.355178551
0.63,0.352,0.759,0.695,0.07511893
0.019,0.057,0.85,0.466,0.510435241
0.26,0.374,0.936,1.0,0.456102456
0.51,0.496,0.744,1.0,0.250795164
0.112,0.197,0.525,0.377,0.083886391
0.504,0.525,0.879,0.702,0.076191197
0.352,0.546,0.781,0.634,0.048252015
0.219,0.0,1.0,0.477,0.589900036
0.28,0.0,0.399,0.519,0.057275925
0.108,0.102,1.0,0.987,0.828807322
0.075,0.204,0.887,0.888,0.556880064
0.178,0.396,0.447,0.727,0.032799667
0.273,0.673,0.825,0.998,0.253357934
0.335,0.519,0.749,1.0,0.312561531
0.124,0.0,0.608,0.429,0.364343594
0.063,0.497,0.163,0.671,0.000598955
0.0,0.0,0.815,0.483,0.604811949
0.434,0.118,0.943,0.232,0.141358526
0.359,0.702,0.697,0.913,0.116897758
0.067,0.298,0.481,0.335,0.011275154
0.227,0.176,0.561,1.0,0.313330878
0.472,0.133,0.517,0.821,0.05658575
0.478,0.363,0.948,0.404,0.029305763
0.316,0.0,0.422,0.602,0.07413272
0.454,0.0,0.673,0.562,0.397198337
0.265,0.198,0.668,0.373,0.165803804
0.848,0.248,0.932,0.835,0.000456101
0.653,0.852,0.716,0.97,0.020395448
0.349,0.662,0.353,0.77,9.122e-05
0.11,0.298,0.997,0.49,0.173936167
0.166,0.277,0.527,0.485,0.069986506
0.339,0.004,0.748,0.347,0.429664103
0.004,0.018,0.37,0.877,0.084647133
0.415,0.165,0.462,0.247,0.011003215
0.44,0.174,0.598,0.229,0.036729018
0.114,0.649,0.547,0.675,0.00520127
0.325,0.357,0.979,0.652,0.198049266
0.217,0.0,0.542,0.522,0.255956848
0.6,0.482,0.92,0.588,0.032145636
0.3,0.168,0.489,0.923,0.132914639
0.606,0.0,0.657,0.422,0.079810744
0.043,0.228,0.901,0.277,0.062759461
0.266,0.939,0.868,1.0,0.062986651
0.0,0.583,0.91,1.0,0.325776404
-0.0,0.427,0.985,0.495,0.049408618
0.295,0.125,1.0,0.248,0.1799326
0.586,0.057,0.737,0.216,0.090877641
0.185,0.719,0.333,0.842,0.006471467
0.369,0.073,0.774,0.243,0.229546033
0.486,0.328,0.612,0.355,0.009450751
0.315,0.0,0.891,0.661,0.676767433
0.073,0.287,0.758,0.3,0.017299126
0.0,0.0,0.71,0.605,0.625668661
0.0,0.0,0.908,0.614,0.691930631
0.157,0.005,0.586,0.404,0.307215686
0.281,0.0,0.822,0.663,0.68507363
0.233,0.0,0.503,0.483,0.179848265
0.046,0.0,0.801,0.651,0.706546509
0.175,0.148,0.492,0.296,0.060997019
0.289,0.0,1.0,0.105,0.149496052
0.018,0.289,0.594,0.343,0.036083592
0.311,0.0,0.687,0.312,0.37149663
0.304,0.075,0.752,0.092,0.02867927
0.006,0.089,0.852,0.906,0.755781292
0.004,0.0,0.732,0.311,0.431460968
0.112,0.273,0.884,0.402,0.137215755
0.198,0.353,0.648,0.657,0.147361845
0.294,0.091,0.537,0.484,0.17460913
0.128,0.0,0.809,0.507,0.617136995
0.118,0.353,0.306,0.415,0.002660874
0.005,0.416,0.55,0.642,0.056668365
0.504,0.07,0.878,1.0,0.620761705
0.353,0.584,0.974,0.651,0.033823742
0.289,0.0,0.85,0.472,0.57056825
0.345,0.029,0.752,0.449,0.481291264
0.184,0.288,0.868,1.0,0.560821463
0.0,0.441,0.919,1.0,0.421235706
0.4,0.738,0.606,0.934,0.070323849
0.76,0.336,0.851,0.674,0.007638396
0.02,0.254,0.036,0.433,2.5817e-05
0.085,0.0,0.975,0.407,0.549241668
0.193,0.513,0.6,0.679,0.053393045
0.436,0.0,0.753,0.5,0.486434015
0.448,0.519,0.971,0.523,0.002910439
0.345,0.729,0.955,0.81,0.04546894
0.274,0.0,0.356,0.392,0.024369548
0.383,0.327,0.722,0.554,0.14967505
0.0,0.0,0.841,0.702,0.736268786
0.595,0.0,0.715,0.612,0.224391235
0.676,0.154,0.866,0.263,0.024268001
0.126,0.091,0.741,0.881,0.687935877
0.07,0.251,1.0,0.633,0.319277399
0.497,0.765,0.521,0.849,0.002953467
0.089,0.76,0.295,0.96,0.017755227
0.37,0.026,0.473,0.38,0.078988042
0.219,0.0,1.0,0.491,0.599588305
0.367,0.465,0.7,0.897,0.213747737
0.354,0.521,0.786,1.0,0.319557944
0.145,0.0,0.995,0.52,0.628277901
0.542,0.271,0.663,0.38,0.043716825
0.552,0.901,0.892,0.974,0.044739179
0.622,0.481,0.871,0.595,0.029684413
0.116,0.209,0.978,0.385,0.207997425
0.257,0.0,0.954,0.006,0.01395324
0.2,0.0,0.532,0.643,0.262302672
0.142,0.97,0.997,0.98,0.010078966
0.591,0.181,0.954,0.407,0.108335112
0.129,0.0,0.85,0.131,0.200167983
0.08,0.301,0.303,0.408,0.006029135
0.116,0.0,0.981,0.034,0.051804438
0.465,0.161,0.875,0.539,0.307158888
0.318,0.115,0.583,0.187,0.060666561
0.066,0.0,0.892,0.496,0.615541503
0.586,0.372,0.722,0.764,0.103875651
0.51,0.0,0.806,0.581,0.445174971
0.667,0.178,0.867,0.415,0.053563438
0.237,0.31,0.807,0.981,0.505120376
0.74,0.155,0.761,0.858,0.014490234
0.484,0.124,0.816,0.383,0.243750559
0.068,0.527,0.941,0.988,0.348204512
0.32,0.068,0.784,0.2,0.194276538
0.234,0.176,0.635,0.733,0.32272139
0.501,0.315,0.933,0.925,0.333258177
0.481,0.424,0.81,0.621,0.100149395
0.604,0.159,0.701,0.54,0.107503804
0.445,0.389,0.733,0.857,0.232592442
0.37,0.0,0.478,0.627,0.114791089
0.31,0.154,0.565,0.363,0.127921626
0.642,0.359,0.735,0.926,0.101405823
0.299,0.0,0.876,0.537,0.61294259
0.088,0.062,0.667,0.445,0.395117485
0.342,0.0,0.579,0.652,0.336330403
0.618,0.382,0.816,0.752,0.093010127
0.153,0.328,0.827,0.338,0.008798441
0.22,0.136,0.234,0.829,0.0024268
0.346,0.102,0.601,0.264,0.139819832
0.071,0.0,1.0,0.371,0.516287099
0.033,0.179,0.857,0.294,0.155631897
0.488,0.031,0.608,0.263,0.123887286
0.541,0.0,0.889,0.4,0.309348172
0.41,0.584,0.637,0.673,0.02692027
0.497,0.047,0.961,0.32,0.269923857
0.441,0.638,0.969,0.664,0.01269337
0.099,0.119,0.108,0.497,0.00037865
0.131,0.226,0.231,0.277,0.000791722
0.403,0.221,0.784,0.579,0.286002699
0.347,0.227,0.962,0.301,0.090745114
0.327,0.335,0.471,0.611,0.036649845
0.264,0.345,0.983,0.922,0.39630851
0.009,0.27,0.65,0.325,0.050186571
0.352,0.068,0.601,0.566,0.300888794
0.247,0.3,0.645,0.389,0.067931471
0.0,0.0,0.683,0.336,0.413907114
0.081,0.744,0.278,0.797,0.002295994
0.499,0.0,0.538,0.609,0.069043324
0.298,0.496,0.488,0.542,0.006655628
0.24,0.632,0.518,1.0,0.07604318
0.141,0.6,1.0,1.0,0.311580484
0.313,0.363,0.996,0.765,0.252387214
0.18,0.0,0.943,0.629,0.689792982
0.602,0.379,0.625,0.721,0.01493945
0.472,0.0,0.673,0.794,0.452610273
0.22,0.111,0.295,0.146,0.001318389
0.07,0.635,0.543,0.935,0.081726367
0.712,0.381,0.997,0.456,0.005378546
0.0,0.0,0.748,0.881,0.832065431
0.47,0.798,0.937,0.909,0.076815969
0.0,0.728,0.915,1.0,0.246469952
0.469,0.885,0.719,0.952,0.048988661
0.123,0.0,0.88,0.101,0.151977928
0.263,0.0,0.691,0.748,0.634398257
0.197,0.189,0.996,0.798,0.49446483
0.114,0.053,1.0,0.348,0.411155019
0.481,0.561,0.671,1.0,0.185612345
0.08,0.35,0.909,0.746,0.266521173
0.506,0.004,0.642,0.484,0.243714416
0.15,0.281,0.201,0.883,0.00404983
0.696,0.924,0.859,0.954,0.004468066
0.075,0.117,0.101,0.655,0.00113767
0.078,0.009,0.807,0.442,0.557067668
0.046,0.516,0.956,1.0,0.368152465
0.768,0.641,0.877,0.867,0.003607499
0.239,0.0,0.711,0.523,0.565905696
0.008,0.071,0.02,0.447,5.6797e-05
0.57,0.195,0.645,0.766,0.105290424
0.297,0.25,0.826,0.795,0.399218949
0.363,0.689,0.567,0.897,0.047190075
0.81,0.327,0.983,0.585,0.000419957
0.457,0.0,0.519,0.296,0.060033183
0.444,0.106,0.727,0.62,0.394134717
0.146,0.129,0.329,0.249,0.008423234
0.405,0.0,0.7,0.714,0.561145037
0.61,0.092,0.645,0.243,0.021331745
0.06,0.517,0.644,1.0,0.256538591
0.222,0.201,0.672,0.215,0.016335291
0.195,0.101,0.608,0.665,0.34765547
0.273,0.007,0.54,0.489,0.229439323
0.385,0.907,0.718,1.0,0.08104824
0.352,0.0,0.558,0.669,0.282462324
0.629,0.163,0.636,0.72,0.010037658
0.201,0.429,0.725,0.432,0.001839893
0.155,0.0,0.774,0.377,0.509973976
0.035,0.109,0.766,0.886,0.685326637
0.47,0.104,0.961,0.614,0.403650871
0.396,0.0,0.928,0.597,0.593932655
0.269,0.014,0.741,0.313,0.396759447
0.705,0.299,0.742,0.871,0.026897895
0.032,0.789,1.0,0.961,0.163490599
0.291,0.171,0.645,0.69,0.320361714
0.133,0.322,0.996,0.673,0.256555803
0.055,0.0,0.878,0.539,0.645737093
0.392,0.266,0.709,0.71,0.26710808
0.529,0.144,0.57,0.813,0.082316716
0.292,0.226,0.899,0.547,0.291685886
0.375,0.384,0.766,0.47,0.061120941
0.203,0.051,0.774,0.189,0.207505181
0.0,0.0,0.948,0.271,0.405148259
0.3,0.0,0.498,0.717,0.18634727
0.425,0.0,0.61,0.14,0.102290486
0.083,0.326,0.758,0.896,0.394281013
0.47,0.299,0.718,0.562,0.150835095
0.001,0.533,0.321,0.72,0.005258067
0.755,0.262,0.788,0.29,0.00075902
0.291,0.201,0.788,0.791,0.454245351
0.309,0.0,0.867,0.458,0.557193311
0.395,0.477,0.975,0.523,0.029202495
0.545,0.114,0.625,0.931,0.189670781
0.03,0.113,0.221,0.354,0.007084191
0.318,0.428,0.96,0.858,0.254695256
0.456,0.168,0.503,0.711,0.043558481
0.009,0.007,0.738,0.265,0.368820265
0.265,0.0,0.377,0.556,0.046799378
0.088,0.271,0.096,0.956,0.000526667
0.161,0.707,0.273,0.798,0.002450896
0.167,0.157,0.59,0.369,0.161690292
0.203,0.744,0.722,0.817,0.043164341
0.275,0.569,0.568,0.804,0.053362065
0.035,0.698,0.975,0.7,0.0
0.344,0.199,0.839,1.0,0.631579038
0.086,0.748,0.977,0.88,0.100813753
0.311,0.632,0.772,1.0,0.262309556
0.145,-0.0,0.601,0.273,0.254891465
0.829,0.542,0.868,0.904,0.000347669
0.278,0.061,0.627,0.561,0.369820245
0.127,0.471,0.704,0.757,0.146077878
0.029,0.646,0.122,0.838,0.001196189
0.571,0.217,0.855,0.566,0.163726395
0.288,0.0,0.563,0.792,0.345827625
0.033,0.032,0.888,0.041,0.011457595
0.237,0.027,0.559,0.089,0.043494799
0.351,0.611,0.353,1.0,0.000426841
0.028,0.123,0.775,0.538,0.452219575
0.103,0.69,0.338,0.736,0.001822682
0.143,0.312,0.771,0.564,0.202458813
0.072,0.24,0.66,0.483,0.187911782
0.128,0.139,0.786,0.257,0.168788252
0.285,0.0,0.453,0.319,0.082327043
0.495,0.407,0.754,0.745,0.151845401
0.576,0.156,0.88,0.166,0.005493862
0.137,0.037,0.809,0.735,0.690021893
0.432,0.664,0.468,0.711,0.00071255
0.119,0.171,0.826,0.601,0.418468121
0.482,0.054,0.84,0.529,0.404552746
0.024,0.489,0.62,0.493,0.000968999
0.419,0.106,0.884,0.525,0.401554529
0.476,0.163,0.505,0.686,0.028529531
0.569,0.0,0.636,0.565,0.132415509
0.244,0.335,0.687,0.696,0.205093871
0.414,0.452,0.787,0.538,0.051296703
0.0,0.316,0.329,0.467,0.008483474
0.689,0.422,0.854,0.423,0.000335621
0.61,0.539,0.954,0.685,0.032914983
0.424,0.456,0.512,0.538,0.007755434
0.235,0.0,0.398,0.823,0.082122228
0.292,0.422,0.394,0.899,0.020770655
0.251,0.155,0.644,1.0,0.515992785
0.401,0.0,0.938,0.703,0.641382622
0.125,0.056,0.198,0.243,0.002932814
0.088,0.0,0.546,0.829,0.340714133
0.523,0.14,0.687,0.188,0.035925248
0.028,0.788,0.731,0.993,0.19183769
0.528,0.764,0.829,1.0,0.143480685
0.475,0.054,0.675,0.696,0.372932056
0.403,0.772,0.982,1.0,0.184364523
0.266,0.056,1.0,0.494,0.511562584
0.106,0.649,0.975,0.932,0.209897558
0.449,0.094,0.484,0.134,0.004617805
0.355,0.455,0.52,0.989,0.081671291
0.586,0.076,0.692,0.156,0.0392195
0.344,0.051,0.545,0.318,0.144740556
0.652,0.88,0.922,0.921,0.010400818
0.0,0.0,0.969,0.441,0.578199762
0.187,0.027,0.312,0.167,0.007955085
0.579,0.0,0.586,0.227,0.007918941
0.16,0.171,0.75,0.393,0.262686485
0.715,0.227,0.748,0.28,0.00295691
0.379,0.225,0.512,0.538,0.066093299
0.0,0.498,0.849,1.0,0.380327773
0.429,0.092,0.483,0.285,0.031142214
0.221,0.0,0.757,0.489,0.582487109
0.656,0.512,0.701,0.808,0.02529724
0.409,0.104,0.451,0.607,0.035744529
0.335,0.0,0.745,0.034,0.046000771
0.437,0.599,0.861,0.735,0.063189745
0.426,0.216,0.454,0.273,0.003960331
0.32,0.291,0.349,0.548,0.004753774
0.036,0.138,0.874,0.496,0.405785078
0.54,0.424,0.68,0.646,0.062978045
0.182,0.245,0.847,0.444,0.205605048
0.07,0.0,0.837,0.254,0.381926707
0.068,0.301,0.871,0.408,0.106953041
0.205,0.31,0.938,1.0,0.532181779
0.378,0.392,0.585,0.401,0.00338203
0.236,0.059,0.485,0.429,0.124820141
0.396,0.0,0.79,0.523,0.548048922
0.089,0.403,0.317,0.667,0.00665735
0.142,0.078,0.737,0.311,0.315243059
0.195,0.0,0.514,0.43,0.190803288
0.363,0.203,0.849,0.542,0.304506619
0.114,0.826,0.663,0.84,0.008101382
0.117,0.0,0.933,0.376,0.521450504
0.327,0.232,0.457,0.973,0.079476844
0.736,0.614,0.83,0.758,0.004184079
0.645,0.071,0.716,0.682,0.11640035
0.149,0.152,0.494,0.791,0.147690581
0.501,0.742,0.514,1.0,0.006373362
0.374,0.598,0.937,0.794,0.098455798
0.536,0.527,0.751,0.628,0.037395097
0.182,0.02,0.59,0.545,0.351794799
0.163,0.027,0.765,0.261,0.338187507
0.366,0.827,0.587,1.0,0.075828038
0.039,0.178,0.781,0.717,0.463835515
0.251,0.502,0.768,1.0,0.346967016
0.508,0.58,0.936,0.732,0.062458262
0.006,0.0,0.664,0.641,0.557713094
0.228,0.769,0.96,1.0,0.21031063
0.188,0.402,0.898,0.998,0.44188244
0.789,0.049,0.998,0.098,0.000802049
0.624,0.269,0.889,0.429,0.05484052
0.291,0.871,0.699,0.892,0.018371393
0.172,0.0,0.883,0.441,0.568871211
0.178,0.046,0.859,0.643,0.629143632
0.424,0.374,0.725,0.82,0.228122655
0.62,0.929,0.827,0.95,0.006986086
0.146,0.697,0.917,1.0,0.259696874
0.038,0.0,0.72,0.619,0.644287898
0.109,0.633,0.604,0.966,0.14885579
0.432,0.665,0.848,0.734,0.032539775
0.514,0.552,0.655,1.0,0.149780039
0.025,0.0,0.734,0.572,0.632472307
0.0,0.729,0.74,1.0,0.233015841
0.762,0.193,0.971,0.66,0.011894763
0.718,0.046,0.823,0.354,0.025951271
0.233,0.0,0.568,0.334,0.239415021
0.516,0.499,0.709,0.928,0.177746759
0.307,0.168,0.778,0.217,0.070229186
0.184,0.138,0.707,0.251,0.154339325
0.544,0.13,0.689,0.896,0.303117664
0.737,0.008,0.745,0.469,0.004054994
0.3,0.227,0.489,0.88,0.101405823
0.057,0.862,0.293,0.942,0.009352647
0.193,0.0,0.657,0.744,0.57176616
0.094,0.076,0.354,0.206,0.015600366
0.428,0.0,0.693,0.372,0.364806579
0.381,0.052,0.896,0.261,0.27735916
0.412,0.0,0.622,0.252,0.207121368
0.215,0.091,0.368,0.476,0.035691173
0.301,0.746,0.839,1.0,0.212658258
0.524,0.105,0.533,0.995,0.021183728
0.207,0.291,0.889,1.0,0.554093547
0.662,0.554,0.704,0.757,0.015276793
0.139,0.201,1.0,0.516,0.31829291
0.188,0.26,0.788,0.882,0.462921592
0.093,0.411,0.464,0.727,0.037307319
0.231,0.0,0.418,0.462,0.078963946
0.287,0.232,0.633,0.366,0.105288703
0.354,0.417,0.714,1.0,0.349047868
0.158,0.0,0.937,0.51,0.61967739
0.334,0.325,0.499,0.417,0.021646713
0.034,0.0,0.914,0.593,0.679409375
0.307,0.0,0.753,0.218,0.306566818
0.865,0.485,0.998,0.528,3.442e-06
0.404,0.052,0.785,0.698,0.56184726
0.522,0.292,0.552,0.585,0.021348957
0.377,0.249,0.751,0.718,0.319525242
0.505,0.0,0.589,0.662,0.185266397
0.125,0.147,0.744,0.315,0.223029817
0.344,0.413,0.981,0.419,0.004244319
0.055,0.178,0.116,0.542,0.001679828
0.143,0.009,0.728,0.429,0.516755248
0.498,0.242,0.783,0.508,0.179631402
0.58,0.244,0.7,0.259,0.007332034
0.362,0.188,0.845,0.593,0.356443585
0.434,0.603,0.904,0.776,0.082435475
0.0,0.0,0.768,0.448,0.572205049
0.398,0.0,0.547,0.211,0.10314589
0.429,0.098,0.786,0.863,0.57486076
0.311,0.409,0.798,1.0,0.408695517
0.087,0.08,0.866,0.364,0.391017741
0.745,0.131,0.957,0.837,0.029116438
0.285,0.119,0.384,0.72,0.039945819
0.351,0.436,0.391,0.769,0.007056653
0.173,0.0,1.0,0.717,0.736582033
0.424,0.0,0.64,0.684,0.40637887
0.236,0.37,0.62,0.758,0.150034767
0.486,0.294,0.854,0.618,0.193878956
0.806,0.097,0.882,0.893,0.003363097
0.61,0.678,0.789,0.888,0.06034643
0.339,0.0,0.984,0.264,0.369572401
0.889,0.347,0.935,0.846,5.6797e-05
0.244,0.0,0.961,0.452,0.567998596
0.092,0.59,0.788,1.0,0.315921186
0.296,0.0,0.954,0.359,0.480669935
0.325,0.291,0.632,0.771,0.210530936
0.064,0.077,0.762,0.39,0.410408047
0.215,0.053,0.494,0.136,0.035992372
0.174,0.134,0.756,0.157,0.033694657
0.151,0.395,0.229,0.991,0.010390491
0.111,0.112,1.0,0.183,0.108624262
0.003,0.407,0.526,0.547,0.031322933
0.22,0.574,0.97,0.914,0.225315484
0.08,0.242,0.866,0.53,0.271667367
0.374,0.217,0.513,0.664,0.084173821
0.58,0.113,0.887,0.7,0.257588484
0.292,0.191,0.844,0.603,0.376033541
0.346,0.0,0.728,0.719,0.646637247
0.146,0.525,0.81,0.626,0.062453099
0.53,0.158,0.576,0.189,0.008240794
0.508,0.0,0.834,0.588,0.452586177
0.025,0.376,0.648,0.486,0.060182922
0.233,0.353,0.868,1.0,0.478590804
0.404,0.823,0.597,1.0,0.077137822
0.044,0.23,0.912,0.499,0.269080501
0.489,0.391,0.599,0.676,0.059497911
0.381,0.06,0.942,0.524,0.487132796
0.347,0.723,0.589,0.867,0.038907974
0.14,0.0,0.787,0.889,0.856615698
0.374,0.203,0.852,0.285,0.097022092
0.309,0.0,0.81,0.625,0.659748852
0.372,0.001,0.561,0.349,0.194662072
0.342,0.142,0.551,0.824,0.211663442
0.511,0.0,0.635,0.476,0.226480692
0.381,0.571,0.814,0.988,0.276366065
0.003,0.103,0.934,0.597,0.523622576
0.195,0.004,0.737,0.347,0.451348681
0.135,0.796,0.408,0.908,0.015121891
0.034,0.494,0.918,0.977,0.358004654
0.449,0.0,0.748,0.117,0.134544553
0.683,0.044,0.836,0.074,0.005791619
0.214,0.326,0.794,0.966,0.471121078
0.082,0.068,0.69,0.47,0.43382925
0.443,0.757,0.822,0.905,0.097166668
0.039,0.06,0.793,0.334,0.387584077
0.106,0.0,0.574,0.516,0.333616173
0.495,0.129,0.738,0.722,0.364211066
0.467,0.685,0.794,0.72,0.016481587
0.153,0.421,0.4,0.49,0.005184058
0.594,0.0,0.638,0.54,0.080461333
0.447,0.231,0.847,0.802,0.363517449
0.114,0.449,0.341,0.512,0.00224436
0.042,0.23,1.0,0.947,0.587777877
0.505,0.353,0.946,0.575,0.11969116
0.639,0.301,0.715,0.449,0.029887507
0.331,0.0,0.53,0.468,0.196049307
0.007,0.204,0.944,0.467,0.283694657
0.46,0.122,0.608,0.407,0.153855686
0.012,0.352,0.641,0.635,0.138893861
0.499,0.403,0.763,0.947,0.275758504
0.056,0.0,0.725,0.497,0.580564601
0.311,0.207,0.795,0.399,0.210561916
0.258,0.577,0.651,1.0,0.218093602
0.285,0.901,1.0,0.932,0.030398684
0.448,0.447,0.617,0.943,0.150014113
0.194,0.243,0.467,0.323,0.022465973
0.209,0.261,1.0,0.584,0.279911603
0.141,0.648,0.27,0.666,0.000237517
0.349,0.634,0.63,1.0,0.162167046
0.0,0.0,0.876,0.446,0.581433774
0.195,0.006,0.728,0.693,0.663936373
0.154,0.065,1.0,0.497,0.51345239
0.051,0.315,0.321,0.885,0.028066546
0.0,0.125,0.75,0.252,0.189934115
0.572,0.441,0.96,0.598,0.057587451
0.692,0.048,0.98,0.168,0.019737974
0.316,0.749,0.967,0.768,0.012151212
0.344,0.0,0.394,0.457,0.031190406
0.301,0.716,0.849,0.845,0.07865242
0.044,0.0,0.692,0.362,0.44892016
0.323,0.141,0.823,0.643,0.463513662
0.424,0.099,0.535,0.91,0.163043104
0.658,0.0,0.699,0.392,0.05904181
0.372,0.0,0.497,0.807,0.152191349
0.601,0.316,0.85,0.508,0.070182716
0.827,0.611,0.905,0.791,0.000230632
0.041,0.37,0.373,0.831,0.028992517
0.208,0.256,0.634,0.341,0.068828183
0.0,0.716,0.891,0.762,0.027551927
0.331,0.154,0.605,0.285,0.110505463
0.25,0.398,1.0,1.0,0.434257812
0.08,0.046,0.354,0.292,0.028994238
0.542,0.446,0.722,0.738,0.098522922
0.0,0.0,0.885,0.716,0.744862412
0.604,0.014,0.856,0.021,0.002796844
0.036,0.221,0.343,0.812,0.034415812
0.344,0.058,0.537,0.592,0.198892622
0.276,0.132,0.778,0.668,0.491447681
0.017,0.429,0.323,0.629,0.005325191
0.227,0.0,0.593,0.713,0.419354506
0.294,0.0,0.684,0.472,0.486120769
0.12,0.666,0.268,0.684,0.0003339
0.345,0.0,0.762,0.457,0.531202454
0.099,0.41,0.577,0.426,0.007304496
0.141,0.65,0.542,0.982,0.097543596
0.278,0.513,0.855,1.0,0.344070346
0.369,0.559,0.8,1.0,0.295064474
0.427,0.131,0.844,0.814,0.507054932
0.487,0.0,0.607,0.259,0.139442903
0.597,0.0,0.752,0.626,0.254943099
0.365,0.587,0.696,0.701,0.047787309
0.658,0.153,0.737,0.385,0.04848609
0.016,0.588,0.611,0.81,0.074325487
0.032,0.321,0.761,0.781,0.310594273
0.229,0.222,0.612,0.416,0.138167542
0.338,0.635,0.725,0.865,0.120013012
0.329,0.157,0.764,0.546,0.374214302
0.514,0.223,0.603,0.532,0.082829615
0.288,0.06,0.959,0.402,0.436278425
0.491,0.174,0.601,0.293,0.056663201
0.014,0.148,0.66,0.247,0.114859934
0.427,0.0,0.602,0.795,0.351694974
0.509,0.575,0.983,0.784,0.089917248
0.138,0.036,0.418,0.503,0.08493112
0.478,0.202,0.955,0.253,0.053575486
0.229,0.141,0.912,0.351,0.276190509
0.288,0.186,0.852,0.95,0.617241985
0.094,0.43,1.0,0.998,0.428440376
0.438,0.109,0.489,0.352,0.034720453
0.589,0.0,0.774,0.565,0.268261241
0.346,0.0,0.751,0.481,0.54167728
0.018,0.289,0.117,0.527,0.00095523
0.235,0.0,0.41,0.492,0.073700715
0.254,0.0,0.935,0.189,0.282467488
0.175,0.761,1.0,1.0,0.221689053
0.246,0.141,0.904,0.947,0.695025232
0.807,0.81,0.984,0.967,0.000982768
0.8,0.128,0.887,0.471,0.002545558
0.0,0.417,0.926,1.0,0.43910797
0.078,0.203,0.751,0.319,0.141718243
0.605,0.055,0.995,0.963,0.339640145
0.294,0.149,0.34,0.601,0.010994609
0.23,0.351,0.595,0.433,0.040171287
0.0,0.0,0.879,0.528,0.63960469
0.617,0.716,0.769,0.733,0.003402684
0.193,0.332,0.24,0.352,0.000356275
0.221,0.376,0.691,0.654,0.153535555
0.567,0.548,0.813,0.982,0.174101395
0.0,0.0,0.808,0.432,0.567905654
0.174,0.401,0.283,0.409,0.000163508
0.316,0.2,0.741,0.485,0.274533056
0.005,0.0,0.855,0.27,0.404220567
0.053,0.083,0.834,0.245,0.246540519
0.26,0.061,0.85,0.837,0.709276228
0.818,0.074,0.902,0.648,0.002137649
0.19,0.608,0.518,1.0,0.087607485
0.484,0.0,0.616,0.388,0.206933764
0.065,0.193,0.595,0.402,0.151781719
0.382,0.572,0.453,0.81,0.007576436
0.235,0.0,0.649,0.807,0.572769581
0.455,0.0,0.575,0.557,0.206105898
0.382,0.325,0.754,0.97,0.418659167
0.339,0.0,0.617,0.326,0.285734202
0.455,0.942,0.665,0.991,0.031274741
0.324,0.031,0.662,0.273,0.268552113
0.293,0.305,0.916,0.607,0.232081265
0.326,0.663,0.718,0.748,0.038923465
0.605,0.003,0.945,0.54,0.235618197
0.076,0.029,0.374,0.825,0.077459674
0.141,0.0,1.0,0.688,0.723589186
0.107,0.127,0.865,0.693,0.53385128
0.043,0.272,0.288,0.672,0.012302672
0.329,0.137,0.337,0.386,0.001950046
0.05,0.661,0.552,0.917,0.075050085
0.33,0.067,0.39,0.666,0.03642954
0.186,0.436,0.613,0.654,0.080709176
0.425,0.0,0.796,0.229,0.285815095
0.239,0.294,0.578,0.741,0.156946844
0.0,0.025,0.75,0.526,0.581394188
0.808,0.288,0.976,0.7,0.001005143
0.408,0.174,0.569,0.189,0.010769141
0.071,0.87,0.535,0.99,0.054064288
0.154,0.696,0.63,0.758,0.02171728
0.089,0.0,0.585,0.69,0.409019091
0.465,0.002,0.663,0.745,0.417302913
0.201,0.117,0.797,0.678,0.534761761
0.039,0.312,0.99,0.477,0.148563197
0.024,0.211,0.895,0.893,0.556064247
0.658,0.684,0.691,0.854,0.01290679
0.09,0.247,0.733,0.423,0.182127047
0.37,0.488,0.709,0.803,0.147964242
0.143,0.285,0.949,0.338,0.060682051
0.511,0.717,0.574,0.953,0.03761196
0.232,0.0,0.873,0.545,0.632788996
0.172,0.0,1.0,0.155,0.233167301
0.368,0.0,0.787,0.253,0.342216684
0.356,0.058,0.567,0.737,0.28116631
0.334,0.209,0.564,0.288,0.047067875
0.085,0.178,0.775,0.533,0.358292083
0.473,0.013,0.55,0.625,0.130697817
0.071,0.113,0.54,0.272,0.102398918
0.146,0.0,0.707,0.403,0.495597337
0.112,0.654,0.831,0.888,0.157785037
0.345,0.041,0.866,0.875,0.737893537
0.627,0.637,0.683,0.978,0.046585957
0.177,0.0,0.778,0.711,0.721152059
0.162,0.577,0.914,0.938,0.252299436
0.77,0.309,0.84,0.954,0.009941275
0.699,0.62,0.891,0.922,0.028687876
0.406,0.064,0.527,0.164,0.039580938
0.041,0.473,0.904,0.615,0.090134111
0.152,0.412,0.47,0.636,0.03007511
0.055,0.335,0.436,0.965,0.083435454
0.167,0.0,0.863,0.454,0.579180809
0.272,0.602,0.6,0.648,0.014113306
0.091,0.0,1.0,0.772,0.775474517
0.437,0.0,0.712,0.579,0.489062188
0.129,0.457,0.934,1.0,0.404800589
0.113,0.206,0.767,0.582,0.345090979
0.202,0.442,0.936,0.613,0.109625963
0.366,0.249,0.463,0.805,0.048568704
0.039,0.0,0.911,0.506,0.625234935
0.315,0.346,0.935,0.826,0.305630521
0.248,0.107,0.395,0.288,0.026052818
0.352,0.359,0.533,0.541,0.039307278
0.451,0.0,0.885,0.502,0.488205063
0.0,0.0,0.954,0.508,0.625914783
0.323,0.031,0.727,0.067,0.047066154
0.0,0.129,0.854,0.394,0.339414676
0.407,0.318,0.674,0.872,0.256027414
0.202,0.0,0.876,0.325,0.461073093
0.033,0.059,0.935,0.829,0.729508169
0.441,0.304,0.634,0.601,0.116076776
0.135,0.0,0.74,0.528,0.606631188
0.002,0.789,0.568,0.91,0.049389686
0.341,0.265,0.891,0.491,0.200302231
0.665,0.831,0.796,0.88,0.009877593
0.292,0.102,0.729,0.375,0.334531817
0.278,0.054,0.471,0.613,0.128437967
0.233,0.0,0.47,0.44,0.131295051
0.299,0.003,0.926,0.336,0.444746408
0.154,0.592,1.0,1.0,0.313570116
0.095,0.488,0.985,1.0,0.386059152
0.536,0.074,0.609,0.854,0.174221875
0.302,0.196,0.451,0.723,0.067007222
0.142,0.175,0.599,0.319,0.122000923
0.32,0.099,0.917,0.211,0.163645501
0.452,0.804,0.6,0.883,0.023195734
0.349,0.19,0.416,0.415,0.020228498
0.156,0.001,0.725,0.422,0.516192437
0.478,0.201,0.578,0.411,0.070177552
0.246,0.091,0.596,0.43,0.254106628
0.193,0.026,0.623,0.464,0.371424342
0.498,0.031,0.545,0.891,0.102435062
0.199,0.7,0.394,0.808,0.006030857
0.204,0.957,0.758,0.977,0.021405754
0.171,0.04,0.713,0.94,0.780782497
0.799,0.051,0.992,0.151,0.001277082
0.339,0.006,0.693,0.461,0.468594452
0.062,0.586,0.103,0.929,0.001220285
0.367,0.259,0.725,0.364,0.100328393
0.104,0.104,0.949,0.858,0.680306087
0.543,0.694,0.706,1.0,0.132465422
0.213,0.029,0.612,0.394,0.317088115
0.467,0.684,0.894,1.0,0.208906184
0.064,0.686,0.896,1.0,0.270078759
0.193,0.033,0.255,0.885,0.014775943
0.344,0.0,0.403,0.681,0.045348461
0.215,0.86,0.462,0.975,0.0249031
0.447,0.0,0.607,0.241,0.159354712
0.332,0.057,0.858,0.388,0.418468121
0.0,0.0,0.872,0.646,0.707787447
0.329,0.707,0.413,0.883,0.005051531
0.33,0.169,0.89,0.669,0.434275024
0.026,0.0,1.0,0.421,0.562608001
0.416,0.098,0.594,0.159,0.044388068
0.191,0.0,0.716,0.342,0.446837587
0.228,0.069,0.852,0.242,0.258688289
0.0,0.0,0.826,0.238,0.358971932
0.288,0.083,0.776,0.143,0.090428425
0.203,0.069,0.723,0.792,0.630649625
0.213,0.33,0.762,0.545,0.168265027
0.252,0.0,0.789,0.558,0.630327773
0.798,0.296,0.817,0.688,0.000753857
0.015,0.1,0.839,0.565,0.513374939
0.753,0.009,0.794,0.1,0.001851941
0.688,0.346,0.84,0.619,0.034625791
0.637,0.003,0.662,0.436,0.039632572
0.043,0.0,0.636,0.433,0.413559445
0.035,0.491,0.331,0.734,0.007762318
0.0,0.0,0.801,0.61,0.68490668
0.171,0.0,1.0,0.111,0.163967354
0.077,0.0,1.0,0.295,0.434794806
0.09,0.734,0.654,0.922,0.109474503
0.529,0.1,0.874,0.991,0.534252305
0.293,0.0,0.676,0.43,0.449550095
0.628,0.025,0.69,0.145,0.033661955
0.459,0.269,0.556,0.919,0.112753265
0.215,0.184,0.618,0.496,0.213305405
0.128,0.331,0.347,0.507,0.009510991
0.367,0.043,0.752,0.969,0.772354099
0.318,0.601,0.865,0.921,0.201648159
0.099,0.355,0.799,0.362,0.00825112
0.365,0.406,0.91,0.614,0.130252043
0.222,0.0,1.0,0.464,0.581857173
0.025,0.0,0.957,0.426,0.567673301
0.139,0.202,0.84,0.999,0.680300923
0.396,0.0,0.77,0.454,0.500280545
0.11,0.452,0.77,1.0,0.401175879
0.307,0.0,0.346,0.33,0.011337115
0.442,0.432,0.865,0.819,0.20102855
0.039,0.526,0.849,0.907,0.25468665
0.446,0.213,0.851,0.253,0.046126414
0.326,0.0,0.421,0.604,0.06967326
0.126,0.0,0.62,0.606,0.453357246
0.626,0.397,0.929,0.943,0.142625281
0.04,0.04,0.609,0.083,0.041028412
0.315,0.633,0.831,0.706,0.037016447
0.219,0.111,0.741,0.551,0.455713479
0.044,0.071,0.836,0.579,0.564311925
0.416,0.625,0.989,0.815,0.098269915
0.388,0.0,0.667,0.795,0.537859803
0.247,0.6,0.816,0.834,0.133221001
0.381,0.17,0.831,0.241,0.090290734
0.297,0.54,0.819,0.973,0.29560491
0.139,0.647,0.893,0.976,0.260645219
0.697,0.298,0.975,0.89,0.061585647
0.878,0.303,0.914,0.947,0.000132527
0.339,0.0,0.611,0.77,0.440765423
0.38,0.557,0.605,1.0,0.156017432
0.0,0.243,0.892,0.362,0.141604648
0.375,0.357,0.692,1.0,0.360742979
0.545,0.065,0.779,0.185,0.099738043
0.659,0.187,0.992,0.195,0.002476713
0.339,0.894,0.732,0.983,0.083674692
0.48,0.035,0.584,0.537,0.175254556
0.0,0.0,0.905,0.821,0.811718174
0.235,0.0,0.945,0.547,0.632918081
0.04,0.036,0.814,0.615,0.636818172
0.646,0.155,0.804,0.836,0.160669659
0.023,0.409,0.052,0.567,1.8932e-05
0.037,0.346,0.84,0.359,0.014151171
0.464,0.095,0.972,0.174,0.091605681
0.078,0.049,0.579,0.079,0.026028722
0.137,0.208,0.523,0.359,0.069211996
0.008,0.316,0.542,0.911,0.162950163
0.345,0.0,0.392,0.548,0.032278163
0.365,0.733,0.494,0.871,0.010824217
0.011,0.06,0.998,0.55,0.565977983
0.966,0.085,0.984,0.614,1.0327e-05
0.0,0.0,0.645,0.506,0.465523948
0.063,0.001,0.312,0.936,0.057504836
0.579,0.144,0.705,1.0,0.281646506
0.357,0.016,0.967,0.534,0.565389355
0.672,0.758,0.898,0.9,0.026701686
0.463,0.321,0.608,0.48,0.053682196
0.293,0.749,0.502,0.895,0.019820589
0.255,0.771,0.874,0.943,0.143904085
0.254,0.189,0.764,0.856,0.514435158
0.095,0.725,0.439,0.914,0.027130249
0.418,0.0,0.465,0.381,0.044973254
0.01,0.45,0.037,0.819,2.4096e-05
0.035,0.0,0.697,0.409,0.493874481
0.849,0.719,0.885,0.826,6.024e-05
0.029,0.035,0.885,0.415,0.505469767
0.065,0.341,0.279,0.499,0.004581661
0.072,0.921,0.758,0.95,0.030322954
0.0,0.0,0.821,0.492,0.61288235
0.502,0.486,0.513,1.0,0.008548877
0.363,0.468,0.936,0.681,0.119393403
0.226,0.363,0.429,0.996,0.063891968
0.301,0.232,0.914,0.73,0.381212436
0.162,0.038,0.459,0.118,0.02810269
0.214,0.0,0.445,0.518,0.115088845
0.318,0.731,0.408,1.0,0.013837924
0.499,0.154,0.67,0.991,0.381226205
0.0,0.0,0.742,0.367,0.495044853
0.316,0.0,0.567,0.656,0.321742064
0.548,0.086,0.791,0.165,0.067005501
0.515,0.025,0.638,0.575,0.234871225
0.095,0.0,0.802,0.493,0.608662127
0.388,0.18,0.54,0.579,0.113970107
0.069,0.508,0.988,0.759,0.145193215
0.522,0.124,0.956,0.958,0.503803708
0.864,0.326,0.908,0.404,6.024e-05
0.136,0.247,0.957,0.639,0.332191074
0.247,0.0,0.644,0.567,0.469739007
0.4,0.649,0.963,0.973,0.220467047
0.247,0.041,0.78,0.797,0.702432996
0.072,0.131,0.114,0.924,0.003268435
0.372,0.0,0.71,0.29,0.351834386
0.232,0.061,1.0,0.172,0.169006836
0.315,0.0,0.317,0.453,0.000509456
0.597,0.049,0.702,0.762,0.208047338
0.284,0.176,0.985,0.686,0.437488382
0.584,0.554,0.585,0.652,0.000244401
0.12,0.066,0.732,0.872,0.706636008
0.555,0.0,0.748,0.311,0.218825085
0.461,0.423,0.47,1.0,0.00555066
0.089,0.465,0.326,0.728,0.007669377
0.385,0.346,0.518,0.71,0.049221014
0.186,0.451,0.515,0.563,0.020615753
0.327,0.35,0.744,0.372,0.019781003
0.156,0.331,0.928,0.781,0.304640868
0.178,0.0,1.0,0.553,0.646583892
0.417,0.0,0.574,0.494,0.233387606
0.328,0.76,0.657,0.966,0.118247127
0.133,0.0,0.961,0.646,0.702682561
0.0,0.461,0.87,0.727,0.159143013
0.081,0.106,0.652,0.343,0.253001659
0.106,0.0,0.775,0.73,0.737067393
0.007,0.276,0.181,0.835,0.006029135
0.511,0.533,0.543,1.0,0.030942562
0.181,0.227,0.474,0.339,0.034484658
0.77,0.523,0.985,0.57,0.000841635
0.422,0.678,0.423,1.0,0.000261612
0.442,0.236,0.866,1.0,0.521934142
0.371,0.054,0.516,0.741,0.162292689
0.32,0.528,0.618,0.552,0.008101382
0.5,0.852,0.746,1.0,0.104240532
0.496,0.186,0.885,0.981,0.501497387
0.431,0.116,0.862,0.756,0.49382801
0.036,0.268,0.466,0.562,0.058928215
0.0,0.0,0.735,0.606,0.653026099
0.0,0.0,0.875,0.396,0.540579196
0.184,0.196,0.732,0.627,0.367352137
0.25,0.093,0.846,0.241,0.217085017
0.46,0.796,0.587,0.802,0.001459522
0.059,0.895,0.9,0.905,0.008965391
0.311,0.0,0.546,0.15,0.089972324
0.319,0.112,0.944,0.737,0.555016075
0.152,0.114,0.928,0.592,0.499537015
0.112,0.035,0.537,0.188,0.100008261
0.009,0.0,0.814,0.437,0.572686967
0.113,0.618,0.317,0.896,0.016211369
0.215,0.221,0.607,0.886,0.30534137
0.424,0.053,0.68,0.547,0.384585861
0.322,0.0,0.327,0.447,0.00166778
0.241,0.663,0.851,1.0,0.264615877
0.303,0.0,0.678,0.28,0.331555975
0.097,0.82,0.895,0.93,0.105641536
0.002,0.0,0.646,0.267,0.305592656
0.487,0.018,0.709,0.34,0.286068102
0.836,0.245,0.936,0.616,0.000526667
0.244,0.033,0.408,0.267,0.041018086
0.457,0.0,0.68,0.557,0.404946886
0.0,0.0,0.861,0.624,0.694727476
0.573,0.062,0.989,0.544,0.261039359
0.121,0.537,0.966,0.624,0.05012461
0.19,0.161,0.311,0.199,0.001991353
0.32,0.089,0.586,0.437,0.230976297
0.252,0.781,0.523,0.845,0.010304434
0.872,0.194,0.891,0.36,0.00010671
0.056,0.0,0.579,0.361,0.284620627
0.149,0.0,0.503,0.507,0.194094098
0.711,0.432,0.757,0.61,0.010147811
0.74,0.013,0.945,0.328,0.017824072
0.378,0.0,0.578,0.246,0.167951781
0.203,0.57,1.0,1.0,0.321471846
0.391,0.056,0.6,0.571,0.285202371
0.524,0.881,0.641,1.0,0.046807983
0.396,0.909,0.842,0.975,0.06105898
0.002,0.664,0.353,0.723,0.002545558
0.402,0.721,0.438,0.735,0.000196209
0.283,0.51,0.94,0.964,0.309670024
0.361,0.802,0.564,1.0,0.067688791
0.136,0.052,0.869,0.355,0.418015463
0.54,0.332,0.596,0.463,0.020445361
0.135,0.727,0.792,1.0,0.241626679
0.032,0.476,1.0,1.0,0.395601124
0.576,0.0,0.623,0.728,0.106455633
0.717,0.164,0.746,0.974,0.028190468
0.08,0.561,0.547,0.81,0.051613392
0.689,0.62,0.698,0.875,0.004536911
0.195,0.007,0.944,0.243,0.345889586
0.222,0.044,0.988,0.337,0.409179156
0.057,0.905,0.508,0.998,0.036648124
0.378,0.0,0.506,0.347,0.111360867
0.783,0.259,0.916,0.997,0.007319987
0.191,0.618,0.705,0.725,0.051029927
0.338,0.104,0.775,0.666,0.515280235
0.313,0.522,0.839,0.98,0.31177153
0.244,0.702,0.445,0.827,0.008426676
0.118,0.666,0.797,0.917,0.182968682
0.635,0.003,0.856,0.311,0.118252291
0.536,0.319,0.554,1.0,0.031761822
0.312,0.0,0.593,0.46,0.323433939
0.02,0.413,0.94,1.0,0.443696516
0.245,0.602,0.255,0.631,2.9259e-05
0.118,0.092,0.278,0.832,0.02399262
0.358,0.0,0.913,0.328,0.432022058
0.382,0.0,0.421,0.582,0.032978665
0.704,0.848,0.846,0.938,0.010602191
0.22,0.0,0.93,0.305,0.434803412
0.157,0.436,0.938,1.0,0.41881579
0.232,0.218,0.864,1.0,0.641917895
0.533,0.468,0.619,0.994,0.110369493
0.294,0.205,0.341,0.546,0.008292428
0.513,0.0,0.816,0.241,0.231826537
0.349,0.684,0.796,0.961,0.194940896
0.257,0.389,0.994,0.783,0.242151625
0.196,0.15,0.436,0.289,0.034371063
0.25,0.254,0.503,0.297,0.014960104
0.244,0.479,0.374,0.504,0.001185862
0.057,0.746,0.988,0.981,0.218394801
0.093,0.077,0.143,0.594,0.003022313
0.317,0.582,0.799,0.873,0.166082628
0.235,0.273,0.716,0.339,0.069530406
0.101,0.273,0.286,0.594,0.00975195
0.045,0.616,0.469,0.88,0.032777292
0.325,0.0,0.958,0.352,0.466654733
0.458,0.294,0.973,0.56,0.178831074
0.0,0.07,0.832,0.775,0.674084184
0.025,0.495,0.587,0.613,0.036997515
0.225,0.289,0.821,0.734,0.319366898
0.351,0.487,0.735,0.947,0.269266383
0.231,0.312,0.672,0.946,0.361436597
0.424,0.371,0.776,0.883,0.292527521
0.021,0.0,0.97,0.402,0.546410401
0.345,0.0,0.737,0.57,0.585013735
0.468,0.0,0.567,0.648,0.186474634
0.131,0.747,0.71,1.0,0.208954376
0.256,0.625,0.653,1.0,0.202875328
0.134,0.0,0.924,0.636,0.696722271
0.125,0.0,0.516,0.527,0.219386174
0.236,0.684,0.916,1.0,0.254745169
0.535,0.354,0.542,0.957,0.010104783
0.387,0.0,0.474,0.107,0.022689721
0.264,0.443,0.848,0.446,0.001877758
0.098,0.43,0.158,0.839,0.002297715
0.079,0.039,0.587,0.27,0.204632607
0.584,0.42,0.725,0.708,0.073265268
0.323,0.853,0.424,1.0,0.012485112
0.384,0.099,0.932,0.229,0.17773299
0.198,0.0,0.948,0.26,0.382744246
0.032,0.011,0.479,0.192,0.078690285
0.312,0.041,0.447,0.209,0.04270824
0.002,0.208,0.958,0.454,0.270142441
0.436,0.561,0.807,0.767,0.099720832
0.0,0.674,0.915,1.0,0.276433189
0.157,0.298,0.505,0.938,0.130881978
0.179,0.129,1.0,0.255,0.182719118
0.078,0.498,1.0,1.0,0.38014189
0.586,0.162,0.722,0.189,0.014708818
0.16,0.669,1.0,1.0,0.273120004
0.051,0.847,0.836,0.853,0.006984365
0.233,0.0,0.886,0.795,0.772514165
0.388,0.07,0.949,0.546,0.480494379
0.278,0.754,0.925,0.779,0.013999711
0.189,0.0,0.632,0.524,0.437867032
0.407,0.0,0.713,0.91,0.69114063
0.458,0.337,0.884,0.486,0.099522901
0.12,0.292,0.855,0.51,0.193727496
0.081,0.115,0.556,0.476,0.20406119
0.41,0.0,0.445,0.802,0.041376082
0.181,0.838,0.821,1.0,0.167616159
0.141,0.028,0.723,0.527,0.551026485
0.311,0.0,0.719,0.559,0.577976014
0.046,0.41,0.375,0.932,0.042006017
0.041,0.007,0.759,0.764,0.738456349
0.073,0.573,0.129,0.775,0.000881221
0.08,0.338,0.234,0.457,0.002363118
0.047,0.243,0.298,0.982,0.039859762
0.356,0.228,0.64,0.678,0.233638892
0.031,0.149,0.995,0.842,0.600713927
0.432,0.032,0.49,0.646,0.071120734
0.289,0.14,0.601,0.344,0.163313322
0.143,0.153,0.515,0.247,0.048203824
0.122,0.0,0.981,0.603,0.681705369
0.76,0.149,0.912,0.262,0.004015408
0.183,0.514,0.865,0.829,0.184316331
0.155,0.913,0.691,0.947,0.031846158
0.889,0.102,0.99,0.567,0.000154902
0.592,0.37,0.658,0.803,0.056191611
0.0,0.0,0.747,0.436,0.553814723
0.454,0.027,0.588,0.223,0.110558818
0.021,0.479,0.381,0.723,0.013757031
0.348,0.349,0.657,0.362,0.009688268
0.01,0.82,0.69,0.968,0.128592869
0.138,0.893,0.488,0.938,0.013949798
0.01,0.319,0.522,0.486,0.051241627
0.085,0.005,0.986,0.666,0.705407117
0.502,0.0,0.594,0.579,0.18733348
0.438,0.293,0.514,0.341,0.008299312
0.201,0.292,0.94,0.309,0.019316296
0.32,0.479,0.633,1.0,0.227503046
0.302,0.0,0.915,0.662,0.682077134
0.407,0.446,0.488,0.891,0.028051056
0.571,0.029,0.644,0.932,0.191500348
0.396,0.0,0.465,0.723,0.079290961
0.425,0.036,0.843,0.153,0.15166296
0.0,0.0,0.67,0.643,0.571480451
0.112,0.0,0.899,0.616,0.687801629
0.312,0.282,0.338,0.808,0.005442228
0.0,0.013,0.741,0.354,0.460575685
0.188,0.26,0.499,0.793,0.101961749
0.542,0.491,0.649,0.508,0.00417031
0.411,0.019,0.544,0.201,0.083457829
0.551,0.202,0.891,0.665,0.231718106
0.694,0.231,0.82,0.403,0.023879025
0.168,0.288,0.888,0.679,0.297159095
0.215,0.0,0.846,0.729,0.735602707
0.06,0.485,0.538,0.813,0.063761162
0.402,0.0,0.676,0.652,0.491812562
0.056,0.222,0.835,0.323,0.128937096
0.236,0.43,0.847,0.682,0.155446015
0.163,0.085,0.984,0.985,0.84339394
0.479,0.0,0.697,0.475,0.37321088
0.681,0.079,0.702,0.444,0.023531356
0.121,0.147,0.82,0.881,0.635930067
0.299,0.093,0.508,0.804,0.172464596
0.394,0.255,0.67,1.0,0.400370388
0.295,0.0,0.507,0.439,0.165333935
0.457,0.629,0.56,1.0,0.070957226
0.356,0.0,0.464,0.395,0.084907024
0.787,0.476,0.86,0.785,0.001468128
0.037,0.531,0.412,0.676,0.010309598
0.391,0.954,0.991,0.996,0.041894143
0.354,0.94,0.734,1.0,0.056162351
0.388,0.095,0.824,0.958,0.702911472
0.0,0.002,0.902,0.649,0.701310816
0.084,0.0,0.713,0.442,0.535013046
0.426,0.269,0.653,0.692,0.190744769
0.263,0.43,0.663,0.431,0.001488782
0.104,0.239,0.946,0.862,0.480418649
0.446,0.036,0.857,0.202,0.202026808
0.254,0.48,0.471,0.795,0.030364261
0.073,0.149,0.706,0.328,0.222661494
0.379,0.697,0.44,0.892,0.005616063
0.486,0.962,0.939,0.971,0.006949943
0.442,0.547,0.58,0.615,0.013397314
0.0,0.0,0.935,0.863,0.846844816
0.746,0.213,0.838,0.566,0.015304331
0.0,0.0,0.777,0.304,0.439419496
0.353,0.317,0.81,0.91,0.392033211
0.104,0.0,0.744,0.869,0.809833532
0.19,0.227,0.709,0.49,0.238482166
0.093,0.478,0.403,0.717,0.015834441
0.26,0.0,0.819,0.493,0.59064873
0.151,0.289,0.801,0.461,0.160423537
0.15,0.0,1.0,0.508,0.618940745
0.42,0.907,0.561,0.992,0.029687855
0.451,0.197,0.968,0.389,0.183713934
0.023,0.053,0.671,0.542,0.46276669
0.419,0.315,0.651,0.974,0.289431199
0.456,0.518,0.552,0.871,0.045360509
0.092,0.0,0.905,0.627,0.696407303
0.345,0.444,0.879,0.722,0.157797085
0.177,0.169,0.978,0.961,0.682868856
0.687,0.188,0.896,0.972,0.108283478
0.512,0.0,0.581,0.573,0.142892057
0.016,0.254,0.636,0.258,0.002382051
0.353,0.0,0.753,0.259,0.347559087
0.033,0.197,0.526,0.986,0.235915954
0.062,0.22,0.909,0.958,0.612181848
0.668,0.726,0.812,0.758,0.004502489
0.234,0.567,0.371,0.912,0.017583114
0.043,0.0,0.635,0.141,0.155416756
0.502,0.244,0.936,0.374,0.102836086
0.759,0.033,0.91,0.623,0.01776039
0.546,0.31,0.608,0.823,0.073803983
0.452,0.028,0.736,0.508,0.427984276
0.483,0.495,0.551,1.0,0.062365321
0.167,0.017,0.515,0.221,0.108371256
0.794,0.737,0.882,0.756,0.000108431
0.132,0.106,0.796,0.445,0.412850337
0.314,0.165,0.451,0.441,0.051499797
0.286,0.658,0.638,1.0,0.172003332
0.511,0.244,0.681,0.431,0.103009921
0.141,0.548,0.742,0.583,0.019493573
0.006,0.74,0.261,0.796,0.002116996
0.284,0.281,0.853,0.681,0.296248614
0.525,0.211,0.578,0.612,0.063878199
0.058,0.107,0.971,0.426,0.404888367
0.303,0.776,1.0,1.0,0.19509752
0.397,0.181,0.654,0.919,0.381723613
0.442,0.014,0.81,0.748,0.593326816
0.285,0.196,0.357,0.215,0.001222006
0.189,0.862,0.251,0.975,0.004653949
0.035,0.252,0.097,0.305,0.000256449
0.104,0.189,0.961,0.344,0.194622486
0.058,0.315,0.939,0.657,0.25530798
0.39,0.387,0.924,0.514,0.087404391
0.583,0.634,0.863,0.746,0.029298879
0.154,0.15,0.654,0.844,0.440703462
0.245,0.253,0.684,0.289,0.036710085
0.192,0.033,0.657,0.046,0.014898143
0.448,0.839,0.831,0.857,0.011013542
0.0,0.0,0.821,0.337,0.481108824
0.504,0.201,0.796,0.3,0.088258074
0.389,0.495,0.467,0.632,0.008091055
0.068,0.0,0.914,0.483,0.606364412
0.028,0.694,0.382,0.997,0.03821952
0.434,0.815,0.885,0.967,0.123599857
0.009,0.013,0.131,0.662,0.005564429
0.574,0.453,0.631,0.624,0.018249193
0.2,0.0,0.828,0.314,0.447443426
0.165,0.092,0.382,0.834,0.066644062
0.0,0.164,0.821,0.364,0.256256325
0.367,0.008,0.942,0.131,0.168968971
0.064,0.197,0.612,0.446,0.18175184
0.389,0.065,0.476,0.486,0.073535486
0.498,0.089,0.528,0.997,0.061189786
0.042,0.253,0.414,0.696,0.049506723
0.386,0.052,0.437,0.315,0.028617309
0.028,0.08,0.368,0.872,0.072284221
0.423,0.325,0.516,0.866,0.055652895
0.227,0.236,0.571,0.914,0.248161828
0.534,0.53,0.854,0.679,0.057635643
0.08,0.605,0.615,0.637,0.011204588
0.16,0.0,0.821,0.589,0.66757141
0.355,0.044,0.762,0.44,0.458195356
0.042,0.707,0.315,0.938,0.020693204
0.683,0.59,0.723,0.829,0.014720866
0.283,0.606,0.609,0.787,0.053368949
0.509,0.412,0.798,0.527,0.059592573
0.543,0.319,0.781,0.842,0.227998733
0.34,0.0,0.753,0.572,0.598016908
0.002,0.115,0.709,0.187,0.105805044
0.32,0.0,0.736,0.618,0.620140376
0.137,0.0,0.919,0.697,0.727855879
0.172,0.0,0.665,0.444,0.459107557
0.231,0.306,0.897,0.762,0.316745609
0.347,0.739,0.654,1.0,0.146632083
0.001,0.0,0.873,0.696,0.733852313
0.004,0.82,0.155,0.89,0.001495666
0.602,0.23,0.751,0.87,0.189472851
0.354,0.458,0.705,0.637,0.08972276
0.03,0.104,0.444,0.107,0.00095523
0.59,0.159,0.811,0.552,0.171240869
0.027,0.227,0.918,0.546,0.304940345
0.75,0.222,0.816,0.568,0.012889579
0.077,0.087,0.813,0.626,0.56372846
0.151,0.72,0.935,1.0,0.245840017
0.0,0.0,0.829,0.549,0.65020688
0.422,0.059,0.842,0.74,0.563945323
0.275,0.0,0.472,0.312,0.100252663
0.272,0.264,0.763,0.369,0.108033913
0.271,0.0,0.392,0.496,0.052857772
0.119,0.106,0.682,0.595,0.432972125
0.318,0.23,0.991,0.298,0.084564518
0.803,0.139,0.963,0.487,0.00232009
0.597,0.64,0.793,0.927,0.092004984
0.713,0.283,0.813,0.414,0.010753651
0.411,0.089,0.545,0.885,0.195928828
0.778,0.155,0.843,0.343,0.003416453
0.287,0.031,0.781,0.365,0.435674306
0.366,0.368,0.793,0.727,0.216005866
0.599,0.397,0.758,0.808,0.109126834
0.054,0.074,0.682,0.176,0.142694127
0.356,0.0,0.646,0.402,0.364405554
0.358,0.385,0.499,0.742,0.039968193
0.055,0.0,0.581,0.463,0.333199659
0.406,0.277,0.954,0.7,0.280820362
0.795,0.287,0.844,0.871,0.002459502
0.022,0.02,0.757,0.366,0.466752838
0.17,0.0,0.979,0.124,0.182275065
0.414,0.743,0.725,1.0,0.179349136
0.274,0.055,0.965,0.665,0.61441416
0.774,0.238,0.997,0.971,0.011280318
0.68,0.652,0.934,0.686,0.002838151
0.36,0.0,0.603,0.431,0.310019414
0.211,0.291,0.973,0.694,0.299207245
0.249,0.832,0.645,1.0,0.117469174
0.428,0.321,0.905,0.6,0.184462627
0.385,0.244,0.721,0.544,0.226883438
0.399,0.18,0.481,0.471,0.044536085
0.405,0.0,0.527,0.64,0.165724632
0.429,0.601,0.711,0.8,0.087092866
0.23,0.591,0.655,0.662,0.02755709
0.349,0.022,0.585,0.54,0.301878447
0.0,0.053,0.85,0.714,0.663375283
0.46,0.884,0.596,0.969,0.032835811
0.218,0.0,0.789,0.539,0.626179838
0.484,0.73,0.903,0.812,0.042185015
0.238,0.441,0.615,0.755,0.109269688
0.399,0.045,0.693,0.924,0.617272965
0.369,0.068,0.572,0.182,0.079237606
0.209,0.0,0.819,0.4,0.531610363
0.735,0.198,0.926,0.972,0.040097279
0.525,0.186,0.979,0.702,0.295011119
0.028,0.006,0.249,0.807,0.02476713
0.442,0.112,0.578,0.334,0.113715379
0.127,0.209,0.908,0.425,0.243988076
0.204,0.0,0.903,0.6,0.671793354
0.401,0.2,0.886,0.273,0.090483501
0.486,0.151,0.983,0.323,0.16535803
0.178,0.203,0.782,0.481,0.285980324
0.039,0.354,0.718,0.976,0.429739833
0.011,0.022,0.819,0.973,0.933448879
0.821,0.284,0.834,0.583,0.000223748
0.582,0.168,0.857,0.881,0.284567272
0.499,0.0,0.659,0.133,0.096015229
0.625,0.051,0.796,0.338,0.116994141
0.324,0.647,0.565,0.989,0.100073665
0.115,0.065,0.581,0.845,0.389960965
0.104,0.37,0.431,0.716,0.033386574
0.217,0.0,0.706,0.321,0.41377975
0.294,0.696,0.998,0.946,0.183230295
0.447,0.44,0.558,0.959,0.08893448
0.082,0.297,0.668,0.891,0.33702402
0.435,0.082,0.546,0.425,0.116331504
0.765,0.366,0.845,0.458,0.001631636
0.093,0.0,0.99,0.341,0.484719765
0.389,0.731,0.671,1.0,0.155318651
0.424,0.344,0.549,1.0,0.12261881
0.604,0.168,0.634,0.721,0.040894164
0.416,0.0,0.619,0.491,0.317213758
0.269,0.0,1.0,0.449,0.560380853
0.073,0.025,0.777,0.469,0.551881889
0.488,0.0,0.595,0.49,0.193863466
0.24,0.076,0.576,0.158,0.066304999
0.108,0.189,0.544,0.948,0.254469787
0.262,0.848,0.308,0.981,0.004115233
0.221,0.533,0.879,0.851,0.189097643
0.284,0.371,0.705,0.615,0.147318816
0.313,0.538,0.746,1.0,0.304599561
0.448,0.597,0.654,0.942,0.137606452
0.521,0.871,0.575,1.0,0.024142359
0.78,0.895,0.847,0.947,0.000676406
0.433,0.572,0.557,0.844,0.040945798
0.0,0.0,0.66,0.48,0.478561544
0.064,0.0,0.917,0.42,0.561268958
0.16,0.173,0.659,0.37,0.19449168
0.482,0.534,0.812,0.538,0.001423379
0.595,0.318,0.932,0.868,0.177235582
0.163,0.353,0.617,0.685,0.137241572
0.294,0.047,0.418,0.864,0.079210068
0.604,0.078,0.978,0.206,0.069852258
0.348,0.086,0.405,0.952,0.043675518
0.149,0.114,0.686,0.809,0.524603623
0.0,0.0,0.771,0.33,0.466112576
0.057,0.137,0.815,0.28,0.203274631
0.007,0.0,0.811,0.288,0.423402615
0.254,0.0,0.65,0.338,0.354553779
0.249,0.191,1.0,0.487,0.309045252
0.391,0.641,0.679,0.99,0.190292111
0.119,0.305,0.937,0.479,0.159158503
0.12,0.513,1.0,0.915,0.270488389
0.069,0.118,0.326,0.978,0.057370588
0.339,0.922,0.825,0.961,0.039549958
0.076,0.171,0.551,0.207,0.026951251
0.44,0.184,0.641,0.304,0.089182323
0.197,0.059,0.911,0.76,0.670905248
0.213,0.407,0.858,0.497,0.065132906
0.361,0.0,0.963,0.482,0.552730408
0.0,0.0,0.704,0.584,0.607491756
0.13,0.116,0.505,0.208,0.047782146
0.125,0.0,0.791,0.252,0.374660076
0.019,0.0,0.639,0.452,0.42906687
0.18,0.085,0.809,0.427,0.430944628
0.463,0.0,0.568,0.624,0.190348908
0.393,0.381,0.651,1.0,0.275651794
0.011,0.587,0.485,0.943,0.060821463
0.303,0.448,0.772,0.552,0.067709445
0.389,0.067,0.934,0.516,0.466064384
0.295,0.24,0.622,0.583,0.186922129
0.622,0.288,0.998,0.434,0.049931843
0.111,0.0,1.0,0.037,0.056133092
0.419,0.0,0.524,0.36,0.110973612
0.777,0.798,0.81,0.886,0.001172093
0.0,0.0,0.839,0.547,0.648921193
0.49,0.639,0.652,0.684,0.012736398
0.184,0.468,0.642,0.505,0.016972111
0.068,0.6,0.926,1.0,0.315740467
0.228,0.0,0.821,0.511,0.608687944
0.346,0.67,0.801,0.672,0.0
0.379,0.333,0.979,0.742,0.254927609
0.28,0.732,0.596,0.761,0.007393995
0.36,0.021,0.978,0.062,0.054527273
0.468,0.164,0.883,0.742,0.391040116
0.097,0.095,0.793,0.449,0.432486764
0.355,0.003,0.394,0.971,0.036266032
0.287,0.662,0.63,1.0,0.163020729
0.476,0.015,0.502,0.079,0.005297653
0.472,0.028,0.579,0.372,0.142797395
0.252,0.205,0.82,0.427,0.244504416
0.068,0.395,0.578,0.494,0.036190302
0.115,0.127,0.147,0.316,0.000962114
0.774,0.571,0.849,0.83,0.002645384
0.651,0.092,0.818,0.905,0.19145904
0.332,0.773,0.609,0.773,0.0
0.249,0.804,0.861,1.0,0.184336984
0.139,0.416,0.351,0.448,0.001366581
0.115,0.003,0.288,0.158,0.01003938
0.311,0.861,0.682,0.933,0.054888711
0.338,0.0,0.591,0.545,0.336724543
0.316,0.024,0.502,0.097,0.029001122
0.406,0.461,0.631,0.778,0.099614122
0.635,0.816,0.987,0.836,0.005363056
0.383,0.0,0.94,0.337,0.426734732
0.277,0.719,0.322,0.827,0.001764163
0.625,0.716,0.92,0.746,0.00635443
0.18,-0.0,0.92,0.217,0.327144706
0.016,0.009,0.555,0.616,0.313838613
0.392,0.246,0.956,0.346,0.105348943
0.637,0.0,0.666,0.395,0.043813209
0.231,0.144,0.788,0.983,0.728268951
0.792,0.009,0.891,0.388,0.004597151
0.057,0.272,0.058,0.361,1.2048e-05
0.396,0.663,0.556,1.0,0.07850096
