0.239,0.205,0.285,0.7,0.006617763
0.358,0.319,0.888,0.706,0.256738243
0.44,0.174,0.598,0.229,0.036729018
0.15,0.097,0.356,0.298,0.021116603
0.335,0.081,0.825,0.524,0.478162241
0.077,0.438,0.784,0.819,0.231654424
0.029,0.646,0.122,0.838,0.001196189
0.792,0.238,0.793,0.847,0.000149739
0.656,0.512,0.701,0.808,0.02529724
0.199,0.572,0.871,1.0,0.321416769
0.299,0.854,0.819,1.0,0.143000489
0.656,0.0,0.659,0.571,0.005757196
0.347,0.319,0.761,0.403,0.077056928
0.36,0.021,0.978,0.062,0.054527273
0.294,0.696,0.998,0.946,0.183230295
0.021,0.073,0.781,0.368,0.400218928
0.454,0.436,0.5,0.899,0.021138978
0.242,0.423,0.626,0.731,0.115216209
0.38,0.72,0.656,0.847,0.047809684
0.306,0.924,0.548,0.957,0.012996289
0.4,0.514,0.83,0.923,0.241070752
0.354,0.0,0.6,0.723,0.394313715
0.05,0.103,0.221,0.107,0.000123922
0.397,0.793,0.403,1.0,0.000843356
0.35,0.194,0.93,0.703,0.408458001
0.252,0.205,0.82,0.427,0.244504416
0.42,0.0,0.733,0.644,0.557265599
0.505,0.353,0.946,0.575,0.11969116
0.273,0.022,0.87,0.073,0.07220677
0.434,0.603,0.904,0.776,0.082435475
0.765,0.161,0.969,0.832,0.014464417
0.163,0.085,0.984,0.985,0.84339394
0.792,0.907,0.989,0.912,4.8192e-05
0.284,0.449,0.61,1.0,0.220773409
0.864,0.326,0.908,0.404,6.024e-05
0.007,0.539,0.905,0.949,0.292415647
0.06,0.485,0.538,0.813,0.063761162
0.128,0.312,0.357,0.597,0.01675869
0.37,0.488,0.709,0.803,0.147964242
0.071,0.003,0.087,0.434,0.00077279
0.561,0.098,0.81,0.281,0.130579059
0.265,0.198,0.668,0.373,0.165803804
0.36,0.0,0.812,0.626,0.634802724
0.243,0.681,0.298,0.962,0.00781051
0.087,0.163,0.761,0.26,0.136673597
0.276,0.477,0.387,0.546,0.003755516
0.363,0.0,0.523,0.425,0.160602535
0.334,0.259,0.495,0.858,0.084173821
0.167,0.328,0.83,0.525,0.162132624
0.427,0.131,0.844,0.814,0.507054932
0.011,0.198,0.89,0.753,0.463658238
0.55,0.312,0.851,0.399,0.047906067
0.097,0.0,0.563,0.668,0.349610679
0.341,0.088,0.718,0.506,0.424476603
0.124,0.0,0.608,0.429,0.364343594
0.692,0.048,0.98,0.168,0.019737974
0.274,0.001,0.623,0.865,0.52224911
0.008,0.006,0.232,0.309,0.012306114
0.228,0.241,0.536,0.871,0.16329439
0.62,0.929,0.827,0.95,0.006986086
0.0,0.0,0.928,0.542,0.648860953
0.243,0.211,0.672,0.572,0.267083984
0.123,0.085,0.577,0.246,0.136501484
0.197,0.059,0.911,0.76,0.670905248
0.889,0.102,0.99,0.567,0.000154902
0.011,0.06,0.998,0.55,0.565977983
0.108,0.402,0.809,0.714,0.198002795
0.041,0.007,0.759,0.764,0.738456349
0.597,0.495,0.763,0.726,0.056571981
0.186,0.355,0.96,0.787,0.2838203
0.171,0.083,0.849,0.555,0.525082098
0.291,0.871,0.699,0.892,0.018371393
0.282,0.36,0.658,0.973,0.314874736
0.035,0.4,0.705,0.821,0.233959023
0.128,0.786,0.812,0.803,0.013116769
0.137,0.037,0.809,0.735,0.690021893
0.178,0.106,0.616,0.834,0.414077506
0.271,0.057,0.597,0.823,0.402181022
0.096,0.012,0.379,0.555,0.066771426
0.602,0.454,0.878,0.813,0.097509174
0.441,0.584,0.918,0.676,0.042648
0.208,0.075,0.454,0.976,0.16082284
0.134,0.167,0.845,0.456,0.32819632
0.169,0.487,0.612,0.544,0.020688041
0.02,0.254,0.036,0.433,2.5817e-05
0.039,0.178,0.781,0.717,0.463835515
0.077,0.223,0.488,0.931,0.147330864
0.336,0.509,0.726,0.729,0.107440122
0.077,0.347,0.449,0.884,0.067311863
0.367,0.017,0.973,0.171,0.210357101
0.118,0.023,0.49,0.571,0.178466193
0.76,0.149,0.912,0.262,0.004015408
0.044,0.163,0.911,0.198,0.054043634
0.039,0.526,0.849,0.907,0.25468665
0.0,0.853,0.823,1.0,0.159683449
0.989,0.473,0.996,0.477,0.0
0.036,0.053,0.859,0.643,0.62498537
0.649,0.05,0.75,0.587,0.129642761
0.455,0.329,0.745,0.851,0.275491728
0.251,0.314,0.82,0.888,0.396515046
0.0,0.033,0.688,0.25,0.293166062
0.731,0.077,0.988,0.575,0.031300558
0.041,0.37,0.373,0.831,0.028992517
0.192,0.819,0.883,0.993,0.176516148
0.821,0.11,0.993,0.116,3.9586e-05
0.382,0.584,0.871,0.684,0.048193497
0.072,0.573,0.11,0.713,0.000239238
0.108,0.25,0.434,0.496,0.042384667
0.185,0.475,0.189,0.987,0.000430284
0.382,0.572,0.453,0.81,0.007576436
0.409,0.275,0.741,0.462,0.149786924
0.6,0.361,0.879,0.866,0.153452941
0.118,0.092,0.278,0.832,0.02399262
0.351,0.436,0.391,0.769,0.007056653
0.167,0.091,0.793,0.972,0.810418718
0.201,0.073,0.439,0.981,0.142601186
0.328,0.685,0.79,0.708,0.011251058
0.747,0.263,0.902,0.295,0.001853662
0.5,0.491,0.59,1.0,0.103975477
0.157,0.184,0.359,0.294,0.010924043
0.089,0.022,0.355,0.553,0.049628923
0.007,0.628,0.865,0.991,0.290303815
0.402,0.03,0.426,0.666,0.022450483
0.401,0.288,0.791,0.706,0.273080418
0.183,0.262,0.92,0.293,0.037510413
0.34,0.0,0.455,0.716,0.107970231
0.015,0.1,0.839,0.565,0.513374939
0.187,0.864,0.907,1.0,0.144403214
0.283,0.606,0.609,0.787,0.053368949
0.447,0.276,0.634,0.917,0.23867149
0.121,0.825,0.542,0.963,0.056522068
0.639,0.185,0.911,0.961,0.200686044
0.287,0.232,0.633,0.366,0.105288703
0.554,0.142,0.754,0.267,0.086898377
0.459,0.451,0.822,0.635,0.094047971
0.823,0.592,0.893,0.893,0.000493966
0.057,0.39,0.896,0.735,0.219535913
0.837,0.321,0.947,0.468,0.000161787
0.166,0.156,0.322,0.602,0.019151067
0.457,0.097,0.496,1.0,0.06083179
0.751,0.462,0.945,0.808,0.009970534
0.551,0.202,0.891,0.665,0.231718106
0.0,0.093,0.747,0.345,0.339438772
0.597,0.215,0.856,0.352,0.063420377
0.196,0.0,0.652,0.226,0.261564305
0.404,0.034,0.495,0.289,0.065959051
0.045,0.714,0.597,0.844,0.043670354
0.498,0.473,0.558,0.55,0.007091076
0.563,0.256,0.624,0.551,0.048942191
0.127,0.191,0.27,0.21,0.000612724
0.014,0.609,0.45,0.794,0.015667491
0.395,0.477,0.975,0.523,0.029202495
0.174,0.401,0.283,0.409,0.000163508
0.347,0.695,0.959,0.982,0.215381094
0.357,0.016,0.967,0.534,0.565389355
0.519,0.207,0.709,0.7,0.236222316
0.359,0.302,0.586,0.471,0.071711083
0.079,0.172,0.339,0.58,0.026023559
0.111,0.0,1.0,0.037,0.056133092
0.213,0.38,0.305,0.985,0.019371373
0.096,0.502,0.599,0.715,0.067886722
0.067,0.499,0.897,0.504,0.005597131
0.384,0.099,0.932,0.229,0.17773299
0.002,0.789,0.568,0.91,0.049389686
0.425,0.0,0.61,0.14,0.102290486
0.349,0.022,0.585,0.54,0.301878447
0.672,0.752,0.827,1.0,0.047462015
0.546,0.31,0.608,0.823,0.073803983
0.613,0.278,0.758,0.596,0.0935454
0.545,0.065,0.779,0.185,0.099738043
0.265,0.729,0.746,0.978,0.195224883
0.154,0.191,0.758,0.374,0.215912924
0.462,0.618,0.811,0.896,0.151365204
0.0,0.0,0.839,0.547,0.648921193
0.382,0.48,0.758,1.0,0.328284097
0.703,0.59,0.991,1.0,0.038665294
0.334,0.519,0.956,0.873,0.204238467
0.748,0.067,0.978,0.411,0.015533242
0.33,0.777,0.985,0.996,0.189522764
0.667,0.178,0.867,0.415,0.053563438
0.317,0.582,0.799,0.873,0.166082628
0.182,0.439,0.829,0.47,0.02176375
0.673,0.627,0.958,0.842,0.02914914
0.146,0.525,0.81,0.626,0.062453099
0.519,0.609,0.545,0.891,0.014426552
0.13,0.116,0.505,0.208,0.047782146
0.341,0.089,0.531,0.194,0.055033287
0.163,0.067,0.171,0.741,0.000655752
0.455,0.074,0.694,0.176,0.109971911
0.718,0.046,0.823,0.354,0.025951271
0.645,0.071,0.716,0.682,0.11640035
0.428,0.0,0.693,0.372,0.364806579
0.202,0.707,1.0,1.0,0.248419998
0.245,0.586,0.305,0.85,0.004834668
0.152,0.481,0.599,0.738,0.081077499
0.036,0.456,0.491,0.739,0.038116252
0.561,0.0,0.81,0.614,0.353200967
0.452,0.028,0.736,0.508,0.427984276
0.318,0.115,0.583,0.187,0.060666561
0.456,0.168,0.503,0.711,0.043558481
0.072,0.921,0.758,0.95,0.030322954
0.387,0.071,0.448,0.589,0.051146964
0.602,0.491,0.9,0.559,0.021197497
0.316,0.749,0.967,0.768,0.012151212
0.391,0.212,0.467,0.296,0.013646878
0.516,0.499,0.709,0.928,0.177746759
0.166,0.278,0.484,0.558,0.060274142
0.415,0.084,0.848,0.32,0.284064701
0.157,0.005,0.586,0.404,0.307215686
0.681,0.199,0.796,0.284,0.016681239
0.033,0.169,0.837,0.293,0.173290741
0.262,0.848,0.308,0.981,0.004115233
0.052,0.53,0.533,0.92,0.089215025
0.829,0.542,0.868,0.904,0.000347669
0.088,0.271,0.096,0.956,0.000526667
0.39,0.067,0.437,0.915,0.045703015
0.213,0.463,0.89,0.709,0.14614156
0.08,0.35,0.909,0.746,0.266521173
0.489,0.353,0.589,0.608,0.05121581
0.057,0.424,0.722,0.885,0.276739551
0.348,0.574,0.985,0.752,0.091970562
0.153,0.421,0.4,0.49,0.005184058
0.389,0.495,0.467,0.632,0.008091055
0.448,0.745,0.747,0.78,0.016824093
0.042,0.356,0.874,0.727,0.24748198
0.318,0.23,0.991,0.298,0.084564518
0.079,0.56,0.137,0.828,0.001457801
0.033,0.197,0.526,0.986,0.235915954
0.149,0.004,0.834,0.728,0.731673356
0.432,0.665,0.848,0.734,0.032539775
0.572,0.441,0.96,0.598,0.057587451
0.104,0.37,0.431,0.716,0.033386574
0.027,0.227,0.918,0.546,0.304940345
0.067,0.298,0.481,0.335,0.011275154
0.143,0.38,0.521,0.699,0.061551224
0.2,0.663,0.328,0.734,0.001993074
0.188,0.26,0.788,0.882,0.462921592
0.193,0.0,1.0,0.598,0.671726229
0.688,0.346,0.84,0.619,0.034625791
0.424,0.371,0.776,0.883,0.292527521
0.2,0.681,0.557,0.907,0.062220746
0.178,0.203,0.782,0.481,0.285980324
0.028,0.788,0.731,0.993,0.19183769
0.343,0.121,0.857,0.527,0.422583355
0.247,0.6,0.816,0.834,0.133221001
0.0,0.257,0.855,0.437,0.187944483
0.109,0.0,0.837,0.408,0.545985281
0.285,0.901,1.0,0.932,0.030398684
0.19,0.161,0.311,0.199,0.001991353
0.004,0.0,0.732,0.311,0.431460968
0.541,0.02,0.618,0.164,0.054267382
0.023,0.409,0.052,0.567,1.8932e-05
0.082,0.952,0.756,0.99,0.04480114
0.504,0.201,0.796,0.3,0.088258074
0.378,0.392,0.585,0.401,0.00338203
0.421,0.05,0.843,0.827,0.627389796
0.053,0.195,0.157,0.924,0.007469725
0.051,0.315,0.321,0.885,0.028066546
0.118,0.018,0.656,0.174,0.186078773
0.193,0.332,0.24,0.352,0.000356275
0.195,0.21,0.606,0.231,0.020195796
0.303,0.776,1.0,1.0,0.19509752
0.224,0.266,0.465,0.32,0.014323284
0.409,0.396,0.452,0.484,0.004481835
0.465,0.363,0.98,0.892,0.294775323
0.303,0.057,0.471,0.286,0.071967533
0.46,0.884,0.596,0.969,0.032835811
0.699,0.62,0.891,0.922,0.028687876
0.423,0.325,0.516,0.866,0.055652895
0.0,0.417,0.926,1.0,0.43910797
0.662,0.685,0.746,0.946,0.040613619
0.495,0.407,0.754,0.745,0.151845401
0.231,0.004,0.652,0.74,0.54568064
0.274,0.096,0.69,0.858,0.567163845
0.201,0.154,0.265,0.4,0.005893166
0.74,0.155,0.761,0.858,0.014490234
0.349,0.684,0.796,0.961,0.194940896
0.015,0.386,0.181,0.928,0.007629791
0.677,0.175,0.938,0.187,0.003213359
0.091,0.865,0.473,0.89,0.006347545
0.028,0.694,0.382,0.997,0.03821952
0.592,0.712,0.599,0.849,0.001841614
0.0,0.0,0.71,0.605,0.625668661
0.32,0.749,0.845,0.985,0.1953402
0.8,0.128,0.887,0.471,0.002545558
0.331,0.836,0.533,0.914,0.019460872
0.264,0.443,0.848,0.446,0.001877758
0.138,0.771,0.867,0.828,0.040033597
0.655,0.526,0.804,0.938,0.077695469
0.633,0.22,0.877,0.729,0.132544595
0.126,0.114,0.828,0.153,0.060957433
0.503,0.107,0.578,0.143,0.01298252
0.804,0.03,0.846,0.713,0.002597192
0.355,0.003,0.394,0.971,0.036266032
0.167,0.42,0.596,0.829,0.133296731
0.263,0.011,0.915,0.947,0.879035201
0.602,0.379,0.625,0.721,0.01493945
0.188,0.385,0.951,0.453,0.056374051
0.51,0.205,0.78,0.7,0.285601674
0.491,0.0,0.543,0.267,0.055212285
0.197,0.398,0.836,0.819,0.262013521
0.548,0.286,0.857,0.481,0.10582914
0.168,0.258,0.788,0.844,0.432264738
0.143,0.009,0.728,0.429,0.516755248
0.083,0.327,0.803,0.663,0.244628338
0.431,0.292,0.765,1.0,0.454143804
0.11,0.26,0.8,0.394,0.146052061
0.123,0.0,0.88,0.101,0.151977928
0.069,0.487,0.599,0.76,0.087177201
0.383,0.132,0.65,0.549,0.287235031
0.397,0.259,0.427,0.464,0.008185717
0.426,0.15,0.669,0.184,0.03694416
0.144,0.052,0.702,0.448,0.451484651
0.183,0.698,0.514,0.957,0.058179521
0.004,0.485,0.86,1.0,0.389153752
0.486,0.697,0.794,0.778,0.038625708
0.216,0.272,0.323,0.503,0.008488637
0.797,0.951,0.934,0.961,5.8519e-05
0.254,0.188,0.289,0.831,0.007502427
0.469,0.885,0.719,0.952,0.048988661
0.4,0.738,0.606,0.934,0.070323849
0.628,0.025,0.69,0.145,0.033661955
0.09,0.155,0.111,0.401,0.000698781
0.189,0.037,0.975,0.777,0.713823467
0.043,0.53,0.945,1.0,0.359145766
0.07,0.587,0.705,0.652,0.030514
0.136,0.135,0.983,0.732,0.543291705
0.204,0.646,0.952,0.871,0.141093471
0.222,0.539,0.357,0.874,0.014185593
0.092,0.37,0.351,0.596,0.010466221
0.0,0.0,0.747,0.596,0.655458063
0.798,0.296,0.817,0.688,0.000753857
0.078,0.628,0.353,0.847,0.013237248
0.208,0.256,0.634,0.341,0.068828183
0.265,0.752,0.483,1.0,0.042577434
0.486,0.294,0.854,0.618,0.193878956
0.205,0.211,0.993,0.477,0.277252449
0.334,0.455,0.971,0.484,0.020373073
0.354,0.458,0.705,0.637,0.08972276
0.574,0.098,0.747,0.392,0.161332296
0.442,0.432,0.865,0.819,0.20102855
0.0,0.0,0.666,0.414,0.45236243
0.054,0.069,0.328,0.238,0.015118449
0.803,0.516,0.846,0.901,0.001041287
0.29,0.445,0.716,0.84,0.207496575
0.81,0.327,0.983,0.585,0.000419957
0.0,0.0,0.773,0.72,0.735666389
0.03,0.104,0.444,0.107,0.00095523
0.224,0.0,0.757,0.465,0.565401403
0.015,0.279,0.887,0.727,0.335802014
0.004,0.361,0.51,0.366,0.001900133
0.75,0.222,0.816,0.568,0.012889579
0.045,0.325,0.977,0.945,0.4700316
0.106,0.522,0.595,0.528,0.002886343
0.056,0.103,0.987,0.632,0.5428597
0.105,0.512,0.759,0.729,0.118501855
0.093,0.26,0.752,0.423,0.167165222
0.827,0.611,0.905,0.791,0.000230632
0.721,0.149,0.941,0.526,0.029465829
0.104,0.189,0.961,0.344,0.194622486
0.206,0.425,0.797,0.486,0.044329549
0.147,0.698,0.626,0.708,0.003135908
0.153,0.328,0.827,0.338,0.008798441
0.221,0.368,0.314,0.424,0.00153181
0.411,0.0,0.571,0.909,0.321896966
0.193,0.567,0.985,0.71,0.076282418
0.175,0.257,0.393,0.352,0.013438621
0.005,0.004,0.133,0.061,0.000912201
0.046,0.175,0.619,0.721,0.312683731
0.496,0.186,0.885,0.981,0.501497387
0.393,0.381,0.651,1.0,0.275651794
0.052,0.496,0.203,0.517,0.000101547
0.256,0.0,0.724,0.51,0.568454696
0.01,0.054,0.174,0.988,0.015755268
0.248,0.832,0.372,0.93,0.007829442
0.118,0.303,0.55,0.706,0.118279829
0.0,0.316,0.329,0.467,0.008483474
0.078,0.203,0.751,0.319,0.141718243
0.291,0.171,0.645,0.69,0.320361714
0.276,0.015,0.942,0.532,0.591717555
0.74,0.013,0.945,0.328,0.017824072
0.01,0.319,0.522,0.486,0.051241627
0.298,0.496,0.488,0.542,0.006655628
0.228,0.0,0.821,0.511,0.608687944
0.153,0.483,0.796,0.635,0.094218364
0.024,0.385,0.37,0.962,0.047856154
0.011,0.587,0.485,0.943,0.060821463
0.271,0.488,0.413,0.993,0.034522523
0.356,0.0,0.464,0.395,0.084907024
0.236,0.43,0.847,0.682,0.155446015
0.638,0.772,0.859,0.965,0.055695924
0.399,0.0,0.513,0.519,0.133663332
0.472,0.617,0.558,0.872,0.033947664
0.368,0.278,0.923,0.767,0.327464837
0.573,0.062,0.989,0.544,0.261039359
0.799,0.051,0.992,0.151,0.001277082
0.08,0.51,0.467,0.659,0.017481567
0.713,0.283,0.813,0.414,0.010753651
0.426,0.216,0.454,0.273,0.003960331
0.108,0.275,0.784,0.956,0.532842695
0.155,0.166,0.376,0.341,0.022133794
0.155,0.375,0.748,0.681,0.196958066
0.422,0.059,0.842,0.74,0.563945323
0.407,0.653,0.975,0.898,0.146496114
0.4,0.432,0.737,0.591,0.086757244
0.05,0.231,0.766,0.463,0.23519824
0.202,0.0,0.743,0.633,0.658815997
0.514,0.077,0.995,0.986,0.585471557
0.378,0.0,0.506,0.347,0.111360867
0.386,0.581,0.928,0.722,0.067408246
0.341,0.265,0.891,0.491,0.200302231
0.808,0.288,0.976,0.7,0.001005143
0.853,0.1,0.869,0.125,4.475e-05
0.19,0.0,0.454,0.527,0.129677184
0.0,0.0,0.655,0.566,0.509586721
0.504,0.013,0.664,0.764,0.360374657
0.728,0.176,0.885,0.837,0.038178213
0.568,0.564,0.8,1.0,0.175359545
0.018,0.737,0.57,0.755,0.00453519
0.284,0.6,0.597,1.0,0.154568236
0.088,0.062,0.667,0.445,0.395117485
0.658,0.153,0.737,0.385,0.04848609
0.3,0.227,0.489,0.88,0.101405823
0.102,0.026,0.811,0.263,0.349493642
0.71,0.138,0.736,0.541,0.017028908
0.325,0.25,0.545,0.5,0.088832933
0.518,0.97,0.798,0.991,0.014966989
0.389,0.065,0.476,0.486,0.073535486
0.242,0.251,0.492,0.741,0.08838888
0.383,0.685,0.628,1.0,0.139391269
0.029,0.204,0.909,0.446,0.267681218
0.23,0.018,0.294,0.18,0.004915561
0.188,0.105,0.834,0.931,0.747504354
0.281,0.0,0.822,0.663,0.68507363
0.22,0.091,1.0,1.0,0.838275285
0.268,0.2,1.0,0.272,0.097521222
0.563,0.517,0.631,0.55,0.004559286
0.268,0.455,0.327,0.939,0.010529903
0.37,0.065,0.905,0.526,0.487735193
0.489,0.571,0.568,1.0,0.072915878
0.295,0.0,0.799,0.298,0.413803846
0.223,0.312,0.52,0.463,0.044928504
0.082,0.068,0.69,0.47,0.43382925
0.274,0.055,0.965,0.665,0.61441416
0.426,0.269,0.653,0.692,0.190744769
0.178,0.34,0.36,0.54,0.011194261
0.773,0.473,0.971,0.777,0.003294252
0.853,0.15,0.876,0.797,0.000313247
0.034,0.088,0.048,0.611,0.000237517
0.922,0.014,0.971,0.226,0.000104989
0.046,0.41,0.375,0.932,0.042006017
0.432,0.664,0.468,0.711,0.00071255
0.387,0.139,0.623,0.788,0.313852382
0.0,0.0,0.816,0.673,0.71978892
0.152,0.412,0.47,0.636,0.03007511
0.016,0.199,0.668,0.474,0.238960641
0.109,0.0,0.65,0.376,0.399823067
0.391,0.641,0.679,0.99,0.190292111
0.078,0.164,0.283,0.879,0.027741251
0.575,0.586,0.624,0.592,0.000655752
0.039,0.354,0.718,0.976,0.429739833
0.257,0.0,0.954,0.006,0.01395324
0.432,0.032,0.49,0.646,0.071120734
0.367,0.026,0.591,0.929,0.411664475
0.602,0.001,0.624,0.866,0.052646073
0.502,0.0,0.594,0.579,0.18733348
0.344,0.0,0.582,0.87,0.396131233
0.278,0.354,0.938,0.641,0.198723951
0.284,0.176,0.985,0.686,0.437488382
0.0,0.0,0.734,0.636,0.666339077
0.166,0.595,0.489,0.718,0.012280297
0.253,0.056,0.304,0.554,0.010485153
0.465,0.002,0.663,0.745,0.417302913
0.017,0.034,0.924,0.616,0.63993859
0.062,0.267,0.564,0.59,0.129339842
0.298,0.421,0.421,0.428,0.000702223
0.042,0.0,0.913,0.437,0.575137863
0.191,0.618,0.705,0.725,0.051029927
0.492,0.143,0.927,0.745,0.392814606
0.213,0.407,0.858,0.497,0.065132906
0.447,0.403,0.881,0.702,0.157616366
0.403,0.087,0.855,0.216,0.170569627
0.107,0.247,0.593,0.426,0.115085403
0.016,0.637,0.061,0.792,7.4009e-05
0.097,0.333,1.0,1.0,0.519855012
0.66,0.899,0.937,0.918,0.004437086
0.325,0.357,0.979,0.652,0.198049266
0.292,0.145,0.815,0.525,0.394521972
0.215,0.091,0.368,0.476,0.035691173
0.297,0.54,0.819,0.973,0.29560491
0.076,0.029,0.374,0.825,0.077459674
0.165,0.092,0.382,0.834,0.066644062
0.338,0.104,0.775,0.666,0.515280235
0.112,0.273,0.884,0.402,0.137215755
0.872,0.194,0.891,0.36,0.00010671
0.037,0.531,0.412,0.676,0.010309598
0.5,0.326,0.89,0.845,0.26750222
0.486,0.151,0.983,0.323,0.16535803
0.407,0.592,0.636,0.761,0.050699469
0.184,0.468,0.642,0.505,0.016972111
0.696,0.924,0.859,0.954,0.004468066
0.313,0.079,0.792,0.407,0.404127626
0.081,0.106,0.652,0.343,0.253001659
0.543,0.319,0.781,0.842,0.227998733
0.156,0.316,0.569,0.566,0.095467908
0.649,0.151,0.856,0.784,0.146799033
0.352,0.842,0.631,0.859,0.00759881
0.049,0.232,0.588,0.331,0.07348041
0.269,0.014,0.741,0.313,0.396759447
0.746,0.213,0.838,0.566,0.015304331
0.252,0.196,0.9,0.286,0.117138717
0.101,0.263,0.995,0.33,0.079669611
0.631,0.084,0.673,0.151,0.012987684
0.016,0.588,0.611,0.81,0.074325487
0.224,0.063,0.742,0.703,0.603082208
0.414,0.186,0.889,0.546,0.31190922
0.425,0.036,0.843,0.153,0.15166296
0.082,0.109,0.119,0.919,0.00336654
0.364,0.216,0.776,0.34,0.13874068
0.326,0.463,0.389,0.481,0.000721156
0.519,0.005,0.717,0.04,0.027894432
0.036,0.221,0.343,0.812,0.034415812
0.058,0.315,0.939,0.657,0.25530798
0.022,0.459,0.039,0.74,1.549e-05
0.41,0.584,0.637,0.673,0.02692027
0.084,0.507,0.351,0.939,0.031804851
0.242,0.075,0.516,0.17,0.051890495
0.345,0.444,0.879,0.722,0.157797085
0.424,0.344,0.549,1.0,0.12261881
0.104,0.829,0.967,0.926,0.096443791
0.063,0.218,0.208,0.309,0.001870874
0.468,0.0,0.855,0.647,0.535575857
0.281,0.0,0.796,0.764,0.735941771
0.037,0.346,0.84,0.359,0.014151171
0.434,0.0,0.622,0.353,0.251366581
0.095,0.725,0.439,0.914,0.027130249
0.147,0.179,0.69,0.589,0.339369927
0.383,0.0,0.74,0.544,0.546320902
0.402,0.721,0.438,0.735,0.000196209
0.03,0.126,0.057,0.8,0.000456101
0.0,0.164,0.821,0.364,0.256256325
0.603,0.705,0.67,1.0,0.051745919
0.025,0.079,0.722,0.171,0.136640896
0.114,0.649,0.547,0.675,0.00520127
0.088,0.488,0.128,0.923,0.002113554
0.221,0.124,0.905,0.276,0.222052212
0.0,0.0,0.718,0.591,0.628876856
0.383,0.0,0.94,0.337,0.426734732
0.424,0.0,0.64,0.684,0.40637887
0.011,0.068,0.827,0.332,0.374026698
0.218,0.087,0.782,0.207,0.179927437
0.168,0.651,0.407,0.818,0.010202887
0.351,0.668,0.613,0.957,0.111130235
0.775,0.499,0.917,0.5,6.024e-05
0.575,0.005,0.839,0.429,0.250476754
0.143,0.312,0.771,0.564,0.202458813
0.104,0.389,0.863,0.425,0.031395221
0.295,0.376,0.326,0.439,0.000604118
0.126,0.0,0.62,0.606,0.453357246
0.085,0.005,0.986,0.666,0.705407117
0.596,0.259,0.776,0.707,0.144976352
0.021,0.0,0.97,0.402,0.546410401
0.798,0.7,0.862,0.88,0.000967278
0.26,0.094,0.531,0.802,0.221577179
0.046,0.0,0.801,0.651,0.706546509
0.379,0.338,0.895,0.947,0.399838558
0.68,0.357,0.808,0.469,0.016245792
0.043,0.136,0.255,0.793,0.017483288
0.352,0.413,0.7,0.675,0.133639236
0.627,0.637,0.683,0.978,0.046585957
0.525,0.186,0.979,0.702,0.295011119
0.569,0.12,0.91,0.156,0.027033865
0.231,0.035,0.652,0.932,0.623431186
0.243,0.385,0.535,0.931,0.117933881
0.768,0.641,0.877,0.867,0.003607499
0.18,0.085,0.809,0.427,0.430944628
0.299,0.093,0.508,0.804,0.172464596
0.843,0.426,0.94,0.435,0.0
0.484,0.055,0.954,0.939,0.62659291
0.0,0.035,0.93,0.359,0.454584415
0.287,0.191,0.585,0.485,0.165602432
0.237,0.027,0.559,0.089,0.043494799
0.355,0.455,0.52,0.989,0.081671291
0.329,0.707,0.413,0.883,0.005051531
0.371,0.568,0.593,0.956,0.120918329
0.094,0.076,0.354,0.206,0.015600366
0.428,0.081,0.699,0.886,0.532343566
0.183,0.172,0.753,0.476,0.324809126
0.41,0.05,0.926,0.411,0.408609461
0.018,0.299,0.985,0.519,0.193885841
0.029,0.035,0.885,0.415,0.505469767
0.276,0.24,0.46,0.395,0.032715331
0.454,0.296,0.758,0.655,0.212262397
0.332,0.057,0.858,0.388,0.418468121
0.508,0.0,0.834,0.588,0.452586177
0.528,0.473,0.867,0.963,0.239304868
0.35,0.072,0.78,0.396,0.39403317
0.758,0.52,0.766,0.953,0.002986169
0.465,0.161,0.875,0.539,0.307158888
0.439,0.646,0.445,0.691,0.00010671
0.026,0.0,0.939,0.81,0.803609908
0.309,0.583,0.967,0.865,0.161998375
0.027,0.628,0.694,0.935,0.19110965
0.174,0.331,0.845,0.54,0.167759014
0.155,0.913,0.691,0.947,0.031846158
0.499,0.154,0.67,0.991,0.381226205
0.174,0.624,0.616,0.817,0.065793822
0.231,0.0,0.418,0.462,0.078963946
0.123,0.086,0.359,0.561,0.041699655
0.393,0.086,0.746,0.164,0.106940993
0.03,0.442,0.93,0.983,0.400304985
0.367,0.094,0.586,0.655,0.270202681
0.406,0.461,0.631,0.778,0.099614122
0.945,0.781,0.992,0.928,5.6797e-05
0.103,0.286,0.628,0.889,0.291505167
0.365,0.406,0.91,0.614,0.130252043
0.215,0.0,0.846,0.729,0.735602707
0.78,0.715,0.811,0.786,0.000354554
0.679,0.12,0.926,0.356,0.048381101
0.182,0.02,0.59,0.545,0.351794799
0.652,0.88,0.922,0.921,0.010400818
0.351,0.611,0.353,1.0,0.000426841
0.469,0.0,0.655,0.376,0.276255912
0.224,0.544,0.348,0.788,0.007764039
0.002,0.664,0.353,0.723,0.002545558
0.163,0.353,0.617,0.685,0.137241572
0.381,0.0,0.948,0.751,0.683030643
0.797,0.63,0.952,0.821,0.000829587
0.315,0.179,0.626,0.351,0.143217352
0.0,0.0,0.821,0.492,0.61288235
0.011,0.469,0.591,0.498,0.010375001
0.342,0.142,0.551,0.824,0.211663442
0.324,0.313,0.333,0.756,0.001681549
0.154,0.592,1.0,1.0,0.313570116
0.108,0.189,0.544,0.948,0.254469787
0.185,0.382,0.673,0.479,0.060205297
0.086,0.291,0.268,0.87,0.017419606
0.529,0.007,0.625,0.552,0.191180217
0.072,0.089,0.295,0.68,0.024395365
0.465,0.429,0.55,0.911,0.059626996
0.154,0.15,0.654,0.844,0.440703462
0.032,0.321,0.761,0.781,0.310594273
0.355,0.034,0.705,0.039,0.006796762
0.036,0.919,0.521,0.951,0.01418043
0.062,0.586,0.103,0.929,0.001220285
0.216,0.675,0.704,0.822,0.074871087
0.145,0.695,0.16,0.776,0.00013597
0.532,0.126,0.923,0.751,0.357302431
0.017,0.033,0.047,0.386,0.000430284
0.436,0.0,0.808,0.629,0.566616524
0.05,0.456,0.486,0.855,0.054100432
0.651,0.092,0.818,0.905,0.19145904
0.266,0.456,0.488,0.661,0.026607024
0.146,0.0,0.707,0.403,0.495597337
0.404,0.021,0.804,0.863,0.698429637
0.48,0.106,0.583,0.794,0.185746594
0.651,0.095,0.711,0.36,0.05371834
0.286,0.658,0.638,1.0,0.172003332
0.088,0.11,0.647,0.22,0.131100562
0.22,0.574,0.97,0.914,0.225315484
0.07,0.635,0.543,0.935,0.081726367
0.704,0.602,0.865,0.903,0.024923754
0.447,0.231,0.847,0.802,0.363517449
0.171,0.04,0.713,0.94,0.780782497
0.373,0.37,0.433,0.781,0.015992785
0.551,0.153,0.807,0.363,0.141234604
0.403,0.772,0.982,1.0,0.184364523
0.075,0.204,0.887,0.888,0.556880064
0.0,0.301,0.819,0.571,0.222193345
0.501,0.344,0.659,0.783,0.14115199
0.015,0.798,0.37,0.984,0.027829029
0.25,0.32,0.42,0.518,0.020822289
0.759,0.51,0.995,0.604,0.002631615
0.831,0.136,0.907,0.939,0.001530089
0.774,0.238,0.997,0.971,0.011280318
0.399,0.045,0.693,0.924,0.617272965
0.298,0.218,0.873,0.828,0.460329563
0.575,0.633,0.746,0.764,0.035570694
0.183,0.156,0.568,0.818,0.269269826
0.04,0.256,0.141,0.407,0.0014251
0.517,0.0,0.567,0.235,0.056255292
0.251,0.176,0.502,0.429,0.085743496
0.2,0.0,0.532,0.643,0.262302672
0.149,0.401,0.425,0.62,0.020552071
0.13,0.462,0.937,0.899,0.287154138
0.846,0.565,0.938,0.972,0.000413072
0.339,0.389,0.671,0.947,0.275529593
0.433,0.296,0.948,0.601,0.206205724
0.064,0.199,0.289,0.655,0.015615856
0.276,0.024,0.556,0.327,0.194178433
0.46,0.796,0.587,0.802,0.001459522
0.087,0.442,0.719,0.45,0.005726216
0.085,0.178,0.775,0.533,0.358292083
0.204,0.028,0.474,0.052,0.008270053
0.077,0.175,1.0,0.403,0.280429664
0.258,0.662,0.894,0.666,0.001461243
0.095,0.502,0.534,0.792,0.052964483
0.221,0.533,0.879,0.851,0.189097643
0.318,0.109,0.963,0.847,0.626024936
0.359,0.702,0.697,0.913,0.116897758
0.123,0.847,0.742,1.0,0.15718264
0.334,0.595,0.936,0.618,0.011152954
0.456,0.518,0.552,0.871,0.045360509
0.08,0.046,0.354,0.292,0.028994238
0.246,0.115,0.702,0.707,0.488046718
0.314,0.176,0.802,0.93,0.598092638
0.162,0.038,0.459,0.118,0.02810269
0.419,0.106,0.884,0.525,0.401554529
0.114,0.826,0.663,0.84,0.008101382
0.61,0.678,0.789,0.888,0.06034643
0.113,0.618,0.317,0.896,0.016211369
0.173,0.545,0.959,0.644,0.056096948
0.367,0.043,0.752,0.969,0.772354099
0.145,-0.0,0.601,0.273,0.254891465
0.259,0.011,0.886,0.916,0.847939457
0.109,0.633,0.604,0.966,0.14885579
0.188,0.396,0.924,0.643,0.164361493
0.422,0.709,0.678,0.922,0.104701796
0.411,0.089,0.545,0.885,0.195928828
0.09,0.247,0.733,0.423,0.182127047
0.353,0.575,0.744,1.0,0.276397045
0.172,0.0,0.984,0.473,0.593156424
0.026,0.224,0.612,0.293,0.060955712
0.545,0.114,0.625,0.931,0.189670781
0.55,0.251,0.678,0.893,0.198321205
0.035,0.076,0.883,0.968,0.847665797
0.191,0.163,0.667,0.253,0.108111364
0.416,0.136,0.754,0.717,0.441970217
0.002,0.358,0.293,0.848,0.016567644
0.06,0.337,0.349,0.801,0.023481443
0.18,0.0,0.763,0.336,0.461589434
0.417,0.307,0.81,0.874,0.347330176
0.527,0.0,0.692,0.77,0.392391207
0.076,0.433,0.431,0.913,0.051468816
0.089,0.76,0.295,0.96,0.017755227
0.275,0.06,0.402,0.49,0.05054973
0.367,0.465,0.7,0.897,0.213747737
0.437,0.0,0.712,0.579,0.489062188
0.189,0.557,0.779,1.0,0.326530261
0.318,0.0,0.419,0.553,0.067304978
0.344,0.413,0.981,0.419,0.004244319
0.357,0.0,0.736,0.59,0.587430208
0.608,0.241,0.995,0.725,0.152244704
0.129,0.361,0.697,0.786,0.238151708
0.424,0.07,0.885,0.428,0.384620283
0.034,0.024,0.34,0.524,0.04196471
0.23,0.251,0.364,0.69,0.023502096
0.464,0.095,0.972,0.174,0.091605681
0.077,0.087,0.813,0.626,0.56372846
0.536,0.153,0.72,0.251,0.073516554
0.118,0.126,1.0,0.251,0.183812038
0.051,0.319,0.876,0.708,0.278598377
0.448,0.27,0.904,0.533,0.190037383
0.019,0.285,0.062,0.294,6.885e-06
0.145,0.318,0.172,0.603,0.000640262
0.394,0.349,0.919,0.959,0.398101932
0.293,0.305,0.916,0.607,0.232081265
0.309,0.0,0.867,0.458,0.557193311
0.057,0.272,0.058,0.361,1.2048e-05
0.584,0.58,0.777,0.649,0.017510826
0.052,0.0,0.608,0.652,0.449615498
0.012,0.0,0.736,0.556,0.626038705
0.035,0.252,0.097,0.305,0.000256449
0.285,0.518,0.846,0.893,0.229461698
0.004,0.773,0.922,1.0,0.219596153
0.148,0.112,0.912,0.237,0.187271519
0.201,0.111,0.799,0.963,0.767366251
0.583,0.634,0.863,0.746,0.029298879
0.239,0.0,0.873,0.658,0.694285144
0.63,0.352,0.759,0.695,0.07511893
0.045,0.0,0.853,0.526,0.636739
0.375,0.995,0.568,0.999,0.000869173
0.966,0.085,0.984,0.614,1.0327e-05
0.046,0.282,0.072,0.401,0.000204815
0.019,0.097,0.971,0.534,0.498366643
0.529,0.1,0.874,0.991,0.534252305
0.27,0.881,0.426,0.974,0.011707159
0.178,0.129,0.766,0.283,0.212573923
0.172,0.0,1.0,0.155,0.233167301
0.133,0.093,0.565,0.25,0.125043889
0.351,0.179,0.997,0.532,0.336922473
0.374,0.518,0.843,0.614,0.053754484
0.302,0.302,0.6,0.841,0.194472748
0.033,0.347,0.547,0.741,0.101930769
0.001,0.686,0.623,0.983,0.161655869
0.431,0.0,0.666,0.514,0.393577069
0.619,0.029,0.631,0.239,0.01020633
0.589,0.146,0.862,0.446,0.145912649
0.015,0.0,0.616,0.573,0.439245661
0.642,0.359,0.735,0.926,0.101405823
0.312,0.25,0.71,0.788,0.349075406
0.222,0.044,0.988,0.337,0.409179156
0.416,0.098,0.594,0.159,0.044388068
0.717,0.164,0.746,0.974,0.028190468
0.026,0.696,0.7,0.967,0.198873689
0.906,0.037,0.963,0.599,0.000148018
0.205,0.0,0.425,0.433,0.086595458
0.225,0.054,0.564,0.068,0.010127157
0.135,0.0,0.74,0.528,0.606631188
0.147,0.044,0.496,0.351,0.132377645
0.176,0.441,0.925,0.829,0.237224016
0.025,0.376,0.648,0.486,0.060182922
0.189,0.091,0.444,0.864,0.122205738
0.088,0.472,0.633,0.528,0.025197414
0.446,0.5,0.663,1.0,0.215914645
0.324,0.031,0.662,0.273,0.268552113
0.498,0.089,0.528,0.997,0.061189786
0.046,0.51,0.376,0.886,0.027503735
0.03,0.044,0.652,0.702,0.508228746
0.351,0.332,0.534,0.588,0.057248387
0.689,0.62,0.698,0.875,0.004536911
0.21,0.508,0.805,0.842,0.198286782
0.034,0.494,0.918,0.977,0.358004654
0.196,0.303,0.539,0.75,0.112455509
0.793,0.444,0.867,0.829,0.001454359
0.54,0.245,0.802,0.272,0.019593399
0.298,0.113,0.594,0.264,0.131864746
0.811,0.049,0.941,0.928,0.003896649
0.226,0.0,0.413,0.39,0.068962431
0.391,0.028,0.514,0.272,0.085762428
0.595,0.627,0.826,0.921,0.094092721
0.1,0.015,0.727,0.773,0.704870123
0.323,0.665,0.693,0.759,0.041076604
0.852,0.719,0.879,0.943,0.000111874
0.053,0.083,0.834,0.245,0.246540519
0.0,0.0,0.747,0.436,0.553814723
0.851,0.175,0.97,0.694,0.000428563
0.475,0.054,0.675,0.696,0.372932056
0.087,0.381,0.608,0.491,0.049000709
0.297,0.375,0.603,0.644,0.100159721
0.133,0.322,0.996,0.673,0.256555803
0.336,0.314,0.881,0.902,0.394100294
0.417,0.085,0.93,0.426,0.370209221
0.514,0.223,0.603,0.532,0.082829615
0.195,0.174,1.0,0.349,0.22406594
0.344,0.051,0.545,0.318,0.144740556
0.203,0.827,0.802,1.0,0.173660785
0.081,0.045,0.461,0.886,0.174166799
0.364,0.468,0.905,0.7,0.126840754
0.145,0.257,0.167,0.634,0.000734925
0.551,0.709,0.898,0.79,0.031135329
0.833,0.871,0.953,0.89,6.024e-05
0.081,0.744,0.278,0.797,0.002295994
0.867,0.316,0.88,0.869,7.0567e-05
0.182,0.342,0.411,0.474,0.014307794
0.203,0.264,0.572,0.353,0.052845724
0.025,0.858,0.265,0.879,0.001993074
0.017,0.292,0.598,0.757,0.190527906
0.348,0.086,0.405,0.952,0.043675518
0.392,0.557,0.644,0.944,0.154628476
0.368,0.0,0.674,0.465,0.436722477
0.233,0.0,0.886,0.795,0.772514165
0.38,0.123,0.908,0.343,0.270108018
0.454,0.0,0.673,0.562,0.397198337
0.249,0.85,0.739,1.0,0.144799075
0.441,0.304,0.634,0.601,0.116076776
0.3,0.06,0.517,0.657,0.187548622
0.807,0.81,0.984,0.967,0.000982768
0.9,0.356,0.948,0.433,6.885e-06
0.337,0.178,0.505,0.902,0.13186991
0.105,0.051,0.795,0.958,0.860810104
0.388,0.613,0.686,0.704,0.036364137
0.16,0.0,0.789,0.121,0.178313012
0.0,0.119,0.889,0.347,0.312905758
0.141,0.65,0.542,0.982,0.097543596
0.213,0.029,0.612,0.394,0.317088115
0.319,0.003,0.789,0.076,0.095232112
0.241,0.425,0.623,1.0,0.256097981
0.476,0.255,0.588,0.258,0.001075709
0.007,0.276,0.181,0.835,0.006029135
0.667,0.825,0.808,0.909,0.017892918
0.126,0.091,0.741,0.881,0.687935877
0.458,0.132,0.588,0.91,0.239341012
0.076,0.428,0.622,0.434,0.002505972
0.362,0.629,0.709,0.716,0.037307319
0.221,0.296,0.621,0.376,0.05757024
0.285,0.709,0.814,0.734,0.01272435
0.034,0.185,1.0,0.599,0.398046856
0.392,0.58,0.535,1.0,0.07024984
0.255,0.771,0.874,0.943,0.143904085
0.0,0.045,0.671,0.228,0.234797216
0.094,0.422,0.957,0.679,0.163247919
0.36,0.519,0.972,0.733,0.111854833
0.503,0.559,0.994,0.664,0.044243492
0.209,0.504,0.371,0.8,0.01320971
0.042,0.719,0.947,0.918,0.158571596
0.245,0.602,0.255,0.631,2.9259e-05
0.577,0.039,0.691,0.946,0.293150572
0.407,0.0,0.831,0.609,0.589493849
0.143,0.285,0.506,0.54,0.066494324
0.007,0.204,0.944,0.467,0.283694657
0.323,0.082,0.329,0.357,0.001454359
0.0,0.106,0.827,0.738,0.593462786
0.094,0.171,0.985,0.401,0.282180058
0.115,0.77,0.923,0.888,0.093288951
0.127,0.471,0.704,0.757,0.146077878
0.253,0.161,0.747,0.959,0.647138097
0.149,0.42,0.49,0.738,0.042907892
0.24,0.412,0.954,0.706,0.181667504
0.196,0.045,0.583,0.768,0.378742608
0.258,0.171,0.966,0.358,0.232645797
0.169,0.0,0.772,0.345,0.476274156
0.083,0.326,0.758,0.896,0.394281013
0.456,0.558,0.717,0.685,0.052059166
0.391,0.251,0.432,0.794,0.019030588
0.505,0.03,0.71,0.932,0.525350595
0.354,0.705,0.72,0.919,0.129735703
0.066,0.0,0.892,0.496,0.615541503
0.368,0.209,0.988,0.873,0.48119316
0.072,0.131,0.114,0.924,0.003268435
0.304,0.016,0.395,0.366,0.038391634
0.341,0.07,0.362,0.34,0.007192623
0.217,0.45,0.889,0.46,0.008631491
0.841,0.037,0.9,0.528,0.001120459
0.355,0.381,0.84,0.885,0.309274163
0.093,0.606,0.329,0.953,0.026278287
0.198,0.353,0.648,0.657,0.147361845
0.029,0.0,0.613,0.467,0.393379138
0.034,0.0,0.914,0.593,0.679409375
0.288,0.083,0.776,0.143,0.090428425
0.064,0.285,0.875,0.375,0.10287223
0.298,0.567,0.525,0.679,0.016073678
0.596,0.126,0.7,0.423,0.102669136
0.649,0.07,0.852,0.663,0.15474035
0.203,0.124,0.513,0.709,0.172557538
0.12,0.078,0.442,0.611,0.106892801
0.042,0.476,0.667,0.497,0.009638355
0.015,0.458,0.611,0.976,0.229296469
0.697,0.298,0.975,0.89,0.061585647
0.114,0.146,0.192,0.588,0.003894928
0.062,0.22,0.909,0.958,0.612181848
0.276,0.833,0.947,0.969,0.129257227
0.694,0.231,0.82,0.403,0.023879025
0.616,0.3,0.974,0.951,0.193479653
0.214,0.326,0.794,0.966,0.471121078
0.338,0.522,0.502,1.0,0.063310224
0.236,0.447,0.852,0.734,0.17057479
0.031,0.149,0.995,0.842,0.600713927
0.219,0.488,0.294,0.889,0.00896367
0.272,0.313,0.283,0.97,0.002721114
0.104,0.0,0.526,0.491,0.230275795
0.598,0.282,0.993,0.724,0.141990183
0.288,0.31,0.738,0.522,0.164874392
0.76,0.336,0.851,0.674,0.007638396
0.244,0.702,0.445,0.827,0.008426676
0.802,0.031,0.943,0.252,0.002271898
0.262,0.339,0.884,0.411,0.063824844
0.16,0.173,0.659,0.37,0.19449168
0.039,0.339,0.147,0.422,0.000581744
0.142,0.107,0.713,0.868,0.620152424
0.381,0.646,0.577,0.728,0.017089148
0.198,0.249,0.926,0.795,0.413883018
0.579,0.01,0.62,0.547,0.076879651
0.352,0.546,0.781,0.634,0.048252015
0.08,0.167,0.449,0.538,0.078129195
0.122,0.258,0.236,0.604,0.00521676
0.564,0.314,0.65,0.604,0.058501373
0.399,0.332,0.409,0.865,0.003082553
0.177,0.0,0.651,0.462,0.445362574
0.402,0.0,0.676,0.652,0.491812562
0.145,0.384,0.782,0.478,0.073361652
0.755,0.262,0.788,0.29,0.00075902
0.501,0.315,0.933,0.925,0.333258177
0.875,0.259,0.964,0.289,3.4423e-05
0.143,0.818,0.323,0.896,0.007380226
0.339,0.894,0.732,0.983,0.083674692
0.346,0.457,0.488,0.471,0.001777932
0.356,0.061,0.789,0.723,0.600641639
0.486,0.962,0.939,0.971,0.006949943
0.141,0.062,0.918,0.216,0.233991725
0.397,0.0,0.55,0.539,0.206735833
0.002,0.208,0.958,0.454,0.270142441
0.515,0.025,0.638,0.575,0.234871225
0.788,0.572,0.992,0.682,0.000433726
0.41,0.694,0.551,0.951,0.051434394
0.406,0.08,0.684,0.953,0.578320241
0.234,0.567,0.371,0.912,0.017583114
0.329,0.837,0.481,0.874,0.003772728
0.359,0.008,0.97,0.364,0.45237792
0.199,0.7,0.394,0.808,0.006030857
0.496,0.551,0.714,0.977,0.204417465
0.504,0.483,0.614,0.532,0.010492038
0.073,0.573,0.129,0.775,0.000881221
0.028,0.031,0.836,0.663,0.666574873
0.07,0.0,0.837,0.254,0.381926707
0.295,0.351,0.593,0.626,0.101560725
0.177,0.169,0.978,0.961,0.682868856
0.146,0.196,0.474,0.656,0.096326754
0.344,0.557,0.46,0.819,0.013364612
0.454,0.317,0.569,0.743,0.083748701
0.407,0.453,0.596,0.667,0.055460128
0.015,0.391,0.642,0.597,0.097712268
0.01,0.0,0.722,0.365,0.481910873
0.039,0.06,0.793,0.334,0.387584077
0.332,0.773,0.609,0.773,0.0
0.281,0.388,0.78,0.801,0.251550742
0.611,0.749,0.629,0.938,0.00932683
0.665,0.671,0.931,0.707,0.004218502
0.089,0.465,0.326,0.728,0.007669377
0.313,0.538,0.746,1.0,0.304599561
0.201,0.292,0.94,0.309,0.019316296
0.12,0.289,0.92,0.777,0.35047641
0.118,0.498,0.869,0.98,0.355178551
0.291,0.422,0.644,0.94,0.230635512
0.62,0.129,0.728,0.184,0.021977171
0.12,0.066,0.732,0.872,0.706636008
0.036,0.14,0.416,0.909,0.101464342
0.476,0.163,0.505,0.686,0.028529531
0.0,0.109,0.742,0.191,0.122491446
0.306,0.282,0.764,0.914,0.437407489
0.712,0.381,0.997,0.456,0.005378546
0.65,0.416,0.718,0.57,0.02170351
0.689,0.422,0.854,0.423,0.000335621
0.736,0.614,0.83,0.758,0.004184079
0.669,0.489,0.961,0.847,0.053831935
0.447,0.44,0.558,0.959,0.08893448
0.166,0.62,0.299,0.665,0.000752136
0.209,0.0,0.819,0.4,0.531610363
0.0,0.0,0.91,0.422,0.562377369
0.136,0.247,0.957,0.639,0.332191074
0.502,0.244,0.936,0.374,0.102836086
0.034,0.196,0.136,0.759,0.003456039
0.025,0.495,0.587,0.613,0.036997515
0.735,0.198,0.926,0.972,0.040097279
0.536,0.366,0.599,0.993,0.100498785
0.134,0.169,0.179,0.364,0.001302899
0.415,0.165,0.462,0.247,0.011003215
0.375,0.136,0.551,0.949,0.234203424
0.009,0.013,0.131,0.662,0.005564429
0.021,0.479,0.381,0.723,0.013757031
0.334,0.325,0.499,0.417,0.021646713
0.017,0.429,0.323,0.629,0.005325191
0.115,0.213,0.439,0.614,0.065187982
0.181,0.046,0.72,0.425,0.460358822
0.786,0.227,0.988,0.55,0.003320069
0.014,0.101,0.827,0.816,0.652502874
0.442,0.327,0.74,0.917,0.332099853
0.244,0.071,0.292,0.329,0.006350988
0.318,0.428,0.96,0.858,0.254695256
0.388,0.095,0.824,0.958,0.702911472
0.61,0.539,0.954,0.685,0.032914983
0.142,0.451,0.424,0.792,0.026150923
0.672,0.758,0.898,0.9,0.026701686
0.117,0.197,0.49,0.198,0.000784837
0.128,0.139,0.786,0.257,0.168788252
0.178,0.678,0.191,0.735,2.5817e-05
0.348,0.504,0.487,0.994,0.05214178
0.302,0.001,0.72,0.757,0.669077403
0.192,0.0,0.754,0.85,0.793475866
0.385,0.776,0.453,0.991,0.013701955
0.516,0.418,0.532,0.964,0.016300868
0.221,0.308,0.463,0.684,0.05361335
0.115,0.127,0.147,0.316,0.000962114
0.035,0.026,0.447,0.771,0.145780122
0.15,0.181,0.687,0.381,0.211670327
0.366,0.0,0.415,0.584,0.039426036
0.451,0.197,0.968,0.389,0.183713934
0.685,0.569,0.993,0.844,0.030111254
0.441,0.769,0.843,0.801,0.018898061
0.162,0.401,0.598,0.52,0.04678733
0.591,0.18,0.948,0.69,0.19529545
0.636,0.54,0.967,0.843,0.063294734
0.159,0.108,0.366,0.913,0.06404687
0.248,0.042,0.765,0.743,0.660118896
0.117,0.626,0.554,1.0,0.123978506
0.082,0.457,0.536,0.724,0.052009253
0.366,0.579,0.734,1.0,0.266266445
0.544,0.13,0.689,0.896,0.303117664
0.582,0.168,0.857,0.881,0.284567272
0.517,0.0,0.642,0.744,0.293348502
0.366,0.017,0.756,0.142,0.167394133
0.238,0.441,0.615,0.755,0.109269688
0.111,0.164,0.137,0.567,0.001084315
0.494,0.626,0.818,0.698,0.02883073
0.201,0.529,0.869,1.0,0.347442049
0.325,0.074,0.755,0.175,0.144869641
0.395,0.0,0.483,0.564,0.097646864
0.436,0.017,0.598,0.41,0.225329253
0.12,0.666,0.268,0.684,0.0003339
0.047,0.0,0.823,0.446,0.578877889
0.025,0.695,0.656,0.835,0.062201813
0.303,0.608,0.781,0.642,0.018273289
0.045,0.616,0.469,0.88,0.032777292
0.436,0.561,0.807,0.767,0.099720832
0.241,0.0,1.0,0.757,0.748068887
0.705,0.299,0.742,0.871,0.026897895
0.77,0.309,0.84,0.954,0.009941275
0.444,0.106,0.727,0.62,0.394134717
0.057,0.862,0.293,0.942,0.009352647
0.553,0.577,1.0,0.642,0.021512464
0.13,0.686,0.259,0.792,0.002511136
0.116,0.209,0.978,0.385,0.207997425
0.477,0.45,0.954,0.742,0.140876608
0.249,0.197,0.355,0.851,0.028536416
0.178,0.396,0.447,0.727,0.032799667
0.41,0.098,0.492,0.516,0.07229799
0.15,0.281,0.201,0.883,0.00404983
0.103,0.3,0.837,0.527,0.198405541
0.29,0.066,0.809,0.183,0.17300159
0.185,0.274,0.315,0.764,0.014846509
0.272,0.888,0.367,0.898,0.000707386
0.149,0.101,0.227,0.705,0.006679724
0.203,0.379,0.731,0.581,0.133924945
0.384,0.147,0.926,0.381,0.269106318
0.65,0.352,0.82,0.712,0.070594067
0.424,0.456,0.512,0.538,0.007755434
0.003,0.407,0.526,0.547,0.031322933
0.061,0.883,0.852,0.907,0.026519246
0.393,0.358,0.734,0.363,0.004512816
0.112,0.659,0.677,0.733,0.031360798
0.18,0.0,1.0,0.461,0.582834778
0.116,0.776,0.74,0.788,0.006381968
0.505,0.446,0.628,0.652,0.04734842
0.511,0.244,0.681,0.431,0.103009921
0.226,0.363,0.429,0.996,0.063891968
0.392,0.83,0.669,0.926,0.060509938
0.458,0.433,0.511,1.0,0.037414029
0.435,0.0,0.658,0.251,0.230198344
0.614,0.46,0.783,0.947,0.132955946
0.324,0.261,0.981,0.503,0.219807853
0.248,0.107,0.395,0.288,0.026052818
0.241,0.267,0.466,0.367,0.023910005
0.151,0.333,0.485,0.667,0.057232897
0.718,0.461,0.826,0.719,0.015567665
0.073,0.287,0.806,0.731,0.326754009
0.017,0.641,0.232,0.905,0.009232167
0.619,0.28,0.846,0.87,0.165648902
0.713,0.397,0.844,0.996,0.046000771
0.365,0.0,0.851,0.59,0.614045837
0.072,0.476,0.957,0.673,0.118775516
0.164,0.557,0.916,1.0,0.334196196
0.227,0.236,0.571,0.914,0.248161828
0.455,0.942,0.665,0.991,0.031274741
0.139,0.416,0.351,0.448,0.001366581
0.145,0.0,0.778,0.446,0.567298094
0.251,0.155,0.644,1.0,0.515992785
0.124,0.287,0.904,0.552,0.227814572
0.392,0.266,0.709,0.71,0.26710808
0.489,0.391,0.599,0.676,0.059497911
0.119,0.0,0.683,0.045,0.057725142
0.897,0.34,0.935,0.918,8.0893e-05
0.033,0.427,0.482,0.457,0.005289047
0.214,0.69,0.293,0.786,0.002308042
0.595,0.209,0.956,0.968,0.275863493
0.428,0.321,0.905,0.6,0.184462627
0.396,0.909,0.842,0.975,0.06105898
0.434,0.815,0.885,0.967,0.123599857
0.689,0.13,0.733,0.516,0.035865008
0.108,0.102,1.0,0.987,0.828807322
0.472,0.028,0.579,0.372,0.142797395
0.431,0.397,0.556,0.564,0.030123302
0.173,0.004,0.927,0.185,0.268507363
0.03,0.0,0.613,0.501,0.407389176
0.687,0.188,0.896,0.972,0.108283478
0.099,0.351,0.226,0.572,0.002347628
0.396,0.702,0.606,0.724,0.005640159
0.482,0.054,0.84,0.529,0.404552746
0.375,0.274,0.71,0.304,0.029872016
0.779,0.638,0.942,0.906,0.003201311
0.075,0.808,0.485,0.875,0.014249275
0.416,0.148,0.462,0.374,0.023753382
0.221,0.317,0.883,0.356,0.040651484
0.294,0.091,0.537,0.484,0.17460913
0.04,0.04,0.609,0.083,0.041028412
0.397,0.258,0.614,0.306,0.032751475
0.023,0.39,0.24,0.691,0.003459481
0.057,0.905,0.508,0.998,0.036648124
0.08,0.299,0.486,0.995,0.139260463
0.177,0.051,0.768,0.287,0.335645391
0.314,0.744,0.779,1.0,0.208876925
0.925,0.845,0.947,0.897,2.0654e-05
0.206,0.396,0.519,0.74,0.059663139
0.823,0.377,0.846,0.507,5.5076e-05
0.078,0.194,0.102,0.892,0.001370023
0.515,0.119,0.909,0.461,0.267281915
0.327,0.335,0.471,0.611,0.036649845
0.316,0.2,0.741,0.485,0.274533056
0.231,0.108,0.403,0.783,0.06714147
0.532,0.043,0.703,0.997,0.479456534
0.294,0.047,0.418,0.864,0.079210068
0.397,0.015,0.71,0.759,0.584239224
0.038,0.107,0.515,0.227,0.067609619
0.08,0.561,0.547,0.81,0.051613392
0.295,0.163,0.821,1.0,0.700932167
0.012,0.352,0.641,0.635,0.138893861
0.023,0.053,0.671,0.542,0.46276669
0.169,0.233,0.482,0.783,0.09911155
0.049,0.635,0.149,0.886,0.002934535
0.387,0.003,0.399,0.691,0.009838007
0.245,0.253,0.684,0.289,0.036710085
0.003,0.073,0.791,0.68,0.611663787
0.382,0.0,0.57,0.459,0.244361562
0.035,0.109,0.766,0.886,0.685326637
0.035,0.0,0.68,0.539,0.544746064
0.723,0.667,0.898,0.671,8.4336e-05
0.097,0.431,0.521,0.843,0.072389211
0.047,0.482,0.269,0.53,0.000524946
0.191,0.63,0.498,0.654,0.002803729
0.423,0.008,0.881,0.297,0.349357672
0.438,0.157,0.736,0.717,0.386701135
0.404,0.019,0.962,0.391,0.434398945
0.17,0.327,0.546,0.618,0.085406153
0.248,0.705,0.515,0.797,0.010984283
0.509,0.575,0.983,0.784,0.089917248
0.174,0.696,0.22,0.771,0.000426841
0.504,0.0,0.645,0.498,0.260023889
0.681,0.449,0.946,0.488,0.005786455
0.836,0.245,0.936,0.616,0.000526667
0.226,0.811,0.268,0.943,0.003946562
0.975,0.406,0.995,0.715,0.0
0.087,0.163,0.358,0.235,0.0083716
0.388,0.18,0.54,0.579,0.113970107
0.392,0.246,0.956,0.346,0.105348943
0.424,0.099,0.535,0.91,0.163043104
0.219,0.111,0.741,0.551,0.455713479
0.0,0.024,0.902,0.282,0.382436163
0.552,0.352,0.829,0.461,0.053479102
0.187,0.081,0.925,0.622,0.563055496
0.367,0.828,0.815,0.981,0.137002334
0.055,0.178,0.116,0.542,0.001679828
0.402,0.0,0.456,0.317,0.042074862
0.635,0.003,0.856,0.311,0.118252291
0.041,0.013,0.101,0.877,0.00353349
0.431,0.116,0.862,0.756,0.49382801
0.335,0.423,0.465,0.751,0.026440074
0.01,0.45,0.037,0.819,2.4096e-05
0.58,0.244,0.7,0.259,0.007332034
0.054,0.493,0.823,0.783,0.169259843
0.149,0.152,0.494,0.791,0.147690581
0.173,0.936,0.444,0.944,0.001891527
0.544,0.045,0.922,0.611,0.355517614
0.146,0.538,0.687,0.985,0.275992578
0.254,0.48,0.471,0.795,0.030364261
0.683,0.044,0.836,0.074,0.005791619
0.346,0.393,0.755,0.438,0.03365335
0.236,0.719,0.757,0.915,0.140274211
0.456,0.0,0.686,0.534,0.4086697
0.033,0.321,0.123,0.777,0.001710808
0.487,0.205,0.619,0.64,0.148762848
0.387,0.743,0.53,0.982,0.044455192
0.317,0.463,0.725,1.0,0.338104893
0.553,0.014,0.606,0.591,0.111598384
0.529,0.144,0.57,0.813,0.082316716
0.397,0.0,0.801,0.835,0.712277888
0.028,0.006,0.249,0.807,0.02476713
0.12,0.399,0.796,0.469,0.053907665
0.624,0.269,0.889,0.429,0.05484052
0.035,0.065,0.484,0.513,0.1477491
0.106,0.649,0.975,0.932,0.209897558
0.104,0.104,0.949,0.858,0.680306087
0.462,0.174,0.692,0.768,0.327387386
0.614,0.602,0.998,0.819,0.051083282
0.401,0.2,0.886,0.273,0.090483501
0.078,0.0,0.937,0.86,0.842166771
0.0,0.0,0.863,0.721,0.747449278
0.379,0.333,0.979,0.742,0.254927609
0.54,0.332,0.596,0.463,0.020445361
0.153,0.538,0.38,0.547,0.000490523
0.063,0.497,0.163,0.671,0.000598955
0.195,0.006,0.728,0.693,0.663936373
0.313,0.0,0.71,0.213,0.283985529
0.018,0.172,0.381,0.308,0.020199239
0.531,0.281,0.617,0.472,0.047406938
0.531,0.116,0.535,0.785,0.007177132
0.058,0.0,0.946,0.603,0.685410973
0.463,0.321,0.608,0.48,0.053682196
0.334,0.209,0.564,0.288,0.047067875
0.745,0.131,0.957,0.837,0.029116438
0.889,0.347,0.935,0.846,5.6797e-05
0.529,0.486,0.828,0.949,0.221363758
0.907,0.577,0.942,0.615,1.721e-06
0.461,0.142,0.714,0.236,0.094252787
0.064,0.0,0.917,0.42,0.561268958
0.186,0.436,0.613,0.654,0.080709176
0.303,0.084,0.828,0.397,0.390620159
0.318,0.003,0.691,0.439,0.464687476
0.0,0.047,0.943,1.0,0.931168375
0.163,0.575,0.548,0.576,0.000731482
0.193,0.026,0.623,0.464,0.371424342
0.078,0.621,0.882,0.803,0.105121753
0.215,0.184,0.618,0.496,0.213305405
0.175,0.239,0.22,0.497,0.002022333
0.233,0.685,0.812,0.865,0.114109519
0.166,0.277,0.527,0.485,0.069986506
0.471,0.0,0.745,0.465,0.421867362
0.852,0.226,0.966,0.774,0.000411351
0.175,0.646,0.246,0.74,0.000929413
0.448,0.597,0.654,0.942,0.137606452
0.463,0.311,0.497,0.35,0.002950025
0.276,0.096,0.773,0.324,0.303485987
0.356,0.931,0.728,0.975,0.039336537
0.284,0.281,0.853,0.681,0.296248614
0.353,0.644,0.789,0.679,0.017466076
0.312,0.695,0.925,0.953,0.190176795
0.19,0.312,1.0,1.0,0.531710188
0.001,0.0,1.0,0.182,0.280885765
0.054,0.0,0.576,0.711,0.39380598
0.119,0.106,0.682,0.595,0.432972125
0.525,0.0,0.696,0.343,0.24798283
0.244,0.033,0.408,0.267,0.041018086
0.716,0.167,0.882,0.384,0.020364468
0.494,0.282,0.832,0.316,0.027567417
0.038,0.385,0.287,0.623,0.004559286
0.238,0.147,0.569,0.586,0.218952448
0.152,0.725,0.806,0.879,0.11144176
0.335,0.064,0.657,0.24,0.194634534
0.111,0.0,0.677,0.12,0.153630218
0.323,0.031,0.727,0.067,0.047066154
0.139,0.356,0.193,0.724,0.001332158
0.135,0.796,0.408,0.908,0.015121891
0.112,0.197,0.525,0.377,0.083886391
0.336,0.5,0.555,0.969,0.109512368
0.138,0.851,0.703,0.869,0.012762215
0.404,0.026,0.838,0.577,0.540833924
0.691,0.238,0.924,0.866,0.075908931
0.57,0.579,0.905,0.968,0.152805794
0.069,0.258,0.206,0.726,0.005182337
0.316,0.113,0.968,0.266,0.215179721
0.206,0.007,0.822,0.974,0.928517828
0.047,0.293,1.0,0.302,0.011275154
0.186,0.215,0.967,0.258,0.056639106
0.155,0.19,0.326,0.738,0.021961681
0.18,0.385,0.659,0.923,0.272391964
0.033,0.179,0.857,0.294,0.155631897
0.093,0.411,0.464,0.727,0.037307319
0.198,0.359,0.309,0.373,0.000521504
0.783,0.259,0.916,0.997,0.007319987
0.061,0.826,0.893,0.889,0.058482441
0.403,0.0,0.723,0.524,0.509244215
0.277,0.313,0.447,0.481,0.023946149
0.425,0.776,0.585,0.942,0.052646073
0.0,0.847,0.509,1.0,0.055687318
0.379,0.697,0.44,0.892,0.005616063
0.0,0.877,0.793,0.935,0.061504754
0.089,0.35,0.289,0.777,0.010987725
0.42,0.047,0.957,0.391,0.390482469
0.135,0.727,0.792,1.0,0.241626679
0.313,0.0,0.484,0.722,0.16082284
0.499,0.021,0.657,0.346,0.214202116
0.146,0.163,0.507,1.0,0.219069486
0.61,0.029,0.797,0.93,0.319012344
0.597,0.737,0.741,0.821,0.023090745
0.304,0.414,0.855,0.508,0.065363538
0.221,0.376,0.691,0.654,0.153535555
0.052,0.0,0.605,0.586,0.421640173
0.237,0.31,0.807,0.981,0.505120376
0.5,0.531,0.584,0.639,0.01618211
0.271,0.0,0.657,0.437,0.427867239
0.139,0.202,0.84,0.999,0.680300923
0.396,0.0,0.77,0.454,0.500280545
0.328,0.76,0.657,0.966,0.118247127
0.119,0.232,0.774,0.847,0.467475715
0.116,0.454,0.823,0.912,0.308005687
0.189,0.0,0.482,0.621,0.176882749
0.331,0.154,0.605,0.285,0.110505463
0.276,0.375,0.936,0.927,0.375740949
0.524,0.597,0.969,0.867,0.120854647
0.676,0.129,0.792,0.912,0.125307223
0.659,0.187,0.992,0.195,0.002476713
0.103,0.342,0.593,0.564,0.093703745
0.348,0.349,0.657,0.362,0.009688268
0.167,0.157,0.59,0.369,0.161690292
0.347,0.148,0.4,0.902,0.031854764
0.457,0.0,0.689,0.372,0.332053383
0.28,0.732,0.596,0.761,0.007393995
0.296,0.033,0.811,0.756,0.683932518
0.846,0.47,0.982,0.665,2.4096e-05
0.372,0.294,0.924,0.805,0.331686781
0.719,0.289,0.916,0.406,0.008671077
0.056,0.303,0.872,0.45,0.14016578
0.24,0.371,0.639,0.503,0.070313522
0.106,0.052,0.82,0.809,0.719153821
0.337,0.511,0.435,0.775,0.012331931
0.324,0.08,0.545,0.351,0.148404852
0.403,0.554,0.508,0.729,0.012975636
0.318,0.116,0.636,0.725,0.375296896
0.03,0.113,0.221,0.354,0.007084191
0.225,0.289,0.821,0.734,0.319366898
0.26,0.061,0.85,0.837,0.709276228
0.232,0.0,0.873,0.545,0.632788996
0.056,0.0,0.725,0.497,0.580564601
0.195,0.11,0.438,0.841,0.106378182
0.054,0.293,0.114,0.637,0.000846798
0.114,0.099,0.418,0.464,0.067769685
0.795,0.287,0.844,0.871,0.002459502
0.524,0.0,0.554,0.584,0.062907479
0.442,0.014,0.81,0.748,0.593326816
0.555,0.137,0.851,0.932,0.393167439
0.443,0.156,0.624,0.395,0.147303326
0.137,0.065,0.83,0.131,0.103397176
0.072,0.24,0.66,0.483,0.187911782
0.771,0.382,0.818,0.998,0.008383648
0.181,0.312,0.858,0.946,0.472035001
0.565,0.263,0.627,0.509,0.042436301
0.404,0.052,0.785,0.698,0.56184726
0.806,0.097,0.882,0.893,0.003363097
0.545,0.085,0.711,0.503,0.238518309
0.476,0.332,0.962,0.452,0.081796934
0.339,0.027,0.637,0.06,0.031278184
0.023,0.09,0.517,0.795,0.218041968
0.364,0.048,0.693,0.63,0.49076439
0.253,0.068,0.988,0.951,0.809090002
0.339,0.0,0.611,0.77,0.440765423
0.22,0.136,0.234,0.829,0.0024268
0.219,0.608,0.262,0.72,0.000884663
0.354,0.499,0.829,0.821,0.176689982
0.1,0.485,0.311,0.995,0.030405568
0.498,0.082,0.638,0.266,0.114780762
0.547,0.204,0.72,0.557,0.170087709
0.134,0.343,0.896,0.536,0.153322134
0.047,0.341,0.717,0.727,0.240053562
0.175,0.371,0.558,0.873,0.134229586
0.474,0.005,0.531,0.026,0.003474971
0.382,0.0,0.421,0.582,0.032978665
0.255,0.225,0.962,0.734,0.402680151
0.237,0.311,0.355,0.625,0.013782848
0.576,0.156,0.88,0.166,0.005493862
0.285,0.34,0.744,0.549,0.151301522
0.064,0.197,0.612,0.446,0.18175184
0.195,0.15,0.28,0.323,0.005857022
0.618,0.382,0.816,0.752,0.093010127
0.06,0.431,0.275,0.539,0.001660895
0.657,0.325,0.776,0.971,0.122119681
0.46,0.122,0.608,0.407,0.153855686
0.017,0.0,0.898,0.617,0.693094119
0.429,0.327,0.429,0.534,0.0
0.097,0.69,0.738,0.782,0.050251974
0.122,0.614,0.458,0.917,0.038546536
0.273,0.057,0.589,0.259,0.173089368
0.113,0.315,0.845,0.44,0.118460548
0.299,0.506,0.415,0.702,0.010089292
0.407,0.953,0.543,1.0,0.013314699
0.074,0.508,0.168,0.685,0.000695338
0.199,0.211,0.487,0.911,0.133852657
0.849,0.719,0.885,0.826,6.024e-05
0.683,0.032,0.748,0.856,0.094720935
0.383,0.597,0.882,0.651,0.026878963
0.782,0.007,0.81,0.734,0.005325191
0.77,0.523,0.985,0.57,0.000841635
0.111,0.434,0.96,1.0,0.423111743
0.01,0.723,0.24,0.796,0.002025776
0.945,0.009,0.986,0.681,0.000123922
0.014,0.72,0.098,0.917,0.000977605
0.222,0.0,0.506,0.443,0.179008351
0.777,0.798,0.81,0.886,0.001172093
0.32,0.0,0.736,0.618,0.620140376
0.453,0.097,0.93,0.151,0.068253324
0.083,0.102,0.177,0.207,0.001898412
0.411,0.019,0.544,0.201,0.083457829
0.036,0.166,0.467,0.808,0.121083558
0.691,0.597,0.795,0.859,0.025033906
0.239,0.0,0.711,0.523,0.565905696
0.077,0.246,0.553,0.488,0.107266287
0.24,0.0,0.92,0.608,0.668519755
0.47,0.554,0.542,0.749,0.017720804
0.308,0.301,0.768,0.902,0.403888388
0.569,0.35,0.701,0.885,0.153344509
0.61,0.092,0.645,0.243,0.021331745
0.033,0.109,0.616,0.302,0.189541696
0.577,0.955,0.887,1.0,0.023577826
0.203,0.0,1.0,0.414,0.546759792
0.737,0.446,0.761,0.866,0.00919086
0.001,0.533,0.321,0.72,0.005258067
0.185,0.719,0.333,0.842,0.006471467
0.402,0.373,0.73,0.543,0.105376481
0.254,0.0,0.686,0.661,0.588629839
0.018,0.289,0.594,0.343,0.036083592
0.084,0.42,0.64,0.749,0.134165904
0.212,0.161,0.682,0.572,0.344627994
0.205,0.852,0.806,0.954,0.104834324
0.242,0.83,0.509,0.945,0.029696461
0.068,0.301,0.871,0.408,0.106953041
0.443,0.757,0.822,0.905,0.097166668
0.145,0.218,0.466,0.693,0.085197896
0.132,0.068,0.286,0.222,0.007824279
0.111,0.0,0.643,0.546,0.47446008
0.129,0.165,0.507,0.504,0.11684096
0.046,0.178,0.764,0.697,0.445615581
0.142,0.73,0.816,0.986,0.225917881
0.136,0.354,0.32,0.66,0.008572973
0.561,0.631,0.732,0.665,0.008516175
0.419,0.498,0.735,0.988,0.286257427
0.159,0.707,0.821,1.0,0.251612703
0.571,0.625,0.774,0.642,0.005633274
0.528,0.764,0.829,1.0,0.143480685
0.242,0.294,0.344,0.545,0.009793257
0.224,0.177,0.712,0.817,0.472862867
0.118,0.715,0.984,0.969,0.215701225
0.375,0.1,0.898,0.554,0.455329666
0.098,0.43,0.158,0.839,0.002297715
0.138,0.129,0.505,0.865,0.18786359
0.374,0.217,0.513,0.664,0.084173821
0.288,0.124,0.953,0.393,0.337172038
0.023,0.171,0.968,0.457,0.327106841
0.239,0.0,0.635,0.55,0.447353927
0.516,0.244,0.723,0.815,0.270548629
0.58,0.746,0.678,0.892,0.035288428
0.373,0.047,0.484,0.423,0.089762346
0.192,0.033,0.657,0.046,0.014898143
0.917,0.124,0.947,0.33,5.163e-06
0.309,0.77,0.484,0.955,0.025319615
0.181,0.0,0.562,0.332,0.23406057
0.694,0.254,0.793,0.732,0.050396549
0.516,0.0,0.517,0.556,0.001538695
0.189,0.862,0.251,0.975,0.004653949
0.553,0.15,0.973,0.84,0.33908594
0.069,0.68,0.319,0.791,0.005289047
0.218,0.448,1.0,1.0,0.40149601
0.122,0.356,0.3,0.883,0.018801677
0.075,0.268,0.224,0.431,0.00373142
0.117,0.02,1.0,0.23,0.314105389
0.13,0.359,0.83,0.866,0.339764067
0.395,0.395,0.583,0.636,0.063057217
0.383,0.209,0.734,0.48,0.236325584
0.416,0.0,0.619,0.491,0.317213758
0.0,0.545,0.969,1.0,0.349049589
0.301,0.207,0.882,0.487,0.279033824
0.033,0.032,0.888,0.041,0.011457595
0.0,0.0,0.948,0.271,0.405148259
0.123,0.174,0.926,0.333,0.208577448
0.398,0.476,0.692,0.691,0.091151302
0.501,0.498,0.534,0.954,0.025335105
0.122,0.566,0.947,0.896,0.215856127
0.016,0.009,0.555,0.616,0.313838613
0.254,0.263,0.489,0.852,0.093478276
0.659,0.212,0.757,0.811,0.101903231
0.134,0.0,0.493,0.652,0.201606851
0.504,0.525,0.879,0.702,0.076191197
0.163,0.31,0.835,0.96,0.492728205
0.054,0.362,0.187,0.58,0.001526647
0.662,0.395,0.815,0.941,0.097631374
0.147,0.845,0.696,0.887,0.03368433
0.47,0.798,0.937,0.909,0.076815969
0.23,0.591,0.655,0.662,0.02755709
0.112,0.827,0.676,0.992,0.142799116
0.823,0.369,0.967,0.673,0.000163508
0.339,0.357,0.647,0.6,0.115944249
0.164,0.024,0.706,0.905,0.754801966
0.094,0.43,1.0,0.998,0.428440376
0.005,0.475,0.602,0.475,0.0
0.495,0.129,0.738,0.722,0.364211066
0.382,0.512,0.794,0.538,0.014269929
0.109,0.081,0.967,0.303,0.320292868
0.625,0.051,0.796,0.338,0.116994141
0.08,0.605,0.615,0.637,0.011204588
0.42,0.0,0.555,0.553,0.201284999
0.198,0.0,0.948,0.26,0.382744246
0.183,0.514,0.865,0.829,0.184316331
0.107,0.0,0.774,0.68,0.71037087
0.203,0.051,0.774,0.189,0.207505181
0.053,0.124,0.469,0.233,0.043188437
0.098,0.355,0.732,0.889,0.346452397
0.666,0.582,0.843,0.823,0.034553503
0.237,0.239,0.978,0.723,0.376453498
0.087,0.602,0.428,0.934,0.038574074
0.0,0.0,0.871,0.386,0.530710209
0.604,0.078,0.978,0.206,0.069852258
0.586,0.372,0.722,0.764,0.103875651
0.058,0.387,0.115,0.462,0.000161787
0.803,0.139,0.963,0.487,0.00232009
0.342,0.236,0.57,0.956,0.235697369
0.24,0.267,0.843,0.451,0.178980813
0.373,0.493,0.711,0.619,0.060503053
0.0,0.0,0.67,0.643,0.571480451
0.717,0.099,0.822,0.376,0.024125147
0.312,0.041,0.447,0.209,0.04270824
0.0,0.0,0.782,0.568,0.656912422
0.47,0.017,0.97,0.76,0.563928112
0.347,0.723,0.589,0.867,0.038907974
0.274,0.481,0.884,0.776,0.167795157
0.35,0.1,0.786,0.245,0.203093912
0.171,0.0,1.0,0.111,0.163967354
0.345,0.559,0.506,0.617,0.007096239
0.035,0.147,1.0,0.653,0.488268745
0.644,0.301,0.694,0.368,0.009807026
0.43,0.002,0.507,0.195,0.046732253
0.035,0.491,0.331,0.734,0.007762318
0.604,0.014,0.856,0.021,0.002796844
0.156,0.49,0.701,0.959,0.288271154
0.772,0.709,0.886,0.843,0.0018812
0.47,0.104,0.961,0.614,0.403650871
0.465,0.008,0.816,0.885,0.655888347
0.208,0.245,0.633,0.882,0.320303195
0.541,0.634,0.814,0.78,0.054165835
0.13,0.056,0.465,0.309,0.088158248
0.611,0.681,0.891,0.925,0.076614597
0.175,0.12,0.992,0.413,0.367236821
0.204,0.555,0.8,1.0,0.329278913
0.063,0.0,0.57,0.823,0.409797044
0.595,0.234,0.703,0.417,0.059571919
0.239,0.294,0.578,0.741,0.156946844
0.288,0.466,0.567,1.0,0.158079351
0.369,0.559,0.8,1.0,0.295064474
0.491,0.174,0.601,0.293,0.056663201
0.067,0.656,0.637,0.842,0.075105161
0.893,0.345,0.904,0.888,2.0654e-05
0.068,0.395,0.578,0.494,0.036190302
0.604,0.159,0.701,0.54,0.107503804
0.274,0.191,0.849,0.781,0.472744109
0.605,0.055,0.995,0.963,0.339640145
0.427,0.0,0.602,0.795,0.351694974
0.223,0.483,0.64,0.578,0.040816713
0.351,0.656,0.58,0.973,0.098633075
0.223,0.154,0.69,0.641,0.391556457
0.33,0.067,0.39,0.666,0.03642954
0.34,0.0,0.593,0.395,0.288524161
0.073,0.287,0.758,0.3,0.017299126
0.178,0.046,0.859,0.643,0.629143632
0.509,0.412,0.798,0.527,0.059592573
0.113,0.577,0.532,0.649,0.013440342
0.186,0.451,0.515,0.563,0.020615753
0.382,0.19,0.639,0.972,0.389978176
0.004,0.82,0.155,0.89,0.001495666
0.376,0.491,0.684,0.882,0.176295842
0.472,0.314,0.884,0.929,0.357476266
0.345,0.198,0.831,0.427,0.242406353
0.399,0.003,0.85,0.573,0.567934914
0.574,0.0,0.588,0.543,0.029985611
0.196,0.797,0.673,0.986,0.144057266
0.68,0.533,0.96,0.832,0.036522481
0.269,0.071,0.646,0.373,0.29675807
0.205,0.542,0.304,0.856,0.008395696
0.432,0.657,0.473,0.819,0.003690113
0.492,0.001,0.981,0.14,0.143461753
0.255,0.393,0.922,0.517,0.092352654
0.167,0.007,0.816,0.338,0.459276228
0.016,0.0,0.896,0.761,0.7707173
0.519,0.979,0.822,0.983,0.002080852
0.324,0.647,0.565,0.989,0.100073665
0.054,0.819,0.955,0.845,0.022061506
0.253,0.176,0.873,0.518,0.348760439
0.133,0.0,0.961,0.646,0.702682561
0.265,0.073,0.816,0.177,0.157432204
0.541,0.0,0.889,0.4,0.309348172
0.334,0.133,0.378,0.618,0.021188891
0.412,0.439,0.643,0.718,0.094008385
0.183,0.0,0.553,0.308,0.205477684
0.23,0.053,0.35,0.483,0.028591492
0.233,0.0,0.47,0.44,0.131295051
0.278,0.061,0.627,0.561,0.369820245
0.203,0.017,0.915,0.505,0.583483646
0.278,0.0,0.795,0.624,0.662299574
0.353,0.584,0.974,0.651,0.033823742
0.472,0.133,0.517,0.821,0.05658575
0.0,0.074,0.841,0.237,0.250769347
0.292,0.102,0.729,0.375,0.334531817
0.021,0.217,0.879,0.257,0.054071172
0.0,0.408,0.8,0.906,0.340552347
0.008,0.439,0.147,0.457,0.000108431
0.005,0.185,0.601,0.767,0.292260745
0.004,0.52,0.266,0.666,0.001783096
0.085,0.275,0.468,0.35,0.021250852
0.125,0.056,0.198,0.243,0.002932814
0.702,0.325,0.807,0.863,0.048029989
0.285,0.637,0.67,0.741,0.040713445
0.484,0.124,0.816,0.383,0.243750559
0.118,0.0,0.844,0.612,0.684681211
0.499,0.664,0.984,0.779,0.050850929
0.092,0.309,0.154,0.624,0.001292572
0.004,0.0,0.63,0.548,0.45510764
0.368,0.0,0.528,0.734,0.207212588
0.391,0.056,0.6,0.571,0.285202371
0.448,0.208,0.978,0.989,0.540930308
0.323,0.141,0.823,0.643,0.463513662
0.099,0.119,0.108,0.497,0.00037865
0.187,0.062,0.76,0.702,0.617278129
0.063,0.0,0.867,0.529,0.638201965
0.584,0.892,0.615,0.986,0.009517876
0.661,0.187,0.676,0.547,0.015559059
0.098,0.086,0.606,0.333,0.226742305
0.043,0.109,0.319,0.886,0.043684124
0.576,0.663,0.605,0.787,0.006958548
0.864,0.621,0.897,0.712,6.885e-06
0.055,0.311,0.668,0.954,0.382692612
0.004,0.018,0.37,0.877,0.084647133
0.195,0.105,0.407,0.13,0.005085953
0.608,0.725,0.786,0.988,0.09225627
0.38,0.241,0.606,0.913,0.255746869
0.098,0.312,0.651,0.759,0.225769864
0.345,0.0,0.737,0.57,0.585013735
0.364,0.0,0.677,0.385,0.396855831
0.022,0.69,0.666,0.932,0.14505036
0.121,0.537,0.966,0.624,0.05012461
0.722,0.087,0.756,0.335,0.011023869
0.336,0.544,0.68,0.718,0.073223961
0.37,0.0,0.659,0.783,0.528915065
0.086,0.0,0.742,0.281,0.402396164
0.106,0.0,0.775,0.73,0.737067393
0.043,0.342,0.368,0.387,0.004727957
0.117,0.42,0.984,1.0,0.433676069
0.429,0.0,0.505,0.636,0.102455715
0.101,0.736,0.662,0.916,0.108054567
0.081,0.115,0.556,0.476,0.20406119
0.15,0.425,0.871,0.736,0.189598494
0.076,0.047,0.959,0.339,0.417218577
0.258,0.091,0.784,0.892,0.704827095
0.349,0.262,0.694,0.442,0.146819687
0.339,0.323,0.715,0.477,0.116608607
0.219,0.402,0.394,0.611,0.013788011
0.291,0.227,0.553,0.379,0.076044901
0.262,0.297,0.863,0.989,0.526247306
0.001,0.266,0.75,0.6,0.274138916
0.855,0.253,0.98,0.55,0.00027366
0.523,0.14,0.687,0.188,0.035925248
0.426,0.07,0.581,0.644,0.230441024
0.584,0.158,0.861,0.792,0.250657474
0.107,0.127,0.865,0.693,0.53385128
0.219,0.0,1.0,0.477,0.589900036
0.0,0.002,0.849,0.17,0.253934514
0.024,0.211,0.895,0.893,0.556064247
0.364,0.035,0.719,0.053,0.024355779
0.478,0.202,0.955,0.253,0.053575486
0.161,0.707,0.273,0.798,0.002450896
0.336,0.167,0.615,0.716,0.280946005
0.231,0.306,0.897,0.762,0.316745609
0.436,0.332,0.498,0.845,0.032290211
0.118,0.666,0.797,0.917,0.182968682
0.315,0.175,0.392,0.222,0.004920725
0.293,0.749,0.502,0.895,0.019820589
0.521,0.214,0.563,0.897,0.074606032
0.241,0.212,1.0,0.432,0.238323821
0.32,0.099,0.917,0.211,0.163645501
0.244,0.335,0.687,0.696,0.205093871
0.426,0.544,0.781,0.965,0.255770965
0.522,0.124,0.956,0.958,0.503803708
0.562,0.833,0.813,0.972,0.075686905
0.256,0.0,0.49,0.598,0.174602246
0.538,0.813,0.608,0.98,0.037904553
0.071,0.113,0.54,0.272,0.102398918
0.467,0.111,0.791,0.272,0.175803598
0.353,0.075,0.919,0.509,0.476594287
0.467,0.685,0.794,0.72,0.016481587
0.162,0.362,0.973,0.377,0.015903286
0.244,0.479,0.374,0.504,0.001185862
0.222,0.637,0.944,0.752,0.061432466
0.831,0.063,0.89,0.353,0.001356254
0.042,0.707,0.315,0.938,0.020693204
0.082,0.304,0.471,0.698,0.063420377
0.398,0.0,0.547,0.211,0.10314589
0.584,0.42,0.725,0.708,0.073265268
0.178,0.0,0.576,0.609,0.358546811
0.057,0.473,0.172,0.524,0.000187604
0.58,0.113,0.887,0.7,0.257588484
0.171,0.413,0.497,0.482,0.012963588
0.29,0.251,0.594,1.0,0.308836995
0.054,0.057,0.635,0.232,0.196291987
0.642,0.725,0.824,0.986,0.069420253
0.599,0.13,0.904,0.387,0.124047352
0.629,0.163,0.636,0.72,0.010037658
0.516,0.566,0.87,0.595,0.013142586
0.093,0.478,0.403,0.717,0.015834441
0.443,0.0,0.9,0.407,0.438032261
0.336,0.466,0.862,0.882,0.248099867
0.128,0.331,0.347,0.507,0.009510991
0.244,0.49,0.991,0.77,0.160182578
0.078,0.723,0.86,0.976,0.222954087
0.003,0.503,0.3,0.987,0.028930556
0.0,0.055,0.843,0.178,0.195238653
0.328,0.856,0.811,0.931,0.068731799
0.53,0.725,0.695,0.794,0.023329983
0.486,0.291,0.618,0.899,0.171252917
0.228,0.0,0.609,0.353,0.314838592
0.199,0.3,0.797,0.664,0.274613949
0.141,0.648,0.27,0.666,0.000237517
0.32,0.068,0.784,0.2,0.194276538
0.01,0.796,0.229,0.857,0.002860526
0.273,0.007,0.54,0.489,0.229439323
0.528,0.348,0.822,0.636,0.137938631
0.146,0.288,0.503,0.425,0.043257282
0.153,0.229,0.309,0.429,0.010035937
0.259,0.477,0.761,0.971,0.331015538
0.131,0.226,0.231,0.277,0.000791722
0.379,0.225,0.512,0.538,0.066093299
0.213,0.33,0.762,0.545,0.168265027
0.087,0.492,0.46,0.925,0.058046994
0.168,0.101,0.994,0.117,0.025269702
0.33,0.169,0.89,0.669,0.434275024
0.112,0.0,0.78,0.536,0.631221042
0.273,0.604,0.421,0.791,0.008006719
0.728,0.328,0.948,0.686,0.01891183
0.602,0.608,0.623,0.781,0.005989549
0.848,0.248,0.932,0.835,0.000456101
0.138,0.893,0.488,0.938,0.013949798
0.155,0.0,0.8,0.182,0.274080398
0.229,0.276,0.978,0.498,0.201503583
0.445,0.59,0.525,0.83,0.018023724
0.353,0.317,0.81,0.91,0.392033211
0.449,0.778,0.91,0.968,0.141232883
0.322,0.198,0.58,0.978,0.303064308
0.381,0.17,0.831,0.241,0.090290734
0.407,0.626,0.989,0.921,0.178244167
0.11,0.011,0.614,0.434,0.366341831
0.66,0.67,0.876,0.674,0.000270218
0.303,0.567,0.545,0.859,0.050334589
0.151,0.015,0.412,0.438,0.07765072
0.375,0.132,0.709,0.706,0.431710533
0.437,0.077,0.445,0.108,0.000748694
0.474,0.453,0.556,0.871,0.051233021
0.187,0.335,0.908,0.498,0.136308717
0.443,0.024,0.734,0.577,0.474986747
0.781,0.041,0.996,0.485,0.00696199
0.146,0.179,0.727,0.215,0.050231321
0.416,0.0,0.736,0.641,0.562589069
0.28,0.076,0.977,0.308,0.320291147
0.003,0.062,0.629,0.376,0.307152004
0.938,0.193,0.967,0.791,0.0
0.511,0.717,0.574,0.953,0.03761196
0.26,0.111,0.292,0.466,0.005215039
0.056,0.794,0.87,0.956,0.158027717
0.506,0.464,0.794,0.678,0.095614204
0.464,0.142,0.721,0.174,0.032816878
0.284,0.371,0.705,0.615,0.147318816
0.109,0.485,0.891,0.747,0.151513222
0.473,0.121,0.566,0.83,0.158285887
0.215,0.202,0.901,0.532,0.325692068
0.089,0.108,0.583,0.545,0.272099371
0.396,0.128,0.879,0.535,0.388427434
0.381,0.571,0.814,0.988,0.276366065
0.0,0.0,0.872,0.646,0.707787447
0.566,0.0,0.574,0.255,0.010541951
0.051,0.448,0.983,0.757,0.186190647
0.409,0.384,0.493,0.928,0.042188457
0.604,0.624,0.803,0.952,0.102700116
0.737,0.008,0.745,0.469,0.004054994
0.683,0.694,0.825,0.925,0.03298727
0.179,0.121,0.419,0.811,0.08403613
0.043,0.272,0.288,0.672,0.012302672
0.115,0.003,0.288,0.158,0.01003938
0.043,0.345,0.195,0.645,0.002268456
0.418,0.723,0.958,0.815,0.050157312
0.003,0.571,0.835,0.975,0.302792369
0.042,0.253,0.414,0.696,0.049506723
0.057,0.746,0.988,0.981,0.218394801
0.715,0.227,0.748,0.28,0.00295691
0.104,0.0,0.99,0.598,0.679820727
0.379,0.318,0.688,0.371,0.040749589
0.143,0.353,0.988,0.747,0.259029073
0.275,0.404,0.284,0.497,0.000244401
0.298,0.568,0.834,1.0,0.305183025
0.038,0.034,0.432,0.843,0.134126318
0.74,0.385,0.964,0.64,0.010729555
0.225,0.548,0.726,0.61,0.033112913
0.33,0.01,0.532,0.966,0.285069844
0.294,0.205,0.341,0.546,0.008292428
0.265,0.0,0.377,0.556,0.046799378
0.507,0.45,0.619,0.474,0.006080769
0.238,0.838,0.489,0.887,0.009423213
0.302,0.528,0.731,0.932,0.23842881
0.535,0.0,0.597,0.314,0.095559128
0.591,0.181,0.954,0.407,0.108335112
0.325,0.0,0.958,0.352,0.466654733
0.007,0.37,0.695,0.414,0.035923527
0.199,0.207,0.817,0.993,0.65750105
0.635,0.816,0.987,0.836,0.005363056
0.159,0.453,0.9,0.519,0.044302011
0.008,0.316,0.542,0.911,0.162950163
0.437,0.599,0.861,0.735,0.063189745
0.09,0.526,0.187,0.967,0.00743186
0.478,0.201,0.578,0.411,0.070177552
0.024,0.489,0.62,0.493,0.000968999
0.366,0.368,0.793,0.727,0.216005866
0.121,0.0,1.0,0.211,0.319463281
0.67,0.088,0.704,0.522,0.044441423
0.402,0.112,0.811,0.595,0.440748212
0.097,0.82,0.895,0.93,0.105641536
0.114,0.449,0.341,0.512,0.00224436
0.286,0.119,0.569,0.68,0.25567286
0.508,0.077,0.871,0.987,0.598805188
0.513,0.103,0.968,0.377,0.236874626
0.079,0.669,0.628,0.687,0.006664234
0.005,0.416,0.55,0.642,0.056668365
0.3,0.0,1.0,0.507,0.594602177
0.451,0.0,0.885,0.502,0.488205063
0.276,0.0,0.522,0.489,0.201045762
0.389,0.067,0.934,0.516,0.466064384
0.634,0.476,0.927,0.698,0.045833821
0.327,0.232,0.457,0.973,0.079476844
0.441,0.008,0.947,0.785,0.626902715
0.055,0.642,0.581,0.948,0.117971746
0.057,0.325,0.175,0.486,0.001564512
0.435,0.082,0.546,0.425,0.116331504
0.174,0.134,0.756,0.157,0.033694657
0.753,0.009,0.794,0.1,0.001851941
0.35,0.24,0.891,0.727,0.357873848
0.712,0.386,0.792,0.426,0.002693576
0.286,0.248,0.803,0.539,0.260700295
0.29,0.575,0.894,0.608,0.019373094
0.555,0.0,0.748,0.311,0.218825085
0.154,0.696,0.63,0.758,0.02171728
0.229,0.141,0.912,0.351,0.276190509
0.089,0.0,0.585,0.69,0.409019091
0.125,0.0,0.807,0.373,0.510839707
0.418,0.754,0.727,0.838,0.043351945
0.084,0.0,0.713,0.442,0.535013046
0.017,0.0,0.664,0.205,0.254717631
0.053,0.123,0.897,0.427,0.381579038
0.425,0.114,0.644,0.847,0.367995842
0.074,0.145,0.877,0.428,0.343992895
0.536,0.04,0.547,0.115,0.003796823
0.098,0.487,0.295,0.87,0.013917096
0.287,0.618,0.653,0.854,0.092884484
0.053,0.331,1.0,0.342,0.011820754
0.039,0.244,0.138,0.384,0.001409609
0.378,0.0,0.578,0.246,0.167951781
0.379,0.06,0.667,0.229,0.185872237
0.007,0.046,0.392,0.379,0.058580546
0.505,0.505,0.736,0.695,0.074556119
0.244,0.0,0.961,0.452,0.567998596
0.081,0.002,0.473,0.209,0.083476761
0.511,0.295,0.711,0.404,0.064965956
0.338,0.416,0.924,0.501,0.061614906
0.23,0.132,0.526,0.436,0.134126318
0.104,0.775,0.172,0.78,6.7124e-05
0.271,0.641,0.515,0.766,0.013199383
0.043,0.591,1.0,0.876,0.183889489
0.349,0.499,0.66,0.545,0.020488389
0.087,0.25,0.705,0.338,0.097961832
0.199,0.689,0.967,0.731,0.022156169
0.029,0.162,0.536,0.237,0.04775805
0.025,0.192,0.728,0.898,0.544592883
0.711,0.432,0.757,0.61,0.010147811
0.047,0.243,0.298,0.982,0.039859762
0.878,0.303,0.914,0.947,0.000132527
0.3,0.168,0.489,0.923,0.132914639
0.588,0.207,0.66,0.25,0.012359469
0.401,0.0,0.494,0.698,0.116078498
0.173,0.0,1.0,0.717,0.736582033
0.163,0.204,0.75,0.671,0.386095296
0.468,0.164,0.883,0.742,0.391040116
0.006,0.067,0.307,0.873,0.04263251
0.028,0.08,0.368,0.872,0.072284221
0.0,0.022,0.981,0.372,0.484559699
0.745,0.437,0.862,0.932,0.018879128
0.622,0.288,0.998,0.434,0.049931843
0.508,0.035,0.548,0.748,0.081022423
0.414,0.235,0.448,0.408,0.009955044
0.151,0.08,0.258,0.998,0.026422862
0.22,0.111,0.295,0.146,0.001318389
0.268,0.854,0.7,0.99,0.120529352
0.112,0.0,0.899,0.616,0.687801629
0.041,0.448,0.628,0.514,0.029378051
0.038,0.0,0.72,0.619,0.644287898
0.22,0.0,0.978,0.835,0.803325921
0.062,0.184,0.816,0.682,0.440679366
0.156,0.545,0.688,0.752,0.095868932
0.303,0.448,0.772,0.552,0.067709445
0.118,0.137,0.504,0.675,0.154950328
0.407,0.346,0.673,1.0,0.326542309
0.31,0.0,0.843,0.664,0.679937764
0.0,0.542,0.935,1.0,0.350588284
0.242,0.491,0.259,0.945,0.002588587
0.302,0.202,0.963,0.628,0.372339986
0.08,0.338,0.234,0.457,0.002363118
0.424,0.115,0.634,0.469,0.231620001
0.411,0.227,0.893,0.572,0.275137174
0.072,0.052,0.624,0.549,0.389625343
0.357,0.945,0.817,0.974,0.028362581
0.072,0.145,0.779,0.778,0.550365569
0.323,0.126,0.384,0.494,0.023524471
0.275,0.824,0.726,0.873,0.034834048
0.035,0.032,0.713,0.25,0.310380853
0.681,0.079,0.702,0.444,0.023531356
0.363,0.498,0.807,0.669,0.093562611
0.344,0.716,0.924,0.99,0.21469264
0.602,0.418,0.661,0.702,0.03115082
0.539,0.043,0.839,0.501,0.322881455
0.128,0.015,0.572,0.209,0.158695517
0.009,0.007,0.738,0.265,0.368820265
0.008,0.104,0.626,0.646,0.373837373
0.417,0.0,0.64,0.547,0.371040529
0.409,0.465,0.61,0.528,0.019493573
0.393,0.369,0.605,0.838,0.140065954
0.019,0.0,0.918,0.336,0.480336034
0.115,0.407,1.0,0.593,0.128408708
0.0,0.0,0.645,0.506,0.465523948
0.115,0.274,0.838,0.758,0.359111344
0.204,0.52,0.517,0.62,0.017097754
0.138,0.036,0.418,0.503,0.08493112
0.273,0.673,0.825,0.998,0.253357934
0.605,0.003,0.945,0.54,0.235618197
0.563,0.49,0.658,0.808,0.056114159
0.064,0.41,0.301,0.906,0.021817105
0.029,0.561,0.499,0.57,0.001810634
0.349,0.662,0.353,0.77,9.122e-05
0.055,0.335,0.436,0.965,0.083435454
0.07,0.298,0.681,0.795,0.288185098
0.238,0.11,0.546,0.513,0.1914883
0.519,0.49,0.903,0.69,0.084561076
0.05,0.217,0.851,0.912,0.56495735
0.612,0.071,0.753,0.312,0.104803343
0.231,0.312,0.672,0.946,0.361436597
0.683,0.59,0.723,0.829,0.014720866
0.278,0.054,0.471,0.613,0.128437967
0.301,0.294,0.976,0.836,0.369271203
0.156,0.285,0.559,0.288,0.001748673
0.136,0.461,0.931,0.874,0.261423172
0.342,0.092,0.919,1.0,0.786104246
0.345,0.128,0.351,0.504,0.002225427
0.259,0.005,0.941,0.587,0.64326038
0.307,0.225,0.972,0.666,0.359601867
