0.121,0.266,0.767,0.283,0.0
0.239,0.176,0.303,0.688,0.080335033
0.068,0.612,0.273,0.782,0.005450886
0.149,0.214,0.192,0.644,0.094275943
0.387,0.405,0.719,0.77,0.032269707
0.018,0.384,0.956,0.558,0.934278083
0.015,0.36,0.494,0.804,0.978821921
0.163,0.624,0.649,0.644,0.003046849
0.458,0.121,0.869,0.803,0.013128482
0.407,0.333,0.696,0.658,0.023283841
0.109,0.895,0.328,0.941,1.927e-06
0.087,0.301,0.643,0.517,0.840454131
0.48,0.31,0.965,0.92,0.010182825
0.383,0.864,0.691,0.981,4.337e-06
0.48,0.004,0.974,0.781,0.010168369
0.696,0.393,0.714,0.812,0.000114684
0.826,0.552,0.844,0.894,2.409e-06
0.407,0.087,0.845,0.114,0.0
0.633,0.378,0.851,0.641,0.001015295
0.126,0.126,0.943,0.173,0.0
0.095,0.509,0.579,0.761,0.187967863
0.441,0.017,0.599,0.172,0.0
0.135,0.393,0.614,0.527,0.404928252
0.556,0.051,0.651,0.486,0.001021077
0.2,0.083,0.397,0.706,0.270957023
0.756,0.636,0.869,1.0,1.301e-05
0.092,0.218,0.582,0.725,0.973022163
0.558,0.181,0.867,0.859,0.003635691
0.252,0.077,0.984,0.479,0.069770087
0.304,0.527,0.87,0.906,0.023481888
0.733,0.126,0.956,0.851,0.000239006
0.565,0.205,0.773,0.766,0.003161051
0.049,0.278,0.259,0.993,0.855949065
0.501,0.425,0.885,0.484,0.001984331
0.427,0.321,0.54,0.918,0.014156305
0.106,0.421,0.637,0.624,0.648179818
0.15,0.185,0.651,0.865,0.453477855
0.231,0.299,0.724,0.791,0.177490617
0.075,0.188,0.513,0.464,0.536809622
0.29,0.317,0.513,0.804,0.087647373
0.181,0.62,0.215,0.896,0.000829776
0.004,0.564,0.301,0.988,0.030617865
0.341,0.025,0.878,0.33,0.0
0.066,0.505,0.595,0.746,0.213877882
0.728,0.015,0.988,0.916,0.000266955
0.17,0.245,0.8,0.467,0.232422555
0.491,0.066,0.505,0.71,0.001428737
0.212,0.064,0.736,0.198,0.0
0.098,0.067,0.277,0.747,0.825501781
0.02,0.128,0.855,0.538,0.902380859
0.681,0.873,0.799,0.985,0.0
0.056,0.268,0.168,0.84,0.563869859
0.036,0.441,0.143,0.468,0.170681828
0.245,0.188,0.263,0.907,0.025005072
0.417,0.318,0.816,0.464,0.006395346
0.876,0.005,0.943,0.609,1.0119e-05
0.318,0.14,0.999,0.553,0.054580657
0.561,0.011,0.916,0.568,0.002638225
0.167,0.886,0.532,0.951,7.228e-06
0.073,0.006,0.35,0.185,0.0
0.182,0.26,0.523,0.908,0.398472191
0.055,0.253,0.131,0.404,0.0
0.466,0.683,0.965,0.758,0.000184073
0.903,0.109,0.96,0.124,0.0
0.158,0.145,0.799,0.683,0.438154467
0.361,0.241,0.897,0.42,0.006132728
0.057,0.884,0.985,0.987,7.71e-06
0.237,0.124,0.726,0.501,0.102406977
0.375,0.523,0.602,0.878,0.012531448
0.134,0.214,0.504,0.418,0.0
0.552,0.379,0.947,0.6,0.003464146
0.421,0.579,0.487,0.711,0.001871092
0.276,0.183,0.418,0.484,0.048839205
0.208,0.543,0.499,0.794,0.039168123
0.729,0.359,0.772,0.524,8.0472e-05
0.003,0.62,0.126,0.746,2.5057e-05
0.114,0.466,0.722,0.602,0.303715825
0.072,0.087,0.291,0.649,0.892048173
0.818,0.877,0.932,0.963,0.0
0.167,0.241,0.202,0.509,0.124965125
0.587,0.322,0.656,0.668,0.00140368
0.069,0.271,0.7,0.902,0.987021379
0.615,0.178,0.911,0.737,0.001425846
0.479,0.308,0.978,0.851,0.010308593
0.261,0.128,0.374,0.316,0.0
0.731,0.647,0.79,0.705,6.746e-06
0.013,0.258,0.684,0.575,0.9571586
0.402,0.295,0.464,0.891,0.01395103
0.554,0.38,0.938,0.669,0.003765795
0.007,0.088,0.352,0.367,0.0
0.279,0.317,0.855,0.462,0.040613244
0.591,0.145,0.829,0.789,0.002096606
0.262,0.388,0.643,0.998,0.126996678
0.302,0.834,0.804,0.936,2.2166e-05
0.545,0.11,0.648,0.94,0.00352197
0.158,0.238,0.584,0.941,0.437650433
0.259,0.456,0.85,0.646,0.083556799
0.349,0.623,0.723,0.976,0.002644971
0.582,0.486,0.687,0.669,0.001209488
0.688,0.437,0.921,0.534,0.000239488
0.536,0.215,0.598,0.401,0.0
0.503,0.609,0.709,0.805,0.000739185
0.976,0.263,0.989,0.676,0.0
0.233,0.02,0.465,0.857,0.161483458
0.567,0.879,0.612,0.993,4.82e-07
0.03,0.625,0.97,0.822,0.008349801
0.027,0.349,0.306,0.36,0.0
0.292,0.337,0.7,0.632,0.088431854
0.296,0.191,0.604,0.302,0.0
0.489,0.849,0.49,0.895,0.0
0.926,0.485,0.928,0.691,0.0
0.224,0.202,0.641,0.522,0.143726638
0.83,0.134,0.863,0.403,0.0
0.057,0.635,0.861,0.967,0.006444497
0.121,0.469,0.845,0.851,0.252540044
0.687,0.197,0.914,0.986,0.000542101
0.591,0.839,0.733,0.994,1.446e-06
0.422,0.155,0.843,0.71,0.019936789
0.544,0.245,0.557,0.293,0.0
0.563,0.182,0.583,0.522,0.000530054
0.351,0.366,0.575,0.682,0.046379271
0.05,0.026,0.828,0.631,0.98041642
0.261,0.717,0.409,0.809,0.000381639
0.732,0.094,0.984,0.313,0.0
0.513,0.019,0.655,0.843,0.005863846
0.608,0.098,0.701,0.683,0.001129979
0.258,0.141,0.33,0.627,0.070192203
0.001,0.149,0.686,0.394,0.0
0.065,0.069,0.6,0.844,0.985607098
0.019,0.781,0.71,0.912,0.000172509
0.293,0.483,0.755,0.655,0.044866207
0.755,0.815,0.764,0.838,0.0
0.06,0.001,0.847,0.874,0.987446386
0.438,0.365,0.539,0.903,0.011799491
0.185,0.492,0.77,0.824,0.132767524
0.867,0.354,0.876,0.898,1.446e-06
0.01,0.068,0.051,0.627,0.0
0.186,0.268,0.462,0.371,0.0
0.328,0.542,0.545,0.859,0.013789122
0.402,0.442,0.897,0.776,0.022027612
0.542,0.534,0.59,0.793,0.000837004
0.216,0.036,0.712,0.593,0.204189935
0.073,0.43,0.741,0.709,0.754258143
0.212,0.221,0.45,0.745,0.217584408
0.121,0.824,0.189,0.921,1.446e-06
0.164,0.265,0.728,0.666,0.426426774
0.835,0.153,0.974,0.621,2.313e-05
0.454,0.746,0.6,0.975,6.0715e-05
0.346,0.269,0.908,0.759,0.051868707
0.306,0.065,0.364,0.877,0.034642423
0.536,0.656,0.884,0.832,0.000202866
0.446,0.06,0.503,0.332,0.0
0.125,0.514,0.874,0.979,0.111335983
0.77,0.238,0.812,0.377,0.0
0.256,0.118,0.392,0.164,0.0
0.177,0.444,0.581,0.684,0.289574458
0.257,0.104,0.638,0.149,0.0
0.843,0.393,0.92,0.922,2.2166e-05
0.125,0.339,0.476,0.978,0.509050678
0.158,0.327,0.895,0.41,0.0
0.396,0.166,0.924,0.934,0.02851114
0.411,0.261,0.481,0.572,0.010539407
0.271,0.069,0.534,0.102,0.0
0.071,0.193,0.466,0.281,0.0
0.159,0.088,0.534,0.59,0.415862791
0.017,0.124,0.56,0.787,0.983783229
0.256,0.855,0.825,0.915,1.6383e-05
0.04,0.179,0.126,0.581,0.471504039
0.674,0.284,0.783,0.792,0.000553666
0.649,0.098,0.704,0.785,0.000487168
0.126,0.744,0.477,0.77,0.000225032
0.622,0.62,0.627,0.752,1.2047e-05
0.507,0.397,0.637,0.996,0.006201154
0.447,0.289,0.94,0.354,0.0
0.028,0.371,0.839,0.541,0.907608159
0.021,0.489,0.082,0.894,0.0
0.192,0.264,0.484,0.878,0.351560456
0.535,0.38,0.902,0.438,0.000558003
0.258,0.502,0.675,0.517,0.010530734
0.712,0.895,0.778,0.896,0.0
0.262,0.802,0.83,0.916,6.7943e-05
0.436,0.776,0.46,0.798,2.409e-06
0.821,0.796,0.884,0.852,0.0
0.851,0.11,0.965,0.196,0.0
0.213,0.213,0.26,0.427,0.015458311
0.406,0.318,0.577,0.541,0.015393741
0.721,0.205,0.775,0.319,0.0
0.124,0.809,0.906,0.867,7.0353e-05
0.118,0.229,0.379,0.755,0.52907613
0.068,0.527,0.675,0.951,0.107346119
0.416,0.459,0.669,0.514,0.006070568
0.666,0.132,0.702,0.363,0.0
0.175,0.132,0.409,0.841,0.391210928
0.59,0.62,0.725,0.774,0.000179737
0.55,0.875,0.649,0.928,0.0
0.103,0.044,0.835,0.554,0.778827125
0.287,0.445,0.735,0.744,0.075821379
0.599,0.187,0.741,0.44,0.000179737
0.601,0.825,0.793,0.926,9.64e-07
0.116,0.176,0.848,0.662,0.587650023
0.316,0.419,0.453,0.792,0.048063398
0.311,0.577,0.965,0.724,0.009293298
0.115,0.185,0.448,0.279,0.0
0.203,0.01,0.379,0.207,0.0
0.207,0.381,0.339,0.517,0.152612758
0.127,0.196,0.662,0.938,0.510722758
0.422,0.757,0.67,0.991,6.7943e-05
0.414,0.275,0.906,0.796,0.022200602
0.117,0.005,0.854,0.009,0.0
0.164,0.213,0.592,0.664,0.424538817
0.207,0.558,0.69,0.619,0.022811611
0.76,0.075,0.885,0.968,0.000114203
0.308,0.347,0.839,0.57,0.065586994
0.71,0.817,0.81,0.933,0.0
0.472,0.034,0.655,0.721,0.010279199
0.709,0.392,0.836,0.894,0.000370556
0.292,0.438,0.928,0.641,0.075221936
0.148,0.461,0.316,0.831,0.190906774
0.558,0.797,0.938,0.884,2.891e-06
0.426,0.216,0.755,0.602,0.01687452
0.343,0.113,0.886,0.758,0.053372615
0.43,0.004,0.894,0.173,0.0
0.105,0.573,0.72,0.76,0.031938664
0.039,0.382,0.442,0.632,0.965732952
0.172,0.18,0.368,0.811,0.376566009
0.732,0.737,0.766,0.83,4.82e-07
0.069,0.572,0.504,0.71,0.030682917
0.201,0.413,0.742,0.882,0.292292191
0.094,0.015,0.225,0.579,0.764645762
0.01,0.136,0.635,0.588,0.965343121
0.276,0.316,0.357,0.963,0.064658435
0.259,0.211,0.305,0.382,0.0
0.397,0.493,0.739,0.99,0.015172082
0.785,0.657,0.828,0.669,4.82e-07
0.14,0.328,0.197,0.485,0.107611146
0.135,0.032,0.441,0.567,0.439609225
0.057,0.887,0.299,0.899,9.64e-07
0.113,0.24,0.729,0.803,0.634849433
0.17,0.47,0.236,0.526,0.064631933
0.47,0.626,0.687,0.945,0.000746895
0.025,0.435,0.365,0.663,0.715826314
0.198,0.06,0.269,0.345,0.0
0.085,0.465,0.375,0.469,0.041712866
0.121,0.418,0.453,0.802,0.52918455
0.613,0.541,0.96,0.882,0.000582578
0.101,0.35,0.24,0.859,0.723539086
0.463,0.219,0.601,0.516,0.006016117
0.597,0.141,0.811,0.875,0.001884102
0.052,0.385,0.388,0.532,0.870122717
0.102,0.388,0.331,0.471,0.467149402
0.215,0.591,0.823,0.7,0.012707811
0.297,0.116,0.892,0.806,0.086877831
0.694,0.585,0.716,0.775,3.7586e-05
0.179,0.58,0.199,0.589,0.000206239
0.099,0.005,0.644,0.552,0.863012279
0.599,0.187,0.764,0.354,0.0
0.221,0.586,0.522,0.624,0.008051043
0.426,0.111,0.734,0.962,0.018963898
0.697,0.041,0.878,0.882,0.000461147
0.0,0.699,0.187,0.823,9.6855e-05
0.638,0.118,0.98,0.32,0.0
0.147,0.148,0.499,0.163,0.0
0.526,0.15,0.617,0.671,0.004201885
0.262,0.228,0.672,0.489,0.069971025
0.411,0.721,0.927,0.896,0.00017299
0.292,0.006,0.398,0.108,0.0
0.084,0.189,0.39,0.203,0.0
0.622,0.345,0.776,0.695,0.001191177
0.302,0.395,0.934,0.433,0.011808165
0.401,0.329,0.882,0.887,0.026539338
0.216,0.732,0.417,0.918,0.000377302
0.304,0.572,0.553,0.672,0.009238365
0.077,0.018,0.102,0.11,0.0
0.211,0.889,0.518,0.972,6.746e-06
0.215,0.605,0.589,0.793,0.009816124
0.119,0.02,0.588,0.83,0.554423327
0.047,0.41,0.664,0.761,0.98644892
0.194,0.381,0.845,0.606,0.337028294
0.789,0.133,0.869,0.907,5.5897e-05
0.433,0.263,0.658,0.325,0.0
0.064,0.127,0.681,0.677,0.984777322
0.237,0.217,0.714,0.307,0.0
0.124,0.784,0.565,0.979,0.000163835
0.525,0.682,0.682,0.828,9.541e-05
0.03,0.894,0.638,0.948,5.782e-06
0.194,0.527,0.794,0.918,0.059932278
0.774,0.292,0.996,0.782,9.0109e-05
0.249,0.432,0.664,0.524,0.083135647
0.352,0.154,0.86,0.525,0.033581351
0.73,0.025,0.75,0.302,0.0
0.296,0.437,0.319,0.821,0.016622504
0.564,0.59,0.929,0.952,0.000555593
0.095,0.286,0.533,0.906,0.955520251
0.454,0.824,0.78,0.895,6.264e-06
0.423,0.535,0.558,0.654,0.004865417
0.102,0.534,0.928,0.742,0.090370407
0.096,0.257,0.455,0.928,0.936281206
0.736,0.535,0.868,0.928,9.2519e-05
0.339,0.285,0.369,0.707,0.013852247
0.929,0.027,0.973,0.15,0.0
0.554,0.163,0.922,0.53,0.002285498
0.093,0.045,0.111,0.553,0.305098785
0.354,0.203,0.901,0.718,0.048015212
0.082,0.723,0.444,0.753,0.000315141
0.204,0.043,0.811,0.442,0.057228038
0.342,0.518,0.579,0.945,0.017505285
0.021,0.109,0.51,0.335,0.0
0.301,0.812,0.664,0.839,2.3612e-05
0.092,0.2,0.098,0.927,0.040172335
0.254,0.25,0.495,0.942,0.129612256
0.024,0.231,0.384,0.545,0.888972413
0.298,0.638,0.341,0.796,0.000722319
0.181,0.111,0.513,0.474,0.237716834
0.049,0.211,0.267,0.736,0.865138279
0.825,0.097,0.99,0.869,3.5658e-05
0.473,0.609,0.744,0.628,0.000364292
0.483,0.43,0.897,0.826,0.008702528
0.076,0.77,0.26,0.799,4.3368e-05
0.481,0.446,0.532,0.647,0.003734955
0.593,0.374,0.596,0.415,0.0
0.076,0.444,0.217,0.853,0.518888486
0.685,0.843,0.884,0.991,0.0
0.363,0.409,0.926,0.577,0.037951889
0.34,0.723,0.723,0.936,0.000260208
0.137,0.796,0.701,0.977,0.00012384
0.817,0.16,0.975,0.756,3.8549e-05
0.109,0.291,0.993,0.524,0.602264585
0.115,0.007,0.137,0.254,0.0
0.547,0.144,0.918,0.454,0.000903502
0.471,0.347,0.984,0.93,0.01131425
0.064,0.116,0.676,0.978,0.986861881
0.051,0.839,0.565,0.886,3.4213e-05
0.032,0.009,0.241,0.416,0.0
0.736,0.229,0.931,0.804,0.000214431
0.065,0.33,0.151,0.411,0.0
0.678,0.013,0.912,0.041,0.0
0.087,0.101,0.631,0.487,0.685117376
0.954,0.223,0.963,0.709,9.64e-07
0.621,0.422,0.937,0.709,0.001184912
0.795,0.108,0.962,0.585,4.1441e-05
0.571,0.128,0.838,0.772,0.002912889
0.347,0.205,0.401,0.227,0.0
0.363,0.588,0.723,0.905,0.004937697
0.062,0.31,0.327,0.978,0.924989122
0.844,0.311,0.859,0.653,7.71e-06
0.393,0.398,0.586,0.818,0.027526203
0.094,0.572,0.572,0.663,0.029603534
0.128,0.248,0.514,0.488,0.319196785
0.88,0.278,0.882,0.473,0.0
0.033,0.299,0.497,0.449,0.355861606
0.037,0.444,0.154,0.985,0.362685814
0.331,0.085,0.831,0.375,0.0
0.433,0.22,0.836,0.895,0.017635389
0.205,0.005,0.736,0.814,0.265652625
0.352,0.479,0.606,0.901,0.026426581
0.52,0.326,0.645,0.827,0.005199351
0.017,0.532,0.114,0.993,0.004089128
0.183,0.836,0.693,0.974,4.4332e-05
0.099,0.097,0.72,0.12,0.0
0.338,0.26,0.962,0.607,0.051904365
0.143,0.409,0.163,0.713,0.036489421
0.565,0.595,0.984,0.672,0.000410069
0.39,0.073,0.844,0.48,0.012381105
0.43,0.223,0.571,0.875,0.015332544
0.43,0.006,0.572,0.337,0.0
0.548,0.622,0.609,0.668,0.000122394
0.514,0.602,0.673,0.641,0.000378266
0.097,0.438,0.525,0.566,0.696390667
0.027,0.249,0.397,0.866,0.959339533
0.038,0.087,0.222,0.829,0.787319077
0.061,0.079,0.647,0.411,0.0
0.009,0.453,0.316,0.814,0.531960589
0.521,0.017,0.884,0.871,0.006078759
0.001,0.837,0.267,0.859,9.155e-06
0.197,0.033,0.3,0.199,0.0
0.353,0.064,0.772,0.123,0.0
0.208,0.392,0.753,0.847,0.249700881
0.483,0.074,0.961,0.129,0.0
0.433,0.207,0.549,0.801,0.013456634
0.179,0.121,0.625,0.472,0.238789953
0.429,0.224,0.537,0.895,0.013513012
0.298,0.211,0.44,0.48,0.033704227
0.135,0.182,0.517,0.867,0.479620134
0.267,0.135,0.53,0.278,0.0
0.184,0.128,0.823,0.578,0.379124244
0.521,0.377,0.904,0.439,0.000717019
0.404,0.767,0.661,0.85,5.3005e-05
0.356,0.563,0.967,0.565,0.000343572
0.059,0.512,0.401,0.668,0.160446961
0.1,0.471,0.758,0.947,0.373470974
0.698,0.054,0.879,0.531,0.000238524
0.003,0.074,0.288,0.93,0.890828566
0.105,0.158,0.641,0.674,0.79425556
0.257,0.219,0.536,0.985,0.129021968
0.486,0.425,0.666,0.587,0.00644016
0.6,0.719,0.723,0.794,1.2529e-05
0.509,0.036,0.843,0.066,0.0
0.048,0.169,0.55,0.934,0.983355812
0.086,0.243,0.657,0.319,0.0
0.167,0.386,0.618,0.994,0.4236623
0.162,0.177,0.475,0.409,0.0
0.039,0.069,0.293,0.148,0.0
0.407,0.173,0.974,0.324,0.0
0.326,0.829,0.475,0.948,2.0238e-05
0.157,0.313,0.771,0.896,0.441761245
0.694,0.163,0.914,0.476,0.000132514
0.118,0.588,0.751,0.609,0.008616756
0.146,0.131,0.437,0.703,0.444119505
0.272,0.496,0.848,0.801,0.048560686
0.529,0.106,0.783,0.119,0.0
0.112,0.284,0.321,0.378,0.0
0.127,0.238,0.821,0.291,0.0
0.02,0.078,0.727,0.547,0.916413807
0.227,0.39,0.881,0.9,0.187506716
0.207,0.239,0.396,0.268,0.0
0.541,0.193,0.571,0.904,0.001755925
0.37,0.383,0.941,0.792,0.041099448
0.701,0.043,0.949,0.792,0.000444282
0.616,0.56,0.64,0.723,0.000119021
0.07,0.181,0.123,0.619,0.456805632
0.156,0.555,0.573,0.96,0.041062345
0.153,0.273,0.203,0.407,0.0
0.199,0.408,0.76,0.987,0.307042639
0.003,0.397,0.261,0.644,0.856601513
0.101,0.71,0.795,0.894,0.000984455
0.571,0.024,0.905,0.237,0.0
0.08,0.55,0.957,0.937,0.065638072
0.335,0.381,0.678,0.825,0.056995296
0.502,0.7,0.7,0.984,8.8182e-05
0.95,0.184,0.981,0.466,0.0
0.489,0.496,0.679,0.791,0.00480181
0.446,0.461,0.76,0.603,0.009120789
0.004,0.806,0.322,0.91,4.915e-05
0.486,0.407,0.733,0.675,0.009014778
0.626,0.195,0.799,0.974,0.001165638
0.716,0.167,0.826,0.201,0.0
0.135,0.376,0.357,0.896,0.439105191
0.152,0.329,0.668,0.763,0.449814698
0.3,0.099,0.358,0.56,0.032182971
0.014,0.244,0.397,0.846,0.959327004
0.172,0.285,0.28,0.56,0.295561181
0.525,0.107,0.689,0.534,0.003304648
0.505,0.224,0.96,0.27,0.0
0.434,0.457,0.833,0.668,0.012422064
0.64,0.448,0.804,0.88,0.000835558
0.26,0.16,0.488,0.243,0.0
0.23,0.002,0.49,0.499,0.106323596
0.349,0.563,0.522,0.718,0.007242951
0.394,0.478,0.451,0.623,0.008204759
0.493,0.227,0.969,0.57,0.00678855
0.301,0.22,0.599,0.942,0.081192757
0.002,0.516,0.632,0.972,0.150265581
0.247,0.347,0.593,0.761,0.145950939
0.04,0.33,0.467,0.35,0.0
0.529,0.05,0.665,0.75,0.004744468
0.053,0.315,0.54,0.975,0.982708664
0.136,0.108,0.76,0.947,0.483399421
0.303,0.725,0.818,0.855,0.000307432
0.648,0.306,0.746,0.73,0.000762796
0.609,0.291,0.976,0.318,0.0
0.095,0.279,0.488,0.732,0.950928535
0.028,0.117,0.819,0.479,0.655868496
0.13,0.532,0.636,0.699,0.073773924
0.207,0.2,0.799,0.424,0.040194501
0.664,0.222,0.674,0.307,0.0
0.898,0.562,0.984,0.891,1.927e-06
0.088,0.16,0.175,0.657,0.572172919
0.397,0.224,0.43,0.243,0.0
0.735,0.157,0.741,0.277,0.0
0.166,0.482,0.703,0.708,0.160909554
0.306,0.391,0.719,0.463,0.028117454
0.087,0.375,0.937,0.855,0.98745265
0.301,0.884,0.516,0.894,4.82e-07
0.3,0.693,0.41,0.823,0.000346945
0.284,0.189,0.335,0.906,0.043787787
0.293,0.066,0.725,0.467,0.036040321
0.091,0.767,0.771,0.775,5.4451e-05
0.533,0.121,0.869,0.41,0.0
0.174,0.415,0.633,0.753,0.414748713
0.189,0.836,0.471,0.933,4.0477e-05
0.351,0.328,0.82,0.961,0.049649225
0.658,0.628,0.825,0.636,1.1083e-05
0.205,0.199,0.413,0.412,0.0
0.876,0.143,0.959,0.289,0.0
0.44,0.374,0.517,0.531,0.00642715
0.031,0.243,0.229,0.447,0.290983921
0.303,0.823,0.711,0.855,2.072e-05
0.725,0.018,0.864,0.448,4.9632e-05
0.288,0.011,0.625,0.015,0.0
0.344,0.202,0.82,0.489,0.02611674
0.08,0.317,0.747,0.437,0.232032725
0.121,0.094,0.627,0.305,0.0
0.599,0.039,0.745,0.497,0.000642329
0.246,0.033,0.314,0.164,0.0
0.546,0.715,0.928,0.914,3.9513e-05
0.136,0.736,0.306,0.857,0.000331525
0.167,0.65,0.38,0.781,0.002804951
0.113,0.249,0.673,0.438,0.113824347
0.037,0.297,0.146,0.697,0.525549823
0.507,0.337,0.857,0.768,0.007223195
0.227,0.049,0.676,0.814,0.186839329
0.556,0.811,0.791,0.892,2.409e-06
0.768,0.583,0.923,0.802,2.8912e-05
0.818,0.037,0.871,0.92,2.4093e-05
0.234,0.859,0.935,0.961,1.9275e-05
0.389,0.507,0.994,0.91,0.01435869
0.082,0.888,0.296,0.919,1.446e-06
0.651,0.276,0.702,0.902,0.000454401
0.231,0.714,0.658,0.827,0.000654376
0.09,0.059,0.564,0.12,0.0
0.557,0.144,0.851,0.733,0.003667976
0.241,0.39,0.378,0.89,0.121291367
0.486,0.383,0.529,0.401,0.0
0.227,0.212,0.866,0.936,0.187506716
0.502,0.699,0.671,0.893,8.3363e-05
0.667,0.332,0.947,0.484,0.000209131
0.304,0.743,0.895,0.995,0.000210576
0.05,0.922,0.11,0.975,0.0
0.041,0.421,0.089,0.819,0.0
0.112,0.272,0.762,0.455,0.243408654
0.013,0.079,0.338,0.861,0.931455785
0.027,0.597,0.582,0.622,0.007681451
0.028,0.146,0.299,0.277,0.0
0.438,0.021,0.745,0.3,0.0
0.248,0.404,0.813,0.757,0.14640775
0.648,0.489,0.821,0.617,0.000506925
0.151,0.725,0.846,0.804,0.000614381
0.637,0.769,0.799,0.927,2.891e-06
0.411,0.183,0.9,0.893,0.023139762
0.077,0.6,0.686,0.801,0.015609618
0.265,0.491,0.313,0.977,0.019490097
0.469,0.555,0.483,0.891,0.000419707
0.403,0.543,0.999,0.644,0.00678325
0.027,0.037,0.328,0.569,0.898409307
0.41,0.928,0.475,0.991,0.0
0.076,0.393,0.333,0.683,0.92753531
0.013,0.132,0.537,0.556,0.92777528
0.074,0.195,0.16,0.974,0.551059892
0.695,0.168,0.77,0.804,0.000389349
0.405,0.4,0.464,0.726,0.012857672
0.022,0.069,0.577,0.311,0.0
0.182,0.257,0.248,0.648,0.256829148
0.176,0.179,0.876,0.82,0.413776786
0.205,0.432,0.372,0.497,0.106605007
0.326,0.2,0.583,0.551,0.048054725
0.12,0.453,0.172,0.517,0.059010466
0.193,0.474,0.742,0.542,0.113199365
0.891,0.221,0.981,0.455,1.446e-06
0.212,0.463,0.596,0.565,0.10959114
0.334,0.51,0.45,0.603,0.012788283
0.862,0.254,0.952,0.452,3.373e-06
0.647,0.524,0.791,0.703,0.000385976
0.37,0.058,0.429,0.855,0.022641993
0.65,0.547,0.794,0.586,0.00013155
0.5,0.233,0.512,0.686,0.001139617
0.086,0.417,0.637,0.448,0.347954641
0.327,0.143,0.941,0.805,0.062446663
0.401,0.044,0.473,0.939,0.015484332
0.327,0.544,0.766,0.753,0.014736956
0.629,0.214,0.711,0.95,0.000790263
0.572,0.142,0.753,0.263,0.0
0.45,0.184,0.86,0.75,0.014351462
0.177,0.244,0.2,0.267,0.0
0.023,0.246,0.994,0.297,0.0
0.044,0.056,0.112,0.136,0.0
0.292,0.315,0.312,0.865,0.018913784
0.779,0.316,0.981,0.978,8.3363e-05
0.833,0.066,0.946,0.885,3.084e-05
0.097,0.034,0.209,0.631,0.697481616
0.727,0.036,0.778,0.829,0.00018841
0.699,0.059,0.834,0.7,0.000421152
0.177,0.534,0.517,0.706,0.05232889
0.815,0.368,0.917,0.661,3.4213e-05
0.202,0.387,0.251,0.604,0.140480297
0.568,0.164,0.666,0.856,0.002396809
0.282,0.312,0.379,0.415,0.0
0.492,0.198,0.818,0.535,0.005554006
0.402,0.122,0.945,0.668,0.025598732
0.857,0.113,0.871,0.396,0.0
0.266,0.06,0.753,0.583,0.11135333
0.0,0.311,0.011,0.663,0.0
0.31,0.171,0.626,0.869,0.073802354
0.504,0.088,0.855,0.85,0.007533999
0.656,0.053,0.858,0.313,0.0
0.746,0.26,0.802,0.784,0.000109384
0.137,0.09,0.88,0.948,0.481008876
0.059,0.839,0.823,0.953,4.3368e-05
0.253,0.057,0.533,0.503,0.085514627
0.735,0.798,0.898,0.911,0.0
0.209,0.46,0.529,0.97,0.144726032
0.036,0.413,0.995,0.962,0.987480117
0.099,0.191,0.628,0.405,0.0
0.23,0.105,0.272,0.39,0.0
0.196,0.05,0.245,0.29,0.0
0.008,0.027,0.855,0.135,0.0
0.166,0.139,0.672,0.857,0.425758905
0.01,0.617,0.225,0.893,0.002842537
0.267,0.264,0.548,0.679,0.11662978
0.086,0.395,0.151,0.949,0.534898054
0.193,0.751,0.572,0.986,0.000370074
0.756,0.552,0.85,0.687,3.614e-05
0.047,0.031,0.489,0.399,0.0
0.577,0.54,0.821,0.657,0.000911693
0.2,0.354,0.859,0.529,0.243744998
0.254,0.35,0.512,0.667,0.129565996
0.308,0.505,0.41,0.991,0.019587435
0.2,0.192,0.485,0.237,0.0
0.157,0.38,0.275,0.609,0.32380392
0.46,0.907,0.589,0.959,1.446e-06
0.054,0.442,0.557,0.947,0.698213091
0.416,0.672,0.861,0.775,0.000457774
0.109,0.262,0.897,0.394,0.0
0.626,0.321,0.626,0.536,0.0
0.475,0.352,0.709,0.36,0.0
0.748,0.366,0.87,0.539,7.7099e-05
0.023,0.676,0.398,0.862,0.001701474
0.352,0.18,0.875,0.495,0.025865205
0.024,0.325,0.827,0.946,0.987444459
0.719,0.825,0.754,0.826,0.0
0.179,0.273,0.738,0.774,0.40967272
0.226,0.525,0.884,0.569,0.025872915
0.42,0.093,0.478,0.934,0.010228603
0.113,0.08,0.706,0.894,0.634790645
0.144,0.611,0.778,0.816,0.011170654
0.177,0.01,0.213,0.852,0.184051244
0.163,0.789,0.791,0.948,0.000145524
0.2,0.735,0.228,0.907,5.5897e-05
0.421,0.815,0.93,0.882,1.4938e-05
0.763,0.338,0.777,0.65,2.6021e-05
0.343,0.967,0.503,0.979,0.0
0.264,0.075,0.932,0.631,0.121218123
0.111,0.316,0.713,0.36,0.0
0.065,0.174,0.174,0.213,0.0
0.856,0.145,0.953,0.156,0.0
0.484,0.19,0.959,0.976,0.009698548
0.244,0.231,0.382,0.968,0.118218497
0.027,0.508,0.218,0.801,0.127057394
0.296,0.465,0.353,0.545,0.016218217
0.373,0.99,0.521,0.99,0.0
0.507,0.062,0.996,0.891,0.007262226
0.685,0.463,0.843,0.533,0.000161908
0.213,0.647,0.639,0.755,0.003410177
0.338,0.144,0.732,0.905,0.055760751
0.072,0.11,0.223,0.479,0.555906998
0.107,0.292,0.243,0.695,0.60712952
0.612,0.7,0.853,0.995,3.0358e-05
0.249,0.062,0.492,0.85,0.136406588
0.489,0.152,0.706,0.94,0.008704456
0.172,0.458,0.428,0.878,0.207330748
0.342,0.278,0.575,0.485,0.024497183
0.772,0.388,0.887,0.522,4.0477e-05
0.134,0.02,0.882,0.069,0.0
0.661,0.375,0.903,0.986,0.00075846
0.93,0.35,0.95,0.946,9.64e-07
0.529,0.162,0.879,0.611,0.004903484
0.268,0.246,0.377,0.883,0.083281653
0.342,0.116,0.989,0.641,0.052048925
0.74,0.339,0.86,0.386,0.0
0.029,0.325,0.779,0.537,0.900948267
0.791,0.482,0.962,0.69,4.2886e-05
0.081,0.3,0.091,0.619,0.007141277
0.227,0.08,0.467,0.275,0.0
0.306,0.255,0.475,0.477,0.030951317
0.602,0.683,0.925,0.733,3.4694e-05
0.097,0.633,0.889,0.933,0.006726871
0.172,0.148,0.99,0.226,0.0
0.176,0.052,0.422,0.341,0.0
0.228,0.319,0.486,0.56,0.153273399
0.148,0.175,0.395,0.36,0.0
0.007,0.35,0.343,0.442,0.276263348
0.438,0.131,0.549,0.426,0.001530411
0.106,0.497,0.695,0.764,0.253832413
0.427,0.802,0.627,0.928,1.9757e-05
0.42,0.398,0.716,0.622,0.018770669
0.822,0.005,0.969,0.216,0.0
0.06,0.948,0.629,0.961,4.82e-07
0.162,0.133,0.459,0.702,0.418935661
0.286,0.977,0.396,0.993,0.0
0.34,0.062,0.994,0.23,0.0
0.709,0.203,0.803,0.837,0.00034839
0.431,0.383,0.489,0.53,0.005786266
0.698,0.046,0.907,0.057,0.0
0.093,0.113,0.997,0.247,0.0
0.204,0.008,0.69,0.86,0.271337698
0.246,0.492,0.539,0.675,0.061246813
0.064,0.16,0.126,0.231,0.0
0.273,0.022,0.347,0.166,0.0
0.131,0.156,0.218,0.821,0.286104048
0.681,0.25,0.967,0.805,0.000581132
0.039,0.405,0.552,0.521,0.857731011
0.372,0.133,0.672,0.76,0.039455316
0.147,0.136,0.717,0.233,0.0
0.399,0.314,0.915,0.943,0.027318036
0.138,0.802,0.824,0.845,7.1316e-05
0.64,0.17,0.822,0.922,0.000981564
0.192,0.329,0.764,0.731,0.360579571
0.448,0.149,0.752,0.886,0.014607815
0.022,0.077,0.974,0.806,0.987385189
0.688,0.009,0.864,0.582,0.000388385
0.52,0.044,0.576,0.078,0.0
0.142,0.459,0.48,0.672,0.242828967
0.046,0.26,0.363,0.923,0.943276478
0.391,0.037,0.637,0.071,0.0
0.273,0.529,0.447,0.843,0.023331546
0.343,0.618,0.818,0.735,0.002958185
0.888,0.52,0.947,0.898,2.409e-06
0.622,0.753,0.862,0.881,3.855e-06
0.768,0.002,0.927,0.908,9.7337e-05
0.21,0.323,0.978,0.376,0.0
0.455,0.386,0.716,0.806,0.013294726
0.256,0.132,0.688,0.644,0.131461663
0.543,0.468,0.782,0.698,0.003138885
0.131,0.286,0.171,0.937,0.078001348
0.366,0.085,0.993,0.516,0.027226963
0.008,0.269,0.36,0.678,0.940435868
0.482,0.646,0.918,0.792,0.000460184
0.546,0.589,0.765,0.876,0.000661122
0.041,0.726,0.604,0.857,0.000677024
0.129,0.373,0.167,0.935,0.079424785
0.721,0.784,0.782,0.937,0.0
0.347,0.422,0.378,0.758,0.011811056
0.381,0.592,0.63,0.953,0.003769168
0.262,0.345,0.77,0.93,0.127881387
0.119,0.778,0.474,0.895,0.00017299
0.59,0.311,0.902,0.932,0.00216744
0.334,0.123,0.985,0.243,0.0
0.012,0.799,0.578,0.847,8.1436e-05
0.042,0.516,0.668,0.549,0.083801588
0.109,0.265,0.701,0.762,0.713337468
0.059,0.465,0.73,0.901,0.439011709
0.066,0.789,0.165,0.904,2.891e-06
0.397,0.112,0.54,0.989,0.023353712
0.333,0.105,0.448,0.214,0.0
0.319,0.346,0.639,0.486,0.032138639
0.444,0.186,0.913,0.533,0.009908161
0.229,0.24,0.243,0.75,0.027776774
0.08,0.614,0.65,0.891,0.010942731
0.389,0.238,0.523,0.664,0.02517228
0.012,0.619,0.781,0.641,0.004227424
0.354,0.653,0.909,0.717,0.001063482
0.575,0.247,0.872,0.51,0.001252374
0.772,0.366,0.993,0.765,9.2519e-05
0.714,0.953,0.796,0.955,0.0
0.193,0.232,0.278,0.316,0.0
0.013,0.322,0.843,0.582,0.962701041
0.005,0.083,0.296,0.587,0.88649995
0.152,0.314,0.778,0.772,0.45047052
0.094,0.429,0.102,0.809,0.05083751
0.012,0.175,0.098,0.217,0.0
0.273,0.131,0.472,0.986,0.104034243
0.407,0.008,0.898,0.998,0.024518385
0.274,0.259,0.639,0.807,0.112947348
0.309,0.036,0.922,0.746,0.075666218
0.082,0.278,0.093,0.798,0.014532644
0.3,0.487,0.374,0.762,0.021085561
0.637,0.325,0.687,0.585,0.000426935
0.538,0.484,0.731,0.591,0.002320192
0.092,0.32,0.601,0.467,0.562942264
0.359,0.15,0.902,0.913,0.046024617
0.433,0.288,0.528,0.748,0.01205729
0.528,0.137,0.656,0.31,0.0
0.387,0.055,0.486,0.835,0.023180239
0.206,0.485,0.502,0.802,0.113136722
0.239,0.425,0.785,0.469,0.045492635
0.274,0.474,0.99,0.52,0.028542461
0.607,0.552,0.682,0.984,0.000345981
0.829,0.23,0.945,0.674,2.843e-05
0.157,0.091,0.561,0.112,0.0
0.473,0.214,0.919,0.45,0.002171295
0.692,0.351,0.825,0.378,0.0
0.385,0.028,0.83,0.208,0.0
0.635,0.424,0.974,0.48,0.000220695
0.888,0.046,0.974,0.403,0.0
0.069,0.28,0.476,0.394,0.0
0.42,0.368,0.549,0.894,0.016473125
0.369,0.304,0.476,0.887,0.030895421
0.096,0.291,0.983,0.403,0.0
0.319,0.08,0.626,0.971,0.066705891
0.199,0.593,0.463,0.975,0.012184021
0.058,0.182,0.457,0.705,0.973165759
0.208,0.24,0.929,0.688,0.248473082
0.606,0.053,0.921,0.174,0.0
0.572,0.814,0.957,0.817,0.0
0.236,0.589,0.439,0.84,0.010460863
0.901,0.13,0.954,0.336,0.0
0.39,0.059,0.529,0.305,0.0
0.134,0.011,0.943,0.875,0.488514928
0.0,0.164,0.003,0.325,0.0
0.087,0.244,0.435,0.57,0.938782581
0.552,0.08,0.593,0.776,0.001937108
0.397,0.547,0.85,0.67,0.007307522
0.232,0.618,0.954,0.93,0.006993826
0.404,0.308,0.77,0.431,0.003024683
0.107,0.569,0.227,0.679,0.015577815
0.71,0.053,0.837,0.248,0.0
0.343,0.774,0.385,0.997,1.5902e-05
0.334,0.837,0.504,0.84,4.82e-07
0.631,0.317,0.816,0.426,8.9627e-05
0.161,0.236,0.645,0.53,0.367459194
0.07,0.025,0.125,0.172,0.0
0.238,0.692,0.856,0.91,0.001168529
0.0,0.021,0.725,0.51,0.802780761
0.271,0.108,0.898,0.852,0.117609416
0.245,0.526,0.427,0.754,0.031596538
0.692,0.403,0.967,0.489,0.000155643
0.053,0.007,0.239,0.053,0.0
0.257,0.677,0.36,0.854,0.000821102
0.577,0.155,0.922,0.952,0.002653163
0.822,0.003,0.967,0.945,3.614e-05
0.08,0.476,0.25,0.496,0.066331961
0.141,0.136,0.62,0.325,0.0
0.442,0.364,0.676,0.601,0.013510121
0.031,0.09,0.993,0.235,0.0
0.716,0.652,0.909,0.883,2.0238e-05
0.004,0.373,0.864,0.8,0.987353386
0.235,0.099,0.735,0.15,0.0
0.401,0.038,0.994,0.125,0.0
0.045,0.265,0.726,0.32,0.0
0.75,0.386,0.776,0.846,5.686e-05
0.275,0.59,0.384,0.694,0.004878909
0.081,0.141,0.485,0.344,0.0
0.687,0.21,0.934,0.944,0.000543547
0.52,0.395,0.863,0.625,0.005679773
0.203,0.154,0.687,0.494,0.167605586
0.08,0.731,0.231,0.786,0.000113239
0.323,0.35,0.405,0.74,0.039890924
0.361,0.279,0.907,0.781,0.045017032
0.207,0.222,0.393,0.818,0.224987339
0.505,0.401,0.566,0.862,0.004249108
0.071,0.031,0.753,0.775,0.987136063
0.316,0.237,0.899,0.617,0.066208603
0.295,0.691,0.827,0.831,0.000734366
0.222,0.807,0.752,0.815,1.1565e-05
0.011,0.22,0.699,0.719,0.986207987
0.024,0.228,0.66,0.628,0.979086466
0.045,0.476,0.508,0.864,0.34342364
0.189,0.175,0.331,0.594,0.312049243
0.379,0.221,0.911,0.549,0.027802795
0.05,0.413,0.409,0.963,0.963623336
0.232,0.453,0.511,0.748,0.113800253
0.022,0.889,0.114,0.974,0.0
0.651,0.298,0.821,0.601,0.00071991
0.414,0.024,0.699,0.481,0.0083339
0.342,0.174,0.901,0.366,0.0
0.519,0.173,0.762,0.567,0.004705919
0.229,0.399,0.7,0.705,0.181449641
0.8,0.122,0.807,0.401,0.0
0.326,0.42,0.913,0.994,0.054434651
0.562,0.233,0.631,0.854,0.002277306
0.007,0.111,0.372,0.937,0.947288507
0.151,0.204,0.815,0.93,0.452539659
0.137,0.25,0.966,0.821,0.48095298
0.05,0.415,0.061,0.541,0.0
0.078,0.046,0.503,0.108,0.0
0.335,0.487,0.613,0.583,0.022324924
0.512,0.039,0.822,0.641,0.006379927
0.519,0.225,0.797,0.342,0.0
0.828,0.358,0.934,0.954,3.2767e-05
0.044,0.206,0.593,0.682,0.983529285
0.058,0.003,0.475,0.822,0.976596174
0.275,0.445,0.701,0.713,0.085985412
0.025,0.108,0.253,0.943,0.848033426
0.155,0.425,0.791,0.914,0.36008132
0.192,0.312,0.917,0.551,0.323115332
0.274,0.645,0.309,0.982,0.000718465
0.194,0.315,0.454,0.922,0.333739066
0.598,0.171,0.749,0.301,0.0
0.16,0.814,0.668,0.847,4.5296e-05
0.014,0.329,0.966,0.685,0.985658658
0.253,0.291,0.6,0.434,0.022048332
0.288,0.703,0.814,0.773,0.000478494
0.048,0.746,0.359,0.801,0.000270328
0.46,0.732,0.872,0.845,7.4689e-05
0.52,0.452,0.756,0.848,0.004799401
0.539,0.652,0.932,0.879,0.000212504
0.15,0.69,0.771,0.732,0.00098301
0.55,0.068,0.792,0.911,0.004057325
0.368,0.647,0.737,0.983,0.001344411
0.151,0.237,0.827,0.432,0.086222973
0.095,0.45,0.544,0.672,0.614564254
0.103,0.52,0.951,0.954,0.130300844
0.219,0.03,0.915,0.616,0.200997562
0.389,0.627,0.443,0.874,0.000707382
0.41,0.501,0.99,0.791,0.011970554
0.503,0.449,0.939,0.527,0.00312732
0.564,0.226,0.854,0.394,0.0
0.145,0.202,0.573,0.682,0.459072337
0.632,0.135,0.895,0.306,0.0
0.165,0.488,0.79,0.862,0.150393276
0.094,0.255,0.844,0.755,0.966556464
0.516,0.778,0.937,0.907,1.1565e-05
0.104,0.176,0.829,0.632,0.808261041
0.121,0.709,0.478,0.967,0.000901092
0.03,0.001,0.784,0.986,0.987403018
0.003,0.067,0.826,0.526,0.877431684
0.464,0.2,0.537,0.987,0.007288729
0.633,0.548,0.934,0.65,0.000328152
0.197,0.297,0.699,0.879,0.322238815
0.373,0.653,0.933,0.666,0.000339717
0.43,0.186,0.45,0.942,0.003847231
0.752,0.148,0.788,0.474,1.9275e-05
0.306,0.244,0.716,0.763,0.077945452
0.443,0.319,0.695,0.685,0.014887298
0.143,0.344,0.338,0.924,0.41177029
0.17,0.375,0.998,0.647,0.416619323
0.16,0.551,0.339,0.838,0.03343679
0.186,0.625,0.94,0.771,0.006757711
0.057,0.097,0.342,0.659,0.931359893
0.36,0.064,0.899,0.376,0.0
0.085,0.527,0.683,0.56,0.058531971
0.231,0.073,0.542,0.387,0.0
0.056,0.924,0.348,0.983,9.64e-07
0.029,0.237,0.136,0.876,0.503959747
0.518,0.296,0.856,0.587,0.005281269
0.04,0.251,0.135,0.99,0.5014603
0.767,0.022,0.993,0.887,0.00010312
0.568,0.537,0.89,0.769,0.001246591
0.181,0.314,0.456,0.757,0.392680624
0.834,0.12,0.969,0.613,2.4575e-05
0.525,0.323,0.858,0.905,0.005753981
0.489,0.066,0.71,0.471,0.002709059
0.305,0.442,0.982,0.941,0.064426175
0.532,0.606,0.939,0.857,0.000596552
0.062,0.407,0.485,0.465,0.545568047
0.424,0.326,0.579,0.878,0.017098589
0.261,0.265,0.996,0.765,0.128948724
0.586,0.009,0.644,0.81,0.001347784
0.003,0.01,0.26,0.519,0.760267995
0.334,0.443,0.433,0.593,0.029010355
0.425,0.038,0.951,0.401,0.0
0.355,0.042,0.822,0.839,0.047797407
0.563,0.001,0.623,0.273,0.0
0.722,0.138,0.865,0.647,0.000269846
0.472,0.651,0.972,0.855,0.000485723
0.884,0.523,0.986,0.767,5.301e-06
0.103,0.281,0.198,0.719,0.52281667
0.475,0.199,0.927,0.355,0.0
0.263,0.589,0.414,0.823,0.007425097
0.301,0.85,0.549,0.967,1.4456e-05
0.003,0.36,0.75,0.994,0.987337002
0.166,0.273,0.213,0.698,0.197602805
0.457,0.518,0.842,0.884,0.005699048
0.316,0.21,0.592,0.9,0.068098006
0.956,0.602,0.976,0.949,9.64e-07
0.105,0.179,0.972,0.478,0.474371151
0.08,0.321,0.523,0.719,0.980780712
0.07,0.581,0.289,0.622,0.010326904
0.023,0.135,0.56,0.213,0.0
0.095,0.182,0.684,0.513,0.795999439
0.234,0.175,0.941,0.839,0.171588703
0.0,0.208,0.1,0.808,0.077495869
0.689,0.005,0.894,0.841,0.000520417
0.054,0.613,0.162,0.752,0.000919885
0.112,0.408,0.836,0.732,0.649198967
0.91,0.458,0.939,0.636,1.927e-06
0.442,0.164,0.551,0.612,0.010717698
0.1,0.229,0.24,0.458,0.348002828
0.256,0.049,0.483,0.071,0.0
0.408,0.771,0.698,0.795,2.072e-05
0.317,0.399,0.737,0.919,0.069209193
0.344,0.456,0.384,0.619,0.011307986
0.698,0.14,0.91,0.54,0.000261172
0.707,0.647,0.811,0.758,2.072e-05
0.088,0.366,0.863,0.888,0.987456987
0.092,0.437,0.991,0.808,0.7552532
0.02,0.164,0.982,0.464,0.5386306
0.637,0.435,0.943,0.594,0.000780144
0.54,0.235,0.638,0.308,0.0
0.244,0.081,0.354,0.621,0.101762238
0.264,0.132,0.28,0.579,0.017762602
0.08,0.157,0.69,0.223,0.0
0.476,0.945,0.677,0.962,0.0
0.684,0.011,0.975,0.12,0.0
0.507,0.75,0.988,0.752,0.0
0.548,0.38,0.819,0.773,0.00420574
0.762,0.088,0.776,0.973,2.9876e-05
0.463,0.013,0.733,0.675,0.0118896
0.428,0.064,0.897,0.499,0.008876001
0.227,0.565,0.478,0.961,0.020132427
0.693,0.41,0.804,0.671,0.000433199
0.002,0.083,0.058,0.958,0.0
0.683,0.355,0.857,0.778,0.000550293
0.359,0.19,0.885,0.661,0.044984746
0.165,0.454,0.974,0.606,0.236597456
0.186,0.298,0.279,0.404,0.0
0.422,0.02,0.958,0.642,0.01914508
0.236,0.027,0.66,0.977,0.166816768
0.599,0.049,0.761,0.112,0.0
0.626,0.273,0.682,0.282,0.0
0.255,0.41,0.938,0.935,0.136699082
0.457,0.396,0.562,0.454,0.002456079
0.573,0.096,0.865,0.596,0.002385726
0.388,0.683,0.406,0.924,5.3487e-05
0.184,0.433,0.753,0.647,0.319963436
0.487,0.004,0.908,0.132,0.0
0.414,0.127,0.499,0.607,0.012810931
0.039,0.745,0.435,0.808,0.000324779
0.078,0.36,0.787,0.577,0.959020055
0.108,0.45,0.843,0.469,0.164934112
0.163,0.574,0.675,0.71,0.024901952
0.359,0.346,0.682,0.548,0.034993704
0.406,0.072,0.58,0.744,0.022248789
0.209,0.156,0.592,0.369,0.0
0.469,0.014,0.918,0.34,0.0
0.098,0.355,0.372,0.431,0.186696697
0.681,0.153,0.801,0.19,0.0
0.169,0.645,0.947,0.66,0.001537158
0.262,0.15,0.769,0.702,0.127048238
0.621,0.744,0.773,0.835,3.373e-06
0.514,0.15,0.736,0.165,0.0
0.061,0.22,0.915,0.595,0.969953148
0.646,0.453,0.766,0.793,0.000715091
0.364,0.137,0.57,0.956,0.040789607
0.731,0.184,0.808,0.703,0.000198048
0.651,0.379,0.89,0.899,0.000888564
0.523,0.327,0.718,0.996,0.005592073
0.207,0.211,0.743,0.93,0.254728687
0.343,0.141,0.601,0.974,0.051679333
0.168,0.746,0.428,0.886,0.000366219
0.15,0.409,0.83,0.904,0.454352445
0.215,0.07,0.314,0.197,0.0
0.153,0.289,0.927,0.468,0.244518395
0.52,0.311,0.531,0.332,0.0
0.879,0.044,0.919,0.985,8.192e-06
0.416,0.823,0.86,1.0,1.3974e-05
0.688,0.138,0.694,0.252,0.0
0.528,0.286,0.94,0.762,0.005532322
0.136,0.304,0.365,0.453,0.178611441
0.669,0.668,0.963,0.669,0.0
0.133,0.283,0.157,0.989,0.049173139
0.173,0.156,0.275,0.808,0.304658358
0.099,0.513,0.122,0.632,0.045843916
0.198,0.827,0.826,0.979,5.5897e-05
0.198,0.099,0.953,0.723,0.31415645
0.434,0.256,0.903,0.481,0.00660785
0.976,0.437,0.99,0.932,0.0
0.301,0.112,0.831,0.708,0.082556924
0.836,0.23,0.977,0.836,2.7948e-05
0.606,0.195,0.996,0.498,0.000645703
0.375,0.28,0.98,0.657,0.037707583
0.381,0.248,0.933,0.767,0.035571464
0.38,0.864,0.79,0.95,4.819e-06
0.312,0.732,0.594,0.976,0.000237561
0.313,0.181,0.4,0.46,0.016636478
0.139,0.05,0.693,0.133,0.0
0.102,0.259,0.436,0.717,0.841761438
0.642,0.691,0.717,0.807,1.1083e-05
0.196,0.108,0.361,0.851,0.286900575
0.665,0.26,0.672,0.306,0.0
0.399,0.494,0.492,0.527,0.003126357
0.209,0.205,0.978,0.592,0.231327752
0.499,0.386,0.773,0.595,0.006866613
0.149,0.528,0.822,0.8,0.074168092
0.689,0.374,0.97,0.497,0.000184555
0.147,0.297,0.254,0.689,0.321518904
0.595,0.258,0.705,0.623,0.001421027
0.062,0.007,0.308,0.929,0.910759091
0.142,0.344,0.331,0.885,0.409842338
0.027,0.657,0.678,0.882,0.003467037
0.026,0.07,0.04,0.671,0.0
0.547,0.663,0.628,0.715,6.4088e-05
0.252,0.678,0.295,0.878,0.000462111
0.046,0.722,0.408,0.939,0.000604262
0.273,0.418,0.619,0.869,0.113863378
0.631,0.815,0.788,0.828,0.0
0.272,0.356,0.732,0.426,0.018275309
0.108,0.038,0.459,0.733,0.726299223
0.02,0.024,0.48,0.126,0.0
0.039,0.359,0.299,0.374,0.0
0.361,0.039,0.58,0.36,0.0
0.149,0.768,0.878,0.945,0.000259727
0.105,0.416,0.322,0.497,0.504950948
0.618,0.188,0.694,0.334,0.0
0.095,0.016,0.728,0.032,0.0
0.546,0.298,0.692,0.648,0.003713271
0.054,0.573,0.614,0.944,0.031970949
0.879,0.142,0.995,0.291,0.0
0.303,0.326,0.695,0.408,0.0
0.293,0.622,0.853,0.657,0.002381871
0.178,0.356,0.802,0.746,0.410916421
0.946,0.627,0.949,0.879,0.0
0.618,0.216,0.822,0.405,0.0
0.082,0.073,0.116,0.211,0.0
0.484,0.162,0.903,0.833,0.009691802
0.726,0.192,0.796,0.78,0.000217804
0.195,0.741,0.889,0.803,0.00037152
0.514,0.296,0.8,0.476,0.002119735
0.022,0.311,0.32,0.516,0.793191597
0.039,0.552,0.755,0.92,0.062903474
0.301,0.689,0.691,0.848,0.000712682
0.372,0.081,0.453,0.441,0.004437037
0.669,0.409,0.941,0.774,0.000674615
0.041,0.572,0.235,0.632,0.01284948
0.035,0.321,0.111,0.474,0.265828024
0.429,0.588,0.661,0.78,0.002645935
0.786,0.69,0.969,0.986,5.301e-06
0.289,0.029,0.703,0.2,0.0
0.773,0.061,0.888,0.697,8.1436e-05
0.684,0.388,0.727,0.546,0.000179737
0.61,0.187,0.633,0.576,0.000322369
0.015,0.352,0.452,0.408,0.0
0.729,0.178,0.765,0.383,0.0
0.739,0.026,0.792,0.944,0.000132995
0.188,0.054,0.424,0.905,0.36610081
0.393,0.916,0.908,0.996,1.927e-06
0.284,0.837,0.454,0.904,1.542e-05
0.498,0.33,0.849,0.884,0.008108867
0.294,0.248,0.874,0.328,0.0
0.178,0.673,0.592,0.908,0.002137083
0.554,0.559,0.735,0.61,0.000567158
0.619,0.391,0.937,0.848,0.001357903
0.535,0.103,0.888,0.122,0.0
0.102,0.763,0.405,0.941,0.000221659
0.736,0.797,0.963,0.802,0.0
0.135,0.146,0.396,0.47,0.257437264
0.095,0.77,0.255,0.873,7.9026e-05
0.564,0.238,0.986,0.451,0.000575832
0.128,0.345,0.248,0.87,0.361237802
0.002,0.483,0.606,0.834,0.312579297
0.276,0.051,0.318,0.304,0.0
0.095,0.621,0.36,0.981,0.006604477
0.486,0.142,0.992,0.367,0.0
0.158,0.109,0.615,0.431,0.084576431
0.38,0.469,0.611,0.59,0.018237242
0.043,0.597,0.792,0.601,0.001691355
0.365,0.171,0.646,0.936,0.042423139
0.365,0.482,0.588,0.953,0.022480086
0.353,0.42,0.834,0.43,0.0
0.297,0.489,0.573,0.63,0.037302332
0.445,0.458,0.856,0.737,0.011159571
0.122,0.516,0.569,0.727,0.109793043
0.232,0.32,0.275,0.48,0.033127913
0.218,0.306,0.365,0.714,0.167802188
0.203,0.732,0.757,0.835,0.000488132
0.648,0.336,0.736,0.68,0.00069148
0.211,0.069,1.0,0.635,0.231139342
0.155,0.786,0.38,0.991,0.000113721
0.407,0.267,0.66,0.273,0.0
0.189,0.328,0.87,0.829,0.380189172
0.513,0.014,0.877,0.714,0.006630016
0.543,0.103,0.71,0.791,0.004166227
0.251,0.056,0.815,0.781,0.142131175
0.378,0.27,0.989,0.76,0.037106694
0.082,0.104,0.165,0.2,0.0
0.399,0.467,0.495,0.496,0.002854102
0.386,0.194,0.68,0.812,0.032537144
0.111,0.591,0.117,0.786,5.4451e-05
0.013,0.184,0.522,0.544,0.908681278
0.117,0.065,0.136,0.547,0.083847366
0.344,0.693,0.605,0.724,0.000231296
0.296,0.043,0.509,0.193,0.0
0.615,0.017,0.653,0.77,0.000568604
0.429,0.317,0.49,0.434,0.001176239
0.597,0.855,0.668,0.891,4.82e-07
0.332,0.091,0.686,0.749,0.058654847
0.598,0.279,0.879,0.804,0.001885066
0.094,0.097,0.648,0.432,0.211803442
0.286,0.394,0.48,0.786,0.088765306
0.544,0.221,0.893,0.729,0.004475586
0.012,0.205,0.914,0.52,0.856534052
0.04,0.736,0.858,0.925,0.000582096
0.39,0.615,0.524,0.876,0.00178291
0.183,0.175,0.714,0.914,0.40173588
0.392,0.485,0.894,0.883,0.01760455
0.703,0.399,0.917,0.434,3.9031e-05
0.597,0.359,0.879,0.797,0.001916387
0.148,0.076,0.587,0.523,0.374776353
0.359,0.327,0.41,0.79,0.022548029
0.027,0.465,0.421,0.89,0.424992254
0.517,0.236,0.657,0.24,0.0
0.18,0.572,0.303,0.6,0.006110563
0.667,0.288,0.789,0.41,0.0
0.216,0.504,0.358,0.787,0.054855322
0.006,0.078,0.916,0.579,0.960369284
0.645,0.41,0.937,0.626,0.000865916
0.02,0.279,0.439,0.921,0.971042169
0.014,0.617,0.109,0.674,0.0
0.028,0.29,0.332,0.511,0.771469489
0.061,0.325,0.532,0.433,0.231488696
0.506,0.396,0.823,0.416,0.0
0.806,0.452,0.868,0.665,2.1202e-05
0.663,0.225,0.909,0.401,0.0
0.084,0.046,0.476,0.33,0.0
0.49,0.792,0.805,0.794,0.0
0.663,0.168,0.763,0.84,0.000627873
0.107,0.243,0.764,0.469,0.404536976
0.676,0.549,0.938,0.979,0.000235151
0.087,0.158,0.201,0.587,0.68898629
0.156,0.12,0.817,0.897,0.443620772
0.31,0.358,0.693,0.744,0.074344455
0.006,0.503,0.288,0.803,0.187584779
0.663,0.001,0.73,0.349,0.0
0.854,0.069,0.945,0.912,1.6383e-05
0.509,0.434,0.632,0.455,0.000701599
0.046,0.341,0.678,0.733,0.986257137
0.38,0.085,0.638,0.467,0.012330991
0.136,0.073,0.349,0.713,0.432317123
0.204,0.256,0.397,0.903,0.243746925
0.257,0.586,0.513,0.868,0.010739382
0.961,0.127,0.983,0.658,9.64e-07
0.726,0.793,0.886,0.846,0.0
0.18,0.208,0.793,0.229,0.0
0.675,0.534,0.827,0.661,0.000242861
0.736,0.65,0.745,0.72,2.409e-06
0.017,0.9,0.303,0.948,1.446e-06
0.528,0.73,0.856,0.946,3.3249e-05
0.495,0.363,0.51,0.57,0.001190213
0.08,0.326,0.906,0.601,0.972356222
0.268,0.462,0.785,0.832,0.073697307
0.117,0.409,0.715,0.674,0.575015456
0.525,0.05,0.909,0.554,0.004121895
0.375,0.212,0.56,0.969,0.035158985
0.092,0.748,0.122,0.759,0.0
0.275,0.644,0.952,0.96,0.002949993
0.253,0.288,0.332,0.505,0.054593668
0.489,0.326,0.85,0.803,0.009094287
0.104,0.223,0.726,0.546,0.742783913
0.243,0.193,0.536,0.74,0.149585184
0.137,0.24,0.748,0.555,0.435815963
0.171,0.293,0.841,0.581,0.399313531
0.19,0.1,0.762,0.608,0.363765198
0.414,0.781,0.791,0.949,3.5658e-05
0.025,0.769,0.603,0.849,0.000218768
0.005,0.45,0.652,0.534,0.529600884
0.095,0.394,0.765,0.717,0.959777069
0.614,0.144,0.776,0.611,0.00119455
0.459,0.528,0.53,0.644,0.002440659
0.633,0.11,0.757,0.74,0.000991202
0.132,0.259,0.732,0.845,0.493776921
0.451,0.477,0.749,0.554,0.005270667
0.388,0.529,0.551,0.963,0.009326547
0.066,0.511,0.966,0.863,0.179372792
0.091,0.423,0.468,0.483,0.438597303
0.218,0.391,0.577,0.783,0.20885634
0.412,0.523,0.941,0.751,0.009028271
0.259,0.218,0.769,0.228,0.0
0.569,0.245,0.581,0.395,0.0
0.347,0.471,0.415,0.598,0.014492649
0.266,0.933,0.677,0.965,4.82e-07
0.569,0.489,0.789,0.733,0.001934698
0.055,0.314,0.342,0.872,0.933477219
0.241,0.342,0.824,0.5,0.096894894
0.004,0.092,0.759,0.582,0.962631652
0.265,0.727,0.864,0.757,0.000254908
0.197,0.041,0.241,0.603,0.162229389
0.475,0.077,0.92,0.327,0.0
0.541,0.074,0.918,0.715,0.004654359
0.493,0.493,0.871,0.768,0.005070692
0.183,0.587,0.766,0.699,0.015462648
0.705,0.503,0.912,0.598,0.000165762
0.442,0.252,0.963,0.441,0.002271042
0.246,0.064,0.352,0.102,0.0
0.416,0.264,0.422,0.429,0.0001754
0.281,0.018,0.655,0.722,0.103800538
0.492,0.204,0.999,0.467,0.002568836
0.468,0.658,0.689,0.988,0.000400432
0.533,0.666,0.829,0.894,0.000156607
0.079,0.606,0.457,0.833,0.011864061
0.097,0.292,0.994,0.893,0.944033492
0.063,0.045,0.344,0.072,0.0
0.38,0.317,0.382,0.74,0.001024932
0.137,0.512,0.784,0.561,0.069213529
0.433,0.38,0.448,0.643,0.00277363
0.105,0.331,0.796,0.633,0.790775995
0.76,0.316,0.772,0.472,9.155e-06
0.759,0.622,0.939,0.911,2.0238e-05
0.516,0.746,0.57,0.753,0.0
0.103,0.071,0.783,0.871,0.837652553
0.516,0.115,0.977,0.796,0.006462326
0.075,0.707,0.743,0.98,0.001070228
0.509,0.002,0.516,0.599,0.000491987
0.515,0.492,0.838,0.505,0.000513671
0.075,0.156,0.757,0.671,0.984866949
0.806,0.134,0.896,0.228,0.0
0.573,0.21,0.981,0.37,0.0
0.381,0.699,0.587,0.982,0.000295867
0.087,0.487,0.897,0.929,0.301994113
0.876,0.132,0.938,0.161,0.0
0.399,0.633,0.609,0.839,0.001346338
0.22,0.057,0.78,0.419,0.032479801
0.206,0.27,0.669,0.325,0.0
0.205,0.491,0.355,0.802,0.088007328
0.055,0.811,0.089,0.968,0.0
0.681,0.409,0.824,0.681,0.000529091
0.011,0.248,0.9,0.368,0.0
0.69,0.373,0.892,0.839,0.000509816
0.497,0.06,0.567,0.391,0.0
0.28,0.12,0.551,0.229,0.0
0.351,0.373,0.842,0.644,0.047982926
0.103,0.062,0.883,0.452,0.294606119
0.656,0.36,0.851,0.745,0.000805201
0.182,0.282,0.641,0.787,0.403250871
0.195,0.131,0.447,0.478,0.184389515
0.005,0.443,0.102,0.572,0.044541428
0.336,0.409,0.851,0.852,0.057032881
0.255,0.444,0.673,0.473,0.03196613
0.69,0.144,0.84,0.274,0.0
0.171,0.483,0.549,0.807,0.152514457
0.825,0.757,0.947,0.804,9.64e-07
0.11,0.81,0.67,0.915,8.3845e-05
0.476,0.235,0.75,0.451,0.002110098
0.528,0.498,0.546,0.894,0.000629801
0.071,0.474,0.709,0.685,0.355582604
0.575,0.704,0.98,0.759,2.9876e-05
0.204,0.596,0.507,0.646,0.00811224
0.486,0.598,0.949,0.716,0.001113596
0.713,0.164,0.723,0.754,7.1316e-05
0.019,0.851,0.271,0.862,3.373e-06
0.368,0.623,0.951,0.741,0.002166477
0.19,0.037,0.841,0.357,0.0
0.178,0.489,0.822,0.904,0.140654251
0.735,0.588,0.944,0.608,1.4938e-05
0.144,0.34,0.881,0.933,0.465722592
0.491,0.346,0.67,0.765,0.008206686
0.165,0.467,0.449,0.527,0.120405212
0.674,0.277,0.761,0.844,0.00051608
0.65,0.813,0.721,0.863,4.82e-07
0.589,0.156,0.942,0.748,0.002199244
0.066,0.67,0.116,0.783,0.0
0.134,0.194,0.768,0.756,0.488074501
0.533,0.071,0.816,0.752,0.005162729
0.317,0.588,0.849,0.947,0.007403413
0.094,0.249,0.847,0.272,0.0
0.659,0.171,0.948,0.522,0.000399468
0.43,0.715,0.51,0.753,6.0233e-05
0.102,0.263,0.825,0.584,0.835787726
0.669,0.175,0.955,0.219,0.0
0.253,0.188,0.828,0.588,0.127621179
0.61,0.467,0.69,0.557,0.000461629
0.071,0.376,0.281,0.724,0.88208267
0.11,0.555,0.508,0.832,0.05527792
0.761,0.459,0.819,0.886,5.6379e-05
0.429,0.701,0.926,0.998,0.000228405
0.325,0.554,0.935,0.998,0.012833579
0.251,0.681,0.262,0.839,7.5653e-05
0.137,0.245,0.59,0.8,0.478737353
0.061,0.002,0.124,0.879,0.462566359
0.977,0.052,0.986,0.392,0.0
0.734,0.044,0.822,0.96,0.000200457
0.109,0.145,0.118,0.86,0.148027306
0.221,0.187,0.823,0.885,0.202859499
0.002,0.083,0.566,0.535,0.896208136
0.151,0.4,0.793,0.605,0.439532126
0.521,0.208,0.536,0.708,0.001035533
0.325,0.263,0.668,0.887,0.063140071
0.051,0.917,0.441,0.93,9.64e-07
0.562,0.491,0.864,0.624,0.001896149
0.507,0.157,0.76,0.947,0.007141759
0.006,0.699,0.481,0.833,0.001118896
0.554,0.151,0.786,0.473,0.001125643
0.752,0.546,0.918,0.969,5.7342e-05
0.089,0.001,0.11,0.891,0.298496718
0.425,0.045,0.569,0.388,0.0
0.321,0.744,0.981,0.958,0.000174918
0.135,0.767,0.471,0.85,0.000206721
0.35,0.031,0.877,0.213,0.0
0.287,0.518,0.692,0.81,0.030362957
0.6,0.074,0.839,0.24,0.0
0.38,0.542,0.865,0.746,0.009769383
0.085,0.362,0.623,0.488,0.690813532
0.655,0.311,0.704,0.478,0.000111311
0.414,0.012,0.455,0.271,0.0
0.553,0.686,0.64,0.805,4.6259e-05
0.867,0.068,0.9,0.727,7.71e-06
0.255,0.865,0.976,0.937,1.4938e-05
0.62,0.346,0.642,0.499,0.000138296
0.254,0.431,0.617,0.978,0.114802538
0.483,0.659,0.483,0.757,0.0
0.487,0.208,0.988,0.671,0.009110188
0.192,0.13,0.676,0.45,0.120427378
0.119,0.458,0.536,0.75,0.309108887
0.286,0.332,0.779,0.658,0.097070293
0.438,0.415,0.688,0.503,0.00805538
0.279,0.608,0.669,0.977,0.006187661
0.061,0.739,0.659,0.937,0.000544992
0.618,0.474,0.872,0.917,0.000996502
0.151,0.369,0.252,0.432,0.063802639
0.113,0.667,0.956,0.699,0.001399343
0.106,0.234,0.364,0.609,0.728952386
0.371,0.305,0.671,0.938,0.040004163
0.704,0.025,0.851,0.927,0.000410069
0.345,0.646,0.58,0.975,0.001539085
0.007,0.216,0.872,0.809,0.987376034
0.338,0.957,0.68,0.986,0.0
0.605,0.183,0.744,0.867,0.00151451
0.545,0.046,0.996,0.341,0.0
0.398,0.555,0.557,0.766,0.005780483
0.403,0.138,0.626,0.943,0.024659091
0.053,0.082,0.545,0.384,0.0
0.335,0.018,0.886,0.869,0.057609195
0.312,0.606,0.692,0.728,0.004801328
0.009,0.534,0.94,0.674,0.088561476
0.066,0.156,0.736,0.605,0.973441869
0.615,0.33,0.661,0.352,0.0
0.184,0.076,0.325,0.461,0.175539053
0.847,0.38,0.947,0.626,1.5902e-05
0.745,0.071,0.919,0.262,0.0
0.003,0.823,0.858,0.941,6.3607e-05
0.031,0.566,0.279,0.876,0.025511996
0.154,0.56,0.943,0.805,0.037198249
0.447,0.134,0.918,0.46,0.0040819
0.038,0.495,0.433,0.656,0.257442083
0.096,0.524,0.317,0.845,0.093514593
0.321,0.205,0.869,0.955,0.066524227
0.19,0.291,0.322,0.384,0.0
0.962,0.195,0.991,0.957,4.82e-07
0.3,0.531,0.85,0.852,0.022848232
0.397,0.64,0.548,0.759,0.000998911
0.129,0.603,0.657,0.887,0.014206901
0.835,0.467,0.903,0.633,1.0119e-05
0.414,0.489,0.799,0.847,0.012780573
0.429,0.801,0.439,0.869,9.64e-07
0.044,0.59,0.576,0.793,0.01929735
0.61,0.109,0.991,0.849,0.001550168
0.033,0.647,0.342,0.773,0.002809288
0.547,0.074,0.611,0.839,0.002798205
0.186,0.384,0.38,0.881,0.357808833
0.299,0.565,0.588,0.873,0.012330509
0.102,0.159,0.829,0.844,0.859442605
0.107,0.237,0.399,0.4,0.0
0.239,0.447,0.686,0.663,0.117083699
0.492,0.162,0.622,0.481,0.002695567
0.326,0.458,0.888,0.593,0.036831065
0.243,0.093,0.416,0.355,0.0
0.338,0.442,0.381,0.828,0.016045708
0.42,0.158,0.547,0.31,0.0
0.018,0.52,0.377,0.979,0.11731114
0.564,0.161,0.581,0.958,0.000824475
0.11,0.047,0.799,0.196,0.0
0.25,0.055,0.632,0.582,0.129287477
0.474,0.828,0.498,0.942,1.446e-06
0.534,0.018,0.885,0.387,0.0
0.326,0.225,0.942,0.488,0.030924333
0.456,0.576,0.697,0.675,0.002136119
0.236,0.332,0.874,0.768,0.167388745
0.27,0.699,0.348,0.786,0.000362364
0.069,0.01,0.865,0.287,0.0
0.066,0.18,0.379,0.452,0.386208179
0.709,0.138,0.898,0.338,0.0
0.166,0.543,0.841,0.702,0.05039901
0.223,0.253,0.296,0.388,0.0
0.02,0.452,0.091,0.53,0.0
0.41,0.023,0.984,0.148,0.0
0.414,0.161,0.968,0.824,0.022220841
0.573,0.35,0.704,0.977,0.002416566
0.106,0.653,0.703,0.811,0.003843858
0.588,0.453,0.664,0.493,0.000269364
0.131,0.634,0.542,0.702,0.005083703
0.089,0.312,0.83,0.483,0.673315957
0.121,0.143,0.929,0.439,0.110912421
0.601,0.636,0.934,0.678,8.4809e-05
0.092,0.129,0.771,0.876,0.97607142
0.858,0.409,0.973,0.465,4.819e-06
0.108,0.198,0.356,0.611,0.683935355
0.072,0.506,0.64,0.791,0.209556976
0.49,0.559,0.56,0.944,0.001328991
0.201,0.136,0.29,0.835,0.198053351
0.335,0.053,0.855,0.3,0.0
0.025,0.748,0.457,0.792,0.000267436
0.655,0.272,0.978,0.76,0.00083845
0.37,0.104,0.492,0.146,0.0
0.442,0.173,0.726,0.285,0.0
0.119,0.552,0.788,0.716,0.056036379
0.361,0.281,0.989,0.56,0.036580976
0.772,0.094,0.786,0.285,0.0
0.901,0.44,0.977,0.454,1.446e-06
0.256,0.115,0.468,0.668,0.122132707
0.366,0.279,0.502,0.996,0.035198498
0.34,0.66,0.425,0.812,0.000551738
0.896,0.198,0.955,0.94,4.819e-06
0.292,0.152,1.0,0.184,0.0
0.79,0.565,0.826,0.881,1.8311e-05
0.337,0.042,0.39,0.198,0.0
0.256,0.166,0.917,0.696,0.134365397
0.087,0.265,0.726,0.821,0.987133654
0.185,0.028,0.229,0.905,0.214166521
0.772,0.853,0.912,0.962,0.0
0.558,0.03,0.839,0.158,0.0
0.711,0.358,0.753,0.737,0.000252499
0.039,0.178,0.455,0.517,0.833227563
0.206,0.116,0.764,0.736,0.259767094
0.114,0.139,0.994,0.764,0.621711314
0.502,0.032,0.691,0.747,0.007205366
0.292,0.495,0.382,0.856,0.023602355
0.045,0.232,0.272,0.294,0.0
0.155,0.579,0.828,0.673,0.0215549
0.66,0.915,0.734,0.968,0.0
0.39,0.324,0.784,0.918,0.031127199
0.577,0.572,0.688,0.766,0.000487168
0.277,0.288,0.835,0.414,0.0
0.232,0.026,0.45,0.041,0.0
0.376,0.637,0.727,0.734,0.001426328
0.449,0.356,0.645,0.938,0.013625287
0.628,0.057,0.629,0.238,0.0
0.396,0.085,0.609,0.761,0.026868454
0.501,0.654,0.55,0.808,0.000139742
0.18,0.133,0.736,0.925,0.408337465
0.369,0.11,0.861,0.259,0.0
0.117,0.622,0.838,0.82,0.00889142
0.219,0.69,0.368,0.934,0.000840859
0.535,0.074,0.868,0.859,0.005090931
0.061,0.06,0.708,0.271,0.0
0.208,0.91,0.369,0.917,9.64e-07
0.222,0.384,0.25,0.755,0.056407417
0.77,0.284,0.982,0.833,9.6855e-05
0.701,0.072,0.782,0.812,0.000365737
0.188,0.076,0.546,0.987,0.381383721
0.214,0.491,0.868,0.836,0.095189564
0.117,0.077,0.155,0.1,0.0
0.442,0.401,0.611,0.487,0.005968894
0.375,0.462,0.77,0.936,0.02593363
0.463,0.29,0.66,0.964,0.011634692
0.573,0.034,0.954,0.9,0.00284591
0.036,0.017,0.861,0.381,0.0
0.794,0.483,0.973,0.91,4.5296e-05
0.207,0.366,0.855,0.94,0.25488433
0.058,0.484,0.092,0.949,0.0
0.517,0.691,0.668,0.926,8.1917e-05
0.829,0.761,0.917,0.856,9.64e-07
0.855,0.881,0.88,0.966,0.0
0.38,0.259,0.497,0.351,0.0
0.623,0.761,0.647,0.8,9.64e-07
0.051,0.265,0.276,0.352,0.0
0.834,0.488,0.885,0.54,2.891e-06
0.228,0.512,0.338,0.847,0.036341488
0.438,0.429,0.748,0.642,0.013702868
0.892,0.151,0.908,0.433,0.0
0.655,0.04,0.949,0.848,0.000839895
0.222,0.365,0.779,0.534,0.158107494
0.036,0.24,0.46,0.348,0.0
0.028,0.247,0.185,0.426,0.157660321
0.014,0.389,0.318,0.448,0.3316786
0.111,0.217,0.496,0.595,0.642652315
0.391,0.17,0.878,0.825,0.030700264
0.534,0.544,0.544,0.721,0.000190338
0.246,0.042,0.588,0.462,0.05806986
0.19,0.45,0.353,0.954,0.208810563
0.816,0.467,0.902,0.555,6.746e-06
0.436,0.436,0.622,0.656,0.013248467
0.217,0.345,0.48,0.436,0.032784823
0.452,0.018,0.707,0.598,0.012045725
0.322,0.135,0.591,0.217,0.0
0.26,0.184,0.427,0.993,0.111409227
0.34,0.496,0.998,0.726,0.025572712
0.209,0.038,0.563,0.721,0.241077861
0.651,0.07,0.654,0.749,3.9995e-05
0.643,0.107,0.821,0.801,0.000944942
0.018,0.249,0.621,0.92,0.986156909
0.32,0.043,0.777,0.158,0.0
0.024,0.144,0.56,0.765,0.983665653
0.313,0.747,0.607,0.87,0.000163835
0.757,0.254,0.931,0.544,6.7943e-05
0.811,0.109,0.879,0.457,9.637e-06
0.258,0.36,0.515,0.744,0.125920668
0.138,0.34,0.249,0.964,0.333402722
0.699,0.397,0.715,0.822,0.00010071
0.034,0.134,0.26,0.711,0.856860758
0.446,0.159,0.564,0.459,0.003316213
0.224,0.445,0.972,0.925,0.14863976
0.526,0.064,0.529,0.572,0.00016769
0.806,0.238,0.89,0.857,4.2404e-05
0.05,0.496,0.074,0.55,0.0
0.077,0.406,0.669,0.726,0.986094748
0.378,0.053,0.481,0.586,0.024060611
0.583,0.54,0.73,0.816,0.000831703
0.156,0.364,0.4,0.548,0.374350864
0.364,0.013,0.896,0.271,0.0
0.731,0.416,0.876,0.738,0.000233224
0.08,0.21,0.834,0.359,0.0
0.285,0.311,0.656,0.346,0.0
0.194,0.23,0.57,0.553,0.309089612
0.075,0.082,0.326,0.939,0.92431017
0.566,0.567,0.738,0.97,0.00075075
0.283,0.358,0.397,0.76,0.074419145
0.685,0.199,0.698,0.938,9.3482e-05
0.544,0.146,0.996,0.729,0.004481368
0.031,0.26,0.71,0.97,0.987088359
0.407,0.217,0.907,0.464,0.007410159
0.121,0.166,0.432,0.302,0.0
0.507,0.482,0.588,0.72,0.003134067
0.219,0.099,0.642,0.651,0.204361962
0.253,0.666,0.58,0.679,0.000515598
0.398,0.047,0.992,0.978,0.027722323
0.293,0.08,0.485,0.729,0.081301177
0.294,0.33,0.437,0.793,0.073209175
0.806,0.335,0.814,0.847,6.746e-06
0.267,0.345,0.919,0.858,0.122118733
0.315,0.819,0.551,0.934,3.2285e-05
0.301,0.032,0.314,0.972,0.011342199
0.133,0.13,0.753,0.301,0.0
0.144,0.577,0.741,0.947,0.025544763
0.598,0.134,0.629,0.804,0.000721356
0.721,0.274,0.832,0.506,0.000118058
0.742,0.066,0.819,0.99,0.000139742
0.091,0.038,0.988,0.243,0.0
0.176,0.161,0.203,0.91,0.135538745
0.328,0.088,0.776,0.482,0.028009998
0.071,0.534,0.423,0.825,0.08386664
0.195,0.048,0.644,0.309,0.0
0.092,0.447,0.27,0.758,0.560363791
0.119,0.154,0.812,0.499,0.381010756
0.04,0.01,0.551,0.776,0.983215107
0.695,0.321,0.817,0.554,0.000284784
0.541,0.11,0.913,0.874,0.004697245
0.18,0.268,0.26,0.679,0.277710878
0.046,0.133,0.057,0.604,0.0
0.231,0.204,0.758,0.632,0.1727129
0.171,0.276,0.667,0.956,0.419063355
0.466,0.033,0.599,0.553,0.007400522
0.382,0.472,0.452,0.612,0.011501697
0.147,0.215,0.837,0.57,0.430243165
0.094,0.417,0.297,0.549,0.830678966
0.005,0.05,0.764,0.47,0.598762853
0.128,0.804,0.413,0.81,9.155e-06
0.834,0.215,0.947,0.919,2.8912e-05
0.075,0.5,0.82,0.976,0.244954485
0.975,0.203,0.991,0.986,0.0
0.355,0.037,0.983,0.838,0.047833548
0.311,0.538,0.635,0.814,0.018498896
0.212,0.142,0.526,0.385,0.0
0.292,0.641,0.427,0.899,0.001752552
0.182,0.85,0.892,0.952,3.0358e-05
0.04,0.171,0.997,0.878,0.987469998
0.288,0.182,0.863,0.891,0.096629385
0.234,0.325,0.677,0.435,0.027024579
0.506,0.238,0.573,0.667,0.004396078
0.382,0.067,0.45,0.755,0.020669709
0.342,0.585,0.484,0.981,0.004713629
0.238,0.174,0.959,0.472,0.075225791
0.012,0.586,0.333,0.837,0.015494452
0.867,0.338,0.957,0.483,3.855e-06
0.054,0.038,0.177,0.767,0.57480488
0.118,0.246,0.483,0.932,0.55622744
0.436,0.267,0.717,0.524,0.010131747
0.204,0.121,0.714,0.881,0.271501051
0.451,0.105,0.769,0.354,0.0
0.177,0.036,0.948,0.331,0.0
0.185,0.133,0.789,0.648,0.392828558
0.507,0.681,0.721,0.714,7.7099e-05
0.002,0.817,0.034,0.907,0.0
0.143,0.536,0.525,0.682,0.06175422
0.106,0.207,0.698,0.256,0.0
0.212,0.271,0.35,0.669,0.180978374
0.69,0.151,0.917,0.415,0.0
0.153,0.638,0.813,0.838,0.005597855
0.383,0.842,0.534,0.865,2.409e-06
0.241,0.209,0.952,0.325,0.0
0.629,0.158,0.702,0.476,0.000199493
0.257,0.041,0.638,0.947,0.133018096
0.184,0.168,0.648,0.702,0.397526285
0.623,0.115,0.791,0.929,0.001209969
0.409,0.177,0.937,0.748,0.02375848
0.077,0.346,0.567,0.633,0.977826864
0.327,0.602,0.648,0.868,0.004893365
0.465,0.842,0.988,0.888,2.409e-06
0.784,0.287,0.923,0.955,7.4689e-05
0.506,0.423,0.908,0.682,0.006423295
0.391,0.543,0.547,0.942,0.007435217
0.223,0.218,0.346,0.411,0.0
0.898,0.319,0.917,0.492,9.64e-07
0.118,0.17,0.768,0.255,0.0
0.027,0.34,0.293,0.835,0.896308364
0.671,0.4,0.877,0.6,0.000530536
0.341,0.049,0.528,0.764,0.048880646
0.213,0.587,0.419,0.699,0.011173063
0.169,0.237,0.376,0.812,0.383974241
0.295,0.712,0.638,0.811,0.000414888
0.238,0.33,0.946,0.876,0.163808951
0.107,0.14,0.667,0.445,0.184483961
0.796,0.729,0.819,0.803,0.0
0.882,0.008,0.911,0.825,5.782e-06
0.895,0.157,0.933,0.992,3.855e-06
0.062,0.263,0.702,0.982,0.987040172
0.008,0.016,0.895,0.217,0.0
0.103,0.049,0.309,0.643,0.758996829
0.592,0.523,0.803,0.609,0.000716537
0.156,0.237,0.281,0.254,0.0
0.24,0.047,0.745,0.108,0.0
0.362,0.518,0.759,0.706,0.015310378
0.355,0.051,0.847,0.293,0.0
0.832,0.518,0.91,0.864,1.4456e-05
0.212,0.431,0.851,0.609,0.186044248
0.259,0.2,0.433,0.716,0.113401267
0.246,0.068,0.775,0.951,0.149672402
0.091,0.059,0.57,0.935,0.977343551
0.29,0.815,0.432,0.903,2.7948e-05
0.319,0.35,0.865,0.476,0.028822427
0.13,0.658,0.709,0.974,0.003399576
0.191,0.46,0.454,0.615,0.181349412
0.229,0.153,0.853,0.769,0.182569983
0.511,0.055,0.933,0.71,0.006799633
0.374,0.361,0.661,0.558,0.030714239
0.309,0.019,0.924,0.089,0.0
0.017,0.183,0.481,0.25,0.0
0.215,0.746,0.738,0.968,0.000365737
0.295,0.125,0.826,0.871,0.089065991
0.244,0.978,0.881,0.999,4.82e-07
0.59,0.03,0.74,0.735,0.001968429
0.203,0.353,0.716,0.891,0.277960486
0.728,0.723,0.773,0.993,1.446e-06
0.037,0.528,0.856,0.921,0.1053854
0.833,0.762,0.85,0.907,0.0
0.933,0.384,0.964,0.47,4.82e-07
0.321,0.434,0.677,0.454,0.009837808
0.277,0.136,0.33,0.482,0.027446695
0.165,0.018,0.491,0.541,0.368428712
0.832,0.186,0.96,0.512,1.4456e-05
0.131,0.327,0.145,0.88,0.033978409
0.44,0.257,0.645,0.794,0.01526701
0.22,0.357,0.974,0.791,0.205652885
0.265,0.072,0.565,0.073,0.0
0.499,0.247,0.924,0.644,0.007627482
0.639,0.442,0.777,0.91,0.00085146
0.347,0.016,0.848,0.396,0.0
0.409,0.126,0.496,0.295,0.0
0.423,0.245,0.897,0.37,0.0
0.837,0.251,0.986,0.524,1.3974e-05
0.283,0.219,0.524,0.896,0.096784546
0.361,0.503,0.929,0.822,0.01928964
0.425,0.635,0.645,0.814,0.001073601
0.449,0.014,0.739,0.605,0.012833097
0.503,0.355,0.88,0.874,0.007641456
0.17,0.03,0.192,0.861,0.059719775
0.55,0.696,0.998,0.843,5.686e-05
0.273,0.284,0.355,0.707,0.067046571
0.169,0.154,0.806,0.295,0.0
0.155,0.404,0.849,0.82,0.44539019
0.493,0.468,0.848,0.996,0.006089842
0.325,0.25,0.469,0.573,0.045294105
0.062,0.297,0.939,0.332,0.0
0.125,0.201,0.435,0.624,0.495221078
0.459,0.844,0.832,0.986,3.373e-06
0.343,0.189,0.591,0.977,0.051356963
0.667,0.167,0.979,0.655,0.000654376
0.409,0.315,0.537,0.758,0.018818856
0.39,0.008,0.821,0.682,0.030696409
0.013,0.003,0.865,0.498,0.733679989
0.343,0.383,0.575,0.579,0.044189183
0.482,0.153,0.807,0.182,0.0
0.845,0.47,0.967,0.641,1.1083e-05
0.457,0.407,0.48,0.628,0.002936983
0.204,0.423,0.296,0.466,0.056371759
0.402,0.192,0.644,0.744,0.025142404
0.243,0.411,0.545,0.593,0.139929522
0.502,0.723,0.81,0.918,5.7342e-05
0.287,0.132,0.456,0.863,0.084349953
0.029,0.135,0.307,0.913,0.909931724
0.677,0.257,0.744,0.91,0.000440909
0.668,0.656,0.723,0.845,2.0238e-05
0.082,0.033,0.804,0.288,0.0
0.505,0.483,0.921,0.775,0.004777717
0.312,0.464,0.846,0.58,0.037931169
0.087,0.386,0.619,0.433,0.231931532
0.427,0.015,0.727,0.416,0.0
0.304,0.189,0.31,0.691,0.005190677
0.017,0.241,0.336,0.37,0.0
0.177,0.348,0.952,0.384,0.0
0.282,0.673,0.451,0.756,0.000822548
0.093,0.527,0.488,0.664,0.101269287
0.235,0.092,0.458,0.778,0.156308682
0.224,0.48,0.556,0.844,0.092988393
0.276,0.326,0.724,0.765,0.111106614
0.042,0.006,0.988,0.764,0.98719196
0.202,0.794,0.314,0.934,6.3125e-05
0.394,0.725,0.807,0.875,0.000169136
0.499,0.287,0.984,0.704,0.007943587
0.925,0.349,0.944,0.788,9.64e-07
0.05,0.738,0.245,0.964,0.000163353
0.121,0.165,0.622,0.621,0.532924324
0.624,0.503,0.747,0.9,0.000641366
0.615,0.189,0.693,0.427,8.3363e-05
0.08,0.039,0.162,0.672,0.554432965
0.331,0.174,0.904,0.357,0.0
0.029,0.513,0.102,0.649,0.00029153
0.611,0.58,0.929,0.966,0.000345499
0.402,0.006,0.633,0.762,0.025032056
0.238,0.422,0.886,0.484,0.060006004
0.173,0.401,0.908,0.763,0.417201901
0.085,0.413,0.637,0.85,0.986388205
0.643,0.119,0.788,0.598,0.000764724
0.7,0.019,0.721,0.372,0.0
0.39,0.455,0.874,0.518,0.010841056
0.439,0.332,0.523,0.37,0.0
0.002,0.584,0.429,0.927,0.020607548
0.017,0.161,0.781,0.488,0.691202881
0.695,0.199,0.853,0.836,0.000468375
0.324,0.725,0.934,0.85,0.000258281
0.62,0.464,0.937,0.987,0.001022523
0.438,0.117,0.486,0.934,0.007176454
0.482,0.225,0.686,0.686,0.00923451
0.867,0.39,0.937,0.591,1.0601e-05
0.023,0.49,0.355,0.565,0.233073077
0.729,0.433,0.831,0.923,0.000207203
0.266,0.012,0.966,0.518,0.08706865
0.019,0.22,0.046,0.759,0.0
0.224,0.496,0.913,0.755,0.078300106
0.302,0.299,0.584,0.689,0.079029654
0.035,0.18,0.809,0.624,0.978862879
0.133,0.567,0.151,0.918,0.002227674
0.158,0.681,0.981,0.996,0.001938071
0.13,0.024,0.54,0.642,0.491196039
0.479,0.33,0.898,0.726,0.010231012
0.154,0.813,0.968,0.964,7.9026e-05
0.639,0.249,0.817,0.822,0.000996502
0.08,0.788,0.431,0.841,9.1073e-05
0.216,0.414,0.817,0.956,0.217629221
0.576,0.103,0.64,0.767,0.001676417
0.552,0.174,0.859,0.489,0.001463432
0.232,0.171,0.635,0.913,0.174619168
0.18,0.103,0.808,0.827,0.408453114
0.205,0.388,0.322,0.418,0.0
0.363,0.126,0.721,0.174,0.0
0.281,0.07,0.935,0.964,0.105076523
0.022,0.342,0.291,0.443,0.275925559
0.528,0.415,0.977,0.743,0.005524612
0.282,0.634,0.501,0.952,0.003004444
0.172,0.093,0.283,0.103,0.0
0.485,0.817,0.871,0.916,5.782e-06
0.075,0.436,0.67,0.689,0.753180687
0.335,0.753,0.832,0.759,2.1202e-05
0.227,0.808,0.602,0.847,4.385e-05
0.063,0.207,0.825,0.513,0.822968603
0.533,0.36,0.971,0.418,0.0
0.2,0.199,0.771,0.566,0.274066514
0.099,0.069,0.38,0.691,0.889269725
0.483,0.22,0.791,0.901,0.009752518
0.194,0.526,0.575,0.535,0.008908768
0.216,0.092,0.242,0.136,0.0
0.412,0.269,0.7,0.847,0.022361546
0.468,0.132,0.847,0.68,0.011450137
0.179,0.2,0.527,0.526,0.342860819
0.603,0.096,0.822,0.163,0.0
0.175,0.16,0.624,0.684,0.412117235
0.323,0.642,0.903,0.961,0.00214672
0.048,0.202,0.305,0.894,0.90816327
0.312,0.094,0.681,0.217,0.0
0.292,0.629,0.776,0.818,0.003579312
0.19,0.611,0.376,0.777,0.006608332
0.381,0.35,0.482,0.942,0.025691733
0.17,0.124,0.191,0.13,0.0
0.235,0.77,0.905,0.928,0.0001807
0.493,0.079,0.7,0.857,0.008213433
0.577,0.419,0.702,0.581,0.001564624
0.283,0.605,0.539,0.784,0.005923116
0.425,0.35,0.903,0.577,0.015760924
0.529,0.681,0.888,0.921,0.000114684
0.056,0.764,0.626,0.869,0.000267436
0.082,0.955,0.741,0.984,0.0
0.001,0.306,0.403,0.609,0.95146389
0.382,0.474,0.415,0.603,0.006795778
0.429,0.225,0.67,0.377,0.0
0.136,0.347,0.872,0.722,0.482730107
0.236,0.315,0.494,0.901,0.159026415
0.22,0.207,0.842,0.55,0.173392815
0.585,0.27,0.632,0.774,0.001220089
0.305,0.243,0.752,0.344,0.0
0.493,0.33,0.689,0.357,0.0
0.702,0.445,0.901,0.929,0.00037682
0.449,0.146,0.701,0.63,0.013221482
0.284,0.109,0.54,0.278,0.0
0.145,0.315,0.821,0.812,0.463660199
0.328,0.499,0.466,0.648,0.019969556
0.249,0.138,0.39,0.141,0.0
0.182,0.47,0.293,0.671,0.120262579
0.789,0.563,0.828,0.836,1.8793e-05
0.216,0.516,0.851,0.914,0.060497509
0.047,0.599,0.46,0.716,0.013825744
0.268,0.45,0.374,0.74,0.056463314
0.759,0.345,0.792,0.772,5.4933e-05
0.367,0.351,0.377,0.703,0.004734349
0.054,0.343,0.816,0.617,0.977249587
0.197,0.211,0.282,0.568,0.20800729
0.178,0.466,0.896,0.855,0.188193859
0.67,0.382,0.783,0.516,0.000289121
0.213,0.454,0.652,0.659,0.14798683
0.025,0.381,0.915,0.849,0.987445422
0.399,0.721,0.661,0.758,0.000102156
0.063,0.384,0.825,0.97,0.987444459
0.327,0.044,0.51,0.845,0.055510662
0.019,0.333,0.303,0.622,0.901231605
0.045,0.025,0.728,0.037,0.0
0.033,0.397,0.518,0.628,0.973923255
0.24,0.624,0.273,0.968,0.001151182
0.729,0.255,0.765,0.681,0.000150343
0.298,0.697,0.43,0.874,0.000385012
0.848,0.024,0.96,0.579,1.4456e-05
0.329,0.642,0.937,0.957,0.002055165
0.701,0.208,0.905,0.559,0.000292975
0.036,0.194,0.878,0.418,0.0
0.094,0.551,0.58,0.896,0.063437865
0.326,0.422,0.867,0.496,0.024903398
0.588,0.112,0.738,0.309,0.0
0.296,0.503,0.986,0.633,0.032280308
0.522,0.281,0.841,0.317,0.0
0.831,0.513,0.859,0.883,8.192e-06
0.076,0.49,0.664,0.597,0.27317024
0.34,0.107,0.898,0.478,0.023931471
0.15,0.461,0.406,0.986,0.217483215
0.195,0.617,0.733,0.972,0.008092484
0.626,0.089,0.87,0.445,0.000155161
0.181,0.534,0.697,0.672,0.05243201
0.46,0.113,0.727,0.273,0.0
0.465,0.723,0.601,0.773,5.0596e-05
0.286,0.24,0.373,0.617,0.056924461
0.861,0.752,0.935,0.911,9.64e-07
0.585,0.588,0.845,0.862,0.000438499
0.028,0.552,0.185,0.902,0.024742454
0.299,0.096,0.504,0.357,0.0
0.467,0.403,0.757,0.701,0.011588915
0.249,0.081,0.332,0.681,0.085172019
0.027,0.55,0.444,0.69,0.059853734
0.121,0.778,0.88,0.871,0.000181664
0.653,0.254,0.737,0.287,0.0
0.16,0.132,0.187,0.151,0.0
0.316,0.038,0.387,0.722,0.037422799
0.436,0.231,0.656,0.748,0.016138708
0.681,0.411,0.715,0.625,0.000195638
0.406,0.072,0.956,0.142,0.0
0.565,0.032,0.59,0.742,0.001082275
0.437,0.303,0.533,0.415,0.0
0.674,0.058,0.796,0.321,0.0
0.285,0.189,0.721,0.522,0.07040567
0.161,0.237,0.474,0.405,0.0
0.256,0.86,0.61,0.912,1.2529e-05
0.585,0.346,0.95,0.619,0.002116362
0.383,0.328,0.659,0.4,0.0
0.693,0.341,0.756,0.928,0.000370556
0.175,0.283,0.338,0.337,0.0
0.024,0.484,0.635,0.641,0.304412606
0.165,0.487,0.484,0.584,0.129104367
0.186,0.624,0.472,0.626,0.000336344
0.263,0.461,0.583,0.591,0.066992602
0.311,0.359,0.503,0.767,0.066463029
0.429,0.358,0.734,0.366,0.0
0.121,0.03,0.173,0.868,0.125746714
0.069,0.129,0.201,0.258,0.0
0.311,0.581,0.393,0.629,0.002750982
0.021,0.205,0.93,0.825,0.98741651
0.438,0.386,0.936,0.929,0.016644188
0.731,0.489,0.852,0.848,0.000155161
0.232,0.483,0.433,0.943,0.073206766
0.796,0.132,0.922,0.164,0.0
0.296,0.482,0.367,0.535,0.012449049
0.94,0.145,0.973,0.631,9.64e-07
0.529,0.573,0.726,0.584,0.000208167
0.116,0.037,0.529,0.734,0.58470244
0.623,0.244,0.992,0.564,0.000912657
0.0,0.701,0.238,0.767,0.000230333
0.31,0.79,0.676,0.893,6.2161e-05
0.576,0.282,0.948,0.932,0.002694603
0.7,0.064,0.794,0.274,0.0
0.676,0.174,0.753,0.609,0.000408624
0.499,0.712,0.739,0.984,7.2762e-05
0.442,0.222,0.864,0.682,0.015545048
0.618,0.082,0.676,0.82,0.000762314
0.198,0.966,0.571,0.987,0.0
0.392,0.663,0.549,0.986,0.000621127
0.581,0.108,0.744,0.527,0.001271167
0.094,0.67,0.532,0.917,0.002395364
0.269,0.129,0.554,0.913,0.116024554
0.432,0.17,0.801,0.966,0.017818017
0.082,0.632,0.711,0.891,0.006832882
0.425,0.144,0.702,0.727,0.018857887
0.131,0.325,0.441,0.9,0.48169602
0.213,0.784,0.322,0.968,7.5653e-05
0.309,0.404,0.955,0.953,0.075855592
0.119,0.213,0.917,0.703,0.555543188
0.045,0.33,0.536,0.746,0.981988272
0.255,0.385,0.552,0.716,0.132104475
0.342,0.186,0.887,0.447,0.012446157
0.424,0.346,0.928,0.863,0.019664052
0.289,0.548,0.365,0.781,0.008992612
0.197,0.963,0.484,0.999,0.0
0.329,0.457,0.544,0.915,0.03855326
0.327,0.01,0.997,0.952,0.062490995
0.489,0.273,0.577,0.323,0.0
0.565,0.858,0.835,0.942,4.82e-07
0.336,0.436,0.374,0.545,0.011312805
0.531,0.158,0.746,0.697,0.005129962
0.604,0.419,0.8,0.893,0.001515955
0.385,0.247,0.616,0.547,0.023893885
0.224,0.626,0.844,0.97,0.005959738
0.234,0.401,0.614,0.763,0.169957581
0.144,0.268,0.666,0.934,0.465032557
0.178,0.011,0.543,0.58,0.387845083
0.052,0.192,0.636,0.439,0.250083002
0.237,0.032,0.333,0.18,0.0
0.506,0.147,0.67,0.964,0.006690249
0.276,0.212,0.608,0.553,0.091210784
0.414,0.006,0.959,0.007,0.0
0.179,0.239,0.481,0.634,0.394831199
0.008,0.888,0.492,0.941,6.746e-06
0.096,0.233,0.543,0.346,0.0
0.082,0.272,0.242,0.626,0.828119767
0.0,0.6,0.257,0.651,0.005507746
0.035,0.015,0.329,0.808,0.92631474
0.196,0.516,0.551,0.654,0.068360624
0.408,0.473,0.801,0.532,0.007187537
0.25,0.703,0.869,0.958,0.00085146
0.298,0.444,0.301,0.746,0.002201171
