0.231,0.075,0.337,0.843,0.121340035
0.018,0.52,0.377,0.979,0.11731114
0.826,0.552,0.844,0.894,2.409e-06
0.83,0.134,0.863,0.403,0.0
0.0,0.052,0.611,0.832,0.985905856
0.314,0.239,0.467,0.719,0.059631111
0.0,0.003,0.77,0.834,0.987335075
0.0,0.315,0.649,0.573,0.954445686
0.566,0.567,0.738,0.97,0.00075075
0.003,0.01,0.26,0.519,0.760267995
0.216,0.732,0.417,0.918,0.000377302
0.092,0.129,0.771,0.876,0.97607142
0.167,0.65,0.38,0.781,0.002804951
0.155,0.188,0.183,0.777,0.043372899
0.0,0.298,0.688,0.606,0.973722798
0.25,0.055,0.632,0.582,0.129287477
0.151,0.237,0.827,0.432,0.086222973
0.0,0.022,0.667,0.888,0.986780445
0.014,0.066,0.725,0.913,0.987189069
0.061,0.739,0.659,0.937,0.000544992
0.249,0.432,0.664,0.524,0.083135647
0.199,0.313,0.36,0.523,0.213186884
0.326,0.458,0.888,0.593,0.036831065
0.0,0.203,0.547,0.791,0.98301706
0.408,0.253,0.571,0.752,0.021153504
0.177,0.242,0.377,0.594,0.364048054
0.419,0.561,0.632,0.693,0.004420653
0.344,0.456,0.384,0.619,0.011307986
0.0,0.144,0.583,0.692,0.983551451
0.239,0.176,0.303,0.688,0.080335033
0.135,0.288,0.789,0.633,0.479342097
0.192,0.264,0.484,0.878,0.351560456
0.385,0.284,0.544,0.681,0.028697623
0.13,0.532,0.636,0.699,0.073773924
0.274,0.324,0.419,0.578,0.084703162
0.082,0.0,0.647,0.936,0.986541439
0.637,0.325,0.687,0.585,0.000426935
0.122,0.516,0.569,0.727,0.109793043
0.0,0.0,0.671,0.947,0.999337432
0.197,0.211,0.282,0.568,0.20800729
0.077,0.6,0.686,0.801,0.015609618
0.23,0.214,0.431,0.672,0.160641154
0.163,0.309,0.553,0.528,0.360631613
0.085,0.465,0.375,0.469,0.041712866
0.565,0.032,0.59,0.742,0.001082275
0.168,0.416,0.556,0.42,0.082353576
0.689,0.005,0.894,0.841,0.000520417
0.054,0.573,0.614,0.944,0.031970949
0.053,0.01,0.497,0.885,0.979233435
0.0,0.264,0.781,1.0,0.987400609
0.334,0.272,0.524,0.634,0.050305046
0.815,0.368,0.917,0.661,3.4213e-05
0.43,0.004,0.894,0.173,0.0
0.117,0.074,0.118,0.762,0.011637584
0.381,0.248,0.933,0.767,0.035571464
0.011,0.313,0.856,0.678,0.985362309
0.369,0.264,0.505,0.573,0.029258999
0.334,0.443,0.433,0.593,0.029010355
0.137,0.25,0.966,0.821,0.48095298
0.227,0.565,0.478,0.961,0.020132427
0.253,0.666,0.58,0.679,0.000515598
0.375,0.212,0.56,0.969,0.035158985
0.062,0.297,0.939,0.332,0.0
0.377,0.327,0.79,0.509,0.022099892
0.543,0.468,0.782,0.698,0.003138885
0.075,0.188,0.513,0.464,0.536809622
0.344,0.0,0.345,0.842,0.000547402
0.27,0.699,0.348,0.786,0.000362364
0.184,0.433,0.753,0.647,0.319963436
0.052,0.088,0.806,0.895,0.987425666
0.369,0.11,0.861,0.259,0.0
0.136,0.079,0.476,0.893,0.472824356
0.249,0.138,0.39,0.141,0.0
0.08,0.221,0.359,0.874,0.941440562
0.181,0.314,0.456,0.757,0.392680624
0.499,0.386,0.773,0.595,0.006866613
0.447,0.289,0.94,0.354,0.0
0.245,0.069,0.376,0.823,0.11337621
0.08,0.614,0.65,0.891,0.010942731
0.0,0.017,0.766,0.898,0.987369769
0.0,0.26,0.593,0.648,0.981014418
0.24,0.147,0.32,0.69,0.092441474
0.295,0.125,0.826,0.871,0.089065991
0.47,0.626,0.687,0.945,0.000746895
0.047,0.394,0.5,0.482,0.663920985
0.698,0.046,0.907,0.057,0.0
0.43,0.064,0.466,0.772,0.006269097
0.15,0.409,0.83,0.904,0.454352445
0.035,0.065,0.699,0.913,0.987016078
0.186,0.227,0.282,0.752,0.289930076
0.521,0.377,0.904,0.439,0.000717019
0.292,0.334,0.478,0.93,0.081770516
0.79,0.565,0.826,0.881,1.8311e-05
0.124,0.104,0.432,0.779,0.506885165
0.623,0.115,0.791,0.929,0.001209969
0.402,0.132,0.461,0.781,0.013510121
0.17,0.263,0.208,0.573,0.16742874
0.072,0.506,0.64,0.791,0.209556976
0.171,0.395,0.295,0.697,0.32997038
0.423,0.535,0.558,0.654,0.004865417
0.051,0.0,0.647,0.894,0.986536138
0.151,0.106,0.756,0.731,0.451830832
0.192,0.016,0.39,0.869,0.330052297
0.304,0.0,0.665,0.874,0.079535615
0.733,0.126,0.956,0.851,0.000239006
0.0,0.427,0.518,0.58,0.725066124
0.961,0.127,0.983,0.658,9.64e-07
0.005,0.313,0.7,0.651,0.98282624
0.0,0.189,0.567,0.687,0.982638794
0.044,0.206,0.593,0.682,0.983529285
0.0,0.181,0.782,0.813,0.987319655
0.236,0.0,0.526,0.925,0.161892564
0.182,0.286,0.543,0.55,0.361037827
0.828,0.358,0.934,0.954,3.2767e-05
0.027,0.001,0.697,0.948,0.987005959
0.0,0.452,0.562,0.697,0.587920833
0.182,0.0,0.564,0.932,0.401094032
0.088,0.16,0.175,0.657,0.572172919
0.0,0.082,0.704,0.889,0.987043063
0.102,0.263,0.825,0.584,0.835787726
0.455,0.386,0.716,0.806,0.013294726
0.0,0.0,0.617,0.897,0.998591983
0.111,0.217,0.496,0.595,0.642652315
0.069,-0.0,0.641,0.898,0.986466268
0.607,0.552,0.682,0.984,0.000345981
0.177,0.534,0.517,0.706,0.05232889
0.001,0.102,0.784,0.798,0.987283515
0.158,0.469,0.556,0.508,0.090538579
0.255,0.41,0.938,0.935,0.136699082
0.308,0.442,0.406,0.454,0.006085505
0.603,0.096,0.822,0.163,0.0
0.196,0.178,0.287,0.771,0.234043076
0.622,0.62,0.627,0.752,1.2047e-05
0.528,0.137,0.656,0.31,0.0
0.037,0.338,0.514,0.549,0.915936758
0.0,0.047,0.683,0.832,0.986862363
0.0,0.285,0.683,0.85,0.986881156
0.038,0.087,0.222,0.829,0.787319077
0.017,0.138,0.89,0.699,0.986179556
0.143,0.59,0.718,0.597,0.00270665
0.0,0.164,0.523,0.885,0.981543509
0.412,0.402,0.639,0.852,0.021779932
0.547,0.144,0.918,0.454,0.000903502
0.24,0.047,0.745,0.108,0.0
0.234,0.06,0.487,0.843,0.162239027
0.52,0.326,0.645,0.827,0.005199351
0.02,0.078,0.727,0.547,0.916413807
0.061,0.22,0.915,0.595,0.969953148
0.615,0.189,0.693,0.427,8.3363e-05
0.0,0.064,0.602,0.859,0.985681305
0.343,0.967,0.503,0.979,0.0
0.132,0.275,0.42,0.61,0.463302171
0.506,0.0,0.513,0.885,0.000654376
0.087,0.386,0.619,0.433,0.231931532
0.0,0.114,0.307,0.937,0.909932206
0.125,0.304,0.854,0.701,0.518483717
0.0,0.252,0.818,0.585,0.964765844
0.079,0.0,0.482,0.839,0.977491002
0.0,0.0,0.575,0.888,0.997251427
0.337,0.382,0.37,0.454,0.004768561
0.0,0.322,0.583,0.607,0.972349475
0.098,0.193,0.464,0.695,0.9224704
0.178,0.489,0.822,0.904,0.140654251
0.0,0.227,0.325,0.812,0.923606162
0.401,0.038,0.994,0.125,0.0
0.151,0.204,0.815,0.93,0.452539659
0.731,0.647,0.79,0.705,6.746e-06
0.0,0.262,0.55,0.574,0.952713854
0.171,0.293,0.841,0.581,0.399313531
0.113,0.155,0.437,0.733,0.617849146
0.335,0.753,0.832,0.759,2.1202e-05
0.397,0.199,0.47,0.792,0.016666835
0.177,0.052,0.237,0.953,0.247001459
0.153,0.273,0.203,0.407,0.0
0.0,0.407,0.515,0.506,0.774080247
0.207,0.0,0.653,0.987,0.254033352
0.391,0.17,0.878,0.825,0.030700264
0.0,0.199,0.762,0.689,0.985717445
0.495,0.363,0.51,0.57,0.001190213
0.167,0.241,0.202,0.509,0.124965125
0.027,0.597,0.582,0.622,0.007681451
0.152,0.221,1.0,0.616,0.441010977
0.261,0.265,0.996,0.765,0.128948724
0.3,0.487,0.374,0.762,0.021085561
0.373,0.99,0.521,0.99,0.0
0.37,0.383,0.941,0.792,0.041099448
0.179,0.264,0.551,0.617,0.397763364
0.238,0.212,0.666,0.625,0.157398667
0.277,0.034,0.368,0.842,0.06826666
0.017,0.183,0.481,0.25,0.0
0.346,0.389,0.529,0.448,0.011445318
0.486,0.598,0.949,0.716,0.001113596
0.031,0.26,0.71,0.97,0.987088359
0.276,0.116,0.342,0.774,0.057504148
0.1,0.229,0.24,0.458,0.348002828
0.0,0.381,0.743,0.525,0.874881159
0.513,0.019,0.655,0.843,0.005863846
0.182,0.26,0.523,0.908,0.398472191
0.194,0.455,0.221,0.566,0.07710652
0.399,0.112,0.63,0.874,0.026157217
0.0,0.196,0.846,0.641,0.981927075
0.127,0.035,0.291,0.873,0.418162263
0.08,0.0,0.477,0.918,0.976905051
0.047,0.33,0.46,0.568,0.93935263
0.402,0.295,0.464,0.891,0.01395103
0.0,0.448,0.626,0.653,0.634451411
0.833,0.066,0.946,0.885,3.084e-05
0.556,0.051,0.651,0.486,0.001021077
0.3,0.693,0.41,0.823,0.000346945
0.186,0.298,0.279,0.404,0.0
0.202,0.378,0.365,0.551,0.214658026
0.13,0.207,0.272,0.721,0.384288901
0.242,0.494,0.504,0.779,0.061840474
0.103,0.281,0.198,0.719,0.52281667
0.047,0.284,0.814,0.628,0.979756744
0.0,0.288,0.837,0.664,0.984508922
0.263,0.589,0.414,0.823,0.007425097
0.114,0.466,0.722,0.602,0.303715825
0.0,0.024,0.616,0.919,0.986060053
0.0,0.303,0.554,0.769,0.983356294
0.31,0.358,0.693,0.744,0.074344455
0.138,0.037,0.723,0.875,0.47829789
0.278,0.07,0.885,0.928,0.109017718
0.0,0.354,0.519,0.482,0.664549822
0.109,0.262,0.897,0.394,0.0
0.465,0.842,0.988,0.888,2.409e-06
0.013,0.079,0.338,0.861,0.931455785
0.26,0.16,0.488,0.243,0.0
0.0,0.166,0.777,0.788,0.98724352
0.796,0.132,0.922,0.164,0.0
0.0,0.432,0.785,0.471,0.37412005
0.725,0.018,0.864,0.448,4.9632e-05
0.315,0.819,0.551,0.934,3.2285e-05
0.345,0.185,0.376,0.651,0.013893687
0.144,0.268,0.666,0.934,0.465032557
0.043,0.234,0.51,0.66,0.977482329
0.243,0.026,0.311,0.86,0.080770641
0.273,0.246,0.278,0.639,0.006062376
0.436,0.267,0.717,0.524,0.010131747
0.114,0.139,0.994,0.764,0.621711314
0.207,0.282,0.506,0.555,0.217265893
0.239,0.185,0.488,0.786,0.152675883
0.176,0.179,0.876,0.82,0.413776786
0.253,0.48,1.0,0.513,0.025722091
0.0,0.059,0.745,0.778,0.987122089
0.02,0.23,0.662,0.934,0.986728404
0.06,0.071,0.484,0.806,0.97769435
0.701,0.043,0.949,0.792,0.000444282
0.361,0.065,0.562,0.856,0.041634321
0.093,0.304,0.126,0.629,0.457588667
0.0,0.45,0.768,0.515,0.465557311
0.051,0.265,0.276,0.352,0.0
0.153,0.638,0.813,0.838,0.005597855
0.529,0.05,0.665,0.75,0.004744468
0.414,0.012,0.455,0.271,0.0
0.165,0.438,0.376,0.443,0.028066858
0.296,0.465,0.353,0.545,0.016218217
0.0,0.182,0.822,0.723,0.986678771
0.21,0.369,0.501,0.529,0.184117741
0.046,0.28,0.512,0.689,0.979153445
0.198,0.099,0.953,0.723,0.31415645
0.069,0.01,0.865,0.287,0.0
0.212,0.271,0.35,0.669,0.180978374
0.131,0.634,0.542,0.702,0.005083703
0.316,0.038,0.387,0.722,0.037422799
0.241,0.174,0.273,0.873,0.043248578
0.0,0.079,0.934,0.974,0.987478189
0.048,0.383,0.449,0.743,0.972462714
0.254,0.431,0.617,0.978,0.114802538
0.518,0.296,0.856,0.587,0.005281269
0.493,0.468,0.848,0.996,0.006089842
0.032,0.187,0.241,0.854,0.828991466
0.0,0.046,0.598,0.871,0.985568548
0.0,0.187,0.656,0.731,0.986017649
0.34,0.154,0.382,0.682,0.019692964
0.168,0.746,0.428,0.886,0.000366219
0.126,0.067,0.715,0.9,0.514975721
0.0,0.067,0.738,0.908,0.987270986
0.0,0.321,0.746,0.516,0.836554377
0.525,0.323,0.858,0.905,0.005753981
0.231,0.0,0.495,0.91,0.169433309
0.132,0.417,0.413,0.461,0.229022016
0.017,0.49,0.6,0.587,0.267733811
0.69,0.151,0.917,0.415,0.0
0.04,0.736,0.858,0.925,0.000582096
0.789,0.563,0.828,0.836,1.8793e-05
0.157,0.034,0.564,0.843,0.438516349
0.946,0.627,0.949,0.879,0.0
0.0,0.203,0.729,0.7,0.985958861
0.0,0.021,0.534,0.816,0.982246553
0.224,0.496,0.913,0.755,0.078300106
0.024,0.484,0.635,0.641,0.304412606
0.41,0.928,0.475,0.991,0.0
0.0,0.385,0.737,0.451,0.376164614
0.26,0.385,0.316,0.571,0.054923747
0.313,0.102,0.395,0.734,0.043488548
0.196,0.041,0.326,0.996,0.268818013
0.101,0.35,0.24,0.859,0.723539086
0.0,0.239,0.58,0.597,0.968544167
0.061,0.029,0.497,0.854,0.979215606
0.074,0.192,0.645,1.0,0.986518309
0.299,0.0,0.305,0.855,0.005662908
0.001,0.385,0.562,0.451,0.375607575
0.598,0.279,0.879,0.804,0.001885066
0.317,0.115,0.812,1.0,0.06937881
0.276,0.183,0.418,0.484,0.048839205
0.0,0.293,0.536,0.628,0.975105276
0.177,0.036,0.948,0.331,0.0
0.308,0.505,0.41,0.991,0.019587435
0.084,0.189,0.39,0.203,0.0
0.227,0.489,0.936,0.509,0.022319624
0.0,0.444,0.266,0.658,0.587595091
0.301,0.311,0.488,0.613,0.069898745
0.139,0.297,0.158,0.636,0.036015746
0.0,0.36,0.785,0.541,0.907585993
0.053,0.082,0.545,0.384,0.0
0.0,0.345,0.625,0.53,0.887368275
0.078,0.38,0.316,0.54,0.853696816
0.014,0.244,0.397,0.846,0.959327004
0.237,0.217,0.714,0.307,0.0
0.374,0.361,0.661,0.558,0.030714239
0.07,0.341,0.295,0.578,0.88117965
0.0,0.0,0.76,0.879,0.999868932
0.371,0.305,0.671,0.938,0.040004163
0.195,0.617,0.733,0.972,0.008092484
0.0,0.11,0.578,0.774,0.984642399
0.169,0.153,0.468,0.853,0.410528999
0.355,0.037,0.983,0.838,0.047833548
0.071,0.031,0.753,0.775,0.987136063
0.76,0.075,0.885,0.968,0.000114203
0.0,0.021,0.725,0.51,0.802780761
0.423,0.245,0.897,0.37,0.0
0.0,0.082,0.724,0.755,0.986825741
0.065,0.33,0.151,0.411,0.0
0.197,0.033,0.3,0.199,0.0
0.0,0.245,0.39,0.591,0.940624761
0.139,0.381,0.631,0.883,0.475061667
0.028,0.072,0.684,0.764,0.986630584
0.183,0.175,0.714,0.914,0.40173588
0.159,0.0,0.397,0.901,0.410031712
0.306,0.255,0.475,0.477,0.030951317
0.207,0.2,0.799,0.424,0.040194501
0.141,0.097,0.573,0.798,0.468784378
0.202,0.794,0.314,0.934,6.3125e-05
0.31,0.171,0.626,0.869,0.073802354
0.226,0.26,0.52,1.0,0.18375875
0.076,0.0,0.628,0.909,0.986282194
0.207,0.239,0.396,0.268,0.0
0.595,0.258,0.705,0.623,0.001421027
0.0,0.026,0.873,0.972,0.987465179
0.895,0.157,0.933,0.992,3.855e-06
0.0,0.072,0.529,1.0,0.982002246
0.376,0.223,0.422,0.826,0.018071479
0.0,0.11,0.606,0.727,0.985131976
0.441,0.017,0.599,0.172,0.0
0.066,0.67,0.116,0.783,0.0
0.8,0.122,0.807,0.401,0.0
0.0,0.308,0.653,0.569,0.949767716
0.093,0.045,0.111,0.553,0.305098785
0.0,0.155,0.259,0.878,0.855948583
0.121,0.709,0.478,0.967,0.000901092
0.378,0.053,0.481,0.586,0.024060611
0.642,0.691,0.717,0.807,1.1083e-05
0.507,0.681,0.721,0.714,7.7099e-05
0.092,0.748,0.122,0.759,0.0
0.157,0.309,0.408,0.597,0.405179787
0.254,0.0,0.659,0.888,0.137271059
0.0,0.086,0.603,0.801,0.985624445
0.204,0.146,0.351,0.748,0.221937599
0.0,0.123,0.605,0.76,0.985486149
0.676,0.174,0.753,0.609,0.000408624
0.049,0.318,0.645,0.585,0.964029068
0.497,0.225,0.532,0.76,0.0029312
0.411,0.22,0.503,0.616,0.014236295
0.318,0.14,0.999,0.553,0.054580657
0.247,0.203,0.448,0.7,0.13273283
0.147,0.018,0.416,0.878,0.43835396
0.552,0.174,0.859,0.489,0.001463432
0.0,0.398,0.447,0.533,0.883823658
0.387,0.219,0.591,0.787,0.03049017
0.508,0.275,0.542,0.927,0.002534623
0.695,0.168,0.77,0.804,0.000389349
0.468,0.132,0.847,0.68,0.011450137
0.304,0.743,0.895,0.995,0.000210576
0.0,0.515,0.556,0.609,0.14131971
0.888,0.52,0.947,0.898,2.409e-06
0.821,0.796,0.884,0.852,0.0
0.086,0.35,0.435,0.687,0.968768236
0.32,0.343,0.914,0.614,0.063057671
0.06,0.338,0.646,0.498,0.733321479
0.038,0.082,0.941,0.924,0.987476744
0.0,0.305,0.795,0.664,0.984476636
0.901,0.44,0.977,0.454,1.446e-06
0.976,0.437,0.99,0.932,0.0
0.159,0.238,0.328,0.854,0.376398319
0.0,0.222,0.453,0.698,0.972377906
0.0,0.281,0.631,0.741,0.985809964
0.52,0.044,0.576,0.078,0.0
0.196,0.516,0.551,0.654,0.068360624
0.135,0.146,0.396,0.47,0.257437264
0.0,0.414,0.395,0.675,0.956817438
0.198,0.06,0.269,0.345,0.0
0.429,0.224,0.537,0.895,0.013513012
0.172,0.458,0.428,0.878,0.207330748
0.0,0.031,0.841,1.0,0.98745506
0.102,0.264,0.393,0.632,0.824358791
0.117,0.622,0.838,0.82,0.00889142
0.101,0.168,0.521,0.767,0.877452887
0.098,0.205,0.47,0.713,0.923743976
0.144,0.0,0.558,0.899,0.462077745
0.517,0.236,0.657,0.24,0.0
0.646,0.453,0.766,0.793,0.000715091
0.005,0.443,0.102,0.572,0.044541428
0.277,0.215,0.301,0.767,0.027212025
0.041,0.572,0.235,0.632,0.01284948
0.085,0.219,0.477,0.618,0.967809319
0.0,0.057,0.653,0.879,0.986601672
0.368,0.623,0.951,0.741,0.002166477
0.2,0.411,0.534,0.426,0.04554564
0.674,0.277,0.761,0.844,0.00051608
0.476,0.235,0.75,0.451,0.002110098
0.104,0.413,0.369,0.424,0.130901251
0.248,0.209,0.461,0.627,0.129705738
0.177,0.348,0.952,0.384,0.0
0.269,0.111,0.296,0.797,0.031975286
0.609,0.291,0.976,0.318,0.0
0.178,0.466,0.896,0.855,0.188193859
0.135,0.393,0.614,0.527,0.404928252
0.256,0.166,0.917,0.696,0.134365397
0.074,0.149,0.706,0.687,0.985320868
0.544,0.146,0.996,0.729,0.004481368
0.218,0.306,0.365,0.714,0.167802188
0.121,0.143,0.929,0.439,0.110912421
0.133,0.321,0.636,0.655,0.486268461
0.367,0.46,0.395,0.512,0.004298741
0.133,0.082,0.597,0.796,0.488982821
0.085,0.097,0.115,0.74,0.382004849
0.274,0.474,0.99,0.52,0.028542461
0.18,0.268,0.26,0.679,0.277710878
0.525,0.05,0.909,0.554,0.004121895
0.343,0.618,0.818,0.735,0.002958185
0.387,0.055,0.486,0.835,0.023180239
0.016,0.084,0.721,0.95,0.987166903
0.588,0.453,0.664,0.493,0.000269364
0.0,0.219,0.633,0.878,0.986350138
0.71,0.817,0.81,0.933,0.0
0.375,0.28,0.98,0.657,0.037707583
0.301,0.884,0.516,0.894,4.82e-07
0.24,0.624,0.273,0.968,0.001151182
0.036,0.24,0.46,0.348,0.0
0.028,0.247,0.185,0.426,0.157660321
0.058,0.484,0.092,0.949,0.0
0.822,0.003,0.967,0.945,3.614e-05
0.024,0.231,0.384,0.545,0.888972413
0.0,0.044,0.645,1.0,0.986518309
0.933,0.384,0.964,0.47,4.82e-07
0.688,0.138,0.694,0.252,0.0
0.0,0.346,0.438,0.491,0.693107222
0.025,0.108,0.253,0.943,0.848033426
0.018,0.382,0.55,0.528,0.879682488
0.278,0.112,0.431,0.724,0.090648444
0.197,0.444,0.856,0.813,0.246934961
0.136,0.108,0.76,0.947,0.483399421
0.816,0.467,0.902,0.555,6.746e-06
0.0,0.498,0.742,0.509,0.064106697
0.0,0.0,0.691,0.924,0.99948922
0.256,0.083,0.374,0.805,0.096103185
0.027,0.34,0.293,0.835,0.896308364
0.127,0.204,0.612,0.687,0.508267161
0.047,0.599,0.46,0.716,0.013825744
0.206,0.158,0.415,0.757,0.238193883
0.311,0.359,0.503,0.767,0.066463029
0.008,0.14,0.562,0.778,0.983863701
0.329,0.238,0.456,0.663,0.046854393
0.422,0.757,0.67,0.991,6.7943e-05
0.261,0.717,0.409,0.809,0.000381639
0.0,0.266,0.645,0.571,0.952669522
0.113,0.019,0.842,0.818,0.63511446
0.0,0.282,0.705,0.555,0.929691186
0.0,0.25,0.248,0.675,0.840156337
0.425,0.144,0.702,0.727,0.018857887
0.352,0.479,0.606,0.901,0.026426581
0.0,0.405,0.345,0.431,0.224723276
0.289,0.548,0.365,0.781,0.008992612
0.339,0.093,0.799,0.743,0.05529623
0.148,0.148,0.405,0.739,0.432252553
0.196,0.204,0.355,0.683,0.283117433
0.0,0.233,0.548,0.659,0.980025626
0.0,0.115,0.723,0.773,0.986952954
0.107,0.569,0.227,0.679,0.015577815
0.562,0.491,0.864,0.624,0.001896149
0.773,0.061,0.888,0.697,8.1436e-05
0.112,0.338,0.593,0.498,0.431004516
0.0,0.133,0.711,0.777,0.986896575
0.0,0.378,0.756,0.503,0.761666857
0.296,0.191,0.604,0.302,0.0
0.599,0.049,0.761,0.112,0.0
0.342,0.518,0.579,0.945,0.017505285
0.0,0.018,0.582,0.879,0.985027411
0.177,0.416,0.39,0.482,0.244974724
0.296,0.043,0.509,0.193,0.0
0.806,0.335,0.814,0.847,6.746e-06
0.183,0.046,0.512,0.856,0.395294274
0.027,0.333,0.835,0.579,0.960349527
0.0,0.47,0.49,0.671,0.380149658
0.565,0.205,0.773,0.766,0.003161051
0.152,0.131,0.366,1.0,0.407841142
0.051,0.839,0.565,0.886,3.4213e-05
0.0,0.44,0.85,0.558,0.674908048
0.313,0.25,0.416,0.586,0.046336385
0.444,0.012,0.835,0.981,0.015441928
0.0,0.283,0.373,0.663,0.945622209
0.087,0.375,0.937,0.855,0.98745265
0.681,0.409,0.824,0.681,0.000529091
0.271,0.365,0.425,0.682,0.097356523
0.274,0.645,0.309,0.982,0.000718465
0.279,0.608,0.669,0.977,0.006187661
0.088,0.366,0.863,0.888,0.987456987
0.27,0.418,0.64,0.418,0.0
0.438,0.429,0.748,0.642,0.013702868
0.296,0.503,0.986,0.633,0.032280308
0.002,0.584,0.429,0.927,0.020607548
0.0,0.26,0.333,0.842,0.928699502
0.25,0.164,0.268,0.745,0.022662232
0.442,0.173,0.726,0.285,0.0
0.367,0.351,0.377,0.703,0.004734349
0.721,0.784,0.782,0.937,0.0
0.0,0.088,0.82,0.814,0.987363987
0.0,0.31,0.583,0.703,0.983930199
0.0,0.276,0.779,0.626,0.979341856
0.213,0.454,0.652,0.659,0.14798683
0.297,0.023,0.63,0.901,0.085770499
0.811,0.109,0.879,0.457,9.637e-06
0.015,0.352,0.452,0.408,0.0
0.626,0.273,0.682,0.282,0.0
0.684,0.011,0.975,0.12,0.0
0.144,0.25,1.0,0.748,0.465286983
0.14,0.328,0.197,0.485,0.107611146
0.085,0.3,0.479,0.61,0.965906906
0.0,0.223,0.775,0.822,0.987327365
0.334,0.837,0.504,0.84,4.82e-07
0.085,0.248,0.619,0.652,0.982145361
0.343,0.774,0.385,0.997,1.5902e-05
0.0,0.472,0.771,0.49,0.078133862
0.06,0.948,0.629,0.961,4.82e-07
0.169,0.154,0.806,0.295,0.0
0.731,0.489,0.852,0.848,0.000155161
0.203,0.092,0.524,0.878,0.272454185
0.003,0.0,0.786,0.926,0.987404464
0.05,0.496,0.074,0.55,0.0
0.328,0.088,0.776,0.482,0.028009998
0.606,0.195,0.996,0.498,0.000645703
0.256,0.118,0.392,0.164,0.0
0.222,0.0,0.414,0.85,0.177897313
0.553,0.686,0.64,0.805,4.6259e-05
0.098,0.067,0.277,0.747,0.825501781
0.552,0.08,0.593,0.776,0.001937108
0.075,0.454,0.139,0.494,0.174083331
0.259,0.2,0.433,0.716,0.113401267
0.109,0.291,0.993,0.524,0.602264585
0.597,0.141,0.811,0.875,0.001884102
0.255,0.062,0.775,0.923,0.136611864
0.017,0.532,0.114,0.993,0.004089128
0.0,0.563,0.638,0.58,0.019085329
0.567,0.879,0.612,0.993,4.82e-07
0.0,0.394,0.706,0.442,0.285986472
0.0,0.195,0.648,0.878,0.986541439
0.0,0.012,0.942,0.825,0.987417474
0.036,0.441,0.143,0.468,0.170681828
0.263,0.549,0.788,0.705,0.021888834
0.0,0.699,0.187,0.823,9.6855e-05
0.03,0.415,0.83,0.498,0.733670833
0.236,0.315,0.494,0.901,0.159026415
0.208,0.543,0.499,0.794,0.039168123
0.132,0.186,0.603,0.777,0.492111587
0.184,0.212,0.592,1.0,0.397482435
0.651,0.276,0.702,0.902,0.000454401
0.103,0.117,0.456,0.719,0.823547808
0.726,0.793,0.886,0.846,0.0
0.089,0.199,0.818,0.638,0.981173916
0.128,0.248,0.514,0.488,0.319196785
0.59,0.03,0.74,0.735,0.001968429
0.025,0.748,0.457,0.792,0.000267436
0.15,0.243,0.446,0.844,0.439255052
0.0,0.0,0.625,0.897,0.998752445
0.061,0.079,0.647,0.411,0.0
0.582,0.486,0.687,0.669,0.001209488
0.131,0.315,0.592,0.583,0.47277135
0.211,0.069,1.0,0.635,0.231139342
0.901,0.13,0.954,0.336,0.0
0.25,0.167,0.329,0.801,0.082576681
0.082,0.033,0.804,0.288,0.0
0.029,0.325,0.779,0.537,0.900948267
0.244,0.081,0.354,0.621,0.101762238
0.037,0.297,0.146,0.697,0.525549823
0.0,0.0,0.629,0.861,0.998800632
0.151,0.725,0.846,0.804,0.000614381
0.514,0.296,0.8,0.476,0.002119735
0.648,0.336,0.736,0.68,0.00069148
0.23,0.213,0.53,0.7,0.17380433
0.0,0.018,0.826,0.939,0.987444459
0.0,0.293,0.821,0.588,0.966185907
0.175,0.273,0.6,0.998,0.413262634
0.32,0.043,0.777,0.158,0.0
0.083,0.27,0.493,0.826,0.97875735
0.548,0.38,0.819,0.773,0.00420574
0.0,0.143,0.763,0.693,0.985877907
0.025,0.094,0.367,0.842,0.944943258
0.148,0.056,1.0,0.88,0.457864295
0.059,0.435,0.522,0.55,0.686239645
0.0,0.14,0.586,0.748,0.984716125
0.178,0.673,0.592,0.908,0.002137083
0.11,0.293,0.661,0.971,0.687834627
0.503,0.449,0.939,0.527,0.00312732
0.286,0.394,0.48,0.786,0.088765306
0.052,0.192,0.636,0.439,0.250083002
0.0,0.48,0.803,0.487,0.026004465
0.023,0.104,0.668,0.799,0.986679735
0.0,0.1,0.656,0.809,0.986563123
0.0,0.241,0.642,0.712,0.985531926
0.284,0.109,0.54,0.278,0.0
0.352,0.18,0.875,0.495,0.025865205
0.013,0.038,0.691,0.863,0.98695199
0.0,0.402,0.629,0.481,0.662763539
0.149,0.263,0.9,0.939,0.456088614
0.108,0.411,0.802,0.425,0.117451846
0.152,0.207,0.882,0.962,0.450774096
0.099,0.307,0.466,0.586,0.894286448
0.129,0.603,0.657,0.887,0.014206901
0.312,0.094,0.681,0.217,0.0
0.211,0.023,0.482,0.88,0.226286454
0.03,0.101,0.529,0.785,0.981849976
0.0,0.278,0.708,0.647,0.982468212
0.056,0.268,0.168,0.84,0.563869859
0.347,0.205,0.401,0.227,0.0
0.38,0.317,0.382,0.74,0.001024932
0.4,0.043,0.925,0.793,0.026912303
0.061,0.0,0.669,0.933,0.986801166
0.027,0.304,0.831,0.602,0.972664135
0.006,0.253,0.736,0.706,0.986168955
0.053,0.135,0.36,0.868,0.941883881
0.548,0.622,0.609,0.668,0.000122394
0.124,0.784,0.565,0.979,0.000163835
0.286,0.332,0.779,0.658,0.097070293
0.732,0.094,0.984,0.313,0.0
0.0,0.217,0.5,0.718,0.97877277
0.0,0.079,0.694,0.821,0.986920669
0.0,0.106,0.607,0.914,0.98583984
0.265,0.727,0.864,0.757,0.000254908
0.0,0.464,0.702,0.466,0.01870128
0.669,0.175,0.955,0.219,0.0
0.045,0.33,0.536,0.746,0.981988272
0.04,0.0,0.658,0.883,0.986672025
0.232,0.258,0.288,0.777,0.079018571
0.058,0.439,0.569,0.495,0.466322517
0.165,0.239,0.556,0.597,0.409645736
0.794,0.483,0.973,0.91,4.5296e-05
0.0,0.307,0.665,0.64,0.981183072
0.359,0.19,0.885,0.661,0.044984746
0.506,0.423,0.908,0.682,0.006423295
0.608,0.098,0.701,0.683,0.001129979
0.0,0.337,0.389,0.649,0.952512433
0.62,0.464,0.937,0.987,0.001022523
0.105,0.179,0.972,0.478,0.474371151
0.568,0.164,0.666,0.856,0.002396809
0.0,0.159,0.602,0.924,0.985701544
0.039,0.268,0.666,0.569,0.94990553
0.111,0.141,0.185,0.793,0.270435642
0.0,0.065,0.583,0.771,0.984831773
0.456,0.576,0.697,0.675,0.002136119
0.006,0.204,0.58,0.791,0.984810571
0.0,0.311,0.773,0.526,0.877405182
0.366,0.279,0.502,0.996,0.035198498
0.729,0.359,0.772,0.524,8.0472e-05
0.044,0.464,0.677,0.502,0.213051479
0.402,0.122,0.945,0.668,0.025598732
0.238,0.33,0.946,0.876,0.163808951
0.573,0.35,0.704,0.977,0.002416566
0.08,0.321,0.523,0.719,0.980780712
0.087,0.372,0.587,0.593,0.966956896
0.119,0.778,0.474,0.895,0.00017299
0.267,0.0,0.369,0.845,0.080534526
0.491,0.066,0.505,0.71,0.001428737
0.445,0.458,0.856,0.737,0.011159571
0.509,0.434,0.632,0.455,0.000701599
0.297,0.489,0.573,0.63,0.037302332
0.0,0.287,0.692,0.55,0.921537023
0.208,0.91,0.369,0.917,9.64e-07
0.0,0.359,0.728,0.536,0.899420265
0.233,0.02,0.465,0.857,0.161483458
0.484,0.19,0.959,0.976,0.009698548
0.0,0.0,0.598,0.931,0.998099996
0.048,0.041,0.524,0.958,0.981623499
0.489,0.496,0.679,0.791,0.00480181
0.082,0.278,0.093,0.798,0.014532644
0.183,0.097,0.412,0.783,0.379155566
0.138,0.003,0.43,0.913,0.460327602
0.299,0.096,0.504,0.357,0.0
0.22,0.473,0.505,0.514,0.046266996
0.198,0.299,0.528,0.537,0.261599636
0.0,0.164,0.003,0.325,0.0
0.045,0.476,0.508,0.864,0.34342364
0.118,0.588,0.751,0.609,0.008616756
0.23,0.064,0.357,1.0,0.133221926
0.31,0.79,0.676,0.893,6.2161e-05
0.0,0.485,0.305,0.501,0.060215135
0.075,0.291,0.631,0.607,0.973460662
0.0,0.215,0.797,0.667,0.984730581
0.318,0.282,0.457,0.989,0.055336226
0.035,0.386,0.66,0.516,0.83625851
0.271,0.134,0.591,0.779,0.115383188
0.102,0.259,0.436,0.717,0.841761438
0.0,0.221,0.614,0.674,0.983748053
0.0,0.227,0.723,0.709,0.986173774
0.668,0.656,0.723,0.845,2.0238e-05
0.143,0.409,0.163,0.713,0.036489421
0.389,0.627,0.443,0.874,0.000707382
0.0,0.214,0.675,0.92,0.986850798
0.256,0.059,0.359,0.892,0.089331018
0.062,0.263,0.702,0.982,0.987040172
0.25,0.032,0.472,0.916,0.132516953
0.111,0.42,0.64,0.718,0.555174559
0.0,0.053,0.738,0.829,0.98722039
0.199,0.155,0.528,0.682,0.30006857
0.002,0.083,0.566,0.535,0.896208136
0.025,0.435,0.365,0.663,0.715826314
0.427,0.321,0.54,0.918,0.014156305
0.281,0.07,0.935,0.964,0.105076523
0.0,0.0,0.563,0.899,0.996623072
0.102,0.534,0.928,0.742,0.090370407
0.213,0.077,0.992,0.857,0.228596527
0.206,0.485,0.502,0.802,0.113136722
0.249,0.357,0.478,0.479,0.068238711
0.835,0.467,0.903,0.633,1.0119e-05
0.158,0.238,0.584,0.941,0.437650433
0.0,0.18,0.813,0.657,0.98393309
0.13,0.024,0.54,0.642,0.491196039
0.057,0.097,0.342,0.659,0.931359893
0.099,0.177,0.313,0.817,0.854060626
0.163,0.406,0.599,0.566,0.398793596
0.057,0.887,0.299,0.899,9.64e-07
0.633,0.548,0.934,0.65,0.000328152
0.093,0.527,0.488,0.664,0.101269287
0.229,0.293,0.493,0.668,0.172296566
0.084,0.269,0.302,0.692,0.904508787
0.065,0.174,0.174,0.213,0.0
0.309,0.036,0.922,0.746,0.075666218
0.611,0.58,0.929,0.966,0.000345499
0.575,0.247,0.872,0.51,0.001252374
0.095,0.279,0.488,0.732,0.950928535
0.156,0.156,0.396,0.68,0.413650055
0.632,0.135,0.895,0.306,0.0
0.206,0.202,0.221,0.739,0.057426567
0.141,0.244,0.266,0.648,0.346971631
0.547,0.663,0.628,0.715,6.4088e-05
0.22,0.057,0.78,0.419,0.032479801
0.0,0.188,0.745,0.648,0.98280311
0.317,0.588,0.849,0.947,0.007403413
0.0,0.055,0.585,0.886,0.985117038
0.304,0.527,0.87,0.906,0.023481888
0.655,0.311,0.704,0.478,0.000111311
0.238,0.389,0.291,0.508,0.04959911
0.187,0.12,0.671,0.862,0.389671843
0.76,0.316,0.772,0.472,9.155e-06
0.067,0.411,0.383,0.735,0.952394376
0.249,0.255,0.317,0.638,0.074217724
0.095,0.065,0.472,0.863,0.949530637
0.335,0.381,0.678,0.825,0.056995296
0.0,0.178,0.914,0.735,0.986880192
0.0,0.105,0.694,0.772,0.986755388
0.442,0.222,0.864,0.682,0.015545048
0.011,0.248,0.9,0.368,0.0
0.167,0.386,0.618,0.994,0.4236623
0.229,0.262,0.328,0.81,0.121002246
0.289,0.005,0.357,0.874,0.04857996
0.032,0.009,0.241,0.416,0.0
0.0,0.147,0.634,0.744,0.9858914
0.106,0.234,0.364,0.609,0.728952386
0.063,0.384,0.825,0.97,0.987444459
0.086,0.243,0.657,0.319,0.0
0.221,0.401,0.4,0.491,0.103800056
0.289,0.319,0.447,0.66,0.07934865
0.091,0.038,0.988,0.243,0.0
0.201,0.214,0.311,0.687,0.217512609
0.051,0.097,0.386,1.0,0.954330038
0.262,0.107,0.291,0.792,0.034655915
0.066,0.414,0.661,0.557,0.93230098
0.436,0.776,0.46,0.798,2.409e-06
0.192,0.312,0.917,0.551,0.323115332
0.0,0.37,0.611,0.552,0.923525208
0.253,0.057,0.533,0.503,0.085514627
0.0,0.24,0.584,0.894,0.985087163
0.026,0.07,0.04,0.671,0.0
0.047,0.221,0.491,0.662,0.975781336
0.316,0.158,0.715,0.857,0.069829838
0.0,0.036,0.827,0.941,0.987444459
0.844,0.311,0.859,0.653,7.71e-06
0.008,0.016,0.895,0.217,0.0
0.128,0.804,0.413,0.81,9.155e-06
0.0,0.259,0.494,0.578,0.952811191
0.151,0.4,0.793,0.605,0.439532126
0.058,0.386,0.457,0.788,0.9740071
0.04,0.179,0.126,0.581,0.471504039
0.17,0.03,0.192,0.861,0.059719775
0.028,0.146,0.299,0.277,0.0
0.342,0.417,0.433,0.854,0.036324141
0.225,0.144,0.338,0.693,0.135706435
0.219,0.099,0.642,0.651,0.204361962
0.08,0.476,0.25,0.496,0.066331961
0.25,0.104,0.463,0.732,0.130930163
0.122,0.0,0.586,0.905,0.534559301
0.054,0.613,0.162,0.752,0.000919885
0.658,0.628,0.825,0.636,1.1083e-05
0.269,0.032,0.695,0.805,0.119361005
0.189,0.328,0.87,0.829,0.380189172
0.416,0.672,0.861,0.775,0.000457774
0.0,0.18,0.508,0.821,0.98025114
0.954,0.223,0.963,0.709,9.64e-07
0.164,0.265,0.728,0.666,0.426426774
0.0,0.41,0.838,0.427,0.232042362
0.0,0.558,0.69,0.583,0.028919282
0.0,0.425,0.847,0.554,0.696521253
0.65,0.547,0.794,0.586,0.00013155
0.044,0.59,0.576,0.793,0.01929735
0.379,0.221,0.911,0.549,0.027802795
0.0,0.213,0.712,0.68,0.985090054
0.0,0.179,0.511,0.757,0.980286316
0.348,0.356,0.671,0.48,0.02248635
0.066,0.505,0.595,0.746,0.213877882
0.19,0.369,0.348,0.514,0.263890917
0.036,0.413,0.995,0.962,0.987480117
0.0,0.0,0.745,0.895,0.999828937
0.016,0.189,0.536,0.688,0.980839982
0.825,0.757,0.947,0.804,9.64e-07
0.168,0.324,0.388,0.56,0.364154546
0.041,0.038,0.852,0.799,0.987347121
0.46,0.732,0.872,0.845,7.4689e-05
0.268,0.284,0.587,0.813,0.118705183
0.283,0.219,0.524,0.896,0.096784546
0.211,0.019,0.329,0.863,0.175115492
0.059,0.0,0.215,0.931,0.766536611
0.487,0.004,0.908,0.132,0.0
0.289,0.338,0.571,0.848,0.092532547
0.0,0.39,0.837,0.447,0.339026117
0.212,0.221,0.45,0.745,0.217584408
0.041,0.726,0.604,0.857,0.000677024
0.479,0.33,0.898,0.726,0.010231012
0.0,0.221,0.829,0.749,0.987012705
0.321,0.205,0.869,0.955,0.066524227
0.078,0.318,0.143,0.583,0.517809584
0.0,0.339,0.656,0.537,0.900516996
0.071,0.376,0.281,0.724,0.88208267
0.161,0.386,0.419,0.588,0.398000924
0.526,0.064,0.529,0.572,0.00016769
0.015,0.298,0.511,0.642,0.975675325
0.039,0.394,0.689,0.443,0.294710202
0.118,0.016,0.563,0.929,0.562678683
0.157,0.313,0.771,0.896,0.441761245
0.52,0.311,0.531,0.332,0.0
0.086,0.395,0.151,0.949,0.534898054
0.287,0.116,0.428,0.782,0.079065794
0.618,0.188,0.694,0.334,0.0
0.064,0.127,0.681,0.677,0.984777322
0.269,0.342,0.453,0.567,0.093380152
0.144,0.34,0.881,0.933,0.465722592
0.0,0.062,0.755,0.838,0.987306163
0.597,0.359,0.879,0.797,0.001916387
0.132,0.369,0.568,0.532,0.417807609
0.087,0.158,0.201,0.587,0.68898629
0.61,0.109,0.991,0.849,0.001550168
0.359,0.346,0.682,0.548,0.034993704
0.0,0.017,0.784,0.961,0.987403018
0.0,0.045,0.552,0.792,0.983345211
0.302,0.834,0.804,0.936,2.2166e-05
0.832,0.518,0.91,0.864,1.4456e-05
0.2,0.373,0.348,0.514,0.193167214
0.382,0.381,0.546,0.657,0.029960598
0.211,0.889,0.518,0.972,6.746e-06
0.241,0.209,0.952,0.325,0.0
0.175,0.329,0.557,0.554,0.374987411
0.0,0.295,0.356,0.614,0.93212558
0.076,0.402,0.627,0.434,0.231946952
0.0,0.0,0.495,0.966,0.99154467
0.0,0.278,0.698,0.625,0.978653267
0.173,0.156,0.275,0.808,0.304658358
0.599,0.187,0.764,0.354,0.0
0.226,0.006,0.468,0.896,0.178206672
0.0,0.0,0.748,0.886,0.999840984
0.234,0.0,0.322,0.896,0.105781495
0.693,0.41,0.804,0.671,0.000433199
0.0,0.25,0.675,0.637,0.980885277
0.678,0.013,0.912,0.041,0.0
0.698,0.054,0.879,0.531,0.000238524
0.162,0.16,0.307,0.717,0.354954249
0.086,0.205,0.129,0.722,0.483011518
0.232,0.453,0.511,0.748,0.113800253
0.597,0.855,0.668,0.891,4.82e-07
0.499,0.287,0.984,0.704,0.007943587
0.0,0.251,0.746,0.585,0.964672843
0.402,0.192,0.644,0.744,0.025142404
0.0,0.376,0.642,0.461,0.497539343
0.012,0.205,0.914,0.52,0.856534052
0.287,0.299,0.436,0.669,0.079893642
0.352,0.154,0.86,0.525,0.033581351
0.222,0.807,0.752,0.815,1.1565e-05
0.656,0.36,0.851,0.745,0.000805201
0.205,0.432,0.372,0.497,0.106605007
0.241,0.23,0.483,0.606,0.141189124
0.272,0.384,0.468,0.595,0.097520358
0.0,0.358,0.629,0.643,0.981210538
0.298,0.697,0.43,0.874,0.000385012
0.759,0.622,0.939,0.911,2.0238e-05
0.858,0.409,0.973,0.465,4.819e-06
0.041,0.209,0.668,0.627,0.979000693
0.121,0.128,0.263,0.79,0.41655138
0.179,0.121,0.625,0.472,0.238789953
0.449,0.28,0.454,0.556,0.000578723
0.203,0.309,0.521,0.639,0.26785235
0.0,0.344,0.796,0.492,0.703338234
0.721,0.274,0.832,0.506,0.000118058
0.148,0.443,0.339,0.604,0.281164423
0.257,0.477,0.482,0.501,0.016281341
0.536,0.656,0.884,0.832,0.000202866
0.22,0.287,0.227,0.649,0.018173635
0.713,0.164,0.723,0.754,7.1316e-05
0.0,0.032,0.532,0.864,0.982162226
0.048,0.746,0.359,0.801,0.000270328
0.212,0.431,0.851,0.609,0.186044248
0.0,0.082,0.705,0.933,0.987055592
0.224,0.445,0.972,0.925,0.14863976
0.209,0.156,0.592,0.369,0.0
0.348,0.064,0.38,0.82,0.01487477
0.313,0.181,0.4,0.46,0.016636478
0.085,0.0,0.472,0.934,0.976279587
0.332,0.091,0.686,0.749,0.058654847
0.032,0.148,0.491,0.866,0.978559303
0.069,0.118,0.841,0.719,0.986637812
0.19,0.197,0.538,0.639,0.364526066
0.0,0.0,0.585,0.923,0.997641258
0.143,0.106,0.433,0.871,0.450103336
0.121,0.824,0.189,0.921,1.446e-06
0.43,0.186,0.45,0.942,0.003847231
0.486,0.204,0.652,0.632,0.008069354
0.121,0.107,0.369,0.915,0.501648228
0.325,0.554,0.935,0.998,0.012833579
0.0,0.452,0.753,0.599,0.575817765
0.007,0.313,0.617,0.599,0.970159869
0.319,0.35,0.865,0.476,0.028822427
0.0,0.244,0.576,0.643,0.9797765
0.283,0.358,0.397,0.76,0.074419145
0.891,0.221,0.981,0.455,1.446e-06
0.245,0.248,0.269,0.8,0.031725197
0.242,0.183,0.494,0.797,0.148100068
0.236,0.332,0.874,0.768,0.167388745
0.688,0.437,0.921,0.534,0.000239488
0.062,0.381,0.656,0.584,0.963133276
0.0,0.04,0.406,0.904,0.962603222
0.514,0.602,0.673,0.641,0.000378266
0.194,0.365,0.356,0.471,0.164339969
0.006,0.503,0.288,0.803,0.187584779
0.176,0.052,0.422,0.341,0.0
0.0,0.453,0.731,0.618,0.572233634
0.309,0.019,0.924,0.089,0.0
0.361,0.039,0.58,0.36,0.0
0.292,0.641,0.427,0.899,0.001752552
0.0,0.0,0.699,0.946,0.999538371
0.0,0.289,0.511,0.593,0.962962213
0.049,0.0,0.194,0.869,0.639934582
0.386,0.194,0.68,0.812,0.032537144
0.087,0.301,0.643,0.517,0.840454131
0.129,0.282,0.171,0.725,0.084692079
0.003,0.62,0.126,0.746,2.5057e-05
0.273,0.529,0.447,0.843,0.023331546
0.0,0.207,0.549,0.721,0.982530855
0.203,0.01,0.379,0.207,0.0
0.273,0.022,0.347,0.166,0.0
0.082,0.723,0.444,0.753,0.000315141
0.67,0.382,0.783,0.516,0.000289121
0.063,0.045,0.344,0.072,0.0
0.092,0.32,0.601,0.467,0.562942264
0.0,0.355,0.698,0.525,0.874737081
0.476,0.945,0.677,0.962,0.0
0.593,0.374,0.596,0.415,0.0
0.047,0.439,0.582,0.495,0.466502253
0.008,0.027,0.855,0.135,0.0
0.0,0.232,0.791,0.604,0.973271288
0.092,0.437,0.991,0.808,0.7552532
0.121,0.094,0.627,0.305,0.0
0.094,0.572,0.572,0.663,0.029603534
0.017,0.364,0.886,0.473,0.624554815
0.564,0.226,0.854,0.394,0.0
0.137,0.09,0.88,0.948,0.481008876
0.806,0.238,0.89,0.857,4.2404e-05
0.196,0.369,0.342,0.513,0.220469349
0.0,0.036,0.563,0.944,0.984109453
0.701,0.072,0.782,0.812,0.000365737
0.217,0.33,0.509,0.506,0.139674614
0.956,0.602,0.976,0.949,9.64e-07
0.0,0.322,0.557,0.588,0.963120748
0.661,0.375,0.903,0.986,0.00075846
0.076,0.066,0.238,0.836,0.823648518
0.066,0.156,0.736,0.605,0.973441869
0.372,0.081,0.453,0.441,0.004437037
0.0,0.214,0.633,0.836,0.986316407
0.0,0.034,0.858,0.93,0.987462288
0.345,0.296,0.362,0.54,0.005998287
0.43,0.0,0.466,0.898,0.006281144
0.055,0.811,0.089,0.968,0.0
0.227,0.089,0.315,0.829,0.116530033
0.072,0.087,0.291,0.649,0.892048173
0.628,0.057,0.629,0.238,0.0
0.364,0.013,0.896,0.271,0.0
0.0,0.175,0.46,0.661,0.97186809
0.365,0.171,0.646,0.936,0.042423139
0.267,0.309,0.465,0.528,0.083619442
0.0,0.118,0.619,0.806,0.986026322
0.0,0.032,0.495,0.804,0.97893275
0.046,0.423,0.516,0.465,0.315142351
0.344,0.202,0.82,0.489,0.02611674
0.307,0.0,0.335,0.982,0.019925706
0.0,0.448,0.262,0.591,0.536612057
0.08,0.015,0.631,0.884,0.986323153
0.0,0.399,0.537,0.494,0.711599853
0.195,0.048,0.644,0.309,0.0
0.0,0.082,0.807,0.883,0.987425184
0.613,0.541,0.96,0.882,0.000582578
0.165,0.467,0.449,0.527,0.120405212
0.168,0.385,0.599,0.451,0.160101944
0.0,0.096,0.612,0.837,0.98594055
0.292,0.26,0.435,0.62,0.071908615
0.517,0.691,0.668,0.926,8.1917e-05
0.147,0.282,0.578,0.678,0.455425082
0.368,0.647,0.737,0.983,0.001344411
0.831,0.513,0.859,0.883,8.192e-06
0.0,0.2,0.793,0.708,0.986383868
0.0,0.156,0.826,0.925,0.987443013
0.442,0.401,0.611,0.487,0.005968894
0.0,0.436,0.464,0.568,0.709190997
0.031,0.231,0.487,0.944,0.978123213
0.286,0.24,0.373,0.617,0.056924461
0.298,0.375,0.349,0.461,0.01302729
0.666,0.132,0.702,0.363,0.0
0.138,0.052,0.765,0.785,0.478344149
0.656,0.053,0.858,0.313,0.0
0.18,0.208,0.793,0.229,0.0
0.19,0.386,0.536,0.584,0.352364693
0.255,0.865,0.976,0.937,1.4938e-05
0.0,0.36,0.79,0.911,0.987405909
0.0,0.06,0.651,0.777,0.986389169
0.3,0.365,0.395,0.538,0.043530952
0.074,0.052,0.141,0.892,0.515731289
0.139,0.142,0.829,0.695,0.474753754
0.631,0.815,0.788,0.828,0.0
0.192,0.13,0.676,0.45,0.120427378
0.115,0.185,0.448,0.279,0.0
0.748,0.366,0.87,0.539,7.7099e-05
0.0,0.078,0.739,0.818,0.98720738
0.275,0.445,0.701,0.713,0.085985412
0.226,0.255,0.498,0.636,0.177585063
0.188,0.054,0.424,0.905,0.36610081
0.038,0.495,0.433,0.656,0.257442083
0.175,0.283,0.338,0.337,0.0
0.0,0.291,0.396,0.545,0.89366002
0.084,0.176,0.498,0.813,0.979274876
0.227,0.08,0.467,0.275,0.0
0.0,0.238,0.826,0.727,0.986743341
0.34,0.66,0.425,0.812,0.000551738
0.0,0.187,0.698,0.827,0.986958254
0.503,0.355,0.88,0.874,0.007641456
0.309,0.404,0.955,0.953,0.075855592
0.65,0.813,0.721,0.863,4.82e-07
0.34,0.723,0.723,0.936,0.000260208
0.188,0.008,0.362,0.88,0.341130914
0.0,0.471,0.763,0.598,0.364772783
0.533,0.121,0.869,0.41,0.0
0.144,0.577,0.741,0.947,0.025544763
0.008,0.034,0.828,0.876,0.987433858
0.88,0.278,0.882,0.473,0.0
0.0,0.194,0.301,0.81,0.904373382
0.07,0.581,0.289,0.622,0.010326904
0.004,0.092,0.759,0.582,0.962631652
0.879,0.044,0.919,0.985,8.192e-06
0.558,0.797,0.938,0.884,2.891e-06
0.619,0.391,0.937,0.848,0.001357903
0.163,0.574,0.675,0.71,0.024901952
0.019,0.781,0.71,0.912,0.000172509
0.3,0.162,0.434,0.815,0.066527118
0.271,0.108,0.898,0.852,0.117609416
0.121,0.469,0.845,0.851,0.252540044
0.003,0.397,0.261,0.644,0.856601513
0.09,0.477,0.574,0.546,0.266187016
0.16,0.814,0.668,0.847,4.5296e-05
0.236,0.589,0.439,0.84,0.010460863
0.001,0.026,0.45,0.897,0.973042883
0.0,0.083,0.725,0.825,0.987132209
0.155,0.287,0.404,0.682,0.418460539
0.097,0.292,0.994,0.893,0.944033492
0.569,0.489,0.789,0.733,0.001934698
0.235,0.77,0.905,0.928,0.0001807
0.107,0.237,0.399,0.4,0.0
0.205,0.199,0.413,0.412,0.0
0.172,0.326,0.854,0.91,0.418634011
0.223,0.253,0.296,0.388,0.0
0.0,0.431,0.391,0.502,0.507677355
0.504,0.088,0.855,0.85,0.007533999
0.0,0.15,0.703,0.687,0.985304003
0.0,0.58,0.782,0.698,0.024530914
0.261,0.073,0.462,0.897,0.116575811
0.24,0.172,0.309,0.664,0.083476809
0.29,0.815,0.432,0.903,2.7948e-05
0.287,0.518,0.692,0.81,0.030362957
0.253,0.427,0.518,0.635,0.107702701
0.045,0.0,0.645,0.869,0.986500962
0.903,0.109,0.96,0.124,0.0
0.573,0.096,0.865,0.596,0.002385726
0.271,0.069,0.534,0.102,0.0
0.131,0.156,0.218,0.821,0.286104048
0.102,0.383,0.633,0.453,0.315193429
0.361,0.281,0.989,0.56,0.036580976
0.295,0.464,0.481,0.807,0.048527919
0.12,0.02,0.458,0.996,0.536302216
0.0,0.07,0.759,0.907,0.987353386
0.0,0.018,0.644,0.865,0.986487952
0.0,0.157,0.645,0.726,0.985812855
0.449,0.356,0.645,0.938,0.013625287
0.0,0.452,0.4,0.482,0.266879941
0.265,0.491,0.313,0.977,0.019490097
0.161,0.237,0.474,0.405,0.0
0.349,0.563,0.522,0.718,0.007242951
0.171,0.276,0.667,0.956,0.419063355
0.15,0.135,0.57,0.83,0.451345591
0.0,0.299,0.637,0.578,0.95892079
0.554,0.559,0.735,0.61,0.000567158
0.343,0.233,0.384,0.722,0.019308915
0.151,0.401,0.575,0.435,0.085973847
0.169,0.126,0.466,0.71,0.409426968
0.004,0.122,0.213,0.714,0.75869518
0.705,0.503,0.912,0.598,0.000165762
0.215,0.591,0.823,0.7,0.012707811
0.343,0.103,0.379,0.865,0.016782484
0.311,0.577,0.965,0.724,0.009293298
0.035,0.015,0.329,0.808,0.92631474
0.0,0.262,0.543,0.839,0.98287539
0.145,0.315,0.821,0.812,0.463660199
0.0,0.566,0.301,0.594,0.016723214
0.0,0.0,0.668,0.884,0.999305147
0.0,0.246,0.238,0.684,0.823200381
0.26,0.0,0.502,0.942,0.122592409
0.05,0.922,0.11,0.975,0.0
0.416,0.375,0.508,0.546,0.010331241
-0.0,0.36,0.701,0.477,0.647979843
0.3,0.337,0.495,0.72,0.075257594
0.056,0.764,0.626,0.869,0.000267436
0.0,0.362,0.612,0.474,0.629390837
0.0,0.0,0.667,0.908,0.999301292
0.876,0.132,0.938,0.161,0.0
0.149,0.768,0.878,0.945,0.000259727
0.241,0.248,0.449,0.589,0.133549595
0.008,0.374,0.537,0.503,0.759418945
0.207,0.381,0.339,0.517,0.152612758
0.021,0.109,0.51,0.335,0.0
0.0,0.236,0.542,0.805,0.982754924
0.305,0.042,0.417,0.925,0.057899279
0.243,0.193,0.536,0.74,0.149585184
0.0,0.435,0.79,0.464,0.306571854
0.339,0.103,0.387,0.858,0.02285016
0.284,0.837,0.454,0.904,1.542e-05
0.428,0.064,0.897,0.499,0.008876001
0.107,0.243,0.764,0.469,0.404536976
0.11,0.81,0.67,0.915,8.3845e-05
0.425,0.038,0.951,0.401,0.0
0.0,0.0,0.775,0.906,0.999906036
0.085,0.413,0.637,0.85,0.986388205
0.298,0.211,0.44,0.48,0.033704227
0.563,0.001,0.623,0.273,0.0
0.213,0.337,0.533,0.545,0.186952086
0.023,0.676,0.398,0.862,0.001701474
0.0,0.176,0.895,0.807,0.987381334
0.302,0.107,0.394,0.793,0.052717275
0.108,0.41,0.753,0.503,0.527903264
0.0,0.129,0.562,0.76,0.983748535
0.614,0.144,0.776,0.611,0.00119455
0.822,0.005,0.969,0.216,0.0
0.315,0.018,0.316,0.87,0.000774361
0.832,0.186,0.96,0.512,1.4456e-05
0.043,0.597,0.792,0.601,0.001691355
0.486,0.383,0.529,0.401,0.0
0.424,0.326,0.579,0.878,0.017098589
0.214,0.023,0.332,0.965,0.165037713
0.312,0.606,0.692,0.728,0.004801328
0.0,0.549,0.557,0.553,0.005276932
0.064,0.116,0.676,0.978,0.986861881
0.0,0.349,0.574,0.487,0.684564674
0.072,0.347,0.63,0.489,0.693835324
0.0,0.038,0.723,0.857,0.987157266
0.027,0.349,0.306,0.36,0.0
0.0,0.0,0.638,0.865,0.9989317
0.293,0.622,0.853,0.657,0.002381871
0.007,0.088,0.352,0.367,0.0
0.228,0.064,0.493,0.84,0.176442555
0.806,0.452,0.868,0.665,2.1202e-05
0.063,0.207,0.825,0.513,0.822968603
0.093,0.304,0.58,0.777,0.970223958
0.525,0.107,0.689,0.534,0.003304648
0.008,0.121,0.546,0.819,0.983021878
0.079,0.258,0.782,0.928,0.987398199
0.292,0.438,0.928,0.641,0.075221936
0.327,0.544,0.766,0.753,0.014736956
0.0,0.0,0.555,0.904,0.996172044
0.217,0.345,0.48,0.436,0.032784823
0.127,0.199,0.327,0.679,0.447725802
0.059,0.35,0.52,0.655,0.977796506
0.171,0.321,0.232,0.607,0.241521661
0.009,0.453,0.316,0.814,0.531960589
0.0,0.113,0.506,0.771,0.97990034
0.492,0.162,0.622,0.481,0.002695567
0.056,0.0,0.642,0.887,0.986473977
0.003,0.202,0.731,0.776,0.987028607
0.167,0.385,0.734,0.566,0.394791686
0.022,0.31,0.73,0.576,0.958158958
0.573,0.034,0.954,0.9,0.00284591
0.196,0.243,0.595,0.593,0.316348465
0.237,0.124,0.726,0.501,0.102406977
0.472,0.034,0.655,0.721,0.010279199
0.314,0.149,0.447,0.799,0.056764963
0.425,0.635,0.645,0.814,0.001073601
0.17,0.47,0.236,0.526,0.064631933
0.293,0.483,0.755,0.655,0.044866207
0.207,0.366,0.855,0.94,0.25488433
0.275,0.59,0.384,0.694,0.004878909
0.123,0.49,0.663,0.52,0.09110911
0.292,0.096,0.568,1.0,0.089110805
0.789,0.133,0.869,0.907,5.5897e-05
0.449,0.014,0.739,0.605,0.012833097
0.082,0.077,1.0,0.759,0.987156302
0.069,0.071,0.721,0.913,0.987163048
0.0,0.426,0.767,0.541,0.675531102
0.0,0.314,0.696,0.595,0.969568618
0.114,0.545,0.747,0.641,0.065829855
0.13,0.239,0.415,0.649,0.475547871
0.42,0.158,0.547,0.31,0.0
0.417,0.318,0.816,0.464,0.006395346
0.535,0.074,0.868,0.859,0.005090931
0.522,0.281,0.841,0.317,0.0
0.138,0.294,0.356,0.602,0.420877587
0.576,0.103,0.64,0.767,0.001676417
0.0,0.176,0.774,0.661,0.984177397
0.012,0.375,0.718,0.592,0.968156264
0.572,0.814,0.957,0.817,0.0
0.087,0.101,0.631,0.487,0.685117376
0.375,0.523,0.602,0.878,0.012531448
0.525,0.682,0.682,0.828,9.541e-05
0.101,0.41,0.661,0.588,0.861924222
0.108,0.198,0.356,0.611,0.683935355
0.46,0.907,0.589,0.959,1.446e-06
0.186,0.268,0.462,0.371,0.0
0.835,0.153,0.974,0.621,2.313e-05
0.188,0.092,0.503,0.785,0.377975472
0.565,0.858,0.835,0.942,4.82e-07
0.027,0.16,1.0,0.87,0.987464697
0.022,0.394,0.22,0.564,0.762478322
0.177,0.36,0.539,0.538,0.357004596
0.125,0.514,0.874,0.979,0.111335983
0.256,0.115,0.468,0.668,0.122132707
0.0,0.208,0.257,0.722,0.85318459
0.288,0.011,0.625,0.015,0.0
0.0,0.402,0.332,0.435,0.223825556
0.234,0.175,0.941,0.839,0.171588703
0.0,0.0,0.725,0.906,0.999707025
0.0,0.416,0.622,0.467,0.574367344
0.0,0.086,0.472,0.841,0.976243447
0.0,0.24,0.789,0.597,0.970617162
0.402,0.442,0.897,0.776,0.022027612
0.0,0.372,0.766,0.589,0.966595013
0.489,0.066,0.71,0.471,0.002709059
0.108,0.45,0.843,0.469,0.164934112
0.281,0.204,0.49,1.0,0.096068009
0.069,0.271,0.7,0.902,0.987021379
0.09,0.364,0.889,0.641,0.976407282
0.328,0.067,0.709,0.896,0.061343187
0.158,0.327,0.895,0.41,0.0
0.438,0.365,0.539,0.903,0.011799491
0.169,0.314,0.448,0.576,0.387016271
0.267,0.377,0.444,0.459,0.040529399
0.135,0.032,0.441,0.567,0.439609225
0.266,0.012,0.966,0.518,0.08706865
0.083,0.157,0.18,0.786,0.578919547
0.175,0.132,0.409,0.841,0.391210928
0.267,0.264,0.548,0.679,0.11662978
0.064,0.16,0.126,0.231,0.0
0.258,0.502,0.675,0.517,0.010530734
0.079,0.374,0.145,0.567,0.517128705
0.104,0.428,0.353,0.502,0.425005746
0.004,0.806,0.322,0.91,4.915e-05
0.139,0.429,0.645,0.658,0.382326254
0.109,0.265,0.701,0.762,0.713337468
0.246,0.52,0.427,0.558,0.017031127
0.075,0.0,0.478,0.872,0.977030337
0.022,0.069,0.577,0.311,0.0
0.501,0.425,0.885,0.484,0.001984331
0.257,0.677,0.36,0.854,0.000821102
0.0,0.166,0.412,0.775,0.964494552
0.262,0.465,0.52,0.57,0.056956746
0.263,0.033,0.44,0.867,0.11037032
0.061,0.21,0.664,0.681,0.984793223
0.6,0.074,0.839,0.24,0.0
0.066,0.511,0.966,0.863,0.179372792
0.052,0.258,0.509,0.642,0.975509081
0.0,0.158,0.32,0.785,0.920165146
0.228,0.319,0.486,0.56,0.153273399
0.615,0.017,0.653,0.77,0.000568604
0.006,0.147,0.544,0.689,0.981393166
0.003,0.067,0.826,0.526,0.877431684
0.009,0.0,0.705,0.854,0.987030535
0.188,0.05,0.608,0.992,0.384165061
0.383,0.864,0.691,0.981,4.337e-06
0.301,0.261,0.427,0.619,0.061487747
0.0,0.245,0.398,0.591,0.943869175
0.0,0.228,0.538,0.685,0.980836127
0.558,0.03,0.839,0.158,0.0
0.181,0.62,0.215,0.896,0.000829776
0.312,0.275,0.384,0.625,0.037734085
0.18,0.147,0.424,0.689,0.387638362
0.729,0.178,0.765,0.383,0.0
0.226,0.005,0.509,0.832,0.182832119
0.0,0.0,0.736,0.893,0.99977545
0.238,0.692,0.856,0.91,0.001168529
0.019,0.333,0.303,0.622,0.901231605
0.0,0.263,0.72,0.573,0.954902015
0.531,0.158,0.746,0.697,0.005129962
0.0,0.139,0.599,0.756,0.985259189
0.0,0.0,0.624,0.945,0.998736061
0.194,0.527,0.794,0.918,0.059932278
0.0,0.106,0.599,1.0,0.985608543
0.818,0.037,0.871,0.92,2.4093e-05
0.092,0.447,0.27,0.758,0.560363791
0.0,0.161,0.704,0.744,0.986562159
0.572,0.142,0.753,0.263,0.0
0.622,0.753,0.862,0.881,3.855e-06
0.096,0.254,0.428,0.582,0.9096932
0.0,0.26,0.515,0.576,0.953103203
0.38,0.085,0.638,0.467,0.012330991
0.078,0.174,0.624,0.727,0.98552759
0.587,0.322,0.656,0.668,0.00140368
0.538,0.484,0.731,0.591,0.002320192
0.615,0.178,0.911,0.737,0.001425846
0.542,0.534,0.59,0.793,0.000837004
0.069,0.0,0.455,0.861,0.973797006
0.22,0.207,0.842,0.55,0.173392815
0.482,0.646,0.918,0.792,0.000460184
0.0,0.131,0.984,0.705,0.986353029
0.45,0.184,0.86,0.75,0.014351462
0.0,0.069,0.738,0.841,0.98723581
0.0,0.401,0.75,0.501,0.747084099
0.69,0.373,0.892,0.839,0.000509816
0.298,0.638,0.341,0.796,0.000722319
0.024,0.325,0.827,0.946,0.987444459
0.204,0.596,0.507,0.646,0.00811224
0.448,0.119,0.724,0.76,0.014403022
0.0,0.284,0.309,0.553,0.865136834
0.0,0.068,0.626,0.826,0.986200277
0.233,0.319,0.318,0.746,0.104783547
0.0,0.402,0.83,0.435,0.232041398
0.13,0.074,0.595,0.762,0.498698717
0.203,0.303,0.252,0.628,0.136380567
0.121,0.352,0.348,0.575,0.47039237
0.0,0.078,0.735,0.759,0.986929342
0.042,0.006,0.988,0.764,0.98719196
0.018,0.249,0.621,0.92,0.986156909
0.108,0.446,0.752,0.74,0.552384546
0.181,0.206,0.221,0.714,0.203416537
0.256,0.046,0.467,0.79,0.123434232
0.0,0.0,0.511,0.91,0.993118449
0.041,0.012,0.653,0.89,0.986604082
0.34,0.496,0.998,0.726,0.025572712
0.363,0.588,0.723,0.905,0.004937697
0.132,0.043,0.281,0.952,0.388978436
0.212,0.353,0.276,0.525,0.096668416
0.279,0.317,0.855,0.462,0.040613244
0.092,0.2,0.098,0.927,0.040172335
0.266,0.933,0.677,0.965,4.82e-07
0.497,0.06,0.567,0.391,0.0
0.0,-0.0,0.35,0.837,0.949844815
0.112,0.272,0.762,0.455,0.243408654
0.049,0.278,0.259,0.993,0.855949065
0.0,0.092,0.715,0.794,0.986986203
0.547,0.074,0.611,0.839,0.002798205
0.208,0.392,0.753,0.847,0.249700881
0.0,0.031,0.743,0.963,0.987307126
0.268,0.462,0.785,0.832,0.073697307
0.084,0.046,0.476,0.33,0.0
0.26,0.184,0.427,0.993,0.111409227
0.227,0.212,0.866,0.936,0.187506716
0.227,0.446,0.495,0.5,0.06779202
0.0,0.262,0.757,0.574,0.95588117
0.062,0.407,0.485,0.465,0.545568047
0.231,0.299,0.724,0.791,0.177490617
0.058,0.56,0.456,0.609,0.034545568
0.0,0.299,0.504,0.823,0.979866128
0.029,0.263,0.869,0.991,0.987465661
0.697,0.041,0.878,0.882,0.000461147
0.203,0.154,0.687,0.494,0.167605586
0.007,0.111,0.372,0.937,0.947288507
0.307,0.23,0.744,1.0,0.077380703
0.149,0.0,0.416,0.903,0.434404573
0.251,0.174,0.358,0.923,0.09581792
0.031,0.115,0.245,0.819,0.835819047
0.459,0.528,0.53,0.644,0.002440659
0.106,0.497,0.695,0.764,0.253832413
0.0,0.114,0.531,0.722,0.981384974
0.398,0.056,0.807,0.878,0.02767269
0.667,0.332,0.947,0.484,0.000209131
0.399,0.314,0.915,0.943,0.027318036
0.278,0.472,0.424,0.559,0.03575891
0.535,0.38,0.902,0.438,0.000558003
0.238,0.174,0.959,0.472,0.075225791
0.013,0.258,0.684,0.575,0.9571586
0.262,0.345,0.77,0.93,0.127881387
0.362,0.304,0.418,0.653,0.023041461
0.795,0.108,0.962,0.585,4.1441e-05
0.11,0.091,0.12,0.958,0.139137332
0.079,0.393,0.697,0.879,0.986997286
0.736,0.797,0.963,0.802,0.0
0.631,0.317,0.816,0.426,8.9627e-05
0.25,0.703,0.869,0.958,0.00085146
0.0,0.28,0.779,0.792,0.98725653
0.048,0.169,0.55,0.934,0.983355812
0.558,0.181,0.867,0.859,0.003635691
0.414,0.161,0.968,0.824,0.022220841
0.867,0.068,0.9,0.727,7.71e-06
0.0,0.274,0.626,0.62,0.976830362
0.191,0.047,0.444,0.889,0.352274584
0.229,0.192,0.498,0.778,0.174515566
0.29,0.317,0.513,0.804,0.087647373
0.351,0.328,0.82,0.961,0.049649225
0.372,0.542,0.682,0.715,0.010069586
0.169,0.645,0.947,0.66,0.001537158
0.0,0.183,0.491,0.741,0.978096228
0.479,0.308,0.978,0.851,0.010308593
0.0,0.15,0.669,0.829,0.986746715
0.0,0.123,0.8,0.778,0.987229064
0.076,0.159,0.704,0.798,0.986930306
0.0,0.021,0.305,0.987,0.908164716
0.714,0.953,0.796,0.955,0.0
0.204,0.008,0.69,0.86,0.271337698
0.689,0.374,0.97,0.497,0.000184555
0.022,0.0,0.84,0.924,0.987452169
0.132,0.259,0.732,0.845,0.493776921
0.637,0.769,0.799,0.927,2.891e-06
0.0,0.407,0.295,0.506,0.722610527
0.667,0.288,0.789,0.41,0.0
0.166,0.273,0.213,0.698,0.197602805
0.0,0.0,0.72,0.951,0.999673776
0.182,0.282,0.641,0.787,0.403250871
0.415,0.075,0.446,0.837,0.006848302
0.0,0.322,0.366,0.605,0.934119067
0.49,0.792,0.805,0.794,0.0
0.0,0.043,0.604,0.832,0.985714554
0.399,0.633,0.609,0.839,0.001346338
0.133,0.283,0.157,0.989,0.049173139
0.109,0.056,0.472,0.929,0.702876605
0.0,0.395,0.516,0.638,0.975493179
0.523,0.327,0.718,0.996,0.005592073
0.133,0.405,0.541,0.559,0.446261406
0.0,0.182,0.746,0.654,0.983477243
0.521,0.208,0.536,0.708,0.001035533
0.48,0.31,0.965,0.92,0.010182825
0.422,0.02,0.958,0.642,0.01914508
0.338,0.26,0.962,0.607,0.051904365
0.407,0.267,0.66,0.273,0.0
0.516,0.746,0.57,0.753,0.0
0.124,0.809,0.906,0.867,7.0353e-05
0.063,0.302,0.783,0.74,0.986862845
0.0,0.275,0.574,0.562,0.939137717
0.182,0.149,0.545,0.824,0.399896109
0.581,0.108,0.744,0.527,0.001271167
0.365,0.482,0.588,0.953,0.022480086
0.0,0.0,0.722,0.917,0.999690641
0.154,0.0,0.756,0.897,0.447096965
0.194,0.381,0.845,0.606,0.337028294
0.058,0.003,0.475,0.822,0.976596174
0.173,0.401,0.908,0.763,0.417201901
0.077,0.242,0.38,0.686,0.949997085
0.097,0.438,0.525,0.566,0.696390667
0.392,0.663,0.549,0.986,0.000621127
0.0,0.23,0.612,0.67,0.983497482
0.009,0.534,0.94,0.674,0.088561476
0.0,0.0,0.818,0.904,0.999954704
0.106,0.653,0.703,0.811,0.003843858
0.685,0.199,0.698,0.938,9.3482e-05
0.138,0.146,0.404,0.771,0.452888531
0.0,0.317,0.707,0.73,0.986419526
0.116,0.185,0.603,0.651,0.584876876
0.0,0.185,0.565,0.698,0.982941406
0.216,0.414,0.817,0.956,0.217629221
0.427,0.802,0.627,0.928,1.9757e-05
0.448,0.149,0.752,0.886,0.014607815
0.735,0.588,0.944,0.608,1.4938e-05
0.285,0.414,0.463,0.641,0.085540166
0.0,0.271,0.489,0.566,0.940190116
0.104,0.223,0.726,0.546,0.742783913
0.616,0.56,0.64,0.723,0.000119021
0.0,0.195,0.502,0.642,0.97484314
0.326,0.42,0.913,0.994,0.054434651
0.434,0.309,0.674,0.73,0.016721286
0.117,0.077,0.155,0.1,0.0
0.109,0.895,0.328,0.941,1.927e-06
0.008,0.116,0.548,0.721,0.98247014
0.012,0.799,0.578,0.847,8.1436e-05
0.16,0.315,0.287,0.826,0.338543767
0.127,0.196,0.662,0.938,0.510722758
0.242,0.056,0.489,0.902,0.147617719
0.168,0.111,0.381,0.772,0.387798824
0.076,0.283,0.579,0.717,0.984067049
0.446,0.159,0.564,0.459,0.003316213
0.013,0.237,0.689,0.663,0.983950919
0.36,0.188,0.362,0.71,0.000943497
0.0,0.015,0.365,0.821,0.944059031
0.513,0.014,0.877,0.714,0.006630016
0.507,0.157,0.76,0.947,0.007141759
0.207,0.222,0.393,0.818,0.224987339
0.071,0.474,0.709,0.685,0.355582604
0.234,0.091,0.407,0.889,0.147096338
0.183,0.203,0.235,0.811,0.232504473
0.025,0.053,0.205,0.87,0.721535962
0.186,0.625,0.94,0.771,0.006757711
0.0,0.043,0.858,0.926,0.987461324
0.0,0.425,0.638,0.622,0.745615848
0.119,0.552,0.788,0.716,0.056036379
-0.0,0.049,0.626,0.939,0.986256655
0.671,0.4,0.877,0.6,0.000530536
0.116,0.037,0.529,0.734,0.58470244
0.502,0.699,0.671,0.893,8.3363e-05
0.285,0.007,0.432,0.889,0.082332374
0.074,0.266,0.658,0.618,0.976800486
0.107,0.422,0.317,0.525,0.492761626
0.103,0.52,0.951,0.954,0.130300844
0.0,0.225,0.62,0.663,0.983177521
0.791,0.482,0.962,0.69,4.2886e-05
0.279,0.304,0.355,0.691,0.059318379
0.198,0.259,0.855,0.997,0.314807453
0.246,0.064,0.352,0.102,0.0
0.156,0.555,0.573,0.96,0.041062345
0.131,0.286,0.171,0.937,0.078001348
0.182,0.257,0.248,0.648,0.256829148
0.0,0.404,0.721,0.482,0.666619926
0.183,0.587,0.766,0.699,0.015462648
0.0,0.133,0.448,0.703,0.971742804
0.208,0.24,0.929,0.688,0.248473082
0.0,0.007,0.313,0.83,0.914940738
0.129,0.298,0.921,0.903,0.504460889
0.095,0.427,0.135,0.623,0.359530063
0.257,0.586,0.513,0.868,0.010739382
0.18,0.572,0.303,0.6,0.006110563
0.196,0.05,0.245,0.29,0.0
0.836,0.23,0.977,0.836,2.7948e-05
0.181,0.4,0.802,0.478,0.247366714
0.057,0.415,0.667,0.421,0.23199273
0.241,0.123,0.48,0.824,0.148258121
0.332,0.221,0.397,0.823,0.031210562
0.681,0.25,0.967,0.805,0.000581132
0.0,0.04,0.445,0.984,0.972195278
0.588,0.215,0.608,0.721,0.000629319
0.315,0.129,0.743,1.0,0.070799838
0.0,0.304,0.917,0.532,0.891659306
0.442,0.364,0.676,0.601,0.013510121
0.155,0.579,0.828,0.673,0.0215549
0.023,0.048,0.433,0.979,0.969815334
0.648,0.489,0.821,0.617,0.000506925
0.0,0.18,0.47,0.744,0.9756069
0.0,0.141,0.658,0.754,0.986310142
0.047,0.41,0.664,0.761,0.98644892
0.0,0.08,0.583,0.757,0.984727208
0.0,0.063,0.724,0.84,0.987144737
0.196,0.108,0.361,0.851,0.286900575
0.232,0.026,0.45,0.041,0.0
0.0,0.445,0.665,0.622,0.665593066
0.0,0.461,0.561,0.479,0.157856441
0.0,0.0,0.535,0.905,0.994887385
0.027,0.249,0.397,0.866,0.959339533
0.0,0.093,0.773,0.824,0.987326401
0.125,0.339,0.476,0.978,0.509050678
0.35,0.031,0.877,0.213,0.0
0.699,0.397,0.715,0.822,0.00010071
0.091,0.0,0.558,0.872,0.976675201
0.074,0.234,0.709,0.694,0.985624927
0.0,0.37,0.533,0.718,0.981468819
0.0,0.315,0.769,0.579,0.96030375
0.3,0.099,0.358,0.56,0.032182971
0.0,0.286,0.697,0.551,0.922893962
0.334,0.51,0.45,0.603,0.012788283
0.204,0.043,0.811,0.442,0.057228038
0.199,0.367,0.596,0.674,0.303296119
0.044,0.091,0.686,0.866,0.986909586
0.268,0.201,0.462,0.766,0.10834744
0.326,0.829,0.475,0.948,2.0238e-05
0.438,0.021,0.745,0.3,0.0
0.429,0.701,0.926,0.998,0.000228405
0.0,0.017,0.653,0.876,0.986599263
0.229,0.399,0.7,0.705,0.181449641
0.544,0.245,0.557,0.293,0.0
0.342,0.116,0.989,0.641,0.052048925
0.621,0.744,0.773,0.835,3.373e-06
0.097,0.18,0.458,0.76,0.930612998
0.279,0.473,0.483,0.611,0.047982926
0.204,0.027,0.49,0.81,0.262788886
0.215,0.746,0.738,0.968,0.000365737
0.019,0.162,0.531,0.734,0.981544472
0.34,0.266,0.359,0.635,0.00866687
0.102,0.159,0.829,0.844,0.859442605
0.009,0.223,0.533,0.655,0.97870579
0.212,0.463,0.596,0.565,0.10959114
0.115,0.219,0.443,0.751,0.589478711
0.285,0.311,0.656,0.346,0.0
0.336,0.436,0.374,0.545,0.011312805
0.193,0.232,0.278,0.316,0.0
0.113,0.101,0.622,0.812,0.633830283
0.227,0.39,0.881,0.9,0.187506716
0.311,0.052,0.451,0.873,0.05992746
0.187,0.325,0.409,0.761,0.366268018
0.0,0.225,0.632,0.672,0.98398224
0.192,0.399,0.532,0.437,0.060542323
0.099,0.005,0.644,0.552,0.863012279
0.297,0.116,0.892,0.806,0.086877831
0.0,0.288,0.739,0.623,0.978531354
0.64,0.448,0.804,0.88,0.000835558
0.007,0.444,0.513,0.568,0.641776761
0.19,0.354,0.521,0.544,0.325623452
0.255,0.296,0.284,0.587,0.032933239
0.157,0.045,0.466,0.891,0.429857671
0.07,0.181,0.123,0.619,0.456805632
0.236,0.027,0.66,0.977,0.166816768
0.261,0.473,0.508,0.79,0.064539414
0.085,0.527,0.683,0.56,0.058531971
0.0,0.273,0.39,0.564,0.918937347
0.166,0.543,0.841,0.702,0.05039901
0.0,0.164,0.744,0.672,0.984912727
0.302,0.299,0.584,0.689,0.079029654
0.0,0.24,0.768,0.643,0.982208486
0.412,0.269,0.7,0.847,0.022361546
0.405,0.4,0.464,0.726,0.012857672
0.031,0.169,0.518,0.713,0.980295953
0.539,0.652,0.932,0.879,0.000212504
0.509,0.002,0.516,0.599,0.000491987
0.342,0.404,0.381,0.475,0.008770953
0.36,0.064,0.899,0.376,0.0
0.0,0.09,0.863,0.971,0.987464215
0.623,0.244,0.992,0.564,0.000912657
0.147,0.297,0.254,0.689,0.321518904
0.0,0.01,0.291,0.897,0.894172245
0.197,0.212,0.534,0.755,0.317251485
0.042,0.366,0.531,0.606,0.96940912
0.154,0.813,0.968,0.964,7.9026e-05
0.473,0.214,0.919,0.45,0.002171295
0.45,0.535,0.551,0.649,0.003026128
0.488,0.207,0.791,0.786,0.009165121
0.168,0.418,0.405,0.485,0.258883349
0.173,0.079,0.555,0.893,0.413663548
0.0,0.396,0.637,0.614,0.975486915
0.742,0.066,0.819,0.99,0.000139742
0.263,0.353,0.639,0.557,0.106199756
0.041,0.413,0.42,0.525,0.862366577
0.155,0.786,0.38,0.991,0.000113721
0.0,0.064,0.585,0.839,0.985082344
0.37,0.058,0.429,0.855,0.022641993
0.064,0.335,0.53,0.749,0.981652892
0.098,0.062,0.686,0.863,0.935432638
0.116,0.226,0.565,0.72,0.586720019
0.019,0.381,0.533,0.684,0.980507493
0.707,0.647,0.811,0.758,2.072e-05
0.32,0.147,0.42,0.735,0.046449624
0.068,0.123,0.656,0.714,0.985746839
0.075,0.174,0.555,0.714,0.982779981
0.0,0.266,0.697,0.875,0.986994394
0.076,0.138,0.645,0.771,0.986282194
0.0,0.104,0.578,0.883,0.984854421
0.618,0.474,0.872,0.917,0.000996502
0.507,0.397,0.637,0.996,0.006201154
0.695,0.321,0.817,0.554,0.000284784
0.181,0.111,0.513,0.474,0.237716834
0.684,0.388,0.727,0.546,0.000179737
0.0,0.348,0.761,0.673,0.9850091
0.054,0.343,0.816,0.617,0.977249587
0.432,0.1,0.537,0.736,0.012818641
0.323,0.642,0.903,0.961,0.00214672
0.325,0.138,0.404,0.743,0.038227036
0.117,0.065,0.136,0.547,0.083847366
0.507,0.75,0.988,0.752,0.0
0.251,0.104,0.509,0.803,0.135177826
0.0,0.116,0.306,0.815,0.909013285
0.382,0.067,0.45,0.755,0.020669709
0.19,0.353,0.371,0.596,0.324068466
0.0,0.0,0.589,0.911,0.997784373
0.137,0.495,0.487,0.5,0.015068962
0.305,0.442,0.982,0.941,0.064426175
0.121,0.36,0.547,0.537,0.46424615
0.568,0.537,0.89,0.769,0.001246591
0.059,0.465,0.73,0.901,0.439011709
0.155,0.404,0.849,0.82,0.44539019
0.069,0.265,0.378,0.875,0.95028235
0.0,0.248,0.597,0.66,0.982360274
0.02,0.279,0.439,0.921,0.971042169
0.0,0.0,0.69,0.911,0.999478137
0.218,0.107,0.503,0.769,0.203813596
0.328,0.499,0.466,0.648,0.019969556
0.113,0.0,0.43,0.918,0.616932633
0.243,0.273,0.396,0.614,0.121633492
0.0,0.354,0.515,0.482,0.664430801
0.325,0.263,0.668,0.887,0.063140071
0.165,0.488,0.79,0.862,0.150393276
0.127,0.238,0.821,0.291,0.0
0.04,0.251,0.135,0.99,0.5014603
0.163,0.0,0.653,0.932,0.430408445
0.03,0.625,0.97,0.822,0.008349801
0.292,0.152,1.0,0.184,0.0
0.272,0.496,0.848,0.801,0.048560686
0.277,0.0,0.424,0.924,0.090647481
0.482,0.225,0.686,0.686,0.00923451
0.287,0.445,0.735,0.744,0.075821379
0.165,0.0,0.716,0.953,0.427549043
0.177,0.293,0.305,0.589,0.324663572
0.926,0.485,0.928,0.691,0.0
0.197,0.193,0.544,0.766,0.317966577
0.276,0.212,0.608,0.553,0.091210784
0.028,0.371,0.839,0.541,0.907608159
0.067,0.076,0.185,0.76,0.5905234
0.218,0.376,0.553,0.632,0.202682653
0.259,0.211,0.305,0.382,0.0
0.072,0.11,0.223,0.479,0.555906998
0.0,0.365,0.726,0.648,0.982693245
0.023,0.361,0.711,0.602,0.972374533
0.0,0.324,0.702,0.58,0.961268931
0.0,0.222,0.633,0.662,0.983326419
0.218,0.0,0.352,0.886,0.162419727
0.069,0.28,0.476,0.394,0.0
0.073,0.153,0.651,0.92,0.986583843
0.121,0.03,0.173,0.868,0.125746714
0.0,0.0,0.767,0.903,0.999890616
0.458,0.121,0.869,0.803,0.013128482
0.172,0.148,0.99,0.226,0.0
0.0,0.02,0.637,0.989,0.986418563
0.389,0.238,0.523,0.664,0.02517228
0.253,0.129,0.309,0.784,0.063555441
0.0,0.357,0.559,0.539,0.902778882
0.008,0.888,0.492,0.941,6.746e-06
0.041,0.344,0.434,0.581,0.947776157
0.122,0.49,0.17,0.593,0.049328301
0.339,0.042,0.57,0.795,0.052475378
0.095,0.382,0.364,0.505,0.719924597
0.066,0.168,0.454,0.829,0.973627388
0.09,0.059,0.564,0.12,0.0
0.077,0.018,0.102,0.11,0.0
0.164,0.247,0.57,0.716,0.425570013
0.0,0.265,0.571,0.571,0.95115694
0.537,0.132,0.602,1.0,0.00320201
0.126,0.336,0.427,0.549,0.446441143
0.0,0.248,0.522,0.589,0.961599974
0.142,0.459,0.48,0.672,0.242828967
0.0,0.067,0.693,0.846,0.986949099
0.221,0.175,0.472,0.727,0.191226252
0.414,0.781,0.791,0.949,3.5658e-05
0.183,0.425,0.284,0.456,0.082875439
0.0,0.247,0.401,0.788,0.96081212
0.024,0.144,0.56,0.765,0.983665653
0.439,0.332,0.523,0.37,0.0
0.288,0.434,0.451,0.457,0.015745023
0.342,0.27,0.519,0.917,0.047768014
0.185,0.006,0.353,0.876,0.3481816
0.438,0.415,0.688,0.503,0.00805538
0.0,0.377,0.712,0.606,0.973849529
0.317,0.399,0.737,0.919,0.069209193
0.0,0.109,0.818,0.773,0.987213162
0.152,0.329,0.668,0.763,0.449814698
0.429,0.358,0.734,0.366,0.0
0.147,0.148,0.499,0.163,0.0
0.096,0.233,0.543,0.346,0.0
0.516,0.115,0.977,0.796,0.006462326
0.0,0.298,0.615,0.774,0.985821047
0.0,0.077,0.606,0.821,0.985754549
0.505,0.401,0.566,0.862,0.004249108
0.166,0.086,0.53,0.816,0.42094553
0.446,0.461,0.76,0.603,0.009120789
0.404,0.308,0.77,0.431,0.003024683
0.544,0.221,0.893,0.729,0.004475586
0.247,0.173,0.316,0.738,0.07782643
0.026,0.201,0.491,0.932,0.978577132
0.295,0.691,0.827,0.831,0.000734366
0.049,0.211,0.267,0.736,0.865138279
0.42,0.398,0.716,0.622,0.018770669
0.0,0.378,0.577,0.521,0.858542958
0.454,0.824,0.78,0.895,6.264e-06
0.433,0.207,0.549,0.801,0.013456634
0.322,0.0,0.394,0.913,0.036487976
0.053,0.368,0.637,0.536,0.898946589
0.434,0.256,0.903,0.481,0.00660785
0.084,0.0,0.655,0.894,0.98663203
0.148,0.076,0.587,0.523,0.374776353
0.053,0.058,0.159,0.848,0.549319386
0.112,0.0,0.59,0.909,0.647679639
0.681,0.873,0.799,0.985,0.0
0.0,0.056,0.53,0.78,0.981890453
0.087,0.17,0.125,0.735,0.467739207
0.621,0.422,0.937,0.709,0.001184912
0.302,0.321,0.323,0.611,0.016289533
0.257,0.495,0.795,0.759,0.055895674
0.019,0.014,0.544,0.822,0.982907194
0.066,0.417,0.663,0.466,0.557154553
0.0,0.0,0.787,0.894,0.99992001
0.168,0.469,0.552,0.497,0.056300442
0.42,0.011,0.512,0.945,0.01387875
0.0,0.098,0.763,0.866,0.987348085
0.0,0.11,0.782,0.847,0.98736736
0.687,0.21,0.934,0.944,0.000543547
0.138,0.211,0.637,1.0,0.477549549
0.564,0.238,0.986,0.451,0.000575832
0.533,0.071,0.816,0.752,0.005162729
0.025,0.769,0.603,0.849,0.000218768
0.669,0.668,0.963,0.669,0.0
0.659,0.171,0.948,0.522,0.000399468
0.0,0.165,0.503,0.672,0.977613397
0.061,0.245,0.487,0.591,0.959996319
0.499,0.712,0.739,0.984,7.2762e-05
0.588,0.112,0.738,0.309,0.0
0.554,0.151,0.786,0.473,0.001125643
0.898,0.562,0.984,0.891,1.927e-06
0.505,0.483,0.921,0.775,0.004777717
0.23,0.194,0.344,0.791,0.127064622
0.0,0.152,0.499,0.685,0.977770004
0.837,0.251,0.986,0.524,1.3974e-05
0.258,0.36,0.515,0.744,0.125920668
0.222,0.365,0.779,0.534,0.158107494
0.099,0.069,0.38,0.691,0.889269725
0.205,0.491,0.355,0.802,0.088007328
0.0,0.0,0.646,0.95,0.999046384
0.529,0.573,0.726,0.584,0.000208167
0.591,0.145,0.829,0.789,0.002096606
0.329,0.457,0.544,0.915,0.03855326
0.397,0.547,0.85,0.67,0.007307522
0.0,0.447,0.637,0.558,0.594661678
0.0,0.02,0.679,0.897,0.986877782
0.193,0.751,0.572,0.986,0.000370074
0.239,0.347,0.314,0.489,0.053312382
0.0,0.283,0.542,0.629,0.975658942
0.0,0.203,0.878,1.0,0.987468552
0.003,0.36,0.75,0.994,0.987337002
0.193,0.234,0.426,0.718,0.334786164
0.0,0.527,0.74,0.535,0.018273382
0.119,0.378,0.578,0.524,0.457082224
0.126,0.744,0.477,0.77,0.000225032
0.0,0.295,0.468,0.852,0.975743751
0.433,0.263,0.658,0.325,0.0
0.162,0.263,0.487,0.574,0.399341962
0.353,-0.0,0.357,0.837,0.001847962
0.61,0.467,0.69,0.557,0.000461629
0.263,0.461,0.583,0.591,0.066992602
0.147,0.247,0.407,0.589,0.419808323
0.0,0.39,0.648,0.531,0.889333813
0.399,0.494,0.492,0.527,0.003126357
0.214,0.491,0.868,0.836,0.095189564
0.002,0.289,0.725,0.681,0.985218712
0.021,0.205,0.93,0.825,0.98741651
0.1,0.471,0.758,0.947,0.373470974
0.037,0.444,0.154,0.985,0.362685814
0.463,0.29,0.66,0.964,0.011634692
0.048,0.0,0.71,0.986,0.987088359
0.104,0.176,0.829,0.632,0.808261041
0.712,0.895,0.778,0.896,0.0
0.0,0.042,0.846,0.858,0.987435785
0.0,0.448,0.566,0.495,0.368522676
0.306,0.244,0.716,0.763,0.077945452
0.191,0.216,0.55,0.666,0.361248403
0.0,0.425,0.502,0.669,0.746145421
0.123,0.091,0.984,0.949,0.530663402
0.388,0.529,0.551,0.963,0.009326547
0.59,0.311,0.902,0.932,0.00216744
0.054,0.346,0.494,0.491,0.696834949
0.325,0.327,0.418,0.552,0.035097306
0.285,0.323,0.361,0.514,0.038636141
0.529,0.162,0.879,0.611,0.004903484
0.115,0.37,0.809,0.551,0.544189906
0.389,0.507,0.994,0.91,0.01435869
0.044,0.111,0.465,0.805,0.97525851
0.0,0.43,0.679,0.585,0.732335096
0.474,0.828,0.498,0.942,1.446e-06
0.087,0.244,0.435,0.57,0.938782581
0.446,0.06,0.503,0.332,0.0
0.0,0.475,0.664,0.504,0.132059179
0.0,0.103,0.708,0.78,0.98689513
0.092,0.218,0.582,0.725,0.973022163
0.292,0.332,0.439,0.504,0.0476408
0.312,0.286,0.477,0.92,0.062719882
0.681,0.411,0.715,0.625,0.000195638
0.203,0.306,0.29,0.614,0.180454584
0.096,0.291,0.983,0.403,0.0
0.316,0.419,0.453,0.792,0.048063398
0.019,0.851,0.271,0.862,3.373e-06
0.078,0.251,0.48,0.631,0.970901945
0.017,0.241,0.336,0.37,0.0
0.08,0.21,0.834,0.359,0.0
0.146,0.11,0.728,0.727,0.460956922
0.16,0.551,0.339,0.838,0.03343679
0.557,0.144,0.851,0.733,0.003667976
0.653,0.254,0.737,0.287,0.0
0.0,0.337,0.726,0.562,0.940946166
0.136,0.736,0.306,0.857,0.000331525
0.975,0.203,0.991,0.986,0.0
0.032,0.373,0.671,0.527,0.879486368
0.069,0.239,0.249,0.597,0.835399822
0.0,0.119,0.851,0.763,0.987170276
0.197,0.293,0.322,0.763,0.256716872
0.573,0.21,0.981,0.37,0.0
0.208,0.132,0.513,0.705,0.242302768
0.0,0.386,0.562,0.54,0.904189308
0.663,0.001,0.73,0.349,0.0
0.15,0.461,0.406,0.986,0.217483215
0.129,0.078,0.429,0.897,0.485970667
0.382,0.474,0.415,0.603,0.006795778
0.089,0.066,0.64,0.928,0.986074991
0.505,0.224,0.96,0.27,0.0
0.083,0.235,0.636,0.739,0.985861042
0.17,0.245,0.8,0.467,0.232422555
0.834,0.488,0.885,0.54,2.891e-06
0.626,0.195,0.799,0.974,0.001165638
0.414,0.489,0.799,0.847,0.012780573
0.876,0.005,0.943,0.609,1.0119e-05
0.338,0.144,0.732,0.905,0.055760751
0.312,0.46,0.389,0.712,0.026192875
0.0,0.0,0.532,0.932,0.994699457
0.0,0.0,0.794,0.913,0.999930129
0.394,0.725,0.807,0.875,0.000169136
0.373,0.653,0.933,0.666,0.000339717
0.361,0.241,0.897,0.42,0.006132728
0.0,0.011,0.228,0.93,0.802335998
0.139,0.206,0.4,0.676,0.447561967
0.288,0.703,0.814,0.773,0.000478494
0.098,0.074,0.187,0.809,0.545650447
0.0,0.0,0.302,0.84,0.917873865
0.011,0.22,0.699,0.719,0.986207987
0.001,0.177,0.72,0.791,0.987012705
0.021,0.0,0.69,0.856,0.986939943
0.0,0.0,0.703,0.855,0.999537889
0.053,0.181,0.496,0.655,0.975697491
0.167,0.136,0.569,0.701,0.42083711
0.0,0.392,0.757,0.645,0.982411352
0.0,0.35,0.689,0.533,0.893110691
0.38,0.864,0.79,0.95,4.819e-06
0.136,0.347,0.872,0.722,0.482730107
0.257,0.219,0.536,0.985,0.129021968
0.0,0.079,0.619,0.815,0.986043188
0.237,0.032,0.333,0.18,0.0
0.0,0.447,0.723,0.548,0.57873981
0.08,0.326,0.906,0.601,0.972356222
0.396,0.085,0.609,0.761,0.026868454
0.087,0.487,0.897,0.929,0.301994113
0.664,0.222,0.674,0.307,0.0
0.0,0.701,0.238,0.767,0.000230333
0.093,0.113,0.997,0.247,0.0
0.221,0.586,0.522,0.624,0.008051043
0.257,0.078,0.475,0.881,0.123235702
0.194,0.526,0.575,0.535,0.008908768
0.183,0.836,0.693,0.974,4.4332e-05
0.151,0.137,0.565,0.7,0.448120451
0.105,0.573,0.72,0.76,0.031938664
0.397,0.64,0.548,0.759,0.000998911
0.554,0.38,0.938,0.669,0.003765795
0.0,0.466,0.625,0.475,0.077265055
0.638,0.118,0.98,0.32,0.0
0.099,0.097,0.72,0.12,0.0
0.729,0.433,0.831,0.923,0.000207203
0.54,0.235,0.638,0.308,0.0
0.0,0.277,0.334,0.632,0.92489564
0.208,0.1,0.515,0.869,0.243292042
0.138,0.34,0.249,0.964,0.333402722
0.066,0.147,0.816,0.765,0.987162566
0.39,0.455,0.874,0.518,0.010841056
0.0,0.307,0.851,0.53,0.888044336
0.065,0.069,0.6,0.844,0.985607098
0.155,0.0,0.552,0.857,0.441459596
0.0,0.466,0.759,0.599,0.413934839
0.507,0.337,0.857,0.768,0.007223195
0.198,0.121,0.376,0.8,0.276515365
0.359,0.15,0.902,0.913,0.046024617
0.05,0.026,0.828,0.631,0.98041642
0.259,0.285,0.432,0.618,0.109261061
0.606,0.053,0.921,0.174,0.0
0.0,0.0,0.273,0.885,0.884763299
0.261,0.128,0.374,0.316,0.0
0.0,0.062,0.829,0.846,0.987412174
0.053,0.315,0.54,0.975,0.982708664
0.406,0.318,0.577,0.541,0.015393741
0.244,0.978,0.881,0.999,4.82e-07
0.0,0.406,0.531,0.431,0.231484359
0.069,0.572,0.504,0.71,0.030682917
0.0,0.0,0.423,0.945,0.98009887
0.197,0.297,0.699,0.879,0.322238815
0.0,0.346,0.447,0.6,0.958526622
0.0,0.291,0.851,0.987,0.987459879
0.0,0.375,0.552,0.461,0.496784739
0.177,0.444,0.581,0.684,0.289574458
0.336,0.129,0.444,0.708,0.041394833
