0.0,0.278,0.698,0.625,0.978653267
0.0,0.304,0.917,0.532,0.891659306
0.177,0.242,0.377,0.594,0.364048054
0.35,0.031,0.877,0.213,0.0
0.642,0.691,0.717,0.807,1.1083e-05
0.456,0.576,0.697,0.675,0.002136119
0.0,0.24,0.584,0.894,0.985087163
0.172,0.285,0.28,0.56,0.295561181
0.151,0.401,0.575,0.435,0.085973847
0.0,0.378,0.756,0.503,0.761666857
0.105,0.256,0.442,0.62,0.773413824
0.003,0.397,0.261,0.644,0.856601513
0.03,0.097,0.705,0.865,0.987037281
0.145,0.39,0.514,0.488,0.293115221
0.049,0.278,0.259,0.993,0.855949065
0.117,0.065,0.136,0.547,0.083847366
0.2,0.354,0.859,0.529,0.243744998
0.029,0.47,0.202,0.581,0.230881543
0.144,0.577,0.741,0.947,0.025544763
0.427,0.015,0.727,0.416,0.0
0.031,0.09,0.993,0.235,0.0
0.052,0.385,0.388,0.532,0.870122717
0.342,0.116,0.989,0.641,0.052048925
0.147,0.282,0.578,0.678,0.455425082
0.229,0.0,0.238,0.904,0.018959561
0.423,0.245,0.897,0.37,0.0
0.057,0.097,0.342,0.659,0.931359893
0.254,0.35,0.512,0.667,0.129565996
0.101,0.41,0.661,0.588,0.861924222
0.0,0.0,0.634,0.893,0.99888785
0.0,0.192,0.693,0.802,0.986877301
0.0,0.314,0.696,0.595,0.969568618
0.054,0.442,0.557,0.947,0.698213091
0.196,0.178,0.287,0.771,0.234043076
0.43,0.064,0.466,0.772,0.006269097
0.001,0.177,0.72,0.791,0.987012705
0.018,0.52,0.377,0.979,0.11731114
0.619,0.391,0.937,0.848,0.001357903
0.27,0.196,0.427,0.706,0.099333143
0.402,0.295,0.464,0.891,0.01395103
0.0,0.407,0.295,0.506,0.722610527
0.252,0.077,0.984,0.479,0.069770087
0.024,0.127,0.851,0.709,0.986449402
0.178,0.673,0.592,0.908,0.002137083
0.407,0.333,0.696,0.658,0.023283841
0.085,0.527,0.683,0.56,0.058531971
0.671,0.4,0.877,0.6,0.000530536
0.031,0.566,0.279,0.876,0.025511996
0.0,0.017,0.862,0.965,0.987464215
0.414,0.275,0.906,0.796,0.022200602
0.216,0.414,0.817,0.956,0.217629221
0.396,0.451,0.502,0.803,0.0159715
0.279,0.608,0.669,0.977,0.006187661
0.0,0.09,0.863,0.971,0.987464215
0.054,0.613,0.162,0.752,0.000919885
0.289,0.548,0.365,0.781,0.008992612
0.0,0.349,0.646,0.488,0.690930626
0.177,0.266,0.559,0.609,0.398854312
0.282,0.634,0.501,0.952,0.003004444
0.108,0.181,0.456,0.656,0.72320467
0.21,0.323,0.978,0.376,0.0
0.101,0.209,0.623,0.745,0.88203882
0.218,0.107,0.503,0.769,0.203813596
0.429,0.224,0.537,0.895,0.013513012
0.002,0.289,0.725,0.681,0.985218712
0.064,0.124,0.638,0.759,0.986112095
0.324,0.725,0.934,0.85,0.000258281
0.149,0.214,0.192,0.644,0.094275943
0.261,0.717,0.409,0.809,0.000381639
0.148,0.055,0.386,0.918,0.424720481
0.066,0.505,0.595,0.746,0.213877882
0.597,0.855,0.668,0.891,4.82e-07
0.888,0.046,0.974,0.403,0.0
0.231,0.0,0.495,0.91,0.169433309
0.0,0.293,0.536,0.628,0.975105276
0.007,0.111,0.372,0.937,0.947288507
0.007,0.271,0.672,0.565,0.945634256
0.337,0.042,0.39,0.198,0.0
0.794,0.483,0.973,0.91,4.5296e-05
0.246,0.492,0.539,0.675,0.061246813
0.206,0.485,0.502,0.802,0.113136722
0.649,0.098,0.704,0.785,0.000487168
0.0,0.466,0.625,0.475,0.077265055
0.305,0.243,0.752,0.344,0.0
0.16,0.0,0.393,0.912,0.406550219
0.177,0.416,0.39,0.482,0.244974724
0.688,0.437,0.921,0.534,0.000239488
0.348,0.203,0.394,0.755,0.021665248
0.0,0.384,0.848,0.512,0.813185728
0.217,0.33,0.509,0.506,0.139674614
0.0,0.248,0.597,0.66,0.982360274
0.057,0.0,0.645,0.928,0.986515418
0.072,0.21,0.474,0.667,0.974148769
0.407,0.217,0.907,0.464,0.007410159
0.261,0.473,0.508,0.79,0.064539414
0.381,0.699,0.587,0.982,0.000295867
0.141,0.136,0.62,0.325,0.0
0.115,0.37,0.809,0.551,0.544189906
0.106,0.06,0.471,0.921,0.770761144
0.2,0.137,0.347,0.74,0.247966157
0.438,0.386,0.936,0.929,0.016644188
0.14,0.328,0.197,0.485,0.107611146
0.085,0.219,0.477,0.618,0.967809319
0.427,0.802,0.627,0.928,1.9757e-05
0.643,0.119,0.788,0.598,0.000764724
0.39,0.059,0.529,0.305,0.0
0.144,0.268,0.666,0.934,0.465032557
0.219,0.099,0.642,0.651,0.204361962
0.296,0.333,0.446,0.625,0.070071254
0.118,0.504,0.624,0.55,0.100234718
0.313,0.25,0.416,0.586,0.046336385
0.332,0.221,0.397,0.823,0.031210562
0.733,0.126,0.956,0.851,0.000239006
0.623,0.761,0.647,0.8,9.64e-07
0.244,0.081,0.354,0.621,0.101762238
0.013,0.258,0.684,0.575,0.9571586
0.141,0.244,0.266,0.648,0.346971631
0.512,0.039,0.822,0.641,0.006379927
0.17,0.184,0.552,0.784,0.416833272
0.0,0.208,0.735,0.691,0.985666367
0.366,0.146,0.797,0.852,0.042875612
0.128,0.804,0.413,0.81,9.155e-06
0.41,0.928,0.475,0.991,0.0
0.317,0.115,0.812,1.0,0.06937881
0.219,0.363,0.474,0.54,0.162187467
0.232,0.483,0.433,0.943,0.073206766
0.516,0.778,0.937,0.907,1.1565e-05
0.171,0.483,0.549,0.807,0.152514457
0.178,0.489,0.822,0.904,0.140654251
0.125,0.189,0.584,0.648,0.51296296
0.198,0.299,0.528,0.537,0.261599636
0.332,0.091,0.686,0.749,0.058654847
0.293,0.026,0.422,0.811,0.070961745
0.0,0.125,0.626,0.77,0.986017649
0.633,0.378,0.851,0.641,0.001015295
0.425,0.35,0.903,0.577,0.015760924
0.074,0.192,0.645,1.0,0.986518309
0.0,0.043,0.604,0.832,0.985714554
0.078,0.318,0.143,0.583,0.517809584
0.076,0.315,0.847,0.606,0.974147323
0.221,0.187,0.823,0.885,0.202859499
0.548,0.622,0.609,0.668,0.000122394
0.186,0.227,0.282,0.752,0.289930076
0.0,0.421,0.451,0.502,0.514523247
0.065,0.174,0.174,0.213,0.0
0.283,0.358,0.397,0.76,0.074419145
0.34,0.723,0.723,0.936,0.000260208
0.525,0.682,0.682,0.828,9.541e-05
0.367,0.46,0.395,0.512,0.004298741
0.544,0.146,0.996,0.729,0.004481368
0.096,0.291,0.983,0.403,0.0
0.186,0.268,0.462,0.371,0.0
0.61,0.467,0.69,0.557,0.000461629
0.047,0.284,0.814,0.628,0.979756744
0.09,0.477,0.574,0.546,0.266187016
0.294,0.057,0.41,0.907,0.066622528
0.017,0.356,0.678,0.736,0.986296168
0.0,0.141,0.658,0.754,0.986310142
0.635,0.424,0.974,0.48,0.000220695
0.022,0.342,0.291,0.443,0.275925559
0.182,0.203,0.54,0.634,0.394217782
0.256,0.118,0.392,0.164,0.0
0.326,0.422,0.867,0.496,0.024903398
0.505,0.401,0.566,0.862,0.004249108
0.0,0.091,0.641,0.842,0.986435428
0.0,0.042,0.846,0.858,0.987435785
0.108,0.292,0.341,0.855,0.685329879
0.414,0.127,0.499,0.607,0.012810931
0.168,0.416,0.556,0.42,0.082353576
0.073,0.285,0.473,0.597,0.960991375
0.267,0.264,0.548,0.679,0.11662978
0.216,0.092,0.242,0.136,0.0
0.0,0.295,0.356,0.614,0.93212558
0.674,0.284,0.783,0.792,0.000553666
0.0,0.022,0.708,0.888,0.987069084
0.837,0.251,0.986,0.524,1.3974e-05
0.027,0.657,0.678,0.882,0.003467037
0.021,0.109,0.51,0.335,0.0
0.238,0.174,0.959,0.472,0.075225791
0.231,0.047,0.473,0.917,0.166822069
0.519,0.225,0.797,0.342,0.0
0.633,0.11,0.757,0.74,0.000991202
0.0,0.452,0.562,0.697,0.587920833
0.0,0.221,0.614,0.674,0.983748053
0.0,0.35,0.551,0.487,0.684029319
0.241,0.39,0.378,0.89,0.121291367
0.321,0.434,0.677,0.454,0.009837808
0.414,0.161,0.968,0.824,0.022220841
0.126,0.126,0.943,0.173,0.0
0.034,0.13,0.52,0.811,0.981238968
0.638,0.118,0.98,0.32,0.0
0.601,0.825,0.793,0.926,9.64e-07
0.119,0.552,0.788,0.716,0.056036379
0.156,0.243,0.396,0.642,0.411316852
0.0,0.018,0.826,0.939,0.987444459
0.215,0.07,0.314,0.197,0.0
0.058,0.439,0.569,0.495,0.466322517
0.547,0.074,0.611,0.839,0.002798205
0.742,0.066,0.819,0.99,0.000139742
0.191,0.46,0.454,0.615,0.181349412
0.188,0.076,0.546,0.987,0.381383721
0.0,0.351,0.317,0.738,0.917698947
0.199,0.155,0.528,0.682,0.30006857
0.276,0.316,0.357,0.963,0.064658435
0.349,0.563,0.522,0.718,0.007242951
0.0,0.258,0.448,0.665,0.970304911
0.054,0.282,0.663,0.655,0.983013686
0.203,0.306,0.29,0.614,0.180454584
0.316,0.419,0.453,0.792,0.048063398
0.114,0.092,0.611,0.744,0.619990083
0.0,0.248,0.522,0.589,0.961599974
0.111,0.217,0.496,0.595,0.642652315
0.0,0.0,0.625,0.897,0.998752445
0.0,0.004,0.53,0.876,0.982052843
0.482,0.646,0.918,0.792,0.000460184
0.0,0.566,0.301,0.594,0.016723214
0.0,0.208,0.663,0.681,0.984778767
0.141,0.236,0.282,0.711,0.367461122
0.335,0.487,0.613,0.583,0.022324924
0.392,0.663,0.549,0.986,0.000621127
0.23,0.194,0.344,0.791,0.127064622
0.393,0.398,0.586,0.818,0.027526203
0.426,0.111,0.734,0.962,0.018963898
0.0,0.414,0.395,0.675,0.956817438
0.0,0.262,0.762,0.574,0.955887434
0.184,0.0,0.342,0.945,0.345581925
0.321,0.744,0.981,0.958,0.000174918
0.39,0.008,0.821,0.682,0.030696409
0.429,0.358,0.734,0.366,0.0
0.107,0.569,0.227,0.679,0.015577815
0.106,0.061,0.629,0.901,0.780895782
0.163,0.309,0.553,0.528,0.360631613
0.487,0.004,0.908,0.132,0.0
0.745,0.071,0.919,0.262,0.0
0.2,0.373,0.348,0.514,0.193167214
0.719,0.825,0.754,0.826,0.0
0.296,0.346,0.741,0.617,0.083204554
0.008,0.14,0.562,0.778,0.983863701
0.0,0.158,0.32,0.785,0.920165146
0.0,0.176,0.774,0.661,0.984177397
0.509,0.434,0.632,0.455,0.000701599
0.335,0.018,0.886,0.869,0.057609195
0.29,0.815,0.432,0.903,2.7948e-05
0.097,0.343,0.624,0.623,0.934134486
0.251,0.174,0.358,0.923,0.09581792
0.229,0.293,0.493,0.668,0.172296566
0.041,0.371,0.525,0.577,0.954435085
0.215,0.022,0.327,0.857,0.158438055
0.466,0.033,0.599,0.553,0.007400522
0.0,0.0,0.484,0.942,0.99029856
0.253,0.19,0.31,0.722,0.064192469
0.767,0.022,0.993,0.887,0.00010312
0.0,0.426,0.57,0.46,0.254759045
0.337,0.382,0.37,0.454,0.004768561
0.0,0.029,0.64,0.881,0.986453739
0.491,0.066,0.505,0.71,0.001428737
0.0,0.393,0.397,0.537,0.881983887
0.275,0.445,0.701,0.713,0.085985412
0.0,0.436,0.607,0.488,0.45878659
0.025,0.056,0.271,0.883,0.869847089
0.019,0.169,0.699,0.796,0.986896575
0.421,0.815,0.93,0.882,1.4938e-05
0.148,0.237,0.574,0.642,0.450143332
0.127,0.199,0.327,0.679,0.447725802
0.108,0.446,0.752,0.74,0.552384546
0.156,0.512,0.902,0.719,0.097788758
0.108,0.038,0.459,0.733,0.726299223
0.0,0.222,0.453,0.698,0.972377906
0.142,0.344,0.331,0.885,0.409842338
0.0,0.274,0.626,0.62,0.976830362
0.002,0.817,0.034,0.907,0.0
0.956,0.602,0.976,0.949,9.64e-07
0.0,0.324,0.702,0.58,0.961268931
0.829,0.23,0.945,0.674,2.843e-05
0.279,0.487,0.46,0.491,0.002254176
0.346,0.269,0.908,0.759,0.051868707
0.854,0.069,0.945,0.912,1.6383e-05
0.0,0.448,0.566,0.495,0.368522676
0.563,0.001,0.623,0.273,0.0
0.196,0.516,0.551,0.654,0.068360624
0.027,0.333,0.835,0.579,0.960349527
0.285,0.225,0.439,0.611,0.079763056
0.081,0.3,0.091,0.619,0.007141277
0.131,0.315,0.592,0.583,0.47277135
0.267,0.309,0.465,0.528,0.083619442
0.303,0.326,0.695,0.408,0.0
0.789,0.133,0.869,0.907,5.5897e-05
0.05,0.738,0.245,0.964,0.000163353
0.13,0.074,0.595,0.762,0.498698717
0.403,0.138,0.626,0.943,0.024659091
0.068,0.527,0.675,0.951,0.107346119
0.26,0.202,0.305,0.702,0.050694877
0.0,0.015,0.365,0.821,0.944059031
0.295,0.142,0.396,0.762,0.060518229
0.108,0.0,0.613,0.922,0.738375788
0.162,0.263,0.487,0.574,0.399341962
0.0,0.295,0.468,0.852,0.975743751
0.058,0.56,0.456,0.609,0.034545568
0.149,0.419,0.749,0.835,0.369260415
0.24,0.047,0.745,0.108,0.0
0.294,0.248,0.874,0.328,0.0
0.102,0.383,0.633,0.453,0.315193429
0.059,0.0,0.479,0.894,0.977164296
0.154,0.813,0.968,0.964,7.9026e-05
0.369,0.264,0.505,0.573,0.029258999
0.445,0.458,0.856,0.737,0.011159571
0.0,0.163,0.433,0.801,0.969727634
0.069,0.071,0.721,0.913,0.987163048
0.073,0.153,0.651,0.92,0.986583843
0.806,0.238,0.89,0.857,4.2404e-05
0.432,0.1,0.537,0.736,0.012818641
0.077,0.6,0.686,0.801,0.015609618
0.025,0.053,0.205,0.87,0.721535962
0.117,0.074,0.118,0.762,0.011637584
0.022,0.311,0.32,0.516,0.793191597
0.034,0.17,0.645,0.756,0.986166064
0.133,0.405,0.541,0.559,0.446261406
0.0,0.253,0.41,0.69,0.96271357
0.157,0.38,0.275,0.609,0.32380392
0.0,0.281,0.631,0.741,0.985809964
0.164,0.247,0.57,0.716,0.425570013
0.603,0.096,0.822,0.163,0.0
0.0,0.0,0.557,0.872,0.996274682
0.599,0.039,0.745,0.497,0.000642329
0.139,0.381,0.631,0.883,0.475061667
0.397,0.64,0.548,0.759,0.000998911
0.022,0.216,0.209,0.703,0.74220278
0.0,0.288,0.739,0.623,0.978531354
0.0,0.357,0.801,0.545,0.913947608
0.008,0.066,0.21,0.865,0.746977606
0.0,0.431,0.391,0.502,0.507677355
0.046,0.423,0.516,0.465,0.315142351
0.01,0.004,1.0,0.832,0.987430966
0.129,0.373,0.167,0.935,0.079424785
0.097,0.045,0.55,0.791,0.939777637
0.39,0.324,0.784,0.918,0.031127199
0.0,0.447,0.795,0.528,0.543036797
0.876,0.132,0.938,0.161,0.0
0.172,0.014,0.533,0.951,0.413431287
0.076,0.138,0.645,0.771,0.986282194
0.152,0.221,1.0,0.616,0.441010977
0.0,0.093,0.773,0.824,0.987326401
0.165,0.0,0.716,0.953,0.427549043
0.003,0.202,0.731,0.776,0.987028607
0.556,0.051,0.651,0.486,0.001021077
0.623,0.244,0.992,0.564,0.000912657
0.52,0.452,0.756,0.848,0.004799401
0.014,0.233,0.861,0.603,0.973003852
0.018,0.249,0.621,0.92,0.986156909
0.0,0.263,0.72,0.573,0.954902015
0.317,0.399,0.737,0.919,0.069209193
0.0,0.0,0.725,0.906,0.999707025
0.388,0.328,0.473,0.658,0.020601284
0.075,0.291,0.631,0.607,0.973460662
0.0,0.274,0.714,0.562,0.940886897
0.685,0.463,0.843,0.533,0.000161908
0.0,0.122,0.589,0.766,0.98500139
0.543,0.468,0.782,0.698,0.003138885
0.08,0.55,0.957,0.937,0.065638072
0.085,0.465,0.375,0.469,0.041712866
0.276,0.326,0.724,0.765,0.111106614
0.259,0.211,0.305,0.382,0.0
0.867,0.354,0.876,0.898,1.446e-06
0.231,0.0,0.481,0.891,0.16781568
0.094,0.67,0.532,0.917,0.002395364
0.0,0.047,0.839,0.921,0.987451687
0.0,0.527,0.74,0.535,0.018273382
0.121,0.418,0.453,0.802,0.52918455
0.0,0.348,0.775,0.531,0.889807489
0.425,0.045,0.569,0.388,0.0
0.0,0.0,0.56,0.897,0.996444781
0.019,0.781,0.71,0.912,0.000172509
0.509,0.002,0.516,0.599,0.000491987
0.258,0.502,0.675,0.517,0.010530734
0.085,0.154,0.64,0.799,0.986348692
0.344,0.693,0.605,0.724,0.000231296
0.301,0.85,0.549,0.967,1.4456e-05
0.108,0.156,0.382,0.78,0.704579525
0.213,0.077,0.992,0.857,0.228596527
0.19,0.1,0.762,0.608,0.363765198
0.186,0.384,0.38,0.881,0.357808833
0.222,0.384,0.25,0.755,0.056407417
0.621,0.422,0.937,0.709,0.001184912
0.086,0.395,0.151,0.949,0.534898054
0.681,0.411,0.715,0.625,0.000195638
0.0,0.447,0.637,0.558,0.594661678
0.381,0.35,0.482,0.942,0.025691733
0.0,0.099,0.593,0.905,0.985418687
0.238,0.692,0.856,0.91,0.001168529
0.069,0.271,0.7,0.902,0.987021379
0.0,0.239,0.58,0.597,0.968544167
0.048,0.169,0.55,0.934,0.983355812
0.0,0.164,0.003,0.325,0.0
0.49,0.792,0.805,0.794,0.0
0.383,0.864,0.691,0.981,4.337e-06
0.34,0.496,0.998,0.726,0.025572712
0.111,0.42,0.64,0.718,0.555174559
0.001,0.102,0.784,0.798,0.987283515
0.049,0.318,0.645,0.585,0.964029068
0.052,0.233,0.514,0.68,0.978969372
0.339,0.406,0.524,0.507,0.030112386
0.046,0.26,0.363,0.923,0.943276478
0.218,0.106,0.351,0.793,0.161890154
0.102,0.388,0.331,0.471,0.467149402
0.022,0.0,0.84,0.924,0.987452169
0.205,0.199,0.413,0.412,0.0
0.731,0.647,0.79,0.705,6.746e-06
0.003,0.074,0.288,0.93,0.890828566
0.495,0.363,0.51,0.57,0.001190213
0.506,0.396,0.823,0.416,0.0
0.529,0.573,0.726,0.584,0.000208167
0.0,0.026,0.375,0.908,0.948771214
0.139,0.429,0.645,0.658,0.382326254
0.019,0.162,0.531,0.734,0.981544472
0.001,0.837,0.267,0.859,9.155e-06
0.326,0.2,0.583,0.551,0.048054725
0.822,0.005,0.969,0.216,0.0
0.059,0.435,0.522,0.55,0.686239645
0.476,0.235,0.75,0.451,0.002110098
0.0,0.15,0.375,0.687,0.947486073
0.0,0.407,0.515,0.506,0.774080247
0.014,0.239,0.733,0.643,0.982078863
0.039,0.069,0.293,0.148,0.0
0.0,0.195,0.502,0.642,0.97484314
0.391,0.037,0.637,0.071,0.0
0.454,0.824,0.78,0.895,6.264e-06
0.083,0.157,0.18,0.786,0.578919547
0.101,0.35,0.24,0.859,0.723539086
0.0,0.23,0.534,0.607,0.969856775
0.575,0.704,0.98,0.759,2.9876e-05
0.183,0.231,0.513,0.671,0.393284886
0.0,0.0,0.585,0.923,0.997641258
0.196,0.041,0.326,0.996,0.268818013
0.191,0.047,0.444,0.889,0.352274584
0.209,0.156,0.592,0.369,0.0
0.061,0.029,0.497,0.854,0.979215606
0.094,0.417,0.297,0.549,0.830678966
0.901,0.13,0.954,0.336,0.0
0.0,0.222,0.633,0.662,0.983326419
0.012,0.586,0.333,0.837,0.015494452
0.257,0.104,0.638,0.149,0.0
0.373,0.99,0.521,0.99,0.0
0.307,0.23,0.744,1.0,0.077380703
0.102,0.763,0.405,0.941,0.000221659
0.422,0.155,0.843,0.71,0.019936789
0.423,0.587,0.578,0.598,0.000529091
0.247,0.203,0.448,0.7,0.13273283
0.569,0.245,0.581,0.395,0.0
0.0,0.284,0.371,0.625,0.940572237
0.005,0.083,0.296,0.587,0.88649995
0.285,0.183,0.442,0.653,0.082824843
0.355,0.037,0.983,0.838,0.047833548
0.005,0.002,0.627,0.936,0.986269666
0.734,0.044,0.822,0.96,0.000200457
0.0,0.452,0.494,0.665,0.582664622
0.182,0.149,0.545,0.824,0.399896109
0.115,0.219,0.443,0.751,0.589478711
0.129,0.343,0.821,0.567,0.469535128
0.516,0.115,0.977,0.796,0.006462326
0.468,0.132,0.847,0.68,0.011450137
0.0,0.35,0.392,0.584,0.937927748
0.16,0.551,0.339,0.838,0.03343679
0.0,0.131,0.565,0.751,0.983815996
0.0,0.039,0.462,0.88,0.974921203
0.0,0.082,0.704,0.889,0.987043063
0.0,0.18,0.795,0.773,0.987189551
0.0,0.0,0.538,0.958,0.995078205
0.155,0.0,0.552,0.857,0.441459596
0.185,0.147,0.37,0.77,0.355636092
0.0,0.096,0.612,0.837,0.98594055
0.198,0.099,0.953,0.723,0.31415645
0.163,0.289,0.321,0.794,0.364664362
0.34,0.062,0.994,0.23,0.0
0.038,0.087,0.222,0.829,0.787319077
0.096,0.254,0.428,0.582,0.9096932
0.0,0.187,0.656,0.731,0.986017649
0.048,0.202,0.305,0.894,0.90816327
0.045,0.476,0.508,0.864,0.34342364
0.0,0.052,0.611,0.832,0.985905856
0.039,0.745,0.435,0.808,0.000324779
0.0,0.347,0.614,0.49,0.696653285
0.282,0.115,0.428,0.782,0.085086729
0.015,0.298,0.511,0.642,0.975675325
0.072,0.285,0.654,0.552,0.923969008
0.369,0.154,0.404,0.769,0.016041371
0.381,0.248,0.933,0.767,0.035571464
0.017,0.532,0.114,0.993,0.004089128
0.0,0.182,0.822,0.723,0.986678771
0.288,0.033,0.432,0.803,0.078740533
0.351,0.373,0.842,0.644,0.047982926
0.202,0.387,0.251,0.604,0.140480297
0.087,0.17,0.125,0.735,0.467739207
0.109,0.3,0.624,0.583,0.688861005
0.156,0.237,0.281,0.254,0.0
-0.0,0.049,0.626,0.939,0.986256655
0.079,0.266,0.648,0.571,0.952695543
0.0,0.411,0.707,0.604,0.972980722
0.526,0.15,0.617,0.671,0.004201885
0.082,0.033,0.804,0.288,0.0
0.127,0.0,0.439,0.935,0.495037005
0.0,0.0,0.619,0.889,0.998631978
0.24,0.172,0.309,0.664,0.083476809
0.659,0.171,0.948,0.522,0.000399468
0.158,0.469,0.556,0.508,0.090538579
0.898,0.562,0.984,0.891,1.927e-06
0.199,0.408,0.76,0.987,0.307042639
0.038,0.082,0.941,0.924,0.987476744
0.0,0.179,0.511,0.757,0.980286316
0.349,0.623,0.723,0.976,0.002644971
0.408,0.473,0.801,0.532,0.007187537
0.138,0.294,0.356,0.602,0.420877587
0.528,0.286,0.94,0.762,0.005532322
0.02,0.23,0.662,0.934,0.986728404
0.288,0.182,0.863,0.891,0.096629385
0.0,0.091,0.73,0.745,0.986748642
0.825,0.757,0.947,0.804,9.64e-07
0.0,0.122,0.766,0.844,0.987340375
0.651,0.0,0.785,0.85,0.000818693
0.816,0.467,0.902,0.555,6.746e-06
0.0,0.247,0.401,0.788,0.96081212
0.858,0.409,0.973,0.465,4.819e-06
0.113,0.667,0.956,0.699,0.001399343
0.0,0.0,0.665,0.93,0.999283945
0.16,0.132,0.187,0.151,0.0
0.256,0.127,0.306,0.767,0.056880129
0.069,0.466,0.151,0.474,0.050120973
0.095,0.621,0.36,0.981,0.006604477
0.121,0.709,0.478,0.967,0.000901092
0.423,0.535,0.558,0.654,0.004865417
0.0,0.346,0.438,0.491,0.693107222
0.295,0.125,0.826,0.871,0.089065991
0.009,0.223,0.533,0.655,0.97870579
0.008,0.269,0.36,0.678,0.940435868
0.09,0.121,0.398,0.92,0.954223063
0.157,0.091,0.561,0.112,0.0
0.0,0.1,0.572,0.825,0.984526751
0.0,0.187,0.698,0.827,0.986958254
0.351,0.366,0.575,0.682,0.046379271
0.084,0.0,0.655,0.894,0.98663203
0.064,0.127,0.681,0.677,0.984777322
0.317,0.12,0.652,0.716,0.068195343
0.145,0.318,0.56,0.518,0.371962729
0.031,0.231,0.487,0.944,0.978123213
0.0,0.342,0.702,0.541,0.907368189
0.173,0.065,0.397,0.836,0.389330681
0.0,0.307,0.773,0.529,0.886139513
0.023,0.048,0.433,0.979,0.969815334
0.173,0.126,0.395,0.792,0.38846332
-0.0,0.36,0.701,0.477,0.647979843
0.139,0.297,0.158,0.636,0.036015746
0.133,0.283,0.157,0.989,0.049173139
0.643,0.107,0.821,0.801,0.000944942
0.0,0.0,0.629,0.861,0.998800632
0.302,0.395,0.934,0.433,0.011808165
0.353,0.064,0.772,0.123,0.0
0.129,0.603,0.657,0.887,0.014206901
0.019,0.127,0.472,0.925,0.976278624
0.091,0.423,0.468,0.483,0.438597303
0.124,0.104,0.432,0.779,0.506885165
0.246,0.52,0.427,0.558,0.017031127
0.08,0.21,0.834,0.359,0.0
0.37,0.35,0.49,0.635,0.03090554
0.443,0.319,0.695,0.685,0.014887298
0.114,0.181,0.388,0.712,0.589122129
0.241,0.342,0.824,0.5,0.096894894
0.505,0.483,0.921,0.775,0.004777717
0.22,0.287,0.227,0.649,0.018173635
0.072,0.371,0.478,0.517,0.835195029
0.302,0.834,0.804,0.936,2.2166e-05
0.131,0.325,0.441,0.9,0.48169602
0.707,0.647,0.811,0.758,2.072e-05
0.127,0.238,0.821,0.291,0.0
0.204,0.027,0.49,0.81,0.262788886
0.267,0.054,0.306,0.832,0.043699124
0.13,0.134,0.593,0.834,0.49887508
0.414,0.006,0.959,0.007,0.0
0.399,0.721,0.661,0.758,0.000102156
0.0,0.365,0.726,0.648,0.982693245
0.061,0.079,0.647,0.411,0.0
0.204,0.121,0.714,0.881,0.271501051
0.309,0.404,0.955,0.953,0.075855592
0.069,0.019,0.48,0.818,0.977229348
0.095,0.394,0.765,0.717,0.959777069
0.701,0.043,0.949,0.792,0.000444282
0.121,0.0,0.569,0.848,0.540162939
0.024,0.046,0.691,0.79,0.986826705
0.174,0.415,0.633,0.753,0.414748713
0.213,0.784,0.322,0.968,7.5653e-05
0.236,0.027,0.66,0.977,0.166816768
0.457,0.407,0.48,0.628,0.002936983
0.0,0.0,0.646,0.95,0.999046384
0.06,0.071,0.484,0.806,0.97769435
0.0,0.6,0.257,0.651,0.005507746
0.238,0.33,0.946,0.876,0.163808951
0.248,0.201,0.494,0.705,0.137385261
0.079,0.258,0.782,0.928,0.987398199
0.027,0.16,1.0,0.87,0.987464697
0.017,0.141,0.707,0.737,0.986496625
0.164,0.213,0.592,0.664,0.424538817
0.136,0.347,0.872,0.722,0.482730107
0.322,0.135,0.591,0.217,0.0
0.319,0.08,0.626,0.971,0.066705891
0.0,0.243,0.26,0.687,0.856593803
0.0,0.401,0.75,0.501,0.747084099
0.329,0.457,0.544,0.915,0.03855326
0.119,0.458,0.536,0.75,0.309108887
0.588,0.112,0.738,0.309,0.0
0.102,0.0,0.625,0.91,0.85826733
0.0,0.196,0.846,0.641,0.981927075
0.0,0.205,0.593,0.632,0.978709645
0.0,0.37,0.611,0.552,0.923525208
0.0,0.114,0.307,0.937,0.909932206
0.369,0.11,0.861,0.259,0.0
0.019,0.22,0.046,0.759,0.0
0.0,0.344,0.796,0.492,0.703338234
0.089,0.199,0.818,0.638,0.981173916
0.329,0.238,0.456,0.663,0.046854393
0.0,0.273,0.39,0.564,0.918937347
0.149,0.297,0.588,0.578,0.429616737
0.08,0.221,0.359,0.874,0.941440562
0.107,0.237,0.399,0.4,0.0
0.0,0.194,0.301,0.81,0.904373382
0.521,0.017,0.884,0.871,0.006078759
0.048,0.746,0.359,0.801,0.000270328
0.46,0.907,0.589,0.959,1.446e-06
0.082,0.723,0.444,0.753,0.000315141
0.0,0.459,0.437,0.464,0.061441488
0.124,0.784,0.565,0.979,0.000163835
0.094,0.015,0.225,0.579,0.764645762
0.098,0.193,0.464,0.695,0.9224704
0.2,0.411,0.534,0.426,0.04554564
0.167,0.385,0.734,0.566,0.394791686
0.042,0.516,0.668,0.549,0.083801588
0.623,0.115,0.791,0.929,0.001209969
0.609,0.291,0.976,0.318,0.0
0.05,0.922,0.11,0.975,0.0
0.022,0.31,0.73,0.576,0.958158958
0.0,0.406,0.531,0.431,0.231484359
0.925,0.349,0.944,0.788,9.64e-07
0.472,0.651,0.972,0.855,0.000485723
0.611,0.58,0.929,0.966,0.000345499
0.0,0.461,0.561,0.479,0.157856441
0.078,0.19,0.824,0.72,0.986643595
0.04,0.736,0.858,0.925,0.000582096
0.125,0.203,0.596,0.679,0.515779476
0.193,0.474,0.742,0.542,0.113199365
0.486,0.238,0.571,0.993,0.006524005
0.013,0.003,0.865,0.498,0.733679989
0.273,0.529,0.447,0.843,0.023331546
0.342,0.518,0.579,0.945,0.017505285
0.946,0.627,0.949,0.879,0.0
0.301,0.032,0.314,0.972,0.011342199
0.234,0.24,0.368,0.636,0.126762973
0.725,0.018,0.864,0.448,4.9632e-05
0.086,0.35,0.435,0.687,0.968768236
0.0,0.002,0.629,0.896,0.986297614
0.811,0.109,0.879,0.457,9.637e-06
0.158,0.0,0.389,0.928,0.408371678
0.0,0.247,0.637,0.768,0.986160282
0.785,0.657,0.828,0.669,4.82e-07
0.0,0.0,0.787,0.894,0.99992001
0.158,0.064,0.538,0.872,0.435105209
0.0,0.277,0.334,0.632,0.92489564
0.521,0.208,0.536,0.708,0.001035533
0.093,0.113,0.997,0.247,0.0
0.438,0.429,0.748,0.642,0.013702868
0.0,0.079,0.934,0.974,0.987478189
0.175,0.132,0.409,0.841,0.391210928
0.0,0.298,0.688,0.606,0.973722798
0.142,0.459,0.48,0.672,0.242828967
0.116,0.071,0.683,0.889,0.590180792
0.728,0.723,0.773,0.993,1.446e-06
0.796,0.729,0.819,0.803,0.0
0.0,0.451,0.774,0.609,0.598675153
0.684,0.388,0.727,0.546,0.000179737
0.261,0.128,0.374,0.316,0.0
0.0,0.0,0.575,0.888,0.997251427
0.0,0.084,0.461,0.941,0.974788689
0.0,0.283,0.542,0.629,0.975658942
0.334,0.272,0.524,0.634,0.050305046
0.606,0.053,0.921,0.174,0.0
0.354,0.204,0.782,0.967,0.048210368
0.0,0.421,0.643,0.455,0.192717632
-0.0,0.351,0.516,0.696,0.979678199
0.152,0.314,0.778,0.772,0.45047052
0.511,0.018,0.52,0.997,0.0007122
0.0,0.15,0.669,0.829,0.986746715
0.252,0.678,0.295,0.878,0.000462111
0.31,0.79,0.676,0.893,6.2161e-05
0.11,0.293,0.661,0.971,0.687834627
0.427,0.321,0.54,0.918,0.014156305
0.012,0.205,0.914,0.52,0.856534052
0.049,0.203,0.661,0.695,0.98529292
0.257,0.586,0.513,0.868,0.010739382
0.063,0.198,0.659,0.678,0.984617342
0.131,0.634,0.542,0.702,0.005083703
0.977,0.052,0.986,0.392,0.0
0.214,0.023,0.332,0.965,0.165037713
0.629,0.158,0.702,0.476,0.000199493
0.626,0.195,0.799,0.974,0.001165638
0.0,0.159,0.675,0.817,0.986777072
0.119,0.02,0.588,0.83,0.554423327
0.241,0.123,0.48,0.824,0.148258121
0.04,0.33,0.467,0.35,0.0
0.545,0.11,0.648,0.94,0.00352197
0.139,0.05,0.693,0.133,0.0
0.296,0.437,0.319,0.821,0.016622504
0.339,0.103,0.387,0.858,0.02285016
0.621,0.744,0.773,0.835,3.373e-06
0.0,0.337,0.611,0.559,0.935984376
0.205,0.388,0.322,0.418,0.0
0.077,0.242,0.38,0.686,0.949997085
0.136,0.073,0.349,0.713,0.432317123
0.163,0.789,0.791,0.948,0.000145524
0.315,0.129,0.743,1.0,0.070799838
0.049,0.441,0.812,0.471,0.337789645
0.663,0.225,0.909,0.401,0.0
0.389,0.507,0.994,0.91,0.01435869
0.179,0.292,0.655,0.898,0.409245786
0.276,0.116,0.342,0.774,0.057504148
0.148,0.076,0.587,0.523,0.374776353
0.245,0.526,0.427,0.754,0.031596538
0.118,0.229,0.379,0.755,0.52907613
0.481,0.446,0.532,0.647,0.003734955
0.263,0.461,0.583,0.591,0.066992602
0.845,0.47,0.967,0.641,1.1083e-05
0.728,0.015,0.988,0.916,0.000266955
0.25,0.055,0.632,0.582,0.129287477
0.0,0.427,0.518,0.58,0.725066124
0.163,0.0,0.653,0.932,0.430408445
0.256,0.166,0.917,0.696,0.134365397
0.113,0.155,0.437,0.733,0.617849146
0.099,0.069,0.38,0.691,0.889269725
0.0,0.262,0.55,0.574,0.952713854
0.276,0.183,0.418,0.484,0.048839205
0.0,0.291,0.825,0.613,0.976157675
0.032,0.277,0.465,0.559,0.927941524
0.0,0.129,0.749,0.849,0.987302308
0.0,0.095,0.842,0.809,0.987364951
0.646,0.453,0.766,0.793,0.000715091
0.06,0.001,0.847,0.874,0.987446386
0.44,0.257,0.645,0.794,0.01526701
0.19,0.369,0.348,0.514,0.263890917
0.143,0.18,0.564,0.656,0.460991134
0.0,0.701,0.238,0.767,0.000230333
0.041,0.413,0.42,0.525,0.862366577
0.857,0.113,0.871,0.396,0.0
0.072,0.506,0.64,0.791,0.209556976
0.092,0.32,0.601,0.467,0.562942264
0.121,0.143,0.929,0.439,0.110912421
0.615,0.017,0.653,0.77,0.000568604
0.304,0.189,0.31,0.691,0.005190677
0.0,0.31,0.802,0.616,0.977034674
0.273,0.246,0.278,0.639,0.006062376
0.0,0.385,0.737,0.451,0.376164614
0.0,0.381,0.743,0.525,0.874881159
0.821,0.796,0.884,0.852,0.0
0.04,0.171,0.997,0.878,0.987469998
0.52,0.311,0.531,0.332,0.0
0.273,0.284,0.355,0.707,0.067046571
0.032,0.128,0.694,0.708,0.985961752
0.236,0.419,0.317,0.474,0.033045514
0.072,0.087,0.291,0.649,0.892048173
0.217,0.345,0.48,0.436,0.032784823
0.113,0.24,0.729,0.803,0.634849433
0.688,0.138,0.694,0.252,0.0
0.211,0.019,0.329,0.863,0.175115492
0.343,0.113,0.886,0.758,0.053372615
0.26,0.0,0.292,0.9,0.038128253
0.103,0.29,0.237,0.589,0.664129634
0.235,0.211,0.482,0.753,0.159391189
0.022,0.077,0.974,0.806,0.987385189
0.502,0.032,0.691,0.747,0.007205366
0.0,0.097,0.832,0.988,0.98744735
0.599,0.187,0.764,0.354,0.0
0.329,0.642,0.937,0.957,0.002055165
0.103,0.044,0.835,0.554,0.778827125
0.141,0.097,0.573,0.798,0.468784378
0.0,0.158,0.75,0.679,0.985283765
0.0,0.018,0.644,0.865,0.986487952
0.834,0.488,0.885,0.54,2.891e-06
0.429,0.801,0.439,0.869,9.64e-07
0.363,0.118,0.421,0.807,0.023790284
0.327,0.17,0.743,0.998,0.062318487
0.0,0.0,0.273,0.885,0.884763299
0.194,0.526,0.575,0.535,0.008908768
0.0,0.291,0.851,0.987,0.987459879
0.0,0.363,0.413,0.473,0.616791446
0.119,0.378,0.578,0.524,0.457082224
0.0,0.453,0.731,0.618,0.572233634
0.254,0.0,0.659,0.888,0.137271059
0.806,0.134,0.896,0.228,0.0
0.493,0.079,0.7,0.857,0.008213433
0.008,0.121,0.546,0.819,0.983021878
0.138,0.037,0.723,0.875,0.47829789
0.0,0.016,0.556,0.864,0.983696975
0.152,0.207,0.882,0.962,0.450774096
0.255,0.41,0.938,0.935,0.136699082
0.542,0.534,0.59,0.793,0.000837004
0.044,0.056,0.112,0.136,0.0
0.0,0.358,0.629,0.643,0.981210538
0.071,0.163,0.629,0.673,0.983987541
0.0,0.069,0.738,0.841,0.98723581
0.8,0.122,0.807,0.401,0.0
0.069,0.01,0.865,0.287,0.0
0.833,0.762,0.85,0.907,0.0
0.23,0.281,0.338,0.638,0.121782871
0.0,0.129,0.562,0.76,0.983748535
0.0,0.021,0.305,0.987,0.908164716
0.166,0.139,0.672,0.857,0.425758905
0.486,0.142,0.992,0.367,0.0
0.554,0.38,0.938,0.669,0.003765795
0.416,0.823,0.86,1.0,1.3974e-05
0.0,0.133,0.448,0.703,0.971742804
0.381,0.592,0.63,0.953,0.003769168
0.0,0.212,0.687,0.773,0.986707683
0.037,0.444,0.154,0.985,0.362685814
0.26,0.184,0.427,0.993,0.111409227
0.0,0.078,0.739,0.818,0.98720738
0.106,0.207,0.698,0.256,0.0
0.195,0.617,0.733,0.972,0.008092484
0.061,0.245,0.487,0.591,0.959996319
0.536,0.656,0.884,0.832,0.000202866
0.148,0.175,0.395,0.36,0.0
0.651,0.379,0.89,0.899,0.000888564
0.554,0.151,0.786,0.473,0.001125643
0.396,0.166,0.924,0.934,0.02851114
0.699,0.059,0.834,0.7,0.000421152
0.216,0.732,0.417,0.918,0.000377302
0.182,0.062,0.528,0.775,0.398661083
0.0,0.0,0.617,0.897,0.998591983
0.079,0.0,0.482,0.839,0.977491002
0.161,0.237,0.474,0.405,0.0
0.121,0.824,0.189,0.921,1.446e-06
0.0,0.123,0.605,0.76,0.985486149
0.082,0.104,0.165,0.2,0.0
0.368,0.647,0.737,0.983,0.001344411
0.46,0.732,0.872,0.845,7.4689e-05
0.039,0.359,0.299,0.374,0.0
0.138,0.34,0.249,0.964,0.333402722
0.311,0.581,0.393,0.629,0.002750982
0.233,0.02,0.465,0.857,0.161483458
0.0,0.0,0.589,0.911,0.997784373
0.356,0.563,0.967,0.565,0.000343572
0.0,0.085,0.696,0.752,0.98659589
0.698,0.046,0.907,0.057,0.0
0.459,0.844,0.832,0.986,3.373e-06
0.146,0.131,0.437,0.703,0.444119505
0.258,0.36,0.515,0.744,0.125920668
0.126,0.336,0.427,0.549,0.446441143
0.282,0.673,0.451,0.756,0.000822548
0.818,0.037,0.871,0.92,2.4093e-05
0.012,0.375,0.718,0.592,0.968156264
0.149,0.768,0.878,0.945,0.000259727
0.479,0.308,0.978,0.851,0.010308593
0.0,0.265,0.825,0.714,0.98653132
0.0,0.339,0.656,0.537,0.900516996
0.287,0.518,0.692,0.81,0.030362957
0.234,0.175,0.495,0.796,0.163087113
0.218,0.306,0.365,0.714,0.167802188
0.173,0.401,0.908,0.763,0.417201901
0.158,0.109,0.615,0.431,0.084576431
0.772,0.853,0.912,0.962,0.0
0.132,0.186,0.603,0.777,0.492111587
0.027,0.037,0.328,0.569,0.898409307
0.313,0.747,0.607,0.87,0.000163835
0.227,0.321,0.474,0.515,0.12648108
0.109,0.056,0.472,0.929,0.702876605
0.455,0.386,0.716,0.806,0.013294726
0.0,0.261,0.763,0.576,0.958268341
0.01,0.136,0.635,0.588,0.965343121
0.172,0.411,0.362,0.425,0.075979432
0.012,0.3,0.846,0.606,0.974146841
0.0,0.1,0.725,0.737,0.986619983
0.108,0.45,0.843,0.469,0.164934112
0.486,0.407,0.733,0.675,0.009014778
0.836,0.23,0.977,0.836,2.7948e-05
0.012,0.444,0.698,0.454,0.111431874
0.0,0.236,0.461,0.769,0.97457233
0.306,0.391,0.719,0.463,0.028117454
0.0,0.346,0.447,0.6,0.958526622
0.0,0.24,0.768,0.643,0.982208486
0.103,0.0,0.616,0.873,0.836316334
0.042,0.006,0.988,0.764,0.98719196
0.0,0.308,0.653,0.569,0.949767716
0.171,0.321,0.232,0.607,0.241521661
0.0,0.315,0.566,0.522,0.861553184
0.003,0.005,0.556,0.881,0.983708058
0.0,0.13,0.359,0.902,0.941444899
0.002,0.123,0.263,0.814,0.860820264
0.493,0.33,0.689,0.357,0.0
0.0,0.275,0.574,0.562,0.939137717
0.068,0.264,0.472,0.619,0.967434426
0.422,0.02,0.958,0.642,0.01914508
0.143,0.344,0.338,0.924,0.41177029
0.315,0.018,0.316,0.87,0.000774361
0.186,0.298,0.279,0.404,0.0
0.075,0.707,0.743,0.98,0.001070228
0.834,0.12,0.969,0.613,2.4575e-05
0.0,0.056,0.72,0.889,0.987149074
0.016,0.181,0.472,0.697,0.975047452
0.721,0.274,0.832,0.506,0.000118058
0.184,0.433,0.753,0.647,0.319963436
0.235,0.092,0.458,0.778,0.156308682
0.614,0.144,0.776,0.611,0.00119455
0.307,0.0,0.335,0.982,0.019925706
0.092,0.2,0.098,0.927,0.040172335
0.229,0.153,0.853,0.769,0.182569983
0.302,0.249,0.467,1.0,0.070247617
0.292,0.006,0.398,0.108,0.0
0.867,0.338,0.957,0.483,3.855e-06
0.0,0.699,0.187,0.823,9.6855e-05
0.0,0.152,0.499,0.685,0.977770004
0.171,0.276,0.667,0.956,0.419063355
0.029,0.039,0.638,0.859,0.986409889
0.301,0.112,0.831,0.708,0.082556924
0.169,0.395,0.48,0.442,0.11058186
0.301,0.884,0.516,0.894,4.82e-07
0.0,0.238,0.826,0.727,0.986743341
0.0,0.08,0.583,0.757,0.984727208
0.171,0.451,0.235,0.461,0.034430401
0.129,0.078,0.429,0.897,0.485970667
0.08,0.015,0.631,0.884,0.986323153
0.0,0.175,0.847,0.782,0.987283515
0.237,0.124,0.726,0.501,0.102406977
0.308,0.442,0.406,0.454,0.006085505
0.517,0.691,0.668,0.926,8.1917e-05
0.183,0.097,0.412,0.783,0.379155566
0.122,0.49,0.17,0.593,0.049328301
0.184,0.076,0.325,0.461,0.175539053
0.08,0.476,0.25,0.496,0.066331961
0.147,0.215,0.837,0.57,0.430243165
0.116,0.037,0.529,0.734,0.58470244
0.115,0.122,0.461,0.856,0.592761675
0.0,0.359,0.393,0.477,0.636777867
0.312,0.508,0.367,0.656,0.010747092
0.312,0.464,0.846,0.58,0.037931169
0.032,0.009,0.241,0.416,0.0
0.0,0.009,0.465,0.828,0.975293686
0.147,0.136,0.717,0.233,0.0
0.774,0.292,0.996,0.782,9.0109e-05
0.341,0.049,0.528,0.764,0.048880646
0.058,0.386,0.457,0.788,0.9740071
0.0,0.398,0.447,0.533,0.883823658
0.197,0.963,0.484,0.999,0.0
0.061,0.06,0.708,0.271,0.0
0.207,0.282,0.506,0.555,0.217265893
0.699,0.397,0.715,0.822,0.00010071
0.397,0.112,0.54,0.989,0.023353712
0.0,0.41,0.838,0.427,0.232042362
0.0,0.1,0.584,0.736,0.984520968
0.177,0.444,0.581,0.684,0.289574458
0.0,0.245,0.39,0.591,0.940624761
0.206,0.29,0.576,0.745,0.257278248
0.059,0.0,0.215,0.931,0.766536611
0.0,0.047,0.683,0.832,0.986862363
0.701,0.208,0.905,0.559,0.000292975
0.123,0.091,0.984,0.949,0.530663402
0.17,0.198,0.385,0.698,0.386423092
0.391,0.543,0.547,0.942,0.007435217
0.352,0.18,0.875,0.495,0.025865205
0.0,0.349,0.574,0.487,0.684564674
0.07,0.181,0.123,0.619,0.456805632
0.0,0.466,0.759,0.599,0.413934839
0.546,0.298,0.692,0.648,0.003713271
0.399,0.467,0.495,0.496,0.002854102
0.615,0.189,0.693,0.427,8.3363e-05
0.0,0.031,0.743,0.963,0.987307126
0.055,0.811,0.089,0.968,0.0
0.0,0.231,0.645,0.719,0.985710217
0.198,0.121,0.376,0.8,0.276515365
0.128,0.345,0.248,0.87,0.361237802
0.648,0.489,0.821,0.617,0.000506925
0.489,0.849,0.49,0.895,0.0
0.027,0.508,0.218,0.801,0.127057394
0.192,0.329,0.764,0.731,0.360579571
0.0,0.094,0.756,0.817,0.987278214
0.483,0.659,0.483,0.757,0.0
0.029,0.263,0.869,0.991,0.987465661
0.035,0.065,0.699,0.913,0.987016078
0.331,0.385,0.402,0.565,0.029330797
0.888,0.52,0.947,0.898,2.409e-06
0.796,0.132,0.922,0.164,0.0
0.38,0.542,0.865,0.746,0.009769383
0.366,0.279,0.502,0.996,0.035198498
0.763,0.338,0.777,0.65,2.6021e-05
0.16,0.814,0.668,0.847,4.5296e-05
0.213,0.213,0.26,0.427,0.015458311
0.212,0.463,0.596,0.565,0.10959114
0.075,0.5,0.82,0.976,0.244954485
0.181,0.215,0.524,0.622,0.393511846
0.222,0.365,0.779,0.534,0.158107494
0.606,0.195,0.996,0.498,0.000645703
0.334,0.123,0.985,0.243,0.0
0.347,0.205,0.401,0.227,0.0
0.426,0.216,0.755,0.602,0.01687452
0.21,0.049,0.511,0.788,0.233502903
0.177,0.293,0.305,0.589,0.324663572
0.132,0.417,0.413,0.461,0.229022016
0.093,0.527,0.488,0.664,0.101269287
0.205,0.432,0.372,0.497,0.106605007
0.124,0.0,0.617,0.965,0.523513451
0.236,0.332,0.874,0.768,0.167388745
0.0,0.215,0.797,0.667,0.984730581
0.064,0.384,0.639,0.452,0.395261507
0.197,0.444,0.856,0.813,0.246934961
0.282,0.247,0.448,0.72,0.088804337
0.239,0.176,0.303,0.688,0.080335033
0.037,0.297,0.146,0.697,0.525549823
0.102,0.159,0.829,0.844,0.859442605
0.075,0.188,0.513,0.464,0.536809622
0.094,0.255,0.844,0.755,0.966556464
0.428,0.064,0.897,0.499,0.008876001
0.0,0.224,0.369,0.741,0.945502706
0.227,0.808,0.602,0.847,4.385e-05
0.261,0.266,0.287,0.57,0.028500057
0.618,0.474,0.872,0.917,0.000996502
0.298,0.444,0.301,0.746,0.002201171
0.17,0.147,0.395,0.759,0.391824828
0.325,0.25,0.469,0.573,0.045294105
0.25,0.0,0.298,0.897,0.057747491
0.4,0.25,0.462,0.663,0.014084507
0.534,0.544,0.544,0.721,0.000190338
0.69,0.144,0.84,0.274,0.0
0.563,0.182,0.583,0.522,0.000530054
0.006,0.147,0.544,0.689,0.981393166
0.308,0.31,0.381,0.526,0.030262247
0.193,0.234,0.426,0.718,0.334786164
0.256,0.072,0.977,0.886,0.135358526
0.121,0.192,0.611,0.645,0.536865037
0.195,0.131,0.447,0.478,0.184389515
0.185,0.006,0.353,0.876,0.3481816
0.227,0.089,0.315,0.829,0.116530033
0.095,0.182,0.684,0.513,0.795999439
0.136,0.304,0.365,0.453,0.178611441
0.379,0.15,0.481,0.835,0.026625592
0.533,0.36,0.971,0.418,0.0
0.204,0.596,0.507,0.646,0.00811224
0.0,0.0,0.691,0.924,0.99948922
0.0,0.012,0.942,0.825,0.987417474
0.622,0.62,0.627,0.752,1.2047e-05
0.0,0.378,0.776,0.886,0.987385671
0.433,0.22,0.836,0.895,0.017635389
0.637,0.325,0.687,0.585,0.000426935
0.117,0.505,0.403,0.533,0.072473845
0.318,0.14,0.999,0.553,0.054580657
0.0,0.26,0.593,0.648,0.981014418
0.03,0.136,0.407,0.958,0.962956431
0.0,0.0,0.598,0.931,0.998099996
0.562,0.491,0.864,0.624,0.001896149
0.103,0.281,0.198,0.719,0.52281667
0.327,0.544,0.766,0.753,0.014736956
0.265,0.491,0.313,0.977,0.019490097
0.006,0.204,0.58,0.791,0.984810571
0.65,0.547,0.794,0.586,0.00013155
0.109,0.265,0.701,0.762,0.713337468
0.094,0.551,0.58,0.896,0.063437865
0.795,0.108,0.962,0.585,4.1441e-05
0.0,0.24,0.789,0.597,0.970617162
0.355,0.051,0.847,0.293,0.0
0.078,0.38,0.316,0.54,0.853696816
0.268,0.462,0.785,0.832,0.073697307
0.207,0.239,0.396,0.268,0.0
0.411,0.721,0.927,0.896,0.00017299
0.079,0.393,0.697,0.879,0.986997286
0.052,0.431,0.207,0.656,0.540124871
0.069,0.572,0.504,0.71,0.030682917
0.214,0.378,0.412,0.601,0.193045784
0.298,0.638,0.341,0.796,0.000722319
0.59,0.311,0.902,0.932,0.00216744
0.046,0.232,0.518,0.671,0.978842159
0.368,0.623,0.951,0.741,0.002166477
0.278,0.07,0.885,0.928,0.109017718
0.48,0.31,0.965,0.92,0.010182825
0.053,0.135,0.36,0.868,0.941883881
0.588,0.453,0.664,0.493,0.000269364
0.458,0.121,0.869,0.803,0.013128482
0.689,0.374,0.97,0.497,0.000184555
0.035,0.321,0.111,0.474,0.265828024
0.102,0.263,0.825,0.584,0.835787726
0.032,0.148,0.491,0.866,0.978559303
0.133,0.13,0.753,0.301,0.0
0.137,0.09,0.88,0.948,0.481008876
0.101,0.07,0.478,0.951,0.873351712
0.151,0.369,0.252,0.432,0.063802639
0.168,0.111,0.381,0.772,0.387798824
0.153,0.182,0.35,0.741,0.398530015
0.251,0.404,0.31,0.489,0.040443145
0.187,0.325,0.409,0.761,0.366268018
0.0,0.271,0.489,0.566,0.940190116
0.235,0.374,0.331,0.532,0.087947577
0.135,0.288,0.789,0.633,0.479342097
0.0,0.39,0.837,0.447,0.339026117
0.097,0.034,0.209,0.631,0.697481616
0.446,0.06,0.503,0.332,0.0
0.08,0.614,0.65,0.891,0.010942731
0.0,0.23,0.739,0.706,0.986186784
0.212,0.221,0.45,0.745,0.217584408
0.047,0.394,0.5,0.482,0.663920985
0.121,0.03,0.173,0.868,0.125746714
0.341,0.025,0.878,0.33,0.0
0.274,0.0,0.275,0.849,0.001240809
0.05,0.026,0.828,0.631,0.98041642
0.515,0.27,0.517,0.745,0.000176845
0.013,0.237,0.689,0.663,0.983950919
0.185,0.492,0.77,0.824,0.132767524
0.573,0.096,0.865,0.596,0.002385726
0.168,0.324,0.388,0.56,0.364154546
0.253,0.291,0.6,0.434,0.022048332
0.295,0.712,0.638,0.811,0.000414888
0.664,0.222,0.674,0.307,0.0
0.197,0.211,0.282,0.568,0.20800729
0.109,0.165,0.627,0.671,0.710418796
0.117,0.077,0.155,0.1,0.0
0.079,0.277,0.567,0.559,0.934791754
0.0,0.0,0.772,0.94,0.99990459
0.598,0.279,0.879,0.804,0.001885066
0.323,0.115,0.391,0.721,0.0343268
0.311,0.052,0.451,0.873,0.05992746
0.0,0.236,0.616,0.861,0.986040779
0.492,0.198,0.818,0.535,0.005554006
0.259,0.285,0.432,0.618,0.109261061
0.045,0.025,0.728,0.037,0.0
0.0,0.015,0.455,1.0,0.973816762
0.0,0.404,0.721,0.482,0.666619926
0.273,0.131,0.472,0.986,0.104034243
0.203,0.154,0.687,0.494,0.167605586
0.269,0.129,0.554,0.913,0.116024554
0.051,0.159,0.173,0.781,0.569983795
0.0,0.384,0.587,0.521,0.858746306
0.052,0.088,0.806,0.895,0.987425666
0.14,0.017,0.557,0.886,0.470176976
0.0,0.194,0.579,0.697,0.98356687
0.0,0.2,0.793,0.708,0.986383868
0.0,0.0,0.753,0.973,0.999865077
0.732,0.094,0.984,0.313,0.0
0.183,0.587,0.766,0.699,0.015462648
0.573,0.034,0.954,0.9,0.00284591
0.826,0.552,0.844,0.894,2.409e-06
0.334,0.837,0.504,0.84,4.82e-07
0.001,0.026,0.45,0.897,0.973042883
0.231,0.714,0.658,0.827,0.000654376
0.092,0.437,0.991,0.808,0.7552532
0.236,0.315,0.494,0.901,0.159026415
0.0,0.196,0.831,0.707,0.986373749
0.61,0.187,0.633,0.576,0.000322369
0.298,0.697,0.43,0.874,0.000385012
0.08,0.0,0.477,0.918,0.976905051
0.41,0.501,0.99,0.791,0.011970554
0.165,0.467,0.449,0.527,0.120405212
0.0,0.0,0.423,0.945,0.98009887
0.135,0.032,0.441,0.567,0.439609225
0.206,0.202,0.221,0.739,0.057426567
0.044,0.59,0.576,0.793,0.01929735
0.653,0.254,0.737,0.287,0.0
0.004,0.122,0.213,0.714,0.75869518
0.667,0.167,0.979,0.655,0.000654376
0.121,0.094,0.627,0.305,0.0
0.273,0.022,0.347,0.166,0.0
0.106,0.0,0.168,0.952,0.358467545
0.61,0.109,0.991,0.849,0.001550168
0.003,0.01,0.26,0.519,0.760267995
0.056,0.0,0.642,0.887,0.986473977
0.0,0.289,0.511,0.593,0.962962213
0.028,0.371,0.839,0.541,0.907608159
0.59,0.03,0.74,0.735,0.001968429
0.335,0.305,0.87,0.628,0.054921819
0.0,0.0,0.745,0.895,0.999828937
0.665,0.26,0.672,0.306,0.0
0.232,0.32,0.275,0.48,0.033127913
0.224,0.48,0.556,0.844,0.092988393
0.0,0.33,0.315,0.619,0.910597665
0.043,0.234,0.51,0.66,0.977482329
0.0,0.148,0.6,0.925,0.985640347
0.333,0.105,0.448,0.214,0.0
0.296,0.465,0.353,0.545,0.016218217
0.711,0.358,0.753,0.737,0.000252499
0.163,0.26,0.572,0.576,0.404482525
0.489,0.273,0.577,0.323,0.0
0.028,0.117,0.819,0.479,0.655868496
0.125,0.155,0.448,0.89,0.504988052
0.876,0.005,0.943,0.609,1.0119e-05
0.339,0.093,0.799,0.743,0.05529623
0.049,0.33,0.678,0.553,0.925486891
0.3,0.693,0.41,0.823,0.000346945
0.007,0.216,0.872,0.809,0.987376034
0.076,0.128,0.627,0.752,0.985869234
0.576,0.282,0.948,0.932,0.002694603
0.317,0.588,0.849,0.947,0.007403413
0.517,0.236,0.657,0.24,0.0
0.508,0.275,0.542,0.927,0.002534623
0.232,0.171,0.635,0.913,0.174619168
0.282,0.312,0.379,0.415,0.0
0.419,0.561,0.632,0.693,0.004420653
0.018,0.382,0.55,0.528,0.879682488
0.26,0.385,0.316,0.571,0.054923747
0.262,0.338,0.396,0.778,0.099380848
0.0,0.0,0.546,0.906,0.995604886
0.402,0.122,0.945,0.668,0.025598732
0.0,0.0,0.736,0.893,0.99977545
0.393,0.916,0.908,0.996,1.927e-06
0.073,0.006,0.35,0.185,0.0
0.028,0.247,0.185,0.426,0.157660321
0.008,0.116,0.548,0.721,0.98247014
0.072,0.11,0.223,0.479,0.555906998
0.091,0.059,0.57,0.935,0.977343551
0.206,0.27,0.669,0.325,0.0
0.342,0.417,0.433,0.854,0.036324141
0.0,0.321,0.746,0.516,0.836554377
0.42,0.011,0.512,0.945,0.01387875
0.229,0.293,0.493,0.543,0.142533053
0.0,0.18,0.47,0.744,0.9756069
0.387,0.219,0.591,0.787,0.03049017
0.219,0.69,0.368,0.934,0.000840859
0.25,0.045,0.346,1.0,0.091743247
0.0,0.05,0.75,0.86,0.987314354
0.0,0.011,0.228,0.93,0.802335998
0.0,0.125,0.71,0.712,0.986132333
0.06,0.948,0.629,0.961,4.82e-07
0.757,0.254,0.931,0.544,6.7943e-05
0.106,0.463,0.63,0.5,0.170389816
0.689,0.005,0.894,0.841,0.000520417
0.094,0.249,0.847,0.272,0.0
0.134,0.193,0.313,0.643,0.413126747
0.069,0.0,0.513,0.926,0.980772039
0.211,0.023,0.482,0.88,0.226286454
0.274,0.228,0.311,0.788,0.039809489
0.209,0.46,0.529,0.97,0.144726032
0.663,0.168,0.763,0.84,0.000627873
0.181,0.62,0.215,0.896,0.000829776
0.0,0.378,0.822,0.796,0.987320137
0.408,0.253,0.571,0.752,0.021153504
0.264,0.075,0.932,0.631,0.121218123
0.0,0.233,0.976,0.603,0.973016862
0.195,0.741,0.889,0.803,0.00037152
0.181,0.07,0.531,0.805,0.401004887
0.156,0.364,0.4,0.548,0.374350864
0.006,0.503,0.288,0.803,0.187584779
0.0,0.0,0.765,0.917,0.999887725
0.319,0.35,0.865,0.476,0.028822427
0.412,0.269,0.7,0.847,0.022361546
0.712,0.895,0.778,0.896,0.0
0.0,0.236,0.542,0.805,0.982754924
0.025,0.435,0.365,0.663,0.715826314
0.0,0.053,0.738,0.829,0.98722039
0.0,0.182,0.746,0.654,0.983477243
0.295,0.331,0.3,0.55,0.004396078
0.115,0.026,0.752,0.964,0.605336972
0.0,0.322,0.366,0.605,0.934119067
0.0,0.224,0.752,0.663,0.984324366
0.147,0.417,0.42,0.48,0.268504317
0.066,0.789,0.165,0.904,2.891e-06
0.564,0.161,0.581,0.958,0.000824475
0.296,0.482,0.367,0.535,0.012449049
0.25,0.032,0.472,0.916,0.132516953
0.289,0.338,0.571,0.848,0.092532547
0.188,0.367,0.436,0.627,0.363384522
0.25,0.164,0.268,0.745,0.022662232
0.207,0.222,0.393,0.818,0.224987339
0.072,0.12,0.639,0.717,0.985587823
0.0,0.0,0.511,0.91,0.993118449
0.0,0.423,0.645,0.513,0.590558094
0.079,0.374,0.145,0.567,0.517128705
0.645,0.41,0.937,0.626,0.000865916
0.396,0.085,0.609,0.761,0.026868454
0.017,0.49,0.6,0.587,0.267733811
0.147,0.297,0.254,0.689,0.321518904
0.161,0.227,0.534,0.61,0.418752551
0.261,0.265,0.996,0.765,0.128948724
0.692,0.351,0.825,0.378,0.0
0.188,0.008,0.362,0.88,0.341130914
0.0,0.26,0.515,0.576,0.953103203
0.111,0.442,0.748,0.551,0.454465684
0.26,0.16,0.488,0.243,0.0
0.078,0.36,0.787,0.577,0.959020055
0.246,0.042,0.588,0.462,0.05806986
0.035,0.021,0.543,0.962,0.982917313
0.608,0.098,0.701,0.683,0.001129979
0.08,0.16,0.151,0.876,0.534898054
0.032,0.187,0.241,0.854,0.828991466
0.0,0.398,0.604,0.747,0.985312677
0.103,0.049,0.309,0.643,0.758996829
0.0,0.293,0.821,0.588,0.966185907
0.132,0.259,0.732,0.845,0.493776921
0.451,0.477,0.749,0.554,0.005270667
0.194,0.455,0.221,0.566,0.07710652
0.639,0.249,0.817,0.822,0.000996502
0.227,0.489,0.936,0.509,0.022319624
0.0,0.022,0.667,0.888,0.986780445
0.0,0.362,0.699,0.474,0.629673212
0.463,0.219,0.601,0.516,0.006016117
0.312,0.46,0.389,0.712,0.026192875
0.244,0.978,0.881,0.999,4.82e-07
0.17,0.263,0.208,0.573,0.16742874
0.436,0.231,0.656,0.748,0.016138708
0.822,0.003,0.967,0.945,3.614e-05
0.301,0.689,0.691,0.848,0.000712682
0.327,0.044,0.51,0.845,0.055510662
0.04,0.01,0.551,0.776,0.983215107
0.075,0.436,0.67,0.689,0.753180687
0.242,0.494,0.504,0.779,0.061840474
0.256,0.855,0.825,0.915,1.6383e-05
0.367,0.351,0.377,0.703,0.004734349
0.0,0.359,0.666,0.526,0.877083776
0.025,0.381,0.915,0.849,0.987445422
0.447,0.134,0.918,0.46,0.0040819
0.257,0.078,0.475,0.881,0.123235702
0.497,0.06,0.567,0.391,0.0
0.405,0.4,0.464,0.726,0.012857672
0.054,0.0,0.385,0.896,0.953856362
0.207,0.366,0.855,0.94,0.25488433
0.655,0.04,0.949,0.848,0.000839895
0.206,0.219,0.496,0.618,0.245035439
0.253,0.129,0.309,0.784,0.063555441
0.085,0.0,0.472,0.934,0.976279587
0.365,0.171,0.646,0.936,0.042423139
0.279,0.095,0.753,0.92,0.107434301
0.027,0.34,0.293,0.835,0.896308364
0.404,0.767,0.661,0.85,5.3005e-05
0.0,0.181,0.782,0.813,0.987319655
0.735,0.798,0.898,0.911,0.0
0.663,0.001,0.73,0.349,0.0
0.13,0.532,0.636,0.699,0.073773924
0.15,0.243,0.446,0.844,0.439255052
0.238,0.212,0.666,0.625,0.157398667
0.015,0.352,0.452,0.408,0.0
0.436,0.436,0.622,0.656,0.013248467
0.0,0.086,0.472,0.841,0.976243447
0.1,0.189,0.761,0.723,0.909102912
0.126,0.285,0.406,0.658,0.487830194
0.371,0.305,0.671,0.938,0.040004163
0.109,0.262,0.897,0.394,0.0
0.071,0.193,0.466,0.281,0.0
0.029,0.513,0.102,0.649,0.00029153
0.0,0.402,0.332,0.435,0.223825556
0.299,0.565,0.588,0.873,0.012330509
0.0,0.299,0.637,0.578,0.95892079
0.098,0.355,0.372,0.431,0.186696697
0.042,0.366,0.531,0.606,0.96940912
0.212,0.431,0.851,0.609,0.186044248
0.0,0.141,0.712,0.805,0.98700355
0.243,0.46,0.474,0.505,0.038986941
0.0,0.485,0.305,0.501,0.060215135
0.007,0.421,0.282,0.492,0.43039158
0.0,0.431,0.819,0.832,0.755351019
0.225,0.102,0.698,0.818,0.191844488
0.77,0.238,0.812,0.377,0.0
0.099,0.307,0.466,0.586,0.894286448
0.0,0.0,0.302,0.84,0.917873865
0.25,0.167,0.329,0.801,0.082576681
0.509,0.036,0.843,0.066,0.0
0.0,0.251,0.746,0.585,0.964672843
0.759,0.345,0.792,0.772,5.4933e-05
0.224,0.202,0.641,0.522,0.143726638
0.0,0.375,0.552,0.461,0.496784739
0.375,0.212,0.56,0.969,0.035158985
0.002,0.083,0.566,0.535,0.896208136
0.072,0.484,0.703,0.788,0.310164659
0.595,0.258,0.705,0.623,0.001421027
0.0,0.18,0.508,0.821,0.98025114
0.296,0.503,0.986,0.633,0.032280308
0.191,0.16,0.506,0.742,0.359952179
0.255,0.359,0.433,0.478,0.060534131
0.035,0.01,0.686,0.937,0.986927897
0.053,0.06,0.677,0.821,0.986804539
0.373,0.273,0.684,0.957,0.039143066
0.196,0.108,0.361,0.851,0.286900575
0.585,0.588,0.845,0.862,0.000438499
0.082,0.073,0.116,0.211,0.0
0.141,0.163,0.597,0.801,0.469713419
0.194,0.365,0.356,0.471,0.164339969
0.104,0.176,0.829,0.632,0.808261041
0.051,0.242,0.564,0.684,0.982391114
0.024,0.484,0.635,0.641,0.304412606
0.068,0.123,0.656,0.714,0.985746839
0.599,0.049,0.761,0.112,0.0
0.296,0.256,0.606,0.695,0.08561341
0.168,0.213,0.529,0.69,0.416654981
0.023,0.49,0.355,0.565,0.233073077
0.0,0.566,0.669,0.575,0.010328831
0.651,0.298,0.821,0.601,0.00071991
0.204,0.423,0.296,0.466,0.056371759
0.036,0.24,0.46,0.348,0.0
0.0,0.0,0.668,0.884,0.999305147
0.298,0.183,0.626,0.737,0.084498369
0.074,0.149,0.706,0.687,0.985320868
0.0,0.137,0.658,0.756,0.986327972
0.476,0.601,0.575,0.653,0.000558003
0.475,0.199,0.927,0.355,0.0
0.256,0.046,0.467,0.79,0.123434232
0.306,0.255,0.475,0.477,0.030951317
0.442,0.222,0.864,0.682,0.015545048
0.484,0.162,0.903,0.833,0.009691802
0.038,0.386,0.799,0.525,0.87494573
0.024,0.228,0.66,0.628,0.979086466
0.059,0.512,0.401,0.668,0.160446961
0.199,0.095,0.283,0.855,0.204505076
0.0,0.244,0.576,0.643,0.9797765
0.698,0.14,0.91,0.54,0.000261172
0.344,0.0,0.345,0.842,0.000547402
0.167,0.386,0.618,0.994,0.4236623
0.184,0.212,0.592,1.0,0.397482435
0.499,0.247,0.924,0.644,0.007627482
0.631,0.815,0.788,0.828,0.0
0.42,0.398,0.716,0.622,0.018770669
0.18,0.268,0.26,0.679,0.277710878
0.0,0.202,0.721,0.808,0.987076794
0.127,0.0,0.441,0.952,0.495416717
0.068,0.147,0.661,0.728,0.986036442
0.372,0.081,0.453,0.441,0.004437037
0.099,0.339,0.62,0.625,0.916993011
0.201,0.136,0.29,0.835,0.198053351
0.0,0.285,0.683,0.85,0.986881156
0.004,0.092,0.759,0.582,0.962631652
0.171,0.293,0.841,0.581,0.399313531
0.062,0.478,0.763,0.495,0.065178852
0.0,0.15,0.703,0.687,0.985304003
0.216,0.504,0.358,0.787,0.054855322
0.279,0.304,0.355,0.691,0.059318379
0.0,0.425,0.328,0.496,0.464884142
0.572,0.142,0.753,0.263,0.0
0.181,0.111,0.513,0.474,0.237716834
0.42,0.093,0.478,0.934,0.010228603
0.0,0.448,0.626,0.653,0.634451411
0.516,0.746,0.57,0.753,0.0
0.0,0.126,0.688,0.783,0.986775627
0.0,0.28,0.416,0.557,0.916674015
0.42,0.158,0.547,0.31,0.0
0.28,0.1,0.281,0.737,0.001224425
0.0,0.329,0.737,0.555,0.929829
0.0,0.194,0.534,0.7,0.981121874
0.844,0.311,0.859,0.653,7.71e-06
0.0,0.266,0.645,0.571,0.952669522
0.0,0.178,0.914,0.735,0.986880192
0.308,0.347,0.839,0.57,0.065586994
0.006,0.699,0.481,0.833,0.001118896
0.213,0.587,0.419,0.699,0.011173063
0.615,0.33,0.661,0.352,0.0
0.078,0.121,0.551,0.715,0.982549648
0.0,0.0,0.769,0.906,0.999895917
0.302,0.299,0.584,0.689,0.079029654
0.0,0.241,0.262,0.596,0.851605992
0.171,0.384,0.425,0.703,0.399416169
0.0,0.344,0.696,0.614,0.976005886
0.359,0.15,0.902,0.913,0.046024617
0.565,0.205,0.773,0.766,0.003161051
0.283,0.113,0.683,0.89,0.102072561
0.0,0.086,0.52,0.938,0.981316549
0.449,0.28,0.454,0.556,0.000578723
0.271,0.069,0.534,0.102,0.0
0.02,0.164,0.982,0.464,0.5386306
0.117,0.005,0.854,0.009,0.0
0.002,0.516,0.632,0.972,0.150265581
0.0,0.334,0.33,0.594,0.914546088
0.681,0.153,0.801,0.19,0.0
0.047,0.221,0.491,0.662,0.975781336
0.093,0.304,0.126,0.629,0.457588667
0.884,0.523,0.986,0.767,5.301e-06
0.155,0.188,0.183,0.777,0.043372899
0.106,0.234,0.364,0.609,0.728952386
0.221,0.401,0.4,0.491,0.103800056
0.362,0.304,0.418,0.653,0.023041461
0.081,0.023,0.484,0.882,0.977772413
0.0,0.0,0.638,0.934,0.998949529
0.074,0.361,0.483,0.523,0.860703652
0.3,0.162,0.434,0.815,0.066527118
0.402,0.442,0.897,0.776,0.022027612
0.0,0.25,0.689,0.765,0.986678289
0.372,0.133,0.672,0.76,0.039455316
0.451,0.155,0.688,1.0,0.013741899
0.166,0.246,0.535,0.925,0.42132476
0.0,0.062,0.829,0.846,0.987412174
0.0,0.252,0.818,0.585,0.964765844
0.039,0.026,0.323,0.81,0.922271389
0.0,0.471,0.763,0.598,0.364772783
0.013,0.184,0.522,0.544,0.908681278
0.127,0.035,0.291,0.873,0.418162263
0.525,0.05,0.909,0.554,0.004121895
0.0,0.265,0.571,0.571,0.95115694
0.0,0.426,0.767,0.541,0.675531102
0.035,0.18,0.809,0.624,0.978862879
0.36,0.064,0.899,0.376,0.0
0.3,0.099,0.358,0.56,0.032182971
0.037,0.338,0.514,0.549,0.915936758
0.092,0.438,0.5,0.457,0.213734768
0.066,0.414,0.661,0.557,0.93230098
0.685,0.843,0.884,0.991,0.0
0.201,0.413,0.742,0.882,0.292292191
0.155,0.404,0.849,0.82,0.44539019
0.075,0.454,0.139,0.494,0.174083331
0.0,0.213,0.816,0.869,0.987422775
0.174,0.27,0.211,0.648,0.179485549
0.042,0.272,0.689,0.61,0.974743875
0.053,0.01,0.497,0.885,0.979233435
0.105,0.331,0.796,0.633,0.790775995
0.18,0.133,0.736,0.925,0.408337465
0.063,0.045,0.344,0.072,0.0
0.101,0.168,0.521,0.767,0.877452887
0.498,0.33,0.849,0.884,0.008108867
0.386,0.194,0.68,0.812,0.032537144
0.243,0.329,0.479,0.575,0.13042613
0.294,0.332,0.422,0.563,0.060601111
0.162,0.16,0.307,0.717,0.354954249
0.269,0.032,0.695,0.805,0.119361005
0.784,0.287,0.923,0.955,7.4689e-05
0.729,0.178,0.765,0.383,0.0
0.062,0.353,0.839,0.598,0.970984345
0.301,0.134,0.332,0.784,0.023697283
0.933,0.384,0.964,0.47,4.82e-07
0.237,0.285,0.422,0.594,0.136656678
0.312,0.606,0.692,0.728,0.004801328
0.137,0.796,0.701,0.977,0.00012384
0.454,0.303,0.46,0.534,0.000669314
0.081,0.194,0.514,0.686,0.979188622
0.058,0.042,0.502,0.841,0.979697474
0.463,0.29,0.66,0.964,0.011634692
0.0,0.038,0.762,0.85,0.987332665
0.077,0.018,0.102,0.11,0.0
0.084,0.477,0.254,0.487,0.030541248
0.0,0.11,0.782,0.847,0.98736736
0.0,0.235,0.645,0.602,0.971879655
0.067,0.411,0.383,0.735,0.952394376
0.03,0.001,0.784,0.986,0.987403018
0.08,0.321,0.523,0.719,0.980780712
0.0,0.062,0.755,0.838,0.987306163
0.0,0.032,0.532,0.864,0.982162226
0.292,0.629,0.776,0.818,0.003579312
0.113,0.019,0.842,0.818,0.63511446
0.203,0.309,0.521,0.639,0.26785235
0.099,0.005,0.644,0.552,0.863012279
0.127,0.204,0.612,0.687,0.508267161
0.2,0.08,0.523,0.889,0.293833203
0.493,0.493,0.871,0.768,0.005070692
0.0,0.0,0.495,0.966,0.99154467
0.0,0.307,0.713,0.645,0.982180537
0.768,0.002,0.927,0.908,9.7337e-05
0.048,0.041,0.524,0.958,0.981623499
0.0,0.119,0.851,0.763,0.987170276
0.229,0.262,0.328,0.81,0.121002246
0.267,0.345,0.919,0.858,0.122118733
0.246,0.064,0.352,0.102,0.0
0.177,0.318,0.343,0.72,0.358681977
0.0,0.405,0.549,0.432,0.231621692
0.518,0.296,0.856,0.587,0.005281269
0.076,0.77,0.26,0.799,4.3368e-05
0.219,0.207,0.319,0.676,0.139896755
0.0,0.436,0.464,0.568,0.709190997
0.038,0.154,0.682,0.952,0.986905249
0.631,0.317,0.816,0.426,8.9627e-05
0.503,0.449,0.939,0.527,0.00312732
0.348,0.064,0.38,0.82,0.01487477
0.039,0.552,0.755,0.92,0.062903474
0.111,0.316,0.713,0.36,0.0
0.0,0.425,0.638,0.622,0.745615848
0.0,0.121,0.779,0.716,0.986516864
0.0,0.109,0.818,0.773,0.987213162
0.105,0.158,0.641,0.674,0.79425556
0.095,0.045,0.476,0.856,0.950036116
0.249,0.255,0.317,0.638,0.074217724
0.167,0.177,0.529,0.726,0.418908194
0.262,0.469,0.48,0.511,0.027904469
0.198,0.966,0.571,0.987,0.0
0.0,0.475,0.664,0.504,0.132059179
0.41,0.023,0.984,0.148,0.0
0.012,0.141,0.552,0.754,0.98312307
0.0,0.233,0.548,0.659,0.980025626
0.041,0.17,0.527,0.728,0.981201383
0.486,0.598,0.949,0.716,0.001113596
0.416,0.672,0.861,0.775,0.000457774
0.0,0.23,0.439,0.775,0.970868696
0.539,0.652,0.932,0.879,0.000212504
0.544,0.221,0.893,0.729,0.004475586
0.241,0.23,0.483,0.606,0.141189124
0.232,0.026,0.45,0.041,0.0
0.17,0.03,0.192,0.861,0.059719775
0.0,0.217,0.5,0.718,0.97877277
0.251,0.056,0.815,0.781,0.142131175
0.148,0.216,0.42,0.66,0.434649844
0.202,0.378,0.365,0.551,0.214658026
0.0,0.042,0.72,0.794,0.987020897
0.133,0.117,1.0,0.841,0.4909951
0.035,0.015,0.329,0.808,0.92631474
0.069,0.129,0.201,0.258,0.0
0.106,0.497,0.695,0.764,0.253832413
0.434,0.309,0.674,0.73,0.016721286
0.227,0.08,0.467,0.275,0.0
0.096,0.258,0.109,0.579,0.23586839
0.069,0.28,0.476,0.394,0.0
0.34,0.66,0.425,0.812,0.000551738
0.145,0.315,0.821,0.812,0.463660199
0.0,0.279,0.565,0.654,0.980520504
0.01,0.071,0.913,0.849,0.987444941
0.342,0.416,0.385,0.467,0.008927078
0.0,0.47,0.49,0.671,0.380149658
0.21,0.171,0.348,0.665,0.188092185
0.0,0.018,0.582,0.879,0.985027411
0.147,0.247,0.407,0.589,0.419808323
0.0,0.436,0.582,0.611,0.741720431
0.229,0.192,0.498,0.778,0.174515566
0.087,0.012,0.624,0.886,0.986210396
0.119,0.088,0.327,0.847,0.494206747
0.411,0.261,0.481,0.572,0.010539407
0.095,0.382,0.364,0.505,0.719924597
0.045,0.0,0.645,0.869,0.986500962
0.172,0.458,0.428,0.878,0.207330748
0.009,0.274,0.57,0.708,0.983487362
0.165,0.03,0.524,0.806,0.421957452
0.0,0.062,0.813,0.775,0.987225691
0.632,0.135,0.895,0.306,0.0
0.28,0.12,0.551,0.229,0.0
0.178,0.011,0.543,0.58,0.387845083
0.681,0.873,0.799,0.985,0.0
0.142,0.057,0.423,0.838,0.449839273
0.397,0.199,0.47,0.792,0.016666835
0.0,0.377,0.604,0.55,0.920721221
0.227,0.049,0.676,0.814,0.186839329
0.406,0.072,0.58,0.744,0.022248789
0.009,0.28,0.211,0.621,0.749085777
0.0,0.43,0.679,0.585,0.732335096
0.19,0.197,0.538,0.639,0.364526066
0.087,0.244,0.435,0.57,0.938782581
0.082,0.278,0.093,0.798,0.014532644
0.013,0.038,0.691,0.863,0.98695199
0.0,0.007,0.313,0.83,0.914940738
0.053,0.007,0.239,0.053,0.0
0.185,0.133,0.789,0.648,0.392828558
0.0,0.0,0.652,0.904,0.999111918
0.053,0.181,0.496,0.655,0.975697491
0.269,0.111,0.296,0.797,0.031975286
0.0,0.155,0.259,0.878,0.855948583
0.0,0.395,0.516,0.638,0.975493179
0.425,0.038,0.951,0.401,0.0
0.137,0.25,0.966,0.821,0.48095298
0.475,0.077,0.92,0.327,0.0
0.231,0.073,0.542,0.387,0.0
0.321,0.205,0.869,0.955,0.066524227
0.017,0.9,0.303,0.948,1.446e-06
0.154,0.129,0.458,0.922,0.434069193
0.135,0.182,0.517,0.867,0.479620134
0.176,0.271,0.686,0.642,0.408519611
0.0,0.139,0.588,0.8,0.985128603
0.179,0.121,0.625,0.472,0.238789953
0.343,0.103,0.379,0.865,0.016782484
0.002,0.483,0.606,0.834,0.312579297
0.714,0.953,0.796,0.955,0.0
0.0,0.229,0.746,0.671,0.984830327
0.284,0.837,0.454,0.904,1.542e-05
0.259,0.456,0.85,0.646,0.083556799
0.0,0.45,0.768,0.515,0.465557311
0.099,0.513,0.122,0.632,0.045843916
0.0,0.0,0.748,0.886,0.999840984
0.327,0.0,0.398,0.888,0.034766745
0.316,0.158,0.715,0.857,0.069829838
0.507,0.062,0.996,0.891,0.007262226
0.236,0.0,0.526,0.925,0.161892564
0.11,0.091,0.12,0.958,0.139137332
0.17,0.47,0.236,0.526,0.064631933
0.106,0.421,0.637,0.624,0.648179818
0.499,0.386,0.773,0.595,0.006866613
0.04,0.123,0.493,0.959,0.978812765
0.601,0.636,0.934,0.678,8.4809e-05
0.52,0.326,0.645,0.827,0.005199351
0.011,0.38,0.303,0.53,0.8295008
0.0,0.139,0.599,0.756,0.985259189
0.545,0.046,0.996,0.341,0.0
0.0,0.354,0.515,0.482,0.664430801
0.234,0.859,0.935,0.961,1.9275e-05
0.226,0.005,0.509,0.832,0.182832119
0.0,0.058,0.499,0.872,0.979431965
0.101,0.71,0.795,0.894,0.000984455
0.257,0.001,0.293,0.894,0.042917053
0.125,0.304,0.854,0.701,0.518483717
0.0,0.106,0.607,0.914,0.98583984
0.31,0.358,0.693,0.744,0.074344455
0.293,0.483,0.755,0.655,0.044866207
0.134,0.011,0.943,0.875,0.488514928
0.0,0.399,0.537,0.494,0.711599853
0.363,0.588,0.723,0.905,0.004937697
0.364,0.137,0.57,0.956,0.040789607
0.268,0.284,0.587,0.813,0.118705183
0.392,0.485,0.894,0.883,0.01760455
0.459,0.528,0.53,0.644,0.002440659
0.454,0.746,0.6,0.975,6.0715e-05
0.0,0.526,0.599,0.55,0.044170872
0.071,0.273,0.699,0.99,0.987020897
0.404,0.308,0.77,0.431,0.003024683
0.507,0.681,0.721,0.714,7.7099e-05
0.32,0.343,0.914,0.614,0.063057671
0.287,0.299,0.436,0.669,0.079893642
0.548,0.38,0.819,0.773,0.00420574
0.929,0.027,0.973,0.15,0.0
0.26,0.0,0.502,0.942,0.122592409
0.296,0.191,0.604,0.302,0.0
0.338,0.442,0.381,0.828,0.016045708
0.0,0.0,0.667,0.908,0.999301292
0.003,0.823,0.858,0.941,6.3607e-05
0.055,0.253,0.131,0.404,0.0
0.064,0.16,0.126,0.231,0.0
0.078,0.174,0.624,0.727,0.98552759
0.102,0.264,0.393,0.632,0.824358791
0.0,0.517,0.58,0.536,0.058395603
0.197,0.041,0.241,0.603,0.162229389
0.0,0.386,0.562,0.54,0.904189308
0.254,0.25,0.495,0.942,0.129612256
0.442,0.364,0.676,0.601,0.013510121
0.0,0.311,0.544,0.806,0.982879245
0.137,0.481,0.177,0.542,0.022855942
0.251,0.104,0.509,0.803,0.135177826
0.038,0.024,0.585,0.91,0.98511993
0.0,0.04,0.445,0.984,0.972195278
0.415,0.075,0.446,0.837,0.006848302
0.25,0.092,0.4,0.745,0.116545453
0.651,0.276,0.702,0.902,0.000454401
0.008,0.294,0.719,0.678,0.985060178
0.24,0.147,0.32,0.69,0.092441474
0.327,0.143,0.941,0.805,0.062446663
0.0,0.225,0.806,1.0,0.987432894
0.061,0.21,0.664,0.681,0.984793223
0.0,0.103,0.708,0.78,0.98689513
0.166,0.543,0.841,0.702,0.05039901
0.602,0.683,0.925,0.733,3.4694e-05
0.547,0.144,0.918,0.454,0.000903502
0.464,0.2,0.537,0.987,0.007288729
0.702,0.445,0.901,0.929,0.00037682
0.051,0.917,0.441,0.93,9.64e-07
0.64,0.17,0.822,0.922,0.000981564
0.314,0.149,0.447,0.799,0.056764963
0.071,0.534,0.423,0.825,0.08386664
0.585,0.346,0.95,0.619,0.002116362
0.0,0.036,0.563,0.944,0.984109453
0.031,0.26,0.71,0.97,0.987088359
0.248,0.473,0.864,0.581,0.064953338
0.175,0.283,0.338,0.337,0.0
0.503,0.355,0.88,0.874,0.007641456
0.154,0.143,0.539,0.76,0.442087951
0.896,0.198,0.955,0.94,4.819e-06
0.256,0.115,0.468,0.668,0.122132707
0.258,0.141,0.33,0.627,0.070192203
0.0,0.199,0.762,0.689,0.985717445
0.04,0.179,0.126,0.581,0.471504039
0.0,0.0,0.606,0.944,0.998338521
0.272,0.496,0.848,0.801,0.048560686
0.0,0.055,0.585,0.886,0.985117038
0.612,0.7,0.853,0.995,3.0358e-05
0.616,0.56,0.64,0.723,0.000119021
0.098,0.181,0.736,1.0,0.935788738
0.092,0.748,0.122,0.759,0.0
0.278,0.112,0.431,0.724,0.090648444
0.573,0.21,0.981,0.37,0.0
0.0,0.167,0.714,0.717,0.986251837
0.189,0.472,0.407,0.522,0.092656387
0.462,0.075,0.772,0.882,0.012456758
0.773,0.061,0.888,0.697,8.1436e-05
0.564,0.238,0.986,0.451,0.000575832
0.3,0.487,0.374,0.762,0.021085561
0.11,0.047,0.799,0.196,0.0
0.565,0.858,0.835,0.942,4.82e-07
0.0,0.151,0.721,0.752,0.986762616
0.062,0.407,0.485,0.465,0.545568047
0.128,0.248,0.514,0.488,0.319196785
0.17,0.245,0.8,0.467,0.232422555
0.285,0.189,0.721,0.522,0.07040567
0.0,0.115,0.676,0.773,0.986634921
0.0,0.0,0.374,0.897,0.96076827
0.199,0.367,0.596,0.674,0.303296119
0.175,0.16,0.624,0.684,0.412117235
0.198,0.259,0.855,0.997,0.314807453
0.0,0.015,0.301,0.821,0.904383019
0.0,0.214,0.675,0.92,0.986850798
0.121,0.335,0.452,0.639,0.524134096
0.255,0.444,0.673,0.473,0.03196613
0.546,0.589,0.765,0.876,0.000661122
0.668,0.656,0.723,0.845,2.0238e-05
0.0,0.36,0.79,0.911,0.987405909
0.409,0.315,0.537,0.758,0.018818856
0.289,0.319,0.447,0.66,0.07934865
0.257,0.495,0.795,0.759,0.055895674
0.669,0.409,0.941,0.774,0.000674615
0.036,0.194,0.878,0.418,0.0
0.855,0.881,0.88,0.966,0.0
0.532,0.606,0.939,0.857,0.000596552
0.926,0.485,0.928,0.691,0.0
0.02,0.279,0.439,0.921,0.971042169
0.831,0.513,0.859,0.883,8.192e-06
0.058,0.484,0.092,0.949,0.0
0.255,0.865,0.976,0.937,1.4938e-05
0.0,0.164,0.523,0.885,0.981543509
0.0,0.04,0.406,0.904,0.962603222
0.226,0.006,0.468,0.896,0.178206672
0.2,0.192,0.485,0.237,0.0
0.005,0.022,0.198,0.814,0.672652426
0.0,0.322,0.557,0.588,0.963120748
0.38,0.864,0.79,0.95,4.819e-06
0.304,0.0,0.665,0.874,0.079535615
0.492,0.204,0.999,0.467,0.002568836
0.355,0.042,0.822,0.839,0.047797407
0.0,0.317,0.707,0.73,0.986419526
0.106,0.105,0.591,0.797,0.779824591
0.362,0.518,0.759,0.706,0.015310378
0.149,0.0,0.416,0.903,0.434404573
0.421,0.488,0.636,0.743,0.01105356
0.389,0.238,0.523,0.664,0.02517228
0.0,0.35,0.689,0.533,0.893110691
0.434,0.301,0.772,0.632,0.016262548
0.049,0.0,0.194,0.869,0.639934582
0.0,0.175,0.489,0.864,0.978338607
0.083,0.235,0.636,0.739,0.985861042
0.24,0.624,0.273,0.968,0.001151182
0.213,0.0,0.36,0.937,0.183034503
0.0,0.115,0.723,0.773,0.986952954
0.077,0.147,0.975,1.0,0.987481081
0.125,0.514,0.874,0.979,0.111335983
0.041,0.209,0.668,0.627,0.979000693
0.165,0.488,0.79,0.862,0.150393276
0.677,0.257,0.744,0.91,0.000440909
0.091,0.0,0.558,0.872,0.976675201
0.302,0.107,0.394,0.793,0.052717275
0.676,0.549,0.938,0.979,0.000235151
0.071,0.031,0.753,0.775,0.987136063
0.0,0.194,0.638,0.693,0.984960431
0.18,0.103,0.808,0.827,0.408453114
0.259,0.239,0.598,0.743,0.129297114
0.202,0.794,0.314,0.934,6.3125e-05
0.0,0.036,0.649,0.958,0.986561677
0.176,0.179,0.876,0.82,0.413776786
0.577,0.155,0.922,0.952,0.002653163
0.01,0.005,0.373,0.832,0.947738571
0.588,0.068,0.848,0.769,0.002217555
0.197,0.228,0.371,0.608,0.275130478
0.318,0.119,0.319,0.886,0.000748822
0.109,0.145,0.118,0.86,0.148027306
0.013,0.132,0.537,0.556,0.92777528
0.105,0.573,0.72,0.76,0.031938664
0.3,0.365,0.395,0.538,0.043530952
0.0,0.188,0.745,0.648,0.98280311
0.179,0.172,0.484,0.905,0.400390024
0.694,0.163,0.914,0.476,0.000132514
0.0,0.279,0.613,0.557,0.931806102
0.158,0.0,0.536,0.914,0.434988597
0.269,0.342,0.453,0.567,0.093380152
0.571,0.024,0.905,0.237,0.0
0.0,0.424,0.589,0.586,0.731641689
0.0,0.095,0.611,0.813,0.985875016
0.096,0.257,0.455,0.928,0.936281206
0.215,0.605,0.589,0.793,0.009816124
0.0,0.0,0.535,0.905,0.994887385
0.095,0.286,0.533,0.906,0.955520251
0.409,0.126,0.496,0.295,0.0
0.249,0.081,0.332,0.681,0.085172019
0.248,0.209,0.461,0.627,0.129705738
0.378,0.27,0.989,0.76,0.037106694
0.0,0.264,0.781,1.0,0.987400609
0.0,0.331,0.745,0.549,0.920431618
0.087,0.487,0.897,0.929,0.301994113
0.0,0.474,0.578,0.591,0.336784951
0.134,0.214,0.504,0.418,0.0
0.36,0.188,0.362,0.71,0.000943497
0.615,0.178,0.911,0.737,0.001425846
0.178,0.466,0.896,0.855,0.188193859
0.0,0.195,0.648,0.878,0.986541439
0.353,-0.0,0.357,0.837,0.001847962
0.124,0.108,0.757,0.805,0.524692099
0.0,0.082,0.724,0.755,0.986825741
0.297,0.165,0.401,0.671,0.059750614
0.0,0.137,0.633,0.883,0.986352547
0.19,0.354,0.521,0.544,0.325623452
0.0,0.249,0.846,0.588,0.966197954
0.0,0.045,0.634,0.908,0.986370858
0.078,0.046,0.503,0.108,0.0
0.288,0.703,0.814,0.773,0.000478494
0.487,0.208,0.988,0.671,0.009110188
0.01,0.617,0.225,0.893,0.002842537
0.064,0.116,0.676,0.978,0.986861881
0.0,0.021,0.589,0.876,0.985259189
0.118,0.016,0.563,0.929,0.562678683
0.251,0.0,0.325,0.984,0.078461532
0.121,0.469,0.845,0.851,0.252540044
0.339,0.285,0.369,0.707,0.013852247
0.019,0.333,0.303,0.622,0.901231605
0.064,0.178,0.249,0.828,0.842259207
0.438,0.415,0.688,0.503,0.00805538
0.217,0.388,0.494,0.448,0.057776885
0.175,0.329,0.557,0.554,0.374987411
0.533,0.666,0.829,0.894,0.000156607
0.301,0.311,0.488,0.613,0.069898745
0.0,0.017,0.658,0.916,0.98667588
0.684,0.011,0.975,0.12,0.0
0.0,0.221,0.829,0.749,0.987012705
0.205,0.429,0.534,0.551,0.185200016
0.283,0.219,0.524,0.896,0.096784546
0.235,0.498,0.816,0.755,0.066755041
0.312,0.275,0.384,0.625,0.037734085
0.041,0.572,0.235,0.632,0.01284948
0.201,0.232,0.434,0.704,0.274247214
0.183,0.425,0.284,0.456,0.082875439
0.0,0.416,0.622,0.467,0.574367344
0.0,0.0,0.638,0.865,0.9989317
0.028,0.552,0.185,0.902,0.024742454
0.207,0.0,0.653,0.987,0.254033352
0.04,0.0,0.658,0.883,0.986672025
0.0,0.26,0.333,0.842,0.928699502
0.0,0.315,0.466,0.618,0.96651695
0.129,0.282,0.171,0.725,0.084692079
0.036,0.306,0.734,0.958,0.98724352
0.041,0.344,0.434,0.581,0.947776157
0.414,0.012,0.455,0.271,0.0
0.425,0.635,0.645,0.814,0.001073601
0.486,0.204,0.652,0.632,0.008069354
0.028,0.146,0.299,0.277,0.0
0.091,0.767,0.771,0.775,5.4451e-05
0.257,0.677,0.36,0.854,0.000821102
0.879,0.044,0.919,0.985,8.192e-06
0.1,0.471,0.758,0.947,0.373470974
0.535,0.074,0.868,0.859,0.005090931
0.076,0.49,0.664,0.597,0.27317024
0.0,0.392,0.757,0.645,0.982411352
0.228,0.021,0.674,0.929,0.1845095
0.283,0.605,0.539,0.784,0.005923116
0.759,0.622,0.939,0.911,2.0238e-05
0.0,0.166,0.777,0.788,0.98724352
0.448,0.149,0.752,0.886,0.014607815
0.1,0.054,0.468,0.864,0.898255591
0.483,0.22,0.791,0.901,0.009752518
0.376,0.135,0.522,0.815,0.032205619
0.722,0.138,0.865,0.647,0.000269846
0.063,0.373,0.462,0.52,0.84929881
0.018,0.384,0.956,0.558,0.934278083
0.264,0.132,0.28,0.579,0.017762602
0.057,0.415,0.667,0.421,0.23199273
0.425,0.144,0.702,0.727,0.018857887
0.507,0.482,0.588,0.72,0.003134067
0.129,0.298,0.921,0.903,0.504460889
0.114,0.466,0.722,0.602,0.303715825
0.52,0.395,0.863,0.625,0.005679773
0.084,0.269,0.302,0.692,0.904508787
0.076,0.402,0.627,0.434,0.231946952
0.118,0.246,0.483,0.932,0.55622744
0.73,0.025,0.75,0.302,0.0
0.331,0.174,0.904,0.357,0.0
0.0,0.287,0.437,0.64,0.965919435
0.501,0.654,0.55,0.808,0.000139742
0.044,0.091,0.686,0.866,0.986909586
0.473,0.214,0.919,0.45,0.002171295
0.0,0.372,0.795,0.512,0.813172717
0.94,0.145,0.973,0.631,9.64e-07
0.598,0.171,0.749,0.301,0.0
0.0,0.183,0.491,0.741,0.978096228
0.092,0.129,0.771,0.876,0.97607142
0.544,0.245,0.557,0.293,0.0
0.0,0.259,0.86,0.62,0.977903481
0.0,0.0,0.818,0.904,0.999954704
0.486,0.425,0.666,0.587,0.00644016
0.161,0.236,0.645,0.53,0.367459194
0.0,0.27,0.647,0.626,0.978564603
0.343,0.383,0.575,0.579,0.044189183
0.173,0.409,0.549,0.427,0.081424054
0.19,0.037,0.841,0.357,0.0
0.561,0.011,0.916,0.568,0.002638225
0.135,0.054,0.494,0.783,0.477294641
0.882,0.008,0.911,0.825,5.782e-06
0.363,0.409,0.926,0.577,0.037951889
0.023,0.104,0.668,0.799,0.986679735
0.193,0.751,0.572,0.986,0.000370074
0.076,0.444,0.217,0.853,0.518888486
0.466,0.683,0.965,0.758,0.000184073
0.012,0.799,0.578,0.847,8.1436e-05
0.55,0.875,0.649,0.928,0.0
0.119,0.154,0.812,0.499,0.381010756
0.013,0.018,0.494,0.879,0.978906247
0.047,0.33,0.46,0.568,0.93935263
0.0,0.064,0.602,0.859,0.985681305
0.626,0.321,0.626,0.536,0.0
0.22,0.057,0.78,0.419,0.032479801
0.0,0.01,0.291,0.897,0.894172245
0.0,0.452,0.753,0.599,0.575817765
0.06,0.404,0.853,0.433,0.232047181
0.165,0.239,0.556,0.597,0.409645736
0.036,0.441,0.143,0.468,0.170681828
0.489,0.496,0.679,0.791,0.00480181
0.0,0.362,0.612,0.474,0.629390837
0.231,0.204,0.758,0.632,0.1727129
0.806,0.335,0.814,0.847,6.746e-06
0.232,0.618,0.954,0.93,0.006993826
0.429,0.225,0.67,0.377,0.0
0.243,0.193,0.536,0.74,0.149585184
0.08,0.326,0.906,0.601,0.972356222
0.234,0.091,0.407,0.889,0.147096338
0.022,0.362,0.606,0.474,0.629344578
0.11,0.81,0.67,0.915,8.3845e-05
0.353,0.42,0.834,0.43,0.0
0.095,0.427,0.135,0.623,0.359530063
0.292,0.152,1.0,0.184,0.0
0.09,0.212,0.607,0.691,0.978756868
0.497,0.225,0.532,0.76,0.0029312
0.144,0.611,0.778,0.816,0.011170654
0.736,0.535,0.868,0.928,9.2519e-05
0.276,0.346,0.297,0.54,0.021150613
0.475,0.352,0.709,0.36,0.0
0.244,0.231,0.382,0.968,0.118218497
0.319,0.346,0.639,0.486,0.032138639
