0.222,0.0,0.506,0.443,0.179008351
0.516,0.0,0.517,0.556,0.001538695
0.517,0.0,0.567,0.235,0.056255292
0.467,0.685,0.794,0.72,0.016481587
0.778,0.155,0.843,0.343,0.003416453
0.295,0.376,0.326,0.439,0.000604118
0.32,0.089,0.586,0.437,0.230976297
0.363,0.468,0.936,0.681,0.119393403
0.181,0.575,0.936,0.597,0.013788011
0.689,0.13,0.733,0.516,0.035865008
0.396,0.702,0.606,0.724,0.005640159
0.146,0.525,0.81,0.626,0.062453099
0.087,0.602,0.428,0.934,0.038574074
0.079,0.669,0.628,0.687,0.006664234
0.649,0.07,0.852,0.663,0.15474035
0.082,0.068,0.69,0.47,0.43382925
0.112,0.654,0.831,0.888,0.157785037
0.683,0.694,0.825,0.925,0.03298727
0.231,0.306,0.897,0.762,0.316745609
0.797,0.951,0.934,0.961,5.8519e-05
0.485,0.554,0.956,0.912,0.187966858
0.143,0.285,0.506,0.54,0.066494324
0.528,0.348,0.822,0.636,0.137938631
0.208,0.256,0.634,0.341,0.068828183
0.169,0.487,0.612,0.544,0.020688041
0.128,0.786,0.812,0.803,0.013116769
0.207,0.898,0.803,0.963,0.068974479
0.566,0.092,0.729,0.186,0.06218116
0.034,0.196,0.136,0.759,0.003456039
0.406,0.277,0.954,0.7,0.280820362
0.107,0.166,0.246,0.204,0.001135949
0.713,0.086,0.862,0.631,0.048582473
0.595,0.234,0.703,0.417,0.059571919
0.104,0.829,0.967,0.926,0.096443791
0.141,0.548,0.742,0.583,0.019493573
0.577,0.039,0.691,0.946,0.293150572
0.056,0.653,0.577,0.822,0.045706457
0.006,0.0,0.664,0.641,0.557713094
0.271,0.488,0.413,0.993,0.034522523
0.544,0.845,0.709,1.0,0.079480286
0.296,0.0,0.955,0.657,0.681269922
0.112,0.659,0.677,0.733,0.031360798
0.322,0.0,0.883,0.416,0.523285233
0.233,0.516,0.319,0.95,0.013936029
0.015,0.1,0.839,0.565,0.513374939
0.093,0.457,1.0,0.865,0.258419792
0.3,0.168,0.489,0.923,0.132914639
0.029,0.0,0.613,0.467,0.393379138
0.41,0.098,0.492,0.516,0.07229799
0.184,0.196,0.732,0.627,0.367352137
0.753,0.092,0.784,0.245,0.003769285
0.277,0.719,0.322,0.827,0.001764163
0.064,0.0,0.917,0.42,0.561268958
0.345,0.029,0.752,0.449,0.481291264
0.26,0.111,0.292,0.466,0.005215039
0.329,0.707,0.413,0.883,0.005051531
0.106,0.649,0.975,0.932,0.209897558
0.08,0.605,0.615,0.637,0.011204588
0.143,0.246,0.814,0.41,0.179330203
0.067,0.656,0.637,0.842,0.075105161
0.25,0.398,1.0,1.0,0.434257812
0.153,0.229,0.309,0.429,0.010035937
0.324,0.08,0.545,0.351,0.148404852
0.015,0.798,0.37,0.984,0.027829029
0.383,0.0,0.74,0.544,0.546320902
0.663,0.344,0.784,0.761,0.067514957
0.286,0.248,0.803,0.539,0.260700295
0.216,0.675,0.704,0.822,0.074871087
0.285,0.196,0.357,0.215,0.001222006
0.167,0.017,0.515,0.221,0.108371256
0.673,0.298,0.836,0.636,0.055673549
0.49,0.0,0.754,0.426,0.38274941
0.274,0.001,0.623,0.865,0.52224911
0.341,0.025,0.745,0.325,0.387324186
0.44,0.366,0.657,0.415,0.026460727
0.155,0.058,0.687,0.58,0.496779757
0.074,0.0,0.893,0.13,0.197944277
0.087,0.08,0.866,0.364,0.391017741
0.098,0.312,0.651,0.759,0.225769864
0.243,0.0,0.431,0.546,0.097180437
0.389,0.731,0.671,1.0,0.155318651
0.424,0.371,0.776,0.883,0.292527521
0.017,0.292,0.598,0.757,0.190527906
0.782,0.007,0.81,0.734,0.005325191
0.127,0.471,0.704,0.757,0.146077878
0.458,0.337,0.884,0.486,0.099522901
0.492,0.001,0.981,0.14,0.143461753
0.091,0.0,0.54,0.618,0.283763502
0.067,0.0,0.968,0.488,0.610613894
0.367,0.008,0.942,0.131,0.168968971
0.274,0.096,0.69,0.858,0.567163845
0.182,0.0,0.754,0.387,0.509406002
0.333,0.0,0.658,0.326,0.340643567
0.178,0.34,0.36,0.54,0.011194261
0.37,0.065,0.905,0.526,0.487735193
0.459,0.451,0.822,0.635,0.094047971
0.269,0.463,0.72,1.0,0.344750194
0.163,0.575,0.548,0.576,0.000731482
0.244,0.49,0.991,0.77,0.160182578
0.853,0.15,0.876,0.797,0.000313247
0.368,0.0,0.674,0.465,0.436722477
0.348,0.574,0.985,0.752,0.091970562
0.588,0.069,0.791,0.081,0.008836306
0.437,0.409,0.91,0.97,0.341996379
0.004,0.0,0.872,0.746,0.761221799
0.028,0.788,0.731,0.993,0.19183769
0.488,0.031,0.608,0.263,0.123887286
0.196,0.303,0.539,0.75,0.112455509
0.235,0.014,0.662,0.436,0.422375097
0.023,0.09,0.517,0.795,0.218041968
0.373,0.047,0.484,0.423,0.089762346
0.297,0.16,0.516,0.799,0.150936642
0.251,0.14,0.865,0.46,0.365273006
0.114,0.449,0.341,0.512,0.00224436
0.29,0.508,0.333,0.994,0.008607395
0.0,0.243,0.696,0.324,0.086924194
0.393,0.369,0.605,0.838,0.140065954
0.262,0.848,0.308,0.981,0.004115233
0.312,0.695,0.925,0.953,0.190176795
0.364,0.468,0.905,0.7,0.126840754
0.662,0.395,0.815,0.941,0.097631374
0.536,0.153,0.72,0.251,0.073516554
0.669,0.489,0.961,0.847,0.053831935
0.412,0.021,0.435,0.986,0.030152561
0.145,0.257,0.167,0.634,0.000734925
0.849,0.719,0.885,0.826,6.024e-05
0.081,0.383,0.75,0.853,0.294771881
0.313,0.522,0.839,0.98,0.31177153
0.349,0.499,0.66,0.545,0.020488389
0.075,0.268,0.224,0.431,0.00373142
0.399,0.332,0.409,0.865,0.003082553
0.076,0.047,0.959,0.339,0.417218577
0.338,0.537,0.918,0.705,0.088376832
0.248,0.048,0.358,0.326,0.022496954
0.089,0.108,0.583,0.545,0.272099371
0.506,0.464,0.794,0.678,0.095614204
0.072,0.052,0.624,0.549,0.389625343
0.402,0.373,0.73,0.543,0.105376481
0.395,0.477,0.975,0.523,0.029202495
0.553,0.15,0.973,0.84,0.33908594
0.196,0.523,0.69,1.0,0.293703056
0.417,0.0,0.574,0.494,0.233387606
0.443,0.34,0.509,0.41,0.008404301
0.046,0.282,0.072,0.401,0.000204815
0.062,0.545,0.744,0.731,0.098275079
0.649,0.151,0.856,0.784,0.146799033
0.244,0.071,0.292,0.329,0.006350988
0.299,0.093,0.508,0.804,0.172464596
0.703,0.59,0.991,1.0,0.038665294
0.064,0.41,0.301,0.906,0.021817105
0.112,0.827,0.676,0.992,0.142799116
0.374,0.217,0.513,0.664,0.084173821
0.239,0.294,0.578,0.741,0.156946844
0.0,0.044,0.895,0.606,0.623207438
0.48,0.476,0.652,1.0,0.191749912
0.232,0.491,0.852,0.62,0.080020722
0.238,0.023,0.498,0.688,0.190202612
0.476,0.332,0.962,0.452,0.081796934
0.088,0.488,0.128,0.923,0.002113554
0.639,0.301,0.715,0.449,0.029887507
0.141,0.648,0.27,0.666,0.000237517
0.575,0.005,0.839,0.429,0.250476754
0.164,0.024,0.706,0.905,0.754801966
0.881,0.03,0.893,0.968,0.000189325
0.528,0.473,0.867,0.963,0.239304868
0.087,0.442,0.719,0.45,0.005726216
0.872,0.194,0.891,0.36,0.00010671
0.486,0.962,0.939,0.971,0.006949943
0.174,0.331,0.845,0.54,0.167759014
0.342,0.142,0.551,0.824,0.211663442
0.117,0.626,0.554,1.0,0.123978506
0.107,0.468,1.0,1.0,0.399158709
0.193,0.332,0.24,0.352,0.000356275
0.377,0.264,0.539,0.739,0.09803412
0.448,0.519,0.971,0.523,0.002910439
0.283,0.51,0.94,0.964,0.309670024
0.122,0.0,0.981,0.603,0.681705369
0.341,0.533,0.898,0.978,0.299988641
0.473,0.02,0.791,0.2,0.200001033
0.274,0.0,0.763,0.342,0.457481085
0.248,0.0,0.698,0.217,0.289713465
0.157,0.184,0.359,0.294,0.010924043
0.22,0.293,0.848,1.0,0.547680599
0.347,0.148,0.4,0.902,0.031854764
0.541,0.634,0.814,0.78,0.054165835
0.0,0.17,0.931,0.186,0.021737933
0.665,0.831,0.796,0.88,0.009877593
0.005,0.284,0.711,0.999,0.517791371
0.057,0.746,0.988,0.981,0.218394801
0.335,0.041,0.517,0.713,0.189860106
0.659,0.212,0.757,0.811,0.101903231
0.285,0.34,0.744,0.549,0.151301522
0.474,0.022,0.625,0.62,0.281016571
0.151,0.395,0.229,0.991,0.010390491
0.529,0.1,0.874,0.991,0.534252305
0.107,0.776,0.234,0.824,0.001679828
0.407,0.453,0.596,0.667,0.055460128
0.441,0.0,0.901,0.115,0.13905909
0.194,0.251,0.844,0.564,0.277273103
0.137,0.0,0.919,0.697,0.727855879
0.011,0.06,0.998,0.55,0.565977983
0.582,0.168,0.857,0.881,0.284567272
0.541,0.0,0.889,0.4,0.309348172
0.381,0.17,0.831,0.241,0.090290734
0.394,0.446,0.908,0.851,0.224988468
0.108,0.402,0.809,0.714,0.198002795
0.128,0.0,0.502,0.65,0.216400006
0.0,0.691,0.797,1.0,0.265627904
0.0,0.024,0.902,0.282,0.382436163
0.349,0.143,0.707,0.784,0.465043751
0.01,0.82,0.69,0.968,0.128592869
0.054,0.362,0.187,0.58,0.001526647
0.201,0.529,0.869,1.0,0.347442049
0.156,0.751,0.937,1.0,0.226935072
0.747,0.263,0.902,0.295,0.001853662
0.183,0.698,0.514,0.957,0.058179521
0.189,0.862,0.251,0.975,0.004653949
0.784,0.725,0.81,0.917,0.001475013
0.278,0.054,0.471,0.613,0.128437967
0.057,0.905,0.508,0.998,0.036648124
0.005,0.004,0.133,0.061,0.000912201
0.036,0.221,0.343,0.812,0.034415812
0.367,0.094,0.586,0.655,0.270202681
0.139,0.244,0.88,0.998,0.624169552
0.248,0.705,0.515,0.797,0.010984283
0.077,0.0,0.894,0.56,0.657514819
0.327,0.232,0.457,0.973,0.079476844
0.363,0.689,0.567,0.897,0.047190075
0.114,0.053,1.0,0.348,0.411155019
0.62,0.129,0.728,0.184,0.021977171
0.087,0.163,0.358,0.235,0.0083716
0.397,0.258,0.614,0.306,0.032751475
0.536,0.074,0.609,0.854,0.174221875
0.536,0.366,0.599,0.993,0.100498785
0.112,0.273,0.884,0.402,0.137215755
0.072,0.573,0.11,0.713,0.000239238
0.423,0.325,0.516,0.866,0.055652895
0.403,0.221,0.784,0.579,0.286002699
0.589,0.146,0.862,0.446,0.145912649
0.071,0.113,0.54,0.272,0.102398918
0.089,0.76,0.295,0.96,0.017755227
0.748,0.067,0.978,0.411,0.015533242
0.318,0.731,0.408,1.0,0.013837924
0.385,0.025,0.782,0.454,0.479817973
0.201,0.031,0.301,0.958,0.033823742
0.251,0.0,1.0,0.175,0.257378505
0.06,0.517,0.644,1.0,0.256538591
0.639,0.185,0.911,0.961,0.200686044
0.245,0.253,0.684,0.289,0.036710085
0.173,0.096,0.222,0.703,0.004507652
0.387,0.071,0.448,0.589,0.051146964
0.122,0.338,0.529,0.441,0.0346998
0.21,0.16,0.741,0.19,0.04537772
0.354,0.458,0.705,0.637,0.08972276
0.336,0.314,0.881,0.902,0.394100294
0.453,0.39,0.671,0.655,0.102806827
0.61,0.675,0.831,0.797,0.030644806
0.306,0.282,0.764,0.914,0.437407489
0.079,0.264,1.0,1.0,0.600240615
0.186,0.256,0.865,0.922,0.51060047
0.338,0.416,0.924,0.501,0.061614906
0.339,0.357,0.647,0.6,0.115944249
0.251,0.0,0.729,0.797,0.721718312
0.374,0.03,0.592,0.677,0.329361528
0.303,0.084,0.828,0.397,0.390620159
0.014,0.609,0.45,0.794,0.015667491
0.108,0.25,0.434,0.496,0.042384667
0.387,0.743,0.53,0.982,0.044455192
0.866,0.227,0.964,0.904,0.00037865
0.263,0.198,0.893,0.753,0.449138744
0.799,0.051,0.992,0.151,0.001277082
0.341,0.265,0.891,0.491,0.200302231
0.221,0.296,0.621,0.376,0.05757024
0.438,0.0,0.611,0.357,0.234322183
0.16,0.0,0.789,0.121,0.178313012
0.112,0.0,0.899,0.616,0.687801629
0.052,0.496,0.203,0.517,0.000101547
0.0,0.768,0.924,0.931,0.145071014
0.31,0.154,0.565,0.363,0.127921626
0.402,0.03,0.426,0.666,0.022450483
0.182,0.439,0.829,0.47,0.02176375
0.53,0.158,0.576,0.189,0.008240794
0.336,0.167,0.615,0.716,0.280946005
0.381,0.571,0.814,0.988,0.276366065
0.504,0.07,0.878,1.0,0.620761705
0.0,0.035,0.93,0.359,0.454584415
0.288,0.083,0.776,0.143,0.090428425
0.193,0.026,0.623,0.464,0.371424342
0.218,0.415,0.862,0.935,0.354882515
0.028,0.694,0.382,0.997,0.03821952
0.502,0.571,0.641,0.912,0.099500527
0.05,0.217,0.851,0.912,0.56495735
0.451,0.0,0.567,0.658,0.21014368
0.118,0.666,0.797,0.917,0.182968682
0.092,0.37,0.351,0.596,0.010466221
0.078,0.203,0.751,0.319,0.141718243
0.199,0.207,0.817,0.993,0.65750105
0.335,0.519,0.749,1.0,0.312561531
0.079,0.039,0.587,0.27,0.204632607
0.072,0.145,0.779,0.778,0.550365569
0.735,0.198,0.926,0.972,0.040097279
0.036,0.601,0.077,0.757,0.000115316
0.137,0.065,0.83,0.131,0.103397176
0.793,0.314,0.854,0.585,0.001099805
0.704,0.602,0.865,0.903,0.024923754
0.206,0.396,0.519,0.74,0.059663139
0.599,0.397,0.758,0.808,0.109126834
0.007,0.022,0.874,0.706,0.707305529
0.215,0.86,0.462,0.975,0.0249031
0.291,0.227,0.553,0.379,0.076044901
0.772,0.709,0.886,0.843,0.0018812
0.088,0.11,0.647,0.22,0.131100562
0.498,0.242,0.783,0.508,0.179631402
0.604,0.159,0.701,0.54,0.107503804
0.011,0.198,0.89,0.753,0.463658238
0.344,0.413,0.981,0.419,0.004244319
0.424,0.456,0.512,0.538,0.007755434
0.608,0.725,0.786,0.988,0.09225627
0.456,0.558,0.717,0.685,0.052059166
0.002,0.358,0.293,0.848,0.016567644
0.749,0.249,0.829,0.304,0.002769306
0.375,0.384,0.766,0.47,0.061120941
0.33,0.067,0.39,0.666,0.03642954
0.604,0.014,0.856,0.021,0.002796844
0.821,0.284,0.834,0.583,0.000223748
0.189,0.51,0.58,0.905,0.123099007
0.059,0.341,0.555,0.547,0.069088074
0.314,0.044,0.802,0.167,0.182120163
0.456,0.168,0.503,0.711,0.043558481
0.317,0.0,0.327,0.554,0.003438827
0.162,0.362,0.973,0.377,0.015903286
0.358,0.319,0.888,0.706,0.256738243
0.375,0.274,0.71,0.304,0.029872016
0.185,0.475,0.189,0.987,0.000430284
0.291,0.171,0.645,0.69,0.320361714
0.661,0.187,0.676,0.547,0.015559059
0.063,0.001,0.312,0.936,0.057504836
0.359,0.702,0.697,0.913,0.116897758
0.167,0.0,1.0,0.3,0.437462565
0.389,0.065,0.476,0.486,0.073535486
0.11,0.011,0.614,0.434,0.366341831
0.39,0.067,0.437,0.915,0.045703015
0.0,0.0,0.755,0.42,0.546916415
0.346,0.102,0.601,0.264,0.139819832
0.441,0.584,0.918,0.676,0.042648
0.803,0.516,0.846,0.901,0.001041287
0.01,0.643,1.0,1.0,0.292744384
0.05,0.456,0.486,0.855,0.054100432
0.072,0.131,0.114,0.924,0.003268435
0.265,0.198,0.668,0.373,0.165803804
0.277,0.0,0.617,0.448,0.366145622
0.429,0.601,0.711,0.8,0.087092866
0.229,0.141,0.912,0.351,0.276190509
0.266,0.456,0.488,0.661,0.026607024
0.035,0.551,0.717,0.888,0.196579417
0.054,0.057,0.635,0.232,0.196291987
0.253,0.176,0.873,0.518,0.348760439
0.251,0.314,0.82,0.888,0.396515046
0.036,0.053,0.859,0.643,0.62498537
0.108,0.189,0.544,0.948,0.254469787
0.138,0.036,0.418,0.503,0.08493112
0.836,0.245,0.936,0.616,0.000526667
0.085,0.275,0.468,0.35,0.021250852
0.113,0.618,0.317,0.896,0.016211369
0.6,0.361,0.879,0.866,0.153452941
0.362,0.188,0.845,0.593,0.356443585
0.5,0.852,0.746,1.0,0.104240532
0.254,0.48,0.471,0.795,0.030364261
0.577,0.0,0.673,0.523,0.177958459
0.081,0.115,0.556,0.476,0.20406119
0.171,0.267,0.345,0.671,0.019113202
0.399,0.386,0.887,0.884,0.295809725
0.275,0.58,0.403,0.858,0.011545373
0.228,0.241,0.536,0.871,0.16329439
0.525,0.655,0.868,0.903,0.123419138
0.09,0.187,0.112,0.21,7.573e-05
0.424,0.099,0.535,0.91,0.163043104
0.597,0.495,0.763,0.726,0.056571981
0.155,0.0,0.774,0.377,0.509973976
0.004,0.773,0.922,1.0,0.219596153
0.115,0.31,0.618,0.754,0.194386691
0.103,0.382,0.934,0.961,0.422507625
0.134,0.034,0.877,0.336,0.423765774
0.414,0.743,0.725,1.0,0.179349136
0.346,0.393,0.755,0.438,0.03365335
0.28,0.732,0.596,0.761,0.007393995
0.294,0.091,0.537,0.484,0.17460913
0.0,0.0,0.815,0.483,0.604811949
0.24,0.0,0.411,0.496,0.073797099
0.365,0.406,0.91,0.614,0.130252043
0.496,0.0,0.626,0.499,0.237981315
0.775,0.499,0.917,0.5,6.024e-05
0.473,0.013,0.55,0.625,0.130697817
0.38,0.123,0.908,0.343,0.270108018
0.143,0.353,0.988,0.747,0.259029073
0.166,0.0,0.478,0.874,0.202994086
0.064,0.077,0.762,0.39,0.410408047
0.465,0.008,0.816,0.885,0.655888347
0.134,0.169,0.179,0.364,0.001302899
0.501,0.315,0.933,0.925,0.333258177
0.205,0.542,0.304,0.856,0.008395696
0.036,0.268,0.466,0.562,0.058928215
0.837,0.321,0.947,0.468,0.000161787
0.39,0.0,0.733,0.626,0.577612855
0.563,0.49,0.658,0.808,0.056114159
0.067,0.499,0.897,0.504,0.005597131
0.167,0.209,1.0,0.325,0.147759427
0.248,0.107,0.395,0.288,0.026052818
0.264,0.443,0.848,0.446,0.001877758
0.278,0.429,0.763,1.0,0.390460094
0.093,0.411,0.464,0.727,0.037307319
0.015,0.458,0.611,0.976,0.229296469
0.138,0.129,0.505,0.865,0.18786359
0.097,0.69,0.738,0.782,0.050251974
0.19,0.628,0.403,0.732,0.004829504
0.737,0.446,0.761,0.866,0.00919086
0.138,0.851,0.703,0.869,0.012762215
0.028,0.08,0.368,0.872,0.072284221
0.019,0.0,0.639,0.452,0.42906687
0.149,0.101,0.227,0.705,0.006679724
0.03,0.442,0.93,0.983,0.400304985
0.397,0.259,0.427,0.464,0.008185717
0.415,0.165,0.462,0.247,0.011003215
0.827,0.611,0.905,0.791,0.000230632
0.277,0.749,0.432,1.0,0.024669026
0.054,0.493,0.823,0.783,0.169259843
0.195,0.21,0.606,0.231,0.020195796
0.41,0.694,0.551,0.951,0.051434394
0.149,0.114,0.686,0.809,0.524603623
0.6,0.117,0.788,0.87,0.268288779
0.496,0.243,0.867,0.835,0.33553696
0.354,0.705,0.72,0.919,0.129735703
0.214,0.0,0.445,0.518,0.115088845
0.02,0.254,0.036,0.433,2.5817e-05
0.495,0.129,0.738,0.722,0.364211066
0.072,0.089,0.295,0.68,0.024395365
0.423,0.0,0.8,0.613,0.572785072
0.511,0.244,0.681,0.431,0.103009921
0.439,0.646,0.445,0.691,0.00010671
0.672,0.752,0.827,1.0,0.047462015
0.217,0.0,0.706,0.321,0.41377975
0.378,0.392,0.585,0.401,0.00338203
0.328,0.856,0.811,0.931,0.068731799
0.635,0.003,0.856,0.311,0.118252291
0.111,0.164,0.137,0.567,0.001084315
0.57,0.195,0.645,0.766,0.105290424
0.108,0.102,1.0,0.987,0.828807322
0.539,0.043,0.839,0.501,0.322881455
0.326,0.663,0.718,0.748,0.038923465
0.432,0.664,0.468,0.711,0.00071255
0.48,0.035,0.584,0.537,0.175254556
0.46,0.222,0.893,0.382,0.146972868
0.151,0.0,0.713,0.637,0.638134841
0.242,0.294,0.344,0.545,0.009793257
0.214,0.326,0.794,0.966,0.471121078
0.315,0.0,0.766,0.343,0.450758332
0.206,0.425,0.797,0.486,0.044329549
0.112,0.222,0.81,0.242,0.02971023
0.745,0.131,0.957,0.837,0.029116438
0.691,0.597,0.795,0.859,0.025033906
0.274,0.209,0.787,0.442,0.244838317
0.704,0.848,0.846,0.938,0.010602191
0.297,0.0,0.809,0.269,0.379162565
0.241,0.663,0.851,1.0,0.264615877
0.033,0.427,0.482,0.457,0.005289047
0.204,0.646,0.952,0.871,0.141093471
0.097,0.156,0.532,0.647,0.175917193
0.504,0.201,0.796,0.3,0.088258074
0.233,0.0,0.886,0.795,0.772514165
0.379,0.333,0.979,0.742,0.254927609
0.422,0.059,0.842,0.74,0.563945323
0.428,0.321,0.905,0.6,0.184462627
0.359,0.302,0.586,0.471,0.071711083
0.123,0.085,0.577,0.246,0.136501484
0.47,0.13,0.813,1.0,0.608292083
0.01,0.285,0.84,0.671,0.298892278
0.05,0.661,0.552,0.917,0.075050085
0.408,0.404,0.663,0.778,0.145539163
0.16,0.173,0.659,0.37,0.19449168
0.327,0.335,0.471,0.611,0.036649845
0.05,0.103,0.221,0.107,0.000123922
0.278,0.0,0.795,0.624,0.662299574
0.356,0.058,0.567,0.737,0.28116631
0.033,0.347,0.547,0.741,0.101930769
0.488,0.056,0.662,1.0,0.460718539
0.803,0.139,0.963,0.487,0.00232009
0.0,0.164,0.821,0.364,0.256256325
0.551,0.153,0.807,0.363,0.141234604
0.383,0.0,0.94,0.337,0.426734732
0.104,0.189,0.961,0.344,0.194622486
0.975,0.406,0.995,0.715,0.0
0.424,0.264,0.656,1.0,0.347612442
0.303,0.348,0.449,1.0,0.061069307
0.453,0.097,0.93,0.151,0.068253324
0.317,0.442,0.668,0.481,0.019829195
0.324,0.039,0.974,0.773,0.677242467
0.323,0.126,0.384,0.494,0.023524471
0.154,0.15,0.654,0.844,0.440703462
0.691,0.238,0.924,0.866,0.075908931
0.76,0.149,0.912,0.262,0.004015408
0.1,0.145,0.527,0.959,0.254166867
0.071,0.87,0.535,0.99,0.054064288
0.496,0.551,0.714,0.977,0.204417465
0.351,0.436,0.391,0.769,0.007056653
0.023,0.409,0.052,0.567,1.8932e-05
0.09,0.526,0.187,0.967,0.00743186
0.188,0.26,0.788,0.882,0.462921592
0.082,0.304,0.471,0.698,0.063420377
0.162,0.727,0.371,0.853,0.008975718
0.322,0.504,0.608,0.603,0.032899493
0.765,0.366,0.845,0.458,0.001631636
0.846,0.565,0.938,0.972,0.000413072
0.768,0.641,0.877,0.867,0.003607499
0.088,0.396,0.925,0.529,0.09883789
0.007,0.628,0.865,0.991,0.290303815
0.087,0.25,0.705,0.338,0.097961832
0.272,0.313,0.283,0.97,0.002721114
0.054,0.293,0.114,0.637,0.000846798
0.313,0.079,0.792,0.407,0.404127626
0.501,0.498,0.534,0.954,0.025335105
0.418,0.754,0.727,0.838,0.043351945
0.037,0.531,0.412,0.676,0.010309598
0.443,0.0,0.505,0.677,0.088175459
0.808,0.288,0.976,0.7,0.001005143
0.345,0.128,0.351,0.504,0.002225427
0.388,0.244,0.474,0.667,0.04248105
0.807,0.81,0.984,0.967,0.000982768
0.145,0.44,0.359,0.575,0.005791619
0.221,0.308,0.463,0.684,0.05361335
0.753,0.009,0.794,0.1,0.001851941
0.596,0.126,0.7,0.423,0.102669136
0.508,0.077,0.871,0.987,0.598805188
0.21,0.103,0.754,0.759,0.58125994
0.351,0.611,0.353,1.0,0.000426841
0.737,0.008,0.745,0.469,0.004054994
0.614,0.602,0.998,0.819,0.051083282
0.463,0.321,0.608,0.48,0.053682196
0.216,0.272,0.323,0.503,0.008488637
0.608,0.241,0.995,0.725,0.152244704
0.072,0.024,0.235,0.224,0.008170227
0.103,0.286,0.628,0.889,0.291505167
0.259,0.477,0.761,0.971,0.331015538
0.3,0.0,0.909,0.14,0.203131777
0.692,0.048,0.98,0.168,0.019737974
0.643,0.0,0.7,0.684,0.116269543
0.352,0.164,0.403,0.758,0.026471054
0.104,0.37,0.431,0.716,0.033386574
0.118,0.018,0.656,0.174,0.186078773
0.196,0.797,0.673,0.986,0.144057266
0.311,0.207,0.795,0.399,0.210561916
0.705,0.299,0.742,0.871,0.026897895
0.078,0.106,0.553,0.332,0.150707731
0.375,0.241,0.799,0.638,0.30380956
0.082,0.297,0.668,0.891,0.33702402
0.041,0.007,0.759,0.764,0.738456349
0.301,0.226,0.401,0.268,0.004714188
0.0,0.142,0.929,0.181,0.060501332
0.479,0.0,0.697,0.475,0.37321088
0.022,0.02,0.757,0.366,0.466752838
0.432,0.657,0.473,0.819,0.003690113
0.728,0.328,0.948,0.686,0.01891183
0.25,0.254,0.503,0.297,0.014960104
0.519,0.207,0.709,0.7,0.236222316
0.388,0.18,0.54,0.579,0.113970107
0.694,0.254,0.793,0.732,0.050396549
0.118,0.353,0.306,0.415,0.002660874
0.13,0.462,0.937,0.899,0.287154138
0.154,0.191,0.758,0.374,0.215912924
0.253,0.068,0.988,0.951,0.809090002
0.222,0.539,0.357,0.874,0.014185593
0.114,0.099,0.418,0.464,0.067769685
0.278,0.328,0.63,0.382,0.034809952
0.109,0.182,0.828,0.256,0.106111406
0.027,0.628,0.694,0.935,0.19110965
0.186,0.355,0.96,0.787,0.2838203
0.658,0.188,0.695,0.912,0.066096742
0.016,0.254,0.636,0.258,0.002382051
0.402,0.112,0.811,0.595,0.440748212
0.063,0.497,0.163,0.671,0.000598955
0.032,0.789,1.0,0.961,0.163490599
0.273,0.007,0.54,0.489,0.229439323
0.393,0.358,0.734,0.363,0.004512816
0.171,0.413,0.497,0.482,0.012963588
0.595,0.0,0.715,0.612,0.224391235
0.005,0.185,0.601,0.767,0.292260745
0.248,0.042,0.765,0.743,0.660118896
0.243,0.385,0.535,0.931,0.117933881
0.465,0.002,0.663,0.745,0.417302913
0.042,0.253,0.414,0.696,0.049506723
0.222,0.637,0.944,0.752,0.061432466
0.55,0.251,0.678,0.893,0.198321205
0.208,0.279,0.988,0.893,0.452238508
0.645,0.195,0.755,0.337,0.038930349
0.355,0.381,0.84,0.885,0.309274163
0.444,0.169,0.624,0.17,0.002037824
0.022,0.189,0.506,0.71,0.134978279
0.172,0.0,0.656,0.14,0.164778008
0.029,0.204,0.909,0.446,0.267681218
0.193,0.0,0.657,0.744,0.57176616
0.315,0.249,1.0,0.501,0.235704254
0.382,0.572,0.453,0.81,0.007576436
0.236,0.059,0.485,0.429,0.124820141
0.118,0.498,0.869,0.98,0.355178551
0.26,0.094,0.531,0.802,0.221577179
0.076,0.918,0.636,1.0,0.066618245
0.096,0.012,0.379,0.555,0.066771426
0.15,0.281,0.201,0.883,0.00404983
0.086,0.748,0.977,0.88,0.100813753
0.151,0.0,1.0,0.315,0.45334864
0.361,0.397,0.441,0.541,0.010044543
0.064,0.199,0.289,0.655,0.015615856
0.631,0.084,0.673,0.151,0.012987684
0.018,0.289,0.117,0.527,0.00095523
0.016,0.637,0.061,0.792,7.4009e-05
0.531,0.281,0.617,0.472,0.047406938
0.337,0.178,0.505,0.902,0.13186991
0.13,0.297,0.915,0.521,0.197663732
0.323,0.665,0.693,0.759,0.041076604
0.231,0.312,0.672,0.946,0.361436597
0.341,0.032,0.613,0.491,0.330428631
0.359,0.067,0.865,0.372,0.377658293
0.0,0.0,0.857,0.158,0.241303106
0.099,0.119,0.108,0.497,0.00037865
0.255,0.771,0.874,0.943,0.143904085
0.271,0.0,0.392,0.496,0.052857772
0.22,0.111,0.295,0.146,0.001318389
0.502,0.244,0.936,0.374,0.102836086
0.129,0.165,0.507,0.504,0.11684096
0.044,0.0,0.782,0.6,0.67606521
0.616,0.3,0.974,0.951,0.193479653
0.127,0.209,0.908,0.425,0.243988076
0.864,0.621,0.897,0.712,6.885e-06
0.147,0.331,0.291,0.414,0.003244339
0.351,0.656,0.58,0.973,0.098633075
0.342,0.236,0.57,0.956,0.235697369
0.0,0.032,0.905,0.268,0.352765519
0.318,0.116,0.636,0.725,0.375296896
0.01,0.0,0.722,0.365,0.481910873
0.051,0.196,0.907,0.368,0.212723661
0.108,0.275,0.784,0.956,0.532842695
0.213,0.029,0.612,0.394,0.317088115
0.003,0.503,0.3,0.987,0.028930556
0.357,0.945,0.817,0.974,0.028362581
0.011,0.068,0.827,0.332,0.374026698
0.341,0.16,0.812,0.312,0.19376364
0.355,0.622,0.812,1.0,0.266132197
0.582,0.168,0.814,0.719,0.221446373
0.379,0.338,0.895,0.947,0.399838558
0.087,0.163,0.761,0.26,0.136673597
0.2,0.681,0.557,0.907,0.062220746
0.042,0.69,0.76,0.787,0.055215727
0.137,0.037,0.809,0.735,0.690021893
0.375,0.132,0.709,0.706,0.431710533
0.681,0.469,0.994,0.74,0.0323952
0.201,0.073,0.439,0.981,0.142601186
0.318,0.383,0.426,0.691,0.020190633
0.344,0.557,0.46,0.819,0.013364612
0.12,0.666,0.268,0.684,0.0003339
0.433,0.296,0.948,0.601,0.206205724
0.175,0.646,0.246,0.74,0.000929413
0.242,0.075,0.516,0.17,0.051890495
0.236,0.719,0.757,0.915,0.140274211
0.024,0.211,0.895,0.893,0.556064247
0.78,0.895,0.847,0.947,0.000676406
0.291,0.871,0.699,0.892,0.018371393
0.0,0.182,0.917,0.523,0.355944456
0.755,0.262,0.788,0.29,0.00075902
0.187,0.081,0.925,0.622,0.563055496
0.215,0.184,0.618,0.496,0.213305405
0.32,0.528,0.618,0.552,0.008101382
0.0,0.103,0.864,0.247,0.21299388
0.226,0.811,0.268,0.943,0.003946562
0.875,0.259,0.964,0.289,3.4423e-05
0.551,0.709,0.898,0.79,0.031135329
0.396,0.909,0.842,0.975,0.06105898
0.081,0.744,0.278,0.797,0.002295994
0.619,0.28,0.846,0.87,0.165648902
0.183,0.172,0.753,0.476,0.324809126
0.594,0.423,0.636,0.815,0.030489904
0.269,0.293,0.615,0.351,0.040090394
0.103,0.69,0.338,0.736,0.001822682
0.082,0.0,0.776,0.651,0.698766979
0.662,0.685,0.746,0.946,0.040613619
0.209,0.504,0.371,0.8,0.01320971
0.284,0.176,0.985,0.686,0.437488382
0.079,0.058,0.954,0.591,0.592116858
0.721,0.149,0.941,0.526,0.029465829
0.344,0.0,0.805,0.594,0.626078291
0.786,0.227,0.988,0.55,0.003320069
0.36,0.021,0.978,0.062,0.054527273
0.451,0.197,0.968,0.389,0.183713934
0.081,0.045,0.461,0.886,0.174166799
0.66,0.211,0.768,0.733,0.093440411
0.366,0.827,0.587,1.0,0.075828038
0.068,0.6,0.926,1.0,0.315740467
0.292,0.422,0.394,0.899,0.020770655
0.054,0.069,0.328,0.238,0.015118449
0.046,0.175,0.619,0.721,0.312683731
0.285,0.637,0.67,0.741,0.040713445
0.347,0.695,0.959,0.982,0.215381094
0.406,0.0,0.435,0.489,0.027643147
0.293,0.749,0.502,0.895,0.019820589
0.407,0.626,0.989,0.921,0.178244167
0.397,0.0,0.55,0.539,0.206735833
0.501,0.344,0.659,0.783,0.14115199
0.511,0.295,0.711,0.404,0.064965956
0.394,0.255,0.67,1.0,0.400370388
0.336,0.466,0.862,0.882,0.248099867
0.379,0.06,0.667,0.229,0.185872237
0.797,0.63,0.952,0.821,0.000829587
0.039,0.319,0.42,0.644,0.036050891
0.574,0.098,0.747,0.392,0.161332296
0.031,0.193,0.623,0.28,0.082798634
0.189,0.284,0.417,0.597,0.035484637
0.61,0.678,0.789,0.888,0.06034643
0.198,0.353,0.648,0.657,0.147361845
0.255,0.225,0.962,0.734,0.402680151
0.339,0.922,0.825,0.961,0.039549958
0.455,0.329,0.745,0.851,0.275491728
0.153,0.421,0.4,0.49,0.005184058
0.813,0.239,1.0,0.698,0.001240938
0.529,0.007,0.625,0.552,0.191180217
0.068,0.395,0.578,0.494,0.036190302
0.0,0.0,0.71,0.605,0.625668661
0.897,0.34,0.935,0.918,8.0893e-05
0.073,0.287,0.758,0.3,0.017299126
0.123,0.174,0.926,0.333,0.208577448
0.233,0.127,0.408,0.849,0.07081093
0.119,0.232,0.774,0.847,0.467475715
0.63,0.266,0.878,0.563,0.08775206
0.356,0.228,0.64,0.678,0.233638892
0.001,0.686,0.623,0.983,0.161655869
0.324,0.261,0.981,0.503,0.219807853
0.5,0.034,0.708,0.704,0.414979381
0.58,0.746,0.678,0.892,0.035288428
0.093,0.077,0.143,0.594,0.003022313
0.412,0.0,0.622,0.252,0.207121368
0.46,0.796,0.587,0.802,0.001459522
0.75,0.222,0.816,0.568,0.012889579
0.489,0.353,0.589,0.608,0.05121581
0.244,0.104,0.852,0.373,0.349708784
0.252,0.781,0.523,0.845,0.010304434
0.499,0.154,0.67,0.991,0.381226205
0.058,0.315,0.939,0.657,0.25530798
0.203,0.124,0.513,0.709,0.172557538
0.276,0.0,0.939,0.39,0.512669274
0.276,0.015,0.942,0.532,0.591717555
0.056,0.303,0.872,0.45,0.14016578
0.256,0.0,0.724,0.51,0.568454696
0.455,0.0,0.575,0.557,0.206105898
0.231,0.108,0.403,0.783,0.06714147
0.178,0.203,0.782,0.481,0.285980324
0.292,0.102,0.729,0.375,0.334531817
0.436,0.561,0.807,0.767,0.099720832
0.476,0.015,0.502,0.079,0.005297653
0.577,0.907,0.847,0.931,0.012560842
0.226,0.357,0.736,0.659,0.194920243
0.597,0.215,0.856,0.352,0.063420377
0.325,0.357,0.979,0.652,0.198049266
0.078,0.723,0.86,0.976,0.222954087
0.008,0.439,0.147,0.457,0.000108431
0.322,0.655,0.779,0.961,0.211073093
0.24,0.412,0.954,0.706,0.181667504
0.503,0.107,0.578,0.143,0.01298252
0.119,0.436,0.685,0.916,0.265330148
0.818,0.074,0.902,0.648,0.002137649
0.133,0.322,0.996,0.673,0.256555803
0.308,0.407,0.617,1.0,0.242165394
0.168,0.258,0.788,0.844,0.432264738
0.484,0.124,0.816,0.383,0.243750559
0.494,0.626,0.818,0.698,0.02883073
0.659,0.187,0.992,0.195,0.002476713
0.721,0.055,0.743,0.166,0.003409568
0.094,0.0,1.0,0.42,0.560213903
0.21,0.03,0.936,0.143,0.170776163
0.548,0.0,0.571,0.476,0.04734842
0.279,0.215,0.736,0.508,0.267662286
0.454,0.312,0.593,0.604,0.080139481
0.029,0.646,0.122,0.838,0.001196189
0.324,0.313,0.333,0.756,0.001681549
0.068,0.301,0.871,0.408,0.106953041
0.089,0.607,0.619,1.0,0.196030375
0.181,0.046,0.72,0.425,0.460358822
0.094,0.0,0.86,0.391,0.532822042
0.446,0.036,0.857,0.202,0.202026808
0.072,0.012,0.818,0.68,0.700007917
0.023,0.053,0.671,0.542,0.46276669
0.13,0.255,0.753,0.49,0.219654672
0.082,0.952,0.756,0.99,0.04480114
0.555,0.137,0.851,0.932,0.393167439
0.873,0.104,0.897,0.92,0.000268497
0.327,0.493,0.652,1.0,0.241693803
0.411,0.534,0.552,1.0,0.091905159
0.411,0.019,0.544,0.201,0.083457829
0.352,0.413,0.7,0.675,0.133639236
0.351,0.179,0.997,0.532,0.336922473
0.683,0.044,0.836,0.074,0.005791619
0.373,0.157,0.57,0.349,0.110872065
0.316,0.113,0.968,0.266,0.215179721
0.397,0.0,0.801,0.835,0.712277888
0.696,0.924,0.859,0.954,0.004468066
0.893,0.176,0.908,0.893,6.5403e-05
0.287,0.662,0.63,1.0,0.163020729
0.356,0.065,0.528,0.308,0.110035593
0.0,0.847,0.509,1.0,0.055687318
0.055,0.178,0.116,0.542,0.001679828
0.788,0.572,0.992,0.682,0.000433726
0.142,0.451,0.424,0.792,0.026150923
0.484,0.123,0.878,0.344,0.216480899
0.092,0.317,0.606,0.91,0.251008585
0.339,0.027,0.637,0.06,0.031278184
0.521,0.0,0.599,0.598,0.169469822
0.145,0.318,0.172,0.603,0.000640262
0.511,0.0,0.635,0.476,0.226480692
0.767,0.083,0.949,0.25,0.004848437
0.191,0.618,0.705,0.725,0.051029927
0.042,0.0,0.852,0.421,0.56084728
0.273,0.673,0.825,0.998,0.253357934
0.107,0.247,0.593,0.426,0.115085403
0.128,0.812,0.935,0.816,0.002163467
0.575,0.586,0.624,0.592,0.000655752
0.386,0.339,0.756,1.0,0.428557414
0.118,0.715,0.984,0.969,0.215701225
0.42,0.047,0.957,0.391,0.390482469
0.163,0.085,0.984,0.985,0.84339394
0.224,0.063,0.742,0.703,0.603082208
0.069,0.487,0.599,0.76,0.087177201
0.146,0.288,0.503,0.425,0.043257282
0.195,0.11,0.438,0.841,0.106378182
0.017,0.429,0.323,0.629,0.005325191
0.147,0.698,0.626,0.708,0.003135908
0.006,0.089,0.852,0.906,0.755781292
0.157,0.298,0.505,0.938,0.130881978
0.498,0.089,0.528,0.997,0.061189786
0.069,0.68,0.319,0.791,0.005289047
0.135,0.0,0.74,0.528,0.606631188
0.175,0.239,0.22,0.497,0.002022333
0.204,0.029,0.245,0.799,0.008166785
0.058,0.107,0.971,0.426,0.404888367
0.798,0.7,0.862,0.88,0.000967278
0.106,0.017,0.225,0.782,0.013958404
0.29,0.229,0.882,0.29,0.076296187
0.2,0.0,0.532,0.643,0.262302672
0.23,0.053,0.35,0.483,0.028591492
0.382,0.584,0.871,0.684,0.048193497
0.722,0.388,0.895,0.78,0.021684578
0.761,0.287,0.943,0.306,0.00074353
0.383,0.209,0.734,0.48,0.236325584
0.54,0.424,0.68,0.646,0.062978045
0.147,0.179,0.69,0.589,0.339369927
0.418,0.058,0.817,0.16,0.133412047
0.098,0.487,0.295,0.87,0.013917096
0.472,0.314,0.884,0.929,0.357476266
0.18,0.385,0.659,0.923,0.272391964
0.057,0.424,0.722,0.885,0.276739551
0.166,0.025,0.789,0.547,0.600003098
0.272,0.888,0.367,0.898,0.000707386
0.474,0.453,0.556,0.871,0.051233021
0.309,0.0,0.784,0.79,0.738915892
0.007,0.539,0.905,0.949,0.292415647
0.117,0.099,0.851,0.424,0.412418332
0.098,0.355,0.732,0.889,0.346452397
0.253,0.056,0.304,0.554,0.010485153
0.186,0.436,0.613,0.654,0.080709176
0.198,0.249,0.926,0.795,0.413883018
0.455,0.942,0.665,0.991,0.031274741
0.251,0.155,0.644,1.0,0.515992785
0.163,0.067,0.171,0.741,0.000655752
0.181,0.838,0.821,1.0,0.167616159
0.409,0.384,0.493,0.928,0.042188457
0.148,0.109,0.831,0.847,0.65663704
0.366,0.017,0.756,0.142,0.167394133
0.0,0.226,0.762,1.0,0.634682244
0.353,0.584,0.974,0.651,0.033823742
0.482,0.534,0.812,0.538,0.001423379
0.651,0.095,0.711,0.36,0.05371834
0.228,0.069,0.852,0.242,0.258688289
0.156,0.545,0.688,0.752,0.095868932
0.025,0.192,0.728,0.898,0.544592883
0.364,0.048,0.693,0.63,0.49076439
0.348,0.086,0.405,0.952,0.043675518
0.758,0.52,0.766,0.953,0.002986169
0.021,0.073,0.781,0.368,0.400218928
0.016,0.009,0.555,0.616,0.313838613
0.032,0.476,1.0,1.0,0.395601124
0.547,0.204,0.72,0.557,0.170087709
0.337,0.511,0.435,0.775,0.012331931
0.143,0.285,0.949,0.338,0.060682051
0.783,0.259,0.916,0.997,0.007319987
0.367,0.017,0.973,0.171,0.210357101
0.142,0.175,0.599,0.319,0.122000923
0.554,0.824,0.992,0.967,0.08300517
0.364,0.007,0.695,0.27,0.312410071
0.138,0.771,0.867,0.828,0.040033597
0.78,0.715,0.811,0.786,0.000354554
0.033,0.109,0.616,0.302,0.189541696
0.143,0.38,0.521,0.699,0.061551224
0.229,0.0,0.831,0.79,0.768120108
0.204,0.957,0.758,0.977,0.021405754
0.48,0.578,0.57,0.647,0.009980861
0.042,0.707,0.315,0.938,0.020693204
0.0,0.191,0.665,0.225,0.042419089
0.341,0.24,0.693,0.394,0.138112466
0.679,0.12,0.926,0.356,0.048381101
0.208,0.245,0.633,0.882,0.320303195
0.104,0.775,0.172,0.78,6.7124e-05
0.254,0.189,0.764,0.856,0.514435158
0.0,0.207,0.925,0.509,0.309241461
0.415,0.233,0.779,0.405,0.161272056
0.241,0.425,0.623,1.0,0.256097981
0.399,0.045,0.693,0.924,0.617272965
0.329,0.837,0.481,0.874,0.003772728
0.28,0.04,0.755,0.998,0.858397073
0.41,0.505,0.884,0.608,0.055176141
0.233,0.0,0.503,0.483,0.179848265
0.576,0.663,0.605,0.787,0.006958548
0.276,0.024,0.556,0.327,0.194178433
0.166,0.156,0.322,0.602,0.019151067
0.473,0.19,0.777,0.568,0.274228415
0.798,0.296,0.817,0.688,0.000753857
0.322,0.198,0.58,0.978,0.303064308
0.371,0.568,0.593,0.956,0.120918329
0.123,0.0,0.88,0.101,0.151977928
0.152,0.108,0.688,0.711,0.490330664
0.412,0.439,0.643,0.718,0.094008385
0.101,0.273,0.286,0.594,0.00975195
0.314,0.165,0.451,0.441,0.051499797
0.274,0.0,0.356,0.392,0.024369548
0.433,0.572,0.557,0.844,0.040945798
0.244,0.702,0.445,0.827,0.008426676
0.352,0.842,0.631,0.859,0.00759881
0.711,0.432,0.757,0.61,0.010147811
0.167,0.091,0.793,0.972,0.810418718
0.058,0.902,0.212,0.906,0.000342506
0.056,0.103,0.987,0.632,0.5428597
0.292,0.191,0.844,0.603,0.376033541
0.493,0.012,0.846,0.689,0.503099764
0.457,0.097,0.496,1.0,0.06083179
0.278,0.754,0.925,0.779,0.013999711
0.174,0.134,0.756,0.157,0.033694657
0.338,0.635,0.725,0.865,0.120013012
0.07,0.587,0.705,0.652,0.030514
0.075,0.808,0.485,0.875,0.014249275
0.27,0.228,0.555,0.317,0.049573847
0.355,0.455,0.52,0.989,0.081671291
0.151,0.333,0.485,0.667,0.057232897
0.031,0.149,0.995,0.842,0.600713927
0.636,0.08,0.716,0.941,0.176419764
0.199,0.689,0.967,0.731,0.022156169
0.243,0.681,0.298,0.962,0.00781051
0.779,0.638,0.942,0.906,0.003201311
0.03,0.044,0.652,0.702,0.508228746
0.61,0.539,0.954,0.685,0.032914983
0.54,0.531,0.547,0.534,3.098e-05
0.225,0.054,0.564,0.068,0.010127157
0.161,0.707,0.273,0.798,0.002450896
0.288,0.06,0.959,0.402,0.436278425
0.352,0.359,0.533,0.541,0.039307278
0.265,0.729,0.746,0.978,0.195224883
0.169,0.429,0.483,0.831,0.050415482
0.344,0.145,0.95,0.83,0.549988641
0.591,0.18,0.948,0.69,0.19529545
0.055,0.311,0.668,0.954,0.382692612
0.287,0.183,0.841,0.783,0.482669893
0.336,0.509,0.726,0.729,0.107440122
0.418,0.643,0.57,1.0,0.092111695
0.335,0.568,0.379,0.634,0.001676385
0.066,0.012,0.969,0.621,0.671841545
0.154,0.696,0.63,0.758,0.02171728
0.162,0.577,0.914,0.938,0.252299436
0.447,0.276,0.634,0.917,0.23867149
0.085,0.0,0.975,0.407,0.549241668
0.713,0.397,0.844,0.996,0.046000771
0.777,0.798,0.81,0.886,0.001172093
0.853,0.1,0.869,0.125,4.475e-05
0.441,0.638,0.969,0.664,0.01269337
0.177,0.546,0.711,0.953,0.258335456
0.217,0.45,0.889,0.46,0.008631491
0.35,0.24,0.891,0.727,0.357873848
0.279,0.62,1.0,1.0,0.280668902
0.057,0.272,0.058,0.361,1.2048e-05
0.269,0.014,0.741,0.313,0.396759447
0.851,0.175,0.97,0.694,0.000428563
0.843,0.426,0.94,0.435,0.0
0.253,0.161,0.747,0.959,0.647138097
0.068,0.189,0.911,0.434,0.279267898
0.611,0.681,0.891,0.925,0.076614597
0.34,0.0,0.593,0.395,0.288524161
0.036,0.14,0.416,0.909,0.101464342
0.563,0.256,0.624,0.551,0.048942191
0.429,0.13,0.542,0.27,0.056553049
0.082,0.109,0.119,0.919,0.00336654
0.149,0.004,0.834,0.728,0.731673356
0.188,0.15,0.706,0.227,0.105519335
0.381,0.646,0.577,0.728,0.017089148
0.036,0.456,0.491,0.739,0.038116252
0.223,0.483,0.64,0.578,0.040816713
0.347,0.723,0.589,0.867,0.038907974
0.458,0.294,0.973,0.56,0.178831074
0.101,0.263,0.995,0.33,0.079669611
0.449,0.778,0.91,0.968,0.141232883
0.694,0.231,0.82,0.403,0.023879025
0.702,0.325,0.807,0.863,0.048029989
0.005,0.416,0.55,0.642,0.056668365
0.114,0.826,0.663,0.84,0.008101382
0.828,0.581,0.911,0.857,0.000325294
0.391,0.028,0.514,0.272,0.085762428
0.08,0.167,0.449,0.538,0.078129195
0.26,0.061,0.85,0.837,0.709276228
0.174,0.696,0.22,0.771,0.000426841
0.529,0.144,0.57,0.813,0.082316716
0.334,0.595,0.936,0.618,0.011152954
0.248,0.832,0.372,0.93,0.007829442
0.437,0.0,0.712,0.579,0.489062188
0.148,0.112,0.912,0.237,0.187271519
0.112,0.197,0.525,0.377,0.083886391
0.398,0.0,0.547,0.211,0.10314589
0.391,0.251,0.432,0.794,0.019030588
0.234,0.567,0.371,0.912,0.017583114
0.05,0.231,0.766,0.463,0.23519824
0.602,0.418,0.661,0.702,0.03115082
0.673,0.627,0.958,0.842,0.02914914
0.272,0.602,0.6,0.648,0.014113306
0.586,0.162,0.722,0.189,0.014708818
0.106,0.052,0.82,0.809,0.719153821
0.004,0.0,0.673,0.248,0.313003862
0.584,0.892,0.615,0.986,0.009517876
0.22,0.0,0.82,0.69,0.71272194
0.249,0.832,0.645,1.0,0.117469174
0.438,0.293,0.514,0.341,0.008299312
0.574,0.0,0.588,0.543,0.029985611
0.302,0.528,0.731,0.932,0.23842881
0.307,0.225,0.972,0.666,0.359601867
0.532,0.126,0.923,0.751,0.357302431
0.153,0.483,0.796,0.635,0.094218364
0.781,0.041,0.996,0.485,0.00696199
0.09,0.734,0.654,0.922,0.109474503
0.509,0.412,0.798,0.527,0.059592573
0.425,0.776,0.585,0.942,0.052646073
0.101,0.535,0.328,0.61,0.001891527
0.089,0.403,0.317,0.667,0.00665735
0.62,0.929,0.827,0.95,0.006986086
0.478,0.113,0.72,0.575,0.330075799
0.063,0.218,0.208,0.309,0.001870874
0.713,0.283,0.813,0.414,0.010753651
0.605,0.055,0.995,0.963,0.339640145
0.131,0.226,0.231,0.277,0.000791722
0.221,0.376,0.691,0.654,0.153535555
0.192,0.033,0.657,0.046,0.014898143
0.437,0.077,0.445,0.108,0.000748694
0.344,0.221,0.456,0.534,0.043367435
0.0,0.002,0.854,0.693,0.723673521
0.057,0.137,0.815,0.28,0.203274631
0.188,0.105,0.834,0.931,0.747504354
0.0,0.0,0.829,0.74,0.756788156
0.481,0.424,0.81,0.621,0.100149395
0.211,0.291,0.973,0.694,0.299207245
0.088,0.073,0.831,0.123,0.075748866
0.845,0.274,0.874,0.92,0.000330458
0.153,0.328,0.827,0.338,0.008798441
0.006,0.461,0.591,0.487,0.010084129
0.245,0.602,0.255,0.631,2.9259e-05
0.208,0.075,0.454,0.976,0.16082284
0.425,0.48,0.5,0.74,0.016068515
0.163,0.204,0.75,0.671,0.386095296
0.544,0.045,0.922,0.611,0.355517614
0.182,0.342,0.411,0.474,0.014307794
0.035,0.026,0.447,0.771,0.145780122
0.298,0.567,0.525,0.679,0.016073678
0.057,0.862,0.293,0.942,0.009352647
0.051,0.319,0.876,0.708,0.278598377
0.42,0.0,0.733,0.644,0.557265599
0.792,0.009,0.891,0.388,0.004597151
0.043,0.109,0.319,0.886,0.043684124
0.178,0.0,1.0,0.553,0.646583892
0.292,0.198,0.995,0.578,0.352123536
0.399,0.18,0.481,0.471,0.044536085
0.792,0.907,0.989,0.912,4.8192e-05
0.701,0.729,0.732,0.743,0.000514619
0.375,0.995,0.568,0.999,0.000869173
0.271,0.057,0.597,0.823,0.402181022
0.066,0.0,0.892,0.496,0.615541503
0.403,0.0,0.723,0.524,0.509244215
0.787,0.476,0.86,0.785,0.001468128
0.831,0.136,0.907,0.939,0.001530089
0.258,0.091,0.784,0.892,0.704827095
0.401,0.0,0.494,0.698,0.116078498
0.129,0.168,1.0,0.582,0.411874454
0.099,0.351,0.226,0.572,0.002347628
0.292,0.145,0.815,0.525,0.394521972
0.198,0.359,0.309,0.373,0.000521504
0.249,0.429,0.258,0.628,0.000165229
0.334,0.325,0.499,0.417,0.021646713
0.083,0.327,0.803,0.663,0.244628338
0.425,0.0,0.796,0.229,0.285815095
0.18,0.085,0.809,0.427,0.430944628
0.718,0.461,0.826,0.719,0.015567665
0.227,0.0,0.674,0.403,0.442811852
0.178,0.106,0.616,0.834,0.414077506
0.259,0.005,0.941,0.587,0.64326038
0.292,0.0,0.801,0.403,0.517307732
0.256,0.509,0.414,1.0,0.036653288
0.345,0.444,0.879,0.722,0.157797085
0.07,0.298,0.681,0.795,0.288185098
0.288,0.124,0.953,0.393,0.337172038
0.966,0.085,0.984,0.614,1.0327e-05
0.219,0.608,0.262,0.72,0.000884663
0.192,0.0,0.905,0.866,0.833394147
0.0,0.0,0.672,0.615,0.563725018
0.66,0.899,0.937,0.918,0.004437086
0.196,0.0,0.772,0.505,0.601975519
0.447,0.403,0.881,0.702,0.157616366
0.293,0.0,0.676,0.43,0.449550095
0.339,0.0,0.617,0.326,0.285734202
0.167,0.157,0.59,0.369,0.161690292
0.416,0.501,0.439,0.782,0.003831246
0.635,0.816,0.987,0.836,0.005363056
0.187,0.335,0.908,0.498,0.136308717
0.287,0.232,0.633,0.366,0.105288703
0.273,0.604,0.421,0.791,0.008006719
0.201,0.066,0.388,0.575,0.057544422
0.398,0.476,0.692,0.691,0.091151302
0.414,0.211,0.851,0.312,0.112875466
0.416,0.148,0.462,0.374,0.023753382
0.602,0.454,0.878,0.813,0.097509174
0.407,0.592,0.636,0.761,0.050699469
0.178,0.678,0.191,0.735,2.5817e-05
0.035,0.491,0.331,0.734,0.007762318
0.594,0.482,0.949,0.708,0.061731944
0.217,0.241,0.532,0.375,0.060731964
0.047,0.243,0.298,0.982,0.039859762
0.538,0.632,0.947,0.869,0.101071923
0.759,0.033,0.91,0.623,0.01776039
0.178,0.0,0.576,0.609,0.358546811
0.429,0.327,0.429,0.534,0.0
0.498,0.082,0.638,0.266,0.114780762
0.529,0.762,0.99,0.983,0.133443027
0.418,0.723,0.958,0.815,0.050157312
0.289,0.0,1.0,0.105,0.149496052
0.304,0.062,0.976,0.446,0.463763227
0.477,0.26,0.799,0.752,0.28755172
0.109,0.22,0.218,0.983,0.015027228
0.563,0.517,0.631,0.55,0.004559286
0.119,0.106,0.682,0.595,0.432972125
0.118,0.092,0.278,0.832,0.02399262
0.287,0.618,0.653,0.854,0.092884484
0.326,0.193,0.669,0.756,0.345225228
0.355,0.003,0.394,0.971,0.036266032
0.122,0.614,0.458,0.917,0.038546536
0.505,0.353,0.946,0.575,0.11969116
0.546,0.31,0.608,0.823,0.073803983
0.222,0.066,1.0,0.65,0.601176912
0.199,0.211,0.487,0.911,0.133852657
0.116,0.776,0.74,0.788,0.006381968
0.201,0.292,0.94,0.309,0.019316296
0.246,0.102,0.539,0.395,0.155428804
0.496,0.186,0.885,0.981,0.501497387
0.627,0.067,0.64,0.107,0.002175514
0.026,0.696,0.7,0.967,0.198873689
0.317,0.463,0.725,1.0,0.338104893
0.611,0.749,0.629,0.938,0.00932683
0.175,0.003,0.875,0.424,0.54420907
0.78,0.08,0.859,0.826,0.008586742
0.355,0.069,0.443,0.374,0.049716701
0.134,0.0,0.924,0.636,0.696722271
0.231,0.035,0.652,0.932,0.623431186
0.168,0.101,0.994,0.117,0.025269702
0.452,0.804,0.6,0.883,0.023195734
0.651,0.092,0.818,0.905,0.19145904
0.069,0.118,0.326,0.978,0.057370588
0.051,0.049,0.995,0.133,0.130420714
0.077,0.438,0.784,0.819,0.231654424
0.662,0.554,0.704,0.757,0.015276793
0.806,0.097,0.882,0.893,0.003363097
0.154,0.592,1.0,1.0,0.313570116
0.227,0.164,0.444,0.663,0.078845187
0.061,0.883,0.852,0.907,0.026519246
0.126,0.694,0.491,0.902,0.035073286
0.499,0.403,0.763,0.947,0.275758504
0.8,0.128,0.887,0.471,0.002545558
0.407,0.117,0.807,0.2,0.111567403
0.493,0.0,0.579,0.273,0.104748267
0.592,0.37,0.658,0.803,0.056191611
0.478,0.201,0.578,0.411,0.070177552
0.416,0.098,0.594,0.159,0.044388068
0.0,0.316,0.329,0.467,0.008483474
0.497,0.765,0.521,0.849,0.002953467
0.106,0.705,0.805,0.805,0.059991876
0.434,0.603,0.904,0.776,0.082435475
0.042,0.719,0.947,0.918,0.158571596
0.338,0.104,0.775,0.666,0.515280235
0.658,0.684,0.691,0.854,0.01290679
0.586,0.076,0.692,0.156,0.0392195
0.314,0.176,0.802,0.93,0.598092638
0.01,0.796,0.229,0.857,0.002860526
0.187,0.062,0.76,0.702,0.617278129
0.407,0.446,0.488,0.891,0.028051056
0.156,0.331,0.928,0.781,0.304640868
0.852,0.226,0.966,0.774,0.000411351
0.223,0.054,0.614,0.094,0.037446731
0.602,0.608,0.623,0.781,0.005989549
0.472,0.617,0.558,0.872,0.033947664
0.383,0.597,0.882,0.651,0.026878963
0.123,0.086,0.359,0.561,0.041699655
0.132,0.282,0.856,0.321,0.045166021
0.116,0.0,0.981,0.034,0.051804438
0.719,0.289,0.916,0.406,0.008671077
0.349,0.262,0.694,0.442,0.146819687
0.189,0.091,0.444,0.864,0.122205738
0.233,0.0,1.0,0.472,0.583693624
0.2,0.663,0.328,0.734,0.001993074
0.0,0.023,0.777,0.188,0.249414814
0.278,0.061,0.627,0.561,0.369820245
0.239,0.257,0.95,0.627,0.304563417
0.0,0.0,0.801,0.61,0.68490668
0.237,0.027,0.559,0.089,0.043494799
0.532,0.043,0.703,0.997,0.479456534
0.064,0.285,0.875,0.375,0.10287223
0.201,0.111,0.799,0.963,0.767366251
0.667,0.178,0.867,0.415,0.053563438
0.366,0.249,0.463,0.805,0.048568704
0.136,0.052,0.869,0.355,0.418015463
0.185,0.007,0.98,0.127,0.178099592
0.308,0.301,0.768,0.902,0.403888388
0.447,0.44,0.558,0.959,0.08893448
0.025,0.0,0.734,0.572,0.632472307
0.155,0.913,0.691,0.947,0.031846158
0.045,0.325,0.977,0.945,0.4700316
0.164,0.557,0.916,1.0,0.334196196
0.334,0.104,0.872,0.132,0.041985363
0.138,0.893,0.488,0.938,0.013949798
0.484,0.73,0.903,0.812,0.042185015
0.404,0.019,0.962,0.391,0.434398945
0.0,0.025,0.8,0.498,0.577920938
0.295,0.351,0.593,0.626,0.101560725
0.907,0.577,0.942,0.615,1.721e-06
0.569,0.35,0.701,0.885,0.153344509
0.824,0.258,0.905,0.269,3.7865e-05
0.13,0.056,0.465,0.309,0.088158248
0.443,0.156,0.624,0.395,0.147303326
0.352,0.546,0.781,0.634,0.048252015
0.455,0.789,0.658,1.0,0.110863459
0.004,0.0,0.732,0.311,0.431460968
0.227,0.207,0.687,0.243,0.042112727
0.23,0.018,0.294,0.18,0.004915561
0.586,0.372,0.722,0.764,0.103875651
0.57,0.579,0.905,0.968,0.152805794
0.334,0.455,0.971,0.484,0.020373073
0.01,0.319,0.522,0.486,0.051241627
0.063,0.156,0.643,0.796,0.393940228
0.487,0.349,0.625,0.988,0.19347621
0.092,0.309,0.154,0.624,0.001292572
0.584,0.58,0.777,0.649,0.017510826
0.195,0.105,0.407,0.13,0.005085953
0.223,0.154,0.69,0.641,0.391556457
0.237,0.31,0.807,0.981,0.505120376
0.263,0.011,0.915,0.947,0.879035201
0.488,0.06,0.737,0.429,0.318380687
0.58,0.244,0.7,0.259,0.007332034
0.271,0.0,0.657,0.437,0.427867239
0.047,0.482,0.269,0.53,0.000524946
0.183,0.156,0.568,0.818,0.269269826
0.434,0.34,0.683,0.361,0.012624524
0.054,0.819,0.955,0.845,0.022061506
0.286,0.119,0.569,0.68,0.25567286
0.77,0.523,0.985,0.57,0.000841635
0.334,0.259,0.495,0.858,0.084173821
0.033,0.169,0.837,0.293,0.173290741
0.139,0.202,0.84,0.999,0.680300923
0.044,0.23,0.912,0.499,0.269080501
0.645,0.071,0.716,0.682,0.11640035
0.0,0.0,0.94,0.74,0.759161601
0.0,0.408,0.8,0.906,0.340552347
0.01,0.054,0.174,0.988,0.015755268
0.494,0.282,0.832,0.316,0.027567417
0.046,0.41,0.375,0.932,0.042006017
0.676,0.129,0.792,0.912,0.125307223
0.07,0.635,0.543,0.935,0.081726367
0.426,0.216,0.454,0.273,0.003960331
0.088,0.062,0.667,0.445,0.395117485
0.078,0.164,0.283,0.879,0.027741251
0.074,0.103,0.753,0.585,0.497839976
0.46,0.122,0.608,0.407,0.153855686
0.409,0.396,0.452,0.484,0.004481835
0.284,0.449,0.61,1.0,0.220773409
0.174,0.401,0.283,0.409,0.000163508
0.08,0.046,0.354,0.292,0.028994238
0.759,0.51,0.995,0.604,0.002631615
0.043,0.122,0.442,0.897,0.128589427
0.139,0.356,0.193,0.724,0.001332158
0.482,0.054,0.84,0.529,0.404552746
0.612,0.071,0.753,0.312,0.104803343
0.447,0.0,0.607,0.241,0.159354712
0.162,0.565,1.0,0.885,0.20250012
0.156,0.001,0.725,0.422,0.516192437
0.334,0.209,0.564,0.288,0.047067875
0.715,0.227,0.748,0.28,0.00295691
0.149,0.401,0.425,0.62,0.020552071
0.416,0.136,0.754,0.717,0.441970217
0.017,0.641,0.232,0.905,0.009232167
0.095,0.488,0.985,1.0,0.386059152
0.217,0.0,0.542,0.522,0.255956848
0.081,0.106,0.652,0.343,0.253001659
0.586,0.057,0.737,0.216,0.090877641
0.9,0.356,0.948,0.433,6.885e-06
0.384,0.0,0.658,0.302,0.299181428
0.326,0.0,0.421,0.604,0.06967326
0.235,0.522,0.872,0.769,0.13822434
0.104,0.0,0.99,0.598,0.679820727
0.625,0.051,0.796,0.338,0.116994141
0.197,0.059,0.911,0.76,0.670905248
0.041,0.448,0.628,0.514,0.029378051
0.492,0.143,0.927,0.745,0.392814606
0.304,0.414,0.855,0.508,0.065363538
0.349,0.504,0.461,0.901,0.024498633
0.051,0.315,0.321,0.885,0.028066546
0.376,0.249,0.78,1.0,0.54320909
0.487,0.205,0.619,0.64,0.148762848
0.385,0.776,0.453,0.991,0.013701955
0.02,0.654,0.551,0.694,0.007426697
0.449,0.094,0.484,0.134,0.004617805
0.452,0.731,0.65,0.952,0.09677597
0.142,0.126,0.752,0.447,0.369044013
0.399,0.435,0.487,1.0,0.045692688
0.685,0.569,0.993,0.844,0.030111254
0.406,0.08,0.684,0.953,0.578320241
0.136,0.461,0.931,0.874,0.261423172
0.32,0.099,0.917,0.211,0.163645501
0.317,0.796,0.992,0.825,0.017216512
0.0,0.833,0.68,1.0,0.147709514
0.274,0.191,0.849,0.781,0.472744109
0.336,0.544,0.68,0.718,0.073223961
0.192,0.819,0.883,0.993,0.176516148
0.234,0.176,0.635,0.733,0.32272139
0.406,0.337,0.827,0.652,0.198718787
0.39,0.032,0.857,0.725,0.617868478
0.092,0.0,0.905,0.627,0.696407303
0.112,0.035,0.537,0.188,0.100008261
0.728,0.176,0.885,0.837,0.038178213
0.68,0.533,0.96,0.832,0.036522481
0.789,0.049,0.998,0.098,0.000802049
0.233,0.685,0.812,0.865,0.114109519
0.274,0.481,0.884,0.776,0.167795157
0.355,0.034,0.705,0.039,0.006796762
0.309,0.77,0.484,0.955,0.025319615
0.173,0.545,0.959,0.644,0.056096948
0.088,0.271,0.096,0.956,0.000526667
0.105,0.051,0.795,0.958,0.860810104
0.074,0.145,0.877,0.428,0.343992895
0.178,0.011,0.997,0.267,0.377417334
0.448,0.27,0.904,0.533,0.190037383
0.407,0.179,0.441,0.283,0.008149574
0.505,0.446,0.628,0.652,0.04734842
0.317,0.582,0.799,0.873,0.166082628
0.201,0.117,0.797,0.678,0.534761761
0.284,0.371,0.705,0.615,0.147318816
0.368,0.278,0.923,0.767,0.327464837
0.373,0.493,0.711,0.619,0.060503053
0.409,0.275,0.741,0.462,0.149786924
0.239,0.201,0.706,0.211,0.010478269
0.076,0.0,0.934,0.672,0.7198199
0.538,0.813,0.608,0.98,0.037904553
0.227,0.0,0.451,0.499,0.117706691
0.003,0.073,0.791,0.68,0.611663787
0.681,0.079,0.702,0.444,0.023531356
0.166,0.278,0.484,0.558,0.060274142
0.332,0.22,0.44,0.603,0.04345177
0.165,0.092,0.382,0.834,0.066644062
0.22,0.0,0.978,0.835,0.803325921
0.334,0.133,0.378,0.618,0.021188891
0.339,0.268,0.489,0.52,0.04700075
0.045,0.714,0.597,0.844,0.043670354
0.676,0.154,0.866,0.263,0.024268001
0.227,0.236,0.571,0.914,0.248161828
0.076,0.029,0.374,0.825,0.077459674
0.003,0.571,0.835,0.975,0.302792369
0.254,0.263,0.489,0.852,0.093478276
0.445,0.59,0.525,0.83,0.018023724
0.053,0.195,0.157,0.924,0.007469725
0.44,0.336,0.47,0.501,0.007101402
0.417,0.085,0.93,0.426,0.370209221
0.003,0.103,0.934,0.597,0.523622576
0.084,0.507,0.351,0.939,0.031804851
0.313,0.0,0.71,0.213,0.283985529
0.276,0.24,0.46,0.395,0.032715331
0.29,0.445,0.716,0.84,0.207496575
0.396,0.0,0.465,0.723,0.079290961
0.345,0.0,0.465,0.338,0.082220333
0.058,0.387,0.115,0.462,0.000161787
0.167,0.42,0.596,0.829,0.133296731
0.522,0.124,0.956,0.958,0.503803708
0.541,0.02,0.618,0.164,0.054267382
0.239,0.0,0.635,0.55,0.447353927
0.552,0.0,0.569,0.676,0.042501704
0.599,0.13,0.904,0.387,0.124047352
0.446,0.5,0.663,1.0,0.215914645
0.019,0.097,0.971,0.534,0.498366643
0.53,0.725,0.695,0.794,0.023329983
0.506,0.004,0.642,0.484,0.243714416
0.215,0.091,0.368,0.476,0.035691173
0.155,0.0,0.8,0.182,0.274080398
0.5,0.531,0.584,0.639,0.01618211
0.727,0.092,0.876,0.93,0.051396529
0.458,0.132,0.588,0.91,0.239341012
0.195,0.006,0.728,0.693,0.663936373
0.439,0.14,0.591,0.582,0.179951533
0.297,0.375,0.603,0.644,0.100159721
0.416,0.625,0.989,0.815,0.098269915
0.118,0.303,0.55,0.706,0.118279829
0.387,0.388,0.737,0.584,0.117312551
0.427,0.131,0.844,0.814,0.507054932
0.17,0.492,0.184,0.625,8.9499e-05
0.507,0.45,0.619,0.474,0.006080769
0.094,0.076,0.354,0.206,0.015600366
0.63,0.352,0.759,0.695,0.07511893
0.218,0.0,0.789,0.539,0.626179838
0.717,0.099,0.822,0.376,0.024125147
0.519,0.005,0.717,0.04,0.027894432
0.773,0.473,0.971,0.777,0.003294252
0.411,0.14,0.573,0.248,0.066138049
0.062,0.586,0.103,0.929,0.001220285
0.257,0.389,0.994,0.783,0.242151625
0.426,0.544,0.781,0.965,0.255770965
0.046,0.178,0.764,0.697,0.445615581
0.426,0.581,0.783,0.825,0.119174819
0.199,0.7,0.394,0.808,0.006030857
0.25,0.32,0.682,0.408,0.06974899
0.823,0.377,0.846,0.507,5.5076e-05
0.855,0.253,0.98,0.55,0.00027366
0.278,0.092,0.52,0.094,0.0
0.435,0.082,0.546,0.425,0.116331504
0.76,0.336,0.851,0.674,0.007638396
0.405,0.315,0.436,0.323,0.000380371
0.622,0.288,0.998,0.434,0.049931843
0.104,0.104,0.949,0.858,0.680306087
0.199,0.3,0.797,0.664,0.274613949
0.071,0.003,0.087,0.434,0.00077279
0.718,0.046,0.823,0.354,0.025951271
0.176,0.441,0.925,0.829,0.237224016
0.431,0.397,0.556,0.564,0.030123302
0.072,0.476,0.957,0.673,0.118775516
0.396,0.128,0.879,0.535,0.388427434
0.394,0.349,0.919,0.959,0.398101932
0.431,0.116,0.862,0.756,0.49382801
0.841,0.037,0.9,0.528,0.001120459
0.325,0.25,0.545,0.5,0.088832933
0.014,0.148,0.66,0.247,0.114859934
0.276,0.375,0.936,0.927,0.375740949
0.646,0.155,0.804,0.836,0.160669659
0.118,0.023,0.49,0.571,0.178466193
0.213,0.407,0.858,0.497,0.065132906
0.173,0.936,0.444,0.944,0.001891527
0.319,0.112,0.944,0.737,0.555016075
0.401,0.15,0.642,0.827,0.342381913
0.436,0.0,0.808,0.629,0.566616524
0.424,0.07,0.885,0.428,0.384620283
0.079,0.172,0.339,0.58,0.026023559
0.236,0.447,0.852,0.734,0.17057479
0.509,0.575,0.983,0.784,0.089917248
0.026,0.228,0.931,0.588,0.327404597
0.44,0.08,0.774,0.6,0.448348743
0.311,0.861,0.682,0.933,0.054888711
0.906,0.037,0.963,0.599,0.000148018
0.216,0.1,0.738,0.228,0.188882502
0.117,0.42,0.984,1.0,0.433676069
0.053,0.124,0.469,0.233,0.043188437
0.047,0.057,0.267,0.649,0.020598542
0.04,0.256,0.141,0.407,0.0014251
0.323,0.031,0.727,0.067,0.047066154
0.146,0.129,0.329,0.249,0.008423234
0.5,0.326,0.89,0.845,0.26750222
0.587,0.163,0.842,0.643,0.199037197
0.15,0.425,0.871,0.736,0.189598494
0.652,0.88,0.922,0.921,0.010400818
0.221,0.368,0.314,0.424,0.00153181
0.795,0.287,0.844,0.871,0.002459502
0.12,0.399,0.796,0.469,0.053907665
0.347,0.0,0.94,0.758,0.711093747
0.006,0.74,0.261,0.796,0.002116996
0.032,0.011,0.479,0.192,0.078690285
0.077,0.246,0.553,0.488,0.107266287
0.0,0.297,0.887,0.614,0.256103144
0.307,0.168,0.778,0.217,0.070229186
0.312,0.25,0.71,0.788,0.349075406
0.341,0.742,0.671,0.876,0.06516905
0.085,0.005,0.986,0.666,0.705407117
0.252,0.196,0.9,0.286,0.117138717
0.285,0.709,0.814,0.734,0.01272435
0.141,0.6,1.0,1.0,0.311580484
0.219,0.402,0.394,0.611,0.013788011
0.252,0.205,0.82,0.427,0.244504416
0.375,0.0,0.617,0.224,0.195298892
0.106,0.0,0.574,0.516,0.333616173
0.028,0.031,0.836,0.663,0.666574873
0.375,0.1,0.898,0.554,0.455329666
0.638,0.772,0.859,0.965,0.055695924
0.575,0.633,0.746,0.764,0.035570694
0.6,0.482,0.92,0.588,0.032145636
0.23,0.0,0.656,0.657,0.530390078
0.268,0.0,0.478,0.41,0.128529187
0.465,0.363,0.98,0.892,0.294775323
0.419,0.648,0.749,0.898,0.139411923
0.51,0.0,0.806,0.581,0.445174971
0.403,0.087,0.855,0.216,0.170569627
0.089,0.465,0.326,0.728,0.007669377
0.188,0.396,0.924,0.643,0.164361493
0.351,0.833,0.709,1.0,0.136301832
0.205,0.513,0.64,1.0,0.243015635
0.534,0.53,0.854,0.679,0.057635643
0.406,0.178,0.925,0.899,0.523954755
0.36,0.519,0.972,0.733,0.111854833
0.441,0.304,0.634,0.601,0.116076776
0.391,0.954,0.991,0.996,0.041894143
0.456,0.518,0.552,0.871,0.045360509
0.08,0.35,0.909,0.746,0.266521173
0.045,0.611,0.522,0.712,0.014643415
0.402,0.721,0.438,0.735,0.000196209
0.425,0.114,0.644,0.847,0.367995842
0.564,0.314,0.65,0.604,0.058501373
0.399,0.0,0.525,0.389,0.132732198
0.634,0.476,0.927,0.698,0.045833821
0.489,0.022,0.629,0.461,0.229310238
0.464,0.095,0.972,0.174,0.091605681
0.197,0.398,0.836,0.819,0.262013521
0.319,0.003,0.789,0.076,0.095232112
0.258,0.662,0.894,0.666,0.001461243
0.151,0.72,0.935,1.0,0.245840017
0.576,0.048,0.779,0.866,0.360841084
0.351,0.668,0.613,0.957,0.111130235
0.01,0.0,0.971,0.817,0.810177759
0.156,0.49,0.701,0.959,0.288271154
0.057,0.39,0.896,0.735,0.219535913
0.513,0.103,0.968,0.377,0.236874626
0.089,0.022,0.355,0.553,0.049628923
0.08,0.0,0.947,0.307,0.447522599
0.068,0.527,0.941,0.988,0.348204512
0.115,0.065,0.581,0.845,0.389960965
0.455,0.019,0.499,0.503,0.053458448
0.316,0.749,0.967,0.768,0.012151212
0.51,0.205,0.78,0.7,0.285601674
0.636,0.54,0.967,0.843,0.063294734
0.013,0.392,0.147,0.855,0.00313935
0.33,0.194,0.98,0.591,0.358348881
0.186,0.451,0.515,0.563,0.020615753
0.246,0.091,0.596,0.43,0.254106628
0.344,0.051,0.545,0.318,0.144740556
0.022,0.0,0.609,0.241,0.239807439
0.535,0.354,0.542,0.957,0.010104783
0.293,0.089,0.489,0.554,0.125648007
0.656,0.512,0.701,0.808,0.02529724
0.276,0.096,0.773,0.324,0.303485987
0.041,0.013,0.101,0.877,0.00353349
0.529,0.486,0.828,0.949,0.221363758
0.095,0.502,0.534,0.792,0.052964483
0.387,0.139,0.623,0.788,0.313852382
0.049,0.635,0.149,0.886,0.002934535
0.101,0.736,0.662,0.916,0.108054567
0.477,0.45,0.954,0.742,0.140876608
0.409,0.465,0.61,0.528,0.019493573
0.166,0.277,0.527,0.485,0.069986506
0.118,0.035,0.636,0.182,0.165459577
0.251,0.014,0.794,0.797,0.738292841
0.543,0.319,0.781,0.842,0.227998733
0.022,0.459,0.039,0.74,1.549e-05
0.152,0.725,0.806,0.879,0.11144176
0.504,0.525,0.879,0.702,0.076191197
0.137,0.208,0.523,0.359,0.069211996
0.016,0.588,0.611,0.81,0.074325487
0.039,0.352,0.224,0.872,0.009347483
0.141,0.65,0.542,0.982,0.097543596
0.141,0.0,1.0,0.614,0.685799949
0.351,0.332,0.534,0.588,0.057248387
0.486,0.035,0.742,0.648,0.446563926
0.435,0.0,0.658,0.251,0.230198344
0.039,0.339,0.147,0.422,0.000581744
0.08,0.51,0.467,0.659,0.017481567
0.354,0.521,0.786,1.0,0.319557944
0.4,0.432,0.737,0.591,0.086757244
0.37,0.488,0.709,0.803,0.147964242
0.191,0.163,0.667,0.253,0.108111364
0.188,0.26,0.499,0.793,0.101961749
0.056,0.222,0.835,0.323,0.128937096
0.015,0.386,0.181,0.928,0.007629791
0.301,0.294,0.976,0.836,0.369271203
0.19,0.161,0.311,0.199,0.001991353
0.117,0.401,0.321,0.52,0.00335105
0.469,0.602,0.683,0.86,0.100188981
0.498,0.473,0.558,0.55,0.007091076
0.514,0.077,0.995,0.986,0.585471557
0.54,0.245,0.802,0.272,0.019593399
0.171,0.04,0.713,0.94,0.780782497
0.109,0.081,0.967,0.303,0.320292868
0.0,0.001,0.69,0.232,0.30499198
0.072,0.24,0.66,0.483,0.187911782
0.699,0.62,0.891,0.922,0.028687876
0.049,0.232,0.588,0.331,0.07348041
0.021,0.217,0.879,0.257,0.054071172
0.491,0.0,0.543,0.267,0.055212285
0.454,0.436,0.5,0.899,0.021138978
0.683,0.59,0.723,0.829,0.014720866
0.014,0.142,0.478,0.526,0.109486551
0.199,0.0,0.67,0.813,0.632396577
0.24,0.267,0.843,0.451,0.178980813
0.068,0.12,0.904,0.644,0.522684557
0.025,0.495,0.587,0.613,0.036997515
0.363,0.203,0.849,0.542,0.304506619
0.097,0.481,0.817,0.655,0.104786132
0.134,0.343,0.896,0.536,0.153322134
0.498,0.031,0.545,0.891,0.102435062
0.345,0.559,0.506,0.617,0.007096239
0.599,0.396,0.699,0.751,0.070198206
0.087,0.492,0.46,0.925,0.058046994
0.443,0.024,0.734,0.577,0.474986747
0.231,0.144,0.788,0.983,0.728268951
0.525,0.186,0.979,0.702,0.295011119
0.479,0.03,0.674,0.144,0.09815632
0.323,0.0,1.0,0.662,0.676089306
0.227,0.325,0.317,0.524,0.005075627
0.174,0.308,0.751,0.741,0.29357225
0.348,0.504,0.487,0.994,0.05214178
0.032,0.321,0.761,0.781,0.310594273
0.039,0.178,0.781,0.717,0.463835515
0.469,0.58,0.919,0.719,0.061793904
0.657,0.325,0.776,0.971,0.122119681
0.128,0.331,0.347,0.507,0.009510991
0.448,0.745,0.747,0.78,0.016824093
0.163,0.353,0.617,0.685,0.137241572
0.482,0.014,0.514,0.285,0.029921929
0.172,0.0,1.0,0.155,0.233167301
0.335,0.064,0.657,0.24,0.194634534
0.008,0.54,0.243,0.686,0.001569675
0.476,0.0,0.562,0.678,0.167783109
0.442,0.014,0.81,0.748,0.593326816
0.486,0.291,0.618,0.899,0.171252917
0.45,0.131,0.939,0.158,0.03024206
0.989,0.473,0.996,0.477,0.0
0.19,0.312,1.0,1.0,0.531710188
0.181,0.42,0.909,1.0,0.426886192
0.396,0.0,0.79,0.523,0.548048922
0.689,0.62,0.698,0.875,0.004536911
0.226,0.363,0.429,0.996,0.063891968
0.151,0.08,0.258,0.998,0.026422862
0.187,0.027,0.312,0.167,0.007955085
0.203,0.28,0.334,0.796,0.018768976
0.121,0.147,0.82,0.881,0.635930067
0.221,0.317,0.883,0.356,0.040651484
0.528,0.07,0.879,0.467,0.300754546
0.353,0.075,0.919,0.509,0.476594287
0.122,0.258,0.236,0.604,0.00521676
0.381,0.052,0.896,0.261,0.27735916
0.332,0.057,0.858,0.388,0.418468121
0.083,0.326,0.758,0.896,0.394281013
0.419,0.106,0.884,0.525,0.401554529
0.106,0.174,0.426,0.498,0.05700915
0.311,0.0,0.719,0.559,0.577976014
0.382,0.136,0.594,0.451,0.187472892
0.005,0.453,0.546,0.471,0.004392336
0.241,0.267,0.466,0.367,0.023910005
0.437,0.733,0.729,1.0,0.180276827
0.078,0.621,0.882,0.803,0.105121753
0.432,0.665,0.848,0.734,0.032539775
0.368,0.522,0.782,1.0,0.315232732
0.422,0.069,0.503,0.865,0.106075262
0.602,0.491,0.9,0.559,0.021197497
0.213,0.0,0.881,0.345,0.480423812
0.149,0.152,0.494,0.791,0.147690581
0.179,0.121,0.419,0.811,0.08403613
0.043,0.53,0.945,1.0,0.359145766
0.041,0.473,0.904,0.615,0.090134111
0.628,0.025,0.69,0.145,0.033661955
0.341,0.236,0.818,0.432,0.197352206
0.354,0.499,0.829,0.821,0.176689982
0.47,0.554,0.542,0.749,0.017720804
0.039,0.06,0.793,0.334,0.387584077
0.309,0.583,0.967,0.865,0.161998375
0.067,0.298,0.481,0.335,0.011275154
0.075,0.117,0.101,0.655,0.00113767
0.315,0.012,0.96,0.443,0.526584649
0.503,0.145,0.59,0.45,0.097977322
0.315,0.175,0.392,0.222,0.004920725
0.29,0.575,0.894,0.608,0.019373094
0.281,0.714,0.455,0.992,0.031694698
0.03,0.104,0.444,0.107,0.00095523
0.043,0.0,0.636,0.433,0.413559445
0.033,0.032,0.888,0.041,0.011457595
0.545,0.0,0.572,0.779,0.074809126
0.125,0.056,0.198,0.243,0.002932814
0.132,0.106,0.796,0.445,0.412850337
0.304,0.016,0.395,0.366,0.038391634
0.469,0.885,0.719,0.952,0.048988661
0.033,0.179,0.857,0.294,0.155631897
0.354,0.0,0.6,0.723,0.394313715
0.28,0.925,0.478,1.0,0.017269867
0.076,0.433,0.431,0.913,0.051468816
0.29,0.066,0.809,0.183,0.17300159
0.548,0.086,0.791,0.165,0.067005501
0.409,0.0,0.684,0.563,0.467343187
0.298,0.218,0.873,0.828,0.460329563
0.419,0.498,0.735,0.988,0.286257427
0.019,0.276,0.576,0.515,0.112195617
0.141,0.0,1.0,0.688,0.723589186
0.01,0.45,0.037,0.819,2.4096e-05
0.244,0.479,0.374,0.504,0.001185862
0.405,0.0,0.527,0.64,0.165724632
0.224,0.266,0.465,0.32,0.014323284
0.297,0.0,0.826,0.613,0.655716233
0.213,0.38,0.305,0.985,0.019371373
0.034,0.088,0.048,0.611,0.000237517
0.205,0.153,0.921,0.347,0.250593792
0.055,0.642,0.581,0.948,0.117971746
0.407,0.653,0.975,0.898,0.146496114
0.402,0.0,0.676,0.652,0.491812562
0.238,0.838,0.489,0.887,0.009423213
0.219,0.488,0.294,0.889,0.00896367
0.178,0.396,0.447,0.727,0.032799667
0.017,0.034,0.924,0.616,0.63993859
0.249,0.425,0.776,0.43,0.004395778
0.102,0.026,0.811,0.263,0.349493642
0.343,0.371,1.0,0.412,0.035732481
0.587,0.428,0.899,0.669,0.073877992
0.594,0.412,0.677,0.558,0.025990857
0.561,0.06,0.941,0.203,0.110476204
0.473,0.121,0.566,0.83,0.158285887
0.16,0.171,0.75,0.393,0.262686485
0.115,0.274,0.838,0.758,0.359111344
0.328,0.413,0.787,0.602,0.122730684
0.241,0.0,0.688,0.163,0.211045555
0.039,0.0,0.911,0.506,0.625234935
0.288,0.186,0.852,0.95,0.617241985
0.073,0.262,0.215,0.656,0.004877696
0.268,0.854,0.7,0.99,0.120529352
0.099,0.41,0.577,0.426,0.007304496
0.422,0.709,0.678,0.922,0.104701796
0.0,0.0,0.66,0.48,0.478561544
0.133,0.093,0.565,0.25,0.125043889
0.385,0.244,0.721,0.544,0.226883438
0.152,0.412,0.47,0.636,0.03007511
0.202,0.707,1.0,1.0,0.248419998
0.39,0.387,0.924,0.514,0.087404391
0.277,0.116,0.678,0.425,0.315045128
0.325,0.0,0.403,0.449,0.045518853
0.093,0.606,0.329,0.953,0.026278287
0.353,0.644,0.789,0.679,0.017466076
0.706,0.003,0.867,0.451,0.049596222
0.033,0.197,0.526,0.986,0.235915954
0.68,0.357,0.808,0.469,0.016245792
0.383,0.327,0.722,0.554,0.14967505
0.136,0.247,0.957,0.639,0.332191074
0.28,0.267,0.712,0.327,0.060114077
0.113,0.577,0.532,0.649,0.013440342
0.078,0.243,0.687,0.774,0.343813897
0.224,0.544,0.348,0.788,0.007764039
0.175,0.064,1.0,0.419,0.455660124
0.167,0.328,0.83,0.525,0.162132624
0.243,0.0,0.709,0.829,0.716782097
0.171,0.083,0.849,0.555,0.525082098
0.294,0.205,0.341,0.546,0.008292428
0.019,0.057,0.85,0.466,0.510435241
0.68,0.652,0.934,0.686,0.002838151
0.889,0.102,0.99,0.567,0.000154902
0.246,0.115,0.702,0.707,0.488046718
0.155,0.166,0.376,0.341,0.022133794
0.372,0.859,0.446,0.976,0.009078986
0.12,0.292,0.855,0.51,0.193727496
0.649,0.05,0.75,0.587,0.129642761
0.264,0.026,0.641,0.437,0.375665219
0.342,0.0,0.579,0.652,0.336330403
0.168,0.288,0.888,0.679,0.297159095
0.007,0.046,0.392,0.379,0.058580546
0.143,0.009,0.728,0.429,0.516755248
0.197,0.189,0.996,0.798,0.49446483
0.643,0.466,0.648,0.874,0.003855342
0.136,0.135,0.983,0.732,0.543291705
0.63,0.282,0.63,0.961,0.0
0.156,0.285,0.559,0.288,0.001748673
0.104,0.389,0.863,0.425,0.031395221
0.561,0.098,0.81,0.281,0.130579059
0.12,0.066,0.732,0.872,0.706636008
0.09,0.155,0.111,0.401,0.000698781
0.1,0.485,0.311,0.995,0.030405568
0.213,0.33,0.762,0.545,0.168265027
0.852,0.719,0.879,0.943,0.000111874
0.401,0.288,0.791,0.706,0.273080418
0.367,0.828,0.815,0.981,0.137002334
0.038,0.385,0.287,0.623,0.004559286
0.829,0.542,0.868,0.904,0.000347669
0.266,0.383,0.851,1.0,0.44434022
0.13,0.116,0.505,0.208,0.047782146
0.388,0.07,0.949,0.546,0.480494379
0.204,0.0,0.903,0.6,0.671793354
0.584,0.158,0.861,0.792,0.250657474
0.238,0.11,0.546,0.513,0.1914883
0.045,0.125,0.73,0.398,0.338628118
0.075,0.204,0.887,0.888,0.556880064
0.275,0.824,0.726,0.873,0.034834048
0.508,0.58,0.936,0.732,0.062458262
0.163,0.31,0.835,0.96,0.492728205
0.24,0.7,0.624,1.0,0.154411613
0.022,0.298,0.848,0.81,0.364343594
0.368,0.712,0.549,1.0,0.069786855
0.004,0.82,0.155,0.89,0.001495666
0.203,0.744,0.722,0.817,0.043164341
0.374,0.207,0.84,0.477,0.25588456
0.151,0.015,0.412,0.438,0.07765072
0.098,0.086,0.606,0.333,0.226742305
0.0,0.106,0.827,0.738,0.593462786
0.583,0.634,0.863,0.746,0.029298879
0.174,0.264,0.369,0.948,0.049990362
0.095,0.725,0.439,0.914,0.027130249
0.821,0.11,0.993,0.116,3.9586e-05
0.828,0.166,0.95,0.33,0.000777953
0.688,0.346,0.84,0.619,0.034625791
0.131,0.235,0.518,0.469,0.081673012
0.288,0.298,0.902,0.829,0.361558797
0.008,0.006,0.232,0.309,0.012306114
0.037,0.346,0.84,0.359,0.014151171
0.545,0.114,0.625,0.931,0.189670781
0.155,0.19,0.326,0.738,0.021961681
0.364,0.139,0.389,0.481,0.010968792
0.417,0.81,0.585,1.0,0.071506268
0.489,0.391,0.599,0.676,0.059497911
0.48,0.106,0.583,0.794,0.185746594
0.687,0.188,0.896,0.972,0.108283478
0.221,0.556,0.947,0.65,0.053076356
0.095,0.015,0.614,0.443,0.366231679
0.285,0.518,0.846,0.893,0.229461698
0.442,0.327,0.74,0.917,0.332099853
0.034,0.494,0.918,0.977,0.358004654
0.619,0.477,0.987,0.743,0.061222488
0.65,0.416,0.718,0.57,0.02170351
0.427,0.0,0.602,0.795,0.351694974
0.289,0.14,0.601,0.344,0.163313322
0.318,0.115,0.583,0.187,0.060666561
0.009,0.013,0.131,0.662,0.005564429
0.392,0.557,0.644,0.944,0.154628476
0.203,0.827,0.802,1.0,0.173660785
0.155,0.031,0.388,0.642,0.070747248
0.0,0.248,0.902,0.519,0.259270032
0.039,0.312,0.99,0.477,0.148563197
0.224,0.0,0.757,0.465,0.565401403
0.497,0.86,0.63,0.89,0.011836244
0.31,0.0,0.843,0.664,0.679937764
0.38,0.0,0.528,0.65,0.189586446
0.0,0.0,0.876,0.446,0.581433774
0.403,0.554,0.508,0.729,0.012975636
0.418,0.0,0.465,0.381,0.044973254
0.61,0.029,0.797,0.93,0.319012344
0.105,0.462,0.386,0.464,0.000199652
0.436,0.332,0.498,0.845,0.032290211
0.325,0.291,0.632,0.771,0.210530936
0.345,0.0,0.737,0.57,0.585013735
0.53,0.679,0.89,0.959,0.150263678
0.073,0.573,0.129,0.775,0.000881221
0.193,0.513,0.6,0.679,0.053393045
0.601,0.316,0.85,0.508,0.070182716
0.12,0.078,0.442,0.611,0.106892801
0.206,0.007,0.822,0.974,0.928517828
0.15,0.097,0.356,0.298,0.021116603
0.088,0.472,0.633,0.528,0.025197414
0.018,0.299,0.985,0.519,0.193885841
0.015,0.391,0.642,0.597,0.097712268
0.242,0.8,0.461,1.0,0.034300496
0.767,0.112,0.98,0.891,0.016479866
0.475,0.92,0.605,0.99,0.028977026
0.792,0.238,0.793,0.847,0.000149739
0.681,0.199,0.796,0.284,0.016681239
0.498,0.134,0.601,0.546,0.13745155
0.47,0.104,0.961,0.614,0.403650871
0.677,0.175,0.938,0.187,0.003213359
0.411,0.707,0.907,0.898,0.121095606
0.319,0.565,0.422,0.654,0.004531748
0.945,0.781,0.992,0.928,5.6797e-05
0.351,0.487,0.735,0.947,0.269266383
0.014,0.72,0.098,0.917,0.000977605
0.573,0.062,0.989,0.544,0.261039359
0.017,0.033,0.047,0.386,0.000430284
0.571,0.625,0.774,0.642,0.005633274
0.605,0.003,0.945,0.54,0.235618197
0.391,0.641,0.679,0.99,0.190292111
0.043,0.136,0.255,0.793,0.017483288
0.488,0.0,0.595,0.49,0.193863466
0.268,0.455,0.327,0.939,0.010529903
0.397,0.625,0.429,1.0,0.007705521
0.043,0.345,0.195,0.645,0.002268456
0.395,0.395,0.583,0.636,0.063057217
0.0,0.0,0.879,0.528,0.63960469
0.388,0.095,0.824,0.958,0.702911472
0.439,0.109,0.836,0.475,0.350349046
0.339,0.389,0.671,0.947,0.275529593
0.514,0.231,0.774,0.242,0.009146111
0.505,0.809,0.934,0.815,0.00321508
0.116,0.454,0.823,0.912,0.308005687
0.8,0.373,0.903,0.784,0.001012027
0.324,0.031,0.662,0.273,0.268552113
0.116,0.064,0.869,0.598,0.581127412
0.71,0.138,0.736,0.541,0.017028908
0.281,0.388,0.78,0.801,0.251550742
0.602,0.379,0.625,0.721,0.01493945
0.118,0.137,0.504,0.675,0.154950328
0.287,0.0,0.938,0.408,0.524846303
0.145,0.695,0.16,0.776,0.00013597
0.077,0.347,0.449,0.884,0.067311863
0.034,0.024,0.34,0.524,0.04196471
0.335,0.423,0.465,0.751,0.026440074
0.295,0.163,0.821,1.0,0.700932167
0.069,0.415,0.103,0.728,0.00039414
0.23,0.132,0.526,0.436,0.134126318
0.092,0.0,1.0,0.514,0.628818338
0.004,0.018,0.37,0.877,0.084647133
0.025,0.376,0.648,0.486,0.060182922
0.295,0.0,0.507,0.439,0.165333935
0.619,0.029,0.631,0.239,0.01020633
0.745,0.437,0.862,0.932,0.018879128
0.422,0.224,0.792,0.459,0.207505181
0.209,0.536,0.856,0.964,0.305640847
0.565,0.252,0.709,0.255,0.000800328
0.411,0.089,0.545,0.885,0.195928828
0.166,0.595,0.489,0.718,0.012280297
0.005,0.475,0.602,0.475,0.0
0.411,0.227,0.893,0.572,0.275137174
0.073,0.287,0.806,0.731,0.326754009
0.384,0.099,0.932,0.229,0.17773299
0.242,0.055,0.279,0.227,0.003141071
0.298,0.496,0.488,0.542,0.006655628
0.802,0.031,0.943,0.252,0.002271898
0.149,0.0,1.0,0.443,0.57358712
0.302,0.196,0.451,0.723,0.067007222
0.318,0.428,0.96,0.858,0.254695256
0.893,0.345,0.904,0.888,2.0654e-05
0.597,0.64,0.793,0.927,0.092004984
0.074,0.508,0.168,0.685,0.000695338
0.503,0.559,0.994,0.664,0.044243492
0.183,0.514,0.865,0.829,0.184316331
0.287,0.191,0.585,0.485,0.165602432
0.159,0.453,0.9,0.519,0.044302011
0.0,0.674,0.915,1.0,0.276433189
0.328,0.76,0.657,0.966,0.118247127
0.21,0.0,0.769,0.671,0.693064859
0.627,0.637,0.683,0.978,0.046585957
0.262,0.297,0.863,0.989,0.526247306
0.373,0.37,0.433,0.781,0.015992785
0.006,0.067,0.307,0.873,0.04263251
0.341,0.07,0.362,0.34,0.007192623
0.128,0.139,0.786,0.257,0.168788252
0.127,0.191,0.27,0.21,0.000612724
0.717,0.164,0.746,0.974,0.028190468
0.604,0.624,0.803,0.952,0.102700116
0.166,0.62,0.299,0.665,0.000752136
0.493,0.0,0.538,0.531,0.073459756
0.5,0.491,0.59,1.0,0.103975477
0.255,0.393,0.922,0.517,0.092352654
0.426,0.269,0.653,0.692,0.190744769
0.579,0.01,0.62,0.547,0.076879651
0.09,0.37,0.762,0.703,0.214985233
0.281,0.398,0.969,0.775,0.229642417
0.061,0.826,0.893,0.889,0.058482441
0.315,0.346,0.935,0.826,0.305630521
0.035,0.147,1.0,0.653,0.488268745
0.588,0.207,0.66,0.25,0.012359469
0.665,0.671,0.931,0.707,0.004218502
0.56,0.506,0.825,1.0,0.207971608
0.265,0.0,0.497,0.577,0.179806958
0.523,0.14,0.687,0.188,0.035925248
0.001,0.061,0.68,0.6,0.498808975
0.288,0.31,0.738,0.522,0.164874392
0.078,0.194,0.102,0.892,0.001370023
0.055,0.335,0.436,0.965,0.083435454
0.404,0.021,0.804,0.863,0.698429637
0.551,0.202,0.891,0.665,0.231718106
0.432,0.86,0.76,0.972,0.093547121
0.082,0.004,0.668,0.569,0.524517566
0.522,0.292,0.552,0.585,0.021348957
0.448,0.447,0.617,0.943,0.150014113
0.363,0.498,0.807,0.669,0.093562611
0.364,0.216,0.776,0.34,0.13874068
0.035,0.065,0.484,0.513,0.1477491
0.178,0.129,0.766,0.283,0.212573923
0.434,0.815,0.885,0.967,0.123599857
0.677,0.473,0.788,0.626,0.022207803
0.388,0.616,0.701,1.0,0.225251802
0.343,0.121,0.857,0.527,0.422583355
0.322,0.246,0.408,0.651,0.028310947
0.526,0.102,0.942,0.79,0.410695476
0.404,0.034,0.495,0.289,0.065959051
0.442,0.112,0.578,0.334,0.113715379
0.379,0.697,0.44,0.892,0.005616063
0.391,0.212,0.467,0.296,0.013646878
0.542,0.446,0.722,0.738,0.098522922
0.24,0.642,0.387,0.883,0.012213173
0.297,0.0,1.0,0.324,0.443593248
0.157,0.005,0.586,0.404,0.307215686
0.633,0.175,0.782,0.28,0.038210915
0.221,0.533,0.879,0.851,0.189097643
0.0,0.0,0.821,0.337,0.481108824
0.383,0.132,0.65,0.549,0.287235031
0.297,0.54,0.819,0.973,0.29560491
0.303,0.057,0.471,0.286,0.071967533
0.848,0.248,0.932,0.835,0.000456101
0.22,0.232,0.879,0.577,0.31107447
0.223,0.312,0.52,0.463,0.044928504
