0.024,0.211,0.895,0.893,0.556064247
0.08,0.0,0.947,0.307,0.447522599
0.228,0.0,0.609,0.353,0.314838592
0.0,0.0,0.737,0.635,0.668638513
0.989,0.473,0.996,0.477,0.0
0.0,0.17,0.931,0.186,0.021737933
0.339,0.894,0.732,0.983,0.083674692
0.107,0.122,0.795,0.884,0.677326802
0.021,0.479,0.381,0.723,0.013757031
0.391,0.251,0.432,0.794,0.019030588
0.351,0.487,0.735,0.947,0.269266383
0.18,0.0,0.763,0.336,0.461589434
0.0,0.0,0.655,0.566,0.509586721
0.511,0.244,0.681,0.431,0.103009921
0.47,0.13,0.813,1.0,0.608292083
0.384,0.147,0.926,0.381,0.269106318
0.644,0.301,0.694,0.368,0.009807026
0.602,0.491,0.9,0.559,0.021197497
0.68,0.357,0.808,0.469,0.016245792
0.294,0.205,0.341,0.546,0.008292428
0.344,0.199,0.839,1.0,0.631579038
0.207,0.291,0.889,1.0,0.554093547
0.069,0.487,0.599,0.76,0.087177201
0.5,0.491,0.59,1.0,0.103975477
0.025,0.0,0.734,0.572,0.632472307
0.348,0.086,0.405,0.952,0.043675518
0.351,0.179,0.997,0.532,0.336922473
0.365,0.406,0.91,0.614,0.130252043
0.107,0.468,1.0,1.0,0.399158709
0.12,0.513,1.0,0.915,0.270488389
0.046,0.246,1.0,0.931,0.550023063
0.362,0.43,0.441,1.0,0.029992496
0.172,0.0,0.883,0.441,0.568871211
0.425,0.776,0.585,0.942,0.052646073
0.192,0.033,0.657,0.046,0.014898143
0.436,0.072,0.604,0.594,0.250432005
0.351,0.656,0.58,0.973,0.098633075
0.214,0.0,0.445,0.518,0.115088845
0.536,0.0,0.614,0.431,0.142711338
0.419,0.315,0.651,0.974,0.289431199
0.042,0.253,0.414,0.696,0.049506723
0.168,0.258,0.788,0.844,0.432264738
0.288,0.06,0.959,0.402,0.436278425
0.055,0.0,1.0,0.383,0.528596655
0.053,0.331,1.0,0.342,0.011820754
0.455,0.074,0.694,0.176,0.109971911
0.536,0.04,0.547,0.115,0.003796823
0.342,0.092,0.919,1.0,0.786104246
0.194,0.243,0.467,0.323,0.022465973
0.111,0.0,0.643,0.546,0.47446008
0.122,0.367,0.771,0.388,0.01868464
0.108,0.25,0.434,0.496,0.042384667
0.141,0.031,0.731,0.72,0.653828148
0.417,0.81,0.585,1.0,0.071506268
0.03,0.0,0.613,0.501,0.407389176
0.0,0.191,0.665,0.225,0.042419089
0.191,0.163,0.667,0.253,0.108111364
0.436,0.561,0.807,0.767,0.099720832
0.078,0.106,0.553,0.332,0.150707731
0.488,0.0,0.595,0.49,0.193863466
0.436,0.0,0.808,0.629,0.566616524
0.19,0.227,0.709,0.49,0.238482166
0.219,0.111,0.741,0.551,0.455713479
0.304,0.075,0.752,0.092,0.02867927
0.325,0.25,0.545,0.5,0.088832933
0.401,0.0,0.494,0.698,0.116078498
0.339,0.0,0.984,0.264,0.369572401
0.198,0.249,0.926,0.795,0.413883018
0.143,0.285,0.949,0.338,0.060682051
0.276,0.024,0.556,0.327,0.194178433
0.103,0.3,0.837,0.527,0.198405541
0.0,0.0,0.872,0.646,0.707787447
0.118,0.0,0.844,0.612,0.684681211
0.412,0.0,0.622,0.252,0.207121368
0.342,0.711,0.483,1.0,0.034489821
0.629,0.0,0.658,0.552,0.053797512
0.169,0.0,0.878,0.601,0.675196037
0.227,0.53,0.761,1.0,0.332354581
0.164,0.557,0.916,1.0,0.334196196
0.201,0.073,0.439,0.981,0.142601186
0.012,0.0,0.736,0.556,0.626038705
0.428,0.081,0.699,0.886,0.532343566
0.06,0.337,0.349,0.801,0.023481443
0.222,0.341,0.851,0.976,0.470379269
0.025,0.0,0.957,0.426,0.567673301
0.465,0.161,0.875,0.539,0.307158888
0.384,0.0,0.658,0.302,0.299181428
0.011,0.022,0.819,0.973,0.933448879
0.855,0.253,0.98,0.55,0.00027366
0.393,0.246,0.799,0.754,0.34803412
0.154,0.065,1.0,0.497,0.51345239
0.0,0.0,0.871,0.386,0.530710209
0.313,0.0,0.71,0.213,0.283985529
0.285,0.901,1.0,0.932,0.030398684
0.132,0.0,0.814,0.78,0.773082139
0.338,0.522,0.502,1.0,0.063310224
0.106,0.0,0.775,0.73,0.737067393
0.544,0.845,0.709,1.0,0.079480286
0.172,0.0,1.0,0.155,0.233167301
0.115,0.127,0.147,0.316,0.000962114
0.404,0.052,0.785,0.698,0.56184726
0.042,0.0,0.616,0.471,0.399427206
0.249,0.047,0.703,0.703,0.581926019
0.31,0.154,0.565,0.363,0.127921626
0.249,0.191,1.0,0.487,0.309045252
0.451,0.0,0.567,0.658,0.21014368
0.508,0.0,0.834,0.588,0.452586177
0.303,0.0,0.451,0.414,0.092798428
0.352,0.0,0.558,0.669,0.282462324
0.36,0.021,0.978,0.062,0.054527273
0.0,0.674,0.915,1.0,0.276433189
0.347,0.227,0.962,0.301,0.090745114
0.404,0.026,0.838,0.577,0.540833924
0.666,0.582,0.843,0.823,0.034553503
0.07,0.0,0.582,0.6,0.378629013
0.24,0.7,0.624,1.0,0.154411613
0.37,0.0,0.659,0.783,0.528915065
0.162,0.038,0.459,0.118,0.02810269
0.037,0.767,0.807,1.0,0.221830186
0.836,0.245,0.936,0.616,0.000526667
0.237,0.239,0.978,0.723,0.376453498
0.398,0.0,0.547,0.211,0.10314589
0.028,0.006,0.249,0.807,0.02476713
0.341,0.032,0.613,0.491,0.330428631
0.111,0.164,0.137,0.567,0.001084315
0.0,0.0,0.885,0.716,0.744862412
0.046,0.516,0.956,1.0,0.368152465
0.301,0.207,0.882,0.487,0.279033824
0.638,0.772,0.859,0.965,0.055695924
0.0,0.0,0.861,0.624,0.694727476
0.222,0.539,0.357,0.874,0.014185593
0.236,0.37,0.62,0.758,0.150034767
0.345,0.0,0.465,0.338,0.082220333
0.248,0.832,0.372,0.93,0.007829442
0.193,0.0,0.441,0.823,0.137780287
0.106,0.052,0.82,0.809,0.719153821
0.372,0.0,0.71,0.29,0.351834386
0.437,0.0,0.712,0.579,0.489062188
0.446,0.036,0.857,0.202,0.202026808
0.062,0.22,0.909,0.958,0.612181848
0.467,0.111,0.791,0.272,0.175803598
0.079,0.045,0.808,0.749,0.689536533
0.369,0.068,0.572,0.182,0.079237606
0.464,0.095,0.972,0.174,0.091605681
0.287,0.662,0.63,1.0,0.163020729
0.0,0.235,0.805,0.332,0.11949495
0.388,0.616,0.701,1.0,0.225251802
0.0,0.0,0.718,0.591,0.628876856
0.15,0.553,0.968,0.62,0.038398518
0.397,0.0,0.55,0.539,0.206735833
0.079,0.264,1.0,1.0,0.600240615
0.56,0.49,0.631,0.51,0.003206474
0.144,0.052,0.702,0.448,0.451484651
0.495,0.0,0.69,0.376,0.297415544
0.059,0.126,0.577,0.157,0.025687938
0.278,0.513,0.855,1.0,0.344070346
0.318,0.0,0.33,0.323,0.003204753
0.278,0.0,0.795,0.624,0.662299574
0.0,0.093,0.747,0.345,0.339438772
0.24,0.0,0.92,0.608,0.668519755
0.344,0.058,0.537,0.592,0.198892622
0.225,0.548,0.726,0.61,0.033112913
0.188,0.105,0.834,0.931,0.747504354
0.519,0.609,0.545,0.891,0.014426552
0.379,0.338,0.895,0.947,0.399838558
0.039,0.178,0.781,0.717,0.463835515
0.486,0.294,0.854,0.618,0.193878956
0.189,0.0,0.482,0.621,0.176882749
0.082,0.297,0.668,0.891,0.33702402
0.273,0.057,0.589,0.259,0.173089368
0.137,0.482,0.932,1.0,0.386575492
0.417,0.0,0.64,0.547,0.371040529
0.184,0.0,0.465,0.457,0.134298431
0.001,0.266,0.75,0.6,0.274138916
0.683,0.59,0.723,0.829,0.014720866
0.184,0.171,1.0,0.94,0.656065623
0.162,0.094,0.663,0.69,0.4571403
0.221,0.556,0.947,0.65,0.053076356
0.514,0.223,0.603,0.532,0.082829615
0.098,0.43,0.158,0.839,0.002297715
0.003,0.503,0.3,0.987,0.028930556
0.0,0.243,0.696,0.324,0.086924194
0.284,0.467,0.845,0.739,0.155661157
0.068,0.0,0.9,0.446,0.580445843
0.452,0.731,0.65,0.952,0.09677597
0.117,0.626,0.554,1.0,0.123978506
0.191,0.63,0.498,0.654,0.002803729
0.0,0.0,0.824,0.185,0.283414112
0.442,0.014,0.81,0.748,0.593326816
0.0,0.125,0.85,0.586,0.488790249
0.382,0.19,0.639,0.972,0.389978176
0.004,0.0,0.63,0.548,0.45510764
0.543,0.0,0.82,0.506,0.35417685
0.244,0.374,0.929,0.926,0.381277839
0.064,0.07,0.816,0.652,0.602378264
0.339,0.0,0.617,0.326,0.285734202
0.097,0.333,1.0,1.0,0.519855012
0.084,0.0,0.557,0.578,0.315384192
0.213,0.35,0.838,0.827,0.314905716
0.149,0.152,0.494,0.791,0.147690581
0.206,0.396,0.519,0.74,0.059663139
0.047,0.243,0.298,0.982,0.039859762
0.033,0.321,0.123,0.777,0.001710808
0.476,0.0,0.562,0.678,0.167783109
0.366,0.0,0.415,0.584,0.039426036
0.148,0.045,0.785,0.183,0.207019821
0.016,0.224,0.735,1.0,0.617897737
0.434,0.34,0.683,0.361,0.012624524
0.347,0.0,0.94,0.758,0.711093747
0.292,0.0,0.409,0.694,0.071332434
0.357,0.0,0.736,0.59,0.587430208
0.322,0.0,0.616,0.432,0.348097802
0.649,0.151,0.856,0.784,0.146799033
0.407,0.0,0.831,0.609,0.589493849
0.117,0.02,1.0,0.23,0.314105389
0.378,0.0,0.506,0.347,0.111360867
0.799,0.051,0.992,0.151,0.001277082
0.398,0.348,0.838,0.419,0.056553049
0.584,0.892,0.615,0.986,0.009517876
0.085,0.247,0.576,0.319,0.049439598
0.429,0.601,0.711,0.8,0.087092866
0.101,0.736,0.662,0.916,0.108054567
0.12,0.0,0.98,0.222,0.334974149
0.174,0.331,0.845,0.54,0.167759014
0.656,0.0,0.659,0.571,0.005757196
0.276,0.477,0.387,0.546,0.003755516
0.19,0.312,1.0,1.0,0.531710188
0.22,0.293,0.848,1.0,0.547680599
0.165,0.007,0.661,0.459,0.450661948
0.158,0.0,0.914,0.638,0.695770483
0.505,0.03,0.71,0.932,0.525350595
0.454,0.317,0.569,0.743,0.083748701
0.302,0.0,0.915,0.662,0.682077134
0.55,0.251,0.678,0.893,0.198321205
0.227,0.0,0.451,0.499,0.117706691
0.244,0.479,0.374,0.504,0.001185862
0.185,0.719,0.333,0.842,0.006471467
0.574,0.0,0.578,0.682,0.010182234
0.407,0.953,0.543,1.0,0.013314699
0.076,0.433,0.431,0.913,0.051468816
0.322,0.07,1.0,0.491,0.478912656
0.232,0.218,0.864,1.0,0.641917895
0.076,0.918,0.636,1.0,0.066618245
0.205,0.31,0.938,1.0,0.532181779
0.0,0.045,0.671,0.228,0.234797216
0.579,0.0,0.586,0.227,0.007918941
0.035,0.0,0.697,0.409,0.493874481
0.186,0.215,0.967,0.258,0.056639106
0.119,0.171,0.826,0.601,0.418468121
0.228,0.0,0.821,0.511,0.608687944
0.043,0.53,0.945,1.0,0.359145766
0.478,0.113,0.72,0.575,0.330075799
0.015,0.386,0.181,0.928,0.007629791
0.457,0.0,0.68,0.557,0.404946886
0.528,0.764,0.829,1.0,0.143480685
0.295,0.24,0.622,0.583,0.186922129
0.258,0.52,0.861,1.0,0.342700323
0.966,0.085,0.984,0.614,1.0327e-05
0.104,0.104,0.949,0.858,0.680306087
0.329,0.137,0.337,0.386,0.001950046
0.077,0.0,0.894,0.56,0.657514819
0.023,0.171,0.968,0.457,0.327106841
0.436,0.017,0.598,0.41,0.225329253
0.341,0.24,0.693,0.394,0.138112466
0.242,0.423,0.626,0.731,0.115216209
0.296,0.033,0.811,0.756,0.683932518
0.306,0.0,0.509,0.462,0.169574811
0.056,0.794,0.87,0.956,0.158027717
0.659,0.212,0.757,0.811,0.101903231
0.156,0.316,0.569,0.566,0.095467908
0.17,0.0,0.979,0.124,0.182275065
0.141,0.062,0.918,0.216,0.233991725
0.0,0.0,0.948,0.271,0.405148259
0.092,0.0,0.905,0.627,0.696407303
0.117,0.0,0.982,0.462,0.590197793
0.055,0.0,1.0,0.249,0.373321033
0.062,0.0,1.0,0.165,0.25450421
0.454,0.0,0.87,0.501,0.484447826
0.366,0.0,0.843,0.508,0.564620008
0.104,0.0,0.526,0.491,0.230275795
0.304,0.414,0.855,0.508,0.065363538
0.246,0.141,0.904,0.947,0.695025232
0.053,0.123,0.897,0.427,0.381579038
0.0,0.142,0.929,0.181,0.060501332
0.124,0.287,0.904,0.552,0.227814572
0.114,0.053,1.0,0.348,0.411155019
0.343,0.371,1.0,0.412,0.035732481
0.322,0.0,0.489,0.412,0.130181476
0.388,0.0,0.991,0.213,0.286102525
0.063,0.0,0.57,0.823,0.409797044
0.483,0.495,0.551,1.0,0.062365321
0.25,0.398,1.0,1.0,0.434257812
0.269,0.071,0.646,0.373,0.29675807
0.251,0.176,0.502,0.429,0.085743496
0.717,0.099,0.822,0.376,0.024125147
0.597,0.215,0.856,0.352,0.063420377
0.087,0.163,0.761,0.26,0.136673597
0.574,0.0,0.588,0.543,0.029985611
0.293,0.0,0.676,0.43,0.449550095
0.03,0.113,0.221,0.354,0.007084191
0.028,0.694,0.382,0.997,0.03821952
0.01,0.796,0.229,0.857,0.002860526
0.299,0.0,0.548,0.875,0.319332475
0.104,0.0,0.718,0.383,0.491540622
0.018,0.893,0.691,0.957,0.062351552
0.318,0.109,0.963,0.847,0.626024936
0.451,0.0,0.885,0.502,0.488205063
0.379,0.0,0.684,0.649,0.525607044
0.221,0.0,0.757,0.489,0.582487109
0.277,0.0,0.617,0.448,0.366145622
0.393,0.086,0.746,0.164,0.106940993
0.161,0.707,0.273,0.798,0.002450896
0.123,0.847,0.742,1.0,0.15718264
0.559,0.096,0.578,0.121,0.002445733
0.247,0.6,0.816,0.834,0.133221001
0.297,0.0,0.809,0.269,0.379162565
0.499,0.0,0.659,0.133,0.096015229
0.0,0.302,0.833,0.414,0.113882329
0.32,0.479,0.633,1.0,0.227503046
0.19,0.608,0.518,1.0,0.087607485
0.0,0.033,0.688,0.25,0.293166062
0.399,0.045,0.693,0.924,0.617272965
0.381,0.17,0.831,0.241,0.090290734
0.402,0.0,0.456,0.317,0.042074862
0.453,0.097,0.93,0.151,0.068253324
0.169,0.0,0.772,0.345,0.476274156
0.172,0.0,0.984,0.473,0.593156424
0.01,0.723,0.24,0.796,0.002025776
0.063,0.218,0.208,0.309,0.001870874
0.0,0.246,0.827,0.249,0.002447454
0.162,0.565,1.0,0.885,0.20250012
0.203,0.827,0.802,1.0,0.173660785
0.177,0.0,0.651,0.462,0.445362574
0.192,0.0,0.754,0.85,0.793475866
0.188,0.385,0.951,0.453,0.056374051
0.424,0.456,0.512,0.538,0.007755434
0.211,0.0,0.965,0.405,0.53623161
0.307,0.442,0.758,1.0,0.371279767
0.203,0.069,0.723,0.792,0.630649625
0.198,0.0,0.523,0.828,0.27097547
0.658,0.0,0.699,0.392,0.05904181
0.206,0.425,0.797,0.486,0.044329549
0.24,0.475,0.802,0.525,0.036047448
0.315,0.249,1.0,0.501,0.235704254
0.098,0.487,0.295,0.87,0.013917096
0.454,0.0,0.673,0.562,0.397198337
0.434,0.118,0.943,0.232,0.141358526
0.0,0.301,0.819,0.571,0.222193345
0.202,0.0,0.801,0.051,0.07537538
0.322,0.06,0.59,0.318,0.204205765
0.274,0.209,0.787,0.442,0.244838317
0.196,0.0,0.652,0.226,0.261564305
0.284,0.281,0.853,0.681,0.296248614
0.089,0.217,0.915,0.288,0.092194309
0.241,0.267,0.466,0.367,0.023910005
0.369,0.559,0.8,1.0,0.295064474
0.27,0.363,0.903,1.0,0.462701287
0.001,0.0,1.0,0.182,0.280885765
0.137,0.257,0.743,0.471,0.201161078
0.259,0.011,0.886,0.916,0.847939457
0.595,0.627,0.826,0.921,0.094092721
0.136,0.135,0.983,0.732,0.543291705
0.338,0.0,0.859,0.304,0.413285784
0.574,0.098,0.747,0.392,0.161332296
0.088,0.488,0.128,0.923,0.002113554
0.092,0.59,0.788,1.0,0.315921186
0.353,0.575,0.744,1.0,0.276397045
0.153,0.0,0.927,0.293,0.426915451
0.0,0.0,0.91,0.422,0.562377369
0.466,0.0,0.556,0.594,0.154132789
0.0,0.0,0.672,0.615,0.563725018
0.293,0.305,0.916,0.607,0.232081265
0.32,0.099,0.917,0.211,0.163645501
0.335,0.423,0.465,0.751,0.026440074
0.47,0.017,0.97,0.76,0.563928112
0.172,0.0,0.656,0.14,0.164778008
0.177,0.051,0.768,0.287,0.335645391
0.126,0.0,0.62,0.606,0.453357246
0.24,0.632,0.518,1.0,0.07604318
0.249,0.111,0.913,0.267,0.228348124
0.823,0.592,0.893,0.893,0.000493966
0.416,0.0,0.736,0.641,0.562589069
0.037,0.346,0.84,0.359,0.014151171
0.504,0.07,0.878,1.0,0.620761705
0.167,0.0,1.0,0.3,0.437462565
0.287,0.081,0.726,0.431,0.402681872
0.054,0.0,0.576,0.711,0.39380598
0.469,0.602,0.683,0.86,0.100188981
0.313,0.538,0.746,1.0,0.304599561
0.14,0.0,0.787,0.889,0.856615698
0.487,0.39,0.63,0.844,0.12084432
0.665,0.671,0.931,0.707,0.004218502
0.382,0.325,0.754,0.97,0.418659167
0.2,0.0,0.532,0.643,0.262302672
0.085,0.178,0.775,0.533,0.358292083
0.394,0.0,0.663,0.717,0.49443385
0.371,0.112,0.514,0.544,0.116921854
0.28,0.925,0.478,1.0,0.017269867
0.582,0.272,0.637,0.444,0.027625935
0.823,0.369,0.967,0.673,0.000163508
0.438,0.109,0.489,0.352,0.034720453
0.502,0.0,0.594,0.579,0.18733348
0.368,0.0,0.528,0.734,0.207212588
0.529,0.486,0.828,0.949,0.221363758
0.283,0.076,0.73,0.436,0.415132562
0.275,0.824,0.726,0.873,0.034834048
0.238,0.441,0.615,0.755,0.109269688
0.295,0.125,1.0,0.248,0.1799326
0.406,0.08,0.684,0.953,0.578320241
0.389,0.0,0.715,0.314,0.370422642
0.097,0.095,0.793,0.449,0.432486764
0.112,0.273,0.884,0.402,0.137215755
0.399,0.332,0.409,0.865,0.003082553
0.463,0.311,0.497,0.35,0.002950025
0.0,0.074,0.841,0.237,0.250769347
0.172,0.186,0.997,1.0,0.702644696
0.123,0.0,0.96,0.579,0.667068839
0.219,0.608,0.262,0.72,0.000884663
0.011,0.469,0.591,0.498,0.010375001
0.377,0.0,0.683,0.148,0.171846709
0.099,0.0,0.725,0.675,0.67598948
0.298,0.866,0.543,1.0,0.048288159
0.272,0.264,0.763,0.369,0.108033913
0.412,0.439,0.643,0.718,0.094008385
0.614,0.46,0.783,0.947,0.132955946
0.05,0.231,0.766,0.463,0.23519824
0.135,0.0,0.96,0.426,0.562327456
0.351,0.611,0.353,1.0,0.000426841
0.68,0.533,0.96,0.832,0.036522481
0.391,0.056,0.6,0.571,0.285202371
0.604,0.168,0.634,0.721,0.040894164
0.233,0.0,0.503,0.483,0.179848265
0.0,0.0,0.917,0.571,0.666512912
0.249,0.804,0.861,1.0,0.184336984
0.208,0.245,0.633,0.882,0.320303195
0.0,0.0,0.785,0.135,0.204431234
0.786,0.227,0.988,0.55,0.003320069
0.502,0.0,0.53,0.392,0.038847735
0.604,0.159,0.701,0.54,0.107503804
0.224,0.177,0.712,0.817,0.472862867
0.385,0.0,0.459,0.741,0.080762532
0.461,0.142,0.714,0.236,0.094252787
0.039,0.354,0.718,0.976,0.429739833
0.612,0.071,0.753,0.312,0.104803343
0.058,0.387,0.115,0.462,0.000161787
0.425,0.0,0.796,0.229,0.285815095
0.298,0.218,0.873,0.828,0.460329563
0.038,0.0,0.72,0.619,0.644287898
0.893,0.345,0.904,0.888,2.0654e-05
0.0,0.0,0.928,0.542,0.648860953
0.266,0.056,1.0,0.494,0.511562584
0.318,0.601,0.865,0.921,0.201648159
0.384,0.099,0.932,0.229,0.17773299
0.035,0.491,0.331,0.734,0.007762318
0.149,0.401,0.425,0.62,0.020552071
0.183,0.072,0.474,0.156,0.034255747
0.491,0.108,0.593,0.286,0.081779722
0.381,0.0,0.948,0.751,0.683030643
0.145,0.384,0.782,0.478,0.073361652
0.089,0.022,0.355,0.553,0.049628923
0.783,0.259,0.916,0.997,0.007319987
0.685,0.569,0.993,0.844,0.030111254
0.428,0.135,0.463,0.253,0.012732956
0.175,0.257,0.393,0.352,0.013438621
0.295,0.0,0.451,0.493,0.102985825
0.125,0.056,0.198,0.243,0.002932814
0.432,0.507,0.954,1.0,0.308630459
0.085,0.029,0.616,0.466,0.366524271
0.058,0.0,0.946,0.603,0.685410973
0.625,0.051,0.796,0.338,0.116994141
0.443,0.0,0.872,0.476,0.481413465
0.544,0.045,0.922,0.611,0.355517614
0.498,0.132,0.622,0.619,0.179621075
0.344,0.413,0.981,0.419,0.004244319
0.221,0.368,0.314,0.424,0.00153181
0.506,0.464,0.794,0.678,0.095614204
0.119,0.232,0.774,0.847,0.467475715
0.301,0.226,0.401,0.268,0.004714188
0.221,0.386,0.947,0.458,0.057978148
0.108,0.189,0.544,0.948,0.254469787
0.57,0.195,0.645,0.766,0.105290424
0.515,0.025,0.638,0.575,0.234871225
0.031,0.149,0.995,0.842,0.600713927
0.516,0.244,0.723,0.815,0.270548629
0.391,0.576,0.472,1.0,0.027548484
0.677,0.175,0.938,0.187,0.003213359
0.218,0.448,1.0,1.0,0.40149601
0.231,0.306,0.897,0.762,0.316745609
0.358,0.696,0.539,1.0,0.065236174
0.219,0.0,1.0,0.477,0.589900036
0.149,0.0,0.491,0.398,0.157320331
0.23,0.102,0.925,0.325,0.310303402
0.39,0.0,0.733,0.626,0.577612855
0.541,0.02,0.618,0.164,0.054267382
0.079,0.172,0.339,0.58,0.026023559
0.0,0.0,0.773,0.72,0.735666389
0.0,0.0,0.782,0.568,0.656912422
0.335,0.064,0.657,0.24,0.194634534
0.127,0.0,0.875,0.764,0.767777602
0.153,0.328,0.827,0.338,0.008798441
0.0,0.022,0.879,0.362,0.476072783
0.568,0.564,0.8,1.0,0.175359545
0.403,0.0,0.723,0.524,0.509244215
0.007,0.022,0.874,0.706,0.707305529
0.4,0.0,0.808,0.345,0.421187514
0.644,0.018,0.689,0.954,0.119901138
0.196,0.523,0.69,1.0,0.293703056
0.046,0.163,0.845,0.171,0.012705417
0.146,0.288,0.503,0.425,0.043257282
0.09,0.0,1.0,0.275,0.410607698
0.205,0.852,0.806,0.954,0.104834324
0.51,0.205,0.78,0.7,0.285601674
0.681,0.079,0.702,0.444,0.023531356
0.238,0.147,0.569,0.586,0.218952448
0.38,0.683,0.978,1.0,0.233366953
0.543,0.235,0.783,0.482,0.143065892
0.367,0.008,0.942,0.131,0.168968971
0.034,0.0,0.914,0.593,0.679409375
0.299,0.003,0.926,0.336,0.444746408
0.243,0.681,0.298,0.962,0.00781051
0.0,0.0,0.666,0.414,0.45236243
0.238,0.838,0.489,0.887,0.009423213
0.196,0.303,0.539,0.75,0.112455509
0.411,0.089,0.545,0.885,0.195928828
0.025,0.495,0.587,0.613,0.036997515
0.054,0.045,1.0,0.582,0.604522798
0.11,0.298,0.997,0.49,0.173936167
0.275,0.06,0.402,0.49,0.05054973
0.339,0.027,0.637,0.06,0.031278184
0.519,0.0,0.531,0.59,0.022071833
0.235,0.0,0.398,0.823,0.082122228
0.098,0.0,0.58,0.291,0.241945089
0.004,0.0,0.872,0.746,0.761221799
0.116,0.776,0.74,0.788,0.006381968
0.004,0.773,0.922,1.0,0.219596153
0.068,0.6,0.926,1.0,0.315740467
0.009,0.0,0.637,0.379,0.385167604
0.007,0.0,0.811,0.288,0.423402615
0.123,0.085,0.577,0.246,0.136501484
0.156,0.0,0.847,0.63,0.690779192
0.271,0.0,0.657,0.437,0.427867239
0.345,0.559,0.506,0.617,0.007096239
0.17,0.0,0.745,0.263,0.375143715
0.179,0.0,0.47,0.528,0.150757644
0.001,0.0,0.873,0.696,0.733852313
0.16,0.0,0.789,0.121,0.178313012
0.356,0.228,0.64,0.678,0.233638892
0.368,0.712,0.549,1.0,0.069786855
0.0,0.022,0.981,0.372,0.484559699
0.468,0.0,0.567,0.648,0.186474634
0.209,0.0,0.617,0.475,0.389547892
0.118,0.0,0.636,0.306,0.324915837
0.472,0.028,0.579,0.372,0.142797395
0.297,0.25,0.826,0.795,0.399218949
0.317,0.0,0.327,0.554,0.003438827
0.266,0.456,0.488,0.661,0.026607024
0.371,0.054,0.516,0.741,0.162292689
0.388,0.244,0.474,0.667,0.04248105
0.0,0.055,0.843,0.178,0.195238653
0.3,0.0,0.909,0.14,0.203131777
0.06,0.517,0.644,1.0,0.256538591
0.072,0.145,0.779,0.778,0.550365569
0.503,0.145,0.59,0.45,0.097977322
0.0,0.0,0.829,0.74,0.756788156
0.771,0.382,0.818,0.998,0.008383648
0.324,0.429,0.555,1.0,0.142590859
0.442,0.035,0.56,0.138,0.045374278
0.088,0.0,0.546,0.829,0.340714133
0.597,0.0,0.752,0.626,0.254943099
0.109,0.0,0.837,0.408,0.545985281
0.0,0.075,0.865,0.425,0.458092088
0.173,0.0,1.0,0.717,0.736582033
0.376,0.0,0.501,0.439,0.123212601
0.367,0.259,0.725,0.364,0.100328393
0.073,0.025,0.777,0.469,0.551881889
0.155,0.0,0.8,0.182,0.274080398
0.034,0.196,0.136,0.759,0.003456039
0.149,0.004,0.834,0.728,0.731673356
0.189,0.223,0.76,0.327,0.12424184
0.018,0.737,0.57,0.755,0.00453519
0.0,0.164,0.821,0.364,0.256256325
0.331,0.0,0.53,0.468,0.196049307
0.201,0.768,0.775,1.0,0.209499976
0.365,0.587,0.696,0.701,0.047787309
0.381,0.571,0.814,0.988,0.276366065
0.146,0.0,0.707,0.403,0.495597337
0.175,0.0,0.988,0.162,0.245796989
0.315,0.0,0.766,0.343,0.450758332
0.41,0.05,0.926,0.411,0.408609461
0.536,0.319,0.554,1.0,0.031761822
0.347,0.148,0.4,0.902,0.031854764
0.566,0.0,0.574,0.255,0.010541951
0.071,0.0,1.0,0.311,0.451372777
0.094,0.0,1.0,0.42,0.560213903
0.149,0.0,1.0,0.443,0.57358712
0.157,0.436,0.938,1.0,0.41881579
0.245,0.602,0.255,0.631,2.9259e-05
0.004,0.0,0.673,0.248,0.313003862
0.361,0.0,0.963,0.482,0.552730408
0.0,0.542,0.935,1.0,0.350588284
0.387,0.743,0.53,0.982,0.044455192
0.134,0.167,0.845,0.456,0.32819632
0.367,0.828,0.815,0.981,0.137002334
0.457,0.0,0.519,0.296,0.060033183
0.527,0.0,0.692,0.77,0.392391207
0.023,0.053,0.671,0.542,0.46276669
0.44,0.0,0.804,0.471,0.478088232
0.209,0.584,0.963,0.717,0.070301474
0.195,0.0,0.514,0.43,0.190803288
0.504,0.0,0.645,0.498,0.260023889
0.201,0.529,0.869,1.0,0.347442049
0.32,0.749,0.845,0.985,0.1953402
0.423,0.325,0.516,0.866,0.055652895
0.004,0.0,0.732,0.311,0.431460968
0.393,0.0,0.687,0.316,0.340836334
0.07,0.251,1.0,0.633,0.319277399
0.556,0.0,0.796,0.642,0.37213345
0.235,0.014,0.662,0.436,0.422375097
0.279,0.62,1.0,1.0,0.280668902
0.003,0.062,0.629,0.376,0.307152004
0.502,0.486,0.513,1.0,0.008548877
0.064,0.077,0.762,0.39,0.410408047
0.326,0.463,0.389,0.481,0.000721156
0.301,0.0,0.888,0.754,0.729738801
0.08,0.046,0.354,0.292,0.028994238
0.493,0.012,0.846,0.689,0.503099764
0.383,0.0,0.94,0.337,0.426734732
0.391,0.081,0.422,0.524,0.020849828
0.479,0.0,0.589,0.385,0.169600628
0.172,0.165,1.0,1.0,0.73219486
0.2,0.0,0.828,0.314,0.447443426
0.848,0.248,0.932,0.835,0.000456101
0.151,0.08,0.258,0.998,0.026422862
0.237,0.311,0.355,0.625,0.013782848
0.199,0.0,0.951,0.419,0.549183149
0.513,0.103,0.968,0.377,0.236874626
0.053,0.195,0.157,0.924,0.007469725
0.033,0.109,0.616,0.302,0.189541696
0.0,0.0,0.963,0.329,0.474730298
0.063,0.0,0.867,0.529,0.638201965
0.221,0.047,1.0,0.142,0.147423805
0.605,0.055,0.995,0.963,0.339640145
0.0,0.0,0.734,0.636,0.666339077
0.195,0.406,0.983,0.871,0.297498158
0.272,0.252,0.592,0.298,0.032522564
0.897,0.34,0.935,0.918,8.0893e-05
0.442,0.236,0.866,1.0,0.521934142
0.383,0.209,0.734,0.48,0.236325584
0.303,0.348,0.449,1.0,0.061069307
0.24,0.0,0.468,0.817,0.165445808
0.0,0.035,0.93,0.359,0.454584415
0.121,0.0,1.0,0.211,0.319463281
0.124,0.0,0.735,0.522,0.599624448
0.296,0.0,0.954,0.359,0.480669935
0.689,0.13,0.733,0.516,0.035865008
0.642,0.359,0.735,0.926,0.101405823
0.325,0.0,0.958,0.352,0.466654733
0.325,0.18,0.39,0.765,0.028693039
0.397,0.259,0.427,0.464,0.008185717
0.325,0.074,0.755,0.175,0.144869641
0.301,0.232,0.914,0.73,0.381212436
0.163,0.067,0.171,0.741,0.000655752
0.371,0.0,0.749,0.565,0.572853917
0.511,0.0,0.635,0.476,0.226480692
0.349,0.499,0.66,0.545,0.020488389
0.239,0.0,0.635,0.55,0.447353927
0.353,0.317,0.81,0.91,0.392033211
0.032,0.321,0.761,0.781,0.310594273
0.212,0.719,0.651,1.0,0.172371655
0.01,0.871,0.894,1.0,0.144769815
0.248,0.705,0.515,0.797,0.010984283
0.0,0.198,0.771,0.919,0.588285612
0.139,0.647,0.893,0.976,0.260645219
0.368,0.0,0.674,0.465,0.436722477
0.404,0.823,0.597,1.0,0.077137822
0.18,0.0,0.85,0.19,0.287155859
0.153,0.483,0.796,0.635,0.094218364
0.087,0.163,0.358,0.235,0.0083716
0.31,0.0,0.843,0.664,0.679937764
0.091,0.0,1.0,0.772,0.775474517
0.177,0.169,0.978,0.961,0.682868856
0.085,0.005,0.986,0.666,0.705407117
0.296,0.0,0.954,0.423,0.536310782
0.245,0.842,1.0,1.0,0.157981247
0.499,0.021,0.657,0.346,0.214202116
0.381,0.0,0.765,0.368,0.444242115
0.494,0.0,0.599,0.619,0.216086759
0.043,0.272,0.288,0.672,0.012302672
0.577,0.0,0.673,0.523,0.177958459
0.464,0.534,0.819,0.689,0.071938273
0.383,0.0,0.74,0.544,0.546320902
0.444,0.106,0.727,0.62,0.394134717
0.489,0.022,0.629,0.461,0.229310238
0.0,0.768,0.924,0.931,0.145071014
0.253,0.0,0.919,0.608,0.66591912
0.042,0.0,0.777,0.765,0.762670995
0.225,0.0,0.712,0.548,0.582991401
0.195,0.101,0.608,0.665,0.34765547
0.196,0.0,0.772,0.505,0.601975519
0.078,0.2,0.999,0.356,0.198822055
0.087,0.602,0.428,0.934,0.038574074
0.076,0.171,0.551,0.207,0.026951251
0.0,0.0,0.839,0.547,0.648921193
0.076,0.084,0.951,0.754,0.639093513
0.316,0.749,0.967,0.768,0.012151212
0.083,0.102,0.177,0.207,0.001898412
0.112,0.0,0.899,0.616,0.687801629
0.289,0.0,1.0,0.105,0.149496052
0.388,0.07,0.949,0.546,0.480494379
0.427,0.0,0.602,0.795,0.351694974
0.377,0.249,0.751,0.718,0.319525242
0.366,0.579,0.734,1.0,0.266266445
0.441,0.0,0.901,0.115,0.13905909
0.274,0.096,0.69,0.858,0.567163845
0.133,0.185,0.743,0.52,0.33110848
0.036,0.053,0.859,0.643,0.62498537
0.132,0.068,0.286,0.222,0.007824279
0.201,0.0,0.831,0.383,0.516195879
0.121,0.537,0.966,0.624,0.05012461
0.271,0.0,0.84,0.332,0.456284896
0.259,0.0,0.835,0.594,0.655227431
0.162,0.362,0.973,0.377,0.015903286
0.529,0.1,0.874,0.991,0.534252305
0.219,0.521,0.621,1.0,0.217038547
0.0,0.0,0.94,0.74,0.759161601
0.235,0.273,0.716,0.339,0.069530406
0.035,0.0,0.68,0.539,0.544746064
0.07,0.0,0.837,0.254,0.381926707
0.022,0.69,0.666,0.932,0.14505036
0.351,0.833,0.709,1.0,0.136301832
0.409,0.628,0.512,1.0,0.042401878
0.4,0.738,0.606,0.934,0.070323849
0.202,0.0,0.876,0.325,0.461073093
0.003,0.103,0.934,0.597,0.523622576
0.107,0.0,0.774,0.68,0.71037087
0.407,0.182,0.653,0.601,0.246623133
0.0,0.032,0.905,0.268,0.352765519
0.29,0.066,0.809,0.183,0.17300159
0.496,0.0,0.626,0.499,0.237981315
0.02,0.413,0.94,1.0,0.443696516
0.291,0.227,0.553,0.379,0.076044901
0.235,0.0,0.945,0.547,0.632918081
0.116,0.454,0.823,0.912,0.308005687
0.368,0.209,0.988,0.873,0.48119316
0.604,0.078,0.978,0.206,0.069852258
0.332,0.057,0.858,0.388,0.418468121
0.255,0.393,0.922,0.517,0.092352654
0.119,0.0,0.683,0.045,0.057725142
0.0,0.0,0.905,0.821,0.811718174
0.353,0.075,0.919,0.509,0.476594287
0.303,0.776,1.0,1.0,0.19509752
0.0,0.0,0.826,0.238,0.358971932
0.32,0.291,0.349,0.548,0.004753774
0.271,0.0,0.875,0.214,0.31573014
0.36,0.0,0.603,0.431,0.310019414
0.374,0.203,0.852,0.285,0.097022092
0.317,0.463,0.725,1.0,0.338104893
0.196,0.15,0.436,0.289,0.034371063
0.396,0.0,0.465,0.723,0.079290961
0.222,0.0,0.506,0.443,0.179008351
0.093,0.0,0.99,0.341,0.484719765
0.487,0.205,0.619,0.64,0.148762848
0.062,0.601,0.863,1.0,0.313688874
0.683,0.032,0.748,0.856,0.094720935
0.348,0.349,0.657,0.362,0.009688268
0.015,0.0,0.616,0.573,0.439245661
0.407,0.653,0.975,0.898,0.146496114
0.387,0.071,0.448,0.589,0.051146964
0.233,0.0,0.568,0.334,0.239415021
0.27,0.228,0.555,0.317,0.049573847
0.367,0.465,0.7,0.897,0.213747737
0.418,0.754,0.727,0.838,0.043351945
0.338,0.635,0.725,0.865,0.120013012
0.491,0.0,0.543,0.267,0.055212285
0.092,0.046,1.0,0.093,0.071625027
0.307,0.0,0.346,0.33,0.011337115
0.0,0.853,0.823,1.0,0.159683449
0.239,0.137,0.966,0.94,0.696044144
0.326,0.663,0.718,0.748,0.038923465
0.48,0.035,0.584,0.537,0.175254556
0.359,0.067,0.865,0.372,0.377658293
0.011,0.0,0.743,0.227,0.334113581
0.316,0.0,0.567,0.656,0.321742064
0.368,0.0,0.948,0.252,0.344142634
0.516,0.0,0.517,0.556,0.001538695
0.078,0.0,0.994,0.133,0.202491515
0.244,0.033,0.408,0.267,0.041018086
0.268,0.854,0.7,0.99,0.120529352
0.216,0.272,0.323,0.503,0.008488637
0.056,0.0,0.725,0.497,0.580564601
0.483,0.126,0.62,0.696,0.213541201
0.12,0.078,0.442,0.611,0.106892801
0.202,0.0,0.743,0.633,0.658815997
0.283,0.0,0.854,0.485,0.581495735
0.355,0.178,0.53,0.178,0.0
0.331,0.836,0.533,0.914,0.019460872
0.484,0.153,0.635,0.242,0.058091743
0.185,0.0,0.46,0.299,0.096832768
0.448,0.27,0.904,0.533,0.190037383
0.175,0.064,1.0,0.419,0.455660124
0.0,0.0,0.67,0.643,0.571480451
0.0,0.461,0.87,0.727,0.159143013
0.355,0.044,0.762,0.44,0.458195356
0.288,0.466,0.567,1.0,0.158079351
0.407,0.346,0.673,1.0,0.326542309
0.198,0.0,0.713,0.75,0.689810193
0.227,0.0,0.593,0.713,0.419354506
0.26,0.0,0.819,0.493,0.59064873
0.067,0.0,0.968,0.488,0.610613894
0.169,0.024,0.729,0.364,0.444519218
0.401,0.15,0.642,0.827,0.342381913
0.19,0.0,0.454,0.527,0.129677184
0.002,0.0,0.646,0.267,0.305592656
0.182,0.443,0.969,0.879,0.278964978
0.311,0.861,0.682,0.933,0.054888711
0.423,0.0,0.8,0.613,0.572785072
0.186,0.256,0.865,0.922,0.51060047
0.471,0.0,0.745,0.465,0.421867362
0.0,0.0,0.777,0.304,0.439419496
0.009,0.27,0.65,0.325,0.050186571
0.251,0.554,0.439,1.0,0.042451791
0.0,0.877,0.793,0.935,0.061504754
0.438,0.0,0.611,0.357,0.234322183
0.077,0.438,0.784,0.819,0.231654424
0.046,0.0,0.984,0.614,0.691687951
0.193,0.0,1.0,0.598,0.671726229
0.0,0.131,0.831,0.713,0.539548237
0.214,0.0,0.715,0.721,0.67368316
0.022,0.0,0.609,0.241,0.239807439
0.204,0.555,0.8,1.0,0.329278913
0.171,0.0,1.0,0.111,0.163967354
0.201,0.292,0.94,0.309,0.019316296
0.029,0.035,0.885,0.415,0.505469767
0.048,0.0,0.83,0.813,0.802795811
0.143,0.353,0.988,0.747,0.259029073
0.37,0.0,0.478,0.627,0.114791089
0.144,0.426,0.5,0.446,0.00371593
0.105,0.051,0.795,0.958,0.860810104
0.0,0.07,0.832,0.775,0.674084184
0.571,0.217,0.855,0.566,0.163726395
0.0,0.0,0.829,0.549,0.65020688
0.256,0.509,0.414,1.0,0.036653288
0.105,0.512,0.759,0.729,0.118501855
0.44,0.174,0.598,0.229,0.036729018
0.521,0.214,0.563,0.897,0.074606032
0.008,0.439,0.147,0.457,0.000108431
0.027,0.227,0.918,0.546,0.304940345
0.514,0.552,0.655,1.0,0.149780039
0.472,0.314,0.884,0.929,0.357476266
0.015,0.279,0.887,0.727,0.335802014
0.352,0.068,0.601,0.566,0.300888794
0.286,0.658,0.638,1.0,0.172003332
0.143,0.0,0.593,0.185,0.169380323
0.481,0.424,0.81,0.621,0.100149395
0.565,0.542,0.833,1.0,0.188192326
0.104,0.239,0.946,0.862,0.480418649
0.314,0.744,0.779,1.0,0.208876925
0.541,0.0,0.889,0.4,0.309348172
0.078,0.009,0.807,0.442,0.557067668
0.104,0.389,0.863,0.425,0.031395221
0.262,0.339,0.884,0.411,0.063824844
0.529,0.261,0.731,0.85,0.264736357
0.409,0.0,0.684,0.563,0.467343187
0.295,0.0,0.799,0.298,0.413803846
0.444,0.169,0.624,0.17,0.002037824
0.168,0.006,1.0,0.494,0.59271065
0.339,0.0,0.611,0.77,0.440765423
0.438,0.293,0.514,0.341,0.008299312
0.669,0.489,0.961,0.847,0.053831935
0.279,0.408,0.935,0.553,0.102488417
0.253,0.0,0.517,0.327,0.155411592
0.276,0.0,0.939,0.39,0.512669274
0.411,0.0,0.571,0.909,0.321896966
0.383,0.597,0.882,0.651,0.026878963
0.354,0.417,0.714,1.0,0.349047868
0.37,0.657,0.7,1.0,0.210396687
0.0,0.0,0.771,0.33,0.466112576
0.635,0.003,0.856,0.311,0.118252291
0.213,0.38,0.305,0.985,0.019371373
0.0,0.143,0.733,0.424,0.327007015
0.028,0.788,0.731,0.993,0.19183769
0.278,0.065,0.599,0.479,0.293164341
0.0,0.023,0.777,0.188,0.249414814
0.475,0.054,0.675,0.696,0.372932056
0.0,0.0,0.97,0.652,0.711684096
0.085,0.275,0.468,0.35,0.021250852
0.0,0.833,0.68,1.0,0.147709514
0.23,0.0,0.656,0.657,0.530390078
0.094,0.43,1.0,0.998,0.428440376
0.438,0.157,0.736,0.717,0.386701135
0.419,0.498,0.735,0.988,0.286257427
0.052,0.53,0.533,0.92,0.089215025
0.307,0.0,0.753,0.218,0.306566818
0.1,0.051,0.841,0.2,0.229969433
0.005,0.0,0.855,0.27,0.404220567
0.19,0.044,0.69,0.606,0.529419358
0.017,0.033,0.047,0.386,0.000430284
0.476,0.163,0.505,0.686,0.028529531
0.437,0.733,0.729,1.0,0.180276827
0.2,0.663,0.328,0.734,0.001993074
0.3,0.06,0.517,0.657,0.187548622
0.101,0.0,0.973,0.686,0.725423916
0.042,0.69,0.76,0.787,0.055215727
0.243,0.0,0.431,0.546,0.097180437
0.219,0.0,0.808,0.458,0.572561324
0.042,0.356,0.874,0.727,0.24748198
0.188,0.15,0.706,0.227,0.105519335
0.258,0.577,0.651,1.0,0.218093602
0.495,0.116,0.811,0.373,0.23389362
0.201,0.429,0.725,0.432,0.001839893
0.29,0.251,0.594,1.0,0.308836995
0.244,0.104,0.852,0.373,0.349708784
0.322,0.0,0.327,0.447,0.00166778
0.295,0.0,0.507,0.439,0.165333935
0.064,0.686,0.896,1.0,0.270078759
0.326,0.0,0.421,0.604,0.06967326
0.018,0.289,0.594,0.343,0.036083592
0.205,0.513,0.64,1.0,0.243015635
0.044,0.163,0.911,0.198,0.054043634
0.358,0.0,0.913,0.328,0.432022058
0.01,0.0,0.722,0.365,0.481910873
0.01,0.319,0.522,0.486,0.051241627
0.142,0.175,0.599,0.319,0.122000923
0.367,0.094,0.586,0.655,0.270202681
0.758,0.52,0.766,0.953,0.002986169
0.0,0.0,0.768,0.466,0.584769334
0.347,0.739,0.654,1.0,0.146632083
0.434,0.603,0.904,0.776,0.082435475
0.46,0.664,0.62,0.686,0.004793361
0.072,0.921,0.758,0.95,0.030322954
0.387,0.0,0.474,0.107,0.022689721
0.046,0.41,0.375,0.932,0.042006017
0.562,0.833,0.813,0.972,0.075686905
0.28,0.267,0.712,0.327,0.060114077
0.258,0.091,0.784,0.892,0.704827095
0.217,0.611,0.893,1.0,0.296506785
0.385,0.244,0.721,0.544,0.226883438
0.389,0.495,0.467,0.632,0.008091055
0.036,0.919,0.521,0.951,0.01418043
0.3,0.0,0.921,0.529,0.608114807
0.094,0.0,0.86,0.391,0.532822042
0.383,0.132,0.65,0.549,0.287235031
0.062,0.184,0.816,0.682,0.440679366
0.15,0.202,0.881,0.265,0.086839859
0.334,0.519,0.956,0.873,0.204238467
0.849,0.719,0.885,0.826,6.024e-05
0.464,0.142,0.721,0.174,0.032816878
0.458,0.433,0.511,1.0,0.037414029
0.4,0.432,0.737,0.591,0.086757244
0.594,0.0,0.638,0.54,0.080461333
0.29,0.0,0.688,0.656,0.582394167
0.16,0.173,0.659,0.37,0.19449168
0.205,0.0,0.425,0.433,0.086595458
0.556,0.147,0.797,0.491,0.201389989
0.517,0.0,0.555,0.2,0.035785836
0.333,0.0,0.564,0.646,0.305107296
0.0,0.0,0.742,0.367,0.495044853
0.143,0.153,0.515,0.247,0.048203824
0.324,0.039,0.974,0.773,0.677242467
0.017,0.0,0.664,0.205,0.254717631
0.027,0.0,0.65,0.49,0.466387958
0.0,0.106,0.827,0.738,0.593462786
0.334,0.0,0.513,0.543,0.179634844
0.359,0.008,0.97,0.364,0.45237792
0.128,0.139,0.786,0.257,0.168788252
0.252,0.0,0.789,0.558,0.630327773
0.209,0.536,0.856,0.964,0.305640847
0.275,0.404,0.284,0.497,0.000244401
0.687,0.188,0.896,0.972,0.108283478
0.215,0.0,0.846,0.729,0.735602707
0.405,0.137,0.674,0.307,0.166125657
0.007,0.628,0.865,0.991,0.290303815
0.481,0.561,0.671,1.0,0.185612345
0.217,0.0,0.542,0.522,0.255956848
0.339,0.323,0.715,0.477,0.116608607
0.374,0.109,0.515,0.407,0.097357714
0.185,0.093,0.459,0.357,0.079857215
0.503,0.107,0.578,0.143,0.01298252
0.295,0.163,0.821,1.0,0.700932167
0.279,0.566,0.714,1.0,0.279097506
0.089,0.607,0.619,1.0,0.196030375
0.846,0.565,0.938,0.972,0.000413072
0.543,0.0,0.573,0.259,0.040548216
0.755,0.262,0.788,0.29,0.00075902
0.047,0.293,1.0,0.302,0.011275154
0.02,0.0,0.892,0.58,0.67137856
0.089,0.0,0.585,0.69,0.409019091
0.0,0.0,0.969,0.358,0.503962052
0.309,0.0,0.784,0.79,0.738915892
0.175,0.0,0.905,0.392,0.530013149
0.23,0.351,0.595,0.433,0.040171287
0.052,0.0,0.605,0.586,0.421640173
0.397,0.793,0.403,1.0,0.000843356
0.118,0.018,0.656,0.174,0.186078773
0.3,0.0,1.0,0.507,0.594602177
0.159,0.453,0.9,0.519,0.044302011
0.391,0.028,0.514,0.272,0.085762428
0.579,0.144,0.705,1.0,0.281646506
0.228,0.769,0.96,1.0,0.21031063
0.017,0.0,0.898,0.617,0.693094119
0.175,0.524,0.915,1.0,0.354243974
0.118,0.715,0.984,0.969,0.215701225
0.309,0.0,0.741,0.327,0.427091007
0.288,0.267,0.779,0.889,0.440798125
0.268,0.2,1.0,0.272,0.097521222
0.254,0.0,0.65,0.338,0.354553779
0.066,0.012,0.969,0.621,0.671841545
0.18,0.0,1.0,0.461,0.582834778
0.043,0.228,0.901,0.277,0.062759461
0.415,0.793,0.737,1.0,0.157934776
0.099,0.119,0.108,0.497,0.00037865
0.403,0.772,0.982,1.0,0.184364523
0.545,0.065,0.779,0.185,0.099738043
0.054,0.074,0.682,0.176,0.142694127
0.55,0.312,0.851,0.399,0.047906067
0.078,0.498,1.0,1.0,0.38014189
0.151,0.497,0.903,0.703,0.121334843
0.178,0.046,0.859,0.643,0.629143632
0.453,0.353,0.715,0.491,0.080767695
0.222,0.044,0.988,0.337,0.409179156
0.18,0.0,0.943,0.629,0.689792982
0.367,0.017,0.973,0.171,0.210357101
0.628,0.025,0.69,0.145,0.033661955
0.174,0.0,0.644,0.262,0.291474186
0.361,0.802,0.564,1.0,0.067688791
0.0,0.013,0.885,0.737,0.735241269
0.047,0.0,0.823,0.446,0.578877889
0.115,0.407,1.0,0.593,0.128408708
0.167,0.007,0.816,0.338,0.459276228
0.055,0.311,0.668,0.954,0.382692612
0.123,0.174,0.926,0.333,0.208577448
0.116,0.209,0.978,0.385,0.207997425
0.248,0.668,0.583,1.0,0.128209056
0.36,0.0,0.812,0.626,0.634802724
0.312,0.0,0.593,0.46,0.323433939
0.389,0.731,0.671,1.0,0.155318651
0.109,0.0,0.765,0.588,0.657864209
0.276,0.0,0.522,0.489,0.201045762
0.379,0.0,0.931,0.451,0.520872202
0.195,0.21,0.606,0.231,0.020195796
0.396,0.0,0.77,0.454,0.500280545
0.423,0.008,0.881,0.297,0.349357672
0.278,0.061,0.627,0.561,0.369820245
0.0,0.0,0.85,0.807,0.800472279
0.365,0.0,0.851,0.59,0.614045837
0.318,0.003,0.691,0.439,0.464687476
0.096,0.0,0.732,0.251,0.363257558
0.052,0.496,0.203,0.517,0.000101547
0.171,0.413,0.497,0.482,0.012963588
0.366,0.368,0.793,0.727,0.216005866
0.155,0.913,0.691,0.947,0.031846158
0.003,0.162,0.631,0.189,0.031586267
0.344,0.0,0.403,0.681,0.045348461
0.173,0.004,0.927,0.185,0.268507363
0.21,0.03,0.936,0.143,0.170776163
0.241,0.663,0.851,1.0,0.264615877
0.177,0.0,0.778,0.711,0.721152059
0.395,0.0,0.681,0.254,0.280205917
0.359,0.302,0.586,0.471,0.071711083
0.435,0.0,0.658,0.251,0.230198344
0.363,0.0,0.715,0.547,0.541193641
0.097,0.0,0.563,0.668,0.349610679
0.323,0.0,1.0,0.662,0.676089306
0.209,0.504,0.371,0.8,0.01320971
0.121,0.147,0.82,0.881,0.635930067
0.023,0.09,0.517,0.795,0.218041968
0.175,0.12,0.992,0.413,0.367236821
0.779,0.638,0.942,0.906,0.003201311
0.0,0.113,0.792,0.482,0.432801732
0.456,0.0,0.686,0.534,0.4086697
0.161,0.099,0.958,0.296,0.283458861
0.0,0.388,0.912,1.0,0.465413795
0.059,0.0,0.599,0.157,0.149752501
0.066,0.0,0.892,0.496,0.615541503
0.425,0.0,0.61,0.14,0.102290486
0.28,0.0,0.399,0.519,0.057275925
0.395,0.176,0.968,0.262,0.105899706
0.12,0.066,0.732,0.872,0.706636008
0.0,0.103,0.864,0.247,0.21299388
0.38,0.557,0.605,1.0,0.156017432
0.495,0.407,0.754,0.745,0.151845401
0.397,0.0,0.74,0.572,0.549890536
0.436,0.332,0.498,0.845,0.032290211
0.373,0.157,0.57,0.349,0.110872065
0.289,0.0,0.85,0.472,0.57056825
0.486,0.035,0.742,0.648,0.446563926
0.078,0.087,0.78,0.564,0.523090745
0.116,0.0,0.775,0.83,0.80018485
0.094,0.422,0.957,0.679,0.163247919
0.0,0.583,0.91,1.0,0.325776404
0.268,0.0,0.897,0.679,0.699501904
0.39,0.731,0.957,0.958,0.165908794
0.387,0.003,0.399,0.691,0.009838007
0.249,0.197,0.355,0.851,0.028536416
0.395,0.0,0.483,0.564,0.097646864
0.117,0.42,0.984,1.0,0.433676069
0.689,0.62,0.698,0.875,0.004536911
0.0,0.053,0.85,0.714,0.663375283
0.256,0.0,0.724,0.51,0.568454696
0.086,0.287,0.718,0.48,0.165690209
0.8,0.128,0.887,0.471,0.002545558
0.139,0.201,1.0,0.516,0.31829291
0.419,0.0,0.524,0.36,0.110973612
0.338,0.016,0.913,0.279,0.36257943
0.278,0.429,0.763,1.0,0.390460094
0.524,0.0,0.554,0.584,0.062907479
0.08,0.561,0.547,0.81,0.051613392
0.251,0.155,0.644,1.0,0.515992785
0.356,0.0,0.464,0.395,0.084907024
0.139,0.356,0.193,0.724,0.001332158
0.257,0.0,0.954,0.006,0.01395324
0.334,0.259,0.495,0.858,0.084173821
0.062,0.267,0.564,0.59,0.129339842
0.555,0.0,0.748,0.311,0.218825085
0.683,0.694,0.825,0.925,0.03298727
0.302,0.0,0.67,0.449,0.448369397
0.0,0.417,0.926,1.0,0.43910797
0.525,0.0,0.696,0.343,0.24798283
0.071,0.181,0.746,0.536,0.34653329
0.061,0.0,1.0,0.547,0.649731847
0.231,0.0,0.418,0.462,0.078963946
0.274,0.0,0.356,0.392,0.024369548
0.746,0.213,0.838,0.566,0.015304331
0.0,0.728,0.915,1.0,0.246469952
0.468,0.0,0.855,0.647,0.535575857
0.444,0.598,0.65,0.964,0.148991759
0.01,0.0,0.971,0.817,0.810177759
0.034,0.185,1.0,0.599,0.398046856
0.338,0.0,0.554,0.645,0.277340227
0.411,0.534,0.552,1.0,0.091905159
0.424,0.374,0.725,0.82,0.228122655
0.353,0.0,0.753,0.259,0.347559087
0.093,0.26,0.752,0.423,0.167165222
0.251,0.502,0.768,1.0,0.346967016
0.421,0.05,0.843,0.827,0.627389796
0.244,0.702,0.445,0.827,0.008426676
0.025,0.858,0.265,0.879,0.001993074
0.0,0.316,0.329,0.467,0.008483474
0.11,0.011,0.614,0.434,0.366341831
0.39,0.387,0.924,0.514,0.087404391
0.15,0.181,0.687,0.381,0.211670327
0.051,0.315,0.321,0.885,0.028066546
0.049,0.635,0.149,0.886,0.002934535
0.338,0.104,0.775,0.666,0.515280235
0.04,0.911,0.928,0.933,0.025319615
0.5,0.034,0.708,0.704,0.414979381
0.497,0.047,0.961,0.32,0.269923857
0.163,0.575,0.548,0.576,0.000731482
0.056,0.222,0.835,0.323,0.128937096
0.061,0.169,1.0,0.403,0.289222942
0.166,0.0,0.566,0.438,0.28865841
0.112,0.197,0.525,0.377,0.083886391
0.288,0.64,0.792,1.0,0.265615856
0.414,0.743,0.725,1.0,0.179349136
0.382,0.512,0.794,0.538,0.014269929
0.05,0.456,0.486,0.855,0.054100432
0.249,0.832,0.645,1.0,0.117469174
0.619,0.029,0.631,0.239,0.01020633
0.145,0.218,0.466,0.693,0.085197896
0.155,0.375,0.748,0.681,0.196958066
0.24,0.0,0.496,0.604,0.187395441
0.426,0.0,0.449,0.391,0.022040853
0.125,0.0,0.807,0.373,0.510839707
0.514,0.302,0.8,0.598,0.163220381
0.447,0.403,0.881,0.702,0.157616366
0.104,0.0,0.744,0.869,0.809833532
0.0,0.007,0.832,0.559,0.643100315
0.491,0.174,0.601,0.293,0.056663201
0.262,0.297,0.863,0.989,0.526247306
0.517,0.0,0.642,0.744,0.293348502
0.151,0.289,0.801,0.461,0.160423537
0.268,0.0,0.478,0.41,0.128529187
0.085,0.0,0.975,0.407,0.549241668
0.234,0.567,0.371,0.912,0.017583114
0.368,0.278,0.923,0.767,0.327464837
0.54,0.332,0.596,0.463,0.020445361
0.054,0.293,0.114,0.637,0.000846798
0.158,0.0,1.0,0.508,0.618255733
0.396,0.0,0.79,0.523,0.548048922
0.224,0.337,0.928,1.0,0.497932917
0.031,0.0,0.716,0.276,0.385048846
0.424,0.264,0.656,1.0,0.347612442
0.319,0.218,0.991,0.909,0.52409933
0.008,0.104,0.626,0.646,0.373837373
0.273,0.007,0.54,0.489,0.229439323
0.181,0.42,0.909,1.0,0.426886192
0.011,0.06,0.998,0.55,0.565977983
0.301,0.456,0.76,0.833,0.209789127
0.342,0.0,0.354,0.507,0.006514495
0.401,0.18,0.416,0.481,0.006533428
0.592,0.712,0.599,0.849,0.001841614
0.058,0.315,0.939,0.657,0.25530798
0.0,0.044,0.895,0.606,0.623207438
0.045,0.0,0.853,0.526,0.636739
0.565,0.263,0.627,0.509,0.042436301
0.532,0.0,0.792,0.667,0.435082236
0.51,0.496,0.744,1.0,0.250795164
0.488,0.06,0.737,0.429,0.318380687
0.299,0.0,0.876,0.537,0.61294259
0.5,0.531,0.584,0.639,0.01618211
0.151,0.0,0.713,0.637,0.638134841
0.382,0.0,0.57,0.459,0.244361562
0.297,0.849,0.628,0.957,0.067230969
0.145,-0.0,0.601,0.273,0.254891465
0.042,0.0,0.852,0.421,0.56084728
0.133,0.0,0.752,0.558,0.630405224
0.688,0.346,0.84,0.619,0.034625791
0.256,0.0,0.982,0.474,0.581065451
0.043,0.591,1.0,0.876,0.183889489
0.311,0.0,0.719,0.559,0.577976014
0.283,0.0,0.8,0.305,0.422270108
0.405,0.315,0.436,0.323,0.000380371
0.294,0.696,0.998,0.946,0.183230295
0.033,0.059,0.935,0.829,0.729508169
0.158,0.0,0.485,0.551,0.175197758
0.014,0.148,0.66,0.247,0.114859934
0.251,0.0,0.729,0.797,0.721718312
0.422,0.065,0.425,0.435,0.002440569
0.217,0.45,0.889,0.46,0.008631491
0.356,0.216,0.492,0.245,0.009605654
0.042,0.0,0.913,0.437,0.575137863
0.529,0.144,0.57,0.813,0.082316716
0.28,0.076,0.977,0.308,0.320291147
0.355,0.622,0.812,1.0,0.266132197
0.215,0.184,0.618,0.496,0.213305405
0.184,0.196,0.732,0.627,0.367352137
0.004,0.485,0.86,1.0,0.389153752
0.055,0.0,0.581,0.463,0.333199659
0.0,0.0,0.85,0.652,0.710276208
0.454,0.027,0.588,0.223,0.110558818
0.574,0.453,0.631,0.624,0.018249193
0.116,0.0,0.981,0.034,0.051804438
0.233,0.0,0.886,0.795,0.772514165
0.345,0.0,0.737,0.57,0.585013735
0.178,0.0,1.0,0.553,0.646583892
0.103,0.712,0.777,1.0,0.249339084
0.084,0.0,0.713,0.442,0.535013046
0.292,0.102,0.729,0.375,0.334531817
0.128,0.786,0.812,0.803,0.013116769
0.035,0.147,1.0,0.653,0.488268745
0.064,0.024,0.826,0.459,0.552344874
0.248,0.107,0.395,0.288,0.026052818
0.235,0.0,0.41,0.492,0.073700715
0.498,0.242,0.783,0.508,0.179631402
0.205,0.211,0.993,0.477,0.277252449
0.109,0.0,0.645,0.572,0.488879748
0.382,0.48,0.758,1.0,0.328284097
0.272,0.178,0.699,0.311,0.150005508
0.244,0.739,1.0,1.0,0.224427378
0.082,0.0,0.776,0.651,0.698766979
0.137,0.0,0.919,0.697,0.727855879
0.49,0.0,0.754,0.426,0.38274941
0.0,0.0,0.747,0.596,0.655458063
0.112,0.035,0.537,0.188,0.100008261
0.555,0.137,0.851,0.932,0.393167439
0.049,0.492,1.0,1.0,0.383883638
0.428,0.0,0.693,0.372,0.364806579
0.042,0.23,1.0,0.947,0.587777877
0.32,0.0,0.736,0.618,0.620140376
0.057,0.905,0.508,0.998,0.036648124
0.143,0.818,0.323,0.896,0.007380226
0.463,0.0,0.568,0.624,0.190348908
0.313,0.0,0.484,0.722,0.16082284
0.273,0.022,0.87,0.073,0.07220677
0.446,0.5,0.663,1.0,0.215914645
0.41,0.0,0.646,0.529,0.383172809
0.256,0.625,0.653,1.0,0.202875328
0.091,0.654,1.0,0.74,0.046128135
0.069,0.68,0.319,0.791,0.005289047
0.146,0.163,0.507,1.0,0.219069486
0.522,0.124,0.956,0.958,0.503803708
0.505,0.446,0.628,0.652,0.04734842
0.23,0.176,0.861,0.501,0.341115158
0.233,0.069,0.699,0.282,0.278374629
0.341,0.089,0.531,0.194,0.055033287
0.163,0.31,0.835,0.96,0.492728205
0.774,0.238,0.997,0.971,0.011280318
0.086,0.0,0.742,0.281,0.402396164
0.265,0.752,0.483,1.0,0.042577434
0.19,0.0,0.45,0.45,0.116130132
0.036,0.138,0.874,0.496,0.405785078
0.561,0.631,0.732,0.665,0.008516175
0.107,0.247,0.593,0.426,0.115085403
0.535,0.0,0.597,0.314,0.095559128
0.622,0.288,0.998,0.434,0.049931843
0.253,0.087,0.662,0.236,0.175505842
0.0,0.024,0.902,0.282,0.382436163
0.256,0.0,0.49,0.598,0.174602246
0.33,0.01,0.532,0.966,0.285069844
0.011,0.068,0.827,0.332,0.374026698
0.443,0.0,0.505,0.677,0.088175459
0.287,0.0,0.651,0.773,0.549393128
0.5,0.852,0.746,1.0,0.104240532
0.36,0.0,0.461,0.407,0.081036192
0.315,0.175,0.392,0.222,0.004920725
0.368,0.0,0.787,0.253,0.342216684
0.561,0.0,0.81,0.614,0.353200967
0.242,0.294,0.344,0.545,0.009793257
0.033,0.179,0.857,0.294,0.155631897
0.22,0.381,0.824,0.931,0.379462042
0.393,0.0,0.694,0.278,0.316786917
0.596,0.088,0.75,0.246,0.081180767
0.118,0.126,1.0,0.251,0.183812038
0.316,0.318,0.804,1.0,0.49346313
0.498,0.473,0.558,0.55,0.007091076
0.416,0.0,0.619,0.491,0.317213758
0.424,0.115,0.634,0.469,0.231620001
0.051,0.847,0.836,0.853,0.006984365
0.299,0.854,0.819,1.0,0.143000489
0.005,0.475,0.602,0.475,0.0
0.171,0.083,0.849,0.555,0.525082098
0.131,0.747,0.71,1.0,0.208954376
0.141,0.0,1.0,0.688,0.723589186
0.4,0.649,0.963,0.973,0.220467047
0.029,0.646,0.122,0.838,0.001196189
0.209,0.261,1.0,0.584,0.279911603
0.019,0.097,0.971,0.534,0.498366643
0.035,0.087,0.593,0.29,0.184047834
0.0,0.141,0.801,0.687,0.511929186
0.502,0.571,0.641,0.912,0.099500527
0.025,0.079,0.722,0.171,0.136640896
0.218,0.087,0.782,0.207,0.179927437
0.195,0.105,0.407,0.13,0.005085953
0.401,0.288,0.791,0.706,0.273080418
0.62,0.929,0.827,0.95,0.006986086
0.263,0.43,0.663,0.431,0.001488782
0.176,0.441,0.925,0.829,0.237224016
0.122,0.768,0.679,1.0,0.178905083
0.833,0.871,0.953,0.89,6.024e-05
0.096,0.012,0.379,0.555,0.066771426
0.274,0.481,0.884,0.776,0.167795157
0.265,0.073,0.816,0.177,0.157432204
0.259,0.045,0.625,0.699,0.431216567
0.563,0.0,0.736,0.698,0.339736529
0.508,0.035,0.548,0.748,0.081022423
0.181,0.0,0.562,0.332,0.23406057
0.291,0.171,0.645,0.69,0.320361714
0.354,0.75,0.727,0.85,0.058432528
0.0,0.0,0.821,0.492,0.61288235
0.0,0.025,0.75,0.526,0.581394188
0.393,0.658,0.461,1.0,0.018970348
0.573,0.0,0.587,0.544,0.029156024
0.071,0.0,1.0,0.371,0.516287099
0.03,0.442,0.93,0.983,0.400304985
0.271,0.0,0.357,0.468,0.028059661
0.48,0.476,0.652,1.0,0.191749912
0.462,0.618,0.811,0.896,0.151365204
0.016,0.0,0.896,0.761,0.7707173
0.269,0.014,0.741,0.313,0.396759447
0.303,0.204,0.524,0.507,0.097283705
0.274,0.055,0.965,0.665,0.61441416
0.355,0.455,0.52,0.989,0.081671291
0.009,0.007,0.738,0.265,0.368820265
0.606,0.0,0.657,0.422,0.079810744
0.061,0.826,0.893,0.889,0.058482441
0.178,0.0,0.576,0.609,0.358546811
0.496,0.186,0.885,0.981,0.501497387
0.0,0.0,0.876,0.446,0.581433774
0.141,0.6,1.0,1.0,0.311580484
0.0,0.109,0.742,0.191,0.122491446
0.166,0.0,0.792,0.569,0.650411695
0.141,0.65,0.542,0.982,0.097543596
0.397,0.0,0.801,0.835,0.712277888
0.536,0.074,0.609,0.854,0.174221875
0.13,0.462,0.937,0.899,0.287154138
0.0,0.0,0.748,0.881,0.832065431
0.584,0.42,0.725,0.708,0.073265268
0.22,0.0,0.93,0.305,0.434803412
0.108,0.102,1.0,0.987,0.828807322
0.179,0.0,0.568,0.48,0.30418821
0.084,0.0,0.674,0.494,0.508227025
0.424,0.0,0.64,0.684,0.40637887
0.603,0.705,0.67,1.0,0.051745919
0.072,0.052,0.624,0.549,0.389625343
0.112,0.0,0.78,0.536,0.631221042
0.496,0.332,0.504,0.363,0.000633378
0.505,0.0,0.589,0.662,0.185266397
0.138,0.0,0.92,0.666,0.712164293
0.403,0.585,0.9,1.0,0.27508554
0.353,0.644,0.789,0.679,0.017466076
0.514,0.231,0.774,0.242,0.009146111
0.264,0.345,0.983,0.922,0.39630851
0.128,0.812,0.935,0.816,0.002163467
0.226,0.0,0.413,0.39,0.068962431
0.043,0.0,0.636,0.433,0.413559445
0.142,0.97,0.997,0.98,0.010078966
0.356,0.061,0.789,0.723,0.600641639
0.077,0.175,1.0,0.403,0.280429664
0.528,0.523,0.813,0.966,0.216430986
0.119,0.0,0.818,0.461,0.585046436
0.443,0.0,0.9,0.407,0.438032261
0.392,0.83,0.669,0.926,0.060509938
0.207,0.0,1.0,0.677,0.711494771
0.019,0.0,0.639,0.452,0.42906687
0.0,0.18,0.781,0.37,0.237177545
0.521,0.871,0.575,1.0,0.024142359
0.175,0.148,0.492,0.296,0.060997019
0.446,0.213,0.851,0.253,0.046126414
0.058,0.107,0.971,0.426,0.404888367
0.548,0.0,0.571,0.476,0.04734842
0.318,0.116,0.636,0.725,0.375296896
0.515,0.0,0.691,0.471,0.314241358
0.222,0.0,1.0,0.464,0.581857173
0.269,0.0,1.0,0.449,0.560380853
0.0,0.0,0.841,0.702,0.736268786
0.033,0.197,0.526,0.986,0.235915954
0.239,0.0,0.873,0.658,0.694285144
0.327,0.35,0.744,0.372,0.019781003
0.132,0.106,0.796,0.445,0.412850337
0.335,0.519,0.749,1.0,0.312561531
0.284,0.176,0.985,0.686,0.437488382
0.23,0.053,0.35,0.483,0.028591492
0.872,0.194,0.891,0.36,0.00010671
0.239,0.201,0.706,0.211,0.010478269
0.213,0.463,0.89,0.709,0.14614156
0.071,0.003,0.087,0.434,0.00077279
0.16,0.0,0.821,0.589,0.66757141
0.098,0.086,0.606,0.333,0.226742305
0.111,0.434,0.96,1.0,0.423111743
0.0,0.689,0.935,1.0,0.267763833
0.126,0.114,0.828,0.153,0.060957433
0.407,0.0,0.713,0.91,0.69114063
0.009,0.013,0.131,0.662,0.005564429
0.345,0.448,0.545,0.491,0.009271753
0.717,0.164,0.746,0.974,0.028190468
0.07,0.932,0.642,0.991,0.050279512
0.279,0.462,1.0,1.0,0.378992172
0.278,0.468,1.0,1.0,0.375544739
0.247,0.0,0.644,0.567,0.469739007
0.493,0.0,0.579,0.273,0.104748267
0.288,0.0,0.563,0.792,0.345827625
0.431,0.292,0.765,1.0,0.454143804
0.271,0.0,0.392,0.496,0.052857772
0.728,0.328,0.948,0.686,0.01891183
0.224,0.0,0.757,0.465,0.565401403
0.188,0.402,0.898,0.998,0.44188244
0.241,0.425,0.623,1.0,0.256097981
0.314,0.0,0.33,0.442,0.004975801
0.745,0.437,0.862,0.932,0.018879128
0.187,0.864,0.907,1.0,0.144403214
0.184,0.288,0.868,1.0,0.560821463
0.149,0.101,0.227,0.705,0.006679724
0.175,0.761,1.0,1.0,0.221689053
0.255,0.771,0.874,0.943,0.143904085
0.08,0.242,0.866,0.53,0.271667367
0.233,0.0,0.47,0.44,0.131295051
0.035,0.076,0.883,0.968,0.847665797
0.349,0.022,0.585,0.54,0.301878447
0.0,0.847,0.509,1.0,0.055687318
0.324,0.196,0.561,0.627,0.165623085
0.05,0.0,1.0,0.487,0.611362588
0.401,0.2,0.886,0.273,0.090483501
0.442,0.547,0.58,0.615,0.013397314
0.155,0.0,0.553,0.202,0.142831818
0.358,0.385,0.499,0.742,0.039968193
0.231,0.035,0.652,0.932,0.623431186
0.366,0.321,0.688,0.48,0.107228422
0.029,0.0,0.613,0.467,0.393379138
0.388,0.613,0.686,0.704,0.036364137
0.203,0.0,1.0,0.414,0.546759792
0.118,0.035,0.636,0.182,0.165459577
0.875,0.259,0.964,0.289,3.4423e-05
0.395,0.0,0.547,0.171,0.083493973
0.406,0.174,0.821,0.509,0.309492747
0.106,0.0,0.574,0.516,0.333616173
0.279,0.215,0.736,0.508,0.267662286
0.335,0.0,0.745,0.034,0.046000771
0.372,0.0,0.497,0.807,0.152191349
0.229,0.0,0.831,0.79,0.768120108
0.447,0.276,0.634,0.917,0.23867149
0.132,0.0,0.826,0.524,0.628592869
0.358,0.319,0.888,0.706,0.256738243
0.346,0.0,0.869,0.973,0.884802724
0.448,0.597,0.654,0.942,0.137606452
0.254,0.0,0.935,0.189,0.282467488
0.0,0.119,0.889,0.347,0.312905758
0.402,0.112,0.811,0.595,0.440748212
0.524,0.881,0.641,1.0,0.046807983
0.0,0.002,0.854,0.693,0.723673521
0.399,0.0,0.513,0.519,0.133663332
0.142,0.078,0.737,0.311,0.315243059
0.237,0.31,0.807,0.981,0.505120376
0.121,0.0,0.974,0.296,0.432395544
0.133,0.0,0.961,0.646,0.702682561
0.313,0.363,0.996,0.765,0.252387214
0.0,0.0,0.774,0.274,0.402051937
0.599,0.13,0.904,0.387,0.124047352
0.231,0.004,0.652,0.74,0.54568064
0.531,0.281,0.617,0.472,0.047406938
0.401,0.0,0.938,0.703,0.641382622
0.269,0.463,0.72,1.0,0.344750194
0.346,0.102,0.601,0.264,0.139819832
0.747,0.263,0.902,0.295,0.001853662
0.439,0.646,0.445,0.691,0.00010671
0.331,0.154,0.605,0.285,0.110505463
0.715,0.227,0.748,0.28,0.00295691
0.44,0.664,0.513,1.0,0.032269557
0.22,0.091,1.0,1.0,0.838275285
0.382,0.584,0.871,0.684,0.048193497
0.515,0.0,0.821,0.609,0.44940552
0.318,0.23,0.991,0.298,0.084564518
0.505,0.505,0.736,0.695,0.074556119
0.192,0.0,0.905,0.866,0.833394147
0.178,0.129,0.766,0.283,0.212573923
0.285,0.196,0.357,0.215,0.001222006
0.17,0.327,0.546,0.618,0.085406153
0.003,0.571,0.835,0.975,0.302792369
0.782,0.007,0.81,0.734,0.005325191
0.064,0.069,1.0,0.719,0.643719923
0.075,0.204,0.887,0.888,0.556880064
0.043,0.342,0.368,0.387,0.004727957
0.51,0.0,0.806,0.581,0.445174971
0.202,0.707,1.0,1.0,0.248419998
0.354,0.0,0.6,0.723,0.394313715
0.737,0.446,0.761,0.866,0.00919086
0.221,0.124,0.905,0.276,0.222052212
0.295,0.0,0.465,0.167,0.051313914
0.175,0.848,1.0,1.0,0.160421816
0.404,0.0,0.679,0.19,0.20873235
0.175,0.0,0.583,0.465,0.33015325
0.457,0.0,0.689,0.372,0.332053383
0.054,0.057,0.635,0.232,0.196291987
0.134,0.0,0.493,0.652,0.201606851
0.408,0.204,0.493,0.685,0.05722257
0.078,0.0,0.937,0.86,0.842166771
0.554,0.142,0.754,0.267,0.086898377
0.381,0.06,0.942,0.524,0.487132796
0.021,0.0,0.97,0.402,0.546410401
0.115,0.274,0.838,0.758,0.359111344
0.141,0.453,0.575,0.491,0.01160217
0.537,0.0,0.539,0.358,0.003013707
0.019,0.0,0.918,0.336,0.480336034
0.123,0.0,0.88,0.101,0.151977928
0.099,0.355,0.799,0.362,0.00825112
0.0,0.0,0.935,0.863,0.846844816
0.517,0.0,0.567,0.235,0.056255292
0.288,0.083,0.776,0.143,0.090428425
0.515,0.119,0.909,0.461,0.267281915
0.419,0.177,0.455,0.317,0.012168423
0.455,0.144,0.901,0.529,0.328907148
0.465,0.002,0.663,0.745,0.417302913
0.429,0.327,0.429,0.534,0.0
0.348,0.574,0.985,0.752,0.091970562
0.696,0.924,0.859,0.954,0.004468066
0.112,0.827,0.676,0.992,0.142799116
0.0,0.155,0.924,0.24,0.126945743
0.244,0.0,0.961,0.452,0.567998596
0.122,0.356,0.3,0.883,0.018801677
0.347,0.0,1.0,0.147,0.206006072
0.435,0.233,0.694,0.706,0.266577971
0.0,0.0,0.825,0.539,0.644771537
0.125,0.147,0.744,0.315,0.223029817
0.337,0.511,0.435,0.775,0.012331931
0.0,0.691,0.797,1.0,0.265627904
0.301,0.746,0.839,1.0,0.212658258
0.469,0.0,0.655,0.376,0.276255912
0.0,0.0,0.816,0.673,0.71978892
0.309,0.0,0.867,0.458,0.557193311
0.021,0.025,0.852,0.213,0.28874963
0.239,0.0,0.711,0.523,0.565905696
0.382,0.0,0.421,0.582,0.032978665
0.065,0.0,1.0,0.748,0.76199631
0.405,0.0,0.527,0.64,0.165724632
0.4,0.514,0.83,0.923,0.241070752
0.3,0.0,0.498,0.717,0.18634727
0.016,0.009,0.555,0.616,0.313838613
0.01,0.643,1.0,1.0,0.292744384
0.206,0.0,0.447,0.336,0.091975725
0.073,0.149,0.706,0.328,0.222661494
0.523,0.14,0.687,0.188,0.035925248
0.428,0.321,0.905,0.6,0.184462627
0.186,0.436,0.613,0.654,0.080709176
0.304,0.0,0.677,0.856,0.64603485
0.417,0.0,0.42,0.247,0.001760721
0.323,0.141,0.823,0.643,0.463513662
0.405,0.0,0.7,0.714,0.561145037
0.028,0.798,0.976,1.0,0.203642954
0.328,0.76,0.657,0.966,0.118247127
0.046,0.178,0.764,0.697,0.445615581
0.05,0.0,0.811,0.737,0.753049851
0.364,0.0,0.677,0.385,0.396855831
0.178,0.34,0.36,0.54,0.011194261
0.035,0.167,0.822,0.96,0.692684488
0.792,0.238,0.793,0.847,0.000149739
0.0,0.093,0.904,0.257,0.247227252
0.393,0.381,0.651,1.0,0.275651794
0.07,0.635,0.543,0.935,0.081726367
0.511,0.0,0.585,0.449,0.135303574
0.291,0.422,0.644,0.94,0.230635512
0.437,0.599,0.861,0.735,0.063189745
0.186,0.778,0.85,1.0,0.208042175
0.139,0.528,0.702,1.0,0.308539238
0.595,0.0,0.715,0.612,0.224391235
0.29,0.077,0.789,0.628,0.555411936
0.245,0.586,0.305,0.85,0.004834668
0.216,0.843,0.949,0.891,0.043090332
0.0,0.0,0.878,0.379,0.526271402
0.315,0.0,0.891,0.661,0.676767433
0.149,0.125,0.571,0.608,0.254325212
0.124,0.0,0.608,0.429,0.364343594
0.443,0.34,0.509,0.41,0.008404301
0.299,0.0,0.945,0.633,0.668005136
0.579,0.0,0.74,0.612,0.283221345
0.34,0.0,0.593,0.395,0.288524161
0.429,0.005,0.802,0.722,0.606667332
0.375,0.132,0.709,0.706,0.431710533
0.0,0.093,0.835,0.507,0.484375538
0.046,0.175,0.619,0.721,0.312683731
0.128,0.015,0.572,0.209,0.158695517
0.445,0.59,0.525,0.83,0.018023724
0.242,0.0,0.717,0.528,0.5752549
0.052,0.0,0.608,0.652,0.449615498
0.119,0.305,0.937,0.479,0.159158503
0.023,0.39,0.24,0.691,0.003459481
0.424,0.344,0.549,1.0,0.12261881
0.041,0.0,0.85,0.553,0.65446841
0.296,0.0,0.955,0.657,0.681269922
0.253,0.161,0.747,0.959,0.647138097
0.154,0.592,1.0,1.0,0.313570116
0.478,0.201,0.578,0.411,0.070177552
0.411,0.14,0.573,0.248,0.066138049
0.386,0.51,0.952,0.862,0.19376364
0.339,0.006,0.693,0.461,0.468594452
0.426,0.15,0.669,0.184,0.03694416
0.0,0.125,0.75,0.252,0.189934115
0.237,0.027,0.559,0.089,0.043494799
0.308,0.407,0.617,1.0,0.242165394
0.355,0.109,0.365,0.625,0.005369941
0.026,0.224,0.612,0.293,0.060955712
0.48,0.106,0.583,0.794,0.185746594
0.602,0.23,0.751,0.87,0.189472851
0.406,0.064,0.527,0.164,0.039580938
0.484,0.0,0.495,0.648,0.016545269
0.078,0.628,0.353,0.847,0.013237248
0.098,0.207,0.786,0.537,0.322501084
0.014,0.101,0.827,0.816,0.652502874
0.0,0.0,0.747,0.436,0.553814723
0.241,0.0,1.0,0.757,0.748068887
0.145,0.0,0.778,0.446,0.567298094
0.455,0.211,0.537,0.388,0.041298631
0.021,0.217,0.879,0.257,0.054071172
0.0,0.068,0.739,0.343,0.371300421
0.122,0.0,0.981,0.603,0.681705369
0.264,0.0,1.0,0.325,0.453565503
0.335,0.081,0.825,0.524,0.478162241
0.129,0.457,0.934,1.0,0.404800589
0.14,0.0,0.808,0.773,0.768132156
0.137,0.208,0.523,0.359,0.069211996
0.092,0.0,1.0,0.514,0.628818338
0.241,0.0,0.688,0.163,0.211045555
0.0,0.0,0.849,0.865,0.848001418
0.511,0.295,0.711,0.404,0.064965956
0.506,0.0,0.841,0.6,0.461916449
0.005,0.369,0.941,0.404,0.033679167
0.135,0.727,0.792,1.0,0.241626679
0.092,0.37,0.351,0.596,0.010466221
0.493,0.0,0.538,0.531,0.073459756
0.323,0.0,0.41,0.271,0.035796163
0.145,0.0,0.995,0.52,0.628277901
0.193,0.567,0.985,0.71,0.076282418
0.373,0.37,0.433,0.781,0.015992785
0.223,0.141,0.661,0.504,0.312435888
0.199,0.7,0.394,0.808,0.006030857
0.0,0.703,0.821,1.0,0.259142668
0.549,0.612,0.77,0.849,0.08829766
0.224,0.063,0.742,0.703,0.603082208
0.199,0.3,0.797,0.664,0.274613949
0.287,0.191,0.585,0.485,0.165602432
0.189,0.0,0.632,0.524,0.437867032
0.397,0.181,0.654,0.919,0.381723613
0.449,0.778,0.91,0.968,0.141232883
0.147,0.044,0.496,0.351,0.132377645
0.492,0.581,0.539,1.0,0.036479453
0.797,0.63,0.952,0.821,0.000829587
0.27,0.881,0.426,0.974,0.011707159
0.179,0.304,0.8,0.319,0.015574549
0.033,0.169,0.837,0.293,0.173290741
0.22,0.0,0.978,0.835,0.803325921
0.221,0.317,0.883,0.356,0.040651484
0.489,0.571,0.568,1.0,0.072915878
0.317,0.582,0.799,0.873,0.166082628
0.277,0.749,0.432,1.0,0.024669026
0.564,0.314,0.65,0.604,0.058501373
0.077,0.0,1.0,0.295,0.434794806
0.691,0.597,0.795,0.859,0.025033906
0.015,0.0,0.897,0.626,0.698887458
0.412,0.73,0.673,0.837,0.044444865
0.325,0.357,0.979,0.652,0.198049266
0.0,0.0,0.94,0.612,0.690696578
0.205,0.032,0.452,0.095,0.019827473
0.252,0.408,0.768,1.0,0.415623085
0.494,0.626,0.818,0.698,0.02883073
0.383,0.685,0.628,1.0,0.139391269
0.127,0.221,1.0,0.83,0.477680323
0.07,0.298,0.681,0.795,0.288185098
0.273,0.604,0.421,0.791,0.008006719
0.026,0.0,0.939,0.81,0.803609908
0.073,0.487,0.685,1.0,0.318151777
0.35,0.1,0.786,0.245,0.203093912
0.0,0.808,0.934,0.898,0.082308111
0.284,0.449,0.61,1.0,0.220773409
0.146,0.697,0.917,1.0,0.259696874
0.516,0.499,0.709,0.928,0.177746759
0.113,0.206,0.767,0.582,0.345090979
0.135,0.0,0.74,0.528,0.606631188
0.322,0.0,0.66,0.887,0.615605185
0.294,0.0,0.684,0.472,0.486120769
0.461,0.423,0.47,1.0,0.00555066
0.346,0.0,0.728,0.719,0.646637247
0.146,0.179,0.727,0.215,0.050231321
0.017,0.034,0.924,0.616,0.63993859
0.0,0.063,0.751,0.171,0.165302954
0.044,0.0,0.782,0.6,0.67606521
0.585,0.726,0.589,1.0,0.003175494
0.429,0.13,0.542,0.27,0.056553049
0.281,0.0,0.796,0.764,0.735941771
0.0,0.0,0.821,0.337,0.481108824
0.571,0.029,0.644,0.932,0.191500348
0.035,0.032,0.713,0.25,0.310380853
0.104,0.0,0.99,0.598,0.679820727
0.157,0.679,0.933,0.86,0.115806558
0.806,0.097,0.882,0.893,0.003363097
0.467,0.684,0.894,1.0,0.208906184
0.216,0.675,0.704,0.822,0.074871087
0.149,0.0,1.0,0.443,0.57358712
0.363,0.0,0.523,0.425,0.160602535
0.395,0.395,0.583,0.636,0.063057217
0.584,0.554,0.585,0.652,0.000244401
0.597,0.495,0.763,0.726,0.056571981
0.046,0.0,0.801,0.651,0.706546509
0.0,0.226,0.762,1.0,0.634682244
0.409,0.384,0.493,0.928,0.042188457
0.341,0.088,0.718,0.506,0.424476603
0.502,0.244,0.936,0.374,0.102836086
0.608,0.725,0.786,0.988,0.09225627
0.47,0.798,0.937,0.909,0.076815969
0.107,0.127,0.865,0.693,0.53385128
0.079,0.669,0.628,0.687,0.006664234
0.167,0.0,0.863,0.454,0.579180809
0.183,0.172,0.753,0.476,0.324809126
0.582,0.168,0.857,0.881,0.284567272
0.227,0.176,0.561,1.0,0.313330878
0.347,0.695,0.959,0.982,0.215381094
0.0,0.545,0.969,1.0,0.349049589
0.42,0.0,0.555,0.553,0.201284999
0.435,0.082,0.546,0.425,0.116331504
0.178,0.011,0.997,0.267,0.377417334
0.454,0.296,0.758,0.655,0.212262397
0.59,0.159,0.811,0.552,0.171240869
0.0,0.0,0.857,0.158,0.241303106
0.158,0.0,0.937,0.51,0.61967739
0.553,0.014,0.606,0.591,0.111598384
0.382,0.572,0.453,0.81,0.007576436
0.233,0.685,0.812,0.865,0.114109519
0.586,0.372,0.722,0.764,0.103875651
0.185,0.382,0.673,0.479,0.060205297
0.387,0.0,0.481,0.63,0.105278376
0.0,0.0,0.71,0.605,0.625668661
0.389,0.065,0.476,0.486,0.073535486
0.236,0.684,0.916,1.0,0.254745169
0.134,0.0,0.924,0.636,0.696722271
0.472,0.0,0.673,0.794,0.452610273
0.389,0.067,0.934,0.516,0.466064384
0.193,0.0,0.754,0.35,0.471422277
0.036,0.221,0.343,0.812,0.034415812
0.209,0.0,0.819,0.4,0.531610363
0.283,0.0,0.841,0.609,0.658712729
0.232,0.491,0.852,0.62,0.080020722
0.078,0.723,0.86,0.976,0.222954087
0.018,0.299,0.985,0.519,0.193885841
0.442,0.563,0.625,0.593,0.008302755
0.04,0.04,0.609,0.083,0.041028412
0.16,0.669,1.0,1.0,0.273120004
0.215,0.091,0.368,0.476,0.035691173
0.05,0.103,0.221,0.107,0.000123922
0.476,0.332,0.962,0.452,0.081796934
0.521,0.0,0.599,0.598,0.169469822
0.576,0.0,0.623,0.728,0.106455633
0.089,0.405,0.556,0.468,0.020393727
0.063,0.497,0.163,0.671,0.000598955
0.402,0.0,0.676,0.652,0.491812562
0.009,0.0,0.618,0.471,0.403010609
0.085,0.039,0.8,0.783,0.718138352
0.373,0.493,0.711,0.619,0.060503053
0.486,0.697,0.794,0.778,0.038625708
0.189,0.862,0.251,0.975,0.004653949
0.425,0.036,0.843,0.153,0.15166296
0.422,0.0,0.532,0.605,0.156103488
0.1,0.0,1.0,0.492,0.612734333
0.0,0.0,0.863,0.721,0.747449278
0.399,0.199,0.961,0.418,0.221406787
0.064,0.285,0.875,0.375,0.10287223
0.357,0.016,0.967,0.534,0.565389355
0.261,0.195,0.634,0.282,0.082259919
0.232,0.0,0.873,0.545,0.632788996
0.265,0.0,0.377,0.556,0.046799378
0.39,0.596,0.74,1.0,0.255139309
0.137,0.037,0.809,0.735,0.690021893
0.429,0.458,0.668,1.0,0.246036226
0.453,0.0,0.495,0.373,0.04511955
0.281,0.398,0.969,0.775,0.229642417
0.111,0.0,0.677,0.12,0.153630218
0.359,0.0,0.735,0.415,0.482504664
0.0,0.002,0.849,0.17,0.253934514
0.323,0.082,0.329,0.357,0.001454359
0.482,0.014,0.514,0.285,0.029921929
0.399,0.18,0.481,0.471,0.044536085
0.5,0.326,0.89,0.845,0.26750222
0.002,0.208,0.958,0.454,0.270142441
0.473,0.121,0.566,0.83,0.158285887
0.318,0.0,0.419,0.553,0.067304978
0.15,0.425,0.871,0.736,0.189598494
0.0,0.0,0.66,0.48,0.478561544
0.551,0.0,0.648,0.64,0.208704812
0.117,0.271,1.0,0.773,0.372758222
0.05,0.0,1.0,0.015,0.025352316
0.251,0.0,0.914,0.444,0.56031545
0.452,0.028,0.736,0.508,0.427984276
0.509,0.412,0.798,0.527,0.059592573
0.076,0.036,0.786,0.876,0.799923237
0.0,0.0,0.795,0.792,0.786190302
0.221,0.296,0.621,0.376,0.05757024
0.254,0.0,0.686,0.661,0.588629839
0.163,0.027,0.765,0.261,0.338187507
0.429,0.0,0.505,0.636,0.102455715
0.015,0.223,0.843,0.639,0.363698168
0.111,0.0,1.0,0.037,0.056133092
0.539,0.043,0.839,0.501,0.322881455
0.447,0.231,0.847,0.802,0.363517449
0.187,0.081,0.925,0.622,0.563055496
0.298,0.113,0.594,0.264,0.131864746
0.22,0.574,0.97,0.914,0.225315484
0.226,0.289,0.591,0.373,0.049976593
0.118,0.023,0.49,0.571,0.178466193
0.486,0.962,0.939,0.971,0.006949943
0.324,0.261,0.981,0.503,0.219807853
0.0,0.0,0.708,0.524,0.580346017
0.222,0.066,1.0,0.65,0.601176912
0.028,0.0,0.714,0.334,0.446150854
0.355,0.381,0.84,0.885,0.309274163
0.318,0.731,0.408,1.0,0.013837924
0.09,0.526,0.187,0.967,0.00743186
0.441,0.65,0.886,1.0,0.23459068
0.378,0.0,0.578,0.246,0.167951781
0.0,0.0,0.755,0.859,0.816719792
0.111,0.112,1.0,0.183,0.108624262
0.482,0.138,0.623,0.329,0.109973632
0.254,0.48,0.471,0.795,0.030364261
0.453,0.39,0.671,0.655,0.102806827
0.198,0.359,0.309,0.373,0.000521504
0.205,0.153,0.921,0.347,0.250593792
0.159,0.707,0.821,1.0,0.251612703
0.334,0.325,0.499,0.417,0.021646713
0.0,0.0,0.683,0.336,0.413907114
0.086,0.748,0.977,0.88,0.100813753
0.13,0.255,0.753,0.49,0.219654672
0.03,0.0,1.0,0.299,0.439169931
0.1,0.015,0.727,0.773,0.704870123
0.064,0.0,0.917,0.42,0.561268958
0.298,0.568,0.834,1.0,0.305183025
0.301,0.294,0.976,0.836,0.369271203
0.007,0.37,0.695,0.414,0.035923527
0.513,0.0,0.816,0.241,0.231826537
0.441,0.36,0.75,1.0,0.381942197
0.312,0.041,0.447,0.209,0.04270824
0.146,0.0,1.0,0.791,0.78233496
0.34,0.0,0.455,0.716,0.107970231
0.339,0.268,0.489,0.52,0.04700075
0.129,0.165,0.507,0.504,0.11684096
0.374,0.245,0.595,0.643,0.158306541
0.344,0.0,0.805,0.594,0.626078291
0.406,0.192,0.438,0.53,0.016328406
0.426,0.216,0.454,0.273,0.003960331
0.002,0.664,0.353,0.723,0.002545558
0.551,0.709,0.898,0.79,0.031135329
0.143,0.009,0.728,0.429,0.516755248
0.396,0.909,0.842,0.975,0.06105898
0.195,0.007,0.944,0.243,0.345889586
0.392,0.58,0.535,1.0,0.07024984
0.292,0.226,0.899,0.547,0.291685886
0.094,0.0,0.797,0.548,0.644737114
0.287,0.0,0.938,0.408,0.524846303
0.138,0.003,0.513,0.436,0.192510654
0.426,0.0,0.602,0.396,0.247865793
0.0,0.498,0.849,1.0,0.380327773
0.198,0.0,0.948,0.26,0.382744246
0.602,0.608,0.623,0.781,0.005989549
0.068,0.189,0.911,0.434,0.279267898
0.497,0.86,0.63,0.89,0.011836244
0.477,0.546,0.61,0.888,0.083497415
0.156,0.352,1.0,0.575,0.168342478
0.499,0.154,0.67,0.991,0.381226205
0.33,0.067,0.39,0.666,0.03642954
0.247,0.041,0.78,0.797,0.702432996
0.249,0.85,0.739,1.0,0.144799075
0.189,0.557,0.779,1.0,0.326530261
0.167,0.037,1.0,0.29,0.367618913
0.04,0.036,0.814,0.615,0.636818172
0.18,-0.0,0.92,0.217,0.327144706
0.181,0.838,0.821,1.0,0.167616159
0.142,0.73,0.816,0.986,0.225917881
0.236,0.43,0.847,0.682,0.155446015
0.144,0.117,1.0,0.195,0.121105932
0.0,0.047,0.943,1.0,0.931168375
0.003,0.07,0.848,0.625,0.592443874
0.344,0.0,0.582,0.87,0.396131233
0.217,0.0,0.706,0.321,0.41377975
0.306,0.703,0.86,1.0,0.233012399
0.292,0.0,0.801,0.403,0.517307732
0.336,0.544,0.68,0.718,0.073223961
0.028,0.123,0.775,0.538,0.452219575
0.038,0.107,0.515,0.227,0.067609619
0.315,0.346,0.935,0.826,0.305630521
0.227,0.0,0.725,0.5,0.570563086
0.346,0.0,0.751,0.481,0.54167728
0.266,0.494,0.835,1.0,0.359911671
0.183,0.262,0.92,0.293,0.037510413
0.0,0.0,0.969,0.441,0.578199762
0.055,0.0,0.878,0.539,0.645737093
0.045,0.714,0.597,0.844,0.043670354
0.345,0.0,0.762,0.457,0.531202454
0.253,0.056,0.304,0.554,0.010485153
0.348,0.697,0.732,1.0,0.214863032
0.156,0.331,0.928,0.781,0.304640868
0.033,0.032,0.888,0.041,0.011457595
0.121,0.825,0.542,0.963,0.056522068
0.25,0.32,0.42,0.518,0.020822289
0.13,0.0,0.628,0.103,0.109011518
0.032,0.476,1.0,1.0,0.395601124
0.344,0.0,0.394,0.457,0.031190406
0.402,0.373,0.73,0.543,0.105376481
0.251,0.314,0.82,0.888,0.396515046
0.441,0.584,0.918,0.676,0.042648
0.15,0.0,1.0,0.508,0.618940745
0.399,0.0,0.525,0.389,0.132732198
0.195,0.174,1.0,0.349,0.22406594
0.422,0.458,0.72,0.909,0.231540829
0.0,0.079,0.955,0.671,0.602262948
0.406,0.397,0.757,0.926,0.309515122
0.276,0.132,0.778,0.668,0.491447681
0.455,0.0,0.92,0.333,0.368233358
0.054,0.819,0.955,0.845,0.022061506
0.495,0.0,0.702,0.415,0.332111901
0.0,0.0,0.645,0.506,0.465523948
0.153,0.101,0.533,0.377,0.148792108
0.206,0.021,0.465,0.357,0.10757437
0.001,0.533,0.321,0.72,0.005258067
0.388,0.0,0.667,0.795,0.537859803
0.14,0.11,0.534,0.285,0.104278397
0.22,0.0,0.816,0.416,0.541315842
0.12,0.104,1.0,0.396,0.380300235
0.417,0.0,0.574,0.494,0.233387606
0.281,0.0,0.822,0.663,0.68507363
0.0,0.716,0.891,0.762,0.027551927
0.203,0.017,0.915,0.505,0.583483646
0.228,0.241,0.536,0.871,0.16329439
0.0,0.297,0.887,0.614,0.256103144
0.28,0.001,0.841,0.365,0.479236229
0.417,0.307,0.81,0.874,0.347330176
0.11,0.167,0.735,0.511,0.347051352
0.109,0.0,0.65,0.376,0.399823067
0.083,0.327,0.803,0.663,0.244628338
0.0,0.081,0.677,0.441,0.382448211
0.159,0.0,1.0,0.431,0.564119158
0.123,0.086,0.359,0.561,0.041699655
0.148,0.036,0.681,0.075,0.053129712
0.205,0.542,0.304,0.856,0.008395696
0.156,0.0,0.51,0.651,0.226818035
0.579,0.051,0.745,0.199,0.090560952
0.566,0.0,0.864,0.234,0.170132459
0.418,0.0,0.465,0.381,0.044973254
0.0,0.0,0.68,0.306,0.383468844
0.076,0.0,0.934,0.672,0.7198199
0.241,0.212,1.0,0.432,0.238323821
0.0,0.257,0.855,0.437,0.187944483
0.199,0.572,0.871,1.0,0.321416769
0.0,0.0,0.755,0.42,0.546916415
0.19,0.161,0.311,0.199,0.001991353
0.099,0.022,0.822,0.061,0.05543259
0.201,0.111,0.799,0.963,0.767366251
0.302,0.001,0.72,0.757,0.669077403
0.0,0.0,0.897,0.517,0.632744246
0.403,0.221,0.784,0.579,0.286002699
0.04,0.0,0.764,0.816,0.788358932
0.223,0.312,0.52,0.463,0.044928504
0.185,0.274,0.315,0.764,0.014846509
0.315,0.179,0.626,0.351,0.143217352
0.284,0.6,0.597,1.0,0.154568236
0.129,0.168,1.0,0.582,0.411874454
0.42,0.0,0.733,0.644,0.557265599
0.292,0.191,0.844,0.603,0.376033541
0.183,0.0,0.553,0.308,0.205477684
0.431,0.0,0.666,0.514,0.393577069
0.285,0.0,0.453,0.319,0.082327043
0.32,0.068,0.784,0.2,0.194276538
0.084,0.507,0.351,0.939,0.031804851
0.364,0.035,0.719,0.053,0.024355779
0.433,0.188,0.573,0.812,0.173037734
0.434,0.0,0.622,0.353,0.251366581
0.492,0.001,0.981,0.14,0.143461753
