0.616,0.56,0.64,0.723,0.000119021
0.182,0.85,0.892,0.952,3.0358e-05
0.685,0.463,0.843,0.533,0.000161908
0.302,0.249,0.467,1.0,0.070247617
0.643,0.119,0.788,0.598,0.000764724
0.582,0.486,0.687,0.669,0.001209488
0.183,0.836,0.693,0.974,4.4332e-05
0.0,0.095,0.842,0.809,0.987364951
0.213,0.0,0.36,0.937,0.183034503
0.103,0.044,0.835,0.554,0.778827125
0.195,0.131,0.447,0.478,0.184389515
0.18,0.147,0.424,0.689,0.387638362
0.06,0.338,0.646,0.498,0.733321479
0.139,0.381,0.631,0.883,0.475061667
0.057,0.0,0.645,0.928,0.986515418
0.534,0.544,0.544,0.721,0.000190338
0.0,0.099,0.566,0.828,0.98421691
0.0,0.28,0.416,0.557,0.916674015
0.363,0.231,0.775,0.944,0.044114012
0.647,0.524,0.791,0.703,0.000385976
0.017,0.124,0.56,0.787,0.983783229
0.036,0.194,0.878,0.418,0.0
0.112,0.284,0.321,0.378,0.0
0.332,0.221,0.397,0.823,0.031210562
0.189,0.328,0.87,0.829,0.380189172
0.269,0.032,0.695,0.805,0.119361005
0.597,0.141,0.811,0.875,0.001884102
0.442,0.364,0.676,0.601,0.013510121
0.212,0.463,0.596,0.565,0.10959114
0.0,0.337,0.389,0.649,0.952512433
0.465,0.723,0.601,0.773,5.0596e-05
0.3,0.693,0.41,0.823,0.000346945
0.05,0.026,0.828,0.631,0.98041642
0.064,0.384,0.639,0.452,0.395261507
0.311,0.538,0.635,0.814,0.018498896
0.148,0.148,0.405,0.739,0.432252553
0.027,0.597,0.582,0.622,0.007681451
0.0,0.04,0.445,0.984,0.972195278
0.138,0.802,0.824,0.845,7.1316e-05
0.328,0.499,0.466,0.648,0.019969556
0.134,0.02,0.882,0.069,0.0
0.336,0.022,0.38,0.875,0.020900042
0.0,0.349,0.646,0.488,0.690930626
0.0,0.18,0.508,0.821,0.98025114
0.039,0.394,0.689,0.443,0.294710202
0.432,0.1,0.537,0.736,0.012818641
0.002,0.083,0.566,0.535,0.896208136
0.138,0.216,0.445,0.723,0.462682971
0.0,0.221,0.829,0.749,0.987012705
0.371,0.305,0.671,0.938,0.040004163
0.096,0.17,0.75,0.872,0.949789882
0.153,0.289,0.927,0.468,0.244518395
0.116,0.226,0.565,0.72,0.586720019
0.054,0.346,0.494,0.491,0.696834949
0.177,0.036,0.948,0.331,0.0
0.068,0.123,0.656,0.714,0.985746839
0.219,0.207,0.319,0.676,0.139896755
0.131,0.156,0.218,0.821,0.286104048
0.404,0.767,0.661,0.85,5.3005e-05
0.107,0.422,0.317,0.525,0.492761626
0.089,0.312,0.83,0.483,0.673315957
0.125,0.155,0.448,0.89,0.504988052
0.698,0.14,0.91,0.54,0.000261172
0.022,0.216,0.209,0.703,0.74220278
0.318,0.282,0.457,0.989,0.055336226
0.848,0.024,0.96,0.579,1.4456e-05
0.281,0.07,0.935,0.964,0.105076523
0.035,0.429,0.689,0.452,0.163341058
0.303,0.823,0.711,0.855,2.072e-05
0.256,0.132,0.688,0.644,0.131461663
0.262,0.15,0.769,0.702,0.127048238
0.273,0.418,0.619,0.869,0.113863378
0.0,0.2,0.644,0.787,0.986354474
0.089,0.199,0.818,0.638,0.981173916
0.187,0.325,0.409,0.761,0.366268018
0.0,0.0,0.638,0.934,0.998949529
0.43,0.186,0.45,0.942,0.003847231
0.412,0.523,0.941,0.751,0.009028271
0.734,0.044,0.822,0.96,0.000200457
0.0,0.15,0.578,0.77,0.984623124
0.131,0.315,0.592,0.583,0.47277135
0.459,0.121,0.849,0.814,0.012977657
0.857,0.113,0.871,0.396,0.0
0.0,0.389,0.454,0.61,0.962749228
0.746,0.26,0.802,0.784,0.000109384
0.098,0.205,0.47,0.713,0.923743976
0.221,0.187,0.823,0.885,0.202859499
0.28,0.12,0.551,0.229,0.0
0.728,0.015,0.988,0.916,0.000266955
0.32,0.043,0.777,0.158,0.0
0.486,0.598,0.949,0.716,0.001113596
0.0,0.24,0.584,0.894,0.985087163
0.052,0.258,0.509,0.642,0.975509081
0.052,0.351,0.914,0.652,0.98342231
0.232,0.32,0.275,0.48,0.033127913
0.631,0.317,0.816,0.426,8.9627e-05
0.03,0.097,0.705,0.865,0.987037281
0.197,0.033,0.3,0.199,0.0
0.115,0.219,0.443,0.751,0.589478711
0.465,0.842,0.988,0.888,2.409e-06
0.005,0.313,0.7,0.651,0.98282624
0.456,0.576,0.697,0.675,0.002136119
0.08,0.16,0.151,0.876,0.534898054
0.058,0.302,0.238,0.684,0.823200381
0.354,0.203,0.901,0.718,0.048015212
0.134,0.194,0.768,0.756,0.488074501
0.036,0.306,0.734,0.958,0.98724352
0.376,0.223,0.422,0.826,0.018071479
0.217,0.33,0.509,0.506,0.139674614
0.0,0.026,0.873,0.972,0.987465179
0.177,0.242,0.377,0.594,0.364048054
0.297,0.489,0.573,0.63,0.037302332
0.501,0.654,0.55,0.808,0.000139742
0.0,0.372,0.766,0.589,0.966595013
0.759,0.622,0.939,0.911,2.0238e-05
0.071,0.192,0.651,0.645,0.981688551
0.0,0.315,0.566,0.522,0.861553184
0.173,0.409,0.549,0.427,0.081424054
0.117,0.505,0.403,0.533,0.072473845
0.269,0.129,0.554,0.913,0.116024554
0.0,0.453,0.731,0.618,0.572233634
0.318,0.14,0.999,0.553,0.054580657
0.0,0.448,0.566,0.495,0.368522676
0.416,0.823,0.86,1.0,1.3974e-05
0.138,0.34,0.249,0.964,0.333402722
0.234,0.325,0.677,0.435,0.027024579
0.0,0.007,0.313,0.83,0.914940738
0.171,0.293,0.841,0.581,0.399313531
0.121,0.192,0.611,0.645,0.536865037
0.236,0.419,0.317,0.474,0.033045514
0.273,0.022,0.347,0.166,0.0
0.0,0.337,0.611,0.559,0.935984376
0.267,0.054,0.306,0.832,0.043699124
0.083,0.157,0.18,0.786,0.578919547
0.409,0.177,0.937,0.748,0.02375848
0.153,0.638,0.813,0.838,0.005597855
0.925,0.349,0.944,0.788,9.64e-07
0.022,0.069,0.577,0.311,0.0
0.092,0.437,0.991,0.808,0.7552532
0.0,0.086,0.603,0.801,0.985624445
0.0,0.233,0.976,0.603,0.973016862
0.288,0.303,0.429,0.592,0.072464208
0.414,0.161,0.968,0.824,0.022220841
0.0,0.47,0.49,0.671,0.380149658
0.0,0.175,0.46,0.661,0.97186809
0.651,0.07,0.654,0.749,3.9995e-05
0.212,0.064,0.736,0.198,0.0
0.069,0.466,0.151,0.474,0.050120973
0.011,0.313,0.856,0.678,0.985362309
0.675,0.534,0.827,0.661,0.000242861
0.0,0.205,0.593,0.632,0.978709645
0.219,0.281,0.237,0.649,0.042819716
0.203,0.309,0.521,0.639,0.26785235
0.0,0.275,0.363,0.645,0.939809441
0.132,0.186,0.603,0.777,0.492111587
0.238,0.422,0.886,0.484,0.060006004
0.209,0.156,0.592,0.369,0.0
0.0,0.217,0.5,0.718,0.97877277
0.06,0.071,0.484,0.806,0.97769435
0.093,0.527,0.488,0.664,0.101269287
0.243,0.313,0.479,0.586,0.133325045
0.164,0.265,0.728,0.666,0.426426774
0.228,0.064,0.493,0.84,0.176442555
0.211,0.069,1.0,0.635,0.231139342
0.337,0.382,0.37,0.454,0.004768561
0.433,0.263,0.658,0.325,0.0
0.005,0.05,0.764,0.47,0.598762853
0.189,0.472,0.407,0.522,0.092656387
0.548,0.622,0.609,0.668,0.000122394
0.406,0.318,0.577,0.541,0.015393741
0.229,0.293,0.493,0.668,0.172296566
0.052,0.431,0.207,0.656,0.540124871
0.789,0.563,0.828,0.836,1.8793e-05
0.653,0.254,0.737,0.287,0.0
0.0,0.253,0.41,0.69,0.96271357
0.098,0.067,0.277,0.747,0.825501781
0.149,0.0,0.416,0.903,0.434404573
0.232,0.453,0.511,0.748,0.113800253
0.05,0.922,0.11,0.975,0.0
0.0,0.426,0.767,0.541,0.675531102
0.082,0.073,0.116,0.211,0.0
0.104,0.0,0.333,0.956,0.756412091
0.197,0.212,0.534,0.755,0.317251485
0.013,0.003,0.865,0.498,0.733679989
0.0,0.408,0.713,0.428,0.232015377
0.0,0.011,0.228,0.93,0.802335998
0.0,0.265,0.825,0.714,0.98653132
0.197,0.293,0.322,0.763,0.256716872
0.008,0.116,0.548,0.721,0.98247014
0.17,0.03,0.192,0.861,0.059719775
0.701,0.043,0.949,0.792,0.000444282
0.247,0.203,0.448,0.7,0.13273283
0.535,0.38,0.902,0.438,0.000558003
0.504,0.088,0.855,0.85,0.007533999
0.211,0.023,0.482,0.88,0.226286454
0.0,0.357,0.559,0.539,0.902778882
0.399,0.633,0.609,0.839,0.001346338
0.583,0.54,0.73,0.816,0.000831703
0.0,0.0,0.546,0.906,0.995604886
0.43,0.0,0.466,0.898,0.006281144
0.497,0.06,0.567,0.391,0.0
0.0,0.0,0.808,0.888,0.999944585
0.226,0.26,0.52,1.0,0.18375875
0.492,0.198,0.818,0.535,0.005554006
0.331,0.174,0.904,0.357,0.0
0.163,0.289,0.321,0.794,0.364664362
0.062,0.297,0.939,0.332,0.0
0.15,0.243,0.446,0.844,0.439255052
0.576,0.103,0.64,0.767,0.001676417
0.888,0.52,0.947,0.898,2.409e-06
0.528,0.137,0.656,0.31,0.0
0.429,0.801,0.439,0.869,9.64e-07
0.91,0.458,0.939,0.636,1.927e-06
0.226,0.006,0.468,0.896,0.178206672
0.027,0.304,0.831,0.602,0.972664135
0.543,0.468,0.782,0.698,0.003138885
0.525,0.05,0.909,0.554,0.004121895
0.226,0.525,0.884,0.569,0.025872915
0.197,0.297,0.699,0.879,0.322238815
0.115,0.026,0.752,0.964,0.605336972
0.102,0.159,0.829,0.844,0.859442605
0.0,0.208,0.735,0.691,0.985666367
0.06,0.001,0.847,0.874,0.987446386
0.454,0.824,0.78,0.895,6.264e-06
0.212,0.221,0.45,0.745,0.217584408
0.295,0.125,0.826,0.871,0.089065991
0.255,0.359,0.433,0.478,0.060534131
0.0,0.452,0.494,0.665,0.582664622
0.227,0.39,0.881,0.9,0.187506716
0.18,0.208,0.793,0.229,0.0
0.23,0.002,0.49,0.499,0.106323596
0.69,0.144,0.84,0.274,0.0
0.0,0.161,0.463,0.777,0.974890845
0.648,0.306,0.746,0.73,0.000762796
0.042,0.366,0.531,0.606,0.96940912
0.1,0.318,0.622,0.647,0.904130039
0.449,0.014,0.739,0.605,0.012833097
0.139,0.206,0.4,0.676,0.447561967
0.246,0.064,0.352,0.102,0.0
0.716,0.652,0.909,0.883,2.0238e-05
0.147,0.108,0.382,0.917,0.424912746
0.176,0.179,0.876,0.82,0.413776786
0.531,0.158,0.746,0.697,0.005129962
0.207,0.558,0.69,0.619,0.022811611
0.442,0.252,0.963,0.441,0.002271042
0.204,0.121,0.714,0.881,0.271501051
0.342,0.0,0.362,0.883,0.00935835
0.0,0.18,0.47,0.744,0.9756069
0.107,0.0,0.605,0.909,0.760812988
0.0,0.358,0.629,0.643,0.981210538
0.554,0.151,0.786,0.473,0.001125643
0.681,0.25,0.967,0.805,0.000581132
0.0,0.247,0.637,0.768,0.986160282
0.289,0.005,0.357,0.874,0.04857996
0.241,0.197,0.349,0.717,0.107530193
0.0,0.012,0.942,0.825,0.987417474
0.001,0.837,0.267,0.859,9.155e-06
0.085,0.154,0.64,0.799,0.986348692
0.563,0.182,0.583,0.522,0.000530054
0.0,0.142,0.735,0.739,0.986702383
0.606,0.053,0.921,0.174,0.0
0.111,0.442,0.748,0.551,0.454465684
0.232,0.483,0.433,0.943,0.073206766
0.0,0.208,0.663,0.681,0.984778767
0.0,0.275,0.722,0.896,0.98716883
0.37,0.152,0.49,1.0,0.03212852
0.0,0.021,0.725,0.51,0.802780761
0.202,0.378,0.365,0.551,0.214658026
0.19,0.386,0.536,0.584,0.352364693
0.019,0.439,0.576,0.556,0.679626977
0.251,0.0,0.325,0.984,0.078461532
0.341,0.049,0.528,0.764,0.048880646
0.245,0.526,0.427,0.754,0.031596538
0.633,0.548,0.934,0.65,0.000328152
0.257,0.586,0.513,0.868,0.010739382
0.651,0.276,0.702,0.902,0.000454401
0.095,0.382,0.364,0.505,0.719924597
0.397,0.112,0.54,0.989,0.023353712
0.0,0.43,0.679,0.585,0.732335096
0.117,0.622,0.838,0.82,0.00889142
0.093,0.113,0.997,0.247,0.0
0.027,0.267,0.46,0.825,0.974593533
0.169,0.645,0.947,0.66,0.001537158
0.442,0.222,0.864,0.682,0.015545048
0.014,0.245,0.279,0.668,0.878807898
0.423,0.587,0.578,0.598,0.000529091
0.129,0.343,0.821,0.567,0.469535128
0.0,0.155,0.259,0.878,0.855948583
0.28,0.1,0.281,0.737,0.001224425
0.177,0.318,0.343,0.72,0.358681977
0.335,0.018,0.886,0.869,0.057609195
0.623,0.115,0.791,0.929,0.001209969
0.472,0.034,0.655,0.721,0.010279199
0.221,0.175,0.472,0.727,0.191226252
0.0,0.436,0.582,0.611,0.741720431
0.621,0.744,0.773,0.835,3.373e-06
0.179,0.17,0.369,0.667,0.366790362
0.0,0.0,0.302,0.84,0.917873865
0.095,0.045,0.476,0.856,0.950036116
0.0,0.346,0.438,0.491,0.693107222
0.069,0.0,0.455,0.861,0.973797006
0.564,0.59,0.929,0.952,0.000555593
0.144,0.268,0.666,0.934,0.465032557
0.373,0.99,0.521,0.99,0.0
0.294,0.332,0.422,0.563,0.060601111
0.0,0.336,0.484,0.805,0.977691459
0.0,0.144,0.583,0.692,0.983551451
0.041,0.209,0.668,0.627,0.979000693
0.0,0.036,0.649,0.958,0.986561677
0.0,0.262,0.55,0.574,0.952713854
0.0,0.429,0.583,0.607,0.7405307
-0.0,0.337,0.747,0.545,0.913882556
0.2,0.373,0.348,0.514,0.193167214
0.176,0.161,0.203,0.91,0.135538745
0.335,0.753,0.832,0.759,2.1202e-05
0.0,0.464,0.702,0.466,0.01870128
0.226,0.005,0.509,0.832,0.182832119
0.0,0.132,0.521,0.705,0.980332575
0.084,0.189,0.39,0.203,0.0
0.0,0.362,0.623,0.474,0.629452035
0.071,0.401,0.731,0.636,0.981089107
0.0,0.359,0.728,0.536,0.899420265
0.244,0.053,0.456,0.784,0.139767615
0.095,0.394,0.765,0.717,0.959777069
0.268,0.201,0.462,0.766,0.10834744
0.069,0.572,0.504,0.71,0.030682917
0.721,0.784,0.782,0.937,0.0
0.108,0.038,0.459,0.733,0.726299223
0.339,0.042,0.57,0.795,0.052475378
0.217,0.032,0.483,0.805,0.204731072
0.234,0.376,0.796,0.654,0.168591487
0.427,0.321,0.54,0.918,0.014156305
0.137,0.24,0.748,0.555,0.435815963
0.3,0.531,0.85,0.852,0.022848232
0.197,0.211,0.282,0.568,0.20800729
0.206,0.202,0.221,0.739,0.057426567
0.225,0.118,0.421,0.758,0.171784341
0.0,0.103,0.708,0.78,0.98689513
0.0,0.039,0.462,0.88,0.974921203
0.656,0.36,0.851,0.745,0.000805201
0.0,0.236,0.542,0.805,0.982754924
0.342,0.404,0.381,0.475,0.008770953
0.0,0.368,0.853,0.469,0.59089251
0.053,0.368,0.637,0.536,0.898946589
0.027,0.349,0.306,0.36,0.0
0.0,0.164,0.523,0.885,0.981543509
0.293,0.066,0.725,0.467,0.036040321
0.058,0.484,0.092,0.949,0.0
0.0,0.432,0.785,0.471,0.37412005
0.182,0.26,0.523,0.908,0.398472191
0.197,0.444,0.856,0.813,0.246934961
0.075,0.454,0.139,0.494,0.174083331
0.037,0.297,0.146,0.697,0.525549823
0.031,0.566,0.279,0.876,0.025511996
0.408,0.253,0.571,0.752,0.021153504
0.132,0.191,0.163,0.851,0.062777706
0.0,0.022,0.708,0.888,0.987069084
0.008,0.888,0.492,0.941,6.746e-06
0.038,0.087,0.222,0.829,0.787319077
0.059,0.512,0.401,0.668,0.160446961
0.236,0.589,0.439,0.84,0.010460863
0.177,0.348,0.952,0.384,0.0
0.092,0.2,0.098,0.927,0.040172335
0.166,0.159,0.647,0.748,0.425059715
0.0,0.402,0.83,0.435,0.232041398
0.0,0.065,0.583,0.771,0.984831773
0.039,0.268,0.666,0.569,0.94990553
0.08,0.015,0.631,0.884,0.986323153
0.346,0.269,0.908,0.759,0.051868707
0.1,0.229,0.24,0.458,0.348002828
0.147,0.018,0.416,0.878,0.43835396
0.031,0.243,0.229,0.447,0.290983921
0.017,0.532,0.114,0.993,0.004089128
0.175,0.329,0.557,0.554,0.374987411
0.019,0.851,0.271,0.862,3.373e-06
0.552,0.379,0.947,0.6,0.003464146
0.539,0.652,0.932,0.879,0.000212504
0.032,0.393,0.761,0.648,0.982846478
0.292,0.495,0.382,0.856,0.023602355
0.048,0.041,0.524,0.958,0.981623499
0.1,0.471,0.758,0.947,0.373470974
0.0,0.0,0.769,0.906,0.999895917
0.0,0.32,0.552,0.517,0.838837466
0.062,0.263,0.702,0.982,0.987040172
0.537,0.132,0.602,1.0,0.00320201
0.0,0.067,0.693,0.846,0.986949099
0.0,0.452,0.4,0.482,0.266879941
0.206,0.116,0.764,0.736,0.259767094
0.255,0.41,0.938,0.935,0.136699082
0.147,0.148,0.499,0.163,0.0
0.141,0.163,0.597,0.801,0.469713419
0.195,0.048,0.644,0.309,0.0
0.757,0.254,0.931,0.544,6.7943e-05
0.417,0.318,0.816,0.464,0.006395346
0.688,0.009,0.864,0.582,0.000388385
0.0,0.274,0.626,0.62,0.976830362
0.0,0.279,0.565,0.654,0.980520504
0.121,0.03,0.173,0.868,0.125746714
0.191,0.216,0.55,0.666,0.361248403
0.179,0.138,0.359,0.745,0.363724239
0.0,0.295,0.356,0.614,0.93212558
0.638,0.118,0.98,0.32,0.0
0.04,0.251,0.135,0.99,0.5014603
0.087,0.301,0.643,0.517,0.840454131
0.243,0.46,0.474,0.505,0.038986941
0.199,0.313,0.36,0.523,0.213186884
0.236,0.0,0.526,0.925,0.161892564
0.216,0.046,0.431,0.79,0.199500882
0.705,0.503,0.912,0.598,0.000165762
0.085,0.248,0.619,0.652,0.982145361
0.106,0.653,0.703,0.811,0.003843858
0.0,0.13,0.359,0.902,0.941444899
0.0,0.139,0.896,0.865,0.98745506
0.137,0.25,0.431,0.586,0.444764244
0.0,0.527,0.74,0.535,0.018273382
0.279,0.317,0.855,0.462,0.040613244
0.08,0.21,0.834,0.359,0.0
0.37,0.35,0.49,0.635,0.03090554
0.361,0.281,0.989,0.56,0.036580976
0.214,0.023,0.332,0.965,0.165037713
0.0,0.042,0.846,0.858,0.987435785
0.0,0.121,0.779,0.716,0.986516864
0.074,0.234,0.709,0.694,0.985624927
0.338,0.26,0.962,0.607,0.051904365
0.334,0.272,0.524,0.634,0.050305046
0.399,0.112,0.63,0.874,0.026157217
0.343,0.383,0.575,0.579,0.044189183
0.0,0.137,0.626,0.775,0.986048488
0.34,0.723,0.723,0.936,0.000260208
0.025,0.435,0.365,0.663,0.715826314
0.033,0.299,0.497,0.449,0.355861606
0.096,0.257,0.455,0.928,0.936281206
0.073,0.006,0.35,0.185,0.0
0.296,0.437,0.319,0.821,0.016622504
0.0,0.281,0.631,0.741,0.985809964
0.0,0.02,0.679,0.897,0.986877782
0.0,0.166,0.412,0.775,0.964494552
0.041,0.421,0.089,0.819,0.0
0.285,0.323,0.361,0.514,0.038636141
0.0,0.143,0.763,0.693,0.985877907
0.148,0.216,0.42,0.66,0.434649844
0.0,0.183,0.491,0.741,0.978096228
0.359,0.103,0.382,0.803,0.010894062
0.0,0.346,0.447,0.6,0.958526622
0.059,0.435,0.522,0.55,0.686239645
0.519,0.173,0.762,0.567,0.004705919
0.032,0.277,0.465,0.559,0.927941524
0.0,0.0,0.585,0.923,0.997641258
0.0,0.58,0.782,0.698,0.024530914
0.078,0.19,0.824,0.72,0.986643595
0.027,0.55,0.444,0.69,0.059853734
0.0,0.258,0.448,0.665,0.970304911
0.21,0.403,0.424,0.6,0.211502275
0.0,0.086,0.353,0.827,0.938681389
0.15,0.461,0.406,0.986,0.217483215
0.721,0.274,0.832,0.506,0.000118058
0.0,0.346,0.845,0.562,0.941118193
0.202,0.794,0.314,0.934,6.3125e-05
0.882,0.008,0.911,0.825,5.782e-06
0.15,0.363,0.426,0.592,0.420288745
0.022,0.311,0.32,0.516,0.793191597
0.678,0.013,0.912,0.041,0.0
0.22,0.057,0.78,0.419,0.032479801
0.306,0.244,0.716,0.763,0.077945452
0.096,0.023,0.224,0.998,0.754985763
0.425,0.635,0.645,0.814,0.001073601
0.061,0.21,0.664,0.681,0.984793223
0.0,0.225,0.62,0.663,0.983177521
0.0,0.0,0.772,0.94,0.99990459
0.012,0.141,0.552,0.754,0.98312307
0.32,0.343,0.914,0.614,0.063057671
0.0,0.145,0.786,0.804,0.987306163
0.08,0.0,0.477,0.918,0.976905051
0.256,0.118,0.392,0.164,0.0
0.761,0.459,0.819,0.886,5.6379e-05
0.003,0.005,0.556,0.881,0.983708058
0.203,0.01,0.379,0.207,0.0
0.003,0.62,0.126,0.746,2.5057e-05
0.316,0.419,0.453,0.792,0.048063398
0.003,0.067,0.826,0.526,0.877431684
0.119,0.778,0.474,0.895,0.00017299
0.113,0.667,0.956,0.699,0.001399343
0.114,0.181,0.388,0.712,0.589122129
0.288,0.033,0.432,0.803,0.078740533
0.081,0.023,0.484,0.882,0.977772413
0.092,0.277,0.461,0.609,0.952223313
0.772,0.366,0.993,0.765,9.2519e-05
0.309,0.404,0.955,0.953,0.075855592
0.152,0.221,1.0,0.616,0.441010977
0.228,0.021,0.674,0.929,0.1845095
0.359,0.346,0.682,0.548,0.034993704
0.289,0.319,0.447,0.66,0.07934865
0.26,0.0,0.502,0.942,0.122592409
0.412,0.402,0.639,0.852,0.021779932
0.39,0.008,0.821,0.682,0.030696409
0.287,0.132,0.456,0.863,0.084349953
0.469,0.014,0.918,0.34,0.0
0.667,0.167,0.979,0.655,0.000654376
0.092,0.32,0.601,0.467,0.562942264
0.956,0.602,0.976,0.949,9.64e-07
0.168,0.111,0.381,0.772,0.387798824
0.026,0.07,0.04,0.671,0.0
0.806,0.452,0.868,0.665,2.1202e-05
0.429,0.701,0.926,0.998,0.000228405
0.027,0.34,0.293,0.835,0.896308364
0.391,0.543,0.547,0.942,0.007435217
0.204,0.027,0.49,0.81,0.262788886
0.053,0.01,0.497,0.885,0.979233435
0.0,0.0,0.484,0.85,0.990269648
0.007,0.313,0.617,0.599,0.970159869
0.263,0.461,0.583,0.591,0.066992602
0.144,0.25,1.0,0.748,0.465286983
0.424,0.326,0.579,0.878,0.017098589
0.0,0.288,0.837,0.664,0.984508922
0.342,0.116,0.989,0.641,0.052048925
0.0,0.141,0.712,0.805,0.98700355
0.207,0.381,0.339,0.517,0.152612758
0.618,0.474,0.872,0.917,0.000996502
0.0,0.27,0.686,0.611,0.975221406
0.076,0.444,0.217,0.853,0.518888486
0.094,0.015,0.225,0.579,0.764645762
0.198,0.966,0.571,0.987,0.0
0.0,0.339,0.656,0.537,0.900516996
0.095,0.286,0.533,0.906,0.955520251
0.0,0.0,0.745,0.895,0.999828937
0.078,0.0,0.332,0.848,0.928116442
0.288,0.011,0.625,0.015,0.0
0.127,0.035,0.291,0.873,0.418162263
0.383,0.328,0.659,0.4,0.0
0.615,0.33,0.661,0.352,0.0
0.023,0.361,0.711,0.602,0.972374533
0.112,0.0,0.59,0.909,0.647679639
0.274,0.645,0.309,0.982,0.000718465
0.156,0.12,0.817,0.897,0.443620772
0.206,0.219,0.496,0.618,0.245035439
0.107,0.243,0.764,0.469,0.404536976
0.0,0.404,0.721,0.482,0.666619926
0.0,0.222,0.518,0.674,0.978995875
0.25,0.055,0.632,0.582,0.129287477
0.0,0.229,0.746,0.671,0.984830327
0.44,0.257,0.645,0.794,0.01526701
0.378,0.27,0.989,0.76,0.037106694
0.575,0.247,0.872,0.51,0.001252374
0.152,0.131,0.366,1.0,0.407841142
0.156,0.237,0.281,0.254,0.0
0.002,0.516,0.632,0.972,0.150265581
0.252,0.678,0.295,0.878,0.000462111
0.0,0.396,0.637,0.614,0.975486915
0.017,0.138,0.89,0.699,0.986179556
0.612,0.7,0.853,0.995,3.0358e-05
0.0,0.361,0.578,0.572,0.952284992
0.274,0.474,0.99,0.52,0.028542461
0.527,0.283,0.527,0.973,0.0
0.0,0.0,0.555,0.904,0.996172044
0.0,0.208,0.257,0.722,0.85318459
0.135,0.182,0.517,0.867,0.479620134
0.024,0.325,0.827,0.946,0.987444459
0.587,0.322,0.656,0.668,0.00140368
0.163,0.789,0.791,0.948,0.000145524
0.321,0.744,0.981,0.958,0.000174918
0.339,0.285,0.369,0.707,0.013852247
0.229,0.399,0.7,0.705,0.181449641
0.0,0.194,0.534,0.7,0.981121874
0.533,0.36,0.971,0.418,0.0
0.736,0.797,0.963,0.802,0.0
0.323,0.642,0.903,0.961,0.00214672
0.008,0.121,0.546,0.819,0.983021878
0.081,0.3,0.091,0.619,0.007141277
0.196,0.243,0.595,0.593,0.316348465
0.073,0.43,0.741,0.709,0.754258143
0.087,0.265,0.726,0.821,0.987133654
0.167,0.385,0.734,0.566,0.394791686
0.343,0.141,0.601,0.974,0.051679333
0.133,0.283,0.157,0.989,0.049173139
0.0,0.213,0.816,0.869,0.987422775
0.563,0.001,0.623,0.273,0.0
0.169,0.126,0.466,0.71,0.409426968
0.08,0.039,0.162,0.672,0.554432965
0.0,0.311,0.544,0.806,0.982879245
0.071,0.273,0.699,0.99,0.987020897
0.486,0.425,0.666,0.587,0.00644016
0.0,0.051,0.73,1.0,0.987225209
0.855,0.881,0.88,0.966,0.0
0.0,0.013,0.782,0.935,0.987399163
0.19,0.369,0.348,0.514,0.263890917
0.238,0.33,0.946,0.876,0.163808951
0.082,0.632,0.711,0.891,0.006832882
0.0,0.14,0.75,0.821,0.987269541
0.353,0.064,0.772,0.123,0.0
0.307,0.23,0.744,1.0,0.077380703
0.052,0.103,0.525,0.847,0.981677468
0.0,0.0,0.691,0.924,0.99948922
0.493,0.493,0.871,0.768,0.005070692
0.0,0.372,0.795,0.512,0.813172717
0.401,0.038,0.994,0.125,0.0
0.296,0.256,0.606,0.695,0.08561341
0.361,0.241,0.897,0.42,0.006132728
0.0,0.0,0.625,0.897,0.998752445
0.506,0.147,0.67,0.964,0.006690249
0.0,0.139,0.599,0.756,0.985259189
0.345,0.646,0.58,0.975,0.001539085
0.029,0.325,0.779,0.537,0.900948267
0.76,0.316,0.772,0.472,9.155e-06
0.0,0.498,0.742,0.509,0.064106697
0.361,0.065,0.562,0.856,0.041634321
0.091,0.767,0.771,0.775,5.4451e-05
0.43,0.715,0.51,0.753,6.0233e-05
0.034,0.17,0.645,0.756,0.986166064
0.083,0.282,0.491,0.62,0.969744499
0.335,0.487,0.613,0.583,0.022324924
0.181,0.111,0.513,0.474,0.237716834
0.0,0.354,0.519,0.482,0.664549822
0.0,0.392,0.672,0.539,0.904658647
0.327,0.602,0.648,0.868,0.004893365
0.369,0.304,0.476,0.887,0.030895421
0.0,0.0,0.748,0.886,0.999840984
0.038,0.016,0.747,0.885,0.987317728
0.029,0.039,0.638,0.859,0.986409889
0.227,0.321,0.474,0.515,0.12648108
0.301,0.261,0.427,0.619,0.061487747
0.078,0.36,0.787,0.577,0.959020055
0.171,0.483,0.549,0.807,0.152514457
0.831,0.513,0.859,0.883,8.192e-06
0.148,0.056,1.0,0.88,0.457864295
0.38,0.864,0.79,0.95,4.819e-06
0.186,0.053,0.554,0.913,0.390090104
0.246,0.492,0.539,0.675,0.061246813
0.148,0.443,0.339,0.604,0.281164423
0.22,0.287,0.227,0.649,0.018173635
0.0,0.214,0.633,0.836,0.986316407
0.167,0.136,0.569,0.701,0.42083711
0.107,0.237,0.399,0.4,0.0
0.426,0.216,0.755,0.602,0.01687452
0.021,0.489,0.082,0.894,0.0
0.003,0.0,0.786,0.926,0.987404464
0.259,0.285,0.432,0.618,0.109261061
0.305,0.042,0.417,0.925,0.057899279
0.0,0.057,0.653,0.879,0.986601672
0.548,0.38,0.819,0.773,0.00420574
0.192,0.13,0.676,0.45,0.120427378
0.491,0.066,0.505,0.71,0.001428737
0.0,0.23,0.534,0.607,0.969856775
0.633,0.378,0.851,0.641,0.001015295
0.02,0.122,0.761,0.714,0.986451812
0.118,0.588,0.751,0.609,0.008616756
0.513,0.014,0.877,0.714,0.006630016
0.17,0.0,0.38,0.902,0.384824738
0.139,0.429,0.645,0.658,0.382326254
0.0,0.23,0.739,0.706,0.986186784
0.0,0.082,0.704,0.889,0.987043063
0.637,0.435,0.943,0.594,0.000780144
0.0,0.203,0.878,1.0,0.987468552
0.564,0.161,0.581,0.958,0.000824475
0.046,0.232,0.518,0.671,0.978842159
0.0,0.344,0.696,0.614,0.976005886
0.2,0.228,0.265,0.785,0.175382446
0.193,0.232,0.278,0.316,0.0
0.181,0.62,0.215,0.896,0.000829776
0.663,0.168,0.763,0.84,0.000627873
0.0,0.0,0.606,0.944,0.998338521
0.044,0.071,0.285,0.86,0.887261301
0.212,0.353,0.276,0.525,0.096668416
0.244,0.978,0.881,0.999,4.82e-07
0.295,0.464,0.481,0.807,0.048527919
0.272,0.496,0.848,0.801,0.048560686
0.137,0.481,0.177,0.542,0.022855942
0.094,0.429,0.102,0.809,0.05083751
0.364,0.013,0.896,0.271,0.0
0.31,0.171,0.626,0.869,0.073802354
0.772,0.853,0.912,0.962,0.0
0.0,0.017,0.653,0.876,0.986599263
0.573,0.21,0.981,0.37,0.0
0.109,0.056,0.472,0.929,0.702876605
0.0,0.2,0.793,0.708,0.986383868
0.401,0.329,0.882,0.887,0.026539338
0.231,0.0,0.495,0.91,0.169433309
0.506,0.238,0.573,0.667,0.004396078
0.0,0.0,0.705,0.895,0.999568729
0.203,0.353,0.716,0.891,0.277960486
0.0,0.244,0.848,0.716,0.986578061
0.0,0.558,0.69,0.583,0.028919282
0.299,0.565,0.588,0.873,0.012330509
0.081,0.319,0.63,0.579,0.959479275
0.158,0.327,0.895,0.41,0.0
0.248,0.209,0.461,0.627,0.129705738
0.674,0.058,0.796,0.321,0.0
0.377,0.327,0.79,0.509,0.022099892
0.049,0.441,0.812,0.471,0.337789645
0.521,0.377,0.904,0.439,0.000717019
0.0,0.288,0.739,0.623,0.978531354
0.606,0.195,0.996,0.498,0.000645703
0.217,0.338,0.302,0.499,0.08748402
0.181,0.215,0.524,0.622,0.393511846
0.194,0.315,0.454,0.922,0.333739066
0.293,0.08,0.485,0.729,0.081301177
0.0,0.376,0.642,0.461,0.497539343
0.276,0.051,0.318,0.304,0.0
0.565,0.595,0.984,0.672,0.000410069
0.228,0.512,0.338,0.847,0.036341488
0.188,0.092,0.503,0.785,0.377975472
0.826,0.552,0.844,0.894,2.409e-06
0.319,0.35,0.865,0.476,0.028822427
0.347,0.016,0.848,0.396,0.0
0.241,0.174,0.273,0.873,0.043248578
0.402,0.442,0.897,0.776,0.022027612
0.844,0.311,0.859,0.653,7.71e-06
0.46,0.907,0.589,0.959,1.446e-06
0.615,0.189,0.693,0.427,8.3363e-05
0.419,0.561,0.632,0.693,0.004420653
0.063,0.207,0.825,0.513,0.822968603
0.0,0.0,0.273,0.885,0.884763299
0.219,0.69,0.368,0.934,0.000840859
0.835,0.153,0.974,0.621,2.313e-05
0.197,0.228,0.371,0.608,0.275130478
0.012,0.3,0.846,0.606,0.974146841
0.0,0.448,0.626,0.653,0.634451411
0.752,0.148,0.788,0.474,1.9275e-05
0.11,0.0,0.357,0.943,0.64168617
0.0,0.315,0.769,0.579,0.96030375
0.182,0.062,0.528,0.775,0.398661083
0.0,0.332,0.701,0.576,0.958016807
0.41,0.928,0.475,0.991,0.0
0.327,0.143,0.941,0.805,0.062446663
0.0,0.018,0.582,0.879,0.985027411
0.663,0.225,0.909,0.401,0.0
0.512,0.039,0.822,0.641,0.006379927
0.351,0.373,0.842,0.644,0.047982926
0.215,0.591,0.823,0.7,0.012707811
0.24,0.172,0.309,0.664,0.083476809
0.165,0.239,0.556,0.597,0.409645736
0.163,0.0,0.653,0.932,0.430408445
0.0,0.003,0.698,0.834,0.98696741
0.858,0.409,0.973,0.465,4.819e-06
0.326,0.225,0.942,0.488,0.030924333
0.36,0.064,0.899,0.376,0.0
0.876,0.132,0.938,0.161,0.0
0.133,0.405,0.541,0.559,0.446261406
0.181,0.314,0.456,0.757,0.392680624
0.313,0.102,0.395,0.734,0.043488548
0.0,0.194,0.301,0.81,0.904373382
0.304,0.189,0.31,0.691,0.005190677
0.012,0.444,0.698,0.454,0.111431874
0.283,0.0,0.591,0.85,0.100497817
0.037,0.444,0.154,0.985,0.362685814
0.182,0.257,0.248,0.648,0.256829148
0.458,0.121,0.869,0.803,0.013128482
0.296,0.503,0.986,0.633,0.032280308
0.472,0.651,0.972,0.855,0.000485723
0.044,0.464,0.677,0.502,0.213051479
0.338,0.957,0.68,0.986,0.0
0.493,0.468,0.848,0.996,0.006089842
0.296,0.191,0.604,0.302,0.0
0.446,0.461,0.76,0.603,0.009120789
0.025,0.748,0.457,0.792,0.000267436
0.367,0.46,0.395,0.512,0.004298741
0.639,0.361,0.691,0.579,0.000425007
0.0,0.406,0.744,0.548,0.917801103
0.425,0.038,0.951,0.401,0.0
0.646,0.453,0.766,0.793,0.000715091
0.567,0.879,0.612,0.993,4.82e-07
0.387,0.219,0.591,0.787,0.03049017
0.867,0.354,0.876,0.898,1.446e-06
0.729,0.359,0.772,0.524,8.0472e-05
0.267,0.0,0.369,0.845,0.080534526
0.058,0.56,0.456,0.609,0.034545568
0.099,0.332,0.45,0.543,0.839406069
0.0,0.394,0.473,0.442,0.284395345
0.084,0.046,0.476,0.33,0.0
0.154,0.813,0.968,0.964,7.9026e-05
0.264,0.132,0.28,0.579,0.017762602
0.0,0.059,0.819,0.899,0.987436267
0.0,0.244,0.576,0.643,0.9797765
0.008,0.198,0.733,0.76,0.986925006
0.0,0.0,0.374,0.897,0.96076827
0.168,0.418,0.405,0.485,0.258883349
0.688,0.138,0.694,0.252,0.0
0.212,0.431,0.851,0.609,0.186044248
0.698,0.054,0.879,0.531,0.000238524
0.0,0.322,0.565,0.563,0.940064349
0.255,0.385,0.552,0.716,0.132104475
0.325,0.138,0.404,0.743,0.038227036
0.223,0.218,0.346,0.411,0.0
0.4,0.043,0.925,0.793,0.026912303
0.234,0.175,0.495,0.796,0.163087113
0.238,0.389,0.291,0.508,0.04959911
0.334,0.125,0.715,1.0,0.057826517
0.0,0.022,0.667,0.888,0.986780445
0.685,0.843,0.884,0.991,0.0
0.126,0.067,0.715,0.9,0.514975721
0.505,0.483,0.921,0.775,0.004777717
0.499,0.287,0.984,0.704,0.007943587
0.285,0.007,0.432,0.889,0.082332374
0.597,0.359,0.879,0.797,0.001916387
0.0,0.041,0.761,0.796,0.987239183
0.032,0.148,0.491,0.866,0.978559303
0.045,0.265,0.726,0.32,0.0
0.062,0.478,0.763,0.495,0.065178852
0.71,0.817,0.81,0.933,0.0
0.111,0.34,0.486,0.617,0.648535436
0.056,0.0,0.642,0.887,0.986473977
0.181,0.206,0.221,0.714,0.203416537
0.018,0.384,0.956,0.558,0.934278083
0.15,0.192,0.394,0.686,0.423690248
0.326,0.458,0.888,0.593,0.036831065
0.022,0.31,0.73,0.576,0.958158958
0.079,0.266,0.648,0.571,0.952695543
0.62,0.464,0.937,0.987,0.001022523
0.191,0.16,0.506,0.742,0.359952179
0.0,0.33,0.315,0.619,0.910597665
0.073,0.285,0.473,0.597,0.960991375
0.158,0.109,0.615,0.431,0.084576431
0.0,0.068,0.626,0.826,0.986200277
0.52,0.326,0.645,0.827,0.005199351
0.095,0.377,0.206,0.566,0.685231096
0.009,0.274,0.57,0.708,0.983487362
0.006,0.187,0.787,0.89,0.987401091
0.577,0.54,0.821,0.657,0.000911693
0.165,0.454,0.974,0.606,0.236597456
0.253,0.427,0.518,0.635,0.107702701
0.604,0.419,0.8,0.893,0.001515955
0.0,0.018,0.644,0.865,0.986487952
0.143,0.344,0.338,0.924,0.41177029
0.283,0.605,0.539,0.784,0.005923116
0.121,0.469,0.845,0.851,0.252540044
0.569,0.245,0.581,0.395,0.0
0.0,0.224,0.369,0.741,0.945502706
0.0,0.199,0.697,0.887,0.986999213
0.207,0.282,0.506,0.555,0.217265893
0.122,0.422,0.327,0.719,0.383829681
0.296,0.482,0.367,0.535,0.012449049
0.112,0.408,0.836,0.732,0.649198967
0.0,0.334,0.33,0.594,0.914546088
0.415,0.075,0.446,0.837,0.006848302
0.487,0.004,0.908,0.132,0.0
0.47,0.626,0.687,0.945,0.000746895
0.0,0.0,0.761,0.937,0.999880497
0.095,0.621,0.36,0.981,0.006604477
0.423,0.245,0.897,0.37,0.0
0.94,0.145,0.973,0.631,9.64e-07
0.389,0.255,0.457,0.786,0.018305667
0.246,0.033,0.314,0.164,0.0
0.42,0.398,0.716,0.622,0.018770669
0.002,0.483,0.606,0.834,0.312579297
0.168,0.416,0.556,0.42,0.082353576
0.8,0.122,0.807,0.401,0.0
0.0,0.258,0.339,0.778,0.931835014
0.829,0.23,0.945,0.674,2.843e-05
0.183,0.203,0.235,0.811,0.232504473
0.154,0.379,0.584,0.601,0.431167387
0.0,0.322,0.583,0.607,0.972349475
0.198,0.299,0.528,0.537,0.261599636
0.372,0.133,0.672,0.76,0.039455316
0.025,0.381,0.915,0.849,0.987445422
0.0,0.259,0.86,0.62,0.977903481
0.22,0.357,0.974,0.791,0.205652885
0.499,0.386,0.773,0.595,0.006866613
0.334,0.837,0.504,0.84,4.82e-07
0.229,0.192,0.498,0.778,0.174515566
0.0,0.0,0.667,0.908,0.999301292
0.0,0.156,0.826,0.925,0.987443013
0.208,0.132,0.513,0.705,0.242302768
0.0,0.291,0.396,0.545,0.89366002
0.479,0.308,0.978,0.851,0.010308593
0.085,0.527,0.683,0.56,0.058531971
0.618,0.216,0.822,0.405,0.0
0.37,0.56,0.385,0.654,0.000712682
0.145,0.318,0.56,0.518,0.371962729
0.031,0.26,0.71,0.97,0.987088359
0.24,0.147,0.32,0.69,0.092441474
0.132,0.369,0.568,0.532,0.417807609
0.19,0.353,0.371,0.596,0.324068466
0.343,0.233,0.384,0.722,0.019308915
0.266,0.933,0.677,0.965,4.82e-07
0.213,0.213,0.26,0.427,0.015458311
0.336,0.129,0.444,0.708,0.041394833
0.632,0.135,0.895,0.306,0.0
0.306,0.255,0.475,0.477,0.030951317
0.271,0.168,0.43,0.74,0.099111966
0.0,0.0,0.72,0.951,0.999673776
0.0,0.0,0.779,0.874,0.999902663
0.38,0.317,0.382,0.74,0.001024932
0.115,0.122,0.461,0.856,0.592761675
0.076,0.77,0.26,0.799,4.3368e-05
0.681,0.153,0.801,0.19,0.0
0.46,0.113,0.727,0.273,0.0
0.0,0.17,0.947,0.78,0.987296525
0.014,0.239,0.733,0.643,0.982078863
0.237,0.006,0.383,0.83,0.131007262
0.0,0.043,0.858,0.926,0.987461324
0.42,0.011,0.512,0.945,0.01387875
0.311,0.052,0.451,0.873,0.05992746
0.0,0.431,0.819,0.832,0.755351019
0.226,0.255,0.498,0.636,0.177585063
0.179,0.264,0.551,0.617,0.397763364
0.0,0.406,0.531,0.431,0.231484359
0.0,0.009,0.465,0.828,0.975293686
0.039,0.382,0.442,0.632,0.965732952
0.0,0.471,0.763,0.598,0.364772783
0.414,0.006,0.959,0.007,0.0
0.003,0.01,0.26,0.519,0.760267995
0.113,0.0,0.43,0.918,0.616932633
0.892,0.151,0.908,0.433,0.0
0.399,0.721,0.661,0.758,0.000102156
0.0,0.196,0.831,0.707,0.986373749
0.108,0.446,0.752,0.74,0.552384546
0.069,0.129,0.201,0.258,0.0
0.589,0.156,0.942,0.748,0.002199244
0.292,0.006,0.398,0.108,0.0
0.448,0.119,0.724,0.76,0.014403022
0.888,0.046,0.974,0.403,0.0
0.193,0.234,0.426,0.718,0.334786164
0.327,0.01,0.997,0.952,0.062490995
0.14,0.164,0.606,0.718,0.471429349
0.492,0.204,0.999,0.467,0.002568836
0.0,0.158,0.75,0.679,0.985283765
0.0,0.58,0.868,0.698,0.024550189
0.157,0.045,0.466,0.891,0.429857671
0.138,0.294,0.356,0.602,0.420877587
0.0,0.44,0.85,0.558,0.674908048
0.125,0.304,0.854,0.701,0.518483717
0.618,0.082,0.676,0.82,0.000762314
0.736,0.65,0.745,0.72,2.409e-06
0.056,0.764,0.626,0.869,0.000267436
0.075,0.156,0.757,0.671,0.984866949
0.031,0.124,0.614,0.752,0.98562059
0.106,0.463,0.63,0.5,0.170389816
0.281,0.204,0.49,1.0,0.096068009
0.503,0.355,0.88,0.874,0.007641456
0.774,0.292,0.996,0.782,9.0109e-05
0.0,0.37,0.533,0.718,0.981468819
0.262,0.469,0.48,0.511,0.027904469
0.59,0.311,0.902,0.932,0.00216744
0.294,0.248,0.874,0.328,0.0
0.0,0.578,0.876,0.685,0.025923029
0.847,0.38,0.947,0.626,1.5902e-05
0.876,0.005,0.943,0.609,1.0119e-05
0.434,0.309,0.674,0.73,0.016721286
0.285,0.311,0.656,0.346,0.0
0.287,0.518,0.692,0.81,0.030362957
0.0,0.278,0.698,0.625,0.978653267
0.0,0.007,0.344,0.997,0.934474203
0.094,0.67,0.532,0.917,0.002395364
0.816,0.467,0.902,0.555,6.746e-06
0.0,0.289,0.511,0.593,0.962962213
0.0,0.431,0.597,0.546,0.682149072
0.786,0.69,0.969,0.986,5.301e-06
0.513,0.019,0.655,0.843,0.005863846
0.343,0.113,0.886,0.758,0.053372615
0.331,0.385,0.402,0.565,0.029330797
0.132,0.417,0.413,0.461,0.229022016
0.0,0.079,0.619,0.815,0.986043188
0.343,0.103,0.379,0.865,0.016782484
0.013,0.018,0.494,0.879,0.978906247
0.121,0.824,0.189,0.921,1.446e-06
0.436,0.231,0.656,0.748,0.016138708
0.0,0.012,0.715,0.825,0.987059928
0.0,0.315,0.649,0.573,0.954445686
0.535,0.074,0.868,0.859,0.005090931
0.29,0.317,0.513,0.804,0.087647373
0.2,0.735,0.228,0.907,5.5897e-05
0.078,0.0,0.427,0.919,0.96854995
0.198,0.121,0.376,0.8,0.276515365
0.533,0.071,0.816,0.752,0.005162729
0.378,0.053,0.481,0.586,0.024060611
0.123,0.027,0.396,0.81,0.502087691
0.543,0.103,0.71,0.791,0.004166227
0.282,0.115,0.428,0.782,0.085086729
0.244,0.231,0.382,0.968,0.118218497
0.075,0.188,0.513,0.464,0.536809622
0.2,0.411,0.534,0.426,0.04554564
0.186,0.625,0.94,0.771,0.006757711
0.0,0.23,0.612,0.67,0.983497482
0.0,0.211,0.733,0.757,0.986896093
0.507,0.157,0.76,0.947,0.007141759
0.26,0.0,0.292,0.9,0.038128253
0.834,0.12,0.969,0.613,2.4575e-05
0.19,0.45,0.353,0.954,0.208810563
0.436,0.436,0.622,0.656,0.013248467
0.624,0.503,0.747,0.9,0.000641366
0.117,0.077,0.155,0.1,0.0
0.502,0.699,0.671,0.893,8.3363e-05
0.089,0.066,0.64,0.928,0.986074991
0.387,0.055,0.486,0.835,0.023180239
0.051,0.917,0.441,0.93,9.64e-07
0.005,0.022,0.198,0.814,0.672652426
0.661,0.375,0.903,0.986,0.00075846
0.072,0.506,0.64,0.791,0.209556976
0.735,0.798,0.898,0.911,0.0
0.411,0.261,0.481,0.572,0.010539407
0.023,0.246,0.994,0.297,0.0
0.08,0.731,0.231,0.786,0.000113239
0.099,0.097,0.72,0.12,0.0
0.0,0.254,0.372,0.682,0.945878081
0.0,0.315,0.466,0.618,0.96651695
0.256,0.115,0.468,0.668,0.122132707
0.388,0.529,0.551,0.963,0.009326547
0.052,0.422,0.441,0.7,0.740201584
0.092,0.079,0.111,0.757,0.308789409
0.0,0.0,0.495,0.966,0.99154467
0.116,0.037,0.529,0.734,0.58470244
0.175,0.283,0.338,0.337,0.0
0.368,0.647,0.737,0.983,0.001344411
0.116,0.176,0.848,0.662,0.587650023
0.097,0.304,0.691,0.901,0.943527049
0.049,0.318,0.645,0.585,0.964029068
0.0,0.212,0.38,0.715,0.950663508
0.213,0.454,0.652,0.659,0.14798683
0.065,0.174,0.174,0.213,0.0
0.0,0.287,0.437,0.64,0.965919435
0.79,0.565,0.826,0.881,1.8311e-05
0.554,0.38,0.938,0.669,0.003765795
0.545,0.025,0.892,0.811,0.004442337
0.26,0.202,0.305,0.702,0.050694877
0.0,0.385,0.737,0.451,0.376164614
0.274,0.324,0.419,0.578,0.084703162
0.128,0.345,0.248,0.87,0.361237802
0.038,0.0,0.823,0.95,0.987443977
0.282,0.634,0.501,0.952,0.003004444
0.351,0.328,0.82,0.961,0.049649225
0.423,0.535,0.558,0.654,0.004865417
0.007,0.271,0.672,0.565,0.945634256
0.132,0.0,0.604,0.889,0.492333246
0.0,0.078,0.735,0.759,0.986929342
0.368,0.623,0.951,0.741,0.002166477
0.076,0.283,0.579,0.717,0.984067049
0.322,0.135,0.591,0.217,0.0
0.0,0.015,0.455,1.0,0.973816762
0.0,0.195,0.502,0.642,0.97484314
0.0,0.224,0.752,0.663,0.984324366
0.0,0.0,0.634,0.893,0.99888785
0.36,0.188,0.362,0.71,0.000943497
0.397,0.199,0.47,0.792,0.016666835
0.051,0.0,0.647,0.894,0.986536138
0.0,0.0,0.722,0.917,0.999690641
0.027,0.465,0.421,0.89,0.424992254
0.126,0.034,0.635,0.874,0.514237982
0.316,0.158,0.715,0.857,0.069829838
0.64,0.448,0.804,0.88,0.000835558
0.425,0.144,0.702,0.727,0.018857887
0.681,0.411,0.715,0.625,0.000195638
0.0,0.1,0.656,0.809,0.986563123
0.207,0.239,0.396,0.268,0.0
0.041,0.572,0.235,0.632,0.01284948
0.0,0.158,0.32,0.785,0.920165146
0.0,0.283,0.542,0.629,0.975658942
0.013,0.079,0.338,0.861,0.931455785
0.0,0.131,0.984,0.705,0.986353029
0.568,0.537,0.89,0.769,0.001246591
0.0,0.236,0.616,0.861,0.986040779
0.623,0.244,0.992,0.564,0.000912657
0.047,0.394,0.5,0.482,0.663920985
0.404,0.308,0.77,0.431,0.003024683
0.0,0.282,0.702,0.623,0.978310659
0.057,0.884,0.985,0.987,7.71e-06
0.642,0.691,0.717,0.807,1.1083e-05
0.108,0.156,0.382,0.78,0.704579525
0.028,0.117,0.819,0.479,0.655868496
0.446,0.159,0.564,0.459,0.003316213
0.047,0.031,0.489,0.399,0.0
0.207,0.0,0.653,0.987,0.254033352
0.0,0.0,0.775,0.906,0.999906036
0.045,0.232,0.272,0.294,0.0
0.0,0.18,0.795,0.773,0.987189551
0.257,0.677,0.36,0.854,0.000821102
0.0,0.435,0.79,0.464,0.306571854
0.303,0.322,0.423,0.584,0.055700036
0.013,0.331,0.757,0.742,0.986841161
0.825,0.757,0.947,0.804,9.64e-07
0.0,0.354,0.732,0.482,0.666636309
0.581,0.108,0.744,0.527,0.001271167
0.0,0.182,0.746,0.654,0.983477243
0.0,0.116,0.306,0.815,0.909013285
0.7,0.064,0.794,0.274,0.0
0.359,0.15,0.902,0.913,0.046024617
0.815,0.368,0.917,0.661,3.4213e-05
0.545,0.046,0.996,0.341,0.0
0.071,0.193,0.466,0.281,0.0
0.049,0.211,0.267,0.736,0.865138279
0.01,0.441,0.727,0.538,0.63389389
0.0,0.474,0.578,0.591,0.336784951
0.0,0.021,0.589,0.876,0.985259189
0.825,0.097,0.99,0.869,3.5658e-05
0.248,0.473,0.864,0.581,0.064953338
0.034,0.303,0.825,0.69,0.985820083
0.295,0.142,0.396,0.762,0.060518229
0.225,0.144,0.338,0.693,0.135706435
0.305,0.442,0.982,0.941,0.064426175
0.343,0.967,0.503,0.979,0.0
0.0,0.459,0.437,0.464,0.061441488
0.0,0.402,0.332,0.435,0.223825556
0.455,0.386,0.716,0.806,0.013294726
0.355,0.051,0.847,0.293,0.0
0.009,0.453,0.316,0.814,0.531960589
0.052,0.0,0.917,0.854,0.987450723
0.0,0.336,0.701,0.57,0.95210911
0.0,0.25,0.675,0.637,0.980885277
0.0,0.357,0.801,0.545,0.913947608
0.188,0.054,0.424,0.905,0.36610081
0.046,0.341,0.678,0.733,0.986257137
0.105,0.46,0.154,0.609,0.212305548
0.376,0.637,0.727,0.734,0.001426328
0.835,0.467,0.903,0.633,1.0119e-05
0.409,0.216,0.72,0.939,0.023532484
0.136,0.079,0.476,0.893,0.472824356
0.12,0.158,0.432,0.679,0.529904942
0.082,0.723,0.444,0.753,0.000315141
0.101,0.207,0.795,0.629,0.876223642
0.033,0.397,0.518,0.628,0.973923255
0.117,0.242,0.617,0.736,0.575711755
0.0,0.466,0.625,0.475,0.077265055
0.0,0.336,0.578,0.5,0.741444321
0.055,0.314,0.342,0.872,0.933477219
0.028,0.552,0.185,0.902,0.024742454
0.595,0.258,0.705,0.623,0.001421027
0.0,0.228,0.538,0.685,0.980836127
0.639,0.442,0.777,0.91,0.00085146
0.045,0.33,0.536,0.746,0.981988272
0.224,0.626,0.844,0.97,0.005959738
0.179,0.292,0.655,0.898,0.409245786
0.273,0.284,0.355,0.707,0.067046571
0.0,0.139,0.588,0.8,0.985128603
0.044,0.59,0.576,0.793,0.01929735
0.166,0.086,0.53,0.816,0.42094553
0.503,0.609,0.709,0.805,0.000739185
0.484,0.19,0.959,0.976,0.009698548
0.421,0.488,0.636,0.743,0.01105356
0.069,0.271,0.7,0.902,0.987021379
0.148,0.055,0.386,0.918,0.424720481
0.093,0.045,0.111,0.553,0.305098785
0.149,0.263,0.9,0.939,0.456088614
0.0,0.056,0.72,0.889,0.987149074
0.129,0.078,0.429,0.897,0.485970667
0.431,0.383,0.489,0.53,0.005786266
0.331,0.085,0.831,0.375,0.0
0.0,0.264,0.807,0.641,0.981905391
0.499,0.712,0.739,0.984,7.2762e-05
0.407,0.008,0.898,0.998,0.024518385
0.284,0.837,0.454,0.904,1.542e-05
0.166,0.019,0.197,0.818,0.103723921
0.277,0.335,0.292,0.582,0.01697764
0.012,0.619,0.781,0.641,0.004227424
0.156,0.364,0.4,0.548,0.374350864
0.017,0.9,0.303,0.948,1.446e-06
0.655,0.272,0.978,0.76,0.00083845
0.031,0.169,0.518,0.713,0.980295953
0.194,0.455,0.221,0.566,0.07710652
0.323,0.35,0.405,0.74,0.039890924
0.0,0.114,0.307,0.937,0.909932206
0.38,0.085,0.638,0.467,0.012330991
0.095,0.279,0.488,0.732,0.950928535
0.327,0.044,0.51,0.845,0.055510662
0.019,0.22,0.046,0.759,0.0
0.335,0.381,0.678,0.825,0.056995296
0.0,0.166,0.777,0.788,0.98724352
0.121,0.128,0.263,0.79,0.41655138
0.08,0.321,0.523,0.719,0.980780712
0.468,0.132,0.847,0.68,0.011450137
0.0,0.164,0.812,0.672,0.98503223
0.0,0.252,0.818,0.585,0.964765844
0.021,0.205,0.93,0.825,0.98741651
0.577,0.419,0.702,0.581,0.001564624
0.237,0.032,0.333,0.18,0.0
0.62,0.346,0.642,0.499,0.000138296
0.324,0.725,0.934,0.85,0.000258281
0.748,0.366,0.87,0.539,7.7099e-05
0.19,0.216,0.362,0.62,0.324298798
0.108,0.292,0.341,0.855,0.685329879
0.0,0.331,0.745,0.549,0.920431618
0.343,0.774,0.385,0.997,1.5902e-05
0.157,0.034,0.564,0.843,0.438516349
0.178,0.25,0.447,0.68,0.394908298
0.276,0.316,0.357,0.963,0.064658435
0.15,0.69,0.771,0.732,0.00098301
0.199,0.408,0.76,0.987,0.307042639
0.684,0.011,0.975,0.12,0.0
0.806,0.335,0.814,0.847,6.746e-06
0.064,0.127,0.681,0.677,0.984777322
0.121,0.0,0.569,0.848,0.540162939
0.166,0.246,0.535,0.925,0.42132476
0.018,0.009,0.744,0.904,0.987307608
0.012,0.586,0.333,0.837,0.015494452
0.361,0.503,0.929,0.822,0.01928964
0.0,0.283,0.373,0.663,0.945622209
0.344,0.0,0.345,0.842,0.000547402
0.016,0.189,0.536,0.688,0.980839982
0.0,0.405,0.549,0.432,0.231621692
0.656,0.053,0.858,0.313,0.0
0.348,0.356,0.671,0.48,0.02248635
0.0,0.401,0.75,0.501,0.747084099
0.097,0.343,0.624,0.623,0.934134486
0.0,0.11,0.782,0.847,0.98736736
0.069,0.069,0.624,0.835,0.986172328
0.422,0.02,0.958,0.642,0.01914508
0.025,0.769,0.603,0.849,0.000218768
0.0,0.188,0.745,0.648,0.98280311
0.221,0.242,0.28,0.67,0.096029941
0.0,0.164,0.003,0.325,0.0
0.0,0.284,0.309,0.553,0.865136834
0.219,0.363,0.474,0.54,0.162187467
0.295,0.222,0.351,0.662,0.038914179
0.349,0.623,0.723,0.976,0.002644971
0.114,0.092,0.611,0.744,0.619990083
0.139,0.142,0.829,0.695,0.474753754
0.117,0.074,0.118,0.762,0.011637584
0.117,0.005,0.854,0.009,0.0
0.457,0.407,0.48,0.628,0.002936983
0.0,0.445,0.665,0.622,0.665593066
0.502,0.7,0.7,0.984,8.8182e-05
0.215,0.07,0.314,0.197,0.0
0.0,0.0,0.575,0.888,0.997251427
0.008,0.366,0.538,0.523,0.863600158
0.123,0.091,0.984,0.949,0.530663402
0.08,0.326,0.906,0.601,0.972356222
0.206,0.27,0.669,0.325,0.0
0.731,0.647,0.79,0.705,6.746e-06
0.304,0.743,0.895,0.995,0.000210576
0.13,0.658,0.709,0.974,0.003399576
0.3,0.337,0.495,0.72,0.075257594
0.003,0.397,0.261,0.644,0.856601513
0.0,0.388,0.545,0.448,0.347323876
0.044,0.232,0.684,0.652,0.982895147
0.42,0.158,0.547,0.31,0.0
0.0,0.385,0.85,0.569,0.950394625
0.038,0.495,0.433,0.656,0.257442083
0.035,0.321,0.111,0.474,0.265828024
0.007,0.216,0.872,0.809,0.987376034
0.572,0.142,0.753,0.263,0.0
0.0,0.15,0.669,0.829,0.986746715
0.038,0.386,0.799,0.525,0.87494573
0.498,0.33,0.849,0.884,0.008108867
0.031,0.115,0.245,0.819,0.835819047
0.188,0.367,0.436,0.627,0.363384522
0.044,0.091,0.686,0.866,0.986909586
0.069,0.265,0.378,0.875,0.95028235
0.286,0.24,0.373,0.617,0.056924461
0.486,0.383,0.529,0.401,0.0
0.861,0.752,0.935,0.911,9.64e-07
0.01,0.136,0.635,0.588,0.965343121
0.177,0.244,0.2,0.267,0.0
0.177,0.293,0.305,0.589,0.324663572
0.259,0.2,0.433,0.716,0.113401267
0.065,0.069,0.6,0.844,0.985607098
0.353,0.42,0.834,0.43,0.0
0.0,0.133,0.711,0.777,0.986896575
0.0,0.359,0.393,0.477,0.636777867
0.249,0.432,0.664,0.524,0.083135647
0.0,0.165,0.503,0.672,0.977613397
0.447,0.472,0.663,0.593,0.007438108
0.0,0.452,0.753,0.599,0.575817765
0.078,0.174,0.624,0.727,0.98552759
0.0,0.082,0.724,0.755,0.986825741
0.022,0.362,0.606,0.474,0.629344578
0.65,0.813,0.721,0.863,4.82e-07
0.314,0.239,0.467,0.719,0.059631111
0.727,0.036,0.778,0.829,0.00018841
0.0,0.398,0.447,0.533,0.883823658
0.212,0.142,0.526,0.385,0.0
0.501,0.425,0.885,0.484,0.001984331
0.0,0.042,0.72,0.794,0.987020897
0.229,0.293,0.493,0.543,0.142533053
0.212,0.327,0.333,0.563,0.157448781
0.23,0.281,0.338,0.638,0.121782871
0.086,0.205,0.129,0.722,0.483011518
0.668,0.656,0.723,0.845,2.0238e-05
0.141,0.136,0.62,0.325,0.0
0.507,0.337,0.857,0.768,0.007223195
0.326,0.829,0.475,0.948,2.0238e-05
0.0,0.366,0.49,0.58,0.954208125
0.0,0.222,0.453,0.698,0.972377906
0.0,0.163,0.433,0.801,0.969727634
0.903,0.109,0.96,0.124,0.0
0.141,0.131,0.143,0.751,0.003967698
0.201,0.121,0.363,0.716,0.247776302
0.168,0.469,0.552,0.497,0.056300442
0.643,0.107,0.821,0.801,0.000944942
0.829,0.761,0.917,0.856,9.64e-07
0.526,0.064,0.529,0.572,0.00016769
0.696,0.393,0.714,0.812,0.000114684
0.135,0.393,0.614,0.527,0.404928252
0.0,0.036,0.827,0.941,0.987444459
0.821,0.796,0.884,0.852,0.0
0.171,0.451,0.235,0.461,0.034430401
0.0,0.384,0.587,0.521,0.858746306
0.064,0.335,0.53,0.749,0.981652892
0.16,0.384,0.383,0.453,0.168129858
0.273,0.131,0.472,0.986,0.104034243
0.556,0.811,0.791,0.892,2.409e-06
0.248,0.404,0.813,0.757,0.14640775
0.072,0.371,0.478,0.517,0.835195029
0.34,0.496,0.998,0.726,0.025572712
0.544,0.146,0.996,0.729,0.004481368
0.279,0.473,0.483,0.611,0.047982926
0.0,0.41,0.838,0.427,0.232042362
0.768,0.583,0.923,0.802,2.8912e-05
0.026,0.201,0.491,0.932,0.978577132
0.676,0.174,0.753,0.609,0.000408624
0.062,0.0,0.511,0.928,0.980602903
0.058,0.182,0.457,0.705,0.973165759
0.31,0.79,0.676,0.893,6.2161e-05
0.229,0.24,0.243,0.75,0.027776774
0.23,0.214,0.431,0.672,0.160641154
0.158,0.238,0.584,0.941,0.437650433
0.117,0.065,0.136,0.547,0.083847366
0.0,0.115,0.723,0.773,0.986952954
0.69,0.373,0.892,0.839,0.000509816
0.22,0.473,0.505,0.514,0.046266996
0.0,0.335,0.643,0.586,0.964489734
0.047,0.427,0.237,0.455,0.163793531
0.059,0.0,0.215,0.931,0.766536611
0.483,0.659,0.483,0.757,0.0
0.082,0.272,0.242,0.626,0.828119767
0.108,0.0,0.613,0.922,0.738375788
0.019,0.781,0.71,0.912,0.000172509
0.648,0.489,0.821,0.617,0.000506925
0.0,0.215,0.797,0.667,0.984730581
0.619,0.391,0.937,0.848,0.001357903
0.066,0.505,0.595,0.746,0.213877882
0.132,0.259,0.732,0.845,0.493776921
0.352,0.154,0.86,0.525,0.033581351
0.006,0.0,0.699,0.889,0.987013669
0.607,0.552,0.682,0.984,0.000345981
0.598,0.279,0.879,0.804,0.001885066
0.261,0.073,0.462,0.897,0.116575811
0.0,0.203,0.547,0.791,0.98301706
0.577,0.155,0.922,0.952,0.002653163
0.426,0.111,0.734,0.962,0.018963898
0.062,0.353,0.839,0.598,0.970984345
0.268,0.246,0.377,0.883,0.083281653
0.161,0.386,0.419,0.588,0.398000924
0.448,0.149,0.752,0.886,0.014607815
0.076,0.0,0.628,0.909,0.986282194
0.321,0.009,0.361,0.937,0.021472501
0.0,0.227,0.325,0.812,0.923606162
0.071,0.474,0.709,0.685,0.355582604
0.676,0.549,0.938,0.979,0.000235151
0.138,0.037,0.723,0.875,0.47829789
0.762,0.088,0.776,0.973,2.9876e-05
0.018,0.249,0.621,0.92,0.986156909
0.0,0.347,0.614,0.49,0.696653285
0.614,0.144,0.776,0.611,0.00119455
0.138,0.207,0.586,0.672,0.473967346
0.096,0.258,0.109,0.579,0.23586839
0.162,0.162,0.619,0.674,0.429408088
0.059,0.465,0.73,0.901,0.439011709
0.171,0.276,0.667,0.956,0.419063355
0.085,0.097,0.115,0.74,0.382004849
0.454,0.746,0.6,0.975,6.0715e-05
0.726,0.793,0.886,0.846,0.0
0.105,0.331,0.796,0.633,0.790775995
0.095,0.016,0.728,0.032,0.0
0.364,0.137,0.57,0.956,0.040789607
0.138,0.052,0.765,0.785,0.478344149
0.022,0.039,0.692,0.798,0.986860435
0.546,0.298,0.692,0.648,0.003713271
0.525,0.682,0.682,0.828,9.541e-05
0.729,0.178,0.765,0.383,0.0
0.17,0.272,0.968,0.565,0.391156959
0.699,0.059,0.834,0.7,0.000421152
0.014,0.244,0.397,0.846,0.959327004
0.298,0.183,0.626,0.737,0.084498369
0.039,0.026,0.323,0.81,0.922271389
0.243,0.273,0.396,0.614,0.121633492
0.34,0.107,0.898,0.478,0.023931471
0.429,0.317,0.49,0.434,0.001176239
0.0,0.117,0.721,0.781,0.986990058
0.409,0.315,0.537,0.758,0.018818856
0.0,0.097,0.832,0.988,0.98744735
0.0,0.262,0.543,0.839,0.98287539
0.0,0.147,0.634,0.744,0.9858914
0.069,-0.0,0.641,0.898,0.986466268
0.044,0.056,0.112,0.136,0.0
0.0,0.0,0.617,0.897,0.998591983
0.294,0.057,0.41,0.907,0.066622528
0.507,0.397,0.637,0.996,0.006201154
0.107,0.292,0.243,0.695,0.60712952
0.035,0.021,0.543,0.962,0.982917313
0.061,0.079,0.647,0.411,0.0
0.194,0.365,0.356,0.471,0.164339969
0.403,0.138,0.626,0.943,0.024659091
0.0,0.354,0.512,0.559,0.932027761
0.308,0.347,0.839,0.57,0.065586994
0.038,0.154,0.682,0.952,0.986905249
0.121,0.165,0.622,0.621,0.532924324
0.39,0.324,0.784,0.918,0.031127199
0.103,0.29,0.237,0.589,0.664129634
0.234,0.859,0.935,0.961,1.9275e-05
0.262,0.228,0.672,0.489,0.069971025
0.19,0.197,0.538,0.639,0.364526066
0.457,0.518,0.842,0.884,0.005699048
0.129,0.373,0.167,0.935,0.079424785
0.0,0.384,0.848,0.512,0.813185728
0.109,0.265,0.701,0.762,0.713337468
0.115,0.185,0.448,0.279,0.0
0.163,0.624,0.649,0.644,0.003046849
0.072,0.21,0.474,0.667,0.974148769
0.2,0.137,0.347,0.74,0.247966157
0.077,0.15,0.364,0.795,0.943605111
0.007,0.421,0.282,0.492,0.43039158
0.16,0.814,0.668,0.847,4.5296e-05
0.0,0.0,0.767,0.903,0.999890616
0.0,0.232,0.791,0.604,0.973271288
0.407,0.333,0.696,0.658,0.023283841
0.482,0.225,0.686,0.686,0.00923451
0.061,0.474,0.266,0.571,0.272437802
0.109,0.262,0.897,0.394,0.0
0.342,0.518,0.579,0.945,0.017505285
0.315,0.129,0.743,1.0,0.070799838
0.113,0.24,0.729,0.803,0.634849433
0.097,0.045,0.55,0.791,0.939777637
0.21,0.369,0.501,0.529,0.184117741
0.31,0.358,0.693,0.744,0.074344455
0.224,0.202,0.641,0.522,0.143726638
0.007,0.35,0.343,0.442,0.276263348
0.222,0.384,0.25,0.755,0.056407417
0.42,0.093,0.478,0.934,0.010228603
0.929,0.027,0.973,0.15,0.0
0.205,0.199,0.413,0.412,0.0
0.414,0.127,0.499,0.607,0.012810931
0.546,0.589,0.765,0.876,0.000661122
0.862,0.254,0.952,0.452,3.373e-06
0.0,0.223,0.775,0.822,0.987327365
0.0,0.275,0.574,0.562,0.939137717
0.223,0.253,0.296,0.388,0.0
0.0,0.0,0.638,0.865,0.9989317
0.182,0.149,0.545,0.824,0.399896109
0.017,0.183,0.481,0.25,0.0
0.234,0.24,0.368,0.636,0.126762973
0.036,0.24,0.46,0.348,0.0
0.0,0.086,0.52,0.938,0.981316549
0.0,0.38,0.744,0.502,0.751720629
0.333,0.396,0.371,0.504,0.011007301
0.198,0.099,0.953,0.723,0.31415645
0.148,0.0,0.415,0.907,0.435915228
0.205,0.388,0.322,0.418,0.0
0.074,0.195,0.16,0.974,0.551059892
0.004,0.373,0.864,0.8,0.987353386
0.112,0.132,0.451,0.762,0.635333228
0.141,0.236,0.282,0.711,0.367461122
0.231,0.073,0.542,0.387,0.0
0.292,0.096,0.568,1.0,0.089110805
0.173,0.401,0.908,0.763,0.417201901
0.072,0.087,0.291,0.649,0.892048173
0.0,0.0,0.76,0.879,0.999868932
0.608,0.098,0.701,0.683,0.001129979
0.302,0.834,0.804,0.936,2.2166e-05
0.366,0.146,0.797,0.852,0.042875612
0.05,0.413,0.409,0.963,0.963623336
0.011,0.22,0.699,0.719,0.986207987
0.785,0.657,0.828,0.669,4.82e-07
0.051,0.097,0.386,1.0,0.954330038
0.476,0.601,0.575,0.653,0.000558003
0.109,0.145,0.118,0.86,0.148027306
0.234,0.224,0.817,1.0,0.171586775
0.022,0.342,0.291,0.443,0.275925559
0.0,0.1,0.584,0.736,0.984520968
0.024,0.046,0.691,0.79,0.986826705
0.173,0.419,0.642,0.499,0.216083872
0.626,0.273,0.682,0.282,0.0
0.049,0.203,0.661,0.695,0.98529292
0.407,0.173,0.974,0.324,0.0
0.143,0.536,0.525,0.682,0.06175422
0.05,0.738,0.245,0.964,0.000163353
0.0,0.118,0.619,0.806,0.986026322
0.336,0.436,0.374,0.545,0.011312805
0.201,0.214,0.311,0.687,0.217512609
0.0,0.0,0.69,0.911,0.999478137
0.0,0.195,0.648,0.878,0.986541439
0.053,0.315,0.54,0.975,0.982708664
0.0,0.105,0.811,0.731,0.986795383
0.0,0.241,0.808,0.851,0.987403982
0.505,0.224,0.96,0.27,0.0
0.054,0.282,0.663,0.655,0.983013686
0.233,0.0,0.416,0.843,0.151924169
0.301,0.689,0.691,0.848,0.000712682
0.976,0.263,0.989,0.676,0.0
0.485,0.817,0.871,0.916,5.782e-06
0.0,0.0,0.699,0.946,0.999538371
0.248,0.141,0.482,0.911,0.136732813
0.133,0.13,0.753,0.301,0.0
0.081,0.141,0.485,0.344,0.0
0.0,0.113,0.506,0.771,0.97990034
0.48,0.004,0.974,0.781,0.010168369
0.234,0.175,0.941,0.839,0.171588703
0.0,0.004,0.744,0.877,0.987302308
0.626,0.089,0.87,0.445,0.000155161
0.557,0.144,0.851,0.733,0.003667976
0.117,0.489,0.402,0.571,0.177275704
0.442,0.173,0.726,0.285,0.0
0.791,0.482,0.962,0.69,4.2886e-05
0.666,0.132,0.702,0.363,0.0
0.229,0.153,0.853,0.769,0.182569983
0.274,0.259,0.639,0.807,0.112947348
0.216,0.516,0.851,0.914,0.060497509
0.041,0.17,0.527,0.728,0.981201383
0.162,0.16,0.307,0.717,0.354954249
0.0,0.196,0.846,0.641,0.981927075
0.018,0.0,0.696,0.945,0.986999695
0.0,0.239,0.503,0.646,0.975348619
0.001,0.102,0.784,0.798,0.987283515
0.312,0.508,0.367,0.656,0.010747092
0.327,0.544,0.766,0.753,0.014736956
0.585,0.27,0.632,0.774,0.001220089
0.032,0.009,0.241,0.416,0.0
0.0,0.277,0.334,0.632,0.92489564
0.158,0.681,0.981,0.996,0.001938071
0.287,0.116,0.428,0.782,0.079065794
0.097,0.292,0.994,0.893,0.944033492
0.299,0.041,0.436,0.796,0.067898995
0.127,0.199,0.327,0.679,0.447725802
0.0,0.095,0.611,0.813,0.985875016
0.484,0.162,0.903,0.833,0.009691802
0.0,0.367,0.747,0.469,0.590852997
0.406,0.072,0.58,0.744,0.022248789
0.0,0.249,0.44,0.716,0.970499586
0.323,0.115,0.391,0.721,0.0343268
0.373,0.653,0.933,0.666,0.000339717
0.173,0.126,0.395,0.792,0.38846332
0.449,0.356,0.645,0.938,0.013625287
0.172,0.18,0.368,0.811,0.376566009
0.099,0.005,0.644,0.552,0.863012279
0.185,0.006,0.353,0.876,0.3481816
0.901,0.44,0.977,0.454,1.446e-06
0.286,0.394,0.48,0.786,0.088765306
0.093,0.304,0.126,0.629,0.457588667
0.182,0.286,0.543,0.55,0.361037827
0.0,0.36,0.79,0.911,0.987405909
0.463,0.29,0.66,0.964,0.011634692
0.0,0.149,0.678,0.755,0.9865159
0.0,0.295,0.468,0.852,0.975743751
0.001,0.177,0.72,0.791,0.987012705
0.303,0.326,0.695,0.408,0.0
0.0,0.436,0.607,0.488,0.45878659
0.041,0.012,0.653,0.89,0.986604082
0.0,0.017,0.766,0.898,0.987369769
0.216,0.414,0.817,0.956,0.217629221
0.736,0.535,0.868,0.928,9.2519e-05
0.0,0.241,0.24,0.596,0.820840676
0.158,0.145,0.799,0.683,0.438154467
0.845,0.47,0.967,0.641,1.1083e-05
0.427,0.802,0.627,0.928,1.9757e-05
0.407,0.267,0.66,0.273,0.0
0.349,0.563,0.522,0.718,0.007242951
0.013,0.322,0.843,0.582,0.962701041
0.171,0.368,0.551,0.54,0.365225256
0.262,0.345,0.77,0.93,0.127881387
0.03,0.001,0.784,0.986,0.987403018
0.131,0.634,0.542,0.702,0.005083703
0.137,0.061,0.329,0.954,0.41990566
0.834,0.488,0.885,0.54,2.891e-06
0.356,0.0,0.502,0.938,0.039634089
0.072,-0.0,0.838,0.837,0.987408319
0.167,0.386,0.618,0.994,0.4236623
0.053,0.058,0.159,0.848,0.549319386
0.77,0.284,0.982,0.833,9.6855e-05
0.879,0.142,0.995,0.291,0.0
0.0,0.225,0.806,1.0,0.987432894
0.253,0.666,0.58,0.679,0.000515598
0.287,0.151,0.414,0.747,0.075482145
0.121,0.094,0.627,0.305,0.0
0.004,0.122,0.213,0.714,0.75869518
0.137,0.245,0.59,0.8,0.478737353
0.0,0.0,0.629,0.861,0.998800632
0.687,0.197,0.914,0.986,0.000542101
0.434,0.256,0.903,0.481,0.00660785
0.163,0.574,0.675,0.71,0.024901952
0.259,0.211,0.305,0.382,0.0
0.03,0.136,0.407,0.958,0.962956431
0.005,0.083,0.296,0.587,0.88649995
0.206,0.158,0.415,0.757,0.238193883
0.27,0.196,0.427,0.706,0.099333143
0.433,0.288,0.528,0.748,0.01205729
0.072,0.12,0.639,0.717,0.985587823
0.068,0.264,0.472,0.619,0.967434426
0.16,0.315,0.287,0.826,0.338543767
0.0,0.164,0.731,0.729,0.986571315
0.294,0.027,0.568,0.886,0.086998298
0.207,0.222,0.393,0.818,0.224987339
0.506,0.0,0.513,0.885,0.000654376
0.424,0.346,0.928,0.863,0.019664052
0.516,0.115,0.977,0.796,0.006462326
0.205,0.005,0.736,0.814,0.265652625
0.677,0.257,0.744,0.91,0.000440909
0.186,0.298,0.279,0.404,0.0
0.176,0.052,0.422,0.341,0.0
0.575,0.704,0.98,0.759,2.9876e-05
0.078,0.251,0.48,0.631,0.970901945
0.179,0.58,0.199,0.589,0.000206239
0.133,0.321,0.636,0.655,0.486268461
0.651,0.0,0.785,0.85,0.000818693
0.151,0.369,0.252,0.432,0.063802639
0.613,0.541,0.96,0.882,0.000582578
0.09,0.121,0.398,0.92,0.954223063
0.035,0.386,0.66,0.516,0.83625851
0.429,0.588,0.661,0.78,0.002645935
0.0,0.248,0.597,0.66,0.982360274
0.079,0.0,0.482,0.839,0.977491002
0.11,0.555,0.508,0.832,0.05527792
0.149,0.528,0.822,0.8,0.074168092
0.367,0.351,0.377,0.703,0.004734349
0.001,0.385,0.562,0.451,0.375607575
0.0,0.141,0.658,0.754,0.986310142
0.0,0.123,0.8,0.778,0.987229064
0.669,0.668,0.963,0.669,0.0
0.136,0.33,0.144,0.608,0.017508176
0.0,0.307,0.748,0.595,0.9698375
0.0,0.1,0.572,0.825,0.984526751
0.043,0.259,0.641,0.799,0.986358811
0.26,0.184,0.427,0.993,0.111409227
0.078,0.306,0.698,0.966,0.987015597
0.177,0.052,0.237,0.953,0.247001459
0.113,0.155,0.437,0.733,0.617849146
0.317,0.115,0.812,1.0,0.06937881
0.21,0.049,0.511,0.788,0.233502903
0.0,0.079,0.694,0.821,0.986920669
0.074,0.361,0.483,0.523,0.860703652
0.048,0.169,0.55,0.934,0.983355812
0.06,0.948,0.629,0.961,4.82e-07
0.0,0.031,0.841,1.0,0.98745506
0.0,0.345,0.625,0.53,0.887368275
0.185,0.147,0.37,0.77,0.355636092
0.102,0.0,0.625,0.91,0.85826733
0.0,0.045,0.624,0.878,0.986207987
0.04,0.01,0.551,0.776,0.983215107
0.255,0.296,0.284,0.587,0.032933239
0.268,0.45,0.374,0.74,0.056463314
0.416,0.672,0.861,0.775,0.000457774
0.476,0.945,0.677,0.962,0.0
0.0,0.398,0.604,0.747,0.985312677
0.15,0.409,0.83,0.904,0.454352445
0.0,0.129,0.562,0.76,0.983748535
0.218,0.376,0.553,0.632,0.202682653
0.286,0.332,0.779,0.658,0.097070293
0.547,0.663,0.628,0.715,6.4088e-05
0.0,0.094,0.756,0.817,0.987278214
0.184,0.168,0.648,0.702,0.397526285
0.082,0.888,0.296,0.919,1.446e-06
0.536,0.215,0.598,0.401,0.0
0.59,0.62,0.725,0.774,0.000179737
0.325,0.554,0.935,0.998,0.012833579
0.0,0.106,0.688,0.832,0.986896093
0.127,0.204,0.612,0.687,0.508267161
0.0,0.104,0.578,0.883,0.984854421
0.042,0.006,0.988,0.764,0.98719196
0.129,0.603,0.657,0.887,0.014206901
0.033,0.22,0.536,0.697,0.981119947
0.493,0.079,0.7,0.857,0.008213433
0.099,0.339,0.62,0.625,0.916993011
0.535,0.103,0.888,0.122,0.0
0.034,0.134,0.26,0.711,0.856860758
0.025,0.108,0.253,0.943,0.848033426
0.075,0.291,0.631,0.607,0.973460662
0.167,0.65,0.38,0.781,0.002804951
0.004,0.806,0.322,0.91,4.915e-05
0.17,0.124,0.191,0.13,0.0
0.0,0.421,0.451,0.502,0.514523247
0.544,0.221,0.893,0.729,0.004475586
0.282,0.673,0.451,0.756,0.000822548
0.544,0.245,0.557,0.293,0.0
0.061,0.002,0.124,0.879,0.462566359
0.659,0.171,0.948,0.522,0.000399468
0.41,0.501,0.99,0.791,0.011970554
0.0,0.021,0.534,0.816,0.982246553
0.179,0.023,0.515,0.88,0.4035265
0.534,0.018,0.885,0.387,0.0
0.363,0.126,0.721,0.174,0.0
0.047,0.41,0.664,0.761,0.98644892
0.0,0.24,0.371,0.678,0.94530514
0.309,0.307,0.487,0.734,0.066305941
0.049,0.278,0.259,0.993,0.855949065
0.667,0.332,0.947,0.484,0.000209131
0.562,0.233,0.631,0.854,0.002277306
0.772,0.094,0.786,0.285,0.0
0.211,0.019,0.329,0.863,0.175115492
0.269,0.111,0.296,0.797,0.031975286
0.152,0.207,0.882,0.962,0.450774096
0.069,0.019,0.48,0.818,0.977229348
0.0,0.046,0.598,0.871,0.985568548
0.2,0.083,0.397,0.706,0.270957023
0.099,0.177,0.313,0.817,0.854060626
0.139,0.297,0.158,0.636,0.036015746
0.102,0.383,0.633,0.453,0.315193429
0.416,0.264,0.422,0.429,0.0001754
0.168,0.324,0.388,0.56,0.364154546
0.066,0.18,0.379,0.452,0.386208179
0.204,0.008,0.69,0.86,0.271337698
0.149,0.419,0.749,0.835,0.369260415
0.119,0.253,0.371,0.796,0.515964031
0.362,0.304,0.418,0.653,0.023041461
0.091,0.423,0.468,0.483,0.438597303
0.298,0.039,0.68,0.967,0.085384523
0.036,0.344,0.668,0.556,0.930935368
0.316,0.486,0.716,0.53,0.016219662
0.154,0.129,0.458,0.922,0.434069193
0.081,0.194,0.514,0.686,0.979188622
0.102,0.763,0.405,0.941,0.000221659
0.173,0.156,0.275,0.808,0.304658358
0.0,0.31,0.583,0.703,0.983930199
0.251,0.104,0.509,0.803,0.135177826
0.284,0.109,0.54,0.278,0.0
0.04,0.171,0.997,0.878,0.987469998
0.655,0.04,0.949,0.848,0.000839895
0.07,0.341,0.295,0.578,0.88117965
0.0,0.193,0.773,0.643,0.982216196
0.198,0.395,0.695,0.442,0.066889482
0.024,0.228,0.66,0.628,0.979086466
0.253,0.48,1.0,0.513,0.025722091
0.001,0.026,0.45,0.897,0.973042883
0.206,0.449,0.287,0.672,0.112363324
0.689,0.374,0.97,0.497,0.000184555
0.0,0.083,0.725,0.825,0.987132209
0.243,0.026,0.311,0.86,0.080770641
0.292,0.438,0.928,0.641,0.075221936
0.867,0.338,0.957,0.483,3.855e-06
0.573,0.096,0.865,0.596,0.002385726
0.24,0.047,0.745,0.108,0.0
0.637,0.769,0.799,0.927,2.891e-06
0.028,0.247,0.185,0.426,0.157660321
0.0,0.096,0.736,0.74,0.986726476
0.352,0.479,0.606,0.901,0.026426581
0.147,0.215,0.837,0.57,0.430243165
0.091,0.059,0.57,0.935,0.977343551
0.166,0.543,0.841,0.702,0.05039901
0.074,0.266,0.658,0.618,0.976800486
0.122,0.516,0.569,0.727,0.109793043
0.091,0.113,0.633,0.765,0.978945279
0.084,0.269,0.302,0.692,0.904508787
0.553,0.686,0.64,0.805,4.6259e-05
0.105,0.256,0.442,0.62,0.773413824
0.0,0.148,0.6,0.925,0.985640347
0.631,0.815,0.788,0.828,0.0
0.354,0.0,0.354,0.872,0.0
0.029,0.135,0.307,0.913,0.909931724
0.218,0.306,0.365,0.714,0.167802188
0.269,0.342,0.453,0.567,0.093380152
0.398,0.555,0.557,0.766,0.005780483
0.0,0.07,0.759,0.907,0.987353386
0.224,0.48,0.556,0.844,0.092988393
0.411,0.183,0.9,0.893,0.023139762
0.301,0.85,0.549,0.967,1.4456e-05
0.185,0.492,0.77,0.824,0.132767524
0.231,0.299,0.724,0.791,0.177490617
0.054,0.573,0.614,0.944,0.031970949
0.562,0.491,0.864,0.624,0.001896149
0.087,0.254,0.624,0.644,0.981238486
0.244,0.081,0.354,0.621,0.101762238
0.256,0.166,0.917,0.696,0.134365397
0.449,0.146,0.701,0.63,0.013221482
0.0,0.208,0.1,0.808,0.077495869
0.015,0.36,0.494,0.804,0.978821921
0.709,0.138,0.898,0.338,0.0
0.096,0.291,0.983,0.403,0.0
0.01,0.071,0.913,0.849,0.987444941
0.102,0.388,0.331,0.471,0.467149402
0.097,0.034,0.209,0.631,0.697481616
0.276,0.116,0.342,0.774,0.057504148
0.02,0.078,0.727,0.547,0.916413807
0.745,0.071,0.919,0.262,0.0
0.381,0.592,0.63,0.953,0.003769168
0.742,0.066,0.819,0.99,0.000139742
0.234,0.091,0.407,0.889,0.147096338
0.585,0.346,0.95,0.619,0.002116362
0.564,0.238,0.986,0.451,0.000575832
0.0,0.299,0.637,0.578,0.95892079
0.365,0.482,0.588,0.953,0.022480086
0.414,0.781,0.791,0.949,3.5658e-05
0.0,0.451,0.774,0.609,0.598675153
0.0,0.213,0.712,0.68,0.985090054
0.0,0.0,0.695,0.92,0.999510423
0.18,0.133,0.736,0.925,0.408337465
0.0,0.308,0.653,0.569,0.949767716
0.109,0.291,0.993,0.524,0.602264585
0.0,0.122,0.766,0.844,0.987340375
0.716,0.167,0.826,0.201,0.0
0.147,0.393,1.0,0.604,0.446663766
0.079,0.018,0.628,0.881,0.986278339
0.0,0.202,0.721,0.808,0.987076794
0.274,0.086,0.454,0.796,0.100182194
0.165,0.438,0.376,0.443,0.028066858
0.0,0.045,0.552,0.792,0.983345211
0.066,0.156,0.736,0.605,0.973441869
0.049,0.33,0.678,0.553,0.925486891
0.182,0.282,0.641,0.787,0.403250871
0.061,0.22,0.915,0.595,0.969953148
0.327,0.17,0.743,0.998,0.062318487
0.059,0.0,0.479,0.894,0.977164296
0.618,0.188,0.694,0.334,0.0
0.096,0.327,0.687,0.6,0.933682495
0.2,0.199,0.771,0.566,0.274066514
0.0,0.362,0.699,0.474,0.629673212
0.0,0.203,0.729,0.7,0.985958861
0.047,0.33,0.46,0.568,0.93935263
0.039,0.178,0.455,0.517,0.833227563
0.167,0.177,0.529,0.726,0.418908194
0.586,0.009,0.644,0.81,0.001347784
0.0,0.0,0.787,0.894,0.99992001
0.143,0.0,0.502,0.908,0.460031254
0.0,0.273,0.39,0.564,0.918937347
0.267,0.345,0.919,0.858,0.122118733
0.0,0.268,0.58,0.704,0.983841535
0.373,0.273,0.684,0.957,0.039143066
0.851,0.11,0.965,0.196,0.0
0.21,0.171,0.348,0.665,0.188092185
0.454,0.303,0.46,0.534,0.000669314
0.098,0.181,0.736,1.0,0.935788738
0.884,0.523,0.986,0.767,5.301e-06
0.0,0.086,0.472,0.841,0.976243447
0.209,0.46,0.529,0.97,0.144726032
0.097,0.633,0.889,0.933,0.006726871
0.361,0.279,0.907,0.781,0.045017032
0.012,0.175,0.098,0.217,0.0
0.486,0.204,0.652,0.632,0.008069354
0.054,0.343,0.816,0.617,0.977249587
0.262,0.107,0.291,0.792,0.034655915
0.499,0.247,0.924,0.644,0.007627482
0.168,0.385,0.599,0.451,0.160101944
0.867,0.068,0.9,0.727,7.71e-06
0.655,0.311,0.704,0.478,0.000111311
0.294,0.535,0.476,0.744,0.018596233
0.108,0.181,0.456,0.656,0.72320467
0.896,0.198,0.955,0.94,4.819e-06
0.121,0.266,0.767,0.283,0.0
0.187,0.228,0.254,0.869,0.252283691
0.0,0.179,0.511,0.757,0.980286316
0.009,0.28,0.211,0.621,0.749085777
0.301,0.812,0.664,0.839,2.3612e-05
0.354,0.653,0.909,0.717,0.001063482
0.077,0.018,0.102,0.11,0.0
0.169,0.154,0.806,0.295,0.0
0.0,0.421,0.643,0.455,0.192717632
0.302,0.107,0.394,0.793,0.052717275
0.204,0.256,0.397,0.903,0.243746925
0.272,0.356,0.732,0.426,0.018275309
0.382,0.381,0.546,0.657,0.029960598
0.0,0.241,0.642,0.712,0.985531926
0.275,0.59,0.384,0.694,0.004878909
0.0,0.549,0.557,0.553,0.005276932
0.207,0.211,0.743,0.93,0.254728687
0.0,0.0,0.624,0.848,0.99870474
0.201,0.3,0.527,0.581,0.269924862
0.648,0.336,0.736,0.68,0.00069148
0.328,0.067,0.709,0.896,0.061343187
0.001,0.306,0.403,0.609,0.95146389
0.01,0.154,0.89,0.683,0.985596497
0.735,0.157,0.741,0.277,0.0
0.058,0.042,0.502,0.841,0.979697474
0.235,0.374,0.331,0.532,0.087947577
0.061,0.0,0.669,0.933,0.986801166
0.081,0.261,0.556,0.745,0.983256066
0.203,0.732,0.757,0.835,0.000488132
0.094,0.249,0.847,0.272,0.0
0.09,0.477,0.574,0.546,0.266187016
0.192,0.399,0.532,0.437,0.060542323
0.11,0.293,0.661,0.971,0.687834627
0.755,0.815,0.764,0.838,0.0
0.308,0.414,0.75,0.816,0.076537916
0.189,0.836,0.471,0.933,4.0477e-05
0.249,0.357,0.478,0.479,0.068238711
0.057,0.635,0.861,0.967,0.006444497
0.0,0.0,0.557,0.903,0.996282392
0.0,0.185,0.565,0.698,0.982941406
0.279,0.324,0.314,0.625,0.034862636
0.674,0.284,0.783,0.792,0.000553666
0.456,0.24,0.516,0.596,0.006187661
0.0,0.06,0.651,0.777,0.986389169
0.463,0.013,0.733,0.675,0.0118896
0.262,0.388,0.643,0.998,0.126996678
0.138,0.146,0.404,0.771,0.452888531
0.0,0.114,0.531,0.722,0.981384974
0.08,0.476,0.25,0.496,0.066331961
0.292,0.629,0.776,0.818,0.003579312
0.0,0.129,0.749,0.849,0.987302308
0.0,0.293,0.644,0.595,0.969149875
0.569,0.489,0.789,0.733,0.001934698
0.558,0.181,0.867,0.859,0.003635691
0.013,0.237,0.689,0.663,0.983950919
0.392,0.663,0.549,0.986,0.000621127
0.789,0.133,0.869,0.907,5.5897e-05
0.167,0.241,0.202,0.509,0.124965125
0.094,0.417,0.297,0.549,0.830678966
0.047,0.599,0.46,0.716,0.013825744
0.154,0.0,0.756,0.897,0.447096965
0.105,0.573,0.72,0.76,0.031938664
0.363,0.118,0.421,0.807,0.023790284
0.0,0.127,0.553,0.859,0.983524948
0.879,0.044,0.919,0.985,8.192e-06
0.0,0.322,0.557,0.588,0.963120748
0.156,0.512,0.902,0.719,0.097788758
0.102,0.534,0.928,0.742,0.090370407
0.165,0.488,0.79,0.862,0.150393276
0.565,0.032,0.59,0.742,0.001082275
0.183,0.046,0.512,0.856,0.395294274
0.027,0.333,0.835,0.579,0.960349527
0.253,0.129,0.309,0.784,0.063555441
0.094,0.551,0.58,0.896,0.063437865
0.316,0.038,0.387,0.722,0.037422799
0.394,0.725,0.807,0.875,0.000169136
0.481,0.446,0.532,0.647,0.003734955
0.227,0.808,0.602,0.847,4.385e-05
0.028,0.323,0.532,0.575,0.95333209
0.0,0.016,0.556,0.864,0.983696975
0.511,0.055,0.933,0.71,0.006799633
0.101,0.209,0.623,0.745,0.88203882
0.243,0.411,0.545,0.593,0.139929522
0.228,0.147,0.533,0.851,0.17989369
0.0,0.0,0.665,0.93,0.999283945
0.573,0.034,0.954,0.9,0.00284591
0.006,0.503,0.288,0.803,0.187584779
0.094,0.097,0.648,0.432,0.211803442
0.166,0.482,0.703,0.708,0.160909554
0.507,0.75,0.988,0.752,0.0
0.172,0.285,0.28,0.56,0.295561181
0.271,0.365,0.425,0.682,0.097356523
0.28,0.136,0.449,0.74,0.091499904
0.143,0.59,0.718,0.597,0.00270665
0.623,0.761,0.647,0.8,9.64e-07
0.233,0.02,0.465,0.857,0.161483458
0.231,0.714,0.658,0.827,0.000654376
0.014,0.617,0.109,0.674,0.0
0.061,0.06,0.708,0.271,0.0
0.105,0.158,0.641,0.674,0.79425556
0.459,0.528,0.53,0.644,0.002440659
0.301,0.884,0.516,0.894,4.82e-07
0.308,0.442,0.406,0.454,0.006085505
0.055,0.253,0.131,0.404,0.0
0.233,0.319,0.318,0.746,0.104783547
0.0,0.08,0.583,0.757,0.984727208
0.429,0.224,0.537,0.895,0.013513012
0.03,0.101,0.529,0.785,0.981849976
0.1,0.054,0.468,0.864,0.898255591
0.103,0.0,0.616,0.873,0.836316334
0.177,0.416,0.39,0.482,0.244974724
0.13,0.074,0.595,0.762,0.498698717
0.0,0.126,0.688,0.783,0.986775627
0.231,0.204,0.758,0.632,0.1727129
0.111,0.591,0.117,0.786,5.4451e-05
0.012,0.356,0.485,0.769,0.977669775
0.207,0.358,0.507,0.539,0.205239924
0.179,0.2,0.527,0.526,0.342860819
0.184,0.162,0.369,0.674,0.356521764
0.926,0.485,0.928,0.691,0.0
0.954,0.223,0.963,0.709,9.64e-07
0.317,0.588,0.849,0.947,0.007403413
0.029,0.263,0.869,0.991,0.987465661
0.488,0.207,0.791,0.786,0.009165121
0.0,0.324,0.702,0.58,0.961268931
0.0,0.392,0.813,0.491,0.700226815
0.231,0.075,0.337,0.843,0.121340035
0.119,0.378,0.578,0.524,0.457082224
0.121,0.36,0.547,0.537,0.46424615
0.0,0.05,0.75,0.86,0.987314354
0.345,0.296,0.362,0.54,0.005998287
0.036,0.441,0.143,0.468,0.170681828
0.182,0.0,0.564,0.932,0.401094032
0.091,0.038,0.988,0.243,0.0
0.0,0.079,0.934,0.974,0.987478189
0.856,0.145,0.953,0.156,0.0
0.117,0.409,0.715,0.674,0.575015456
0.019,0.381,0.533,0.684,0.980507493
0.313,0.25,0.416,0.586,0.046336385
0.135,0.032,0.441,0.567,0.439609225
0.04,0.131,0.586,0.802,0.985053914
0.177,0.01,0.213,0.852,0.184051244
0.084,0.0,0.655,0.894,0.98663203
0.062,0.407,0.485,0.465,0.545568047
0.144,0.577,0.741,0.947,0.025544763
0.0,0.274,0.714,0.562,0.940886897
0.61,0.467,0.69,0.557,0.000461629
0.154,0.143,0.539,0.76,0.442087951
0.473,0.214,0.919,0.45,0.002171295
0.165,0.03,0.524,0.806,0.421957452
0.55,0.696,0.998,0.843,5.686e-05
0.097,0.324,0.623,0.641,0.937327341
0.0,0.026,0.375,0.908,0.948771214
0.354,0.204,0.782,0.967,0.048210368
0.014,0.233,0.861,0.603,0.973003852
0.0,0.298,0.615,0.774,0.985821047
0.126,0.285,0.406,0.658,0.487830194
0.83,0.134,0.863,0.403,0.0
0.0,0.313,0.736,0.582,0.962557445
0.719,0.825,0.754,0.826,0.0
0.084,0.477,0.254,0.487,0.030541248
0.0,0.233,0.548,0.659,0.980025626
0.184,0.433,0.753,0.647,0.319963436
0.129,0.282,0.171,0.725,0.084692079
0.0,0.401,0.751,0.436,0.232032725
0.052,0.192,0.636,0.439,0.250083002
0.446,0.06,0.503,0.332,0.0
0.55,0.068,0.792,0.911,0.004057325
0.081,0.466,0.622,0.552,0.366653512
0.082,0.033,0.804,0.288,0.0
0.0,0.0,0.753,0.973,0.999865077
0.528,0.415,0.977,0.743,0.005524612
0.237,0.285,0.422,0.594,0.136656678
0.235,0.77,0.905,0.928,0.0001807
0.106,0.381,0.388,0.74,0.749508375
0.137,0.796,0.701,0.977,0.00012384
0.133,0.082,0.597,0.796,0.488982821
0.104,0.428,0.353,0.502,0.425005746
0.203,0.154,0.687,0.494,0.167605586
0.0,0.234,0.602,0.602,0.971179983
