0.218,0.106,0.351,0.793,0.161890154
0.166,0.246,0.535,0.925,0.42132476
0.219,0.69,0.368,0.934,0.000840859
0.107,0.359,0.109,0.569,0.048403115
0.0,0.414,0.649,0.498,0.733331599
0.017,0.49,0.6,0.587,0.267733811
0.318,0.282,0.457,0.989,0.055336226
0.237,0.124,0.726,0.501,0.102406977
0.0,0.137,0.626,0.781,0.986080774
0.509,0.002,0.516,0.599,0.000491987
0.296,0.346,0.741,0.617,0.083204554
0.19,0.369,0.348,0.514,0.263890917
0.383,0.864,0.691,0.981,4.337e-06
0.093,0.304,0.126,0.629,0.457588667
0.063,0.373,0.462,0.52,0.84929881
0.876,0.132,0.938,0.161,0.0
0.0,0.188,0.745,0.648,0.98280311
0.241,0.39,0.378,0.89,0.121291367
0.0,0.448,0.566,0.495,0.368522676
0.0,0.063,0.724,0.84,0.987144737
0.147,0.417,0.42,0.48,0.268504317
0.214,0.299,0.667,0.613,0.21530662
0.049,0.203,0.661,0.695,0.98529292
0.0,0.187,0.566,0.821,0.984206309
0.312,0.275,0.384,0.625,0.037734085
0.231,0.0,0.495,0.91,0.169433309
0.0,0.214,0.428,0.707,0.967883045
0.017,0.141,0.707,0.737,0.986496625
0.263,0.353,0.639,0.557,0.106199756
0.242,0.183,0.494,0.797,0.148100068
0.0,0.354,0.515,0.482,0.664430801
0.0,0.113,0.478,0.882,0.977034192
0.131,0.156,0.218,0.821,0.286104048
0.078,0.0,0.427,0.919,0.96854995
0.0,0.24,0.649,0.695,0.985138241
0.098,0.074,0.187,0.809,0.545650447
0.003,0.005,0.556,0.881,0.983708058
0.432,0.1,0.537,0.736,0.012818641
0.0,0.17,0.947,0.78,0.987296525
0.108,0.292,0.341,0.855,0.685329879
0.171,0.293,0.841,0.581,0.399313531
0.053,0.06,0.677,0.821,0.986804539
0.0,0.225,0.806,1.0,0.987432894
0.0,0.372,0.795,0.512,0.813172717
0.389,0.255,0.457,0.786,0.018305667
0.0,0.1,0.725,0.737,0.986619983
0.0,0.077,0.606,0.821,0.985754549
0.069,0.118,0.841,0.719,0.986637812
0.0,0.1,0.584,0.736,0.984520968
0.256,0.072,0.977,0.886,0.135358526
0.066,0.18,0.379,0.452,0.386208179
0.159,0.31,0.569,0.574,0.409317102
0.117,0.489,0.402,0.571,0.177275704
0.333,0.396,0.371,0.504,0.011007301
0.0,0.115,0.676,0.773,0.986634921
0.108,0.0,0.613,0.922,0.738375788
0.0,0.133,0.448,0.703,0.971742804
0.0,0.401,0.751,0.436,0.232032725
0.538,0.484,0.731,0.591,0.002320192
0.015,0.013,0.716,0.955,0.987126426
0.059,0.348,0.27,0.489,0.629328195
0.036,0.017,0.861,0.381,0.0
0.0,0.129,0.562,0.76,0.983748535
0.25,0.0,0.298,0.897,0.057747491
0.396,0.451,0.502,0.803,0.0159715
0.153,0.136,0.233,0.825,0.275370448
0.0,0.045,0.552,0.792,0.983345211
0.241,0.248,0.449,0.589,0.133549595
0.01,0.154,0.89,0.683,0.985596497
0.0,0.315,0.769,0.579,0.96030375
0.051,0.159,0.173,0.781,0.569983795
0.0,0.068,0.626,0.826,0.986200277
0.0,0.429,0.583,0.607,0.7405307
0.0,0.275,0.722,0.896,0.98716883
0.369,0.11,0.861,0.259,0.0
0.277,0.136,0.33,0.482,0.027446695
0.282,0.312,0.379,0.415,0.0
0.21,0.171,0.348,0.665,0.188092185
0.0,0.059,0.819,0.899,0.987436267
0.822,0.005,0.969,0.216,0.0
0.376,0.223,0.422,0.826,0.018071479
0.066,0.505,0.595,0.746,0.213877882
0.246,0.52,0.427,0.558,0.017031127
0.0,0.207,0.549,0.721,0.982530855
0.0,0.011,0.228,0.93,0.802335998
0.177,0.052,0.237,0.953,0.247001459
0.052,0.103,0.525,0.847,0.981677468
0.0,0.141,0.658,0.754,0.986310142
0.091,0.0,0.558,0.872,0.976675201
0.0,0.182,0.822,0.723,0.986678771
0.001,0.154,0.503,0.975,0.979827578
0.38,0.317,0.382,0.74,0.001024932
0.0,0.137,0.633,0.883,0.986352547
0.129,0.282,0.171,0.725,0.084692079
0.285,0.007,0.432,0.889,0.082332374
0.394,0.725,0.807,0.875,0.000169136
0.434,0.256,0.903,0.481,0.00660785
0.0,0.232,0.651,0.647,0.982005138
0.055,0.402,0.669,0.67,0.984284371
0.211,0.189,0.415,0.799,0.214213262
0.07,0.341,0.295,0.578,0.88117965
0.134,0.193,0.313,0.643,0.413126747
0.0,0.092,0.715,0.794,0.986986203
0.867,0.39,0.937,0.591,1.0601e-05
0.249,0.081,0.332,0.681,0.085172019
0.255,0.359,0.433,0.478,0.060534131
0.0,0.266,0.645,0.571,0.952669522
0.704,0.025,0.851,0.927,0.000410069
0.171,0.276,0.667,0.956,0.419063355
0.16,0.132,0.187,0.151,0.0
0.111,0.217,0.496,0.595,0.642652315
0.027,0.304,0.831,0.602,0.972664135
0.23,0.281,0.338,0.638,0.121782871
0.0,0.398,0.604,0.747,0.985312677
0.0,0.017,0.766,0.898,0.987369769
0.0,0.0,0.794,0.913,0.999930129
0.0,0.122,0.589,0.766,0.98500139
0.296,0.437,0.319,0.821,0.016622504
0.062,0.478,0.763,0.495,0.065178852
0.013,0.258,0.684,0.575,0.9571586
0.0,0.378,0.822,0.796,0.987320137
0.119,0.253,0.371,0.796,0.515964031
0.0,0.389,0.454,0.61,0.962749228
0.0,0.305,0.795,0.664,0.984476636
0.0,0.439,0.587,0.629,0.727928418
0.083,0.27,0.493,0.826,0.97875735
0.099,0.307,0.466,0.586,0.894286448
0.0,0.396,0.637,0.614,0.975486915
0.207,0.358,0.507,0.539,0.205239924
0.165,0.438,0.376,0.443,0.028066858
0.822,0.003,0.967,0.945,3.614e-05
0.146,0.11,0.728,0.727,0.460956922
0.071,0.273,0.699,0.99,0.987020897
0.0,0.092,0.748,0.789,0.987181359
0.186,0.053,0.554,0.913,0.390090104
0.095,0.427,0.135,0.623,0.359530063
0.119,0.378,0.578,0.524,0.457082224
0.0,0.367,0.747,0.469,0.590852997
0.075,0.174,0.555,0.714,0.982779981
0.0,0.241,0.262,0.596,0.851605992
0.0,0.069,0.738,0.841,0.98723581
0.111,0.34,0.486,0.617,0.648535436
0.059,0.512,0.401,0.668,0.160446961
0.061,0.245,0.487,0.591,0.959996319
0.423,0.245,0.897,0.37,0.0
0.0,0.45,0.768,0.515,0.465557311
0.0,0.447,0.795,0.528,0.543036797
0.163,0.309,0.553,0.528,0.360631613
0.207,0.2,0.799,0.424,0.040194501
0.0,0.163,0.6,0.751,0.985232205
0.348,0.203,0.394,0.755,0.021665248
0.0,0.0,0.624,0.848,0.99870474
0.0,0.094,0.756,0.817,0.987278214
0.0,0.362,0.699,0.474,0.629673212
0.0,0.431,0.819,0.832,0.755351019
0.0,0.37,0.611,0.552,0.923525208
0.315,0.018,0.316,0.87,0.000774361
0.353,0.0,0.383,0.935,0.014125948
0.0,0.018,0.582,0.879,0.985027411
0.024,0.127,0.851,0.709,0.986449402
0.225,0.144,0.338,0.693,0.135706435
0.148,0.237,0.574,0.642,0.450143332
0.0,0.302,0.764,0.599,0.971239734
0.003,0.0,0.786,0.926,0.987404464
0.0,0.038,0.762,0.85,0.987332665
0.061,0.06,0.708,0.271,0.0
0.674,0.277,0.761,0.844,0.00051608
0.366,0.146,0.797,0.852,0.042875612
0.267,0.054,0.306,0.832,0.043699124
0.293,0.305,0.431,0.532,0.055693289
0.148,0.216,0.42,0.66,0.434649844
0.0,0.244,0.744,0.841,0.987272432
0.045,0.025,0.728,0.037,0.0
0.192,0.382,0.256,0.759,0.225812778
0.055,0.314,0.342,0.872,0.933477219
0.308,0.442,0.406,0.454,0.006085505
0.171,0.368,0.551,0.54,0.365225256
0.434,0.301,0.772,0.632,0.016262548
0.209,0.46,0.529,0.97,0.144726032
0.476,0.601,0.575,0.653,0.000558003
0.167,0.136,0.569,0.701,0.42083711
0.292,0.334,0.478,0.93,0.081770516
0.381,0.699,0.587,0.982,0.000295867
0.239,0.47,0.812,0.783,0.089980094
0.205,0.005,0.736,0.814,0.265652625
0.359,0.479,0.44,0.481,0.000276592
0.194,0.527,0.794,0.918,0.059932278
0.0,0.278,0.698,0.625,0.978653267
0.029,0.47,0.202,0.581,0.230881543
0.017,0.364,0.886,0.473,0.624554815
0.076,0.315,0.847,0.606,0.974147323
0.059,0.0,0.215,0.931,0.766536611
0.231,0.047,0.473,0.917,0.166822069
0.012,0.141,0.552,0.754,0.98312307
0.0,0.273,0.39,0.564,0.918937347
0.276,0.116,0.342,0.774,0.057504148
0.295,0.331,0.3,0.55,0.004396078
0.343,0.103,0.379,0.865,0.016782484
0.191,0.16,0.506,0.742,0.359952179
0.266,0.28,0.424,0.556,0.089162365
0.416,0.375,0.508,0.546,0.010331241
0.0,0.275,0.563,0.623,0.975621356
0.236,0.419,0.317,0.474,0.033045514
0.0,0.222,0.633,0.662,0.983326419
0.309,0.307,0.487,0.734,0.066305941
0.133,0.082,0.597,0.796,0.488982821
0.285,0.323,0.361,0.514,0.038636141
0.0,0.208,0.663,0.681,0.984778767
0.027,0.16,1.0,0.87,0.987464697
0.043,0.234,0.51,0.66,0.977482329
0.256,0.046,0.467,0.79,0.123434232
0.079,0.018,0.628,0.881,0.986278339
0.0,0.122,0.766,0.844,0.987340375
0.226,0.006,0.468,0.896,0.178206672
0.002,0.225,0.721,0.741,0.986641667
0.274,0.086,0.454,0.796,0.100182194
0.0,0.298,0.615,0.774,0.985821047
0.444,0.186,0.913,0.533,0.009908161
0.148,0.0,0.415,0.907,0.435915228
0.507,0.75,0.988,0.752,0.0
0.243,0.273,0.396,0.614,0.121633492
0.249,0.255,0.317,0.638,0.074217724
0.122,0.516,0.569,0.727,0.109793043
0.588,0.068,0.848,0.769,0.002217555
0.648,0.489,0.821,0.617,0.000506925
0.344,0.004,0.348,0.9,0.001965056
0.0,0.161,0.463,0.777,0.974890845
0.0,0.0,0.532,0.932,0.994699457
0.173,0.079,0.555,0.893,0.413663548
0.46,0.907,0.589,0.959,1.446e-06
0.186,0.624,0.472,0.626,0.000336344
0.464,0.2,0.537,0.987,0.007288729
0.109,0.265,0.701,0.762,0.713337468
0.131,0.315,0.592,0.583,0.47277135
0.0,0.059,0.745,0.778,0.987122089
0.946,0.627,0.949,0.879,0.0
0.087,0.101,0.631,0.487,0.685117376
0.0,0.399,0.537,0.494,0.711599853
0.142,0.459,0.48,0.672,0.242828967
0.232,0.32,0.275,0.48,0.033127913
0.179,0.292,0.655,0.898,0.409245786
0.622,0.345,0.776,0.695,0.001191177
0.0,0.13,0.359,0.902,0.941444899
0.0,0.348,0.761,0.673,0.9850091
0.192,0.399,0.532,0.437,0.060542323
0.23,0.105,0.272,0.39,0.0
0.0,0.007,0.344,0.997,0.934474203
0.626,0.195,0.799,0.974,0.001165638
0.095,0.065,0.472,0.863,0.949530637
0.061,0.21,0.664,0.681,0.984793223
0.16,0.315,0.287,0.826,0.338543767
0.0,0.507,0.788,0.6,0.189262641
0.0,0.083,0.725,0.825,0.987132209
0.056,0.0,0.642,0.887,0.986473977
0.163,0.289,0.321,0.794,0.364664362
0.108,0.446,0.752,0.74,0.552384546
0.0,0.431,0.391,0.502,0.507677355
0.553,0.686,0.64,0.805,4.6259e-05
0.06,0.071,0.484,0.806,0.97769435
0.0,0.236,0.542,0.805,0.982754924
0.277,0.034,0.368,0.842,0.06826666
0.17,0.184,0.552,0.784,0.416833272
0.0,0.398,0.447,0.533,0.883823658
0.451,0.155,0.688,1.0,0.013741899
0.0,0.0,0.695,0.92,0.999510423
0.0,0.315,0.566,0.522,0.861553184
0.23,0.214,0.431,0.672,0.160641154
0.169,0.284,0.88,0.917,0.422250909
0.088,0.366,0.863,0.888,0.987456987
0.076,0.138,0.645,0.771,0.986282194
0.0,0.27,0.686,0.611,0.975221406
0.425,0.35,0.903,0.577,0.015760924
0.075,0.156,0.757,0.671,0.984866949
0.17,0.198,0.385,0.698,0.386423092
0.097,0.324,0.623,0.641,0.937327341
0.0,0.176,0.895,0.807,0.987381334
0.0,0.096,0.736,0.74,0.986726476
0.52,0.311,0.531,0.332,0.0
0.032,0.393,0.761,0.648,0.982846478
0.238,0.389,0.291,0.508,0.04959911
0.0,0.194,0.579,0.697,0.98356687
0.331,0.1,0.372,0.736,0.019698264
0.486,0.598,0.949,0.716,0.001113596
0.565,0.032,0.59,0.742,0.001082275
0.054,0.346,0.494,0.491,0.696834949
0.342,0.417,0.433,0.854,0.036324141
0.0,0.123,0.605,0.76,0.985486149
0.09,0.364,0.889,0.641,0.976407282
0.0,0.161,0.634,0.867,0.986357366
0.076,0.066,0.238,0.836,0.823648518
0.098,0.062,0.686,0.863,0.935432638
0.143,0.106,0.433,0.871,0.450103336
0.117,0.242,0.617,0.736,0.575711755
0.0,0.175,0.46,0.661,0.97186809
0.0,0.0,0.534,0.951,0.994837753
0.148,0.175,0.395,0.36,0.0
0.011,0.38,0.303,0.53,0.8295008
0.069,0.224,0.707,0.683,0.985205702
0.0,0.317,0.707,0.73,0.986419526
0.245,0.526,0.427,0.754,0.031596538
0.049,0.0,0.194,0.869,0.639934582
0.0,0.425,0.847,0.554,0.696521253
0.493,0.468,0.848,0.996,0.006089842
0.277,0.0,0.424,0.924,0.090647481
0.499,0.386,0.773,0.595,0.006866613
0.029,0.244,0.681,0.592,0.967969781
0.205,0.199,0.413,0.412,0.0
0.018,0.0,0.696,0.945,0.986999695
0.233,0.319,0.318,0.746,0.104783547
0.0,0.08,0.583,0.757,0.984727208
0.061,0.22,0.915,0.595,0.969953148
0.0,0.0,0.629,0.861,0.998800632
0.0,0.58,0.868,0.698,0.024550189
0.269,0.342,0.453,0.567,0.093380152
0.0,0.095,0.611,0.813,0.985875016
0.218,0.0,0.352,0.886,0.162419727
0.313,0.102,0.395,0.734,0.043488548
0.017,0.356,0.678,0.736,0.986296168
0.054,0.0,0.897,0.931,0.987473371
0.201,0.3,0.527,0.581,0.269924862
0.294,0.027,0.568,0.886,0.086998298
0.0,0.007,0.313,0.83,0.914940738
0.0,0.375,0.772,0.461,0.497733536
0.047,0.427,0.237,0.455,0.163793531
0.2,0.411,0.534,0.426,0.04554564
0.142,0.057,0.423,0.838,0.449839273
0.483,0.074,0.961,0.129,0.0
0.486,0.204,0.652,0.632,0.008069354
0.025,0.053,0.205,0.87,0.721535962
0.0,0.436,0.607,0.488,0.45878659
0.031,0.231,0.487,0.944,0.978123213
0.4,0.25,0.462,0.663,0.014084507
0.342,0.416,0.385,0.467,0.008927078
0.0,0.402,0.83,0.435,0.232041398
0.0,0.166,0.412,0.775,0.964494552
0.074,0.266,0.658,0.618,0.976800486
0.0,0.0,0.563,0.899,0.996623072
0.0,0.279,0.565,0.654,0.980520504
0.0,0.149,0.678,0.755,0.9865159
0.01,0.004,1.0,0.832,0.987430966
0.053,0.368,0.637,0.536,0.898946589
0.2,0.08,0.523,0.889,0.293833203
0.183,0.836,0.693,0.974,4.4332e-05
0.045,0.232,0.272,0.294,0.0
0.342,0.404,0.381,0.475,0.008770953
0.206,0.449,0.287,0.672,0.112363324
0.254,0.0,0.659,0.888,0.137271059
0.516,0.746,0.57,0.753,0.0
0.0,0.32,0.738,0.558,0.934147497
0.577,0.54,0.821,0.657,0.000911693
0.168,0.213,0.529,0.69,0.416654981
0.055,0.811,0.089,0.968,0.0
0.597,0.141,0.811,0.875,0.001884102
0.25,0.045,0.346,1.0,0.091743247
0.04,0.148,0.526,0.746,0.981332451
0.236,0.434,0.478,0.462,0.037883464
0.748,0.366,0.87,0.539,7.7099e-05
0.041,0.17,0.527,0.728,0.981201383
0.0,0.413,0.635,0.567,0.947514503
0.201,0.214,0.311,0.687,0.217512609
0.297,0.023,0.63,0.901,0.085770499
0.313,0.25,0.416,0.586,0.046336385
0.14,0.017,0.557,0.886,0.470176976
0.078,0.174,0.624,0.727,0.98552759
0.382,0.381,0.546,0.657,0.029960598
0.084,0.0,0.655,0.894,0.98663203
0.073,0.006,0.35,0.185,0.0
0.0,0.021,0.725,0.51,0.802780761
0.344,0.0,0.345,0.842,0.000547402
0.354,0.204,0.782,0.967,0.048210368
0.213,0.784,0.322,0.968,7.5653e-05
0.292,0.641,0.427,0.899,0.001752552
0.005,0.05,0.764,0.47,0.598762853
0.171,0.395,0.295,0.697,0.32997038
0.515,0.27,0.517,0.745,0.000176845
0.328,0.499,0.466,0.648,0.019969556
0.052,0.088,0.806,0.895,0.987425666
0.178,0.25,0.447,0.68,0.394908298
0.0,0.046,0.598,0.871,0.985568548
0.0,0.228,0.538,0.685,0.980836127
0.136,0.079,0.476,0.893,0.472824356
0.092,0.079,0.111,0.757,0.308789409
0.339,0.406,0.524,0.507,0.030112386
0.0,0.086,0.353,0.827,0.938681389
0.078,0.046,0.503,0.108,0.0
0.135,0.182,0.517,0.867,0.479620134
0.0,0.142,0.735,0.739,0.986702383
0.0,0.063,0.629,0.942,0.986303396
0.113,0.155,0.437,0.733,0.617849146
0.035,0.429,0.689,0.452,0.163341058
0.0,0.277,0.334,0.632,0.92489564
0.573,0.034,0.954,0.9,0.00284591
0.113,0.08,0.706,0.894,0.634790645
0.529,0.106,0.783,0.119,0.0
0.161,0.386,0.419,0.588,0.398000924
0.15,0.363,0.426,0.592,0.420288745
0.25,0.032,0.472,0.916,0.132516953
0.041,0.413,0.42,0.525,0.862366577
0.274,0.259,0.639,0.807,0.112947348
0.13,0.239,0.415,0.649,0.475547871
0.032,0.373,0.671,0.527,0.879486368
0.314,0.149,0.447,0.799,0.056764963
0.0,0.047,0.839,0.921,0.987451687
0.0,0.043,0.604,0.832,0.985714554
0.0,0.261,0.763,0.576,0.958268341
0.0,0.091,0.641,0.842,0.986435428
0.053,0.315,0.54,0.975,0.982708664
0.007,0.088,0.352,0.367,0.0
0.0,0.282,0.705,0.555,0.929691186
0.304,0.0,0.665,0.874,0.079535615
0.0,0.0,0.575,0.888,0.997251427
0.211,0.023,0.482,0.88,0.226286454
0.203,0.309,0.521,0.639,0.26785235
0.709,0.392,0.836,0.894,0.000370556
0.068,0.527,0.675,0.951,0.107346119
0.271,0.134,0.591,0.779,0.115383188
0.152,0.207,0.882,0.962,0.450774096
0.373,0.273,0.684,0.957,0.039143066
0.0,0.43,0.679,0.585,0.732335096
0.117,0.074,0.118,0.762,0.011637584
0.138,0.207,0.586,0.672,0.473967346
0.024,0.144,0.56,0.765,0.983665653
0.259,0.285,0.432,0.618,0.109261061
0.168,0.385,0.599,0.451,0.160101944
0.04,0.123,0.493,0.959,0.978812765
0.0,0.07,0.759,0.907,0.987353386
0.0,0.0,0.606,0.944,0.998338521
0.856,0.145,0.953,0.156,0.0
0.251,0.404,0.31,0.489,0.040443145
0.142,0.525,0.911,0.732,0.079503329
0.0,0.406,0.531,0.431,0.231484359
0.272,0.356,0.732,0.426,0.018275309
0.609,0.291,0.976,0.318,0.0
0.422,0.155,0.843,0.71,0.019936789
0.199,0.401,0.382,0.485,0.158838487
0.474,0.828,0.498,0.942,1.446e-06
0.173,0.126,0.395,0.792,0.38846332
0.008,0.121,0.546,0.819,0.983021878
0.0,0.0,0.775,0.906,0.999906036
0.227,0.321,0.474,0.515,0.12648108
0.24,0.147,0.32,0.69,0.092441474
0.095,0.016,0.728,0.032,0.0
0.281,0.018,0.655,0.722,0.103800538
0.0,0.278,0.708,0.647,0.982468212
0.012,0.205,0.914,0.52,0.856534052
0.28,0.098,0.621,0.853,0.10497003
0.079,0.277,0.567,0.559,0.934791754
0.399,0.314,0.915,0.943,0.027318036
0.236,0.332,0.874,0.768,0.167388745
0.0,0.01,0.291,0.897,0.894172245
0.018,0.382,0.55,0.528,0.879682488
0.177,0.318,0.343,0.72,0.358681977
0.339,0.309,0.39,0.677,0.024063984
0.177,0.266,0.559,0.609,0.398854312
0.016,0.084,0.721,0.95,0.987166903
0.0,0.47,0.49,0.671,0.380149658
0.25,0.092,0.4,0.745,0.116545453
0.0,0.225,0.632,0.672,0.98398224
0.0,0.279,0.613,0.557,0.931806102
0.081,0.194,0.514,0.686,0.979188622
0.0,0.18,0.795,0.773,0.987189551
0.257,0.495,0.795,0.759,0.055895674
0.053,0.181,0.496,0.655,0.975697491
0.0,0.0,0.535,0.905,0.994887385
0.423,0.279,0.81,0.679,0.019463113
0.0,0.029,0.64,0.881,0.986453739
0.218,0.391,0.577,0.783,0.20885634
0.206,0.27,0.669,0.325,0.0
0.0,0.41,0.838,0.427,0.232042362
0.148,0.055,0.386,0.918,0.424720481
0.0,0.183,0.491,0.741,0.978096228
0.0,0.25,0.74,0.587,0.965584055
0.122,0.0,0.586,0.905,0.534559301
0.111,0.442,0.748,0.551,0.454465684
0.566,0.567,0.738,0.97,0.00075075
0.06,0.404,0.853,0.433,0.232047181
0.284,0.189,0.335,0.906,0.043787787
0.23,0.356,0.472,0.48,0.087039256
0.022,0.31,0.73,0.576,0.958158958
0.0,0.047,0.683,0.832,0.986862363
0.316,0.158,0.715,0.857,0.069829838
0.0,0.365,0.786,0.538,0.90235532
0.115,0.156,0.58,0.779,0.602760908
0.459,0.528,0.53,0.644,0.002440659
0.033,0.647,0.342,0.773,0.002809288
0.0,0.0,0.703,0.855,0.999537889
0.038,0.0,0.823,0.95,0.987443977
0.075,0.454,0.139,0.494,0.174083331
0.279,0.304,0.355,0.691,0.059318379
0.0,0.125,0.757,0.841,0.987316282
0.083,0.235,0.636,0.739,0.985861042
0.234,0.156,0.502,0.756,0.163652826
0.0,0.0,0.619,0.889,0.998631978
0.0,0.425,0.638,0.622,0.745615848
0.214,0.378,0.412,0.601,0.193045784
0.238,0.33,0.946,0.876,0.163808951
0.0,0.0,0.818,0.904,0.999954704
0.07,0.181,0.123,0.619,0.456805632
0.177,0.242,0.377,0.594,0.364048054
0.283,0.113,0.683,0.89,0.102072561
0.0,0.311,0.773,0.526,0.877405182
0.347,0.118,0.354,0.86,0.003210684
0.0,0.322,0.366,0.605,0.934119067
0.0,0.182,0.746,0.654,0.983477243
0.0,0.452,0.494,0.665,0.582664622
0.206,0.158,0.415,0.757,0.238193883
0.0,0.125,0.626,0.77,0.986017649
0.387,0.219,0.591,0.787,0.03049017
0.0,0.395,0.516,0.638,0.975493179
0.052,0.422,0.441,0.7,0.740201584
0.112,0.0,0.59,0.909,0.647679639
0.271,0.168,0.43,0.74,0.099111966
0.537,0.132,0.602,1.0,0.00320201
0.314,0.405,1.0,0.431,0.010038747
0.298,0.183,0.626,0.737,0.084498369
0.261,0.363,0.329,0.611,0.065323413
0.076,0.159,0.704,0.798,0.986930306
0.227,0.089,0.315,0.829,0.116530033
0.0,0.164,0.744,0.672,0.984912727
0.0,0.342,0.702,0.541,0.907368189
0.132,0.275,0.42,0.61,0.463302171
0.022,0.069,0.577,0.311,0.0
0.0,0.005,0.652,0.832,0.986549631
0.179,0.172,0.484,0.905,0.400390024
0.0,0.27,0.647,0.626,0.978564603
0.17,0.0,0.38,0.902,0.384824738
0.217,0.338,0.302,0.499,0.08748402
0.147,0.108,0.382,0.917,0.424912746
0.0,0.15,0.703,0.687,0.985304003
0.064,0.335,0.53,0.749,0.981652892
0.649,0.098,0.704,0.785,0.000487168
0.0,0.131,0.565,0.751,0.983815996
0.169,0.153,0.468,0.853,0.410528999
0.316,0.21,0.592,0.9,0.068098006
0.311,0.052,0.451,0.873,0.05992746
0.191,0.047,0.444,0.889,0.352274584
0.0,0.132,0.521,0.705,0.980332575
0.249,0.357,0.478,0.479,0.068238711
0.203,0.306,0.29,0.614,0.180454584
0.725,0.018,0.864,0.448,4.9632e-05
0.274,0.324,0.419,0.578,0.084703162
0.0,0.275,0.574,0.562,0.939137717
0.127,0.0,0.441,0.952,0.495416717
0.0,0.042,0.846,0.858,0.987435785
0.071,0.401,0.731,0.636,0.981089107
0.101,0.209,0.623,0.745,0.88203882
0.263,0.203,0.266,0.695,0.003384638
0.003,0.202,0.731,0.776,0.987028607
0.0,0.215,0.797,0.667,0.984730581
0.007,0.444,0.513,0.568,0.641776761
0.044,0.091,0.686,0.866,0.986909586
0.49,0.559,0.56,0.944,0.001328991
0.132,0.191,0.163,0.851,0.062777706
0.316,0.486,0.716,0.53,0.016219662
0.285,0.311,0.656,0.346,0.0
0.036,0.344,0.668,0.556,0.930935368
0.078,0.121,0.551,0.715,0.982549648
0.315,0.129,0.743,1.0,0.070799838
0.099,0.332,0.45,0.543,0.839406069
0.184,0.162,0.369,0.674,0.356521764
0.156,0.512,0.902,0.719,0.097788758
0.0,0.052,0.611,0.832,0.985905856
0.533,0.071,0.816,0.752,0.005162729
0.079,0.606,0.457,0.833,0.011864061
0.0,0.167,0.714,0.717,0.986251837
0.019,0.014,0.544,0.822,0.982907194
0.0,0.227,0.635,0.701,0.985171971
0.036,0.306,0.734,0.958,0.98724352
0.192,0.016,0.39,0.869,0.330052297
0.017,0.138,0.89,0.699,0.986179556
0.19,0.353,0.371,0.596,0.324068466
0.015,0.298,0.511,0.642,0.975675325
0.059,0.0,0.479,0.894,0.977164296
0.266,0.012,0.966,0.518,0.08706865
0.379,0.221,0.911,0.549,0.027802795
0.735,0.157,0.741,0.277,0.0
0.147,0.297,0.254,0.689,0.321518904
0.0,0.04,0.445,0.984,0.972195278
0.042,0.516,0.668,0.549,0.083801588
0.311,0.581,0.393,0.629,0.002750982
0.331,0.385,0.402,0.565,0.029330797
0.296,0.256,0.606,0.695,0.08561341
0.0,0.181,0.782,0.813,0.987319655
0.078,0.306,0.698,0.966,0.987015597
0.051,0.097,0.386,1.0,0.954330038
0.0,0.233,0.548,0.659,0.980025626
0.012,0.356,0.485,0.769,0.977669775
0.046,0.28,0.512,0.689,0.979153445
0.237,0.285,0.422,0.594,0.136656678
0.182,0.203,0.54,0.634,0.394217782
0.234,0.24,0.368,0.636,0.126762973
0.0,0.093,0.33,0.812,0.926901654
0.259,0.2,0.433,0.716,0.113401267
0.0,0.354,0.519,0.482,0.664549822
0.0,0.133,0.711,0.777,0.986896575
0.0,0.124,0.445,0.712,0.971387668
0.0,0.203,0.729,0.7,0.985958861
0.155,0.188,0.183,0.777,0.043372899
0.054,0.573,0.614,0.944,0.031970949
0.0,0.185,0.565,0.698,0.982941406
0.419,0.561,0.632,0.693,0.004420653
0.173,0.409,0.549,0.427,0.081424054
0.066,0.147,0.816,0.765,0.987162566
0.034,0.17,0.645,0.756,0.986166064
0.0,0.114,0.531,0.722,0.981384974
0.335,0.053,0.855,0.3,0.0
0.0,0.078,0.739,0.818,0.98720738
0.09,0.477,0.574,0.546,0.266187016
0.0,0.445,0.665,0.622,0.665593066
0.061,0.135,0.663,0.938,0.986738523
0.279,0.324,0.314,0.625,0.034862636
0.0,0.293,0.536,0.628,0.975105276
0.173,0.065,0.397,0.836,0.389330681
0.131,0.286,0.171,0.937,0.078001348
0.0,0.156,0.826,0.925,0.987443013
0.023,0.361,0.711,0.602,0.972374533
0.058,0.042,0.502,0.841,0.979697474
0.568,0.537,0.89,0.769,0.001246591
0.0,0.286,0.697,0.551,0.922893962
0.078,0.38,0.316,0.54,0.853696816
0.087,0.487,0.897,0.929,0.301994113
0.604,0.419,0.8,0.893,0.001515955
0.0,0.35,0.392,0.584,0.937927748
0.139,0.381,0.631,0.883,0.475061667
0.119,0.458,0.536,0.75,0.309108887
0.0,0.316,0.609,0.589,0.965412992
0.085,0.097,0.115,0.74,0.382004849
0.528,0.73,0.856,0.946,3.3249e-05
0.339,0.103,0.387,0.858,0.02285016
0.228,0.021,0.674,0.929,0.1845095
0.339,0.042,0.57,0.795,0.052475378
0.008,0.366,0.538,0.523,0.863600158
0.091,0.423,0.468,0.483,0.438597303
0.0,0.018,0.826,0.939,0.987444459
0.0,0.175,0.847,0.782,0.987283515
0.0,0.38,0.744,0.502,0.751720629
0.218,0.376,0.553,0.632,0.202682653
0.054,0.282,0.663,0.655,0.983013686
0.076,0.0,0.628,0.909,0.986282194
0.0,0.263,0.72,0.573,0.954902015
0.0,0.358,0.629,0.643,0.981210538
0.08,0.157,0.69,0.223,0.0
0.124,0.104,0.432,0.779,0.506885165
0.0,0.348,0.775,0.531,0.889807489
0.0,0.33,0.315,0.619,0.910597665
0.639,0.361,0.691,0.579,0.000425007
0.0,0.211,0.733,0.757,0.986896093
0.253,0.291,0.6,0.434,0.022048332
0.377,0.327,0.79,0.509,0.022099892
0.768,0.583,0.923,0.802,2.8912e-05
0.033,0.22,0.536,0.697,0.981119947
0.267,0.264,0.548,0.679,0.11662978
0.0,0.078,0.735,0.759,0.986929342
0.0,0.157,0.645,0.726,0.985812855
0.262,0.107,0.291,0.792,0.034655915
0.342,0.0,0.362,0.883,0.00935835
0.147,0.148,0.499,0.163,0.0
0.0,0.384,0.587,0.521,0.858746306
0.087,0.244,0.435,0.57,0.938782581
0.292,0.152,1.0,0.184,0.0
0.0,0.222,0.453,0.698,0.972377906
0.024,0.046,0.691,0.79,0.986826705
0.235,0.374,0.331,0.532,0.087947577
0.262,0.469,0.48,0.511,0.027904469
0.189,0.472,0.407,0.522,0.092656387
0.141,0.131,0.143,0.751,0.003967698
0.117,0.505,0.403,0.533,0.072473845
0.125,0.189,0.584,0.648,0.51296296
0.429,0.701,0.926,0.998,0.000228405
0.433,0.38,0.448,0.643,0.00277363
0.369,0.304,0.476,0.887,0.030895421
0.0,0.404,0.733,0.48,0.659402995
0.0,0.372,0.766,0.589,0.966595013
0.061,0.079,0.647,0.411,0.0
0.122,0.422,0.327,0.719,0.383829681
0.258,0.36,0.515,0.744,0.125920668
0.283,0.0,0.591,0.85,0.100497817
0.196,0.204,0.355,0.683,0.283117433
0.0,0.099,0.593,0.905,0.985418687
0.17,0.147,0.395,0.759,0.391824828
0.075,0.707,0.743,0.98,0.001070228
0.0,0.0,0.624,0.945,0.998736061
0.0,0.517,0.58,0.536,0.058395603
0.237,0.196,0.323,0.64,0.098649373
0.0,0.224,0.369,0.741,0.945502706
0.163,0.624,0.649,0.644,0.003046849
0.071,0.192,0.651,0.645,0.981688551
0.341,0.025,0.878,0.33,0.0
0.123,0.49,0.663,0.52,0.09110911
0.155,0.287,0.404,0.682,0.418460539
0.242,0.056,0.489,0.902,0.147617719
0.302,0.834,0.804,0.936,2.2166e-05
0.0,0.212,0.578,0.706,0.983795758
0.288,0.434,0.451,0.457,0.015745023
0.399,0.112,0.63,0.874,0.026157217
0.833,0.066,0.946,0.885,3.084e-05
0.068,0.264,0.472,0.619,0.967434426
0.0,0.114,0.307,0.937,0.909932206
0.0,0.0,0.538,0.958,0.995078205
0.164,0.247,0.57,0.716,0.425570013
0.329,0.238,0.456,0.663,0.046854393
0.0,0.18,0.47,0.744,0.9756069
0.358,0.417,0.365,0.551,0.002530768
0.372,0.542,0.682,0.715,0.010069586
0.255,0.062,0.775,0.923,0.136611864
0.0,0.0,0.828,0.902,0.999958559
0.0,0.357,0.801,0.545,0.913947608
0.307,0.348,0.369,0.729,0.035851429
0.199,0.21,0.525,0.862,0.301372503
0.0,0.404,0.721,0.482,0.666619926
0.141,0.244,0.266,0.648,0.346971631
0.837,0.251,0.986,0.524,1.3974e-05
0.689,0.005,0.894,0.841,0.000520417
0.0,0.142,0.653,0.888,0.9866036
0.0,0.376,0.642,0.461,0.497539343
0.046,0.423,0.516,0.465,0.315142351
0.312,0.286,0.477,0.92,0.062719882
0.0,0.178,0.914,0.735,0.986880192
0.257,0.001,0.293,0.894,0.042917053
0.17,0.375,0.998,0.647,0.416619323
0.101,0.168,0.521,0.767,0.877452887
0.402,0.132,0.461,0.781,0.013510121
0.511,0.018,0.52,0.997,0.0007122
0.0,0.362,0.612,0.474,0.629390837
0.184,0.0,0.342,0.945,0.345581925
0.0,0.044,0.465,0.792,0.97521996
0.147,0.393,1.0,0.604,0.446663766
0.0,0.012,0.942,0.825,0.987417474
0.26,0.0,0.292,0.9,0.038128253
0.73,0.025,0.75,0.302,0.0
0.0,0.004,0.53,0.876,0.982052843
0.0,0.344,0.722,0.571,0.953171146
0.0,0.421,0.451,0.502,0.514523247
0.0,0.284,0.371,0.625,0.940572237
0.2,0.373,0.348,0.514,0.193167214
0.112,0.141,0.637,0.767,0.648532545
0.281,0.07,0.935,0.964,0.105076523
0.08,0.16,0.151,0.876,0.534898054
0.0,0.0,0.585,0.923,0.997641258
0.0,0.02,0.637,0.989,0.986418563
0.329,0.457,0.544,0.915,0.03855326
0.219,0.207,0.319,0.676,0.139896755
0.0,0.336,0.701,0.57,0.95210911
0.0,0.262,0.543,0.839,0.98287539
0.12,0.158,0.432,0.679,0.529904942
0.21,0.049,0.511,0.788,0.233502903
0.27,0.418,0.64,0.418,0.0
0.0,0.393,0.397,0.537,0.881983887
0.0,0.394,0.706,0.442,0.285986472
0.32,0.043,0.777,0.158,0.0
0.067,0.202,0.56,0.711,0.982996339
0.0,0.0,0.423,0.945,0.98009887
0.0,0.15,0.419,0.764,0.966334323
0.311,0.261,0.603,0.576,0.063105858
0.298,0.638,0.341,0.796,0.000722319
0.058,0.386,0.457,0.788,0.9740071
0.02,0.164,0.982,0.464,0.5386306
0.0,0.432,0.785,0.471,0.37412005
0.0,0.057,0.653,0.879,0.986601672
0.03,0.097,0.705,0.865,0.987037281
0.0,0.0,0.769,0.906,0.999895917
0.451,0.105,0.769,0.354,0.0
0.0,0.439,0.426,0.512,0.555099869
0.079,0.266,0.648,0.571,0.952695543
0.0,0.043,0.858,0.926,0.987461324
0.194,0.315,0.454,0.922,0.333739066
0.046,0.232,0.518,0.671,0.978842159
0.0,0.219,0.633,0.878,0.986350138
0.0,0.392,0.813,0.491,0.700226815
0.008,0.888,0.492,0.941,6.746e-06
0.39,0.073,0.844,0.48,0.012381105
0.044,0.464,0.677,0.502,0.213051479
0.113,0.019,0.842,0.818,0.63511446
0.0,0.549,0.557,0.553,0.005276932
0.0,0.164,0.447,0.673,0.97056512
0.0,0.131,0.984,0.705,0.986353029
0.181,0.4,0.802,0.478,0.247366714
0.229,0.399,0.7,0.705,0.181449641
0.0,0.35,0.689,0.533,0.893110691
0.125,0.203,0.596,0.679,0.515779476
0.705,0.503,0.912,0.598,0.000165762
0.04,0.0,0.658,0.883,0.986672025
0.103,0.044,0.835,0.554,0.778827125
0.622,0.753,0.862,0.881,3.855e-06
0.215,0.022,0.327,0.857,0.158438055
0.0,0.563,0.638,0.58,0.019085329
0.232,0.258,0.288,0.777,0.079018571
0.0,0.196,0.831,0.707,0.986373749
0.13,0.207,0.272,0.721,0.384288901
0.182,0.286,0.543,0.55,0.361037827
0.0,0.342,0.636,0.494,0.713253141
0.302,0.299,0.584,0.689,0.079029654
0.287,0.151,0.414,0.747,0.075482145
0.489,0.326,0.85,0.803,0.009094287
0.073,0.153,0.651,0.92,0.986583843
0.0,0.262,0.762,0.574,0.955887434
0.0,0.406,0.744,0.548,0.917801103
0.201,0.413,0.742,0.882,0.292292191
0.242,0.494,0.504,0.779,0.061840474
0.006,0.253,0.736,0.706,0.986168955
0.148,0.443,0.339,0.604,0.281164423
0.701,0.208,0.905,0.559,0.000292975
0.067,0.105,0.64,0.771,0.986227261
0.28,0.136,0.449,0.74,0.091499904
0.297,0.165,0.401,0.671,0.059750614
0.301,0.261,0.427,0.619,0.061487747
0.127,0.204,0.612,0.687,0.508267161
0.069,0.466,0.151,0.474,0.050120973
0.008,0.14,0.562,0.778,0.983863701
0.107,0.14,0.667,0.445,0.184483961
0.267,0.0,0.369,0.845,0.080534526
0.236,0.0,0.526,0.925,0.161892564
0.556,0.029,0.723,0.964,0.003463182
0.346,0.389,0.529,0.448,0.011445318
0.057,0.415,0.667,0.421,0.23199273
0.168,0.111,0.381,0.772,0.387798824
0.087,0.254,0.624,0.644,0.981238486
0.0,0.15,0.578,0.77,0.984623124
0.0,0.39,0.648,0.531,0.889333813
0.197,0.444,0.856,0.813,0.246934961
0.227,0.446,0.495,0.5,0.06779202
0.772,0.853,0.912,0.962,0.0
0.0,0.299,0.637,0.578,0.95892079
0.097,0.292,0.994,0.893,0.944033492
0.0,0.026,0.873,0.972,0.987465179
0.0,0.221,0.614,0.674,0.983748053
0.0,0.28,0.416,0.557,0.916674015
0.0,0.238,0.826,0.727,0.986743341
0.085,0.154,0.64,0.799,0.986348692
0.479,0.308,0.978,0.851,0.010308593
0.0,0.0,0.511,0.91,0.993118449
0.024,0.484,0.635,0.641,0.304412606
0.074,0.149,0.706,0.687,0.985320868
0.077,0.15,0.364,0.795,0.943605111
0.573,0.35,0.704,0.977,0.002416566
0.137,0.495,0.487,0.5,0.015068962
0.196,0.041,0.326,0.996,0.268818013
0.401,0.329,0.882,0.887,0.026539338
0.188,0.092,0.503,0.785,0.377975472
0.031,0.124,0.614,0.752,0.98562059
0.0,0.307,0.665,0.64,0.981183072
0.343,0.774,0.385,0.997,1.5902e-05
0.561,0.011,0.916,0.568,0.002638225
0.0,0.435,0.79,0.464,0.306571854
0.282,0.247,0.448,0.72,0.088804337
0.367,0.351,0.377,0.703,0.004734349
0.18,0.103,0.808,0.827,0.408453114
0.794,0.483,0.973,0.91,4.5296e-05
0.164,0.213,0.592,0.664,0.424538817
0.21,0.403,0.424,0.6,0.211502275
0.34,0.266,0.359,0.635,0.00866687
0.005,0.335,0.214,0.598,0.758596397
0.398,0.047,0.992,0.978,0.027722323
0.0,0.082,0.705,0.933,0.987055592
0.0,0.041,0.761,0.796,0.987239183
0.125,0.155,0.448,0.89,0.504988052
0.0,0.254,0.372,0.682,0.945878081
0.247,0.173,0.316,0.738,0.07782643
0.087,0.372,0.587,0.593,0.966956896
0.109,0.895,0.328,0.941,1.927e-06
0.346,0.269,0.908,0.759,0.051868707
0.027,0.349,0.306,0.36,0.0
0.058,0.56,0.456,0.609,0.034545568
0.655,0.311,0.704,0.478,0.000111311
0.062,0.381,0.656,0.584,0.963133276
0.0,0.337,0.611,0.559,0.935984376
0.041,0.344,0.434,0.581,0.947776157
0.26,0.202,0.305,0.702,0.050694877
0.0,0.187,0.698,0.827,0.986958254
0.423,0.535,0.558,0.654,0.004865417
0.069,0.265,0.378,0.875,0.95028235
0.194,0.365,0.356,0.471,0.164339969
0.183,0.097,0.412,0.783,0.379155566
0.0,0.127,0.553,0.859,0.983524948
0.0,0.104,0.578,0.883,0.984854421
0.023,0.135,0.56,0.213,0.0
0.172,0.093,0.283,0.103,0.0
0.104,0.428,0.353,0.502,0.425005746
0.031,0.243,0.229,0.447,0.290983921
0.172,0.014,0.533,0.951,0.413431287
0.348,0.064,0.38,0.82,0.01487477
0.135,0.054,0.494,0.783,0.477294641
0.149,0.25,0.481,0.638,0.440903521
0.121,0.119,0.789,0.717,0.542301949
0.314,0.239,0.467,0.719,0.059631111
0.023,0.048,0.433,0.979,0.969815334
0.178,0.673,0.592,0.908,0.002137083
0.213,0.077,0.992,0.857,0.228596527
0.356,0.0,0.502,0.938,0.039634089
0.0,0.079,0.934,0.974,0.987478189
0.412,0.402,0.639,0.852,0.021779932
0.014,0.066,0.725,0.913,0.987189069
0.66,0.915,0.734,0.968,0.0
0.0,0.416,0.622,0.467,0.574367344
0.261,0.073,0.462,0.897,0.116575811
0.179,0.023,0.515,0.88,0.4035265
0.273,0.246,0.278,0.639,0.006062376
0.0,0.091,0.73,0.745,0.986748642
0.025,0.056,0.271,0.883,0.869847089
0.09,0.121,0.398,0.92,0.954223063
0.078,0.0,0.332,0.848,0.928116442
0.0,0.247,0.637,0.768,0.986160282
0.29,0.815,0.432,0.903,2.7948e-05
0.031,0.169,0.518,0.713,0.980295953
0.399,0.633,0.609,0.839,0.001346338
0.0,0.467,0.743,0.516,0.261908032
0.299,0.041,0.436,0.796,0.067898995
0.0,0.0,0.557,0.872,0.996274682
0.709,0.138,0.898,0.338,0.0
0.101,0.41,0.661,0.588,0.861924222
0.047,0.221,0.491,0.662,0.975781336
0.83,0.134,0.863,0.403,0.0
0.156,0.243,0.396,0.642,0.411316852
0.162,0.16,0.307,0.717,0.354954249
0.255,0.41,0.938,0.935,0.136699082
0.169,0.154,0.806,0.295,0.0
0.066,0.417,0.663,0.466,0.557154553
0.23,0.064,0.357,1.0,0.133221926
0.411,0.22,0.503,0.616,0.014236295
0.102,0.264,0.393,0.632,0.824358791
0.262,0.465,0.52,0.57,0.056956746
0.289,0.005,0.357,0.874,0.04857996
0.0,0.386,0.562,0.54,0.904189308
0.121,0.352,0.348,0.575,0.47039237
0.695,0.321,0.817,0.554,0.000284784
0.044,0.056,0.112,0.136,0.0
0.022,0.889,0.114,0.974,0.0
0.104,0.0,0.333,0.956,0.756412091
0.0,0.213,0.816,0.869,0.987422775
0.0,0.106,0.607,0.914,0.98583984
0.577,0.419,0.702,0.581,0.001564624
0.0,0.0,0.772,0.94,0.99990459
0.375,0.462,0.77,0.936,0.02593363
0.0,0.359,0.393,0.477,0.636777867
0.069,0.01,0.865,0.287,0.0
0.303,0.322,0.423,0.584,0.055700036
0.143,0.344,0.338,0.924,0.41177029
0.127,0.199,0.327,0.679,0.447725802
0.279,0.487,0.46,0.491,0.002254176
0.243,0.313,0.479,0.586,0.133325045
0.096,0.257,0.455,0.928,0.936281206
0.176,0.271,0.686,0.642,0.408519611
0.278,0.112,0.431,0.724,0.090648444
0.04,0.179,0.126,0.581,0.471504039
0.255,0.296,0.284,0.587,0.032933239
0.42,0.011,0.512,0.945,0.01387875
0.0,0.23,0.534,0.607,0.969856775
0.0,0.35,0.551,0.487,0.684029319
0.061,0.474,0.266,0.571,0.272437802
0.073,0.285,0.473,0.597,0.960991375
0.21,0.323,0.978,0.376,0.0
0.079,0.258,0.782,0.928,0.987398199
0.0,0.015,0.365,0.821,0.944059031
0.331,0.093,0.365,0.808,0.01654685
0.45,0.535,0.551,0.649,0.003026128
0.012,0.395,0.459,0.497,0.719403217
0.019,0.381,0.533,0.684,0.980507493
0.0,0.213,0.712,0.68,0.985090054
0.208,0.24,0.929,0.688,0.248473082
0.462,0.075,0.772,0.882,0.012456758
0.0,0.339,0.656,0.537,0.900516996
0.0,0.0,0.625,0.897,0.998752445
0.293,0.08,0.485,0.729,0.081301177
0.436,0.267,0.717,0.524,0.010131747
0.0,0.0,0.589,0.911,0.997784373
0.326,0.171,0.378,0.666,0.025626681
0.129,0.343,0.821,0.567,0.469535128
0.176,0.052,0.422,0.341,0.0
0.0,0.241,0.24,0.596,0.820840676
0.327,0.17,0.743,0.998,0.062318487
0.0,0.264,0.781,1.0,0.987400609
0.339,0.093,0.799,0.743,0.05529623
0.0,0.17,0.607,0.873,0.985831648
0.289,0.548,0.365,0.781,0.008992612
0.0,0.208,0.1,0.808,0.077495869
0.0,0.293,0.644,0.595,0.969149875
0.0,0.11,0.782,0.847,0.98736736
0.004,0.373,0.864,0.8,0.987353386
0.02,0.23,0.662,0.934,0.986728404
0.011,0.313,0.856,0.678,0.985362309
0.0,0.295,0.468,0.852,0.975743751
0.089,0.066,0.64,0.928,0.986074991
0.0,0.384,0.848,0.512,0.813185728
0.379,0.15,0.481,0.835,0.026625592
-0.0,0.337,0.747,0.545,0.913882556
0.199,0.367,0.596,0.674,0.303296119
0.289,0.319,0.447,0.66,0.07934865
0.257,0.677,0.36,0.854,0.000821102
0.169,0.126,0.466,0.71,0.409426968
0.01,0.617,0.225,0.893,0.002842537
0.0,0.44,0.85,0.558,0.674908048
0.336,0.022,0.38,0.875,0.020900042
0.213,0.0,0.36,0.937,0.183034503
0.313,0.747,0.607,0.87,0.000163835
0.34,0.496,0.998,0.726,0.025572712
0.072,0.484,0.703,0.788,0.310164659
0.265,0.361,0.3,0.535,0.033705672
0.062,0.297,0.939,0.332,0.0
0.154,0.143,0.539,0.76,0.442087951
0.0,0.229,0.746,0.671,0.984830327
0.103,0.281,0.198,0.719,0.52281667
0.0,0.015,0.455,1.0,0.973816762
0.637,0.325,0.687,0.585,0.000426935
0.11,0.091,0.12,0.958,0.139137332
0.114,0.092,0.611,0.744,0.619990083
0.112,0.132,0.451,0.762,0.635333228
0.001,0.177,0.72,0.791,0.987012705
0.147,0.215,0.837,0.57,0.430243165
0.116,0.192,0.603,0.703,0.587865418
0.135,0.146,0.396,0.47,0.257437264
0.545,0.025,0.892,0.811,0.004442337
0.197,0.193,0.544,0.766,0.317966577
0.198,0.259,0.855,0.997,0.314807453
0.334,0.272,0.524,0.634,0.050305046
0.139,0.05,0.693,0.133,0.0
0.083,0.282,0.491,0.62,0.969744499
0.156,0.156,0.396,0.68,0.413650055
0.035,0.321,0.111,0.474,0.265828024
0.397,0.64,0.548,0.759,0.000998911
0.301,0.134,0.332,0.784,0.023697283
0.0,0.359,0.728,0.536,0.899420265
0.277,0.335,0.292,0.582,0.01697764
0.067,0.076,0.185,0.76,0.5905234
0.167,0.177,0.529,0.726,0.418908194
0.605,0.183,0.744,0.867,0.00151451
0.149,0.0,0.416,0.903,0.434404573
0.224,0.242,0.65,0.594,0.181710331
0.28,0.355,0.49,0.923,0.09729388
0.319,0.35,0.865,0.476,0.028822427
0.151,0.137,0.565,0.7,0.448120451
0.051,0.242,0.564,0.684,0.982391114
0.11,0.0,0.357,0.943,0.64168617
0.042,0.366,0.531,0.606,0.96940912
0.014,0.233,0.861,0.603,0.973003852
0.204,0.146,0.351,0.748,0.221937599
0.311,0.438,0.346,0.538,0.013815625
0.008,0.198,0.733,0.76,0.986925006
0.072,0.21,0.474,0.667,0.974148769
0.663,0.001,0.73,0.349,0.0
0.442,0.164,0.551,0.612,0.010717698
0.388,0.683,0.406,0.924,5.3487e-05
0.014,0.244,0.397,0.846,0.959327004
0.017,0.161,0.781,0.488,0.691202881
0.127,0.035,0.291,0.873,0.418162263
0.541,0.193,0.571,0.904,0.001755925
0.321,0.744,0.981,0.958,0.000174918
0.006,0.0,0.699,0.889,0.987013669
0.032,0.148,0.491,0.866,0.978559303
0.293,0.026,0.422,0.811,0.070961745
0.337,0.382,0.37,0.454,0.004768561
0.299,0.0,0.305,0.855,0.005662908
0.0,0.159,0.675,0.817,0.986777072
0.663,0.225,0.909,0.401,0.0
0.085,0.0,0.472,0.934,0.976279587
0.701,0.072,0.782,0.812,0.000365737
0.14,0.164,0.606,0.718,0.471429349
0.16,0.0,0.393,0.912,0.406550219
0.0,0.34,0.779,0.62,0.977851439
0.0,0.09,0.863,0.971,0.987464215
0.545,0.046,0.996,0.341,0.0
0.119,0.02,0.588,0.83,0.554423327
-0.0,0.36,0.701,0.477,0.647979843
0.154,0.379,0.584,0.601,0.431167387
0.157,0.091,0.561,0.112,0.0
0.077,0.242,0.38,0.686,0.949997085
0.169,0.314,0.448,0.576,0.387016271
0.224,0.445,0.972,0.925,0.14863976
0.054,0.0,0.385,0.896,0.953856362
0.027,0.465,0.421,0.89,0.424992254
0.13,0.134,0.593,0.834,0.49887508
0.181,0.07,0.531,0.805,0.401004887
0.049,0.318,0.645,0.585,0.964029068
0.416,0.459,0.669,0.514,0.006070568
0.039,0.026,0.323,0.81,0.922271389
0.529,0.573,0.726,0.584,0.000208167
0.241,0.174,0.273,0.873,0.043248578
0.467,0.142,0.697,0.856,0.011377857
0.197,0.293,0.322,0.763,0.256716872
0.0,0.394,0.473,0.442,0.284395345
0.051,0.0,0.647,0.894,0.986536138
0.506,0.0,0.513,0.885,0.000654376
0.402,0.006,0.633,0.762,0.025032056
0.097,0.304,0.691,0.901,0.943527049
0.212,0.064,0.736,0.198,0.0
0.0,0.578,0.876,0.685,0.025923029
0.569,0.489,0.789,0.733,0.001934698
0.56,0.0,0.607,0.916,0.001911569
0.221,0.175,0.472,0.727,0.191226252
0.098,0.193,0.464,0.695,0.9224704
0.054,0.343,0.816,0.617,0.977249587
0.054,0.613,0.162,0.752,0.000919885
0.0,0.24,0.768,0.643,0.982208486
0.03,0.415,0.83,0.498,0.733670833
0.012,0.444,0.698,0.454,0.111431874
0.159,0.238,0.328,0.854,0.376398319
0.626,0.273,0.682,0.282,0.0
0.118,0.504,0.624,0.55,0.100234718
0.37,0.152,0.49,1.0,0.03212852
0.0,0.017,0.784,0.961,0.987403018
0.0,0.002,0.629,0.896,0.986297614
0.184,0.212,0.592,1.0,0.397482435
0.15,0.192,0.394,0.686,0.423690248
0.12,0.397,0.598,0.708,0.546555876
0.239,0.185,0.488,0.786,0.152675883
0.246,0.492,0.539,0.675,0.061246813
0.054,0.038,0.177,0.767,0.57480488
0.139,0.44,0.435,0.57,0.328831245
0.196,0.516,0.551,0.654,0.068360624
0.316,0.038,0.387,0.722,0.037422799
0.187,0.12,0.671,0.862,0.389671843
0.0,0.062,0.813,0.775,0.987225691
0.263,0.549,0.788,0.705,0.021888834
0.124,0.108,0.757,0.805,0.524692099
0.172,0.458,0.428,0.878,0.207330748
0.335,0.018,0.886,0.869,0.057609195
0.025,0.266,0.682,0.632,0.980081522
0.069,0.071,0.721,0.913,0.987163048
0.504,0.088,0.855,0.85,0.007533999
0.0,0.064,0.585,0.839,0.985082344
0.0,0.448,0.626,0.653,0.634451411
0.119,0.088,0.327,0.847,0.494206747
0.072,-0.0,0.838,0.837,0.987408319
0.127,0.0,0.439,0.935,0.495037005
0.147,0.018,0.416,0.878,0.43835396
0.021,0.055,0.545,0.967,0.983029588
0.0,0.0,0.634,0.893,0.99888785
0.961,0.127,0.983,0.658,9.64e-07
0.097,0.045,0.55,0.791,0.939777637
0.0,0.28,0.779,0.792,0.98725653
0.0,0.332,0.701,0.576,0.958016807
0.085,0.248,0.619,0.652,0.982145361
0.378,0.053,0.481,0.586,0.024060611
0.0,0.313,0.736,0.582,0.962557445
0.37,0.35,0.49,0.635,0.03090554
0.098,0.181,0.736,1.0,0.935788738
0.588,0.453,0.664,0.493,0.000269364
0.442,0.252,0.963,0.441,0.002271042
0.008,0.066,0.21,0.865,0.746977606
0.268,0.201,0.462,0.766,0.10834744
0.102,0.383,0.633,0.453,0.315193429
0.013,0.018,0.494,0.879,0.978906247
0.185,0.147,0.37,0.77,0.355636092
0.0,0.1,0.572,0.825,0.984526751
0.1,0.403,0.426,0.491,0.614662555
0.234,0.06,0.487,0.843,0.162239027
0.078,0.251,0.48,0.631,0.970901945
0.289,0.338,0.571,0.848,0.092532547
0.0,0.0,0.76,0.879,0.999868932
0.271,0.365,0.425,0.682,0.097356523
0.114,0.181,0.388,0.712,0.589122129
0.0,0.02,0.679,0.897,0.986877782
0.0,0.038,0.723,0.857,0.987157266
0.132,0.0,0.604,0.889,0.492333246
0.0,0.48,0.803,0.487,0.026004465
0.215,0.0,0.99,0.959,0.220943506
0.065,0.069,0.6,0.844,0.985607098
0.0,0.466,0.759,0.599,0.413934839
0.263,0.461,0.583,0.591,0.066992602
0.0,0.303,0.554,0.769,0.983356294
0.0,0.331,0.745,0.549,0.920431618
0.0,0.408,0.713,0.428,0.232015377
0.283,0.358,0.397,0.76,0.074419145
0.513,0.019,0.655,0.843,0.005863846
0.04,0.131,0.586,0.802,0.985053914
0.0,0.234,0.602,0.602,0.971179983
0.4,0.043,0.925,0.793,0.026912303
0.099,0.005,0.644,0.552,0.863012279
0.0,0.359,0.666,0.526,0.877083776
0.198,0.441,0.492,0.463,0.078195541
0.0,0.452,0.4,0.482,0.266879941
0.297,0.116,0.892,0.806,0.086877831
0.145,0.39,0.514,0.488,0.293115221
0.312,0.508,0.367,0.656,0.010747092
0.181,0.215,0.524,0.622,0.393511846
0.158,0.469,0.556,0.508,0.090538579
0.0,0.466,0.625,0.475,0.077265055
0.0,0.527,0.74,0.535,0.018273382
0.032,0.187,0.241,0.854,0.828991466
0.064,0.124,0.638,0.759,0.986112095
0.0,0.166,0.777,0.788,0.98724352
0.0,0.095,0.842,0.809,0.987364951
0.199,0.313,0.36,0.523,0.213186884
0.0,0.079,0.694,0.821,0.986920669
0.071,0.163,0.629,0.673,0.983987541
0.004,0.122,0.213,0.714,0.75869518
0.473,0.609,0.744,0.628,0.000364292
0.414,0.275,0.906,0.796,0.022200602
0.024,0.231,0.384,0.545,0.888972413
0.068,0.147,0.661,0.728,0.986036442
0.287,0.445,0.735,0.744,0.075821379
0.141,0.236,0.282,0.711,0.367461122
0.0,0.093,0.773,0.824,0.987326401
0.069,0.28,0.476,0.394,0.0
0.542,0.534,0.59,0.793,0.000837004
0.0,0.172,0.36,0.761,0.941675232
0.0,0.082,0.807,0.883,0.987425184
0.038,0.024,0.585,0.91,0.98511993
0.0,0.262,0.55,0.574,0.952713854
0.285,0.225,0.439,0.611,0.079763056
0.079,0.0,0.482,0.839,0.977491002
0.0,0.284,0.309,0.553,0.865136834
0.286,0.24,0.373,0.617,0.056924461
0.072,0.347,0.63,0.489,0.693835324
0.736,0.797,0.963,0.802,0.0
0.014,0.239,0.733,0.643,0.982078863
0.0,0.392,0.672,0.539,0.904658647
0.168,0.418,0.405,0.485,0.258883349
0.0,0.155,0.259,0.878,0.855948583
0.274,0.0,0.275,0.849,0.001240809
0.0,0.037,0.704,0.866,0.987030535
0.345,0.185,0.376,0.651,0.013893687
0.216,0.185,0.508,0.651,0.207399655
0.61,0.187,0.633,0.576,0.000322369
0.714,0.953,0.796,0.955,0.0
0.109,0.418,0.674,0.51,0.543133652
0.312,0.46,0.389,0.712,0.026192875
0.084,0.445,0.641,0.515,0.519461426
0.26,0.385,0.316,0.571,0.054923747
0.044,0.071,0.285,0.86,0.887261301
0.398,0.555,0.557,0.766,0.005780483
0.162,0.162,0.619,0.674,0.429408088
0.094,0.551,0.58,0.896,0.063437865
0.225,0.118,0.421,0.758,0.171784341
0.0,0.322,0.565,0.563,0.940064349
0.0,0.105,0.811,0.731,0.986795383
0.415,0.075,0.446,0.837,0.006848302
0.022,0.0,0.84,0.924,0.987452169
0.151,0.106,0.756,0.731,0.451830832
0.129,0.078,0.429,0.897,0.485970667
0.267,0.309,0.465,0.528,0.083619442
0.166,0.159,0.647,0.748,0.425059715
0.306,0.244,0.716,0.763,0.077945452
0.513,0.014,0.877,0.714,0.006630016
0.067,0.411,0.383,0.735,0.952394376
0.0,0.424,0.589,0.586,0.731641689
0.0,0.195,0.648,0.878,0.986541439
0.133,0.13,0.753,0.301,0.0
0.272,0.496,0.848,0.801,0.048560686
0.108,0.156,0.382,0.78,0.704579525
0.152,0.131,0.366,1.0,0.407841142
0.157,0.361,0.573,0.597,0.42404683
0.502,0.723,0.81,0.918,5.7342e-05
0.345,0.296,0.362,0.54,0.005998287
0.171,0.384,0.425,0.703,0.399416169
0.035,0.386,0.66,0.516,0.83625851
0.259,0.239,0.598,0.743,0.129297114
0.058,0.439,0.569,0.495,0.466322517
0.037,0.444,0.154,0.985,0.362685814
0.136,0.042,0.603,0.924,0.481769263
0.0,0.283,0.542,0.629,0.975658942
0.0,0.159,0.602,0.924,0.985701544
0.616,0.56,0.64,0.723,0.000119021
0.334,0.125,0.715,1.0,0.057826517
0.182,0.062,0.528,0.775,0.398661083
0.0,0.226,0.492,0.738,0.978183928
0.811,0.109,0.879,0.457,9.637e-06
0.0,0.268,0.657,0.62,0.977196581
0.085,0.3,0.479,0.61,0.965906906
0.185,0.133,0.789,0.648,0.392828558
0.0,0.355,0.698,0.525,0.874737081
0.2,0.083,0.397,0.706,0.270957023
0.179,0.264,0.551,0.617,0.397763364
0.138,0.294,0.356,0.602,0.420877587
0.321,0.434,0.677,0.454,0.009837808
0.039,0.014,0.164,0.823,0.55808263
0.659,0.171,0.948,0.522,0.000399468
0.048,0.383,0.449,0.743,0.972462714
0.0,0.368,0.853,0.469,0.59089251
0.0,0.411,0.707,0.604,0.972980722
0.615,0.017,0.653,0.77,0.000568604
0.111,0.141,0.185,0.793,0.270435642
0.196,0.178,0.287,0.771,0.234043076
0.0,0.291,0.396,0.545,0.89366002
0.012,0.375,0.718,0.592,0.968156264
0.0,0.158,0.32,0.785,0.920165146
0.205,0.161,0.488,0.813,0.256629654
0.292,0.096,0.568,1.0,0.089110805
0.448,0.119,0.724,0.76,0.014403022
0.0,0.106,0.688,0.832,0.986896093
0.232,0.483,0.433,0.943,0.073206766
0.0,0.274,0.714,0.562,0.940886897
0.121,0.03,0.173,0.868,0.125746714
0.092,0.447,0.27,0.758,0.560363791
0.429,0.588,0.661,0.78,0.002645935
0.159,0.0,0.397,0.901,0.410031712
0.257,0.078,0.475,0.881,0.123235702
0.396,0.166,0.924,0.934,0.02851114
0.069,0.0,0.455,0.861,0.973797006
0.933,0.384,0.964,0.47,4.82e-07
0.0,0.246,0.238,0.684,0.823200381
0.037,0.528,0.856,0.921,0.1053854
0.092,0.017,0.461,0.82,0.963424324
0.365,0.171,0.646,0.936,0.042423139
0.295,0.464,0.481,0.807,0.048527919
0.182,0.149,0.545,0.824,0.399896109
0.332,0.221,0.397,0.823,0.031210562
0.207,0.0,0.653,0.987,0.254033352
0.491,0.346,0.67,0.765,0.008206686
0.731,0.184,0.808,0.703,0.000198048
0.0,0.426,0.57,0.46,0.254759045
0.099,0.191,0.628,0.405,0.0
0.0,0.179,0.511,0.757,0.980286316
0.317,0.399,0.737,0.919,0.069209193
0.0,0.354,0.456,0.592,0.956793827
0.0,0.042,0.72,0.794,0.987020897
0.027,0.001,0.697,0.948,0.987005959
0.096,0.254,0.428,0.582,0.9096932
0.0,0.0,0.705,0.895,0.999568729
0.023,0.676,0.398,0.862,0.001701474
0.115,0.219,0.443,0.751,0.589478711
0.414,0.024,0.699,0.481,0.0083339
0.282,0.115,0.428,0.782,0.085086729
0.279,0.608,0.669,0.977,0.006187661
0.393,0.398,0.586,0.818,0.027526203
0.19,0.216,0.362,0.62,0.324298798
0.352,0.18,0.875,0.495,0.025865205
0.101,0.07,0.478,0.951,0.873351712
0.0,0.322,0.583,0.607,0.972349475
0.312,0.464,0.846,0.58,0.037931169
0.295,0.712,0.638,0.811,0.000414888
0.0,0.222,0.518,0.674,0.978995875
0.65,0.813,0.721,0.863,4.82e-07
0.362,0.304,0.418,0.653,0.023041461
0.348,0.356,0.671,0.48,0.02248635
0.006,0.503,0.288,0.803,0.187584779
0.106,0.463,0.63,0.5,0.170389816
0.0,0.526,0.599,0.55,0.044170872
0.0,0.137,0.658,0.756,0.986327972
0.403,0.543,0.999,0.644,0.00678325
0.0,0.113,0.506,0.771,0.97990034
0.2,0.354,0.859,0.529,0.243744998
0.267,0.377,0.444,0.459,0.040529399
0.297,0.317,0.669,0.685,0.085415844
0.074,0.192,0.645,1.0,0.986518309
0.0,0.346,0.438,0.491,0.693107222
0.08,0.221,0.359,0.874,0.941440562
0.0,0.116,0.306,0.815,0.909013285
0.0,0.264,0.807,0.641,0.981905391
0.276,0.346,0.297,0.54,0.021150613
0.01,0.441,0.727,0.538,0.63389389
0.199,0.095,0.283,0.855,0.204505076
0.0,0.334,0.33,0.594,0.914546088
0.193,0.234,0.426,0.718,0.334786164
0.113,0.667,0.956,0.699,0.001399343
0.0,0.012,0.715,0.825,0.987059928
0.444,0.012,0.835,0.981,0.015441928
0.0,0.112,0.665,0.775,0.986555895
0.476,0.945,0.677,0.962,0.0
0.147,0.247,0.407,0.589,0.419808323
0.0,0.307,0.514,0.621,0.972242019
0.362,0.518,0.759,0.706,0.015310378
0.3,0.337,0.495,0.72,0.075257594
0.334,0.443,0.433,0.593,0.029010355
0.172,0.326,0.854,0.91,0.418634011
0.361,0.039,0.58,0.36,0.0
0.052,0.0,0.917,0.854,0.987450723
0.062,0.479,0.645,0.487,0.029571249
0.323,0.164,0.39,0.672,0.033594843
0.062,0.007,0.308,0.929,0.910759091
0.196,0.05,0.245,0.29,0.0
0.0,0.357,0.559,0.539,0.902778882
0.084,0.176,0.498,0.813,0.979274876
0.246,0.042,0.588,0.462,0.05806986
0.525,0.682,0.682,0.828,9.541e-05
0.175,0.382,0.546,0.526,0.347640945
0.0,0.103,0.708,0.78,0.98689513
0.0,0.381,0.743,0.525,0.874881159
0.317,0.12,0.652,0.716,0.068195343
0.0,0.0,0.495,0.966,0.99154467
0.457,0.407,0.48,0.628,0.002936983
0.115,0.316,0.613,0.521,0.49153961
0.0,0.385,0.85,0.569,0.950394625
0.0,0.425,0.328,0.496,0.464884142
0.0,0.125,0.465,0.712,0.974501014
0.0,0.281,0.631,0.741,0.985809964
0.116,0.226,0.565,0.72,0.586720019
0.02,0.024,0.48,0.126,0.0
0.062,0.353,0.839,0.598,0.970984345
0.005,0.022,0.198,0.814,0.672652426
0.532,0.606,0.939,0.857,0.000596552
0.168,0.469,0.552,0.497,0.056300442
0.069,0.0,0.513,0.926,0.980772039
0.101,0.207,0.795,0.629,0.876223642
0.262,0.802,0.83,0.916,6.7943e-05
0.145,0.318,0.56,0.518,0.371962729
0.236,0.067,0.495,0.901,0.159137245
0.0,0.425,0.502,0.669,0.746145421
0.209,0.205,0.978,0.592,0.231327752
0.0,0.298,0.688,0.606,0.973722798
0.106,0.06,0.471,0.921,0.770761144
0.116,0.185,0.603,0.651,0.584876876
0.186,0.625,0.94,0.771,0.006757711
0.0,0.402,0.332,0.435,0.223825556
0.22,0.287,0.227,0.649,0.018173635
0.298,0.375,0.349,0.461,0.01302729
0.0,0.23,0.739,0.706,0.986186784
0.729,0.359,0.772,0.524,8.0472e-05
0.0,0.202,0.721,0.808,0.987076794
0.158,0.064,0.538,0.872,0.435105209
0.183,0.175,0.714,0.914,0.40173588
0.251,0.104,0.509,0.803,0.135177826
0.199,0.155,0.528,0.682,0.30006857
0.0,0.324,0.702,0.58,0.961268931
0.045,0.0,0.645,0.869,0.986500962
0.084,0.269,0.302,0.692,0.904508787
0.575,0.704,0.98,0.759,2.9876e-05
0.279,0.095,0.753,0.92,0.107434301
0.0,0.043,0.811,0.861,0.987413137
0.32,0.343,0.914,0.614,0.063057671
0.263,0.033,0.44,0.867,0.11037032
0.097,0.438,0.525,0.566,0.696390667
0.0,0.086,0.603,0.801,0.985624445
0.325,0.327,0.418,0.552,0.035097306
0.155,0.0,0.552,0.857,0.441459596
0.02,0.452,0.091,0.53,0.0
0.12,0.02,0.458,0.996,0.536302216
0.092,0.438,0.5,0.457,0.213734768
0.0,0.311,0.544,0.806,0.982879245
0.292,0.26,0.435,0.62,0.071908615
0.114,0.545,0.747,0.641,0.065829855
0.376,0.135,0.522,0.815,0.032205619
0.0,0.108,0.75,0.792,0.987196297
0.43,0.064,0.466,0.772,0.006269097
0.053,0.135,0.36,0.868,0.941883881
0.367,0.46,0.395,0.512,0.004298741
0.294,0.332,0.422,0.563,0.060601111
0.541,0.11,0.913,0.874,0.004697245
0.359,0.346,0.682,0.548,0.034993704
0.063,0.198,0.659,0.678,0.984617342
0.082,0.077,1.0,0.759,0.987156302
0.0,0.276,0.779,0.626,0.979341856
0.438,0.131,0.549,0.426,0.001530411
0.629,0.158,0.702,0.476,0.000199493
0.0,0.24,0.584,0.894,0.985087163
0.113,0.101,0.622,0.812,0.633830283
0.651,0.0,0.785,0.85,0.000818693
0.0,0.061,0.754,0.776,0.987144255
0.528,0.415,0.977,0.743,0.005524612
0.315,0.819,0.551,0.934,3.2285e-05
0.002,0.123,0.263,0.814,0.860820264
0.173,0.156,0.275,0.808,0.304658358
0.37,0.104,0.492,0.146,0.0
0.039,0.268,0.666,0.569,0.94990553
0.226,0.255,0.498,0.636,0.177585063
0.204,0.027,0.49,0.81,0.262788886
0.0,0.25,0.689,0.765,0.986678289
0.427,0.802,0.627,0.928,1.9757e-05
0.042,0.08,0.697,0.9,0.987001141
0.039,0.394,0.689,0.443,0.294710202
0.249,0.138,0.39,0.141,0.0
0.301,0.22,0.599,0.942,0.081192757
0.035,0.01,0.686,0.937,0.986927897
0.022,0.216,0.209,0.703,0.74220278
0.007,0.271,0.672,0.565,0.945634256
0.0,0.36,0.79,0.911,0.987405909
0.0,0.0,0.652,0.904,0.999111918
0.157,0.034,0.564,0.843,0.438516349
0.0,0.082,0.724,0.755,0.986825741
0.049,0.33,0.678,0.553,0.925486891
0.707,0.647,0.811,0.758,2.072e-05
0.729,0.433,0.831,0.923,0.000207203
0.0,0.349,0.646,0.488,0.690930626
0.108,0.41,0.753,0.503,0.527903264
0.169,0.645,0.947,0.66,0.001537158
0.338,0.957,0.68,0.986,0.0
0.0,0.164,0.731,0.729,0.986571315
0.166,0.086,0.53,0.816,0.42094553
0.183,0.425,0.284,0.456,0.082875439
0.058,0.302,0.238,0.684,0.823200381
0.0,0.203,0.547,0.791,0.98301706
-0.0,0.049,0.626,0.939,0.986256655
0.343,0.233,0.384,0.722,0.019308915
0.087,0.012,0.624,0.886,0.986210396
0.035,0.021,0.543,0.962,0.982917313
0.007,0.111,0.372,0.937,0.947288507
0.0,0.056,0.72,0.889,0.987149074
0.0,0.0,0.665,0.93,0.999283945
0.0,0.405,0.345,0.431,0.224723276
0.019,0.169,0.699,0.796,0.986896575
0.154,0.0,0.756,0.897,0.447096965
0.0,0.448,0.262,0.591,0.536612057
0.34,0.062,0.994,0.23,0.0
0.0,0.0,0.745,0.895,0.999828937
0.086,0.243,0.657,0.319,0.0
0.017,0.9,0.303,0.948,1.446e-06
0.335,0.305,0.87,0.628,0.054921819
0.01,0.071,0.913,0.849,0.987444941
0.0,0.262,0.757,0.574,0.95588117
0.243,0.329,0.479,0.575,0.13042613
0.353,-0.0,0.357,0.837,0.001847962
0.099,0.024,0.803,0.926,0.926558083
0.238,0.212,0.666,0.625,0.157398667
0.19,0.197,0.538,0.639,0.364526066
0.138,0.34,0.249,0.964,0.333402722
0.139,0.297,0.158,0.636,0.036015746
0.32,0.147,0.42,0.735,0.046449624
0.238,0.0,0.304,0.937,0.083564991
0.026,0.0,0.526,0.936,0.981777214
0.0,0.448,0.421,0.633,0.617513766
0.179,0.273,0.738,0.774,0.40967272
0.0,0.385,0.633,0.451,0.376033064
0.0,0.245,0.39,0.591,0.940624761
0.0,0.498,0.742,0.509,0.064106697
0.688,0.138,0.694,0.252,0.0
0.0,0.207,0.45,0.629,0.96649623
0.069,-0.0,0.641,0.898,0.986466268
0.038,0.016,0.747,0.885,0.987317728
0.121,0.192,0.611,0.645,0.536865037
0.325,0.138,0.404,0.743,0.038227036
0.0,0.0,0.668,0.884,0.999305147
0.0,0.076,0.476,0.803,0.976695439
0.41,0.023,0.984,0.148,0.0
0.194,0.381,0.845,0.606,0.337028294
0.277,0.215,0.301,0.767,0.027212025
0.118,0.016,0.563,0.929,0.562678683
0.0,0.375,0.552,0.461,0.496784739
0.203,0.154,0.687,0.494,0.167605586
0.248,0.473,0.864,0.581,0.064953338
0.0,0.082,0.704,0.889,0.987043063
0.014,0.389,0.318,0.448,0.3316786
0.162,0.263,0.487,0.574,0.399341962
0.064,0.178,0.249,0.828,0.842259207
0.034,0.13,0.52,0.811,0.981238968
0.23,0.002,0.49,0.499,0.106323596
0.086,0.417,0.637,0.448,0.347954641
0.0,0.405,0.549,0.432,0.231621692
0.343,0.189,0.591,0.977,0.051356963
0.121,0.128,0.263,0.79,0.41655138
0.017,0.183,0.481,0.25,0.0
0.0,0.259,0.86,0.62,0.977903481
0.234,0.859,0.935,0.961,1.9275e-05
0.261,0.266,0.287,0.57,0.028500057
0.023,0.104,0.668,0.799,0.986679735
0.306,0.255,0.475,0.477,0.030951317
0.256,0.127,0.306,0.767,0.056880129
0.076,0.283,0.579,0.717,0.984067049
0.0,0.016,0.556,0.864,0.983696975
0.248,0.209,0.461,0.627,0.129705738
0.0,0.348,0.61,0.54,0.905394941
0.0,0.459,0.437,0.464,0.061441488
0.182,0.0,0.564,0.932,0.401094032
0.0,0.346,0.845,0.562,0.941118193
0.074,0.234,0.709,0.694,0.985624927
0.013,0.237,0.689,0.663,0.983950919
0.068,0.123,0.656,0.714,0.985746839
0.0,0.055,0.585,0.886,0.985117038
0.174,0.27,0.211,0.648,0.179485549
0.0,0.165,0.503,0.672,0.977613397
0.203,0.353,0.716,0.891,0.277960486
0.0,0.0,0.638,0.934,0.998949529
0.047,0.439,0.582,0.495,0.466502253
0.083,0.16,0.698,0.677,0.984889115
0.035,0.065,0.699,0.913,0.987016078
0.096,0.524,0.317,0.845,0.093514593
0.148,0.148,0.405,0.739,0.432252553
0.029,0.325,0.779,0.537,0.900948267
0.0,0.193,0.773,0.643,0.982216196
0.0,0.003,0.77,0.834,0.987335075
0.404,0.767,0.661,0.85,5.3005e-05
0.385,0.247,0.616,0.547,0.023893885
0.305,0.442,0.982,0.941,0.064426175
0.0,0.344,0.85,0.492,0.703350281
0.245,0.248,0.269,0.8,0.031725197
0.25,0.167,0.329,0.801,0.082576681
0.0,0.558,0.69,0.583,0.028919282
0.438,0.415,0.688,0.503,0.00805538
0.126,0.336,0.427,0.549,0.446441143
0.171,0.451,0.235,0.461,0.034430401
0.0,0.194,0.638,0.693,0.984960431
0.69,0.144,0.84,0.274,0.0
0.0,0.065,0.583,0.771,0.984831773
0.139,0.429,0.645,0.658,0.382326254
0.0,0.099,0.566,0.828,0.98421691
0.888,0.52,0.947,0.898,2.409e-06
0.0,0.117,0.721,0.781,0.986990058
0.102,0.0,0.625,0.91,0.85826733
0.0,0.151,0.721,0.752,0.986762616
0.0,0.114,0.747,0.856,0.987300862
0.0,0.24,0.789,0.597,0.970617162
0.139,0.14,0.913,1.0,0.47621574
0.487,0.208,0.988,0.671,0.009110188
0.224,0.626,0.844,0.97,0.005959738
0.203,0.01,0.379,0.207,0.0
0.026,0.201,0.491,0.932,0.978577132
0.167,0.385,0.734,0.566,0.394791686
0.137,0.481,0.177,0.542,0.022855942
0.327,0.602,0.648,0.868,0.004893365
0.203,0.303,0.252,0.628,0.136380567
0.168,0.416,0.556,0.42,0.082353576
0.247,0.347,0.593,0.761,0.145950939
0.196,0.108,0.361,0.851,0.286900575
0.151,0.401,0.575,0.435,0.085973847
0.0,0.363,0.413,0.473,0.616791446
0.898,0.319,0.917,0.492,9.64e-07
0.665,0.26,0.672,0.306,0.0
0.218,0.107,0.503,0.769,0.203813596
0.01,0.005,0.373,0.832,0.947738571
0.522,0.281,0.841,0.317,0.0
0.0,0.161,0.704,0.744,0.986562159
0.207,0.282,0.506,0.555,0.217265893
0.021,0.0,0.69,0.856,0.986939943
0.563,0.001,0.623,0.273,0.0
0.187,0.228,0.254,0.869,0.252283691
0.138,0.211,0.637,1.0,0.477549549
0.0,0.351,0.317,0.738,0.917698947
0.288,0.303,0.429,0.592,0.072464208
0.263,0.017,0.298,0.877,0.040660949
0.0,0.018,0.644,0.865,0.986487952
0.003,0.01,0.26,0.519,0.760267995
0.029,0.039,0.638,0.859,0.986409889
0.26,0.203,0.292,0.634,0.03719343
0.157,0.313,0.771,0.896,0.441761245
0.009,0.28,0.211,0.621,0.749085777
0.108,0.181,0.456,0.656,0.72320467
0.0,0.032,0.532,0.864,0.982162226
0.633,0.548,0.934,0.65,0.000328152
0.423,0.587,0.578,0.598,0.000529091
0.0,0.309,0.334,0.528,0.841639044
0.834,0.488,0.885,0.54,2.891e-06
0.234,0.401,0.614,0.763,0.169957581
0.201,0.232,0.434,0.704,0.274247214
0.28,0.1,0.281,0.737,0.001224425
0.253,0.427,0.518,0.635,0.107702701
0.0,0.0,0.69,0.911,0.999478137
0.125,0.304,0.854,0.701,0.518483717
0.101,0.35,0.24,0.859,0.723539086
0.157,0.045,0.466,0.891,0.429857671
0.38,0.06,0.381,0.865,0.000520417
0.099,0.097,0.72,0.12,0.0
0.201,0.121,0.363,0.716,0.247776302
0.669,0.668,0.963,0.669,0.0
0.164,0.265,0.728,0.666,0.426426774
0.0,0.187,0.656,0.731,0.986017649
0.505,0.483,0.921,0.775,0.004777717
0.244,0.053,0.456,0.784,0.139767615
0.29,0.317,0.513,0.804,0.087647373
0.171,0.391,0.541,0.445,0.12530436
0.0,0.566,0.669,0.575,0.010328831
0.019,0.162,0.531,0.734,0.981544472
0.0,0.291,0.825,0.613,0.976157675
0.256,0.86,0.61,0.912,1.2529e-05
0.274,0.228,0.311,0.788,0.039809489
0.434,0.309,0.674,0.73,0.016721286
0.229,0.0,0.238,0.904,0.018959561
0.019,0.439,0.576,0.556,0.679626977
0.09,0.059,0.564,0.12,0.0
0.133,0.321,0.636,0.655,0.486268461
0.369,0.154,0.404,0.769,0.016041371
0.139,0.142,0.829,0.695,0.474753754
0.0,0.249,0.44,0.716,0.970499586
0.414,0.781,0.791,0.949,3.5658e-05
0.0,0.0,0.808,0.888,0.999944585
0.126,0.067,0.715,0.9,0.514975721
0.008,0.016,0.895,0.217,0.0
0.018,0.009,0.744,0.904,0.987307608
0.463,0.29,0.66,0.964,0.011634692
0.185,0.028,0.229,0.905,0.214166521
0.0,0.447,0.637,0.558,0.594661678
0.0,0.196,0.846,0.641,0.981927075
0.0,0.0,0.726,0.91,0.999714253
0.115,0.122,0.461,0.856,0.592761675
0.593,0.374,0.596,0.415,0.0
0.025,0.094,0.367,0.842,0.944943258
0.121,0.107,0.369,0.915,0.501648228
0.354,0.0,0.354,0.872,0.0
0.266,0.06,0.753,0.583,0.11135333
0.0,0.377,0.604,0.55,0.920721221
0.0,0.026,0.375,0.908,0.948771214
0.081,0.023,0.484,0.882,0.977772413
0.286,0.328,0.442,0.555,0.070223042
0.188,0.008,0.362,0.88,0.341130914
0.239,0.347,0.314,0.489,0.053312382
0.121,0.0,0.569,0.848,0.540162939
0.0,0.164,0.523,0.885,0.981543509
0.502,0.7,0.7,0.984,8.8182e-05
0.554,0.559,0.735,0.61,0.000567158
0.221,0.242,0.28,0.67,0.096029941
0.185,0.006,0.353,0.876,0.3481816
0.344,0.456,0.384,0.619,0.011307986
0.0,0.452,0.562,0.697,0.587920833
0.155,0.786,0.38,0.991,0.000113721
0.0,0.451,0.774,0.609,0.598675153
0.0,0.0,0.302,0.84,0.917873865
0.0,0.337,0.389,0.649,0.952512433
0.005,0.313,0.7,0.651,0.98282624
0.155,0.449,0.606,0.549,0.240850901
0.465,0.723,0.601,0.773,5.0596e-05
0.303,0.823,0.711,0.855,2.072e-05
0.241,0.123,0.48,0.824,0.148258121
0.041,0.012,0.653,0.89,0.986604082
0.11,0.293,0.661,0.971,0.687834627
0.152,0.221,1.0,0.616,0.441010977
0.049,0.441,0.812,0.471,0.337789645
0.0,0.031,0.743,0.963,0.987307126
0.077,0.147,0.975,1.0,0.987481081
0.207,0.239,0.396,0.268,0.0
0.142,0.147,0.438,0.838,0.453091879
0.229,0.293,0.493,0.543,0.142533053
0.144,0.25,1.0,0.748,0.465286983
0.037,0.338,0.514,0.549,0.915936758
0.064,0.384,0.639,0.452,0.395261507
0.235,0.211,0.482,0.753,0.159391189
0.317,0.588,0.849,0.947,0.007403413
0.106,0.061,0.629,0.901,0.780895782
0.096,0.023,0.224,0.998,0.754985763
0.273,0.418,0.619,0.869,0.113863378
0.071,0.193,0.466,0.281,0.0
0.097,0.343,0.624,0.623,0.934134486
0.0,0.344,0.696,0.614,0.976005886
0.138,0.037,0.723,0.875,0.47829789
0.072,0.506,0.64,0.791,0.209556976
0.0,0.236,0.616,0.861,0.986040779
0.0,0.378,0.776,0.886,0.987385671
0.0,0.212,0.38,0.715,0.950663508
0.081,0.466,0.622,0.552,0.366653512
0.0,0.14,0.75,0.821,0.987269541
0.188,0.367,0.436,0.627,0.363384522
0.0,0.307,0.851,0.53,0.888044336
0.0,0.322,0.557,0.588,0.963120748
0.0,0.259,0.494,0.578,0.952811191
0.121,0.335,0.452,0.639,0.524134096
0.0,0.295,0.356,0.614,0.93212558
0.17,0.47,0.236,0.526,0.064631933
0.0,0.27,0.568,0.567,0.946006739
0.615,0.178,0.911,0.737,0.001425846
0.763,0.338,0.777,0.65,2.6021e-05
0.0,0.143,0.763,0.693,0.985877907
0.052,0.233,0.514,0.68,0.978969372
0.166,0.282,0.303,0.648,0.343092115
0.0,0.062,0.755,0.838,0.987306163
0.142,0.344,0.331,0.885,0.409842338
0.059,0.435,0.522,0.55,0.686239645
0.0,0.31,0.583,0.703,0.983930199
0.516,0.778,0.937,0.907,1.1565e-05
0.0,0.144,0.583,0.692,0.983551451
0.254,0.0,0.297,0.867,0.051123739
0.317,0.115,0.812,1.0,0.06937881
0.0,0.461,0.561,0.479,0.157856441
0.228,0.147,0.533,0.851,0.17989369
0.0,0.11,0.606,0.727,0.985131976
0.0,0.086,0.52,0.938,0.981316549
0.244,0.081,0.354,0.621,0.101762238
0.064,0.0,0.796,0.953,0.987418438
0.3,0.531,0.85,0.852,0.022848232
0.0,0.235,0.447,0.684,0.970989163
0.197,0.212,0.534,0.755,0.317251485
0.233,0.296,0.322,0.587,0.101321329
0.0,0.161,0.543,0.845,0.982883582
0.599,0.039,0.745,0.497,0.000642329
0.79,0.565,0.826,0.881,1.8311e-05
0.177,0.416,0.39,0.482,0.244974724
0.095,0.377,0.206,0.566,0.685231096
0.37,0.56,0.385,0.654,0.000712682
0.387,0.405,0.719,0.77,0.032269707
0.03,0.101,0.529,0.785,0.981849976
0.041,0.559,0.792,0.631,0.043392174
0.44,0.257,0.645,0.794,0.01526701
0.0,0.388,0.545,0.448,0.347323876
0.116,0.071,0.683,0.889,0.590180792
0.206,0.29,0.576,0.745,0.257278248
0.0,0.105,0.694,0.772,0.986755388
0.287,0.299,0.436,0.669,0.079893642
0.0,0.288,0.837,0.664,0.984508922
0.0,0.212,0.687,0.773,0.986707683
0.447,0.472,0.663,0.593,0.007438108
0.094,0.255,0.844,0.755,0.966556464
0.0,0.0,0.76,0.895,0.999871823
0.034,0.303,0.825,0.69,0.985820083
0.038,0.082,0.941,0.924,0.987476744
0.08,0.317,0.747,0.437,0.232032725
0.0,0.235,0.645,0.602,0.971879655
0.512,0.039,0.822,0.641,0.006379927
0.385,0.284,0.544,0.681,0.028697623
0.668,0.656,0.723,0.845,2.0238e-05
0.0,0.444,0.266,0.658,0.587595091
0.242,0.355,0.448,0.481,0.073507933
0.0,0.23,0.439,0.775,0.970868696
0.285,0.414,0.463,0.641,0.085540166
0.013,0.331,0.757,0.742,0.986841161
0.446,0.06,0.503,0.332,0.0
0.0,0.031,0.841,1.0,0.98745506
0.0,0.017,0.658,0.916,0.98667588
0.25,0.104,0.463,0.732,0.130930163
0.204,0.256,0.397,0.903,0.243746925
0.0,0.329,0.737,0.555,0.929829
0.303,0.725,0.818,0.855,0.000307432
0.0,0.336,0.578,0.5,0.741444321
0.879,0.044,0.919,0.985,8.192e-06
0.089,0.199,0.818,0.638,0.981173916
0.298,0.039,0.68,0.967,0.085384523
0.0,0.203,0.878,1.0,0.987468552
0.082,0.272,0.242,0.626,0.828119767
0.106,0.105,0.591,0.797,0.779824591
0.698,0.054,0.879,0.531,0.000238524
0.257,0.477,0.482,0.501,0.016281341
0.138,0.003,0.43,0.913,0.460327602
0.124,0.784,0.565,0.979,0.000163835
0.0,0.474,0.578,0.591,0.336784951
0.562,0.491,0.864,0.624,0.001896149
0.26,0.16,0.488,0.243,0.0
0.163,0.0,0.653,0.932,0.430408445
0.193,0.232,0.278,0.316,0.0
0.0,0.431,0.597,0.546,0.682149072
0.082,0.0,0.647,0.936,0.986541439
0.0,0.176,0.47,0.661,0.973217319
0.486,0.383,0.529,0.401,0.0
0.0,0.021,0.589,0.876,0.985259189
0.103,0.0,0.616,0.873,0.836316334
0.112,0.338,0.593,0.498,0.431004516
0.157,0.15,0.579,0.687,0.43763935
0.076,0.402,0.627,0.434,0.231946952
0.0,0.315,0.466,0.618,0.96651695
0.0,0.361,0.578,0.572,0.952284992
0.072,0.371,0.478,0.517,0.835195029
0.074,0.195,0.16,0.974,0.551059892
0.043,0.597,0.792,0.601,0.001691355
0.074,0.052,0.141,0.892,0.515731289
0.0,0.096,0.672,0.74,0.986293277
0.0,0.189,0.567,0.687,0.982638794
0.156,0.12,0.817,0.897,0.443620772
0.076,0.128,0.627,0.752,0.985869234
0.179,0.17,0.369,0.667,0.366790362
0.0,0.378,0.756,0.503,0.761666857
0.0,0.253,0.41,0.69,0.96271357
0.0,0.471,0.763,0.598,0.364772783
0.502,0.699,0.671,0.893,8.3363e-05
0.154,0.419,0.413,0.489,0.195582816
0.148,0.291,0.594,0.615,0.445823871
0.623,0.115,0.791,0.929,0.001209969
0.256,0.855,0.825,0.915,1.6383e-05
0.251,0.0,0.325,0.984,0.078461532
0.133,0.405,0.541,0.559,0.446261406
0.248,0.201,0.494,0.705,0.137385261
0.0,0.148,0.6,0.925,0.985640347
0.103,0.52,0.951,0.954,0.130300844
0.0,0.385,0.737,0.451,0.376164614
0.016,0.189,0.536,0.688,0.980839982
0.172,0.285,0.28,0.56,0.295561181
0.143,0.0,0.502,0.908,0.460031254
0.064,0.116,0.676,0.978,0.986861881
0.43,0.006,0.572,0.337,0.0
0.0,0.067,0.693,0.846,0.986949099
0.075,0.291,0.631,0.607,0.973460662
0.024,0.325,0.827,0.946,0.987444459
0.0,0.354,0.512,0.559,0.932027761
0.0,0.345,0.625,0.53,0.887368275
0.212,0.353,0.276,0.525,0.096668416
0.012,0.3,0.846,0.606,0.974146841
0.144,0.0,0.558,0.899,0.462077745
0.45,0.184,0.86,0.75,0.014351462
0.506,0.396,0.823,0.416,0.0
0.005,0.002,0.627,0.936,0.986269666
0.061,0.739,0.659,0.937,0.000544992
0.211,0.019,0.329,0.863,0.175115492
0.281,0.204,0.49,1.0,0.096068009
0.027,0.333,0.835,0.579,0.960349527
0.412,0.269,0.7,0.847,0.022361546
0.0,0.119,0.851,0.763,0.987170276
0.027,0.597,0.582,0.622,0.007681451
0.818,0.877,0.932,0.963,0.0
0.0,0.307,0.748,0.595,0.9698375
0.124,0.0,0.617,0.965,0.523513451
0.227,0.489,0.936,0.509,0.022319624
0.884,0.523,0.986,0.767,5.301e-06
0.153,0.182,0.35,0.741,0.398530015
0.0,0.241,0.642,0.712,0.985531926
0.107,0.422,0.317,0.525,0.492761626
0.122,0.49,0.17,0.593,0.049328301
0.408,0.253,0.571,0.752,0.021153504
0.253,0.19,0.31,0.722,0.064192469
0.15,0.135,0.57,0.83,0.451345591
0.081,0.261,0.556,0.745,0.983256066
0.064,0.16,0.126,0.231,0.0
0.24,0.365,0.502,0.593,0.142091662
0.0,0.23,0.612,0.67,0.983497482
0.0,0.085,0.696,0.752,0.98659589
0.008,0.034,0.828,0.876,0.987433858
0.123,0.091,0.984,0.949,0.530663402
0.0,0.0,0.484,0.942,0.99029856
0.121,0.166,0.432,0.302,0.0
0.0,0.288,0.739,0.623,0.978531354
0.0,0.118,0.619,0.806,0.986026322
0.0,0.241,0.808,0.851,0.987403982
0.046,0.341,0.678,0.733,0.986257137
0.0,0.0,0.546,0.906,0.995604886
0.0,0.31,0.802,0.616,0.977034674
0.0,0.068,0.291,0.769,0.89405467
0.0,0.287,0.437,0.64,0.965919435
0.806,0.335,0.814,0.847,6.746e-06
0.62,0.464,0.937,0.987,0.001022523
0.7,0.064,0.794,0.274,0.0
0.285,0.183,0.442,0.653,0.082824843
0.698,0.046,0.907,0.057,0.0
0.187,0.325,0.409,0.761,0.366268018
0.173,0.419,0.642,0.499,0.216083872
0.0,0.125,0.71,0.712,0.986132333
0.414,0.006,0.959,0.007,0.0
0.151,0.369,0.252,0.432,0.063802639
0.239,0.176,0.303,0.688,0.080335033
0.062,0.0,0.511,0.928,0.980602903
0.294,0.057,0.41,0.907,0.066622528
0.205,0.388,0.322,0.418,0.0
0.383,0.328,0.659,0.4,0.0
0.488,0.207,0.791,0.786,0.009165121
0.203,0.092,0.524,0.878,0.272454185
0.231,0.0,0.481,0.891,0.16781568
0.126,0.034,0.635,0.874,0.514237982
0.034,0.134,0.26,0.711,0.856860758
0.001,0.149,0.686,0.394,0.0
0.0,0.0,0.779,0.874,0.999902663
0.181,0.111,0.513,0.474,0.237716834
0.307,0.0,0.335,0.982,0.019925706
0.0,0.056,0.53,0.78,0.981890453
0.269,0.032,0.695,0.805,0.119361005
0.0,0.436,0.464,0.568,0.709190997
0.0,0.192,0.693,0.802,0.986877301
0.041,0.342,0.708,0.567,0.948028174
0.0,0.18,0.508,0.821,0.98025114
0.276,0.183,0.418,0.484,0.048839205
0.044,0.111,0.465,0.805,0.97525851
0.198,0.121,0.376,0.8,0.276515365
0.279,0.473,0.483,0.611,0.047982926
0.354,0.653,0.909,0.717,0.001063482
0.087,0.17,0.125,0.735,0.467739207
0.929,0.027,0.973,0.15,0.0
0.0,0.14,0.586,0.748,0.984716125
0.0,0.39,0.837,0.447,0.339026117
0.0,0.358,0.821,0.59,0.967538028
0.239,0.291,0.535,0.781,0.156792477
0.287,0.116,0.428,0.782,0.079065794
0.0,0.126,0.72,0.71,0.986167992
0.492,0.204,0.999,0.467,0.002568836
0.459,0.121,0.849,0.814,0.012977657
0.493,0.227,0.969,0.57,0.00678855
0.027,0.267,0.46,0.825,0.974593533
0.0,0.427,0.518,0.58,0.725066124
0.06,0.001,0.847,0.874,0.987446386
0.133,0.117,1.0,0.841,0.4909951
0.142,0.341,0.441,0.649,0.450107191
0.046,0.133,0.057,0.604,0.0
0.0,0.265,0.825,0.714,0.98653132
0.0,0.003,0.415,0.918,0.965524303
0.061,0.0,0.669,0.933,0.986801166
0.024,0.267,0.683,0.57,0.952026229
0.288,0.033,0.432,0.803,0.078740533
0.624,0.503,0.747,0.9,0.000641366
0.0,0.18,0.813,0.657,0.98393309
0.0,0.036,0.827,0.941,0.987444459
0.228,0.064,0.493,0.84,0.176442555
0.18,0.133,0.736,0.925,0.408337465
0.048,0.135,0.218,0.802,0.775816416
0.301,0.112,0.831,0.708,0.082556924
0.0,0.485,0.305,0.501,0.060215135
0.212,0.221,0.45,0.745,0.217584408
0.0,0.244,0.576,0.643,0.9797765
0.241,0.23,0.483,0.606,0.141189124
0.422,0.02,0.958,0.642,0.01914508
0.0,0.139,0.588,0.8,0.985128603
0.0,0.009,0.465,0.828,0.975293686
0.0,0.2,0.793,0.708,0.986383868
0.107,0.0,0.605,0.909,0.760812988
0.486,0.142,0.992,0.367,0.0
0.414,0.161,0.968,0.824,0.022220841
0.0,0.452,0.753,0.599,0.575817765
0.063,0.302,0.783,0.74,0.986862845
0.043,0.0,0.682,0.864,0.98688501
0.456,0.24,0.516,0.596,0.006187661
0.0,0.266,0.697,0.875,0.986994394
0.833,0.762,0.85,0.907,0.0
0.323,0.313,0.365,0.524,0.015404824
0.229,0.293,0.493,0.668,0.172296566
0.106,0.409,0.497,0.466,0.39276206
0.115,0.026,0.752,0.964,0.605336972
0.041,0.209,0.668,0.627,0.979000693
0.302,0.107,0.394,0.793,0.052717275
0.656,0.053,0.858,0.313,0.0
0.008,0.294,0.719,0.678,0.985060178
0.0,0.251,0.746,0.585,0.964672843
0.106,0.497,0.695,0.764,0.253832413
0.0,0.199,0.697,0.887,0.986999213
0.029,0.263,0.869,0.991,0.987465661
0.234,0.0,0.322,0.896,0.105781495
0.016,0.181,0.472,0.697,0.975047452
0.105,0.46,0.154,0.609,0.212305548
0.442,0.401,0.611,0.487,0.005968894
0.136,0.347,0.872,0.722,0.482730107
0.213,0.222,0.513,0.747,0.221580053
0.243,0.46,0.474,0.505,0.038986941
0.397,0.199,0.47,0.792,0.016666835
0.206,0.219,0.496,0.618,0.245035439
0.0,0.145,0.786,0.804,0.987306163
0.15,0.243,0.446,0.844,0.439255052
0.351,0.242,0.974,0.594,0.04481031
0.359,0.103,0.382,0.803,0.010894062
0.0,0.344,0.796,0.492,0.703338234
0.115,0.37,0.809,0.551,0.544189906
0.104,0.176,0.829,0.632,0.808261041
0.216,0.046,0.431,0.79,0.199500882
0.181,0.206,0.221,0.714,0.203416537
0.083,0.157,0.18,0.786,0.578919547
