0.066,0.147,0.816,0.765,0.987162566
0.166,0.246,0.535,0.925,0.42132476
0.755,0.815,0.764,0.838,0.0
0.219,0.281,0.237,0.649,0.042819716
0.0,0.358,0.821,0.59,0.967538028
0.0,0.402,0.83,0.435,0.232041398
0.576,0.103,0.64,0.767,0.001676417
0.301,0.22,0.599,0.942,0.081192757
0.402,0.132,0.461,0.781,0.013510121
0.173,0.065,0.397,0.836,0.389330681
0.19,0.386,0.536,0.584,0.352364693
0.425,0.045,0.569,0.388,0.0
0.656,0.36,0.851,0.745,0.000805201
0.0,0.084,0.461,0.941,0.974788689
0.197,0.963,0.484,0.999,0.0
0.337,0.042,0.39,0.198,0.0
0.059,0.348,0.27,0.489,0.629328195
0.548,0.622,0.609,0.668,0.000122394
0.386,0.194,0.68,0.812,0.032537144
0.529,0.573,0.726,0.584,0.000208167
0.274,0.645,0.309,0.982,0.000718465
0.044,0.111,0.465,0.805,0.97525851
0.034,0.13,0.52,0.811,0.981238968
0.556,0.051,0.651,0.486,0.001021077
0.598,0.171,0.749,0.301,0.0
0.321,0.009,0.361,0.937,0.021472501
0.0,0.0,0.617,0.897,0.998591983
0.148,0.237,0.574,0.642,0.450143332
0.603,0.096,0.822,0.163,0.0
0.0,0.284,0.309,0.553,0.865136834
0.214,0.491,0.868,0.836,0.095189564
0.469,0.555,0.483,0.891,0.000419707
0.084,0.176,0.498,0.813,0.979274876
0.243,0.329,0.479,0.575,0.13042613
0.005,0.335,0.214,0.598,0.758596397
0.281,0.018,0.655,0.722,0.103800538
0.0,0.549,0.557,0.553,0.005276932
0.232,0.483,0.433,0.943,0.073206766
0.071,0.474,0.709,0.685,0.355582604
0.343,0.103,0.379,0.865,0.016782484
0.656,0.053,0.858,0.313,0.0
0.182,0.257,0.248,0.648,0.256829148
0.135,0.054,0.494,0.783,0.477294641
0.239,0.347,0.314,0.489,0.053312382
0.085,0.248,0.619,0.652,0.982145361
0.313,0.102,0.395,0.734,0.043488548
0.515,0.27,0.517,0.745,0.000176845
0.492,0.162,0.622,0.481,0.002695567
0.165,0.487,0.484,0.584,0.129104367
0.599,0.049,0.761,0.112,0.0
0.369,0.154,0.404,0.769,0.016041371
0.0,0.0,0.695,0.92,0.999510423
0.0,0.003,0.415,0.918,0.965524303
0.0,0.044,0.645,1.0,0.986518309
0.14,0.017,0.557,0.886,0.470176976
0.244,0.978,0.881,0.999,4.82e-07
0.1,0.318,0.622,0.647,0.904130039
0.0,0.349,0.646,0.488,0.690930626
0.517,0.236,0.657,0.24,0.0
0.047,0.031,0.489,0.399,0.0
0.0,0.222,0.453,0.698,0.972377906
0.231,0.0,0.495,0.91,0.169433309
0.15,0.243,0.446,0.844,0.439255052
0.016,0.084,0.721,0.95,0.987166903
0.503,0.449,0.939,0.527,0.00312732
0.0,0.0,0.794,0.913,0.999930129
0.072,0.347,0.63,0.489,0.693835324
0.095,0.279,0.488,0.732,0.950928535
0.689,0.374,0.97,0.497,0.000184555
0.261,0.363,0.329,0.611,0.065323413
0.191,0.16,0.506,0.742,0.359952179
0.271,0.168,0.43,0.74,0.099111966
0.126,0.336,0.427,0.549,0.446441143
0.246,0.042,0.588,0.462,0.05806986
0.278,0.112,0.431,0.724,0.090648444
0.119,0.378,0.578,0.524,0.457082224
0.02,0.279,0.439,0.921,0.971042169
0.541,0.074,0.918,0.715,0.004654359
0.424,0.346,0.928,0.863,0.019664052
0.0,0.222,0.518,0.674,0.978995875
0.154,0.379,0.584,0.601,0.431167387
0.015,0.298,0.511,0.642,0.975675325
0.196,0.204,0.355,0.683,0.283117433
0.06,0.338,0.646,0.498,0.733321479
0.475,0.199,0.927,0.355,0.0
0.002,0.584,0.429,0.927,0.020607548
0.59,0.311,0.902,0.932,0.00216744
0.0,0.336,0.484,0.805,0.977691459
0.121,0.094,0.627,0.305,0.0
0.111,0.141,0.185,0.793,0.270435642
0.013,0.258,0.684,0.575,0.9571586
0.269,0.111,0.296,0.797,0.031975286
0.26,0.385,0.316,0.571,0.054923747
0.0,0.18,0.508,0.821,0.98025114
0.203,0.732,0.757,0.835,0.000488132
0.451,0.477,0.749,0.554,0.005270667
0.183,0.425,0.284,0.456,0.082875439
0.221,0.187,0.823,0.885,0.202859499
0.295,0.691,0.827,0.831,0.000734366
0.316,0.21,0.592,0.9,0.068098006
0.121,0.128,0.263,0.79,0.41655138
0.177,0.036,0.948,0.331,0.0
0.014,0.389,0.318,0.448,0.3316786
0.581,0.108,0.744,0.527,0.001271167
0.0,0.072,0.529,1.0,0.982002246
0.976,0.437,0.99,0.932,0.0
0.027,0.508,0.218,0.801,0.127057394
0.0,0.053,0.738,0.829,0.98722039
0.253,0.291,0.6,0.434,0.022048332
0.168,0.213,0.529,0.69,0.416654981
0.195,0.131,0.447,0.478,0.184389515
0.0,0.274,0.714,0.562,0.940886897
0.24,0.047,0.745,0.108,0.0
0.867,0.354,0.876,0.898,1.446e-06
0.298,0.444,0.301,0.746,0.002201171
0.0,0.058,0.499,0.872,0.979431965
0.179,0.17,0.369,0.667,0.366790362
0.195,0.741,0.889,0.803,0.00037152
0.259,0.2,0.433,0.716,0.113401267
0.312,0.094,0.681,0.217,0.0
0.529,0.162,0.879,0.611,0.004903484
0.024,0.127,0.851,0.709,0.986449402
0.25,0.164,0.268,0.745,0.022662232
0.053,0.368,0.637,0.536,0.898946589
0.523,0.327,0.718,0.996,0.005592073
0.058,0.302,0.238,0.684,0.823200381
0.336,0.022,0.38,0.875,0.020900042
0.73,0.025,0.75,0.302,0.0
0.166,0.086,0.53,0.816,0.42094553
0.364,0.013,0.896,0.271,0.0
0.326,0.42,0.913,0.994,0.054434651
0.215,0.07,0.314,0.197,0.0
0.732,0.094,0.984,0.313,0.0
0.622,0.345,0.776,0.695,0.001191177
0.0,0.262,0.55,0.574,0.952713854
0.0,0.0,0.557,0.872,0.996274682
0.091,0.423,0.468,0.483,0.438597303
0.058,0.182,0.457,0.705,0.973165759
0.692,0.403,0.967,0.489,0.000155643
0.062,0.479,0.645,0.487,0.029571249
0.224,0.445,0.972,0.925,0.14863976
0.095,0.182,0.684,0.513,0.795999439
0.052,0.351,0.914,0.652,0.98342231
0.361,0.241,0.897,0.42,0.006132728
0.493,0.079,0.7,0.857,0.008213433
0.304,0.743,0.895,0.995,0.000210576
0.571,0.128,0.838,0.772,0.002912889
0.017,0.532,0.114,0.993,0.004089128
0.0,0.448,0.566,0.495,0.368522676
0.014,0.617,0.109,0.674,0.0
0.0,0.078,0.739,0.818,0.98720738
0.306,0.255,0.475,0.477,0.030951317
0.389,0.507,0.994,0.91,0.01435869
0.048,0.202,0.305,0.894,0.90816327
0.107,0.292,0.243,0.695,0.60712952
0.096,0.254,0.428,0.582,0.9096932
0.121,0.469,0.845,0.851,0.252540044
0.253,0.188,0.828,0.588,0.127621179
0.43,0.004,0.894,0.173,0.0
0.083,0.282,0.491,0.62,0.969744499
0.132,0.186,0.603,0.777,0.492111587
0.243,0.093,0.416,0.355,0.0
0.281,0.204,0.49,1.0,0.096068009
0.18,0.208,0.793,0.229,0.0
0.047,0.439,0.582,0.495,0.466502253
0.162,0.177,0.475,0.409,0.0
0.513,0.019,0.655,0.843,0.005863846
0.0,0.291,0.825,0.613,0.976157675
0.297,0.023,0.63,0.901,0.085770499
0.0,0.068,0.291,0.769,0.89405467
0.0,0.094,0.756,0.817,0.987278214
0.001,0.102,0.784,0.798,0.987283515
0.327,0.0,0.398,0.888,0.034766745
0.244,0.081,0.354,0.621,0.101762238
0.353,0.0,0.383,0.935,0.014125948
0.637,0.769,0.799,0.927,2.891e-06
0.277,0.335,0.292,0.582,0.01697764
0.189,0.175,0.331,0.594,0.312049243
0.631,0.815,0.788,0.828,0.0
0.332,0.221,0.397,0.823,0.031210562
0.0,0.278,0.698,0.625,0.978653267
0.536,0.215,0.598,0.401,0.0
0.615,0.33,0.661,0.352,0.0
0.646,0.453,0.766,0.793,0.000715091
0.0,0.017,0.766,0.898,0.987369769
0.577,0.54,0.821,0.657,0.000911693
0.225,0.144,0.338,0.693,0.135706435
0.032,0.128,0.694,0.708,0.985961752
0.182,0.26,0.523,0.908,0.398472191
0.081,0.319,0.63,0.579,0.959479275
0.263,0.203,0.266,0.695,0.003384638
0.757,0.254,0.931,0.544,6.7943e-05
0.198,0.395,0.695,0.442,0.066889482
0.245,0.248,0.269,0.8,0.031725197
0.314,0.173,1.0,0.663,0.070419162
0.016,0.181,0.472,0.697,0.975047452
0.437,0.303,0.533,0.415,0.0
0.24,0.624,0.273,0.968,0.001151182
0.276,0.346,0.297,0.54,0.021150613
0.119,0.552,0.788,0.716,0.056036379
0.028,0.247,0.185,0.426,0.157660321
0.626,0.195,0.799,0.974,0.001165638
0.241,0.174,0.273,0.873,0.043248578
0.0,0.096,0.672,0.74,0.986293277
0.56,0.0,0.607,0.916,0.001911569
0.159,0.088,0.534,0.59,0.415862791
0.0,0.208,0.735,0.691,0.985666367
0.177,0.244,0.2,0.267,0.0
0.306,0.065,0.364,0.877,0.034642423
0.003,0.0,0.786,0.926,0.987404464
0.234,0.091,0.407,0.889,0.147096338
0.094,0.249,0.847,0.272,0.0
0.712,0.895,0.778,0.896,0.0
0.067,0.411,0.383,0.735,0.952394376
0.308,0.414,0.75,0.816,0.076537916
0.24,0.147,0.32,0.69,0.092441474
0.399,0.494,0.492,0.527,0.003126357
0.035,0.021,0.543,0.962,0.982917313
0.342,0.585,0.484,0.981,0.004713629
0.191,0.398,0.518,0.439,0.070765143
0.115,0.156,0.58,0.779,0.602760908
0.191,0.0,0.982,0.887,0.367743496
0.027,0.465,0.421,0.89,0.424992254
0.204,0.423,0.296,0.466,0.056371759
0.295,0.125,0.826,0.871,0.089065991
0.293,0.622,0.853,0.657,0.002381871
0.11,0.0,0.357,0.943,0.64168617
0.207,0.366,0.855,0.94,0.25488433
0.0,0.276,0.779,0.626,0.979341856
0.0,0.282,0.705,0.555,0.929691186
0.16,0.384,0.383,0.453,0.168129858
0.315,0.129,0.743,1.0,0.070799838
0.169,0.395,0.48,0.442,0.11058186
0.834,0.12,0.969,0.613,2.4575e-05
0.0,0.031,0.743,0.963,0.987307126
0.269,0.027,0.27,0.855,0.001136726
0.268,0.246,0.377,0.883,0.083281653
0.0,0.167,0.714,0.717,0.986251837
0.449,0.146,0.701,0.63,0.013221482
0.194,0.381,0.845,0.606,0.337028294
0.119,0.02,0.588,0.83,0.554423327
0.207,0.211,0.743,0.93,0.254728687
0.0,0.444,0.266,0.658,0.587595091
0.491,0.066,0.505,0.71,0.001428737
0.2,0.192,0.485,0.237,0.0
0.0,0.309,0.334,0.528,0.841639044
0.0,0.022,0.667,0.888,0.986780445
0.08,0.476,0.25,0.496,0.066331961
0.0,0.365,0.786,0.538,0.90235532
0.168,0.469,0.552,0.497,0.056300442
0.456,0.24,0.516,0.596,0.006187661
0.066,0.67,0.116,0.783,0.0
0.32,0.343,0.914,0.614,0.063057671
0.729,0.433,0.831,0.923,0.000207203
0.131,0.634,0.542,0.702,0.005083703
0.457,0.518,0.842,0.884,0.005699048
0.0,0.384,0.848,0.512,0.813185728
0.0,0.0,0.767,0.903,0.999890616
0.132,0.191,0.163,0.851,0.062777706
0.0,0.431,0.391,0.502,0.507677355
0.085,0.097,0.115,0.74,0.382004849
0.701,0.208,0.905,0.559,0.000292975
0.681,0.873,0.799,0.985,0.0
0.0,0.0,0.76,0.895,0.999871823
0.219,0.363,0.474,0.54,0.162187467
0.296,0.191,0.604,0.302,0.0
0.0,0.25,0.689,0.765,0.986678289
0.206,0.485,0.502,0.802,0.113136722
0.774,0.292,0.996,0.782,9.0109e-05
0.0,0.067,0.693,0.846,0.986949099
0.828,0.358,0.934,0.954,3.2767e-05
0.052,0.192,0.636,0.439,0.250083002
0.218,0.306,0.365,0.714,0.167802188
0.389,0.238,0.523,0.664,0.02517228
0.282,0.247,0.448,0.72,0.088804337
0.0,0.271,0.489,0.566,0.940190116
0.423,0.535,0.558,0.654,0.004865417
0.806,0.238,0.89,0.857,4.2404e-05
0.276,0.316,0.357,0.963,0.064658435
0.516,0.115,0.977,0.796,0.006462326
0.0,0.41,0.838,0.427,0.232042362
0.763,0.338,0.777,0.65,2.6021e-05
0.739,0.026,0.792,0.944,0.000132995
0.137,0.481,0.177,0.542,0.022855942
0.302,0.299,0.584,0.689,0.079029654
0.006,0.699,0.481,0.833,0.001118896
0.272,0.496,0.848,0.801,0.048560686
0.077,0.6,0.686,0.801,0.015609618
0.468,0.658,0.689,0.988,0.000400432
0.0,0.02,0.637,0.989,0.986418563
0.0,0.159,0.602,0.924,0.985701544
0.321,0.744,0.981,0.958,0.000174918
0.815,0.368,0.917,0.661,3.4213e-05
0.24,0.172,0.309,0.664,0.083476809
0.025,0.435,0.365,0.663,0.715826314
0.683,0.355,0.857,0.778,0.000550293
0.463,0.29,0.66,0.964,0.011634692
0.572,0.814,0.957,0.817,0.0
0.575,0.704,0.98,0.759,2.9876e-05
0.623,0.761,0.647,0.8,9.64e-07
0.256,0.046,0.467,0.79,0.123434232
0.0,0.339,0.656,0.537,0.900516996
0.007,0.216,0.872,0.809,0.987376034
0.103,0.044,0.835,0.554,0.778827125
0.204,0.043,0.811,0.442,0.057228038
0.0,0.0,0.533,0.911,0.994768846
0.0,0.0,0.532,0.932,0.994699457
0.554,0.163,0.922,0.53,0.002285498
0.0,0.0,0.484,0.85,0.990269648
0.0,0.059,0.819,0.899,0.987436267
0.521,0.377,0.904,0.439,0.000717019
0.184,0.212,0.592,1.0,0.397482435
0.039,0.382,0.442,0.632,0.965732952
0.826,0.552,0.844,0.894,2.409e-06
0.178,0.25,0.447,0.68,0.394908298
0.334,0.837,0.504,0.84,4.82e-07
0.562,0.491,0.864,0.624,0.001896149
0.351,0.366,0.575,0.682,0.046379271
0.0,0.36,0.79,0.911,0.987405909
0.772,0.388,0.887,0.522,4.0477e-05
0.228,0.147,0.533,0.851,0.17989369
0.01,0.004,1.0,0.832,0.987430966
0.147,0.136,0.717,0.233,0.0
0.568,0.537,0.89,0.769,0.001246591
0.0,0.252,0.818,0.585,0.964765844
0.0,0.057,0.752,0.978,0.987341821
0.317,0.588,0.849,0.947,0.007403413
0.286,0.394,0.48,0.786,0.088765306
0.0,0.097,0.832,0.988,0.98744735
0.486,0.142,0.992,0.367,0.0
0.231,0.047,0.473,0.917,0.166822069
0.036,0.017,0.861,0.381,0.0
0.676,0.549,0.938,0.979,0.000235151
0.0,0.077,0.606,0.821,0.985754549
0.0,0.221,0.614,0.674,0.983748053
0.105,0.158,0.641,0.674,0.79425556
0.034,0.17,0.645,0.756,0.986166064
0.336,0.129,0.444,0.708,0.041394833
0.025,0.748,0.457,0.792,0.000267436
0.0,0.212,0.38,0.715,0.950663508
0.0,0.393,0.397,0.537,0.881983887
0.251,0.404,0.31,0.489,0.040443145
0.438,0.386,0.936,0.929,0.016644188
0.069,0.572,0.504,0.71,0.030682917
0.2,0.083,0.397,0.706,0.270957023
0.141,0.244,0.266,0.648,0.346971631
0.0,0.464,0.702,0.466,0.01870128
0.214,0.378,0.412,0.601,0.193045784
0.236,0.0,0.526,0.925,0.161892564
0.0,0.096,0.736,0.74,0.986726476
0.489,0.152,0.706,0.94,0.008704456
0.227,0.33,0.341,0.506,0.091052731
0.0,0.2,0.793,0.708,0.986383868
0.192,0.399,0.532,0.437,0.060542323
0.0,0.114,0.531,0.722,0.981384974
0.02,0.024,0.48,0.126,0.0
0.378,0.27,0.989,0.76,0.037106694
0.491,0.346,0.67,0.765,0.008206686
0.0,0.337,0.389,0.649,0.952512433
0.716,0.652,0.909,0.883,2.0238e-05
0.034,0.303,0.825,0.69,0.985820083
0.257,0.219,0.536,0.985,0.129021968
0.69,0.144,0.84,0.274,0.0
0.42,0.158,0.547,0.31,0.0
0.047,0.221,0.491,0.662,0.975781336
0.281,0.405,0.6,0.507,0.065912737
0.436,0.231,0.656,0.748,0.016138708
0.206,0.219,0.496,0.618,0.245035439
0.0,0.015,0.455,1.0,0.973816762
0.0,0.281,0.631,0.741,0.985809964
0.756,0.552,0.85,0.687,3.614e-05
0.316,0.419,0.453,0.792,0.048063398
0.048,0.746,0.359,0.801,0.000270328
0.0,0.357,0.801,0.545,0.913947608
0.459,0.844,0.832,0.986,3.373e-06
0.23,0.064,0.357,1.0,0.133221926
0.0,0.347,0.614,0.49,0.696653285
0.266,0.28,0.424,0.556,0.089162365
0.303,0.326,0.695,0.408,0.0
0.037,0.444,0.154,0.985,0.362685814
0.112,0.338,0.593,0.498,0.431004516
0.387,0.219,0.591,0.787,0.03049017
0.0,0.344,0.85,0.492,0.703350281
0.622,0.62,0.627,0.752,1.2047e-05
0.0,0.291,0.396,0.545,0.89366002
0.535,0.074,0.868,0.859,0.005090931
0.323,0.115,0.391,0.721,0.0343268
0.031,0.566,0.279,0.876,0.025511996
0.0,0.58,0.782,0.698,0.024530914
0.064,0.16,0.126,0.231,0.0
0.029,0.244,0.681,0.592,0.967969781
0.292,0.629,0.776,0.818,0.003579312
0.651,0.379,0.89,0.899,0.000888564
0.045,0.232,0.272,0.294,0.0
0.0,0.507,0.788,0.6,0.189262641
0.0,0.45,0.768,0.515,0.465557311
0.0,0.0,0.484,0.942,0.99029856
0.0,0.426,0.767,0.541,0.675531102
0.379,0.221,0.911,0.549,0.027802795
0.0,0.113,0.506,0.771,0.97990034
0.359,0.103,0.382,0.803,0.010894062
0.722,0.138,0.865,0.647,0.000269846
0.0,0.337,0.64,0.609,0.974056732
0.161,0.386,0.419,0.588,0.398000924
0.256,0.049,0.483,0.071,0.0
0.148,0.076,0.587,0.523,0.374776353
0.259,0.218,0.769,0.228,0.0
0.479,0.33,0.898,0.726,0.010231012
0.01,0.617,0.225,0.893,0.002842537
0.306,0.244,0.716,0.763,0.077945452
0.256,0.118,0.392,0.164,0.0
0.281,0.07,0.935,0.964,0.105076523
0.244,0.053,0.456,0.784,0.139767615
0.688,0.437,0.921,0.534,0.000239488
0.481,0.446,0.532,0.647,0.003734955
0.499,0.386,0.773,0.595,0.006866613
0.251,0.681,0.262,0.839,7.5653e-05
0.084,0.046,0.476,0.33,0.0
0.0,0.215,0.797,0.667,0.984730581
0.556,0.029,0.723,0.964,0.003463182
0.282,0.634,0.501,0.952,0.003004444
0.086,0.35,0.435,0.687,0.968768236
0.048,0.383,0.449,0.743,0.972462714
0.34,0.266,0.359,0.635,0.00866687
0.031,0.115,0.245,0.819,0.835819047
0.0,0.288,0.739,0.623,0.978531354
0.411,0.183,0.9,0.893,0.023139762
0.059,0.465,0.73,0.901,0.439011709
0.0,0.0,0.652,0.904,0.999111918
0.074,0.266,0.658,0.618,0.976800486
0.014,0.329,0.966,0.685,0.985658658
0.285,0.311,0.656,0.346,0.0
0.056,0.268,0.168,0.84,0.563869859
0.202,0.387,0.251,0.604,0.140480297
0.295,0.464,0.481,0.807,0.048527919
0.041,0.559,0.792,0.631,0.043392174
0.3,0.487,0.374,0.762,0.021085561
0.007,0.111,0.372,0.937,0.947288507
0.598,0.279,0.879,0.804,0.001885066
0.197,0.297,0.699,0.879,0.322238815
0.0,0.407,0.515,0.506,0.774080247
0.318,0.119,0.319,0.886,0.000748822
0.12,0.397,0.598,0.708,0.546555876
0.554,0.559,0.735,0.61,0.000567158
0.0,0.106,0.607,0.914,0.98583984
0.597,0.855,0.668,0.891,4.82e-07
0.188,0.008,0.362,0.88,0.341130914
0.052,0.258,0.509,0.642,0.975509081
0.077,0.018,0.102,0.11,0.0
0.483,0.074,0.961,0.129,0.0
0.19,0.45,0.353,0.954,0.208810563
0.0,0.092,0.748,0.789,0.987181359
0.512,0.039,0.822,0.641,0.006379927
0.0,0.148,0.6,0.925,0.985640347
0.06,0.948,0.629,0.961,4.82e-07
0.794,0.483,0.973,0.91,4.5296e-05
0.134,0.011,0.943,0.875,0.488514928
0.0,0.047,0.683,0.832,0.986862363
0.324,0.725,0.934,0.85,0.000258281
0.182,0.149,0.545,0.824,0.399896109
0.0,0.142,0.653,0.888,0.9866036
0.363,0.409,0.926,0.577,0.037951889
0.0,0.299,0.504,0.823,0.979866128
0.11,0.81,0.67,0.915,8.3845e-05
0.246,0.064,0.352,0.102,0.0
0.25,0.045,0.346,1.0,0.091743247
0.564,0.226,0.854,0.394,0.0
0.247,0.173,0.316,0.738,0.07782643
0.0,0.27,0.568,0.567,0.946006739
0.168,0.416,0.556,0.42,0.082353576
0.0,0.251,0.746,0.585,0.964672843
0.023,0.048,0.433,0.979,0.969815334
0.197,0.033,0.3,0.199,0.0
0.311,0.052,0.451,0.873,0.05992746
0.105,0.331,0.796,0.633,0.790775995
0.053,0.135,0.36,0.868,0.941883881
0.077,0.15,0.364,0.795,0.943605111
0.308,0.31,0.381,0.526,0.030262247
0.0,0.182,0.822,0.723,0.986678771
0.398,0.056,0.807,0.878,0.02767269
0.048,0.0,0.71,0.986,0.987088359
0.688,0.009,0.864,0.582,0.000388385
0.07,0.181,0.123,0.619,0.456805632
0.262,0.15,0.769,0.702,0.127048238
0.618,0.188,0.694,0.334,0.0
0.087,0.101,0.631,0.487,0.685117376
0.0,0.036,0.563,0.944,0.984109453
0.83,0.134,0.863,0.403,0.0
0.297,0.165,0.401,0.671,0.059750614
0.0,0.208,0.663,0.681,0.984778767
0.201,0.3,0.527,0.581,0.269924862
0.484,0.19,0.959,0.976,0.009698548
0.503,0.609,0.709,0.805,0.000739185
0.325,0.263,0.668,0.887,0.063140071
0.0,0.279,0.565,0.654,0.980520504
0.26,0.16,0.488,0.243,0.0
0.0,0.366,0.49,0.58,0.954208125
0.231,0.204,0.758,0.632,0.1727129
0.21,0.403,0.424,0.6,0.211502275
0.246,0.033,0.314,0.164,0.0
0.131,0.156,0.218,0.821,0.286104048
0.304,0.572,0.553,0.672,0.009238365
0.0,0.28,0.416,0.557,0.916674015
0.388,0.328,0.473,0.658,0.020601284
0.224,0.202,0.641,0.522,0.143726638
0.0,0.335,0.643,0.586,0.964489734
0.301,0.812,0.664,0.839,2.3612e-05
0.229,0.192,0.498,0.778,0.174515566
0.0,0.287,0.692,0.55,0.921537023
0.097,0.292,0.994,0.893,0.944033492
0.179,0.273,0.738,0.774,0.40967272
0.23,0.328,0.437,0.671,0.161791372
0.246,0.52,0.427,0.558,0.017031127
0.0,0.04,0.851,0.797,0.987337484
0.243,0.46,0.474,0.505,0.038986941
0.462,0.075,0.772,0.882,0.012456758
0.122,0.516,0.569,0.727,0.109793043
0.098,0.074,0.187,0.809,0.545650447
0.693,0.41,0.804,0.671,0.000433199
0.0,0.193,0.773,0.643,0.982216196
0.249,0.062,0.492,0.85,0.136406588
0.675,0.534,0.827,0.661,0.000242861
0.192,0.382,0.256,0.759,0.225812778
0.181,0.07,0.531,0.805,0.401004887
0.269,0.342,0.453,0.567,0.093380152
0.0,0.117,0.721,0.781,0.986990058
0.0,0.359,0.728,0.536,0.899420265
0.135,0.376,0.357,0.896,0.439105191
0.406,0.318,0.577,0.541,0.015393741
0.361,0.281,0.989,0.56,0.036580976
0.021,0.0,0.69,0.856,0.986939943
0.252,0.16,0.524,1.0,0.13497255
0.193,0.232,0.278,0.316,0.0
0.078,0.251,0.48,0.631,0.970901945
0.276,0.257,0.443,0.651,0.094100062
0.041,0.17,0.527,0.728,0.981201383
0.207,0.2,0.799,0.424,0.040194501
0.227,0.39,0.881,0.9,0.187506716
0.19,0.354,0.521,0.544,0.325623452
0.485,0.817,0.871,0.916,5.782e-06
0.0,0.0,0.575,0.888,0.997251427
0.166,0.139,0.672,0.857,0.425758905
0.0,0.471,0.763,0.598,0.364772783
0.26,0.202,0.305,0.702,0.050694877
0.0,0.038,0.723,0.857,0.987157266
0.834,0.488,0.885,0.54,2.891e-06
0.642,0.691,0.717,0.807,1.1083e-05
0.633,0.11,0.757,0.74,0.000991202
0.143,0.59,0.718,0.597,0.00270665
0.192,0.329,0.764,0.731,0.360579571
0.381,0.248,0.933,0.767,0.035571464
0.17,0.47,0.236,0.526,0.064631933
0.0,0.208,0.257,0.722,0.85318459
0.234,0.325,0.677,0.435,0.027024579
0.421,0.488,0.636,0.743,0.01105356
0.096,0.17,0.75,0.872,0.949789882
0.0,0.406,0.744,0.548,0.917801103
0.577,0.572,0.688,0.766,0.000487168
0.138,0.003,0.43,0.913,0.460327602
0.667,0.332,0.947,0.484,0.000209131
0.069,0.069,0.624,0.835,0.986172328
0.0,0.26,0.333,0.842,0.928699502
0.092,0.32,0.601,0.467,0.562942264
0.17,0.263,0.208,0.573,0.16742874
0.879,0.142,0.995,0.291,0.0
0.249,0.255,0.317,0.638,0.074217724
0.121,0.335,0.452,0.639,0.524134096
0.136,0.347,0.872,0.722,0.482730107
0.359,0.327,0.41,0.79,0.022548029
0.054,0.282,0.663,0.655,0.983013686
0.154,0.129,0.458,0.922,0.434069193
0.078,0.0,0.332,0.848,0.928116442
0.0,0.126,0.72,0.71,0.986167992
0.206,0.116,0.764,0.736,0.259767094
0.681,0.411,0.715,0.625,0.000195638
0.0,0.003,0.698,0.834,0.98696741
0.355,0.051,0.847,0.293,0.0
0.288,0.303,0.429,0.592,0.072464208
0.057,0.415,0.667,0.421,0.23199273
0.262,0.228,0.672,0.489,0.069971025
0.0,0.38,0.744,0.502,0.751720629
0.254,0.25,0.495,0.942,0.129612256
0.716,0.167,0.826,0.201,0.0
0.147,0.417,0.42,0.48,0.268504317
0.456,0.576,0.697,0.675,0.002136119
0.144,0.268,0.666,0.934,0.465032557
0.176,0.455,0.27,0.684,0.154288212
0.287,0.518,0.692,0.81,0.030362957
0.736,0.65,0.745,0.72,2.409e-06
0.198,0.099,0.953,0.723,0.31415645
0.242,0.355,0.448,0.481,0.073507933
0.467,0.142,0.697,0.856,0.011377857
0.073,0.153,0.651,0.92,0.986583843
0.136,0.042,0.603,0.924,0.481769263
0.316,0.158,0.715,0.857,0.069829838
0.092,0.748,0.122,0.759,0.0
0.0,0.114,0.747,0.856,0.987300862
0.158,0.327,0.895,0.41,0.0
0.032,0.393,0.761,0.648,0.982846478
0.191,0.047,0.444,0.889,0.352274584
0.079,0.258,0.782,0.928,0.987398199
0.003,0.202,0.731,0.776,0.987028607
0.264,0.075,0.932,0.631,0.121218123
0.253,0.19,0.31,0.722,0.064192469
0.265,0.361,0.3,0.535,0.033705672
0.107,0.243,0.764,0.469,0.404536976
0.888,0.52,0.947,0.898,2.409e-06
0.681,0.409,0.824,0.681,0.000529091
0.0,0.404,0.733,0.48,0.659402995
0.148,0.055,0.386,0.918,0.424720481
0.092,0.218,0.582,0.725,0.973022163
0.188,0.05,0.608,0.992,0.384165061
0.344,0.693,0.605,0.724,0.000231296
0.142,0.341,0.441,0.649,0.450107191
0.249,0.138,0.39,0.141,0.0
0.084,0.445,0.641,0.515,0.519461426
0.38,0.317,0.382,0.74,0.001024932
0.0,0.308,0.653,0.569,0.949767716
0.339,0.406,0.524,0.507,0.030112386
0.15,0.192,0.394,0.686,0.423690248
0.038,0.082,0.941,0.924,0.987476744
0.02,0.128,0.855,0.538,0.902380859
0.038,0.087,0.222,0.829,0.787319077
0.091,0.0,0.558,0.872,0.976675201
0.55,0.696,0.998,0.843,5.686e-05
0.112,0.284,0.321,0.378,0.0
0.1,0.471,0.758,0.947,0.373470974
0.41,0.501,0.99,0.791,0.011970554
0.069,0.28,0.476,0.394,0.0
0.631,0.317,0.816,0.426,8.9627e-05
0.0,0.329,0.737,0.555,0.929829
0.414,0.781,0.791,0.949,3.5658e-05
0.041,0.726,0.604,0.857,0.000677024
0.344,0.202,0.82,0.489,0.02611674
0.586,0.009,0.644,0.81,0.001347784
0.031,0.231,0.487,0.944,0.978123213
0.277,0.0,0.424,0.924,0.090647481
0.198,0.06,0.269,0.345,0.0
0.165,0.0,0.716,0.953,0.427549043
0.0,0.01,0.291,0.897,0.894172245
0.208,0.132,0.513,0.705,0.242302768
0.38,0.06,0.381,0.865,0.000520417
0.184,0.128,0.823,0.578,0.379124244
0.0,0.0,0.589,0.911,0.997784373
0.294,0.057,0.41,0.907,0.066622528
0.473,0.609,0.744,0.628,0.000364292
0.05,0.026,0.828,0.631,0.98041642
0.0,0.354,0.512,0.559,0.932027761
0.153,0.273,0.203,0.407,0.0
0.0,0.195,0.502,0.642,0.97484314
0.113,0.24,0.729,0.803,0.634849433
0.053,0.058,0.159,0.848,0.549319386
0.069,0.129,0.201,0.258,0.0
0.235,0.498,0.816,0.755,0.066755041
0.091,0.767,0.771,0.775,5.4451e-05
0.0,0.425,0.638,0.622,0.745615848
0.408,0.253,0.571,0.752,0.021153504
0.192,0.264,0.484,0.878,0.351560456
0.95,0.184,0.981,0.466,0.0
0.129,0.298,0.921,0.903,0.504460889
0.0,0.043,0.858,0.926,0.987461324
0.049,0.441,0.812,0.471,0.337789645
0.409,0.126,0.496,0.295,0.0
0.534,0.544,0.544,0.721,0.000190338
0.117,0.409,0.715,0.674,0.575015456
0.901,0.13,0.954,0.336,0.0
0.463,0.013,0.733,0.675,0.0118896
0.0,0.079,0.619,0.815,0.986043188
0.0,0.068,0.626,0.826,0.986200277
0.135,0.182,0.517,0.867,0.479620134
0.204,0.596,0.507,0.646,0.00811224
0.23,0.002,0.49,0.499,0.106323596
0.078,0.318,0.143,0.583,0.517809584
0.039,0.405,0.552,0.521,0.857731011
0.169,0.284,0.88,0.917,0.422250909
0.796,0.132,0.922,0.164,0.0
0.233,0.319,0.318,0.746,0.104783547
0.412,0.269,0.7,0.847,0.022361546
0.0,0.432,0.785,0.471,0.37412005
0.168,0.324,0.388,0.56,0.364154546
0.056,0.924,0.348,0.983,9.64e-07
0.074,0.149,0.706,0.687,0.985320868
0.029,0.135,0.307,0.913,0.909931724
0.0,0.264,0.807,0.641,0.981905391
0.0,0.214,0.428,0.707,0.967883045
0.348,0.064,0.38,0.82,0.01487477
0.001,0.385,0.562,0.451,0.375607575
0.274,0.474,0.99,0.52,0.028542461
0.486,0.204,0.652,0.632,0.008069354
0.0,0.293,0.821,0.588,0.966185907
0.108,0.0,0.613,0.922,0.738375788
0.698,0.14,0.91,0.54,0.000261172
0.311,0.438,0.346,0.538,0.013815625
0.293,0.066,0.725,0.467,0.036040321
0.199,0.401,0.382,0.485,0.158838487
0.039,0.014,0.164,0.823,0.55808263
0.3,0.337,0.495,0.72,0.075257594
0.145,0.202,0.573,0.682,0.459072337
0.199,0.095,0.283,0.855,0.204505076
0.272,0.384,0.468,0.595,0.097520358
0.285,0.189,0.721,0.522,0.07040567
0.075,0.707,0.743,0.98,0.001070228
0.022,0.362,0.606,0.474,0.629344578
0.0,0.414,0.395,0.675,0.956817438
0.363,0.118,0.421,0.807,0.023790284
0.0,0.026,0.873,0.972,0.987465179
0.106,0.309,0.751,0.674,0.779616906
0.031,0.124,0.614,0.752,0.98562059
0.772,0.094,0.786,0.285,0.0
0.393,0.398,0.586,0.818,0.027526203
0.044,0.206,0.593,0.682,0.983529285
0.311,0.581,0.393,0.629,0.002750982
0.567,0.879,0.612,0.993,4.82e-07
0.155,0.425,0.791,0.914,0.36008132
0.05,0.496,0.074,0.55,0.0
0.262,0.388,0.643,0.998,0.126996678
0.0,0.485,0.305,0.501,0.060215135
0.115,0.122,0.461,0.856,0.592761675
0.092,0.129,0.771,0.876,0.97607142
0.018,0.009,0.744,0.904,0.987307608
0.326,0.458,0.888,0.593,0.036831065
0.59,0.03,0.74,0.735,0.001968429
0.072,0.11,0.223,0.479,0.555906998
0.0,0.385,0.633,0.451,0.376033064
0.008,0.121,0.546,0.819,0.983021878
0.245,0.188,0.263,0.907,0.025005072
0.068,0.527,0.675,0.951,0.107346119
0.0,0.194,0.301,0.81,0.904373382
0.0,0.378,0.822,0.796,0.987320137
0.237,0.196,0.323,0.64,0.098649373
0.299,0.565,0.588,0.873,0.012330509
0.049,0.33,0.678,0.553,0.925486891
0.337,0.382,0.37,0.454,0.004768561
0.196,0.178,0.287,0.771,0.234043076
0.243,0.026,0.311,0.86,0.080770641
0.23,0.105,0.272,0.39,0.0
0.111,0.34,0.486,0.617,0.648535436
0.158,0.238,0.584,0.941,0.437650433
0.085,0.0,0.472,0.934,0.976279587
0.862,0.254,0.952,0.452,3.373e-06
0.399,0.467,0.495,0.496,0.002854102
0.301,0.689,0.691,0.848,0.000712682
0.0,0.558,0.69,0.583,0.028919282
0.0,0.127,0.553,0.859,0.983524948
0.0,0.302,0.764,0.599,0.971239734
0.933,0.384,0.964,0.47,4.82e-07
0.142,0.525,0.911,0.732,0.079503329
0.293,0.026,0.422,0.811,0.070961745
0.851,0.11,0.965,0.196,0.0
0.0,0.003,0.77,0.834,0.987335075
0.179,0.138,0.359,0.745,0.363724239
0.183,0.175,0.714,0.914,0.40173588
0.0,0.416,0.622,0.467,0.574367344
0.0,0.295,0.468,0.852,0.975743751
0.213,0.587,0.419,0.699,0.011173063
0.166,0.482,0.703,0.708,0.160909554
0.059,0.512,0.401,0.668,0.160446961
0.59,0.62,0.725,0.774,0.000179737
0.121,0.143,0.929,0.439,0.110912421
0.64,0.448,0.804,0.88,0.000835558
0.0,0.235,0.645,0.602,0.971879655
0.385,0.247,0.616,0.547,0.023893885
0.187,0.325,0.409,0.761,0.366268018
0.242,0.494,0.504,0.779,0.061840474
0.219,0.207,0.319,0.676,0.139896755
0.113,0.0,0.43,0.918,0.616932633
0.0,0.096,0.612,0.837,0.98594055
0.176,0.271,0.686,0.642,0.408519611
0.0,0.307,0.748,0.595,0.9698375
0.0,0.0,0.748,0.886,0.999840984
0.733,0.126,0.956,0.851,0.000239006
0.114,0.545,0.747,0.641,0.065829855
0.147,0.215,0.837,0.57,0.430243165
0.229,0.24,0.243,0.75,0.027776774
0.292,0.337,0.7,0.632,0.088431854
0.236,0.067,0.495,0.901,0.159137245
0.0,0.045,0.634,0.908,0.986370858
0.216,0.414,0.817,0.956,0.217629221
0.069,0.224,0.707,0.683,0.985205702
0.528,0.498,0.546,0.894,0.000629801
0.3,0.162,0.434,0.815,0.066527118
0.04,0.131,0.586,0.802,0.985053914
0.569,0.489,0.789,0.733,0.001934698
0.101,0.168,0.521,0.767,0.877452887
0.271,0.108,0.898,0.852,0.117609416
0.328,0.088,0.776,0.482,0.028009998
0.0,0.065,0.583,0.771,0.984831773
0.325,0.554,0.935,0.998,0.012833579
0.0,0.018,0.644,0.865,0.986487952
0.08,0.015,0.631,0.884,0.986323153
0.399,0.633,0.609,0.839,0.001346338
0.195,0.617,0.733,0.972,0.008092484
0.326,0.829,0.475,0.948,2.0238e-05
0.299,0.096,0.504,0.357,0.0
0.0,0.467,0.743,0.516,0.261908032
0.149,0.297,0.588,0.578,0.429616737
0.064,0.178,0.249,0.828,0.842259207
0.235,0.099,0.735,0.15,0.0
0.047,0.33,0.46,0.568,0.93935263
0.058,0.386,0.457,0.788,0.9740071
0.102,0.383,0.633,0.453,0.315193429
0.135,0.146,0.396,0.47,0.257437264
0.0,0.307,0.851,0.53,0.888044336
0.0,0.056,0.72,0.889,0.987149074
0.035,0.18,0.809,0.624,0.978862879
0.195,0.048,0.644,0.309,0.0
0.071,0.192,0.651,0.645,0.981688551
0.193,0.751,0.572,0.986,0.000370074
0.0,0.118,0.619,0.806,0.986026322
0.0,0.021,0.534,0.816,0.982246553
0.037,0.528,0.856,0.921,0.1053854
0.118,0.17,0.768,0.255,0.0
0.118,0.504,0.624,0.55,0.100234718
0.544,0.245,0.557,0.293,0.0
0.704,0.025,0.851,0.927,0.000410069
0.179,0.121,0.625,0.472,0.238789953
0.111,0.442,0.748,0.551,0.454465684
0.49,0.559,0.56,0.944,0.001328991
0.127,0.0,0.441,0.952,0.495416717
0.829,0.761,0.917,0.856,9.64e-07
0.52,0.395,0.863,0.625,0.005679773
0.267,0.054,0.306,0.832,0.043699124
0.0,0.349,0.574,0.487,0.684564674
0.0,0.236,0.542,0.805,0.982754924
0.896,0.198,0.955,0.94,4.819e-06
0.0,0.042,0.72,0.794,0.987020897
0.076,0.393,0.333,0.683,0.92753531
0.588,0.112,0.738,0.309,0.0
0.028,0.371,0.839,0.541,0.907608159
0.0,0.23,0.612,0.67,0.983497482
0.015,0.352,0.452,0.408,0.0
0.328,0.542,0.545,0.859,0.013789122
0.752,0.546,0.918,0.969,5.7342e-05
0.39,0.059,0.529,0.305,0.0
0.147,0.247,0.407,0.589,0.419808323
0.246,0.068,0.775,0.951,0.149672402
0.121,0.166,0.432,0.302,0.0
0.287,0.299,0.436,0.669,0.079893642
0.21,0.171,0.348,0.665,0.188092185
0.363,0.126,0.721,0.174,0.0
0.0,0.368,0.853,0.469,0.59089251
0.811,0.109,0.879,0.457,9.637e-06
0.449,0.356,0.645,0.938,0.013625287
0.62,0.346,0.642,0.499,0.000138296
0.385,0.284,0.544,0.681,0.028697623
0.078,0.19,0.824,0.72,0.986643595
0.428,0.064,0.897,0.499,0.008876001
0.119,0.778,0.474,0.895,0.00017299
0.0,0.241,0.642,0.712,0.985531926
0.0,0.091,0.641,0.842,0.986435428
0.232,0.618,0.954,0.93,0.006993826
0.514,0.602,0.673,0.641,0.000378266
0.199,0.155,0.528,0.682,0.30006857
0.192,0.13,0.676,0.45,0.120427378
0.486,0.425,0.666,0.587,0.00644016
0.248,0.473,0.864,0.581,0.064953338
0.19,0.197,0.538,0.639,0.364526066
0.139,0.14,0.913,1.0,0.47621574
0.138,0.802,0.824,0.845,7.1316e-05
0.0,0.248,0.597,0.66,0.982360274
0.0,0.448,0.421,0.633,0.617513766
0.389,0.255,0.457,0.786,0.018305667
0.078,0.36,0.787,0.577,0.959020055
0.205,0.429,0.534,0.551,0.185200016
0.058,0.003,0.475,0.822,0.976596174
0.748,0.366,0.87,0.539,7.7099e-05
0.209,0.156,0.592,0.369,0.0
0.472,0.651,0.972,0.855,0.000485723
0.108,0.181,0.456,0.656,0.72320467
0.0,0.0,0.624,0.848,0.99870474
0.069,0.0,0.513,0.926,0.980772039
0.209,0.038,0.563,0.721,0.241077861
0.02,0.164,0.982,0.464,0.5386306
0.013,0.079,0.338,0.861,0.931455785
0.0,0.144,0.583,0.692,0.983551451
0.234,0.24,0.368,0.636,0.126762973
0.163,0.406,0.599,0.566,0.398793596
0.012,0.446,0.557,0.471,0.28436547
0.16,0.814,0.668,0.847,4.5296e-05
0.117,0.505,0.403,0.533,0.072473845
0.125,0.201,0.435,0.624,0.495221078
0.238,0.692,0.856,0.91,0.001168529
0.0,0.15,0.703,0.687,0.985304003
0.789,0.563,0.828,0.836,1.8793e-05
0.093,0.113,0.997,0.247,0.0
0.327,0.01,0.997,0.952,0.062490995
0.213,0.784,0.322,0.968,7.5653e-05
0.108,0.411,0.802,0.425,0.117451846
0.354,0.653,0.909,0.717,0.001063482
0.0,0.402,0.332,0.435,0.223825556
0.0,0.095,0.611,0.813,0.985875016
0.0,0.034,0.754,0.855,0.987322064
0.583,0.54,0.73,0.816,0.000831703
0.48,0.004,0.974,0.781,0.010168369
0.0,0.09,0.863,0.971,0.987464215
0.0,0.44,0.85,0.558,0.674908048
0.651,0.276,0.702,0.902,0.000454401
0.061,0.325,0.532,0.433,0.231488696
0.0,0.219,0.633,0.878,0.986350138
0.658,0.628,0.825,0.636,1.1083e-05
0.241,0.342,0.824,0.5,0.096894894
0.066,0.414,0.661,0.557,0.93230098
0.021,0.489,0.082,0.894,0.0
0.08,0.039,0.162,0.672,0.554432965
0.065,0.069,0.6,0.844,0.985607098
0.137,0.495,0.487,0.5,0.015068962
0.063,0.373,0.462,0.52,0.84929881
0.212,0.431,0.851,0.609,0.186044248
0.226,0.255,0.498,0.636,0.177585063
0.126,0.126,0.943,0.173,0.0
0.204,0.008,0.69,0.86,0.271337698
0.196,0.516,0.551,0.654,0.068360624
0.123,0.027,0.396,0.81,0.502087691
0.314,0.405,1.0,0.431,0.010038747
0.216,0.092,0.242,0.136,0.0
0.0,-0.0,0.35,0.837,0.949844815
0.449,0.28,0.454,0.556,0.000578723
0.114,0.092,0.611,0.744,0.619990083
0.182,0.062,0.528,0.775,0.398661083
0.0,0.017,0.784,0.961,0.987403018
0.0,0.439,0.587,0.629,0.727928418
0.227,0.489,0.936,0.509,0.022319624
0.628,0.057,0.629,0.238,0.0
0.238,0.33,0.946,0.876,0.163808951
0.05,0.738,0.245,0.964,0.000163353
0.0,0.005,0.652,0.832,0.986549631
0.669,0.175,0.955,0.219,0.0
0.327,0.544,0.766,0.753,0.014736956
0.378,0.053,0.481,0.586,0.024060611
0.0,0.315,0.466,0.618,0.96651695
0.816,0.467,0.902,0.555,6.746e-06
0.0,0.0,0.761,0.937,0.999880497
0.832,0.186,0.96,0.512,1.4456e-05
0.111,0.42,0.64,0.718,0.555174559
0.0,0.04,0.406,0.904,0.962603222
0.381,0.592,0.63,0.953,0.003769168
0.401,0.329,0.882,0.887,0.026539338
0.302,0.249,0.467,1.0,0.070247617
0.379,0.15,0.481,0.835,0.026625592
0.243,0.411,0.545,0.593,0.139929522
0.181,0.62,0.215,0.896,0.000829776
0.409,0.216,0.72,0.939,0.023532484
0.218,0.376,0.553,0.632,0.202682653
0.097,0.438,0.525,0.566,0.696390667
0.194,0.526,0.575,0.535,0.008908768
0.221,0.175,0.472,0.727,0.191226252
0.297,0.317,0.669,0.685,0.085415844
0.179,0.023,0.515,0.88,0.4035265
0.04,0.171,0.997,0.878,0.987469998
0.42,0.368,0.549,0.894,0.016473125
0.01,0.068,0.051,0.627,0.0
0.0,0.139,0.588,0.8,0.985128603
0.289,0.338,0.571,0.848,0.092532547
0.365,0.482,0.588,0.953,0.022480086
0.081,0.023,0.484,0.882,0.977772413
0.0,0.344,0.796,0.492,0.703338234
0.002,0.516,0.632,0.972,0.150265581
0.012,0.586,0.333,0.837,0.015494452
0.339,0.042,0.57,0.795,0.052475378
0.22,0.057,0.78,0.419,0.032479801
0.17,0.198,0.385,0.698,0.386423092
0.037,0.297,0.146,0.697,0.525549823
0.041,0.572,0.235,0.632,0.01284948
0.046,0.341,0.678,0.733,0.986257137
0.731,0.489,0.852,0.848,0.000155161
0.451,0.105,0.769,0.354,0.0
0.0,0.23,0.439,0.775,0.970868696
0.0,0.299,0.637,0.578,0.95892079
0.534,0.018,0.885,0.387,0.0
0.078,0.0,0.427,0.919,0.96854995
0.463,0.219,0.601,0.516,0.006016117
0.506,0.0,0.513,0.885,0.000654376
0.7,0.019,0.721,0.372,0.0
0.031,0.26,0.71,0.97,0.987088359
0.004,0.092,0.759,0.582,0.962631652
0.0,0.158,0.75,0.679,0.985283765
0.0,0.262,0.757,0.574,0.95588117
0.338,0.144,0.732,0.905,0.055760751
0.133,0.13,0.753,0.301,0.0
0.433,0.263,0.658,0.325,0.0
0.0,0.278,0.708,0.647,0.982468212
0.196,0.369,0.342,0.513,0.220469349
0.09,0.212,0.607,0.691,0.978756868
0.0,0.254,0.372,0.682,0.945878081
0.174,0.415,0.633,0.753,0.414748713
0.16,0.315,0.287,0.826,0.338543767
0.0,0.413,0.635,0.567,0.947514503
0.471,0.347,0.984,0.93,0.01131425
0.0,0.362,0.623,0.474,0.629452035
0.0,0.275,0.722,0.896,0.98716883
0.288,0.182,0.863,0.891,0.096629385
0.284,0.837,0.454,0.904,1.542e-05
0.0,0.15,0.375,0.687,0.947486073
0.205,0.388,0.322,0.418,0.0
0.217,0.345,0.48,0.436,0.032784823
0.194,0.455,0.221,0.566,0.07710652
0.529,0.681,0.888,0.921,0.000114684
0.618,0.216,0.822,0.405,0.0
0.177,0.444,0.581,0.684,0.289574458
0.019,0.781,0.71,0.912,0.000172509
0.157,0.15,0.579,0.687,0.43763935
0.178,0.466,0.896,0.855,0.188193859
0.25,0.0,0.298,0.897,0.057747491
0.474,0.828,0.498,0.942,1.446e-06
0.136,0.073,0.349,0.713,0.432317123
0.341,0.049,0.528,0.764,0.048880646
0.677,0.257,0.744,0.91,0.000440909
0.144,0.611,0.778,0.816,0.011170654
0.65,0.813,0.721,0.863,4.82e-07
0.589,0.156,0.942,0.748,0.002199244
0.427,0.321,0.54,0.918,0.014156305
0.615,0.189,0.693,0.427,8.3363e-05
0.133,0.321,0.636,0.655,0.486268461
0.288,0.703,0.814,0.773,0.000478494
0.197,0.293,0.322,0.763,0.256716872
0.285,0.225,0.439,0.611,0.079763056
0.382,0.474,0.415,0.603,0.006795778
0.237,0.032,0.333,0.18,0.0
0.0,0.0,0.598,0.931,0.998099996
0.052,0.431,0.207,0.656,0.540124871
0.098,0.067,0.277,0.747,0.825501781
0.371,0.305,0.671,0.938,0.040004163
0.302,0.834,0.804,0.936,2.2166e-05
0.361,0.065,0.562,0.856,0.041634321
0.236,0.027,0.66,0.977,0.166816768
0.239,0.291,0.535,0.781,0.156792477
0.082,0.955,0.741,0.984,0.0
0.421,0.579,0.487,0.711,0.001871092
0.359,0.19,0.885,0.661,0.044984746
0.403,0.543,0.999,0.644,0.00678325
0.231,0.0,0.481,0.891,0.16781568
0.117,0.065,0.136,0.547,0.083847366
0.124,0.104,0.432,0.779,0.506885165
0.537,0.132,0.602,1.0,0.00320201
0.0,0.175,0.847,0.782,0.987283515
0.0,0.0,0.56,0.897,0.996444781
0.16,0.132,0.187,0.151,0.0
0.257,0.001,0.293,0.894,0.042917053
0.342,0.417,0.433,0.854,0.036324141
0.0,0.701,0.238,0.767,0.000230333
0.501,0.654,0.55,0.808,0.000139742
0.061,0.21,0.664,0.681,0.984793223
0.637,0.325,0.687,0.585,0.000426935
0.027,0.349,0.306,0.36,0.0
0.464,0.2,0.537,0.987,0.007288729
0.414,0.489,0.799,0.847,0.012780573
0.756,0.636,0.869,1.0,1.301e-05
0.525,0.323,0.858,0.905,0.005753981
0.148,0.216,0.42,0.66,0.434649844
0.0,0.305,0.795,0.664,0.984476636
0.143,0.536,0.525,0.682,0.06175422
0.087,0.487,0.897,0.929,0.301994113
0.171,0.451,0.235,0.461,0.034430401
0.25,0.032,0.472,0.916,0.132516953
0.334,0.443,0.433,0.593,0.029010355
0.407,0.217,0.907,0.464,0.007410159
0.088,0.366,0.863,0.888,0.987456987
0.231,0.714,0.658,0.827,0.000654376
0.301,0.112,0.831,0.708,0.082556924
0.154,0.813,0.968,0.964,7.9026e-05
0.181,0.4,0.802,0.478,0.247366714
0.151,0.725,0.846,0.804,0.000614381
0.547,0.074,0.611,0.839,0.002798205
0.326,0.171,0.378,0.666,0.025626681
0.436,0.776,0.46,0.798,2.409e-06
0.328,0.067,0.709,0.896,0.061343187
0.0,0.032,0.532,0.864,0.982162226
0.213,0.28,0.259,0.612,0.095122103
0.105,0.573,0.72,0.76,0.031938664
0.492,0.204,0.999,0.467,0.002568836
0.019,0.851,0.271,0.862,3.373e-06
0.066,0.156,0.736,0.605,0.973441869
0.398,0.047,0.992,0.978,0.027722323
0.382,0.381,0.546,0.657,0.029960598
0.308,0.347,0.839,0.57,0.065586994
0.013,0.322,0.843,0.582,0.962701041
0.0,0.05,0.75,0.86,0.987314354
0.25,0.055,0.632,0.582,0.129287477
0.26,0.203,0.292,0.634,0.03719343
0.323,0.642,0.903,0.961,0.00214672
0.181,0.215,0.524,0.622,0.393511846
0.0,0.34,0.779,0.62,0.977851439
0.342,0.186,0.887,0.447,0.012446157
0.115,0.316,0.613,0.521,0.49153961
0.0,0.007,0.344,0.997,0.934474203
0.392,0.663,0.549,0.986,0.000621127
0.0,0.131,0.984,0.705,0.986353029
0.024,0.228,0.66,0.628,0.979086466
0.218,0.106,0.351,0.793,0.161890154
0.201,0.232,0.434,0.704,0.274247214
0.0,0.0,0.72,0.951,0.999673776
0.098,0.205,0.47,0.713,0.923743976
0.213,0.222,0.513,0.747,0.221580053
0.162,0.16,0.307,0.717,0.354954249
0.502,0.032,0.691,0.747,0.007205366
0.209,0.46,0.529,0.97,0.144726032
0.447,0.134,0.918,0.46,0.0040819
0.121,0.266,0.767,0.283,0.0
0.032,0.187,0.241,0.854,0.828991466
0.227,0.446,0.495,0.5,0.06779202
0.278,0.472,0.424,0.559,0.03575891
0.256,0.115,0.468,0.668,0.122132707
0.791,0.482,0.962,0.69,4.2886e-05
0.745,0.071,0.919,0.262,0.0
0.831,0.513,0.859,0.883,8.192e-06
0.626,0.089,0.87,0.445,0.000155161
0.635,0.424,0.974,0.48,0.000220695
0.043,0.259,0.641,0.799,0.986358811
0.533,0.36,0.971,0.418,0.0
0.335,0.487,0.613,0.583,0.022324924
0.588,0.068,0.848,0.769,0.002217555
0.302,0.321,0.323,0.611,0.016289533
0.066,0.168,0.454,0.829,0.973627388
0.402,0.006,0.633,0.762,0.025032056
0.097,0.045,0.55,0.791,0.939777637
0.822,0.005,0.969,0.216,0.0
0.012,0.444,0.698,0.454,0.111431874
0.004,0.806,0.322,0.91,4.915e-05
0.013,0.237,0.689,0.663,0.983950919
0.095,0.621,0.36,0.981,0.006604477
0.215,0.591,0.823,0.7,0.012707811
0.223,0.218,0.346,0.411,0.0
0.729,0.178,0.765,0.383,0.0
0.075,0.082,0.326,0.939,0.92431017
0.221,0.242,0.28,0.67,0.096029941
0.659,0.171,0.948,0.522,0.000399468
0.307,0.0,0.335,0.982,0.019925706
0.251,0.174,0.358,0.923,0.09581792
0.249,0.357,0.478,0.479,0.068238711
0.18,0.572,0.303,0.6,0.006110563
0.033,0.22,0.536,0.697,0.981119947
0.164,0.265,0.728,0.666,0.426426774
0.111,0.217,0.496,0.595,0.642652315
0.507,0.157,0.76,0.947,0.007141759
0.056,0.764,0.626,0.869,0.000267436
0.0,0.0,0.76,0.879,0.999868932
0.0,0.275,0.563,0.623,0.975621356
0.0,0.217,0.5,0.718,0.97877277
0.0,0.137,0.658,0.756,0.986327972
0.297,0.489,0.573,0.63,0.037302332
0.0,0.307,0.665,0.64,0.981183072
0.253,0.057,0.533,0.503,0.085514627
0.556,0.811,0.791,0.892,2.409e-06
0.295,0.142,0.396,0.762,0.060518229
0.536,0.656,0.884,0.832,0.000202866
0.854,0.069,0.945,0.912,1.6383e-05
0.338,0.26,0.962,0.607,0.051904365
0.04,0.0,0.658,0.883,0.986672025
0.074,0.234,0.709,0.694,0.985624927
0.497,0.06,0.567,0.391,0.0
0.0,0.249,0.846,0.588,0.966197954
0.443,0.319,0.695,0.685,0.014887298
0.27,0.418,0.64,0.418,0.0
0.253,0.427,0.518,0.635,0.107702701
0.165,0.03,0.524,0.806,0.421957452
0.0,0.498,0.742,0.509,0.064106697
0.0,0.322,0.565,0.563,0.940064349
0.208,0.24,0.929,0.688,0.248473082
0.175,0.382,0.546,0.526,0.347640945
0.151,0.401,0.575,0.435,0.085973847
0.072,0.506,0.64,0.791,0.209556976
0.0,0.224,0.369,0.741,0.945502706
0.0,0.353,0.718,0.568,0.949144179
0.192,0.312,0.917,0.551,0.323115332
0.438,0.131,0.549,0.426,0.001530411
0.0,0.039,0.462,0.88,0.974921203
0.38,0.085,0.638,0.467,0.012330991
0.236,0.315,0.494,0.901,0.159026415
0.273,0.131,0.472,0.986,0.104034243
0.168,0.111,0.381,0.772,0.387798824
0.0,0.452,0.494,0.665,0.582664622
0.042,0.366,0.531,0.606,0.96940912
0.255,0.865,0.976,0.937,1.4938e-05
0.142,0.147,0.438,0.838,0.453091879
0.0,0.459,0.437,0.464,0.061441488
0.695,0.168,0.77,0.804,0.000389349
0.288,0.033,0.432,0.803,0.078740533
0.04,0.123,0.493,0.959,0.978812765
0.599,0.039,0.745,0.497,0.000642329
0.0,0.105,0.694,0.772,0.986755388
0.138,0.294,0.356,0.602,0.420877587
0.565,0.858,0.835,0.942,4.82e-07
0.147,0.018,0.416,0.878,0.43835396
0.082,0.0,0.647,0.936,0.986541439
0.0,0.207,0.684,0.733,0.98629665
0.181,0.314,0.456,0.757,0.392680624
0.564,0.161,0.581,0.958,0.000824475
0.0,0.0,0.808,0.888,0.999944585
0.166,0.543,0.841,0.702,0.05039901
0.525,0.107,0.689,0.534,0.003304648
0.0,0.2,0.644,0.787,0.986354474
0.0,0.012,0.715,0.825,0.987059928
0.326,0.422,0.867,0.496,0.024903398
0.388,0.683,0.406,0.924,5.3487e-05
0.0,0.24,0.768,0.643,0.982208486
0.018,0.384,0.956,0.558,0.934278083
0.303,0.823,0.711,0.855,2.072e-05
0.241,0.23,0.483,0.606,0.141189124
0.505,0.401,0.566,0.862,0.004249108
0.711,0.358,0.753,0.737,0.000252499
0.249,0.432,0.664,0.524,0.083135647
0.047,0.41,0.664,0.761,0.98644892
0.0,0.421,0.451,0.502,0.514523247
0.373,0.99,0.521,0.99,0.0
0.475,0.352,0.709,0.36,0.0
0.372,0.133,0.672,0.76,0.039455316
0.38,0.259,0.497,0.351,0.0
0.0,0.245,0.39,0.591,0.940624761
0.339,0.285,0.369,0.707,0.013852247
0.136,0.108,0.76,0.947,0.483399421
0.25,0.167,0.329,0.801,0.082576681
0.153,0.289,0.927,0.468,0.244518395
0.253,0.288,0.332,0.505,0.054593668
0.197,0.211,0.282,0.568,0.20800729
0.564,0.238,0.986,0.451,0.000575832
0.396,0.166,0.924,0.934,0.02851114
0.039,0.178,0.455,0.517,0.833227563
0.121,0.03,0.173,0.868,0.125746714
0.115,0.026,0.752,0.964,0.605336972
0.06,0.001,0.847,0.874,0.987446386
0.0,0.14,0.586,0.748,0.984716125
0.0,0.431,0.819,0.832,0.755351019
0.087,0.012,0.624,0.886,0.986210396
0.053,0.01,0.497,0.885,0.979233435
0.207,0.558,0.69,0.619,0.022811611
0.667,0.288,0.789,0.41,0.0
0.245,0.069,0.376,0.823,0.11337621
0.655,0.04,0.949,0.848,0.000839895
0.309,0.036,0.922,0.746,0.075666218
0.678,0.013,0.912,0.041,0.0
0.037,0.338,0.514,0.549,0.915936758
0.0,0.104,0.578,0.883,0.984854421
0.3,0.365,0.395,0.538,0.043530952
0.385,0.028,0.83,0.208,0.0
0.544,0.146,0.996,0.729,0.004481368
0.0,0.48,0.803,0.487,0.026004465
0.397,0.547,0.85,0.67,0.007307522
0.127,0.0,0.439,0.935,0.495037005
0.366,0.279,0.502,0.996,0.035198498
0.091,0.038,0.988,0.243,0.0
0.047,0.599,0.46,0.716,0.013825744
0.11,0.293,0.661,0.971,0.687834627
0.008,0.034,0.828,0.876,0.987433858
0.051,0.265,0.276,0.352,0.0
0.183,0.587,0.766,0.699,0.015462648
0.141,0.097,0.573,0.798,0.468784378
0.166,0.273,0.213,0.698,0.197602805
0.158,0.109,0.615,0.431,0.084576431
0.114,0.466,0.722,0.602,0.303715825
0.198,0.441,0.492,0.463,0.078195541
0.43,0.223,0.571,0.875,0.015332544
0.071,0.193,0.466,0.281,0.0
0.406,0.072,0.58,0.744,0.022248789
0.14,0.164,0.606,0.718,0.471429349
0.311,0.577,0.965,0.724,0.009293298
0.832,0.518,0.91,0.864,1.4456e-05
0.0,0.447,0.723,0.548,0.57873981
0.353,-0.0,0.357,0.837,0.001847962
0.165,0.018,0.491,0.541,0.368428712
0.075,0.156,0.757,0.671,0.984866949
0.017,0.124,0.56,0.787,0.983783229
0.105,0.256,0.442,0.62,0.773413824
0.624,0.503,0.747,0.9,0.000641366
0.256,0.059,0.359,0.892,0.089331018
0.234,0.224,0.817,1.0,0.171586775
0.975,0.203,0.991,0.986,0.0
0.122,0.422,0.327,0.719,0.383829681
0.102,0.263,0.825,0.584,0.835787726
0.38,0.469,0.611,0.59,0.018237242
0.22,0.287,0.227,0.649,0.018173635
0.19,0.1,0.762,0.608,0.363765198
0.442,0.164,0.551,0.612,0.010717698
0.925,0.349,0.944,0.788,9.64e-07
0.229,0.262,0.328,0.81,0.121002246
0.226,0.005,0.509,0.832,0.182832119
0.134,0.02,0.882,0.069,0.0
0.262,0.338,0.396,0.778,0.099380848
0.199,0.313,0.36,0.523,0.213186884
0.0,0.0,0.273,0.885,0.884763299
0.2,0.137,0.347,0.74,0.247966157
0.422,0.155,0.843,0.71,0.019936789
0.645,0.41,0.937,0.626,0.000865916
0.188,0.092,0.503,0.785,0.377975472
0.085,0.3,0.479,0.61,0.965906906
0.087,0.301,0.643,0.517,0.840454131
0.117,0.242,0.617,0.736,0.575711755
0.022,0.069,0.577,0.311,0.0
0.375,0.523,0.602,0.878,0.012531448
0.327,0.602,0.648,0.868,0.004893365
0.0,0.04,0.445,0.984,0.972195278
0.277,0.136,0.33,0.482,0.027446695
0.301,0.85,0.549,0.967,1.4456e-05
0.263,0.589,0.414,0.823,0.007425097
0.005,0.05,0.764,0.47,0.598762853
0.0,0.293,0.536,0.628,0.975105276
0.0,0.0,0.765,0.917,0.999887725
0.0,0.385,0.737,0.451,0.376164614
0.0,0.261,0.763,0.576,0.958268341
0.05,0.415,0.061,0.541,0.0
0.0,0.0,0.787,0.894,0.99992001
0.005,0.002,0.627,0.936,0.986269666
0.048,0.135,0.218,0.802,0.775816416
0.0,0.392,0.757,0.645,0.982411352
0.078,0.121,0.551,0.715,0.982549648
0.101,0.209,0.623,0.745,0.88203882
0.086,0.417,0.637,0.448,0.347954641
0.205,0.432,0.372,0.497,0.106605007
0.106,0.463,0.63,0.5,0.170389816
0.132,0.275,0.42,0.61,0.463302171
0.375,0.212,0.56,0.969,0.035158985
0.0,0.291,0.851,0.987,0.987459879
0.0,0.176,0.774,0.661,0.984177397
0.073,0.285,0.473,0.597,0.960991375
0.069,0.019,0.48,0.818,0.977229348
0.54,0.235,0.638,0.308,0.0
0.459,0.121,0.849,0.814,0.012977657
0.078,0.174,0.624,0.727,0.98552759
0.171,0.483,0.549,0.807,0.152514457
0.28,0.12,0.551,0.229,0.0
0.118,0.016,0.563,0.929,0.562678683
0.096,0.327,0.687,0.6,0.933682495
0.132,0.417,0.413,0.461,0.229022016
0.095,0.143,0.666,0.854,0.960023303
0.46,0.907,0.589,0.959,1.446e-06
0.316,0.038,0.387,0.722,0.037422799
0.257,0.078,0.475,0.881,0.123235702
0.08,0.731,0.231,0.786,0.000113239
0.0,0.392,0.672,0.539,0.904658647
0.046,0.26,0.363,0.923,0.943276478
0.727,0.036,0.778,0.829,0.00018841
0.493,0.33,0.689,0.357,0.0
0.714,0.953,0.796,0.955,0.0
0.0,0.166,0.412,0.775,0.964494552
0.0,0.088,0.82,0.814,0.987363987
0.173,0.156,0.275,0.808,0.304658358
0.041,0.012,0.653,0.89,0.986604082
0.029,0.513,0.102,0.649,0.00029153
0.236,0.419,0.317,0.474,0.033045514
0.427,0.802,0.627,0.928,1.9757e-05
0.08,0.221,0.359,0.874,0.941440562
0.0,0.273,0.39,0.564,0.918937347
0.382,0.472,0.452,0.612,0.011501697
0.076,0.444,0.217,0.853,0.518888486
0.0,0.315,0.566,0.522,0.861553184
0.0,0.25,0.74,0.587,0.965584055
0.012,0.356,0.485,0.769,0.977669775
0.236,0.434,0.478,0.462,0.037883464
0.487,0.208,0.988,0.671,0.009110188
0.054,0.038,0.177,0.767,0.57480488
0.132,0.043,0.281,0.952,0.388978436
0.207,0.0,0.653,0.987,0.254033352
0.612,0.7,0.853,0.995,3.0358e-05
0.759,0.622,0.939,0.911,2.0238e-05
0.072,0.371,0.478,0.517,0.835195029
0.698,0.046,0.907,0.057,0.0
0.287,0.116,0.428,0.782,0.079065794
0.274,0.228,0.311,0.788,0.039809489
0.315,0.819,0.551,0.934,3.2285e-05
0.007,0.313,0.617,0.599,0.970159869
0.407,0.087,0.845,0.114,0.0
0.221,0.401,0.4,0.491,0.103800056
0.335,0.053,0.855,0.3,0.0
0.326,0.2,0.583,0.551,0.048054725
0.336,0.409,0.851,0.852,0.057032881
0.701,0.043,0.949,0.792,0.000444282
0.0,0.474,0.578,0.591,0.336784951
0.107,0.237,0.399,0.4,0.0
0.002,0.289,0.725,0.681,0.985218712
0.0,0.086,0.52,0.938,0.981316549
0.208,0.543,0.499,0.794,0.039168123
0.0,0.0,0.606,0.944,0.998338521
0.962,0.195,0.991,0.957,4.82e-07
0.087,0.265,0.726,0.821,0.987133654
0.571,0.024,0.905,0.237,0.0
0.632,0.135,0.895,0.306,0.0
0.08,0.0,0.477,0.918,0.976905051
0.475,0.077,0.92,0.327,0.0
0.222,0.384,0.25,0.755,0.056407417
0.104,0.223,0.726,0.546,0.742783913
0.0,0.016,0.556,0.864,0.983696975
0.639,0.361,0.691,0.579,0.000425007
0.0,0.227,0.325,0.812,0.923606162
0.442,0.364,0.676,0.601,0.013510121
0.062,0.263,0.702,0.982,0.987040172
0.052,0.385,0.388,0.532,0.870122717
0.355,0.037,0.983,0.838,0.047833548
0.184,0.168,0.648,0.702,0.397526285
0.035,0.01,0.686,0.937,0.986927897
0.795,0.108,0.962,0.585,4.1441e-05
0.681,0.153,0.801,0.19,0.0
0.0,0.263,0.72,0.573,0.954902015
0.0,0.229,0.746,0.671,0.984830327
0.07,0.581,0.289,0.622,0.010326904
0.731,0.647,0.79,0.705,6.746e-06
0.442,0.173,0.726,0.285,0.0
0.0,0.125,0.465,0.712,0.974501014
0.0,0.038,0.762,0.85,0.987332665
0.375,0.28,0.98,0.657,0.037707583
0.175,0.273,0.6,0.998,0.413262634
0.265,0.072,0.565,0.073,0.0
0.0,0.26,0.515,0.576,0.953103203
-0.0,0.337,0.747,0.545,0.913882556
0.118,0.246,0.483,0.932,0.55622744
0.051,0.839,0.565,0.886,3.4213e-05
0.017,0.141,0.707,0.737,0.986496625
0.113,0.155,0.437,0.733,0.617849146
0.267,0.0,0.369,0.845,0.080534526
0.227,0.565,0.478,0.961,0.020132427
0.041,0.413,0.42,0.525,0.862366577
0.0,0.176,0.47,0.661,0.973217319
0.213,0.647,0.639,0.755,0.003410177
0.876,0.143,0.959,0.289,0.0
0.28,0.136,0.449,0.74,0.091499904
0.438,0.365,0.539,0.903,0.011799491
0.072,0.21,0.474,0.667,0.974148769
0.818,0.877,0.932,0.963,0.0
0.012,0.619,0.781,0.641,0.004227424
0.06,0.009,0.619,0.827,0.986063908
0.616,0.56,0.64,0.723,0.000119021
0.0,0.15,0.669,0.829,0.986746715
0.347,0.205,0.401,0.227,0.0
0.094,0.417,0.297,0.549,0.830678966
0.0,0.076,0.476,0.803,0.976695439
0.287,0.151,0.414,0.747,0.075482145
0.489,0.849,0.49,0.895,0.0
0.361,0.503,0.929,0.822,0.01928964
0.0,0.115,0.723,0.773,0.986952954
0.027,0.55,0.444,0.69,0.059853734
0.039,0.394,0.689,0.443,0.294710202
0.0,0.388,0.545,0.448,0.347323876
0.137,0.25,0.966,0.821,0.48095298
0.054,0.0,0.897,0.931,0.987473371
0.159,0.238,0.328,0.854,0.376398319
-0.0,0.049,0.626,0.939,0.986256655
0.498,0.33,0.849,0.884,0.008108867
0.203,0.309,0.521,0.639,0.26785235
0.179,0.174,0.546,0.663,0.403025839
0.148,0.056,1.0,0.88,0.457864295
0.0,0.452,0.562,0.697,0.587920833
0.0,0.32,0.738,0.558,0.934147497
0.119,0.458,0.536,0.75,0.309108887
0.0,0.377,0.604,0.55,0.920721221
0.26,0.0,0.502,0.942,0.122592409
0.036,0.194,0.878,0.418,0.0
0.126,0.067,0.715,0.9,0.514975721
0.044,0.464,0.677,0.502,0.213051479
0.71,0.053,0.837,0.248,0.0
0.522,0.281,0.841,0.317,0.0
0.052,0.103,0.525,0.847,0.981677468
0.014,0.245,0.279,0.668,0.878807898
0.248,0.404,0.813,0.757,0.14640775
0.734,0.044,0.822,0.96,0.000200457
0.167,0.177,0.529,0.726,0.418908194
0.0,0.246,0.238,0.684,0.823200381
0.308,0.442,0.406,0.454,0.006085505
0.096,0.258,0.109,0.579,0.23586839
0.054,0.442,0.557,0.947,0.698213091
0.218,0.0,0.352,0.886,0.162419727
0.024,0.144,0.56,0.765,0.983665653
0.267,0.135,0.53,0.278,0.0
0.216,0.516,0.851,0.914,0.060497509
0.001,0.306,0.403,0.609,0.95146389
0.554,0.38,0.938,0.669,0.003765795
0.729,0.359,0.772,0.524,8.0472e-05
0.317,0.115,0.812,1.0,0.06937881
0.0,0.207,0.549,0.721,0.982530855
0.0,0.125,0.757,0.841,0.987316282
0.639,0.442,0.777,0.91,0.00085146
0.638,0.118,0.98,0.32,0.0
0.127,0.035,0.291,0.873,0.418162263
0.0,0.265,0.825,0.714,0.98653132
0.092,0.017,0.461,0.82,0.963424324
0.27,0.699,0.348,0.786,0.000362364
0.674,0.284,0.783,0.792,0.000553666
0.156,0.12,0.817,0.897,0.443620772
0.402,0.122,0.945,0.668,0.025598732
0.489,0.066,0.71,0.471,0.002709059
0.029,0.199,0.483,0.969,0.97765821
0.13,0.658,0.709,0.974,0.003399576
0.467,0.403,0.757,0.701,0.011588915
0.0,0.164,0.447,0.673,0.97056512
0.158,0.145,0.799,0.683,0.438154467
0.145,0.315,0.821,0.812,0.463660199
0.279,0.473,0.483,0.611,0.047982926
0.131,0.325,0.441,0.9,0.48169602
0.697,0.041,0.878,0.882,0.000461147
0.825,0.097,0.99,0.869,3.5658e-05
0.411,0.261,0.481,0.572,0.010539407
0.4,0.043,0.925,0.793,0.026912303
0.019,0.014,0.544,0.822,0.982907194
0.0,0.0,0.625,0.897,0.998752445
0.731,0.416,0.876,0.738,0.000233224
0.035,0.065,0.699,0.913,0.987016078
0.0,0.002,0.629,0.896,0.986297614
0.085,0.219,0.477,0.618,0.967809319
0.0,0.44,0.717,0.499,0.478595684
0.132,0.0,0.604,0.889,0.492333246
0.417,0.318,0.816,0.464,0.006395346
0.008,0.374,0.537,0.503,0.759418945
0.283,0.113,0.683,0.89,0.102072561
0.028,0.29,0.332,0.511,0.771469489
0.0,0.313,0.736,0.582,0.962557445
0.206,0.29,0.576,0.745,0.257278248
0.601,0.636,0.934,0.678,8.4809e-05
0.312,0.464,0.846,0.58,0.037931169
0.08,0.326,0.906,0.601,0.972356222
0.0,0.199,0.762,0.689,0.985717445
0.546,0.298,0.692,0.648,0.003713271
0.262,0.107,0.291,0.792,0.034655915
0.421,0.815,0.93,0.882,1.4938e-05
0.333,0.396,0.371,0.504,0.011007301
0.131,0.286,0.171,0.937,0.078001348
0.497,0.225,0.532,0.76,0.0029312
0.244,0.231,0.382,0.968,0.118218497
0.147,0.393,1.0,0.604,0.446663766
0.097,0.18,0.458,0.76,0.930612998
0.0,0.492,0.778,0.494,0.010272935
0.152,0.131,0.366,1.0,0.407841142
0.0,0.06,0.651,0.777,0.986389169
0.111,0.316,0.713,0.36,0.0
0.0,0.443,0.437,0.498,0.433707793
0.026,0.0,0.526,0.936,0.981777214
0.261,0.128,0.374,0.316,0.0
0.486,0.383,0.529,0.401,0.0
0.139,0.44,0.435,0.57,0.328831245
0.0,0.354,0.456,0.592,0.956793827
0.269,0.032,0.695,0.805,0.119361005
0.0,0.35,0.689,0.533,0.893110691
0.061,0.22,0.915,0.595,0.969953148
0.0,0.0,0.756,0.928,0.999870378
0.438,0.429,0.748,0.642,0.013702868
0.013,0.132,0.537,0.556,0.92777528
0.243,0.273,0.396,0.614,0.121633492
0.287,0.445,0.735,0.744,0.075821379
0.685,0.463,0.843,0.533,0.000161908
0.0,0.044,0.465,0.792,0.97521996
0.043,0.0,0.682,0.864,0.98688501
0.23,0.356,0.472,0.48,0.087039256
0.171,0.293,0.841,0.581,0.399313531
0.194,0.23,0.57,0.553,0.309089612
0.304,0.0,0.665,0.874,0.079535615
0.077,0.406,0.669,0.726,0.986094748
0.847,0.38,0.947,0.626,1.5902e-05
0.072,0.285,0.654,0.552,0.923969008
0.091,0.059,0.57,0.935,0.977343551
0.163,0.26,0.572,0.576,0.404482525
0.0,0.232,0.651,0.647,0.982005138
0.009,0.274,0.57,0.708,0.983487362
0.025,0.346,0.697,0.491,0.700088519
0.061,0.739,0.659,0.937,0.000544992
0.177,0.01,0.213,0.852,0.184051244
0.048,0.041,0.524,0.958,0.981623499
0.0,0.079,0.694,0.821,0.986920669
0.359,0.15,0.902,0.913,0.046024617
0.045,0.265,0.726,0.32,0.0
0.005,0.313,0.7,0.651,0.98282624
0.094,0.67,0.532,0.917,0.002395364
0.532,0.606,0.939,0.857,0.000596552
0.187,0.228,0.254,0.869,0.252283691
0.138,0.207,0.586,0.672,0.473967346
0.0,0.39,0.837,0.447,0.339026117
0.542,0.534,0.59,0.793,0.000837004
0.171,0.368,0.551,0.54,0.365225256
0.433,0.22,0.836,0.895,0.017635389
0.274,0.0,0.275,0.849,0.001240809
0.0,0.392,0.813,0.491,0.700226815
0.0,0.11,0.578,0.774,0.984642399
0.06,0.404,0.853,0.433,0.232047181
0.44,0.257,0.645,0.794,0.01526701
0.238,0.422,0.886,0.484,0.060006004
0.0,0.057,0.653,0.879,0.986601672
0.0,0.17,0.947,0.78,0.987296525
0.211,0.023,0.482,0.88,0.226286454
0.176,0.052,0.422,0.341,0.0
0.062,0.353,0.839,0.598,0.970984345
0.0,0.0,0.546,0.906,0.995604886
0.041,0.344,0.434,0.581,0.947776157
0.0,0.133,0.448,0.703,0.971742804
0.004,0.122,0.213,0.714,0.75869518
0.044,0.59,0.576,0.793,0.01929735
0.438,0.021,0.745,0.3,0.0
0.151,0.022,0.422,0.952,0.432424097
0.229,0.399,0.7,0.705,0.181449641
0.231,0.073,0.542,0.387,0.0
0.76,0.075,0.885,0.968,0.000114203
0.302,0.395,0.934,0.433,0.011808165
0.45,0.535,0.551,0.649,0.003026128
0.168,0.418,0.405,0.485,0.258883349
0.361,0.279,0.907,0.781,0.045017032
0.13,0.532,0.636,0.699,0.073773924
0.087,0.372,0.587,0.593,0.966956896
0.087,0.375,0.937,0.855,0.98745265
0.203,0.303,0.252,0.628,0.136380567
0.587,0.322,0.656,0.668,0.00140368
0.0,0.307,0.773,0.529,0.886139513
0.0,0.02,0.679,0.897,0.986877782
0.867,0.39,0.937,0.591,1.0601e-05
0.035,0.429,0.689,0.452,0.163341058
0.833,0.066,0.946,0.885,3.084e-05
0.0,0.406,0.531,0.431,0.231484359
0.096,0.023,0.224,0.998,0.754985763
0.344,0.0,0.345,0.842,0.000547402
0.0,0.324,0.702,0.58,0.961268931
0.0,0.213,0.712,0.68,0.985090054
0.0,0.0,0.638,0.865,0.9989317
0.349,0.623,0.723,0.976,0.002644971
0.0,0.402,0.629,0.481,0.662763539
0.102,0.388,0.331,0.471,0.467149402
0.256,0.083,0.374,0.805,0.096103185
0.429,0.224,0.537,0.895,0.013513012
0.257,0.477,0.482,0.501,0.016281341
0.34,0.723,0.723,0.936,0.000260208
0.2,0.228,0.265,0.785,0.175382446
0.376,0.223,0.422,0.826,0.018071479
0.155,0.579,0.828,0.673,0.0215549
0.087,0.244,0.435,0.57,0.938782581
0.251,0.104,0.509,0.803,0.135177826
0.535,0.38,0.902,0.438,0.000558003
0.0,0.24,0.789,0.597,0.970617162
0.15,0.185,0.651,0.865,0.453477855
0.0,0.041,0.761,0.796,0.987239183
0.0,0.253,0.41,0.69,0.96271357
0.049,0.318,0.645,0.585,0.964029068
0.548,0.38,0.819,0.773,0.00420574
0.425,0.35,0.903,0.577,0.015760924
0.26,0.184,0.427,0.993,0.111409227
0.845,0.47,0.967,0.641,1.1083e-05
0.423,0.587,0.578,0.598,0.000529091
0.0,0.425,0.328,0.496,0.464884142
0.687,0.197,0.914,0.986,0.000542101
0.0,0.064,0.602,0.859,0.985681305
0.639,0.249,0.817,0.822,0.000996502
0.177,0.052,0.237,0.953,0.247001459
0.343,0.618,0.818,0.735,0.002958185
0.151,0.237,0.827,0.432,0.086222973
0.179,0.264,0.551,0.617,0.397763364
0.063,0.045,0.344,0.072,0.0
0.0,0.0,0.555,0.904,0.996172044
0.507,0.337,0.857,0.768,0.007223195
0.044,0.071,0.285,0.86,0.887261301
0.454,0.303,0.46,0.534,0.000669314
0.506,0.147,0.67,0.964,0.006690249
0.201,0.121,0.363,0.716,0.247776302
0.101,0.207,0.795,0.629,0.876223642
0.0,0.307,0.514,0.621,0.972242019
0.55,0.068,0.792,0.911,0.004057325
0.946,0.627,0.949,0.879,0.0
0.079,0.277,0.567,0.559,0.934791754
0.623,0.244,0.992,0.564,0.000912657
0.113,0.667,0.956,0.699,0.001399343
0.0,0.017,0.862,0.965,0.987464215
0.092,0.2,0.098,0.927,0.040172335
0.806,0.134,0.896,0.228,0.0
0.259,0.285,0.432,0.618,0.109261061
0.557,0.144,0.851,0.733,0.003667976
0.406,0.072,0.956,0.142,0.0
0.065,0.33,0.151,0.411,0.0
0.204,0.146,0.351,0.748,0.221937599
0.0,0.566,0.301,0.594,0.016723214
0.121,0.418,0.453,0.802,0.52918455
0.08,0.55,0.957,0.937,0.065638072
0.843,0.393,0.92,0.922,2.2166e-05
0.109,0.895,0.328,0.941,1.927e-06
0.115,0.37,0.809,0.551,0.544189906
0.482,0.646,0.918,0.792,0.000460184
0.0,0.106,0.599,1.0,0.985608543
0.175,0.329,0.557,0.554,0.374987411
0.0,0.348,0.61,0.54,0.905394941
0.314,0.149,0.447,0.799,0.056764963
0.0,0.086,0.472,0.841,0.976243447
0.597,0.359,0.879,0.797,0.001916387
0.312,0.508,0.367,0.656,0.010747092
0.159,0.0,0.397,0.901,0.410031712
0.562,0.233,0.631,0.854,0.002277306
0.0,0.0,0.302,0.84,0.917873865
0.434,0.256,0.903,0.481,0.00660785
0.248,0.141,0.482,0.911,0.136732813
0.519,0.173,0.762,0.567,0.004705919
0.519,0.225,0.797,0.342,0.0
0.416,0.823,0.86,1.0,1.3974e-05
0.188,0.076,0.546,0.987,0.381383721
0.0,0.563,0.638,0.58,0.019085329
0.168,0.746,0.428,0.886,0.000366219
0.004,0.564,0.301,0.988,0.030617865
0.253,0.129,0.309,0.784,0.063555441
0.127,0.196,0.662,0.938,0.510722758
0.381,0.35,0.482,0.942,0.025691733
0.014,0.233,0.861,0.603,0.973003852
0.177,0.416,0.39,0.482,0.244974724
0.092,0.26,0.301,0.649,0.890800136
0.539,0.652,0.932,0.879,0.000212504
0.32,0.147,0.42,0.735,0.046449624
0.266,0.012,0.966,0.518,0.08706865
0.029,0.263,0.869,0.991,0.987465661
0.249,0.081,0.332,0.681,0.085172019
0.19,0.611,0.376,0.777,0.006608332
0.389,0.627,0.443,0.874,0.000707382
0.709,0.138,0.898,0.338,0.0
0.296,0.256,0.606,0.695,0.08561341
0.305,0.442,0.982,0.941,0.064426175
0.096,0.233,0.543,0.346,0.0
0.03,0.894,0.638,0.948,5.782e-06
0.0,0.1,0.656,0.809,0.986563123
0.165,0.438,0.376,0.443,0.028066858
0.239,0.185,0.488,0.786,0.152675883
0.725,0.018,0.864,0.448,4.9632e-05
0.003,0.36,0.75,0.994,0.987337002
0.438,0.415,0.688,0.503,0.00805538
0.085,0.465,0.375,0.469,0.041712866
0.282,0.115,0.428,0.782,0.085086729
0.266,0.06,0.753,0.583,0.11135333
0.585,0.588,0.845,0.862,0.000438499
0.278,0.07,0.885,0.928,0.109017718
0.482,0.225,0.686,0.686,0.00923451
0.082,0.723,0.444,0.753,0.000315141
0.381,0.699,0.587,0.982,0.000295867
0.0,0.452,0.753,0.599,0.575817765
0.299,0.0,0.305,0.855,0.005662908
0.216,0.036,0.712,0.593,0.204189935
0.205,0.491,0.355,0.802,0.088007328
0.47,0.626,0.687,0.945,0.000746895
0.309,0.307,0.487,0.734,0.066305941
0.43,0.064,0.466,0.772,0.006269097
0.228,0.064,0.493,0.84,0.176442555
0.009,0.223,0.533,0.655,0.97870579
0.0,0.021,0.589,0.876,0.985259189
0.021,0.109,0.51,0.335,0.0
0.0,0.372,0.766,0.589,0.966595013
0.0,0.132,0.521,0.705,0.980332575
0.844,0.311,0.859,0.653,7.71e-06
0.0,0.243,0.26,0.687,0.856593803
0.097,0.304,0.691,0.901,0.943527049
0.0,0.183,0.491,0.741,0.978096228
0.397,0.64,0.548,0.759,0.000998911
0.273,0.022,0.347,0.166,0.0
0.103,0.071,0.783,0.871,0.837652553
0.049,0.0,0.194,0.869,0.639934582
0.007,0.35,0.343,0.442,0.276263348
0.321,0.205,0.869,0.955,0.066524227
0.276,0.212,0.608,0.553,0.091210784
0.15,0.461,0.406,0.986,0.217483215
0.407,0.173,0.974,0.324,0.0
0.732,0.737,0.766,0.83,4.82e-07
0.0,0.354,0.515,0.482,0.664430801
0.0,0.205,0.608,0.718,0.985057769
0.0,0.355,0.698,0.525,0.874737081
0.025,0.381,0.915,0.849,0.987445422
0.0,0.15,0.419,0.764,0.966334323
0.0,0.0,0.619,0.889,0.998631978
0.292,0.152,1.0,0.184,0.0
0.0,0.113,0.478,0.882,0.977034192
0.424,0.326,0.579,0.878,0.017098589
0.345,0.185,0.376,0.651,0.013893687
0.374,0.361,0.661,0.558,0.030714239
0.18,0.268,0.26,0.679,0.277710878
0.731,0.184,0.808,0.703,0.000198048
0.1,0.403,0.426,0.491,0.614662555
0.128,0.804,0.413,0.81,9.155e-06
0.867,0.068,0.9,0.727,7.71e-06
0.032,0.148,0.491,0.866,0.978559303
0.181,0.111,0.513,0.474,0.237716834
0.18,0.147,0.424,0.689,0.387638362
0.043,0.234,0.51,0.66,0.977482329
0.573,0.21,0.981,0.37,0.0
0.012,0.3,0.846,0.606,0.974146841
0.138,0.216,0.445,0.723,0.462682971
0.342,0.174,0.901,0.366,0.0
0.0,0.283,0.373,0.663,0.945622209
0.271,0.365,0.425,0.682,0.097356523
0.0,0.414,0.649,0.498,0.733331599
0.01,0.441,0.727,0.538,0.63389389
0.441,0.017,0.599,0.172,0.0
0.008,0.116,0.548,0.721,0.98247014
0.366,0.146,0.797,0.852,0.042875612
0.008,0.027,0.855,0.135,0.0
0.351,0.242,0.974,0.594,0.04481031
0.153,0.086,0.392,0.796,0.418639794
0.208,0.392,0.753,0.847,0.249700881
0.092,0.438,0.5,0.457,0.213734768
0.061,0.002,0.124,0.879,0.462566359
0.0,0.026,0.375,0.908,0.948771214
0.013,0.018,0.494,0.879,0.978906247
0.692,0.351,0.825,0.378,0.0
0.0,0.228,0.538,0.685,0.980836127
0.051,0.159,0.173,0.781,0.569983795
0.18,0.133,0.736,0.925,0.408337465
0.779,0.316,0.981,0.978,8.3363e-05
0.212,0.064,0.736,0.198,0.0
0.0,0.137,0.633,0.883,0.986352547
0.071,0.376,0.281,0.724,0.88208267
0.397,0.199,0.47,0.792,0.016666835
0.0,0.239,0.503,0.646,0.975348619
0.255,0.296,0.284,0.587,0.032933239
0.0,0.122,0.766,0.844,0.987340375
0.69,0.373,0.892,0.839,0.000509816
0.116,0.071,0.683,0.889,0.590180792
0.0,0.157,0.645,0.726,0.985812855
0.0,0.0,0.753,0.973,0.999865077
0.76,0.316,0.772,0.472,9.155e-06
0.502,0.7,0.7,0.984,8.8182e-05
0.143,0.18,0.564,0.656,0.460991134
0.316,0.237,0.899,0.617,0.066208603
0.094,0.551,0.58,0.896,0.063437865
0.121,0.36,0.547,0.537,0.46424615
0.114,0.139,0.994,0.764,0.621711314
0.489,0.273,0.577,0.323,0.0
0.336,0.436,0.374,0.545,0.011312805
0.116,0.037,0.529,0.734,0.58470244
0.46,0.732,0.872,0.845,7.4689e-05
0.194,0.527,0.794,0.918,0.059932278
0.093,0.304,0.126,0.629,0.457588667
0.327,0.143,0.941,0.805,0.062446663
0.429,0.225,0.67,0.377,0.0
0.112,0.132,0.451,0.762,0.635333228
0.489,0.326,0.85,0.803,0.009094287
0.067,0.202,0.56,0.711,0.982996339
0.234,0.0,0.322,0.896,0.105781495
0.313,0.747,0.607,0.87,0.000163835
0.09,0.364,0.889,0.641,0.976407282
0.274,0.324,0.419,0.578,0.084703162
0.197,0.193,0.544,0.766,0.317966577
0.237,0.285,0.422,0.594,0.136656678
0.213,0.0,0.36,0.937,0.183034503
0.013,0.331,0.757,0.742,0.986841161
0.144,0.577,0.741,0.947,0.025544763
0.076,0.0,0.628,0.909,0.986282194
0.0,0.141,0.712,0.805,0.98700355
0.546,0.715,0.928,0.914,3.9513e-05
0.343,0.383,0.575,0.579,0.044189183
0.012,0.175,0.098,0.217,0.0
0.038,0.386,0.799,0.525,0.87494573
0.068,0.123,0.656,0.714,0.985746839
0.513,0.014,0.877,0.714,0.006630016
0.172,0.285,0.28,0.56,0.295561181
0.538,0.484,0.731,0.591,0.002320192
0.283,0.0,0.591,0.85,0.100497817
0.0,0.274,0.626,0.62,0.976830362
0.22,0.473,0.505,0.514,0.046266996
0.103,0.52,0.951,0.954,0.130300844
0.069,0.271,0.7,0.902,0.987021379
0.212,0.271,0.35,0.669,0.180978374
0.651,0.298,0.821,0.601,0.00071991
0.152,0.207,0.882,0.962,0.450774096
0.0,0.317,0.707,0.73,0.986419526
0.626,0.273,0.682,0.282,0.0
0.124,0.784,0.565,0.979,0.000163835
0.0,0.187,0.698,0.827,0.986958254
0.446,0.461,0.76,0.603,0.009120789
0.167,0.386,0.618,0.994,0.4236623
0.0,0.196,0.831,0.707,0.986373749
0.0,0.401,0.751,0.436,0.232032725
0.0,0.266,0.645,0.571,0.952669522
0.604,0.419,0.8,0.893,0.001515955
0.094,0.572,0.572,0.663,0.029603534
0.094,0.097,0.648,0.432,0.211803442
0.186,0.298,0.279,0.404,0.0
0.163,0.289,0.321,0.794,0.364664362
0.02,0.078,0.727,0.547,0.916413807
0.786,0.69,0.969,0.986,5.301e-06
0.665,0.26,0.672,0.306,0.0
0.074,0.361,0.483,0.523,0.860703652
0.867,0.338,0.957,0.483,3.855e-06
0.172,0.014,0.533,0.951,0.413431287
0.099,0.307,0.466,0.586,0.894286448
0.239,0.447,0.686,0.663,0.117083699
0.076,0.138,0.645,0.771,0.986282194
0.003,0.62,0.126,0.746,2.5057e-05
0.0,0.275,0.363,0.645,0.939809441
0.17,0.124,0.191,0.13,0.0
0.033,0.397,0.518,0.628,0.973923255
0.182,0.0,0.564,0.932,0.401094032
0.01,0.071,0.913,0.849,0.987444941
0.529,0.106,0.783,0.119,0.0
0.241,0.123,0.48,0.824,0.148258121
0.0,0.466,0.625,0.475,0.077265055
0.0,0.031,0.841,1.0,0.98745506
0.158,0.0,0.536,0.914,0.434988597
0.0,0.367,0.796,0.568,0.949348973
0.0,0.31,0.802,0.616,0.977034674
0.0,0.351,0.317,0.738,0.917698947
0.608,0.098,0.701,0.683,0.001129979
0.232,0.32,0.275,0.48,0.033127913
0.156,0.237,0.281,0.254,0.0
0.0,0.0,0.818,0.904,0.999954704
0.0,0.322,0.366,0.605,0.934119067
0.721,0.274,0.832,0.506,0.000118058
0.761,0.459,0.819,0.886,5.6379e-05
0.0,0.005,0.721,0.9,0.987162084
0.0,0.348,0.775,0.531,0.889807489
0.1,0.229,0.24,0.458,0.348002828
0.0,0.047,0.839,0.921,0.987451687
0.044,0.091,0.686,0.866,0.986909586
0.268,0.462,0.785,0.832,0.073697307
0.876,0.132,0.938,0.161,0.0
0.258,0.36,0.515,0.744,0.125920668
0.05,0.413,0.409,0.963,0.963623336
0.076,0.402,0.627,0.434,0.231946952
0.77,0.284,0.982,0.833,9.6855e-05
0.0,0.25,0.248,0.675,0.840156337
0.149,0.25,0.481,0.638,0.440903521
0.096,0.291,0.983,0.403,0.0
0.0,0.212,0.687,0.773,0.986707683
0.465,0.842,0.988,0.888,2.409e-06
0.0,0.029,0.64,0.881,0.986453739
0.0,0.015,0.365,0.821,0.944059031
0.255,0.41,0.938,0.935,0.136699082
0.211,0.069,1.0,0.635,0.231139342
0.148,0.443,0.339,0.604,0.281164423
0.588,0.453,0.664,0.493,0.000269364
0.167,0.65,0.38,0.781,0.002804951
0.0,0.15,0.578,0.77,0.984623124
0.0,0.47,0.49,0.671,0.380149658
0.117,0.077,0.155,0.1,0.0
0.0,0.137,0.626,0.781,0.986080774
0.0,0.032,0.495,0.804,0.97893275
0.818,0.037,0.871,0.92,2.4093e-05
0.0,0.344,0.696,0.614,0.976005886
0.301,0.311,0.488,0.613,0.069898745
0.232,0.453,0.511,0.748,0.113800253
0.168,0.385,0.599,0.451,0.160101944
0.078,0.046,0.503,0.108,0.0
0.458,0.121,0.869,0.803,0.013128482
0.369,0.304,0.476,0.887,0.030895421
0.18,0.031,0.377,0.805,0.370738785
0.0,0.362,0.699,0.474,0.629673212
0.007,0.421,0.282,0.492,0.43039158
0.09,0.477,0.574,0.546,0.266187016
0.049,0.211,0.267,0.736,0.865138279
0.17,0.184,0.552,0.784,0.416833272
0.0,0.143,0.763,0.693,0.985877907
0.452,0.018,0.707,0.598,0.012045725
0.103,0.049,0.309,0.643,0.758996829
0.0,0.363,0.413,0.473,0.616791446
0.099,0.339,0.62,0.625,0.916993011
0.0,0.321,0.746,0.516,0.836554377
0.022,0.039,0.692,0.798,0.986860435
0.0,0.139,0.896,0.865,0.98745506
0.158,0.0,0.389,0.928,0.408371678
0.476,0.601,0.575,0.653,0.000558003
0.489,0.496,0.679,0.791,0.00480181
0.162,0.133,0.459,0.702,0.418935661
0.235,0.374,0.331,0.532,0.087947577
0.506,0.396,0.823,0.416,0.0
0.0,0.199,0.697,0.887,0.986999213
0.182,0.203,0.54,0.634,0.394217782
0.052,0.233,0.514,0.68,0.978969372
0.0,0.189,0.567,0.687,0.982638794
0.082,0.073,0.116,0.211,0.0
0.709,0.203,0.803,0.837,0.00034839
0.067,0.105,0.64,0.771,0.986227261
0.009,0.0,0.705,0.854,0.987030535
0.547,0.663,0.628,0.715,6.4088e-05
0.09,0.121,0.398,0.92,0.954223063
0.276,0.116,0.342,0.774,0.057504148
0.184,0.433,0.753,0.647,0.319963436
0.186,0.053,0.554,0.913,0.390090104
0.169,0.314,0.448,0.576,0.387016271
0.101,0.71,0.795,0.894,0.000984455
0.422,0.02,0.958,0.642,0.01914508
0.247,0.203,0.448,0.7,0.13273283
0.0,0.346,0.447,0.6,0.958526622
0.103,0.281,0.198,0.719,0.52281667
0.0,0.578,0.876,0.685,0.025923029
0.547,0.144,0.918,0.454,0.000903502
0.321,0.434,0.677,0.454,0.009837808
0.15,0.409,0.83,0.904,0.454352445
0.052,0.0,0.917,0.854,0.987450723
0.063,0.302,0.783,0.74,0.986862845
0.169,0.237,0.376,0.812,0.383974241
0.02,0.452,0.091,0.53,0.0
0.0,0.11,0.782,0.847,0.98736736
0.149,0.263,0.9,0.939,0.456088614
0.166,0.282,0.303,0.648,0.343092115
0.082,0.272,0.242,0.626,0.828119767
0.14,0.328,0.197,0.485,0.107611146
0.0,0.141,0.658,0.754,0.986310142
0.318,0.282,0.457,0.989,0.055336226
0.404,0.767,0.661,0.85,5.3005e-05
0.167,0.136,0.569,0.701,0.42083711
0.143,0.0,0.502,0.908,0.460031254
0.154,0.143,0.539,0.76,0.442087951
0.256,0.132,0.688,0.644,0.131461663
0.38,0.542,0.865,0.746,0.009769383
0.558,0.03,0.839,0.158,0.0
0.328,0.499,0.466,0.648,0.019969556
0.117,0.005,0.854,0.009,0.0
0.0,0.429,0.583,0.607,0.7405307
0.059,0.435,0.522,0.55,0.686239645
0.0,0.233,0.976,0.603,0.973016862
0.0,0.082,0.807,0.883,0.987425184
0.0,0.178,0.914,0.735,0.986880192
0.66,0.915,0.734,0.968,0.0
0.102,0.0,0.625,0.91,0.85826733
0.206,0.449,0.287,0.672,0.112363324
0.469,0.014,0.918,0.34,0.0
0.954,0.223,0.963,0.709,9.64e-07
0.179,0.292,0.655,0.898,0.409245786
0.352,0.154,0.86,0.525,0.033581351
0.013,0.003,0.865,0.498,0.733679989
0.008,0.366,0.538,0.523,0.863600158
