0.161,0.386,0.419,0.588,0.398000924
0.0,0.448,0.626,0.653,0.634451411
0.0,0.279,0.613,0.557,0.931806102
0.429,0.225,0.67,0.377,0.0
0.0,0.279,0.638,0.612,0.975037815
0.0,0.24,0.649,0.695,0.985138241
0.0,0.0,0.671,0.947,0.999337432
0.0,0.44,0.717,0.499,0.478595684
0.238,0.422,0.886,0.484,0.060006004
0.0,0.0,0.818,0.904,0.999954704
0.0,-0.0,0.35,0.837,0.949844815
0.109,0.418,0.674,0.51,0.543133652
0.454,0.303,0.46,0.534,0.000669314
0.173,0.065,0.397,0.836,0.389330681
0.405,0.4,0.464,0.726,0.012857672
0.111,0.34,0.486,0.617,0.648535436
0.538,0.484,0.731,0.591,0.002320192
0.382,0.381,0.546,0.657,0.029960598
0.098,0.181,0.736,1.0,0.935788738
0.165,0.438,0.376,0.443,0.028066858
0.106,0.421,0.637,0.624,0.648179818
0.022,0.216,0.209,0.703,0.74220278
0.0,0.274,0.626,0.62,0.976830362
0.28,0.098,0.621,0.853,0.10497003
0.0,0.375,0.552,0.461,0.496784739
0.0,0.354,0.519,0.482,0.664549822
0.121,0.778,0.88,0.871,0.000181664
0.224,0.242,0.65,0.594,0.181710331
0.032,0.187,0.241,0.854,0.828991466
0.274,0.645,0.309,0.982,0.000718465
0.0,0.277,0.334,0.632,0.92489564
0.211,0.189,0.415,0.799,0.214213262
0.017,0.138,0.89,0.699,0.986179556
0.156,0.364,0.4,0.548,0.374350864
0.12,0.158,0.432,0.679,0.529904942
0.432,0.17,0.801,0.966,0.017818017
0.206,0.158,0.415,0.757,0.238193883
0.292,0.172,0.411,0.665,0.068203535
0.074,0.192,0.645,1.0,0.986518309
0.181,0.07,0.531,0.805,0.401004887
0.019,0.162,0.531,0.734,0.981544472
0.0,0.282,0.705,0.555,0.929691186
0.022,0.0,0.84,0.924,0.987452169
0.0,0.0,0.484,0.942,0.99029856
0.238,0.212,0.666,0.625,0.157398667
0.0,0.41,0.838,0.427,0.232042362
0.422,0.02,0.958,0.642,0.01914508
0.734,0.044,0.822,0.96,0.000200457
0.0,0.01,0.291,0.897,0.894172245
0.069,-0.0,0.641,0.898,0.986466268
0.008,0.121,0.546,0.819,0.983021878
0.0,0.265,0.825,0.714,0.98653132
0.288,0.303,0.429,0.592,0.072464208
0.108,0.181,0.456,0.656,0.72320467
0.008,0.116,0.548,0.721,0.98247014
0.097,0.343,0.624,0.623,0.934134486
0.0,0.475,0.664,0.504,0.132059179
0.169,0.154,0.806,0.295,0.0
0.259,0.285,0.432,0.618,0.109261061
0.158,0.469,0.556,0.508,0.090538579
0.296,0.503,0.986,0.633,0.032280308
0.0,0.244,0.576,0.643,0.9797765
0.0,0.063,0.629,0.942,0.986303396
0.0,0.009,0.465,0.828,0.975293686
0.0,0.099,0.566,0.828,0.98421691
0.0,0.452,0.4,0.482,0.266879941
0.0,0.085,0.696,0.752,0.98659589
0.112,0.132,0.451,0.762,0.635333228
0.0,0.15,0.419,0.764,0.966334323
0.0,0.26,0.515,0.576,0.953103203
0.06,0.071,0.484,0.806,0.97769435
0.0,0.445,0.665,0.622,0.665593066
0.25,0.055,0.632,0.582,0.129287477
0.02,0.122,0.761,0.714,0.986451812
0.035,0.021,0.543,0.962,0.982917313
0.0,0.064,0.602,0.859,0.985681305
0.227,0.489,0.936,0.509,0.022319624
0.085,0.154,0.64,0.799,0.986348692
0.036,0.24,0.46,0.348,0.0
0.075,0.174,0.555,0.714,0.982779981
0.035,0.386,0.66,0.516,0.83625851
0.651,0.0,0.785,0.85,0.000818693
0.412,0.402,0.639,0.852,0.021779932
0.0,0.337,0.64,0.609,0.974056732
0.073,0.153,0.651,0.92,0.986583843
0.138,0.34,0.249,0.964,0.333402722
0.0,0.311,0.544,0.806,0.982879245
0.115,0.026,0.752,0.964,0.605336972
0.339,0.406,0.524,0.507,0.030112386
0.0,0.219,0.633,0.878,0.986350138
0.194,0.527,0.794,0.918,0.059932278
0.162,0.133,0.459,0.702,0.418935661
0.04,0.0,0.658,0.883,0.986672025
0.137,0.24,0.748,0.555,0.435815963
0.048,0.041,0.524,0.958,0.981623499
0.397,0.199,0.47,0.792,0.016666835
0.075,0.0,0.478,0.872,0.977030337
0.241,0.248,0.449,0.589,0.133549595
0.277,0.335,0.292,0.582,0.01697764
0.177,0.416,0.39,0.482,0.244974724
0.0,0.092,0.715,0.794,0.986986203
0.062,0.478,0.763,0.495,0.065178852
0.029,0.263,0.869,0.991,0.987465661
0.259,0.239,0.598,0.743,0.129297114
0.0,0.307,0.748,0.595,0.9698375
0.232,0.483,0.433,0.943,0.073206766
0.168,0.469,0.552,0.497,0.056300442
0.157,0.034,0.564,0.843,0.438516349
0.122,0.516,0.569,0.727,0.109793043
0.281,0.204,0.49,1.0,0.096068009
0.545,0.11,0.648,0.94,0.00352197
0.0,0.221,0.614,0.674,0.983748053
0.267,0.309,0.465,0.528,0.083619442
0.205,0.005,0.736,0.814,0.265652625
0.489,0.152,0.706,0.94,0.008704456
0.0,0.0,0.646,0.95,0.999046384
0.049,0.211,0.267,0.736,0.865138279
0.0,0.183,0.491,0.741,0.978096228
0.275,0.644,0.952,0.96,0.002949993
0.295,0.142,0.396,0.762,0.060518229
0.492,0.204,0.999,0.467,0.002568836
0.0,0.053,0.738,0.829,0.98722039
0.241,0.23,0.483,0.606,0.141189124
0.111,0.442,0.748,0.551,0.454465684
0.0,0.32,0.552,0.517,0.838837466
0.305,0.243,0.752,0.344,0.0
0.175,0.329,0.557,0.554,0.374987411
0.013,0.038,0.691,0.863,0.98695199
0.163,0.574,0.675,0.71,0.024901952
0.59,0.311,0.902,0.932,0.00216744
0.15,0.192,0.394,0.686,0.423690248
0.242,0.355,0.448,0.481,0.073507933
0.053,0.368,0.637,0.536,0.898946589
0.16,0.0,0.393,0.912,0.406550219
0.323,0.115,0.391,0.721,0.0343268
0.301,0.261,0.427,0.619,0.061487747
0.585,0.27,0.632,0.774,0.001220089
0.06,0.948,0.629,0.961,4.82e-07
0.076,0.393,0.333,0.683,0.92753531
0.533,0.666,0.829,0.894,0.000156607
0.178,0.673,0.592,0.908,0.002137083
0.212,0.353,0.276,0.525,0.096668416
0.264,0.172,0.43,0.731,0.106904729
0.271,0.365,0.425,0.682,0.097356523
0.005,0.335,0.214,0.598,0.758596397
0.0,0.26,0.593,0.648,0.981014418
0.149,0.297,0.588,0.578,0.429616737
0.0,0.021,0.725,0.51,0.802780761
0.261,0.266,0.287,0.57,0.028500057
0.25,0.0,0.298,0.897,0.057747491
0.107,0.14,0.667,0.445,0.184483961
0.182,0.286,0.543,0.55,0.361037827
0.054,0.346,0.494,0.491,0.696834949
0.248,0.141,0.482,0.911,0.136732813
0.287,0.299,0.436,0.669,0.079893642
0.0,0.407,0.295,0.506,0.722610527
0.061,0.245,0.487,0.591,0.959996319
0.166,0.086,0.53,0.816,0.42094553
0.0,0.439,0.426,0.512,0.555099869
0.343,0.233,0.384,0.722,0.019308915
0.0,0.125,0.465,0.712,0.974501014
0.0,0.271,0.489,0.566,0.940190116
0.731,0.416,0.876,0.738,0.000233224
0.0,0.385,0.633,0.451,0.376033064
0.0,0.0,0.617,0.897,0.998591983
0.101,0.207,0.795,0.629,0.876223642
0.043,0.234,0.51,0.66,0.977482329
0.024,0.267,0.683,0.57,0.952026229
0.149,0.419,0.749,0.835,0.369260415
0.004,0.564,0.301,0.988,0.030617865
0.211,0.889,0.518,0.972,6.746e-06
0.0,0.047,0.683,0.832,0.986862363
0.0,0.359,0.393,0.477,0.636777867
0.038,0.082,0.941,0.924,0.987476744
0.115,0.316,0.613,0.521,0.49153961
0.433,0.207,0.549,0.801,0.013456634
0.023,0.048,0.433,0.979,0.969815334
0.239,0.47,0.812,0.783,0.089980094
0.052,0.0,0.917,0.854,0.987450723
0.163,0.0,0.653,0.932,0.430408445
0.0,0.451,0.774,0.609,0.598675153
0.457,0.407,0.48,0.628,0.002936983
0.0,0.125,0.757,0.841,0.987316282
0.098,0.074,0.187,0.809,0.545650447
0.064,0.0,0.796,0.953,0.987418438
0.0,0.241,0.262,0.596,0.851605992
0.049,0.33,0.678,0.553,0.925486891
0.041,0.012,0.653,0.89,0.986604082
0.0,0.062,0.813,0.775,0.987225691
0.0,0.464,0.702,0.466,0.01870128
0.0,0.182,0.746,0.654,0.983477243
0.334,0.125,0.715,1.0,0.057826517
0.178,0.489,0.822,0.904,0.140654251
0.376,0.135,0.522,0.815,0.032205619
0.0,0.0,0.629,0.861,0.998800632
0.0,0.208,0.257,0.722,0.85318459
0.0,0.057,0.752,0.978,0.987341821
0.214,0.299,0.667,0.613,0.21530662
0.317,0.12,0.652,0.716,0.068195343
0.233,0.296,0.322,0.587,0.101321329
0.101,0.71,0.795,0.894,0.000984455
0.195,0.617,0.733,0.972,0.008092484
0.0,0.27,0.568,0.567,0.946006739
0.098,0.205,0.47,0.713,0.923743976
0.0,0.318,0.688,0.598,0.970573793
0.229,0.0,0.238,0.904,0.018959561
0.0,0.141,0.509,0.835,0.980386063
0.0,0.235,0.447,0.684,0.970989163
0.0,0.133,0.448,0.703,0.971742804
0.0,0.13,0.359,0.902,0.941444899
0.0,0.024,0.616,0.919,0.986060053
0.408,0.253,0.571,0.752,0.021153504
0.0,0.178,0.914,0.735,0.986880192
0.488,0.207,0.791,0.786,0.009165121
0.459,0.121,0.849,0.814,0.012977657
0.199,0.155,0.528,0.682,0.30006857
0.0,0.133,0.711,0.777,0.986896575
0.0,0.106,0.607,0.914,0.98583984
0.07,0.581,0.289,0.622,0.010326904
0.148,0.237,0.574,0.642,0.450143332
0.194,0.455,0.221,0.566,0.07710652
0.0,0.076,0.476,0.803,0.976695439
0.273,0.246,0.278,0.639,0.006062376
0.0,0.393,0.397,0.537,0.881983887
0.31,0.358,0.693,0.744,0.074344455
0.834,0.215,0.947,0.919,2.8912e-05
0.26,0.0,0.292,0.9,0.038128253
0.01,0.004,1.0,0.832,0.987430966
0.0,0.161,0.704,0.744,0.986562159
0.342,0.27,0.519,0.917,0.047768014
0.086,0.35,0.435,0.687,0.968768236
0.094,0.255,0.844,0.755,0.966556464
0.032,0.373,0.671,0.527,0.879486368
0.056,0.764,0.626,0.869,0.000267436
0.526,0.064,0.529,0.572,0.00016769
0.0,0.07,0.759,0.907,0.987353386
0.003,0.005,0.556,0.881,0.983708058
0.268,0.45,0.374,0.74,0.056463314
0.506,0.0,0.513,0.885,0.000654376
0.005,0.313,0.7,0.651,0.98282624
0.0,0.245,0.39,0.591,0.940624761
0.0,0.034,0.858,0.93,0.987462288
0.0,0.137,0.633,0.883,0.986352547
0.23,0.194,0.344,0.791,0.127064622
0.282,0.312,0.379,0.415,0.0
0.105,0.158,0.641,0.674,0.79425556
0.0,0.069,0.738,0.841,0.98723581
0.194,0.365,0.356,0.471,0.164339969
0.0,0.33,0.315,0.619,0.910597665
0.048,0.746,0.359,0.801,0.000270328
0.041,0.371,0.525,0.577,0.954435085
0.0,0.1,0.656,0.809,0.986563123
0.387,0.219,0.591,0.787,0.03049017
0.133,0.321,0.636,0.655,0.486268461
0.28,0.1,0.281,0.737,0.001224425
0.0,0.067,0.738,0.908,0.987270986
0.237,0.196,0.323,0.64,0.098649373
0.102,0.388,0.331,0.471,0.467149402
0.266,0.023,0.608,0.814,0.12157615
0.0,0.349,0.574,0.487,0.684564674
0.285,0.007,0.432,0.889,0.082332374
0.059,0.0,0.215,0.931,0.766536611
0.398,0.555,0.557,0.766,0.005780483
0.347,0.118,0.354,0.86,0.003210684
0.616,0.56,0.64,0.723,0.000119021
0.565,0.595,0.984,0.672,0.000410069
0.121,0.107,0.369,0.915,0.501648228
0.137,0.481,0.177,0.542,0.022855942
0.155,0.425,0.791,0.914,0.36008132
0.601,0.825,0.793,0.926,9.64e-07
0.93,0.35,0.95,0.946,9.64e-07
0.2,0.083,0.397,0.706,0.270957023
0.459,0.844,0.832,0.986,3.373e-06
0.074,0.234,0.709,0.694,0.985624927
0.0,0.367,0.747,0.469,0.590852997
0.0,0.1,0.725,0.737,0.986619983
0.25,0.167,0.329,0.801,0.082576681
0.115,0.156,0.58,0.779,0.602760908
0.046,0.341,0.678,0.733,0.986257137
0.156,0.243,0.396,0.642,0.411316852
0.013,0.018,0.494,0.879,0.978906247
0.179,0.174,0.546,0.663,0.403025839
0.38,0.085,0.638,0.467,0.012330991
0.0,0.137,0.626,0.781,0.986080774
0.0,0.27,0.647,0.626,0.978564603
0.22,0.473,0.505,0.514,0.046266996
0.0,0.152,0.499,0.685,0.977770004
0.243,0.313,0.479,0.586,0.133325045
0.057,0.415,0.667,0.421,0.23199273
0.173,0.419,0.642,0.499,0.216083872
0.0,0.194,0.534,0.7,0.981121874
0.132,0.043,0.281,0.952,0.388978436
0.096,0.258,0.109,0.579,0.23586839
0.059,0.435,0.522,0.55,0.686239645
0.0,0.09,0.863,0.971,0.987464215
0.047,0.427,0.237,0.455,0.163793531
0.0,0.007,0.344,0.997,0.934474203
0.0,0.447,0.795,0.528,0.543036797
0.205,0.161,0.488,0.813,0.256629654
0.263,0.589,0.414,0.823,0.007425097
0.057,0.0,0.645,0.928,0.986515418
0.0,0.043,0.811,0.861,0.987413137
0.23,0.328,0.437,0.671,0.161791372
0.438,0.415,0.688,0.503,0.00805538
0.359,0.15,0.902,0.913,0.046024617
0.062,0.31,0.327,0.978,0.924989122
0.0,0.004,0.53,0.876,0.982052843
0.044,0.232,0.684,0.652,0.982895147
0.0,0.286,0.697,0.551,0.922893962
0.0,0.0,0.374,0.897,0.96076827
0.069,0.019,0.48,0.818,0.977229348
0.138,0.216,0.445,0.723,0.462682971
0.195,0.131,0.447,0.478,0.184389515
0.0,0.194,0.301,0.81,0.904373382
0.0,0.335,0.643,0.586,0.964489734
0.0,0.086,0.353,0.827,0.938681389
0.107,0.359,0.109,0.569,0.048403115
0.423,0.245,0.897,0.37,0.0
0.0,0.0,0.736,0.893,0.99977545
0.0,0.189,0.567,0.687,0.982638794
0.237,0.285,0.422,0.594,0.136656678
0.52,0.044,0.576,0.078,0.0
0.0,0.159,0.602,0.924,0.985701544
0.254,0.0,0.297,0.867,0.051123739
0.247,0.203,0.448,0.7,0.13273283
0.139,0.381,0.631,0.883,0.475061667
0.074,0.361,0.483,0.523,0.860703652
0.343,0.383,0.575,0.579,0.044189183
0.248,0.404,0.813,0.757,0.14640775
0.0,0.038,0.762,0.85,0.987332665
0.282,0.247,0.448,0.72,0.088804337
0.051,0.159,0.173,0.781,0.569983795
0.0,0.361,0.578,0.572,0.952284992
0.26,0.385,0.316,0.571,0.054923747
0.001,0.177,0.72,0.791,0.987012705
0.282,0.673,0.451,0.756,0.000822548
0.31,0.171,0.626,0.869,0.073802354
0.053,0.181,0.496,0.655,0.975697491
0.032,0.393,0.761,0.648,0.982846478
0.0,0.498,0.742,0.509,0.064106697
0.063,0.373,0.462,0.52,0.84929881
0.0,0.414,0.395,0.675,0.956817438
0.035,0.065,0.699,0.913,0.987016078
0.0,0.17,0.607,0.873,0.985831648
0.285,0.225,0.439,0.611,0.079763056
0.093,0.113,0.997,0.247,0.0
0.293,0.026,0.422,0.811,0.070961745
0.258,0.141,0.33,0.627,0.070192203
0.325,0.554,0.935,0.998,0.012833579
0.345,0.185,0.376,0.651,0.013893687
0.227,0.39,0.881,0.9,0.187506716
0.0,0.02,0.637,0.989,0.986418563
0.598,0.279,0.879,0.804,0.001885066
0.0,0.25,0.689,0.765,0.986678289
0.288,0.434,0.451,0.457,0.015745023
0.018,0.382,0.55,0.528,0.879682488
0.0,0.288,0.739,0.623,0.978531354
0.0,0.246,0.238,0.684,0.823200381
0.061,0.0,0.669,0.933,0.986801166
0.0,0.408,0.713,0.428,0.232015377
0.0,0.247,0.637,0.768,0.986160282
0.0,0.017,0.766,0.898,0.987369769
0.217,0.032,0.483,0.805,0.204731072
0.529,0.162,0.879,0.611,0.004903484
0.0,0.199,0.697,0.887,0.986999213
0.88,0.278,0.882,0.473,0.0
0.0,0.067,0.693,0.846,0.986949099
0.234,0.0,0.322,0.896,0.105781495
0.0,0.096,0.612,0.837,0.98594055
0.081,0.319,0.63,0.579,0.959479275
0.0,0.354,0.732,0.482,0.666636309
0.0,0.284,0.371,0.625,0.940572237
0.0,0.0,0.638,0.865,0.9989317
0.229,0.262,0.328,0.81,0.121002246
0.234,0.06,0.487,0.843,0.162239027
0.249,0.357,0.478,0.479,0.068238711
0.0,0.208,0.663,0.681,0.984778767
0.135,0.054,0.494,0.783,0.477294641
0.059,0.465,0.73,0.901,0.439011709
0.184,0.433,0.753,0.647,0.319963436
0.122,0.422,0.327,0.719,0.383829681
0.0,0.466,0.625,0.475,0.077265055
0.695,0.168,0.77,0.804,0.000389349
0.069,0.0,0.455,0.861,0.973797006
0.34,0.062,0.994,0.23,0.0
0.242,0.494,0.504,0.779,0.061840474
0.148,0.216,0.42,0.66,0.434649844
0.203,0.309,0.521,0.639,0.26785235
0.0,0.447,0.637,0.558,0.594661678
0.133,0.117,1.0,0.841,0.4909951
0.069,0.28,0.476,0.394,0.0
0.116,0.071,0.683,0.889,0.590180792
0.0,0.0,0.56,0.897,0.996444781
0.0,0.207,0.45,0.629,0.96649623
0.366,0.146,0.797,0.852,0.042875612
0.151,0.725,0.846,0.804,0.000614381
0.416,0.375,0.508,0.546,0.010331241
0.043,0.0,0.682,0.864,0.98688501
0.0,0.35,0.392,0.584,0.937927748
0.001,0.385,0.562,0.451,0.375607575
0.0,0.0,0.667,0.908,0.999301292
0.008,0.14,0.562,0.778,0.983863701
0.095,0.045,0.476,0.856,0.950036116
0.486,0.238,0.571,0.993,0.006524005
0.1,0.318,0.622,0.647,0.904130039
0.304,0.0,0.665,0.874,0.079535615
0.011,0.22,0.699,0.719,0.986207987
0.327,0.17,0.743,0.998,0.062318487
0.0,0.192,0.693,0.802,0.986877301
0.0,0.466,0.759,0.599,0.413934839
0.0,0.47,0.49,0.671,0.380149658
0.263,0.353,0.639,0.557,0.106199756
0.016,0.084,0.721,0.95,0.987166903
0.171,0.451,0.235,0.461,0.034430401
0.0,0.0,0.563,0.899,0.996623072
0.029,0.325,0.779,0.537,0.900948267
0.0,0.295,0.468,0.852,0.975743751
0.023,0.49,0.355,0.565,0.233073077
0.036,0.344,0.668,0.556,0.930935368
0.0,0.298,0.688,0.606,0.973722798
0.063,0.302,0.783,0.74,0.986862845
0.0,0.057,0.539,0.871,0.982620964
0.0,0.163,0.433,0.801,0.969727634
0.106,0.207,0.698,0.256,0.0
0.611,0.58,0.929,0.966,0.000345499
0.252,0.16,0.524,1.0,0.13497255
0.253,0.188,0.828,0.588,0.127621179
0.198,0.966,0.571,0.987,0.0
0.075,0.454,0.139,0.494,0.174083331
0.071,0.401,0.731,0.636,0.981089107
0.516,0.115,0.977,0.796,0.006462326
0.618,0.188,0.694,0.334,0.0
0.008,0.888,0.492,0.941,6.746e-06
0.228,0.147,0.533,0.851,0.17989369
0.025,0.381,0.915,0.849,0.987445422
0.276,0.346,0.297,0.54,0.021150613
0.25,0.092,0.4,0.745,0.116545453
0.329,0.238,0.456,0.663,0.046854393
0.0,0.0,0.585,0.923,0.997641258
0.299,0.565,0.588,0.873,0.012330509
0.008,0.198,0.733,0.76,0.986925006
0.007,0.271,0.672,0.565,0.945634256
0.659,0.171,0.948,0.522,0.000399468
0.182,0.85,0.892,0.952,3.0358e-05
0.19,0.197,0.538,0.639,0.364526066
0.225,0.102,0.698,0.818,0.191844488
0.0,0.05,0.75,0.86,0.987314354
0.394,0.725,0.807,0.875,0.000169136
0.0,0.031,0.743,0.963,0.987307126
0.16,0.551,0.339,0.838,0.03343679
0.834,0.488,0.885,0.54,2.891e-06
0.03,0.136,0.407,0.958,0.962956431
0.068,0.612,0.273,0.782,0.005450886
0.0,0.429,0.583,0.607,0.7405307
0.0,0.056,0.53,0.78,0.981890453
0.137,0.25,0.966,0.821,0.48095298
0.0,0.402,0.629,0.481,0.662763539
0.367,0.351,0.377,0.703,0.004734349
0.0,0.123,0.605,0.76,0.985486149
0.219,0.69,0.368,0.934,0.000840859
0.0,0.239,0.58,0.597,0.968544167
0.565,0.858,0.835,0.942,4.82e-07
0.137,0.061,0.329,0.954,0.41990566
0.0,0.35,0.551,0.487,0.684029319
0.0,0.214,0.675,0.92,0.986850798
0.241,0.342,0.824,0.5,0.096894894
0.132,0.417,0.413,0.461,0.229022016
0.0,0.345,0.625,0.53,0.887368275
0.294,0.248,0.874,0.328,0.0
0.0,0.395,0.516,0.638,0.975493179
0.217,0.338,0.302,0.499,0.08748402
0.12,0.453,0.172,0.517,0.059010466
0.082,0.43,0.154,0.5,0.280145755
0.421,0.488,0.636,0.743,0.01105356
0.0,0.0,0.575,0.888,0.997251427
0.414,0.489,0.799,0.847,0.012780573
0.0,0.194,0.579,0.697,0.98356687
0.236,0.315,0.494,0.901,0.159026415
0.588,0.112,0.738,0.309,0.0
0.0,0.254,0.372,0.682,0.945878081
0.242,0.056,0.489,0.902,0.147617719
0.218,0.106,0.351,0.793,0.161890154
0.066,0.417,0.663,0.466,0.557154553
0.0,0.309,0.334,0.528,0.841639044
0.0,0.25,0.74,0.587,0.965584055
0.085,0.248,0.619,0.652,0.982145361
0.002,0.483,0.606,0.834,0.312579297
0.0,0.118,0.619,0.806,0.986026322
0.274,0.324,0.419,0.578,0.084703162
0.0,0.151,0.721,0.752,0.986762616
0.667,0.167,0.979,0.655,0.000654376
0.036,0.146,0.76,0.932,0.987358686
0.0,0.227,0.635,0.701,0.985171971
0.0,0.213,0.816,0.869,0.987422775
0.286,0.328,0.442,0.555,0.070223042
0.198,0.441,0.492,0.463,0.078195541
0.074,0.149,0.706,0.687,0.985320868
0.211,0.019,0.329,0.863,0.175115492
0.0,0.105,0.694,0.772,0.986755388
0.0,0.24,0.584,0.894,0.985087163
0.0,0.381,0.743,0.525,0.874881159
0.171,0.384,0.425,0.703,0.399416169
0.087,0.254,0.624,0.644,0.981238486
0.279,0.473,0.483,0.611,0.047982926
0.0,0.363,0.413,0.473,0.616791446
0.0,0.357,0.559,0.539,0.902778882
0.309,0.307,0.487,0.734,0.066305941
0.234,0.224,0.817,1.0,0.171586775
0.018,0.249,0.621,0.92,0.986156909
0.228,0.021,0.674,0.929,0.1845095
0.144,0.611,0.778,0.816,0.011170654
0.049,0.318,0.645,0.585,0.964029068
0.112,0.338,0.593,0.498,0.431004516
0.615,0.33,0.661,0.352,0.0
0.304,0.572,0.553,0.672,0.009238365
0.242,0.183,0.494,0.797,0.148100068
0.274,0.228,0.311,0.788,0.039809489
0.37,0.35,0.49,0.635,0.03090554
0.0,0.25,0.248,0.675,0.840156337
0.239,0.185,0.488,0.786,0.152675883
0.085,0.0,0.472,0.934,0.976279587
0.019,0.851,0.271,0.862,3.373e-06
0.0,0.378,0.577,0.521,0.858542958
0.096,0.023,0.224,0.998,0.754985763
0.149,0.0,0.416,0.903,0.434404573
0.0,0.413,0.635,0.567,0.947514503
0.186,0.624,0.472,0.626,0.000336344
0.292,0.096,0.568,1.0,0.089110805
0.158,0.0,0.536,0.914,0.434988597
0.0,0.377,0.712,0.606,0.973849529
0.034,0.13,0.52,0.811,0.981238968
0.066,0.156,0.736,0.605,0.973441869
0.0,0.005,0.721,0.9,0.987162084
0.0,0.329,0.737,0.555,0.929829
0.0,0.349,0.646,0.488,0.690930626
0.0,0.209,0.583,0.704,0.983954292
0.0,0.406,0.531,0.431,0.231484359
0.021,0.0,0.69,0.856,0.986939943
0.226,0.525,0.884,0.569,0.025872915
0.182,0.149,0.545,0.824,0.399896109
0.283,0.0,0.591,0.85,0.100497817
0.339,0.042,0.57,0.795,0.052475378
0.154,0.143,0.539,0.76,0.442087951
0.089,0.066,0.64,0.928,0.986074991
0.977,0.052,0.986,0.392,0.0
0.368,0.623,0.951,0.741,0.002166477
0.444,0.012,0.835,0.981,0.015441928
0.0,0.037,0.704,0.866,0.987030535
0.107,0.422,0.317,0.525,0.492761626
0.39,0.073,0.844,0.48,0.012381105
0.143,0.18,0.564,0.656,0.460991134
0.138,0.146,0.404,0.771,0.452888531
0.59,0.62,0.725,0.774,0.000179737
0.155,0.449,0.606,0.549,0.240850901
0.0,0.394,0.473,0.442,0.284395345
0.351,0.328,0.82,0.961,0.049649225
0.127,0.035,0.291,0.873,0.418162263
0.382,0.472,0.452,0.612,0.011501697
0.489,0.849,0.49,0.895,0.0
0.162,0.162,0.619,0.674,0.429408088
0.0,0.432,0.785,0.471,0.37412005
0.11,0.0,0.357,0.943,0.64168617
0.163,0.624,0.649,0.644,0.003046849
0.639,0.249,0.817,0.822,0.000996502
0.036,0.017,0.861,0.381,0.0
0.078,0.19,0.824,0.72,0.986643595
0.0,0.175,0.489,0.864,0.978338607
0.119,0.552,0.788,0.716,0.056036379
0.402,0.006,0.633,0.762,0.025032056
0.025,0.094,0.367,0.842,0.944943258
0.326,0.171,0.378,0.666,0.025626681
0.027,0.304,0.831,0.602,0.972664135
0.166,0.543,0.841,0.702,0.05039901
0.161,0.237,0.474,0.405,0.0
0.0,0.042,0.846,0.858,0.987435785
0.172,0.326,0.854,0.91,0.418634011
0.399,0.721,0.661,0.758,0.000102156
0.588,0.068,0.848,0.769,0.002217555
0.08,0.731,0.231,0.786,0.000113239
0.072,0.484,0.703,0.788,0.310164659
0.139,0.429,0.645,0.658,0.382326254
0.08,0.157,0.69,0.223,0.0
0.0,0.0,0.535,0.905,0.994887385
0.0,0.212,0.578,0.706,0.983795758
0.701,0.208,0.905,0.559,0.000292975
0.207,0.282,0.506,0.555,0.217265893
0.188,0.092,0.503,0.785,0.377975472
0.0,0.291,0.825,0.613,0.976157675
0.058,0.003,0.475,0.822,0.976596174
0.0,0.405,0.345,0.431,0.224723276
0.238,0.0,0.304,0.937,0.083564991
0.0,0.031,0.841,1.0,0.98745506
0.43,0.006,0.572,0.337,0.0
0.169,0.314,0.448,0.576,0.387016271
0.0,0.366,0.49,0.58,0.954208125
0.047,0.41,0.664,0.761,0.98644892
0.0,0.444,0.266,0.658,0.587595091
0.041,0.209,0.668,0.627,0.979000693
0.0,0.236,0.542,0.805,0.982754924
0.423,0.587,0.578,0.598,0.000529091
0.2,0.373,0.348,0.514,0.193167214
0.192,0.399,0.532,0.437,0.060542323
0.027,0.16,1.0,0.87,0.987464697
0.142,0.147,0.438,0.838,0.453091879
0.624,0.503,0.747,0.9,0.000641366
0.106,0.653,0.703,0.811,0.003843858
0.172,0.285,0.28,0.56,0.295561181
0.0,0.187,0.698,0.827,0.986958254
0.106,0.105,0.591,0.797,0.779824591
0.115,0.185,0.448,0.279,0.0
0.43,0.064,0.466,0.772,0.006269097
0.121,0.128,0.263,0.79,0.41655138
0.13,0.074,0.595,0.762,0.498698717
0.0,0.0,0.423,0.945,0.98009887
0.052,0.258,0.509,0.642,0.975509081
0.178,0.25,0.447,0.68,0.394908298
0.0,0.448,0.566,0.495,0.368522676
0.0,0.241,0.808,0.851,0.987403982
0.0,0.558,0.69,0.583,0.028919282
0.0,0.315,0.466,0.618,0.96651695
0.0,0.285,0.683,0.85,0.986881156
0.176,0.455,0.27,0.684,0.154288212
0.469,0.014,0.918,0.34,0.0
0.422,0.155,0.843,0.71,0.019936789
0.0,0.0,0.695,0.92,0.999510423
0.0,0.0,0.619,0.889,0.998631978
0.062,0.479,0.645,0.487,0.029571249
0.012,0.375,0.718,0.592,0.968156264
0.456,0.24,0.516,0.596,0.006187661
0.276,0.257,0.443,0.651,0.094100062
0.0,0.166,0.777,0.788,0.98724352
0.267,0.054,0.306,0.832,0.043699124
0.339,0.309,0.39,0.677,0.024063984
0.0,0.0,0.705,0.895,0.999568729
0.0,0.322,0.583,0.607,0.972349475
0.227,0.089,0.315,0.829,0.116530033
0.449,0.28,0.454,0.556,0.000578723
0.226,0.255,0.498,0.636,0.177585063
0.447,0.472,0.663,0.593,0.007438108
0.0,0.348,0.775,0.531,0.889807489
0.0,0.091,0.641,0.842,0.986435428
0.0,0.452,0.494,0.665,0.582664622
0.151,0.401,0.575,0.435,0.085973847
0.257,0.001,0.293,0.894,0.042917053
0.224,0.196,0.981,0.737,0.194522226
0.0,0.222,0.518,0.674,0.978995875
0.069,0.069,0.624,0.835,0.986172328
0.063,0.198,0.659,0.678,0.984617342
0.185,0.147,0.37,0.77,0.355636092
0.0,0.04,0.851,0.797,0.987337484
0.343,0.618,0.818,0.735,0.002958185
0.19,0.291,0.322,0.384,0.0
0.058,0.484,0.092,0.949,0.0
0.061,0.22,0.915,0.595,0.969953148
0.0,0.145,0.786,0.804,0.987306163
0.0,0.139,0.588,0.8,0.985128603
0.121,0.0,0.569,0.848,0.540162939
0.197,0.293,0.322,0.763,0.256716872
0.017,0.49,0.6,0.587,0.267733811
0.204,0.256,0.397,0.903,0.243746925
0.154,0.419,0.413,0.489,0.195582816
0.451,0.477,0.749,0.554,0.005270667
0.0,0.232,0.651,0.647,0.982005138
0.139,0.14,0.913,1.0,0.47621574
0.0,0.276,0.779,0.626,0.979341856
0.335,0.487,0.613,0.583,0.022324924
0.106,0.06,0.471,0.921,0.770761144
0.068,0.264,0.472,0.619,0.967434426
0.072,0.285,0.654,0.552,0.923969008
0.172,0.411,0.362,0.425,0.075979432
0.203,0.092,0.524,0.878,0.272454185
0.0,0.344,0.85,0.492,0.703350281
0.253,0.48,1.0,0.513,0.025722091
0.295,0.222,0.351,0.662,0.038914179
0.0,0.214,0.428,0.707,0.967883045
0.09,0.121,0.398,0.92,0.954223063
0.011,0.38,0.303,0.53,0.8295008
0.21,0.049,0.511,0.788,0.233502903
0.078,0.38,0.316,0.54,0.853696816
0.431,0.383,0.489,0.53,0.005786266
0.012,0.464,0.521,0.619,0.435165924
0.051,0.0,0.647,0.894,0.986536138
0.0,0.266,0.697,0.875,0.986994394
0.0,0.079,0.619,0.815,0.986043188
0.135,0.393,0.614,0.527,0.404928252
0.148,0.291,0.594,0.615,0.445823871
0.335,0.305,0.87,0.628,0.054921819
0.0,0.314,0.696,0.595,0.969568618
0.784,0.287,0.923,0.955,7.4689e-05
0.027,0.037,0.328,0.569,0.898409307
0.111,0.141,0.185,0.793,0.270435642
0.0,0.052,0.611,0.832,0.985905856
0.0,0.427,0.518,0.58,0.725066124
0.0,0.0,0.699,0.946,0.999538371
0.411,0.22,0.503,0.616,0.014236295
0.03,0.097,0.705,0.865,0.987037281
0.0,0.104,0.578,0.883,0.984854421
0.072,0.347,0.63,0.489,0.693835324
0.056,0.0,0.642,0.887,0.986473977
0.088,0.16,0.175,0.657,0.572172919
0.0,0.0,0.767,0.903,0.999890616
0.224,0.202,0.641,0.522,0.143726638
0.0,0.48,0.803,0.487,0.026004465
0.408,0.771,0.698,0.795,2.072e-05
0.0,0.013,0.782,0.935,0.987399163
0.0,0.23,0.612,0.67,0.983497482
0.221,0.242,0.28,0.67,0.096029941
0.0,0.295,0.356,0.614,0.93212558
0.001,0.026,0.45,0.897,0.973042883
0.0,0.225,0.632,0.672,0.98398224
0.0,0.091,0.73,0.745,0.986748642
0.0,0.262,0.762,0.574,0.955887434
0.0,0.062,0.829,0.846,0.987412174
0.0,0.055,0.585,0.886,0.985117038
0.272,0.384,0.468,0.595,0.097520358
0.0,0.354,0.515,0.482,0.664430801
0.105,0.256,0.442,0.62,0.773413824
0.359,0.19,0.885,0.661,0.044984746
0.182,0.26,0.523,0.908,0.398472191
0.17,0.147,0.395,0.759,0.391824828
0.0,0.324,0.702,0.58,0.961268931
0.044,0.091,0.686,0.866,0.986909586
0.106,0.381,0.388,0.74,0.749508375
0.0,0.425,0.328,0.496,0.464884142
0.269,0.032,0.695,0.805,0.119361005
0.125,0.189,0.584,0.648,0.51296296
0.0,0.187,0.656,0.731,0.986017649
0.231,0.0,0.481,0.891,0.16781568
0.0,0.443,0.437,0.498,0.433707793
0.0,0.194,0.638,0.693,0.984960431
0.121,0.418,0.453,0.802,0.52918455
0.079,0.374,0.145,0.567,0.517128705
0.24,0.147,0.32,0.69,0.092441474
0.0,0.472,0.771,0.49,0.078133862
0.044,0.111,0.465,0.805,0.97525851
0.313,0.25,0.416,0.586,0.046336385
0.0,0.156,0.826,0.925,0.987443013
0.143,0.0,0.502,0.908,0.460031254
0.041,0.559,0.792,0.631,0.043392174
0.043,0.259,0.641,0.799,0.986358811
0.072,0.11,0.223,0.479,0.555906998
0.0,0.259,0.494,0.578,0.952811191
0.0,0.372,0.766,0.589,0.966595013
0.561,0.011,0.916,0.568,0.002638225
0.0,0.203,0.547,0.791,0.98301706
0.0,0.244,0.744,0.841,0.987272432
0.053,0.01,0.497,0.885,0.979233435
0.182,0.0,0.564,0.932,0.401094032
0.0,0.28,0.416,0.557,0.916674015
0.0,0.012,0.942,0.825,0.987417474
0.096,0.327,0.687,0.6,0.933682495
0.0,0.248,0.522,0.589,0.961599974
0.132,0.369,0.568,0.532,0.417807609
0.299,0.096,0.504,0.357,0.0
0.279,0.304,0.355,0.691,0.059318379
0.13,0.239,0.415,0.649,0.475547871
0.0,0.065,0.583,0.771,0.984831773
0.182,0.203,0.54,0.634,0.394217782
0.311,0.438,0.346,0.538,0.013815625
0.092,0.748,0.122,0.759,0.0
0.0,0.0,0.76,0.895,0.999871823
0.113,0.08,0.706,0.894,0.634790645
0.049,0.0,0.194,0.869,0.639934582
0.069,0.224,0.707,0.683,0.985205702
0.0,0.088,0.82,0.814,0.987363987
0.09,0.364,0.889,0.641,0.976407282
0.159,0.0,0.397,0.901,0.410031712
0.523,0.327,0.718,0.996,0.005592073
0.136,0.079,0.476,0.893,0.472824356
0.158,0.191,0.561,0.717,0.435734046
0.156,0.454,0.312,0.473,0.062839385
0.0,0.082,0.704,0.889,0.987043063
0.0,0.208,0.1,0.808,0.077495869
0.0,0.082,0.807,0.883,0.987425184
0.651,0.379,0.89,0.899,0.000888564
0.006,0.147,0.544,0.689,0.981393166
0.143,0.409,0.163,0.713,0.036489421
0.217,0.33,0.509,0.506,0.139674614
0.43,0.0,0.466,0.898,0.006281144
0.071,0.273,0.699,0.99,0.987020897
0.0,0.388,0.545,0.448,0.347323876
0.811,0.109,0.879,0.457,9.637e-06
0.002,0.123,0.263,0.814,0.860820264
0.054,0.0,0.385,0.896,0.953856362
0.239,0.291,0.535,0.781,0.156792477
0.0,0.199,0.762,0.689,0.985717445
0.0,0.045,0.552,0.792,0.983345211
0.0,0.319,0.717,0.592,0.968148554
0.499,0.287,0.984,0.704,0.007943587
0.498,0.33,0.849,0.884,0.008108867
0.123,0.49,0.663,0.52,0.09110911
0.2,0.192,0.485,0.237,0.0
0.0,0.283,0.373,0.663,0.945622209
0.141,0.131,0.143,0.751,0.003967698
0.0,0.405,0.549,0.432,0.231621692
0.0,0.173,0.504,0.961,0.979927325
0.0,0.095,0.611,0.813,0.985875016
0.069,0.466,0.151,0.474,0.050120973
0.732,0.737,0.766,0.83,4.82e-07
0.311,0.261,0.603,0.576,0.063105858
0.0,0.526,0.599,0.55,0.044170872
0.081,0.261,0.556,0.745,0.983256066
0.169,0.153,0.468,0.853,0.410528999
0.266,0.28,0.424,0.556,0.089162365
0.0,0.196,0.846,0.641,0.981927075
0.0,0.252,0.818,0.585,0.964765844
0.0,0.164,0.523,0.885,0.981543509
0.343,0.113,0.886,0.758,0.053372615
0.0,0.43,0.679,0.585,0.732335096
0.0,0.288,0.837,0.664,0.984508922
0.428,0.064,0.897,0.499,0.008876001
0.0,0.313,0.736,0.582,0.962557445
0.699,0.397,0.715,0.822,0.00010071
0.0,0.007,0.313,0.83,0.914940738
0.062,0.353,0.839,0.598,0.970984345
0.339,0.093,0.799,0.743,0.05529623
0.39,0.455,0.874,0.518,0.010841056
0.0,0.015,0.301,0.821,0.904383019
0.253,0.129,0.309,0.784,0.063555441
0.0,0.0,0.74,0.94,0.99980388
0.163,0.406,0.599,0.566,0.398793596
0.202,0.378,0.365,0.551,0.214658026
0.0,0.0,0.538,0.958,0.995078205
0.612,0.7,0.853,0.995,3.0358e-05
0.181,0.4,0.802,0.478,0.247366714
0.0,0.396,0.637,0.614,0.975486915
0.066,0.414,0.661,0.557,0.93230098
0.422,0.757,0.67,0.991,6.7943e-05
0.19,0.386,0.536,0.584,0.352364693
0.198,0.395,0.695,0.442,0.066889482
0.042,0.139,1.0,1.0,0.987481563
0.095,0.016,0.728,0.032,0.0
0.137,0.245,0.59,0.8,0.478737353
0.0,0.106,0.599,1.0,0.985608543
0.0,0.149,0.678,0.755,0.9865159
0.393,0.398,0.586,0.818,0.027526203
0.215,0.0,0.99,0.959,0.220943506
0.434,0.309,0.674,0.73,0.016721286
0.331,0.174,0.904,0.357,0.0
0.007,0.444,0.513,0.568,0.641776761
0.0,0.115,0.723,0.773,0.986952954
0.621,0.744,0.773,0.835,3.373e-06
0.0,0.2,0.644,0.787,0.986354474
0.373,0.99,0.521,0.99,0.0
0.311,0.052,0.451,0.873,0.05992746
0.215,0.605,0.589,0.793,0.009816124
0.0,0.0,0.76,0.879,0.999868932
0.0,0.0,0.72,0.951,0.999673776
0.759,0.622,0.939,0.911,2.0238e-05
0.669,0.668,0.963,0.669,0.0
0.139,0.142,0.829,0.695,0.474753754
0.0,0.017,0.862,0.965,0.987464215
0.023,0.361,0.711,0.602,0.972374533
0.133,0.405,0.541,0.559,0.446261406
0.137,0.495,0.487,0.5,0.015068962
0.27,0.418,0.64,0.418,0.0
0.0,0.421,0.451,0.502,0.514523247
0.054,0.0,0.897,0.931,0.987473371
0.209,0.46,0.529,0.97,0.144726032
0.0,0.386,0.562,0.54,0.904189308
0.124,0.104,0.432,0.779,0.506885165
0.182,0.062,0.528,0.775,0.398661083
0.052,0.103,0.525,0.847,0.981677468
0.0,0.215,0.797,0.667,0.984730581
0.004,0.122,0.213,0.714,0.75869518
0.103,0.29,0.237,0.589,0.664129634
0.0,0.244,0.848,0.716,0.986578061
0.078,0.0,0.332,0.848,0.928116442
0.447,0.134,0.918,0.46,0.0040819
0.0,0.026,0.873,0.972,0.987465179
0.321,0.009,0.361,0.937,0.021472501
0.256,0.127,0.306,0.767,0.056880129
0.76,0.316,0.772,0.472,9.155e-06
0.116,0.185,0.603,0.651,0.584876876
0.129,0.298,0.921,0.903,0.504460889
0.154,0.0,0.756,0.897,0.447096965
0.425,0.045,0.569,0.388,0.0
0.621,0.422,0.937,0.709,0.001184912
0.279,0.095,0.753,0.92,0.107434301
0.269,0.129,0.554,0.913,0.116024554
0.003,0.202,0.731,0.776,0.987028607
0.0,0.337,0.726,0.562,0.940946166
0.391,0.037,0.637,0.071,0.0
0.064,0.384,0.639,0.452,0.395261507
0.0,0.0,0.703,0.855,0.999537889
0.0,0.24,0.768,0.643,0.982208486
0.167,0.241,0.202,0.509,0.124965125
0.0,0.315,0.566,0.522,0.861553184
0.039,0.382,0.442,0.632,0.965732952
0.261,0.473,0.508,0.79,0.064539414
0.076,0.49,0.664,0.597,0.27317024
0.0,0.234,0.602,0.602,0.971179983
0.047,0.284,0.814,0.628,0.979756744
0.448,0.421,0.606,0.835,0.011478567
0.895,0.157,0.933,0.992,3.855e-06
0.206,0.27,0.669,0.325,0.0
0.312,0.275,0.384,0.625,0.037734085
0.027,0.249,0.397,0.866,0.959339533
0.208,0.24,0.929,0.688,0.248473082
0.0,0.057,0.653,0.879,0.986601672
0.0,0.25,0.675,0.637,0.980885277
0.0,0.0,0.69,0.911,0.999478137
0.0,0.115,0.676,0.773,0.986634921
0.388,0.328,0.473,0.658,0.020601284
0.0,0.094,0.756,0.817,0.987278214
0.136,0.347,0.872,0.722,0.482730107
0.14,0.164,0.606,0.718,0.471429349
0.0,0.103,0.708,0.78,0.98689513
0.076,0.315,0.847,0.606,0.974147323
0.65,0.813,0.721,0.863,4.82e-07
0.053,0.007,0.239,0.053,0.0
0.191,0.398,0.518,0.439,0.070765143
0.346,0.389,0.529,0.448,0.011445318
0.0,0.227,0.723,0.709,0.986173774
0.141,0.244,0.266,0.648,0.346971631
0.0,0.37,0.611,0.552,0.923525208
0.161,0.227,0.534,0.61,0.418752551
0.38,0.259,0.497,0.351,0.0
0.192,0.312,0.917,0.551,0.323115332
0.099,0.177,0.313,0.817,0.854060626
0.327,0.602,0.648,0.868,0.004893365
0.331,0.093,0.365,0.808,0.01654685
0.256,0.059,0.359,0.892,0.089331018
0.618,0.082,0.676,0.82,0.000762314
0.888,0.52,0.947,0.898,2.409e-06
0.045,0.0,0.645,0.869,0.986500962
0.127,0.199,0.327,0.679,0.447725802
0.0,0.377,0.604,0.55,0.920721221
0.163,0.289,0.321,0.794,0.364664362
0.019,0.014,0.544,0.822,0.982907194
0.436,0.231,0.656,0.748,0.016138708
0.0,0.358,0.821,0.59,0.967538028
0.274,0.0,0.275,0.849,0.001240809
0.109,0.056,0.472,0.929,0.702876605
0.074,0.266,0.658,0.618,0.976800486
0.0,0.042,0.72,0.794,0.987020897
0.0,0.079,0.694,0.821,0.986920669
0.142,0.341,0.441,0.649,0.450107191
0.224,0.626,0.844,0.97,0.005959738
0.009,0.223,0.533,0.655,0.97870579
0.09,0.477,0.574,0.546,0.266187016
0.327,0.0,0.398,0.888,0.034766745
0.006,0.253,0.736,0.706,0.986168955
0.216,0.036,0.712,0.593,0.204189935
0.0,0.0,0.533,0.911,0.994768846
0.207,0.358,0.507,0.539,0.205239924
0.253,0.19,0.31,0.722,0.064192469
0.411,0.183,0.9,0.893,0.023139762
0.558,0.03,0.839,0.158,0.0
0.138,0.003,0.43,0.913,0.460327602
0.067,0.105,0.64,0.771,0.986227261
0.0,0.0,0.665,0.93,0.999283945
0.0,0.275,0.363,0.645,0.939809441
0.221,0.175,0.472,0.727,0.191226252
0.0,0.195,0.502,0.642,0.97484314
0.0,0.182,0.822,0.723,0.986678771
0.0,0.289,0.511,0.593,0.962962213
0.362,0.304,0.418,0.653,0.023041461
0.736,0.229,0.931,0.804,0.000214431
0.0,0.0,0.532,0.932,0.994699457
0.0,0.0,0.557,0.872,0.996274682
0.0,0.435,0.79,0.464,0.306571854
0.43,0.223,0.571,0.875,0.015332544
0.191,0.047,0.444,0.889,0.352274584
0.3,0.531,0.85,0.852,0.022848232
0.08,0.317,0.747,0.437,0.232032725
0.079,0.124,0.307,0.837,0.909906667
0.34,0.154,0.382,0.682,0.019692964
0.0,0.142,0.735,0.739,0.986702383
0.085,0.097,0.115,0.74,0.382004849
0.0,0.0,0.546,0.906,0.995604886
0.294,0.057,0.41,0.907,0.066622528
0.047,0.439,0.582,0.495,0.466502253
0.361,0.039,0.58,0.36,0.0
0.234,0.091,0.407,0.889,0.147096338
0.613,0.541,0.96,0.882,0.000582578
0.179,0.023,0.515,0.88,0.4035265
0.301,0.311,0.488,0.613,0.069898745
0.113,0.101,0.622,0.812,0.633830283
0.0,0.0,0.484,0.85,0.990269648
0.0,0.36,0.79,0.911,0.987405909
0.158,0.681,0.981,0.996,0.001938071
0.316,0.158,0.715,0.857,0.069829838
0.17,0.272,0.968,0.565,0.391156959
0.079,0.018,0.628,0.881,0.986278339
0.108,0.41,0.753,0.503,0.527903264
0.372,0.542,0.682,0.715,0.010069586
0.0,0.119,0.851,0.763,0.987170276
0.0,0.099,0.593,0.905,0.985418687
0.09,0.212,0.607,0.691,0.978756868
0.179,0.17,0.369,0.667,0.366790362
0.012,0.446,0.557,0.471,0.28436547
0.45,0.535,0.551,0.649,0.003026128
0.08,0.221,0.359,0.874,0.941440562
0.65,0.547,0.794,0.586,0.00013155
0.267,0.377,0.444,0.459,0.040529399
0.528,0.415,0.977,0.743,0.005524612
0.464,0.2,0.537,0.987,0.007288729
0.0,0.185,0.565,0.698,0.982941406
0.0,0.404,0.721,0.482,0.666619926
0.058,0.56,0.456,0.609,0.034545568
0.058,0.302,0.238,0.684,0.823200381
0.135,0.288,0.789,0.633,0.479342097
0.0,0.411,0.707,0.604,0.972980722
0.0,0.056,0.72,0.889,0.987149074
0.414,0.275,0.906,0.796,0.022200602
0.0,0.0,0.745,0.895,0.999828937
0.38,0.06,0.381,0.865,0.000520417
0.085,0.3,0.479,0.61,0.965906906
0.021,0.205,0.93,0.825,0.98741651
0.297,0.023,0.63,0.901,0.085770499
0.052,0.351,0.914,0.652,0.98342231
0.0,0.376,0.642,0.461,0.497539343
0.038,0.154,0.682,0.952,0.986905249
0.288,0.182,0.863,0.891,0.096629385
0.307,0.0,0.335,0.982,0.019925706
0.243,0.329,0.479,0.575,0.13042613
0.0,0.402,0.83,0.435,0.232041398
0.348,0.203,0.394,0.755,0.021665248
0.265,0.727,0.864,0.757,0.000254908
0.041,0.413,0.42,0.525,0.862366577
0.0,0.288,0.796,0.625,0.979019004
0.051,0.097,0.386,1.0,0.954330038
0.184,0.162,0.369,0.674,0.356521764
0.138,0.207,0.586,0.672,0.473967346
0.165,0.03,0.524,0.806,0.421957452
0.0,0.122,0.589,0.766,0.98500139
0.269,0.342,0.453,0.567,0.093380152
0.251,0.174,0.358,0.923,0.09581792
0.23,0.105,0.272,0.39,0.0
0.068,0.123,0.656,0.714,0.985746839
0.294,0.027,0.568,0.886,0.086998298
0.058,0.386,0.457,0.788,0.9740071
0.04,0.01,0.551,0.776,0.983215107
0.005,0.022,0.198,0.814,0.672652426
0.238,0.389,0.291,0.508,0.04959911
0.052,0.431,0.207,0.656,0.540124871
0.094,0.417,0.297,0.549,0.830678966
0.098,0.193,0.464,0.695,0.9224704
0.0,0.0,0.634,0.893,0.99888785
0.0,0.004,0.744,0.877,0.987302308
0.152,0.03,0.154,0.987,0.003554737
0.25,0.164,0.268,0.745,0.022662232
0.182,0.282,0.641,0.787,0.403250871
0.046,0.133,0.057,0.604,0.0
0.0,0.051,0.73,1.0,0.987225209
0.076,0.128,0.627,0.752,0.985869234
0.148,0.076,0.587,0.523,0.374776353
0.136,0.304,0.365,0.453,0.178611441
0.0,0.0,0.808,0.888,0.999944585
0.076,0.138,0.645,0.771,0.986282194
0.0,0.37,0.533,0.718,0.981468819
0.0,0.0,0.589,0.911,0.997784373
0.571,0.024,0.905,0.237,0.0
0.292,0.332,0.439,0.504,0.0476408
0.0,0.226,0.492,0.738,0.978183928
0.344,0.004,0.348,0.9,0.001965056
0.0,0.336,0.578,0.5,0.741444321
0.292,0.006,0.398,0.108,0.0
0.0,0.492,0.778,0.494,0.010272935
0.028,0.117,0.819,0.479,0.655868496
0.047,0.221,0.491,0.662,0.975781336
0.0,0.039,0.462,0.88,0.974921203
0.121,0.03,0.173,0.868,0.125746714
0.181,0.215,0.524,0.622,0.393511846
0.108,0.0,0.613,0.922,0.738375788
0.502,0.723,0.81,0.918,5.7342e-05
0.312,0.508,0.367,0.656,0.010747092
0.146,0.131,0.437,0.703,0.444119505
0.269,0.111,0.296,0.797,0.031975286
0.162,0.16,0.307,0.717,0.354954249
0.167,0.136,0.569,0.701,0.42083711
0.597,0.141,0.811,0.875,0.001884102
0.214,0.491,0.868,0.836,0.095189564
0.087,0.375,0.937,0.855,0.98745265
0.231,0.073,0.542,0.387,0.0
0.149,0.25,0.481,0.638,0.440903521
0.479,0.308,0.978,0.851,0.010308593
0.118,0.246,0.483,0.932,0.55622744
0.232,0.026,0.45,0.041,0.0
0.0,0.416,0.622,0.467,0.574367344
0.649,0.098,0.704,0.785,0.000487168
0.0,0.141,0.712,0.805,0.98700355
0.029,0.513,0.102,0.649,0.00029153
0.121,0.824,0.189,0.921,1.446e-06
0.0,0.384,0.848,0.512,0.813185728
0.0,0.0,0.787,0.894,0.99992001
0.756,0.636,0.869,1.0,1.301e-05
0.0,0.378,0.822,0.796,0.987320137
0.102,0.259,0.436,0.717,0.841761438
0.0,0.0,0.725,0.906,0.999707025
0.105,0.46,0.154,0.609,0.212305548
0.0,0.018,0.826,0.939,0.987444459
0.399,0.314,0.915,0.943,0.027318036
0.0,0.275,0.574,0.562,0.939137717
0.0,0.549,0.557,0.553,0.005276932
0.113,0.019,0.842,0.818,0.63511446
0.06,0.338,0.646,0.498,0.733321479
0.001,0.306,0.403,0.609,0.95146389
0.0,0.0,0.691,0.924,0.99948922
0.0,0.278,0.708,0.647,0.982468212
0.546,0.298,0.692,0.648,0.003713271
0.046,0.423,0.516,0.465,0.315142351
0.027,0.333,0.835,0.579,0.960349527
0.0,0.425,0.638,0.622,0.745615848
0.177,0.266,0.559,0.609,0.398854312
0.0,0.161,0.543,0.845,0.982883582
0.664,0.222,0.674,0.307,0.0
0.0,0.253,0.41,0.69,0.96271357
0.486,0.407,0.733,0.675,0.009014778
0.112,0.141,0.637,0.767,0.648532545
0.089,0.199,0.818,0.638,0.981173916
0.0,0.378,0.756,0.503,0.761666857
0.029,0.47,0.202,0.581,0.230881543
0.172,0.18,0.368,0.811,0.376566009
0.226,0.006,0.468,0.896,0.178206672
0.206,0.449,0.287,0.672,0.112363324
0.304,0.743,0.895,0.995,0.000210576
0.0,0.452,0.562,0.697,0.587920833
0.279,0.324,0.314,0.625,0.034862636
0.044,0.464,0.677,0.502,0.213051479
0.1,0.189,0.761,0.723,0.909102912
0.028,0.323,0.532,0.575,0.95333209
0.0,0.311,0.773,0.526,0.877405182
0.113,0.155,0.437,0.733,0.617849146
0.244,0.053,0.456,0.784,0.139767615
0.0,0.021,0.589,0.876,0.985259189
0.0,0.017,0.784,0.961,0.987403018
0.0,0.058,0.499,0.872,0.979431965
0.256,0.049,0.483,0.071,0.0
0.52,0.452,0.756,0.848,0.004799401
0.087,0.386,0.619,0.433,0.231931532
0.0,0.205,0.593,0.632,0.978709645
0.141,0.236,0.282,0.711,0.367461122
0.26,0.16,0.488,0.243,0.0
0.248,0.473,0.864,0.581,0.064953338
0.0,0.283,0.542,0.629,0.975658942
0.0,0.322,0.565,0.563,0.940064349
0.117,0.409,0.715,0.674,0.575015456
0.0,0.002,0.629,0.896,0.986297614
0.097,0.324,0.623,0.641,0.937327341
0.042,0.08,0.697,0.9,0.987001141
0.0,0.086,0.52,0.938,0.981316549
0.106,0.061,0.629,0.901,0.780895782
0.082,0.0,0.647,0.936,0.986541439
0.0,0.148,0.6,0.925,0.985640347
0.199,0.21,0.525,0.862,0.301372503
0.061,0.474,0.266,0.571,0.272437802
0.643,0.119,0.788,0.598,0.000764724
0.031,0.243,0.229,0.447,0.290983921
0.3,0.162,0.434,0.815,0.066527118
0.0,0.021,0.305,0.987,0.908164716
0.676,0.549,0.938,0.979,0.000235151
0.342,0.416,0.385,0.467,0.008927078
0.203,0.732,0.757,0.835,0.000488132
0.211,0.023,0.482,0.88,0.226286454
0.145,0.39,0.514,0.488,0.293115221
0.336,0.129,0.444,0.708,0.041394833
0.397,0.64,0.548,0.759,0.000998911
0.064,0.178,0.249,0.828,0.842259207
0.0,0.39,0.648,0.531,0.889333813
0.0,0.299,0.637,0.578,0.95892079
0.031,0.115,0.245,0.819,0.835819047
0.0,0.0,0.495,0.966,0.99154467
0.199,0.401,0.382,0.485,0.158838487
0.0,0.293,0.821,0.588,0.966185907
0.515,0.492,0.838,0.505,0.000513671
0.15,0.69,0.771,0.732,0.00098301
0.129,0.078,0.429,0.897,0.485970667
0.0,0.357,0.801,0.545,0.913947608
0.0,0.225,0.806,1.0,0.987432894
0.308,0.31,0.381,0.526,0.030262247
0.0,0.233,0.548,0.659,0.980025626
0.0,0.268,0.58,0.704,0.983841535
0.21,0.369,0.501,0.529,0.184117741
0.066,0.789,0.165,0.904,2.891e-06
0.016,0.181,0.472,0.697,0.975047452
0.256,0.083,0.374,0.805,0.096103185
0.536,0.215,0.598,0.401,0.0
0.188,0.05,0.608,0.992,0.384165061
0.136,0.073,0.349,0.713,0.432317123
0.012,0.3,0.846,0.606,0.974146841
0.203,0.306,0.29,0.614,0.180454584
0.294,0.535,0.476,0.744,0.018596233
0.0,0.336,0.484,0.805,0.977691459
0.119,0.253,0.371,0.796,0.515964031
0.631,0.317,0.816,0.426,8.9627e-05
0.697,0.041,0.878,0.882,0.000461147
0.591,0.145,0.829,0.789,0.002096606
0.199,0.313,0.36,0.523,0.213186884
0.0,0.0,0.652,0.904,0.999111918
0.0,0.158,0.32,0.785,0.920165146
0.292,0.334,0.478,0.93,0.081770516
0.539,0.652,0.932,0.879,0.000212504
0.232,0.32,0.275,0.48,0.033127913
0.707,0.647,0.811,0.758,2.072e-05
0.137,0.25,0.431,0.586,0.444764244
0.32,0.043,0.777,0.158,0.0
0.497,0.225,0.532,0.76,0.0029312
0.019,0.381,0.533,0.684,0.980507493
0.341,0.049,0.528,0.764,0.048880646
0.031,0.124,0.614,0.752,0.98562059
0.13,0.134,0.593,0.834,0.49887508
0.236,0.067,0.495,0.901,0.159137245
0.08,0.0,0.477,0.918,0.976905051
0.0,0.353,0.718,0.568,0.949144179
0.255,0.062,0.775,0.923,0.136611864
0.446,0.461,0.76,0.603,0.009120789
0.0,0.279,0.565,0.654,0.980520504
0.806,0.134,0.896,0.228,0.0
0.027,0.267,0.46,0.825,0.974593533
0.0,0.086,0.603,0.801,0.985624445
0.0,0.161,0.463,0.777,0.974890845
0.0,0.391,0.45,0.545,0.903954157
0.0,0.45,0.768,0.515,0.465557311
0.4,0.043,0.925,0.793,0.026912303
0.166,0.159,0.647,0.748,0.425059715
0.17,0.198,0.385,0.698,0.386423092
0.0,0.224,0.369,0.741,0.945502706
0.136,0.33,0.144,0.608,0.017508176
0.509,0.002,0.516,0.599,0.000491987
0.234,0.401,0.614,0.763,0.169957581
0.0,0.179,0.511,0.757,0.980286316
0.126,0.285,0.406,0.658,0.487830194
0.732,0.094,0.984,0.313,0.0
0.271,0.134,0.591,0.779,0.115383188
0.141,0.163,0.597,0.801,0.469713419
0.639,0.361,0.691,0.579,0.000425007
0.0,0.036,0.563,0.944,0.984109453
0.009,0.0,0.705,0.854,0.987030535
0.674,0.277,0.761,0.844,0.00051608
0.183,0.425,0.284,0.456,0.082875439
0.186,0.227,0.282,0.752,0.289930076
0.0,0.093,0.33,0.812,0.926901654
0.315,0.129,0.743,1.0,0.070799838
0.152,0.207,0.882,0.962,0.450774096
0.0,0.339,0.656,0.537,0.900516996
0.721,0.205,0.775,0.319,0.0
0.0,0.227,0.325,0.812,0.923606162
0.117,0.489,0.402,0.571,0.177275704
0.476,0.601,0.575,0.653,0.000558003
0.479,0.33,0.898,0.726,0.010231012
0.392,0.663,0.549,0.986,0.000621127
0.196,0.041,0.326,0.996,0.268818013
0.302,0.107,0.394,0.793,0.052717275
0.014,0.233,0.861,0.603,0.973003852
0.308,0.442,0.406,0.454,0.006085505
0.0,0.347,0.614,0.49,0.696653285
0.171,0.391,0.541,0.445,0.12530436
0.446,0.159,0.564,0.459,0.003316213
0.0,0.0,0.557,0.903,0.996282392
0.465,0.842,0.988,0.888,2.409e-06
0.152,0.329,0.668,0.763,0.449814698
0.196,0.204,0.355,0.683,0.283117433
0.208,0.1,0.515,0.869,0.243292042
0.28,0.136,0.449,0.74,0.091499904
0.0,0.38,0.744,0.502,0.751720629
0.0,0.322,0.366,0.605,0.934119067
0.0,0.116,0.306,0.815,0.909013285
0.17,0.124,0.191,0.13,0.0
0.289,0.338,0.571,0.848,0.092532547
0.359,0.479,0.44,0.481,0.000276592
0.534,0.018,0.885,0.387,0.0
0.409,0.216,0.72,0.939,0.023532484
0.425,0.144,0.702,0.727,0.018857887
0.344,0.693,0.605,0.724,0.000231296
0.231,0.075,0.337,0.843,0.121340035
0.354,0.0,0.354,0.872,0.0
0.078,0.0,0.427,0.919,0.96854995
0.605,0.183,0.744,0.867,0.00151451
0.0,0.277,0.614,0.602,0.971464767
0.0,0.165,0.503,0.672,0.977613397
0.369,0.154,0.404,0.769,0.016041371
0.084,0.445,0.641,0.515,0.519461426
0.0,0.155,0.259,0.878,0.855948583
0.201,0.232,0.434,0.704,0.274247214
0.292,0.26,0.435,0.62,0.071908615
0.097,0.304,0.691,0.901,0.943527049
0.154,0.379,0.584,0.601,0.431167387
0.166,0.282,0.303,0.648,0.343092115
0.0,0.0,0.668,0.884,0.999305147
0.514,0.296,0.8,0.476,0.002119735
0.108,0.156,0.382,0.78,0.704579525
0.069,0.265,0.378,0.875,0.95028235
0.039,0.394,0.689,0.443,0.294710202
0.206,0.202,0.221,0.739,0.057426567
0.337,0.042,0.39,0.198,0.0
0.152,0.314,0.778,0.772,0.45047052
0.0,0.157,0.645,0.726,0.985812855
0.542,0.534,0.59,0.793,0.000837004
0.336,0.022,0.38,0.875,0.020900042
0.631,0.815,0.788,0.828,0.0
0.473,0.609,0.744,0.628,0.000364292
0.165,0.0,0.716,0.953,0.427549043
0.013,0.331,0.757,0.742,0.986841161
0.022,0.362,0.606,0.474,0.629344578
0.041,0.344,0.434,0.581,0.947776157
0.219,0.363,0.474,0.54,0.162187467
0.106,0.0,0.168,0.952,0.358467545
0.278,0.112,0.431,0.724,0.090648444
0.0,0.012,0.715,0.825,0.987059928
0.245,0.248,0.269,0.8,0.031725197
0.0,0.187,0.566,0.821,0.984206309
0.323,0.642,0.903,0.961,0.00214672
0.398,0.056,0.807,0.878,0.02767269
0.0,0.299,0.504,0.823,0.979866128
0.0,0.359,0.728,0.536,0.899420265
0.0,0.39,0.837,0.447,0.339026117
0.358,0.417,0.365,0.551,0.002530768
0.227,0.212,0.866,0.936,0.187506716
0.103,0.117,0.456,0.719,0.823547808
0.126,0.126,0.943,0.173,0.0
0.736,0.797,0.963,0.802,0.0
0.035,0.321,0.111,0.474,0.265828024
0.564,0.161,0.581,0.958,0.000824475
0.456,0.576,0.697,0.675,0.002136119
0.0,0.036,0.827,0.941,0.987444459
0.15,0.363,0.426,0.592,0.420288745
0.25,0.032,0.472,0.916,0.132516953
0.062,0.0,0.511,0.928,0.980602903
0.0,0.284,0.309,0.553,0.865136834
0.092,0.079,0.111,0.757,0.308789409
0.02,0.164,0.982,0.464,0.5386306
0.191,0.16,0.506,0.742,0.359952179
0.317,0.588,0.849,0.947,0.007403413
0.0,0.14,0.75,0.821,0.987269541
0.095,0.143,0.666,0.854,0.960023303
0.258,0.502,0.675,0.517,0.010530734
0.492,0.162,0.622,0.481,0.002695567
0.085,0.413,0.637,0.85,0.986388205
0.475,0.199,0.927,0.355,0.0
0.0,0.378,0.776,0.886,0.987385671
0.077,0.6,0.686,0.801,0.015609618
0.053,0.058,0.159,0.848,0.549319386
0.249,0.081,0.332,0.681,0.085172019
0.04,0.131,0.586,0.802,0.985053914
0.084,0.176,0.498,0.813,0.979274876
0.0,0.196,0.831,0.707,0.986373749
0.029,0.244,0.681,0.592,0.967969781
0.173,0.079,0.555,0.893,0.413663548
0.151,0.137,0.565,0.7,0.448120451
0.0,0.241,0.24,0.596,0.820840676
0.288,0.011,0.625,0.015,0.0
0.277,0.034,0.368,0.842,0.06826666
0.084,0.0,0.655,0.894,0.98663203
0.434,0.301,0.772,0.632,0.016262548
0.234,0.376,0.796,0.654,0.168591487
0.121,0.378,0.742,0.535,0.4645637
0.0,0.317,0.707,0.73,0.986419526
0.49,0.792,0.805,0.794,0.0
0.556,0.029,0.723,0.964,0.003463182
0.038,0.0,0.823,0.95,0.987443977
0.177,0.36,0.539,0.538,0.357004596
0.271,0.069,0.534,0.102,0.0
0.101,0.41,0.661,0.588,0.861924222
0.534,0.544,0.544,0.721,0.000190338
0.25,0.045,0.346,1.0,0.091743247
0.025,0.053,0.205,0.87,0.721535962
0.246,0.52,0.427,0.558,0.017031127
0.314,0.173,1.0,0.663,0.070419162
0.051,0.242,0.564,0.684,0.982391114
0.255,0.359,0.433,0.478,0.060534131
0.031,0.231,0.487,0.944,0.978123213
0.54,0.235,0.638,0.308,0.0
0.319,0.346,0.639,0.486,0.032138639
0.19,0.216,0.362,0.62,0.324298798
0.018,0.0,0.696,0.945,0.986999695
0.039,0.268,0.666,0.569,0.94990553
0.191,0.0,0.982,0.887,0.367743496
0.184,0.0,0.342,0.945,0.345581925
0.008,0.034,0.828,0.876,0.987433858
0.18,0.103,0.808,0.827,0.408453114
0.092,0.277,0.461,0.609,0.952223313
0.0,0.131,0.565,0.751,0.983815996
0.079,0.266,0.648,0.571,0.952695543
0.256,0.072,0.977,0.886,0.135358526
0.0,0.307,0.773,0.529,0.886139513
0.099,0.307,0.466,0.586,0.894286448
0.106,0.409,0.497,0.466,0.39276206
0.102,0.264,0.393,0.632,0.824358791
0.954,0.223,0.963,0.709,9.64e-07
0.399,0.112,0.63,0.874,0.026157217
0.157,0.309,0.408,0.597,0.405179787
0.0,0.0,0.625,0.897,0.998752445
0.261,0.363,0.329,0.611,0.065323413
0.0,0.06,0.651,0.777,0.986389169
0.078,0.251,0.48,0.631,0.970901945
0.047,0.33,0.46,0.568,0.93935263
0.148,0.148,0.405,0.739,0.432252553
0.001,0.154,0.503,0.975,0.979827578
0.183,0.203,0.235,0.811,0.232504473
0.032,0.128,0.694,0.708,0.985961752
0.0,0.342,0.636,0.494,0.713253141
0.448,0.119,0.724,0.76,0.014403022
0.0,0.164,0.731,0.729,0.986571315
0.274,0.259,0.639,0.807,0.112947348
0.0,0.239,0.503,0.646,0.975348619
0.0,0.108,0.75,0.792,0.987196297
0.0,0.368,0.853,0.469,0.59089251
0.041,0.17,0.527,0.728,0.981201383
0.046,0.722,0.408,0.939,0.000604262
0.0,0.259,0.86,0.62,0.977903481
0.097,0.438,0.525,0.566,0.696390667
0.4,0.25,0.462,0.663,0.014084507
0.0,0.232,0.791,0.604,0.973271288
0.333,0.396,0.371,0.504,0.011007301
0.234,0.24,0.368,0.636,0.126762973
0.123,0.091,0.984,0.949,0.530663402
0.0,0.141,0.658,0.754,0.986310142
0.882,0.008,0.911,0.825,5.782e-06
0.0,0.203,0.729,0.7,0.985958861
0.0,0.266,0.645,0.571,0.952669522
0.0,0.113,0.506,0.771,0.97990034
0.0,0.515,0.556,0.609,0.14131971
0.08,0.015,0.631,0.884,0.986323153
0.091,0.423,0.468,0.483,0.438597303
0.0,0.04,0.445,0.984,0.972195278
0.069,0.0,0.513,0.926,0.980772039
0.141,0.097,0.573,0.798,0.468784378
0.2,0.735,0.228,0.907,5.5897e-05
0.0,0.113,0.478,0.882,0.977034192
0.108,0.45,0.843,0.469,0.164934112
0.039,0.014,0.164,0.823,0.55808263
0.302,0.249,0.467,1.0,0.070247617
0.385,0.284,0.544,0.681,0.028697623
0.315,0.018,0.316,0.87,0.000774361
0.499,0.247,0.924,0.644,0.007627482
0.196,0.243,0.595,0.593,0.316348465
0.0,0.125,0.626,0.77,0.986017649
0.298,0.039,0.68,0.967,0.085384523
0.289,0.319,0.447,0.66,0.07934865
0.033,0.397,0.518,0.628,0.973923255
0.121,0.192,0.611,0.645,0.536865037
0.135,0.146,0.396,0.47,0.257437264
0.614,0.144,0.776,0.611,0.00119455
0.0,0.34,0.779,0.62,0.977851439
0.167,0.886,0.532,0.951,7.228e-06
0.034,0.17,0.645,0.756,0.986166064
0.041,0.726,0.604,0.857,0.000677024
0.012,0.444,0.698,0.454,0.111431874
0.114,0.092,0.611,0.744,0.619990083
0.489,0.496,0.679,0.791,0.00480181
0.138,0.802,0.824,0.845,7.1316e-05
0.298,0.183,0.626,0.737,0.084498369
0.0,0.278,0.698,0.625,0.978653267
0.296,0.346,0.741,0.617,0.083204554
0.0,0.059,0.819,0.899,0.987436267
0.263,0.549,0.788,0.705,0.021888834
0.14,0.017,0.557,0.886,0.470176976
0.342,0.417,0.433,0.854,0.036324141
0.2,0.08,0.523,0.889,0.293833203
0.165,0.467,0.449,0.527,0.120405212
0.0,0.18,0.508,0.821,0.98025114
0.007,0.313,0.617,0.599,0.970159869
0.126,0.034,0.635,0.874,0.514237982
0.005,0.443,0.102,0.572,0.044541428
0.231,0.0,0.495,0.91,0.169433309
0.665,0.26,0.672,0.306,0.0
0.0,0.24,0.371,0.678,0.94530514
0.529,0.573,0.726,0.584,0.000208167
0.257,0.477,0.482,0.501,0.016281341
0.0,0.0,0.748,0.886,0.999840984
0.316,0.21,0.592,0.9,0.068098006
0.219,0.281,0.237,0.649,0.042819716
0.0,0.032,0.495,0.804,0.97893275
0.127,0.196,0.662,0.938,0.510722758
0.124,0.0,0.617,0.965,0.523513451
-0.0,0.337,0.747,0.545,0.913882556
0.301,0.689,0.691,0.848,0.000712682
0.183,0.231,0.513,0.671,0.393284886
0.095,0.382,0.364,0.505,0.719924597
0.0,0.58,0.782,0.698,0.024530914
0.262,0.107,0.291,0.792,0.034655915
0.66,0.915,0.734,0.968,0.0
0.177,0.318,0.343,0.72,0.358681977
0.0,0.302,0.764,0.599,0.971239734
0.15,0.135,0.57,0.83,0.451345591
0.367,0.46,0.395,0.512,0.004298741
0.171,0.321,0.232,0.607,0.241521661
0.048,0.135,0.218,0.802,0.775816416
0.306,0.065,0.364,0.877,0.034642423
0.062,0.381,0.656,0.584,0.963133276
0.151,0.022,0.422,0.952,0.432424097
0.278,0.472,0.424,0.559,0.03575891
0.862,0.254,0.952,0.452,3.373e-06
0.036,0.413,0.995,0.962,0.987480117
0.449,0.146,0.701,0.63,0.013221482
0.041,0.342,0.708,0.567,0.948028174
0.0,0.362,0.623,0.474,0.629452035
0.308,0.414,0.75,0.816,0.076537916
0.061,0.029,0.497,0.854,0.979215606
0.276,0.051,0.318,0.304,0.0
0.083,0.157,0.18,0.786,0.578919547
0.18,0.031,0.377,0.805,0.370738785
0.008,0.366,0.538,0.523,0.863600158
0.328,0.067,0.709,0.896,0.061343187
0.102,0.763,0.405,0.941,0.000221659
0.066,0.18,0.379,0.452,0.386208179
0.046,0.232,0.518,0.671,0.978842159
0.26,0.203,0.292,0.634,0.03719343
0.0,0.699,0.187,0.823,9.6855e-05
0.0,0.275,0.563,0.623,0.975621356
0.0,0.307,0.514,0.621,0.972242019
0.0,0.018,0.644,0.865,0.986487952
0.0,0.421,0.643,0.455,0.192717632
0.226,0.26,0.52,1.0,0.18375875
0.197,0.193,0.544,0.766,0.317966577
0.0,0.072,0.529,1.0,0.982002246
0.626,0.273,0.682,0.282,0.0
0.197,0.444,0.856,0.813,0.246934961
0.16,0.384,0.383,0.453,0.168129858
0.379,0.15,0.481,0.835,0.026625592
0.108,0.038,0.459,0.733,0.726299223
0.0,0.167,0.714,0.717,0.986251837
0.139,0.206,0.4,0.676,0.447561967
0.0,0.041,0.761,0.796,0.987239183
0.108,0.411,0.802,0.425,0.117451846
0.2,0.137,0.347,0.74,0.247966157
0.0,0.1,0.584,0.736,0.984520968
0.681,0.153,0.801,0.19,0.0
0.138,0.037,0.723,0.875,0.47829789
0.121,0.36,0.547,0.537,0.46424615
0.0,0.114,0.531,0.722,0.981384974
0.685,0.199,0.698,0.938,9.3482e-05
0.059,0.348,0.27,0.489,0.629328195
0.052,0.422,0.441,0.7,0.740201584
0.0,0.083,0.725,0.825,0.987132209
0.134,0.193,0.313,0.643,0.413126747
0.125,0.155,0.448,0.89,0.504988052
0.713,0.164,0.723,0.754,7.1316e-05
0.064,0.335,0.53,0.749,0.981652892
0.168,0.213,0.529,0.69,0.416654981
0.196,0.369,0.342,0.513,0.220469349
0.117,0.077,0.155,0.1,0.0
0.0,0.021,0.534,0.816,0.982246553
0.313,0.747,0.607,0.87,0.000163835
0.49,0.559,0.56,0.944,0.001328991
0.0,0.426,0.767,0.541,0.675531102
0.199,0.408,0.76,0.987,0.307042639
0.296,0.256,0.606,0.695,0.08561341
0.348,0.356,0.671,0.48,0.02248635
0.0,0.287,0.437,0.64,0.965919435
0.2,0.228,0.265,0.785,0.175382446
0.0,0.032,0.532,0.864,0.982162226
0.255,0.296,0.284,0.587,0.032933239
0.0,0.078,0.739,0.818,0.98720738
0.121,0.335,0.452,0.639,0.524134096
0.096,0.17,0.75,0.872,0.949789882
0.297,0.165,0.401,0.671,0.059750614
0.763,0.338,0.777,0.65,2.6021e-05
0.327,0.143,0.941,0.805,0.062446663
0.0,0.291,0.851,0.987,0.987459879
0.174,0.27,0.211,0.648,0.179485549
0.0,0.086,0.472,0.841,0.976243447
0.18,0.147,0.424,0.689,0.387638362
0.283,0.113,0.683,0.89,0.102072561
0.156,0.555,0.573,0.96,0.041062345
0.036,0.441,0.143,0.468,0.170681828
0.261,0.128,0.374,0.316,0.0
0.415,0.075,0.446,0.837,0.006848302
0.0,0.321,0.746,0.516,0.836554377
0.093,0.304,0.58,0.777,0.970223958
0.254,0.0,0.659,0.888,0.137271059
0.156,0.237,0.281,0.254,0.0
0.087,0.301,0.643,0.517,0.840454131
0.201,0.121,0.363,0.716,0.247776302
0.251,0.404,0.31,0.489,0.040443145
0.342,0.0,0.362,0.883,0.00935835
0.183,0.097,0.412,0.783,0.379155566
0.235,0.374,0.331,0.532,0.087947577
0.136,0.042,0.603,0.924,0.481769263
0.17,0.0,0.38,0.902,0.384824738
0.332,0.221,0.397,0.823,0.031210562
0.0,0.389,0.454,0.61,0.962749228
0.232,0.258,0.288,0.777,0.079018571
0.191,0.216,0.55,0.666,0.361248403
0.251,0.0,0.325,0.984,0.078461532
0.0,0.175,0.847,0.782,0.987283515
0.148,0.055,0.386,0.918,0.424720481
0.131,0.634,0.542,0.702,0.005083703
0.334,0.123,0.985,0.243,0.0
0.0,0.245,0.398,0.591,0.943869175
0.07,0.341,0.295,0.578,0.88117965
0.241,0.197,0.349,0.717,0.107530193
0.215,0.07,0.314,0.197,0.0
0.019,0.127,0.472,0.925,0.976278624
0.286,0.977,0.396,0.993,0.0
0.0,0.005,0.652,0.832,0.986549631
0.229,0.293,0.493,0.668,0.172296566
0.311,0.538,0.635,0.814,0.018498896
0.022,0.039,0.692,0.798,0.986860435
0.132,0.191,0.163,0.851,0.062777706
0.015,0.298,0.511,0.642,0.975675325
0.029,0.199,0.483,0.969,0.97765821
0.027,0.508,0.218,0.801,0.127057394
0.039,0.359,0.299,0.374,0.0
0.0,0.172,0.36,0.761,0.941675232
0.189,0.472,0.407,0.522,0.092656387
0.0,0.294,0.732,0.587,0.965542132
0.317,0.115,0.812,1.0,0.06937881
0.192,0.382,0.256,0.759,0.225812778
0.197,0.228,0.371,0.608,0.275130478
0.0,0.0,0.511,0.91,0.993118449
0.099,0.339,0.62,0.625,0.916993011
0.035,0.429,0.689,0.452,0.163341058
0.0,0.109,0.818,0.773,0.987213162
0.0,0.304,0.917,0.532,0.891659306
0.0,0.404,0.733,0.48,0.659402995
0.0,0.293,0.536,0.628,0.975105276
0.127,0.204,0.612,0.687,0.508267161
0.0,0.249,0.846,0.588,0.966197954
0.0,0.251,0.746,0.585,0.964672843
0.219,0.207,0.319,0.676,0.139896755
0.171,0.368,0.551,0.54,0.365225256
0.867,0.39,0.937,0.591,1.0601e-05
-0.0,0.351,0.516,0.696,0.979678199
0.274,0.086,0.454,0.796,0.100182194
0.46,0.113,0.727,0.273,0.0
0.072,0.21,0.474,0.667,0.974148769
0.157,0.15,0.579,0.687,0.43763935
0.0,0.31,0.802,0.616,0.977034674
0.121,0.166,0.432,0.302,0.0
0.067,0.411,0.383,0.735,0.952394376
0.0,0.407,0.515,0.506,0.774080247
0.572,0.814,0.957,0.817,0.0
0.282,0.115,0.428,0.782,0.085086729
0.309,0.404,0.955,0.953,0.075855592
0.0,0.248,0.597,0.66,0.982360274
0.786,0.69,0.969,0.986,5.301e-06
0.34,0.107,0.898,0.478,0.023931471
0.0,0.261,0.763,0.576,0.958268341
0.42,0.011,0.512,0.945,0.01387875
0.076,0.283,0.579,0.717,0.984067049
0.262,0.338,0.396,0.778,0.099380848
0.168,0.324,0.388,0.56,0.364154546
0.0,0.15,0.669,0.829,0.986746715
0.213,0.337,0.533,0.545,0.186952086
0.23,0.356,0.472,0.48,0.087039256
0.0,0.334,0.33,0.594,0.914546088
0.198,0.099,0.953,0.723,0.31415645
0.0,0.6,0.257,0.651,0.005507746
0.0,0.015,0.455,1.0,0.973816762
0.153,0.182,0.35,0.741,0.398530015
0.117,0.505,0.403,0.533,0.072473845
0.0,0.045,0.624,0.878,0.986207987
0.0,0.448,0.262,0.591,0.536612057
0.268,0.201,0.462,0.766,0.10834744
0.233,0.0,0.416,0.843,0.151924169
0.0,0.474,0.578,0.591,0.336784951
0.0,0.036,0.763,0.801,0.987259903
0.0,0.225,0.62,0.663,0.983177521
0.0,0.144,0.583,0.692,0.983551451
0.307,0.23,0.744,1.0,0.077380703
0.0,0.166,0.412,0.775,0.964494552
0.436,0.436,0.622,0.656,0.013248467
0.337,0.382,0.37,0.454,0.004768561
0.322,0.0,0.394,0.913,0.036487976
0.482,0.153,0.807,0.182,0.0
0.216,0.046,0.431,0.79,0.199500882
0.152,0.221,1.0,0.616,0.441010977
0.059,0.512,0.401,0.668,0.160446961
0.407,0.217,0.907,0.464,0.007410159
0.289,0.029,0.703,0.2,0.0
0.24,0.172,0.309,0.664,0.083476809
0.0,0.399,0.537,0.494,0.711599853
0.127,0.0,0.439,0.935,0.495037005
0.892,0.151,0.908,0.433,0.0
0.287,0.132,0.456,0.863,0.084349953
0.256,0.166,0.917,0.696,0.134365397
0.22,0.287,0.227,0.649,0.018173635
0.648,0.336,0.736,0.68,0.00069148
0.257,0.219,0.536,0.985,0.129021968
0.867,0.068,0.9,0.727,7.71e-06
0.031,0.26,0.71,0.97,0.987088359
0.0,0.044,0.645,1.0,0.986518309
0.023,0.246,0.994,0.297,0.0
0.287,0.151,0.414,0.747,0.075482145
0.34,0.266,0.359,0.635,0.00866687
0.098,0.062,0.686,0.863,0.935432638
0.012,0.141,0.552,0.754,0.98312307
0.0,0.28,0.779,0.792,0.98725653
0.172,0.014,0.533,0.951,0.413431287
0.0,0.121,0.779,0.716,0.986516864
0.0,0.0,0.828,0.902,0.999958559
0.0,0.337,0.611,0.559,0.935984376
0.401,0.038,0.994,0.125,0.0
0.179,0.264,0.551,0.617,0.397763364
0.609,0.291,0.976,0.318,0.0
0.527,0.283,0.527,0.973,0.0
0.343,0.103,0.379,0.865,0.016782484
0.0,0.303,0.554,0.769,0.983356294
0.297,0.317,0.669,0.685,0.085415844
0.0,0.0,0.624,0.945,0.998736061
0.081,0.023,0.484,0.882,0.977772413
0.205,0.491,0.355,0.802,0.088007328
0.012,0.356,0.485,0.769,0.977669775
0.026,0.201,0.491,0.932,0.978577132
0.077,0.147,0.975,1.0,0.987481081
0.353,0.42,0.834,0.43,0.0
0.349,0.563,0.522,0.718,0.007242951
0.085,0.219,0.477,0.618,0.967809319
0.0,0.163,0.6,0.751,0.985232205
0.38,0.317,0.382,0.74,0.001024932
0.356,0.0,0.502,0.938,0.039634089
0.0,0.02,0.679,0.897,0.986877782
0.0,0.092,0.748,0.789,0.987181359
0.287,0.445,0.735,0.744,0.075821379
0.0,0.105,0.811,0.731,0.986795383
0.033,0.025,0.661,0.878,0.986706719
0.008,0.374,0.537,0.503,0.759418945
0.0,0.068,0.626,0.826,0.986200277
0.214,0.023,0.332,0.965,0.165037713
0.226,0.005,0.509,0.832,0.182832119
0.423,0.279,0.81,0.679,0.019463113
0.288,0.033,0.432,0.803,0.078740533
0.102,0.383,0.633,0.453,0.315193429
0.115,0.122,0.461,0.856,0.592761675
0.237,0.006,0.383,0.83,0.131007262
0.388,0.683,0.406,0.924,5.3487e-05
0.0,0.188,0.745,0.648,0.98280311
0.025,0.266,0.682,0.632,0.980081522
0.316,0.486,0.716,0.53,0.016219662
0.0,0.139,0.599,0.756,0.985259189
0.572,0.142,0.753,0.263,0.0
0.23,0.213,0.53,0.7,0.17380433
0.285,0.414,0.463,0.641,0.085540166
0.19,0.369,0.348,0.514,0.263890917
0.251,0.104,0.509,0.803,0.135177826
0.169,0.395,0.48,0.442,0.11058186
0.0,0.003,0.698,0.834,0.98696741
0.0,0.282,0.702,0.623,0.978310659
0.244,0.231,0.382,0.968,0.118218497
0.0,0.176,0.47,0.661,0.973217319
0.114,0.545,0.747,0.641,0.065829855
0.227,0.33,0.341,0.506,0.091052731
0.0,0.078,0.735,0.759,0.986929342
0.0,0.0,0.794,0.913,0.999930129
0.517,0.236,0.657,0.24,0.0
0.0,0.228,0.538,0.685,0.980836127
0.0,0.017,0.658,0.916,0.98667588
0.0,0.392,0.813,0.491,0.700226815
0.867,0.354,0.876,0.898,1.446e-06
0.009,0.274,0.57,0.708,0.983487362
0.0,0.426,0.57,0.46,0.254759045
0.152,0.131,0.366,1.0,0.407841142
0.124,0.108,0.757,0.805,0.524692099
0.029,0.135,0.307,0.913,0.909931724
0.04,0.148,0.526,0.746,0.981332451
0.055,0.253,0.131,0.404,0.0
0.0,0.044,0.558,0.858,0.98380684
0.257,0.078,0.475,0.881,0.123235702
0.091,0.0,0.558,0.872,0.976675201
0.104,0.0,0.333,0.956,0.756412091
0.0,0.263,0.72,0.573,0.954902015
0.506,0.147,0.67,0.964,0.006690249
0.083,0.27,0.493,0.826,0.97875735
0.0,0.344,0.696,0.614,0.976005886
0.199,0.095,0.283,0.855,0.204505076
0.0,0.158,0.75,0.679,0.985283765
0.0,0.164,0.744,0.672,0.984912727
0.0,0.264,0.781,1.0,0.987400609
0.066,0.147,0.816,0.765,0.987162566
0.683,0.355,0.857,0.778,0.000550293
0.099,0.024,0.803,0.926,0.926558083
0.342,0.186,0.887,0.447,0.012446157
0.091,0.113,0.633,0.765,0.978945279
0.0,0.348,0.761,0.673,0.9850091
0.247,0.173,0.316,0.738,0.07782643
0.257,0.495,0.795,0.759,0.055895674
0.125,0.304,0.854,0.701,0.518483717
0.117,0.074,0.118,0.762,0.011637584
0.153,0.086,0.392,0.796,0.418639794
0.276,0.116,0.342,0.774,0.057504148
0.153,0.136,0.233,0.825,0.275370448
0.078,0.121,0.551,0.715,0.982549648
0.0,0.394,0.706,0.442,0.285986472
0.03,0.101,0.529,0.785,0.981849976
0.184,0.212,0.592,1.0,0.397482435
0.0,0.316,0.609,0.589,0.965412992
0.37,0.152,0.49,1.0,0.03212852
0.054,0.282,0.663,0.655,0.983013686
0.0,0.32,0.738,0.558,0.934147497
0.117,0.622,0.838,0.82,0.00889142
0.019,0.169,0.699,0.796,0.986896575
0.061,0.135,0.663,0.938,0.986738523
0.213,0.28,0.259,0.612,0.095122103
0.084,0.269,0.302,0.692,0.904508787
0.0,0.262,0.55,0.574,0.952713854
0.072,0.371,0.478,0.517,0.835195029
0.317,0.399,0.737,0.919,0.069209193
0.079,0.393,0.697,0.879,0.986997286
0.155,0.188,0.183,0.777,0.043372899
0.0,0.212,0.38,0.715,0.950663508
0.243,0.46,0.474,0.505,0.038986941
0.426,0.216,0.755,0.602,0.01687452
0.318,0.282,0.457,0.989,0.055336226
0.0,0.243,0.26,0.687,0.856593803
0.334,0.51,0.45,0.603,0.012788283
0.0,0.217,0.5,0.718,0.97877277
0.695,0.321,0.817,0.554,0.000284784
0.0,0.11,0.606,0.727,0.985131976
0.515,0.27,0.517,0.745,0.000176845
0.093,0.304,0.126,0.629,0.457588667
0.1,0.403,0.426,0.491,0.614662555
0.0,0.453,0.731,0.618,0.572233634
0.155,0.287,0.404,0.682,0.418460539
0.035,0.01,0.686,0.937,0.986927897
0.23,0.064,0.357,1.0,0.133221926
0.468,0.658,0.689,0.988,0.000400432
0.835,0.467,0.903,0.633,1.0119e-05
0.0,0.517,0.58,0.536,0.058395603
0.102,0.263,0.825,0.584,0.835787726
0.471,0.347,0.984,0.93,0.01131425
0.507,0.482,0.588,0.72,0.003134067
0.067,0.393,0.496,0.5,0.738727552
0.0,0.274,0.714,0.562,0.940886897
0.206,0.29,0.576,0.745,0.257278248
0.019,0.439,0.576,0.556,0.679626977
0.086,0.243,0.657,0.319,0.0
0.032,0.148,0.491,0.866,0.978559303
0.261,0.073,0.462,0.897,0.116575811
0.364,0.013,0.896,0.271,0.0
0.009,0.534,0.94,0.674,0.088561476
0.0,0.17,0.947,0.78,0.987296525
0.0,0.249,0.44,0.716,0.970499586
0.0,0.1,0.572,0.825,0.984526751
0.186,0.298,0.279,0.404,0.0
0.262,0.465,0.52,0.57,0.056956746
0.32,0.147,0.42,0.735,0.046449624
0.021,0.489,0.082,0.894,0.0
0.505,0.224,0.96,0.27,0.0
0.184,0.076,0.325,0.461,0.175539053
0.0,0.08,0.583,0.757,0.984727208
0.143,0.59,0.718,0.597,0.00270665
0.207,0.239,0.396,0.268,0.0
0.022,0.394,0.22,0.564,0.762478322
0.409,0.315,0.537,0.758,0.018818856
0.0,0.401,0.751,0.436,0.232032725
0.138,0.211,0.637,1.0,0.477549549
0.0,0.431,0.597,0.546,0.682149072
0.0,0.14,0.586,0.748,0.984716125
0.077,0.242,0.38,0.686,0.949997085
0.079,0.277,0.567,0.559,0.934791754
0.0,0.392,0.757,0.645,0.982411352
0.157,0.045,0.466,0.891,0.429857671
0.0,0.236,0.461,0.769,0.97457233
0.118,0.504,0.624,0.55,0.100234718
0.218,0.0,0.352,0.886,0.162419727
0.069,0.118,0.841,0.719,0.986637812
0.296,0.333,0.446,0.625,0.070071254
0.002,0.817,0.034,0.907,0.0
0.0,0.15,0.703,0.687,0.985304003
0.218,0.376,0.553,0.632,0.202682653
0.115,0.37,0.809,0.551,0.544189906
0.236,0.419,0.317,0.474,0.033045514
0.018,0.009,0.744,0.904,0.987307608
0.112,0.0,0.59,0.909,0.647679639
0.563,0.001,0.623,0.273,0.0
0.158,0.0,0.389,0.928,0.408371678
0.082,0.033,0.804,0.288,0.0
0.347,0.205,0.401,0.227,0.0
0.173,0.126,0.395,0.792,0.38846332
0.02,0.128,0.855,0.538,0.902380859
0.305,0.042,0.417,0.925,0.057899279
0.042,0.366,0.531,0.606,0.96940912
0.406,0.072,0.58,0.744,0.022248789
0.0,0.0,0.772,0.94,0.99990459
0.0,0.346,0.447,0.6,0.958526622
0.0,0.077,0.606,0.821,0.985754549
0.212,0.327,0.333,0.563,0.157448781
0.049,0.203,0.661,0.695,0.98529292
0.169,0.126,0.466,0.71,0.409426968
0.213,0.222,0.513,0.747,0.221580053
0.146,0.11,0.728,0.727,0.460956922
0.129,0.343,0.821,0.567,0.469535128
0.0,0.0,0.761,0.937,0.999880497
0.101,0.168,0.521,0.767,0.877452887
0.329,0.457,0.544,0.915,0.03855326
0.234,0.156,0.502,0.756,0.163652826
0.316,0.419,0.453,0.792,0.048063398
0.0,0.0,0.753,0.973,0.999865077
0.19,0.611,0.376,0.777,0.006608332
0.0,0.0,0.722,0.917,0.999690641
0.746,0.26,0.802,0.784,0.000109384
0.093,0.527,0.488,0.664,0.101269287
0.171,0.293,0.841,0.581,0.399313531
0.083,0.282,0.491,0.62,0.969744499
0.0,0.236,0.616,0.861,0.986040779
0.599,0.049,0.761,0.112,0.0
0.048,0.383,0.449,0.743,0.972462714
0.084,0.477,0.254,0.487,0.030541248
0.0,0.448,0.421,0.633,0.617513766
0.159,0.31,0.569,0.574,0.409317102
0.014,0.239,0.733,0.643,0.982078863
0.0,0.127,0.553,0.859,0.983524948
0.181,0.206,0.221,0.714,0.203416537
0.087,0.17,0.125,0.735,0.467739207
0.755,0.815,0.764,0.838,0.0
0.038,0.495,0.433,0.656,0.257442083
0.086,0.395,0.151,0.949,0.534898054
0.092,0.017,0.461,0.82,0.963424324
0.073,0.285,0.473,0.597,0.960991375
0.075,0.291,0.631,0.607,0.973460662
0.299,0.0,0.305,0.855,0.005662908
0.132,0.186,0.603,0.777,0.492111587
0.119,0.088,0.327,0.847,0.494206747
0.0,0.047,0.839,0.921,0.987451687
0.2,0.411,0.534,0.426,0.04554564
0.0,0.203,0.878,1.0,0.987468552
0.198,0.259,0.855,0.997,0.314807453
0.197,0.211,0.282,0.568,0.20800729
0.256,0.118,0.392,0.164,0.0
0.642,0.691,0.717,0.807,1.1083e-05
0.082,0.272,0.242,0.626,0.828119767
0.069,0.271,0.7,0.902,0.987021379
0.389,0.507,0.994,0.91,0.01435869
0.307,0.348,0.369,0.729,0.035851429
0.0,0.0,0.555,0.904,0.996172044
0.402,0.132,0.461,0.781,0.013510121
0.361,0.279,0.907,0.781,0.045017032
0.268,0.246,0.377,0.883,0.083281653
0.069,0.071,0.721,0.913,0.987163048
0.0,0.307,0.713,0.645,0.982180537
0.079,0.258,0.782,0.928,0.987398199
0.0,0.003,0.415,0.918,0.965524303
-0.0,0.049,0.626,0.939,0.986256655
0.101,0.209,0.623,0.745,0.88203882
0.391,0.17,0.878,0.825,0.030700264
0.0,0.224,0.752,0.663,0.984324366
0.0,0.401,0.75,0.501,0.747084099
0.0,0.043,0.604,0.832,0.985714554
0.0,0.044,0.465,0.792,0.97521996
0.0,0.098,0.763,0.866,0.987348085
0.038,0.024,0.585,0.91,0.98511993
0.105,0.179,0.972,0.478,0.474371151
0.071,0.163,0.629,0.673,0.983987541
0.229,0.293,0.493,0.543,0.142533053
0.108,0.292,0.341,0.855,0.685329879
0.177,0.052,0.237,0.953,0.247001459
0.0,0.566,0.669,0.575,0.010328831
0.012,0.175,0.098,0.217,0.0
0.263,0.461,0.583,0.591,0.066992602
0.163,0.26,0.572,0.576,0.404482525
0.359,0.103,0.382,0.803,0.010894062
0.267,0.135,0.53,0.278,0.0
0.194,0.381,0.845,0.606,0.337028294
0.038,0.386,0.799,0.525,0.87494573
0.37,0.56,0.385,0.654,0.000712682
0.087,0.372,0.587,0.593,0.966956896
0.331,0.385,0.402,0.565,0.029330797
0.027,0.001,0.697,0.948,0.987005959
0.129,0.282,0.171,0.725,0.084692079
0.257,0.041,0.638,0.947,0.133018096
0.389,0.255,0.457,0.786,0.018305667
0.0,0.208,0.735,0.691,0.985666367
0.0,0.344,0.796,0.492,0.703338234
0.836,0.23,0.977,0.836,2.7948e-05
0.565,0.205,0.773,0.766,0.003161051
0.0,0.0,0.534,0.951,0.994837753
0.263,0.033,0.44,0.867,0.11037032
0.058,0.439,0.569,0.495,0.466322517
0.0,0.18,0.795,0.773,0.987189551
0.156,0.512,0.902,0.719,0.097788758
0.545,0.046,0.996,0.341,0.0
0.055,0.402,0.669,0.67,0.984284371
0.203,0.154,0.687,0.494,0.167605586
0.295,0.464,0.481,0.807,0.048527919
-0.0,0.36,0.701,0.477,0.647979843
0.034,0.303,0.825,0.69,0.985820083
0.118,0.016,0.563,0.929,0.562678683
0.0,0.175,0.46,0.661,0.97186809
0.15,0.243,0.446,0.844,0.439255052
0.027,0.34,0.293,0.835,0.896308364
0.0,0.18,0.813,0.657,0.98393309
0.0,0.131,0.984,0.705,0.986353029
0.314,0.405,1.0,0.431,0.010038747
0.0,0.425,0.502,0.669,0.746145421
0.0,0.212,0.687,0.773,0.986707683
0.339,0.103,0.387,0.858,0.02285016
0.0,0.207,0.684,0.733,0.98629665
0.476,0.235,0.75,0.451,0.002110098
0.675,0.534,0.827,0.661,0.000242861
0.012,0.395,0.459,0.497,0.719403217
0.127,0.0,0.441,0.952,0.495416717
0.325,0.327,0.418,0.552,0.035097306
0.151,0.106,0.756,0.731,0.451830832
0.277,0.0,0.424,0.924,0.090647481
0.302,0.321,0.323,0.611,0.016289533
0.176,0.179,0.876,0.82,0.413776786
0.381,0.699,0.587,0.982,0.000295867
0.024,0.127,0.851,0.709,0.986449402
0.32,0.343,0.914,0.614,0.063057671
0.206,0.219,0.496,0.618,0.245035439
0.013,0.237,0.689,0.663,0.983950919
0.444,0.186,0.913,0.533,0.009908161
0.274,0.474,0.99,0.52,0.028542461
0.117,0.065,0.136,0.547,0.083847366
0.0,0.431,0.391,0.502,0.507677355
0.002,0.083,0.058,0.958,0.0
0.442,0.164,0.551,0.612,0.010717698
