0.081,0.3,0.091,0.619,0.007141277
0.0,0.347,0.614,0.49,0.696653285
0.044,0.464,0.677,0.502,0.213051479
0.042,0.139,1.0,1.0,0.987481563
0.404,0.767,0.661,0.85,5.3005e-05
0.25,0.167,0.329,0.801,0.082576681
0.806,0.452,0.868,0.665,2.1202e-05
0.148,0.237,0.574,0.642,0.450143332
0.844,0.311,0.859,0.653,7.71e-06
0.0,0.362,0.699,0.474,0.629673212
0.16,0.384,0.383,0.453,0.168129858
0.0,0.346,0.438,0.491,0.693107222
0.836,0.23,0.977,0.836,2.7948e-05
0.427,0.321,0.54,0.918,0.014156305
0.107,0.14,0.667,0.445,0.184483961
0.311,0.438,0.346,0.538,0.013815625
0.222,0.365,0.779,0.534,0.158107494
0.018,0.384,0.956,0.558,0.934278083
0.0,0.244,0.744,0.841,0.987272432
0.399,0.314,0.915,0.943,0.027318036
0.0,0.167,0.714,0.717,0.986251837
0.88,0.278,0.882,0.473,0.0
0.088,0.16,0.175,0.657,0.572172919
0.166,0.246,0.535,0.925,0.42132476
0.066,0.789,0.165,0.904,2.891e-06
0.0,0.414,0.395,0.675,0.956817438
0.255,0.359,0.433,0.478,0.060534131
0.401,0.044,0.473,0.939,0.015484332
0.658,0.628,0.825,0.636,1.1083e-05
0.109,0.418,0.674,0.51,0.543133652
0.0,0.423,0.645,0.513,0.590558094
0.046,0.423,0.516,0.465,0.315142351
0.436,0.436,0.622,0.656,0.013248467
0.008,0.374,0.537,0.503,0.759418945
0.237,0.196,0.323,0.64,0.098649373
0.016,0.181,0.472,0.697,0.975047452
0.046,0.232,0.518,0.671,0.978842159
0.106,0.463,0.63,0.5,0.170389816
0.0,0.25,0.689,0.765,0.986678289
0.95,0.184,0.981,0.466,0.0
0.0,0.114,0.307,0.937,0.909932206
0.0,0.249,0.846,0.588,0.966197954
0.438,0.429,0.748,0.642,0.013702868
0.098,0.062,0.686,0.863,0.935432638
0.156,0.454,0.312,0.473,0.062839385
0.359,0.479,0.44,0.481,0.000276592
0.302,0.321,0.323,0.611,0.016289533
0.0,0.26,0.515,0.576,0.953103203
0.276,0.326,0.724,0.765,0.111106614
0.0,0.057,0.653,0.879,0.986601672
0.26,0.16,0.488,0.243,0.0
0.0,0.385,0.85,0.569,0.950394625
0.181,0.4,0.802,0.478,0.247366714
0.251,0.174,0.358,0.923,0.09581792
0.0,0.0,0.828,0.902,0.999958559
0.06,0.404,0.853,0.433,0.232047181
0.292,0.096,0.568,1.0,0.089110805
0.752,0.148,0.788,0.474,1.9275e-05
0.735,0.798,0.898,0.911,0.0
0.0,0.082,0.724,0.755,0.986825741
0.242,0.056,0.489,0.902,0.147617719
0.277,0.0,0.424,0.924,0.090647481
0.021,0.109,0.51,0.335,0.0
0.387,0.405,0.719,0.77,0.032269707
0.049,0.33,0.678,0.553,0.925486891
0.007,0.111,0.372,0.937,0.947288507
0.072,-0.0,0.838,0.837,0.987408319
0.284,0.109,0.54,0.278,0.0
0.199,0.367,0.596,0.674,0.303296119
0.748,0.366,0.87,0.539,7.7099e-05
0.0,0.141,0.751,0.797,0.987215572
0.543,0.103,0.71,0.791,0.004166227
0.71,0.817,0.81,0.933,0.0
0.304,0.189,0.31,0.691,0.005190677
0.179,0.273,0.738,0.774,0.40967272
0.136,0.347,0.872,0.722,0.482730107
0.212,0.221,0.45,0.745,0.217584408
0.279,0.608,0.669,0.977,0.006187661
0.288,0.703,0.814,0.773,0.000478494
0.03,0.001,0.784,0.986,0.987403018
0.0,0.0,0.625,0.897,0.998752445
0.278,0.07,0.885,0.928,0.109017718
0.02,0.122,0.761,0.714,0.986451812
0.095,0.016,0.728,0.032,0.0
0.315,0.018,0.316,0.87,0.000774361
0.266,0.28,0.424,0.556,0.089162365
0.354,0.0,0.354,0.872,0.0
0.175,0.283,0.338,0.337,0.0
0.302,0.249,0.467,1.0,0.070247617
0.0,0.262,0.762,0.574,0.955887434
0.029,0.263,0.869,0.991,0.987465661
0.342,0.116,0.989,0.641,0.052048925
0.197,0.212,0.534,0.755,0.317251485
0.168,0.385,0.599,0.451,0.160101944
0.132,0.186,0.603,0.777,0.492111587
0.165,0.03,0.524,0.806,0.421957452
0.106,0.421,0.637,0.624,0.648179818
0.0,0.052,0.611,0.832,0.985905856
0.111,0.34,0.486,0.617,0.648535436
0.533,0.071,0.816,0.752,0.005162729
0.296,0.482,0.367,0.535,0.012449049
0.162,0.133,0.459,0.702,0.418935661
0.0,0.062,0.755,0.838,0.987306163
0.655,0.04,0.949,0.848,0.000839895
0.069,0.071,0.721,0.913,0.987163048
0.054,0.038,0.177,0.767,0.57480488
0.651,0.07,0.654,0.749,3.9995e-05
0.189,0.175,0.331,0.594,0.312049243
0.159,0.088,0.534,0.59,0.415862791
0.647,0.524,0.791,0.703,0.000385976
0.521,0.377,0.904,0.439,0.000717019
0.162,0.177,0.475,0.409,0.0
0.342,0.518,0.579,0.945,0.017505285
0.568,0.537,0.89,0.769,0.001246591
0.397,0.64,0.548,0.759,0.000998911
0.0,0.578,0.876,0.685,0.025923029
0.112,0.272,0.762,0.455,0.243408654
0.177,0.348,0.952,0.384,0.0
0.0,0.322,0.366,0.605,0.934119067
0.085,0.248,0.619,0.652,0.982145361
0.035,0.18,0.809,0.624,0.978862879
0.033,0.22,0.536,0.697,0.981119947
0.261,0.363,0.329,0.611,0.065323413
0.444,0.012,0.835,0.981,0.015441928
0.095,0.621,0.36,0.981,0.006604477
0.012,0.444,0.698,0.454,0.111431874
0.0,0.226,0.492,0.738,0.978183928
0.083,0.16,0.698,0.677,0.984889115
0.669,0.409,0.941,0.774,0.000674615
0.238,0.212,0.666,0.625,0.157398667
0.174,0.415,0.633,0.753,0.414748713
0.226,0.26,0.52,1.0,0.18375875
0.83,0.134,0.863,0.403,0.0
0.12,0.453,0.172,0.517,0.059010466
0.177,0.01,0.213,0.852,0.184051244
0.0,0.124,0.445,0.712,0.971387668
0.179,0.2,0.527,0.526,0.342860819
0.458,0.121,0.869,0.803,0.013128482
0.034,0.13,0.52,0.811,0.981238968
0.182,0.85,0.892,0.952,3.0358e-05
0.015,0.298,0.511,0.642,0.975675325
0.236,0.419,0.317,0.474,0.033045514
0.292,0.26,0.435,0.62,0.071908615
0.077,0.15,0.364,0.795,0.943605111
0.0,0.23,0.739,0.706,0.986186784
0.032,0.009,0.241,0.416,0.0
0.0,0.119,0.851,0.763,0.987170276
0.294,0.332,0.422,0.563,0.060601111
0.507,0.062,0.996,0.891,0.007262226
0.17,0.124,0.191,0.13,0.0
0.356,0.0,0.502,0.938,0.039634089
0.203,0.303,0.252,0.628,0.136380567
0.425,0.35,0.903,0.577,0.015760924
0.394,0.725,0.807,0.875,0.000169136
0.607,0.552,0.682,0.984,0.000345981
0.01,0.005,0.373,0.832,0.947738571
0.094,0.417,0.297,0.549,0.830678966
0.099,0.332,0.45,0.543,0.839406069
0.235,0.77,0.905,0.928,0.0001807
0.076,0.159,0.704,0.798,0.986930306
0.0,0.203,0.547,0.791,0.98301706
0.726,0.192,0.796,0.78,0.000217804
0.69,0.151,0.917,0.415,0.0
0.299,0.096,0.504,0.357,0.0
0.184,0.128,0.823,0.578,0.379124244
0.318,0.282,0.457,0.989,0.055336226
0.93,0.35,0.95,0.946,9.64e-07
0.0,0.187,0.698,0.827,0.986958254
0.0,0.699,0.187,0.823,9.6855e-05
0.339,0.103,0.387,0.858,0.02285016
0.287,0.299,0.436,0.669,0.079893642
0.3,0.162,0.434,0.815,0.066527118
0.024,0.484,0.635,0.641,0.304412606
0.643,0.107,0.821,0.801,0.000944942
0.125,0.189,0.584,0.648,0.51296296
0.117,0.005,0.854,0.009,0.0
0.166,0.543,0.841,0.702,0.05039901
0.132,0.417,0.413,0.461,0.229022016
0.169,0.237,0.376,0.812,0.383974241
0.401,0.329,0.882,0.887,0.026539338
0.157,0.091,0.561,0.112,0.0
0.084,0.445,0.641,0.515,0.519461426
0.0,0.125,0.757,0.841,0.987316282
0.121,0.165,0.622,0.621,0.532924324
0.177,0.444,0.581,0.684,0.289574458
0.681,0.153,0.801,0.19,0.0
0.767,0.022,0.993,0.887,0.00010312
0.201,0.232,0.434,0.704,0.274247214
0.127,0.0,0.441,0.952,0.495416717
0.296,0.256,0.606,0.695,0.08561341
0.493,0.468,0.848,0.996,0.006089842
0.0,0.299,0.504,0.823,0.979866128
0.179,0.121,0.625,0.472,0.238789953
0.171,0.483,0.549,0.807,0.152514457
0.407,0.217,0.907,0.464,0.007410159
0.419,0.561,0.632,0.693,0.004420653
0.191,0.46,0.454,0.615,0.181349412
0.063,0.198,0.659,0.678,0.984617342
0.216,0.516,0.851,0.914,0.060497509
0.317,0.399,0.737,0.919,0.069209193
0.27,0.196,0.427,0.706,0.099333143
0.069,0.019,0.48,0.818,0.977229348
0.298,0.697,0.43,0.874,0.000385012
0.137,0.061,0.329,0.954,0.41990566
0.0,0.13,0.359,0.902,0.941444899
0.241,0.197,0.349,0.717,0.107530193
0.382,0.472,0.452,0.612,0.011501697
0.111,0.141,0.185,0.793,0.270435642
0.283,0.358,0.397,0.76,0.074419145
0.0,0.155,0.259,0.878,0.855948583
0.254,0.35,0.512,0.667,0.129565996
0.087,0.375,0.937,0.855,0.98745265
0.127,0.204,0.612,0.687,0.508267161
0.148,0.443,0.339,0.604,0.281164423
0.472,0.651,0.972,0.855,0.000485723
0.153,0.273,0.203,0.407,0.0
0.256,0.118,0.392,0.164,0.0
0.257,0.677,0.36,0.854,0.000821102
0.235,0.498,0.816,0.755,0.066755041
0.276,0.183,0.418,0.484,0.048839205
0.041,0.572,0.235,0.632,0.01284948
0.253,0.427,0.518,0.635,0.107702701
0.054,0.613,0.162,0.752,0.000919885
0.592,0.523,0.803,0.609,0.000716537
0.456,0.24,0.516,0.596,0.006187661
0.179,0.17,0.369,0.667,0.366790362
0.12,0.02,0.458,0.996,0.536302216
0.37,0.35,0.49,0.635,0.03090554
0.76,0.316,0.772,0.472,9.155e-06
0.467,0.142,0.697,0.856,0.011377857
0.25,0.703,0.869,0.958,0.00085146
0.213,0.28,0.259,0.612,0.095122103
0.213,0.647,0.639,0.755,0.003410177
0.127,0.238,0.821,0.291,0.0
0.109,0.165,0.627,0.671,0.710418796
0.317,0.588,0.849,0.947,0.007403413
0.117,0.242,0.617,0.736,0.575711755
0.325,0.25,0.469,0.573,0.045294105
0.656,0.36,0.851,0.745,0.000805201
0.331,0.385,0.402,0.565,0.029330797
0.21,0.369,0.501,0.529,0.184117741
0.12,0.158,0.432,0.679,0.529904942
0.095,0.045,0.476,0.856,0.950036116
0.714,0.953,0.796,0.955,0.0
0.007,0.313,0.617,0.599,0.970159869
0.414,0.024,0.699,0.481,0.0083339
0.599,0.187,0.764,0.354,0.0
0.603,0.096,0.822,0.163,0.0
0.831,0.513,0.859,0.883,8.192e-06
0.147,0.247,0.407,0.589,0.419808323
0.309,0.404,0.955,0.953,0.075855592
0.232,0.453,0.511,0.748,0.113800253
0.092,0.2,0.098,0.927,0.040172335
0.234,0.859,0.935,0.961,1.9275e-05
0.244,0.081,0.354,0.621,0.101762238
0.279,0.304,0.355,0.691,0.059318379
0.0,0.241,0.24,0.596,0.820840676
0.28,0.098,0.621,0.853,0.10497003
0.142,0.525,0.911,0.732,0.079503329
0.0,0.0,0.374,0.897,0.96076827
0.0,0.003,0.77,0.834,0.987335075
0.045,0.025,0.728,0.037,0.0
0.273,0.022,0.347,0.166,0.0
0.482,0.153,0.807,0.182,0.0
0.27,0.418,0.64,0.418,0.0
0.0,0.354,0.515,0.482,0.664430801
0.285,0.414,0.463,0.641,0.085540166
0.328,0.499,0.466,0.648,0.019969556
0.08,0.157,0.69,0.223,0.0
0.107,0.359,0.109,0.569,0.048403115
0.203,0.306,0.29,0.614,0.180454584
0.0,0.378,0.756,0.503,0.761666857
0.632,0.135,0.895,0.306,0.0
0.414,0.006,0.959,0.007,0.0
0.097,0.034,0.209,0.631,0.697481616
0.757,0.254,0.931,0.544,6.7943e-05
0.0,0.158,0.32,0.785,0.920165146
0.136,0.042,0.603,0.924,0.481769263
0.304,0.572,0.553,0.672,0.009238365
0.106,0.234,0.364,0.609,0.728952386
0.0,0.189,0.567,0.687,0.982638794
0.0,0.196,0.846,0.641,0.981927075
0.181,0.534,0.697,0.672,0.05243201
0.137,0.25,0.966,0.821,0.48095298
0.167,0.177,0.529,0.726,0.418908194
0.054,0.442,0.557,0.947,0.698213091
0.0,0.194,0.638,0.693,0.984960431
0.145,0.39,0.514,0.488,0.293115221
0.0,0.228,0.538,0.685,0.980836127
0.022,0.216,0.209,0.703,0.74220278
0.074,0.234,0.709,0.694,0.985624927
0.609,0.291,0.976,0.318,0.0
0.0,0.026,0.375,0.908,0.948771214
0.008,0.116,0.548,0.721,0.98247014
0.0,0.0,0.557,0.872,0.996274682
0.012,0.799,0.578,0.847,8.1436e-05
0.01,0.154,0.89,0.683,0.985596497
0.006,0.503,0.288,0.803,0.187584779
0.113,0.08,0.706,0.894,0.634790645
0.26,0.0,0.502,0.942,0.122592409
0.119,0.778,0.474,0.895,0.00017299
0.023,0.048,0.433,0.979,0.969815334
0.104,0.428,0.353,0.502,0.425005746
0.012,0.205,0.914,0.52,0.856534052
0.0,0.378,0.822,0.796,0.987320137
0.456,0.576,0.697,0.675,0.002136119
0.366,0.146,0.797,0.852,0.042875612
0.867,0.39,0.937,0.591,1.0601e-05
0.287,0.132,0.456,0.863,0.084349953
0.093,0.527,0.488,0.664,0.101269287
0.108,0.198,0.356,0.611,0.683935355
0.639,0.361,0.691,0.579,0.000425007
0.416,0.672,0.861,0.775,0.000457774
0.289,0.338,0.571,0.848,0.092532547
0.091,0.038,0.988,0.243,0.0
0.221,0.586,0.522,0.624,0.008051043
0.21,0.049,0.511,0.788,0.233502903
0.725,0.018,0.864,0.448,4.9632e-05
0.0,0.0,0.484,0.85,0.990269648
0.442,0.401,0.611,0.487,0.005968894
0.0,0.0,0.589,0.911,0.997784373
0.234,0.376,0.796,0.654,0.168591487
0.2,0.192,0.485,0.237,0.0
0.028,0.371,0.839,0.541,0.907608159
0.882,0.008,0.911,0.825,5.782e-06
0.008,0.14,0.562,0.778,0.983863701
0.0,0.086,0.52,0.938,0.981316549
0.702,0.445,0.901,0.929,0.00037682
0.154,0.379,0.584,0.601,0.431167387
0.562,0.233,0.631,0.854,0.002277306
0.0,0.392,0.813,0.491,0.700226815
0.027,0.657,0.678,0.882,0.003467037
0.23,0.105,0.272,0.39,0.0
0.157,0.38,0.275,0.609,0.32380392
0.11,0.0,0.357,0.943,0.64168617
0.003,0.01,0.26,0.519,0.760267995
0.138,0.211,0.637,1.0,0.477549549
0.184,0.162,0.369,0.674,0.356521764
0.0,0.298,0.688,0.606,0.973722798
0.429,0.801,0.439,0.869,9.64e-07
0.231,0.714,0.658,0.827,0.000654376
0.532,0.606,0.939,0.857,0.000596552
0.289,0.548,0.365,0.781,0.008992612
0.126,0.744,0.477,0.77,0.000225032
0.167,0.65,0.38,0.781,0.002804951
0.0,0.065,0.583,0.771,0.984831773
0.296,0.333,0.446,0.625,0.070071254
0.301,0.134,0.332,0.784,0.023697283
0.615,0.178,0.911,0.737,0.001425846
0.392,0.485,0.894,0.883,0.01760455
0.0,0.0,0.302,0.84,0.917873865
0.236,0.589,0.439,0.84,0.010460863
0.0,0.0,0.787,0.894,0.99992001
0.105,0.256,0.442,0.62,0.773413824
0.0,0.082,0.705,0.933,0.987055592
0.296,0.437,0.319,0.821,0.016622504
0.257,0.219,0.536,0.985,0.129021968
0.297,0.116,0.892,0.806,0.086877831
0.168,0.418,0.405,0.485,0.258883349
0.0,0.335,0.643,0.586,0.964489734
0.539,0.652,0.932,0.879,0.000212504
0.729,0.433,0.831,0.923,0.000207203
0.101,0.41,0.661,0.588,0.861924222
0.112,0.141,0.637,0.767,0.648532545
0.126,0.336,0.427,0.549,0.446441143
0.363,0.588,0.723,0.905,0.004937697
0.412,0.269,0.7,0.847,0.022361546
0.399,0.112,0.63,0.874,0.026157217
0.0,0.055,0.585,0.886,0.985117038
0.277,0.335,0.292,0.582,0.01697764
0.616,0.56,0.64,0.723,0.000119021
0.48,0.31,0.965,0.92,0.010182825
0.0,0.042,0.846,0.858,0.987435785
0.308,0.442,0.406,0.454,0.006085505
0.186,0.625,0.94,0.771,0.006757711
0.147,0.297,0.254,0.689,0.321518904
0.231,0.047,0.473,0.917,0.166822069
0.367,0.46,0.395,0.512,0.004298741
0.145,0.318,0.56,0.518,0.371962729
0.0,0.221,0.614,0.674,0.983748053
0.095,0.509,0.579,0.761,0.187967863
0.42,0.158,0.547,0.31,0.0
0.734,0.044,0.822,0.96,0.000200457
0.157,0.15,0.579,0.687,0.43763935
0.166,0.282,0.303,0.648,0.343092115
0.343,0.113,0.886,0.758,0.053372615
0.499,0.287,0.984,0.704,0.007943587
0.027,0.465,0.421,0.89,0.424992254
0.0,0.064,0.602,0.859,0.985681305
0.335,0.018,0.886,0.869,0.057609195
0.097,0.18,0.458,0.76,0.930612998
0.203,0.01,0.379,0.207,0.0
0.0,0.311,0.011,0.663,0.0
0.282,0.634,0.501,0.952,0.003004444
0.34,0.66,0.425,0.812,0.000551738
0.0,0.283,0.373,0.663,0.945622209
0.121,0.469,0.845,0.851,0.252540044
0.089,0.001,0.11,0.891,0.298496718
0.344,0.202,0.82,0.489,0.02611674
0.666,0.132,0.702,0.363,0.0
0.076,0.393,0.333,0.683,0.92753531
0.151,0.369,0.252,0.432,0.063802639
0.263,0.353,0.639,0.557,0.106199756
0.0,0.126,0.72,0.71,0.986167992
0.567,0.879,0.612,0.993,4.82e-07
0.61,0.109,0.991,0.849,0.001550168
0.245,0.069,0.376,0.823,0.11337621
0.369,0.11,0.861,0.259,0.0
0.125,0.304,0.854,0.701,0.518483717
0.017,0.532,0.114,0.993,0.004089128
0.127,0.196,0.662,0.938,0.510722758
0.0,0.043,0.604,0.832,0.985714554
0.339,0.093,0.799,0.743,0.05529623
0.201,0.136,0.29,0.835,0.198053351
0.192,0.399,0.532,0.437,0.060542323
0.265,0.727,0.864,0.757,0.000254908
0.227,0.565,0.478,0.961,0.020132427
0.0,0.0,0.74,0.94,0.99980388
0.134,0.214,0.504,0.418,0.0
0.096,0.257,0.455,0.928,0.936281206
0.135,0.182,0.517,0.867,0.479620134
0.012,0.356,0.485,0.769,0.977669775
0.152,0.03,0.154,0.987,0.003554737
0.55,0.696,0.998,0.843,5.686e-05
0.448,0.421,0.606,0.835,0.011478567
0.329,0.457,0.544,0.915,0.03855326
0.007,0.088,0.352,0.367,0.0
0.466,0.033,0.599,0.553,0.007400522
0.158,0.0,0.389,0.928,0.408371678
0.0,0.398,0.604,0.747,0.985312677
0.822,0.003,0.967,0.945,3.614e-05
0.251,0.104,0.509,0.803,0.135177826
0.138,0.294,0.356,0.602,0.420877587
0.047,0.599,0.46,0.716,0.013825744
0.047,0.394,0.5,0.482,0.663920985
0.388,0.683,0.406,0.924,5.3487e-05
0.017,0.49,0.6,0.587,0.267733811
0.204,0.146,0.351,0.748,0.221937599
0.0,0.076,0.476,0.803,0.976695439
0.0,0.307,0.851,0.53,0.888044336
0.136,0.736,0.306,0.857,0.000331525
0.448,0.149,0.752,0.886,0.014607815
0.149,0.25,0.481,0.638,0.440903521
0.282,0.312,0.379,0.415,0.0
0.17,0.03,0.192,0.861,0.059719775
0.141,0.236,0.282,0.711,0.367461122
0.188,0.367,0.436,0.627,0.363384522
0.296,0.346,0.741,0.617,0.083204554
0.234,0.0,0.322,0.896,0.105781495
0.106,0.0,0.168,0.952,0.358467545
0.598,0.134,0.629,0.804,0.000721356
0.536,0.215,0.598,0.401,0.0
0.307,0.0,0.335,0.982,0.019925706
0.261,0.717,0.409,0.809,0.000381639
0.399,0.467,0.495,0.496,0.002854102
0.154,0.0,0.756,0.897,0.447096965
0.398,0.555,0.557,0.766,0.005780483
0.227,0.808,0.602,0.847,4.385e-05
0.0,0.038,0.723,0.857,0.987157266
0.224,0.242,0.65,0.594,0.181710331
0.65,0.813,0.721,0.863,4.82e-07
0.017,0.124,0.56,0.787,0.983783229
0.139,0.14,0.913,1.0,0.47621574
0.0,0.176,0.47,0.661,0.973217319
0.093,0.113,0.997,0.247,0.0
0.463,0.219,0.601,0.516,0.006016117
0.127,0.0,0.439,0.935,0.495037005
0.0,0.285,0.683,0.85,0.986881156
0.012,0.175,0.098,0.217,0.0
0.068,0.123,0.656,0.714,0.985746839
0.169,0.284,0.88,0.917,0.422250909
0.599,0.039,0.745,0.497,0.000642329
0.0,0.15,0.578,0.77,0.984623124
0.253,0.057,0.533,0.503,0.085514627
0.528,0.498,0.546,0.894,0.000629801
0.268,0.246,0.377,0.883,0.083281653
0.387,0.219,0.591,0.787,0.03049017
0.005,0.002,0.627,0.936,0.986269666
0.0,0.281,0.631,0.741,0.985809964
0.124,0.809,0.906,0.867,7.0353e-05
0.338,0.442,0.381,0.828,0.016045708
0.172,0.326,0.854,0.91,0.418634011
0.495,0.363,0.51,0.57,0.001190213
0.341,0.025,0.878,0.33,0.0
0.19,0.037,0.841,0.357,0.0
0.118,0.17,0.768,0.255,0.0
0.36,0.064,0.899,0.376,0.0
0.38,0.864,0.79,0.95,4.819e-06
0.365,0.482,0.588,0.953,0.022480086
0.234,0.224,0.817,1.0,0.171586775
0.098,0.193,0.464,0.695,0.9224704
0.216,0.504,0.358,0.787,0.054855322
0.553,0.686,0.64,0.805,4.6259e-05
0.318,0.119,0.319,0.886,0.000748822
0.0,0.461,0.561,0.479,0.157856441
0.275,0.644,0.952,0.96,0.002949993
0.0,0.299,0.637,0.578,0.95892079
0.227,0.39,0.881,0.9,0.187506716
0.368,0.623,0.951,0.741,0.002166477
0.001,0.837,0.267,0.859,9.155e-06
0.429,0.224,0.537,0.895,0.013513012
0.0,0.225,0.62,0.663,0.983177521
0.138,0.216,0.445,0.723,0.462682971
0.023,0.361,0.711,0.602,0.972374533
0.506,0.238,0.573,0.667,0.004396078
0.199,0.401,0.382,0.485,0.158838487
0.479,0.33,0.898,0.726,0.010231012
0.014,0.329,0.966,0.685,0.985658658
0.0,0.036,0.649,0.958,0.986561677
0.007,0.271,0.672,0.565,0.945634256
0.772,0.853,0.912,0.962,0.0
0.259,0.211,0.305,0.382,0.0
0.0,0.334,0.33,0.594,0.914546088
0.173,0.409,0.549,0.427,0.081424054
0.0,0.526,0.599,0.55,0.044170872
0.124,0.784,0.565,0.979,0.000163835
0.032,0.393,0.761,0.648,0.982846478
0.449,0.356,0.645,0.938,0.013625287
0.234,0.175,0.941,0.839,0.171588703
0.0,0.27,0.647,0.626,0.978564603
0.152,0.314,0.778,0.772,0.45047052
0.339,0.285,0.369,0.707,0.013852247
0.0,0.448,0.262,0.591,0.536612057
0.103,0.29,0.237,0.589,0.664129634
0.55,0.068,0.792,0.911,0.004057325
0.648,0.306,0.746,0.73,0.000762796
0.308,0.31,0.381,0.526,0.030262247
0.314,0.405,1.0,0.431,0.010038747
0.182,0.062,0.528,0.775,0.398661083
0.588,0.112,0.738,0.309,0.0
0.005,0.335,0.214,0.598,0.758596397
0.0,0.289,0.511,0.593,0.962962213
0.171,0.293,0.841,0.581,0.399313531
0.138,0.037,0.723,0.875,0.47829789
0.296,0.043,0.509,0.193,0.0
0.0,0.15,0.375,0.687,0.947486073
0.043,0.234,0.51,0.66,0.977482329
0.282,0.673,0.451,0.756,0.000822548
0.057,0.635,0.861,0.967,0.006444497
0.119,0.458,0.536,0.75,0.309108887
0.294,0.33,0.437,0.793,0.073209175
0.071,0.031,0.753,0.775,0.987136063
0.721,0.274,0.832,0.506,0.000118058
0.057,0.0,0.645,0.928,0.986515418
0.212,0.353,0.276,0.525,0.096668416
0.102,0.534,0.928,0.742,0.090370407
0.0,0.17,0.607,0.873,0.985831648
0.123,0.49,0.663,0.52,0.09110911
0.669,0.175,0.955,0.219,0.0
0.262,0.15,0.769,0.702,0.127048238
0.0,0.056,0.53,0.78,0.981890453
0.227,0.08,0.467,0.275,0.0
0.209,0.156,0.592,0.369,0.0
0.242,0.494,0.504,0.779,0.061840474
0.241,0.209,0.952,0.325,0.0
0.034,0.303,0.825,0.69,0.985820083
0.302,0.395,0.934,0.433,0.011808165
0.0,0.225,0.806,1.0,0.987432894
0.142,0.459,0.48,0.672,0.242828967
0.447,0.472,0.663,0.593,0.007438108
0.254,0.431,0.617,0.978,0.114802538
0.148,0.076,0.587,0.523,0.374776353
0.036,0.413,0.995,0.962,0.987480117
0.215,0.591,0.823,0.7,0.012707811
0.017,0.138,0.89,0.699,0.986179556
0.022,0.069,0.577,0.311,0.0
0.31,0.358,0.693,0.744,0.074344455
0.0,0.09,0.863,0.971,0.987464215
0.178,0.011,0.543,0.58,0.387845083
0.533,0.36,0.971,0.418,0.0
0.15,0.409,0.83,0.904,0.454352445
0.121,0.266,0.767,0.283,0.0
0.0,0.314,0.696,0.595,0.969568618
0.099,0.513,0.122,0.632,0.045843916
0.055,0.402,0.669,0.67,0.984284371
0.203,0.309,0.521,0.639,0.26785235
0.059,0.435,0.522,0.55,0.686239645
0.438,0.415,0.688,0.503,0.00805538
0.213,0.222,0.513,0.747,0.221580053
0.182,0.149,0.545,0.824,0.399896109
0.059,0.35,0.52,0.655,0.977796506
0.137,0.245,0.59,0.8,0.478737353
0.483,0.659,0.483,0.757,0.0
0.158,0.191,0.561,0.717,0.435734046
0.239,0.447,0.686,0.663,0.117083699
0.204,0.256,0.397,0.903,0.243746925
0.08,0.0,0.477,0.918,0.976905051
0.02,0.452,0.091,0.53,0.0
0.069,0.0,0.513,0.926,0.980772039
0.2,0.411,0.534,0.426,0.04554564
0.433,0.288,0.528,0.748,0.01205729
0.095,0.77,0.255,0.873,7.9026e-05
0.142,0.147,0.438,0.838,0.453091879
0.0,0.141,0.509,0.835,0.980386063
0.722,0.138,0.865,0.647,0.000269846
0.389,0.507,0.994,0.91,0.01435869
0.095,0.382,0.364,0.505,0.719924597
0.121,0.778,0.88,0.871,0.000181664
0.05,0.922,0.11,0.975,0.0
0.112,0.408,0.836,0.732,0.649198967
0.025,0.108,0.253,0.943,0.848033426
0.08,0.317,0.747,0.437,0.232032725
0.0,0.357,0.801,0.545,0.913947608
0.002,0.083,0.058,0.958,0.0
0.121,0.143,0.929,0.439,0.110912421
0.393,0.398,0.586,0.818,0.027526203
0.067,0.076,0.185,0.76,0.5905234
0.0,0.388,0.545,0.448,0.347323876
0.0,0.345,0.625,0.53,0.887368275
0.0,0.034,0.858,0.93,0.987462288
0.0,0.039,0.462,0.88,0.974921203
0.739,0.026,0.792,0.944,0.000132995
0.0,0.35,0.392,0.584,0.937927748
0.097,0.045,0.55,0.791,0.939777637
0.116,0.176,0.848,0.662,0.587650023
0.023,0.49,0.355,0.565,0.233073077
-0.0,0.337,0.747,0.545,0.913882556
0.0,0.056,0.72,0.889,0.987149074
0.246,0.52,0.427,0.558,0.017031127
0.704,0.025,0.851,0.927,0.000410069
0.62,0.464,0.937,0.987,0.001022523
0.052,0.103,0.525,0.847,0.981677468
0.166,0.019,0.197,0.818,0.103723921
0.66,0.915,0.734,0.968,0.0
0.0,0.25,0.248,0.675,0.840156337
0.433,0.22,0.836,0.895,0.017635389
0.422,0.02,0.958,0.642,0.01914508
0.048,0.169,0.55,0.934,0.983355812
0.0,0.278,0.698,0.625,0.978653267
0.342,0.174,0.901,0.366,0.0
0.197,0.193,0.544,0.766,0.317966577
0.0,0.098,0.763,0.866,0.987348085
0.278,0.472,0.424,0.559,0.03575891
0.019,0.333,0.303,0.622,0.901231605
0.698,0.14,0.91,0.54,0.000261172
0.0,0.31,0.583,0.703,0.983930199
0.083,0.27,0.493,0.826,0.97875735
0.128,0.345,0.248,0.87,0.361237802
0.217,0.388,0.494,0.448,0.057776885
0.208,0.132,0.513,0.705,0.242302768
0.01,0.068,0.051,0.627,0.0
0.0,0.199,0.762,0.689,0.985717445
0.209,0.038,0.563,0.721,0.241077861
0.183,0.175,0.714,0.914,0.40173588
0.179,0.138,0.359,0.745,0.363724239
0.166,0.139,0.672,0.857,0.425758905
0.274,0.324,0.419,0.578,0.084703162
0.009,0.534,0.94,0.674,0.088561476
0.446,0.461,0.76,0.603,0.009120789
0.0,0.103,0.708,0.78,0.98689513
0.067,0.105,0.64,0.771,0.986227261
0.0,0.376,0.642,0.461,0.497539343
0.681,0.873,0.799,0.985,0.0
0.0,0.207,0.684,0.733,0.98629665
0.0,0.203,0.729,0.7,0.985958861
0.015,0.36,0.494,0.804,0.978821921
0.403,0.543,0.999,0.644,0.00678325
0.316,0.21,0.592,0.9,0.068098006
0.0,0.044,0.645,1.0,0.986518309
0.311,0.577,0.965,0.724,0.009293298
0.172,0.285,0.28,0.56,0.295561181
0.266,0.06,0.753,0.583,0.11135333
0.261,0.128,0.374,0.316,0.0
0.0,0.123,0.8,0.778,0.987229064
0.208,0.1,0.515,0.869,0.243292042
0.34,0.266,0.359,0.635,0.00866687
0.626,0.273,0.682,0.282,0.0
0.648,0.336,0.736,0.68,0.00069148
0.086,0.395,0.151,0.949,0.534898054
0.181,0.314,0.456,0.757,0.392680624
0.171,0.276,0.667,0.956,0.419063355
0.047,0.439,0.582,0.495,0.466502253
0.017,0.141,0.707,0.737,0.986496625
0.169,0.154,0.806,0.295,0.0
0.236,0.0,0.526,0.925,0.161892564
0.0,0.015,0.301,0.821,0.904383019
0.0,0.085,0.696,0.752,0.98659589
0.0,0.401,0.751,0.436,0.232032725
0.28,0.355,0.49,0.923,0.09729388
0.0,0.0,0.638,0.934,0.998949529
0.031,0.09,0.993,0.235,0.0
0.007,0.421,0.282,0.492,0.43039158
0.448,0.119,0.724,0.76,0.014403022
0.661,0.375,0.903,0.986,0.00075846
0.286,0.332,0.779,0.658,0.097070293
0.176,0.179,0.876,0.82,0.413776786
0.0,0.021,0.725,0.51,0.802780761
0.643,0.119,0.788,0.598,0.000764724
0.0,0.398,0.447,0.533,0.883823658
0.449,0.014,0.739,0.605,0.012833097
0.269,0.032,0.695,0.805,0.119361005
0.254,0.0,0.659,0.888,0.137271059
0.541,0.074,0.918,0.715,0.004654359
0.163,0.574,0.675,0.71,0.024901952
0.302,0.834,0.804,0.936,2.2166e-05
0.0,0.063,0.629,0.942,0.986303396
0.004,0.092,0.759,0.582,0.962631652
0.712,0.895,0.778,0.896,0.0
0.252,0.678,0.295,0.878,0.000462111
0.0,0.012,0.942,0.825,0.987417474
0.23,0.064,0.357,1.0,0.133221926
0.23,0.281,0.338,0.638,0.121782871
0.629,0.214,0.711,0.95,0.000790263
0.144,0.577,0.741,0.947,0.025544763
0.125,0.203,0.596,0.679,0.515779476
0.294,0.027,0.568,0.886,0.086998298
0.41,0.928,0.475,0.991,0.0
0.247,0.347,0.593,0.761,0.145950939
0.25,0.104,0.463,0.732,0.130930163
0.042,0.272,0.689,0.61,0.974743875
0.466,0.683,0.965,0.758,0.000184073
0.011,0.313,0.856,0.678,0.985362309
0.204,0.121,0.714,0.881,0.271501051
0.759,0.345,0.792,0.772,5.4933e-05
0.029,0.199,0.483,0.969,0.97765821
0.143,0.106,0.433,0.871,0.450103336
0.18,0.268,0.26,0.679,0.277710878
0.707,0.647,0.811,0.758,2.072e-05
0.156,0.364,0.4,0.548,0.374350864
0.113,0.0,0.43,0.918,0.616932633
0.093,0.304,0.58,0.777,0.970223958
0.132,0.259,0.732,0.845,0.493776921
0.0,0.305,0.795,0.664,0.984476636
0.061,0.029,0.497,0.854,0.979215606
0.225,0.144,0.338,0.693,0.135706435
0.397,0.199,0.47,0.792,0.016666835
0.328,0.542,0.545,0.859,0.013789122
0.224,0.48,0.556,0.844,0.092988393
0.323,0.313,0.365,0.524,0.015404824
0.139,0.05,0.693,0.133,0.0
0.633,0.11,0.757,0.74,0.000991202
0.101,0.168,0.521,0.767,0.877452887
0.129,0.603,0.657,0.887,0.014206901
0.629,0.158,0.702,0.476,0.000199493
0.031,0.26,0.71,0.97,0.987088359
0.185,0.492,0.77,0.824,0.132767524
0.558,0.797,0.938,0.884,2.891e-06
0.426,0.216,0.755,0.602,0.01687452
0.19,0.291,0.322,0.384,0.0
0.125,0.339,0.476,0.978,0.509050678
0.0,0.161,0.704,0.744,0.986562159
0.154,0.143,0.539,0.76,0.442087951
0.0,0.208,0.1,0.808,0.077495869
0.457,0.407,0.48,0.628,0.002936983
0.422,0.155,0.843,0.71,0.019936789
0.078,0.306,0.698,0.966,0.987015597
0.857,0.113,0.871,0.396,0.0
0.165,0.487,0.484,0.584,0.129104367
0.187,0.12,0.671,0.862,0.389671843
0.393,0.916,0.908,0.996,1.927e-06
0.41,0.501,0.99,0.791,0.011970554
0.201,0.214,0.311,0.687,0.217512609
0.486,0.383,0.529,0.401,0.0
0.674,0.058,0.796,0.321,0.0
0.0,0.105,0.694,0.772,0.986755388
0.205,0.161,0.488,0.813,0.256629654
0.0,0.436,0.464,0.568,0.709190997
0.0,0.701,0.238,0.767,0.000230333
0.064,0.16,0.126,0.231,0.0
0.117,0.074,0.118,0.762,0.011637584
0.0,0.0,0.767,0.903,0.999890616
0.056,0.0,0.642,0.887,0.986473977
0.0,0.139,0.588,0.8,0.985128603
0.476,0.945,0.677,0.962,0.0
0.0,0.069,0.738,0.841,0.98723581
0.223,0.253,0.296,0.388,0.0
0.385,0.284,0.544,0.681,0.028697623
0.0,0.311,0.544,0.806,0.982879245
0.036,0.24,0.46,0.348,0.0
0.214,0.023,0.332,0.965,0.165037713
0.433,0.263,0.658,0.325,0.0
0.681,0.25,0.967,0.805,0.000581132
0.306,0.391,0.719,0.463,0.028117454
0.475,0.352,0.709,0.36,0.0
0.176,0.271,0.686,0.642,0.408519611
0.37,0.56,0.385,0.654,0.000712682
0.397,0.547,0.85,0.67,0.007307522
0.137,0.495,0.487,0.5,0.015068962
0.072,0.371,0.478,0.517,0.835195029
0.078,0.38,0.316,0.54,0.853696816
0.156,0.12,0.817,0.897,0.443620772
0.438,0.386,0.936,0.929,0.016644188
0.351,0.366,0.575,0.682,0.046379271
0.18,0.031,0.377,0.805,0.370738785
0.484,0.162,0.903,0.833,0.009691802
0.527,0.283,0.527,0.973,0.0
0.216,0.732,0.417,0.918,0.000377302
0.081,0.194,0.514,0.686,0.979188622
0.213,0.784,0.322,0.968,7.5653e-05
0.0,0.43,0.679,0.585,0.732335096
0.226,0.005,0.509,0.832,0.182832119
0.423,0.535,0.558,0.654,0.004865417
0.205,0.005,0.736,0.814,0.265652625
0.039,0.268,0.666,0.569,0.94990553
0.37,0.152,0.49,1.0,0.03212852
0.48,0.004,0.974,0.781,0.010168369
0.0,0.359,0.728,0.536,0.899420265
0.119,0.253,0.371,0.796,0.515964031
0.0,0.268,0.657,0.62,0.977196581
0.104,0.413,0.369,0.424,0.130901251
0.109,0.262,0.897,0.394,0.0
0.515,0.27,0.517,0.745,0.000176845
0.694,0.163,0.914,0.476,0.000132514
0.795,0.108,0.962,0.585,4.1441e-05
0.19,0.1,0.762,0.608,0.363765198
0.147,0.393,1.0,0.604,0.446663766
0.0,0.038,0.762,0.85,0.987332665
0.0,0.0,0.646,0.95,0.999046384
0.39,0.324,0.784,0.918,0.031127199
0.703,0.399,0.917,0.434,3.9031e-05
0.0,0.0,0.695,0.92,0.999510423
0.0,0.425,0.638,0.622,0.745615848
0.12,0.397,0.598,0.708,0.546555876
0.073,0.285,0.473,0.597,0.960991375
0.268,0.462,0.785,0.832,0.073697307
0.085,0.097,0.115,0.74,0.382004849
0.015,0.352,0.452,0.408,0.0
0.279,0.487,0.46,0.491,0.002254176
0.41,0.023,0.984,0.148,0.0
0.136,0.33,0.144,0.608,0.017508176
0.0,0.132,0.521,0.705,0.980332575
0.239,0.185,0.488,0.786,0.152675883
0.155,0.188,0.183,0.777,0.043372899
0.0,0.324,0.702,0.58,0.961268931
0.709,0.392,0.836,0.894,0.000370556
0.095,0.065,0.472,0.863,0.949530637
0.0,0.212,0.578,0.706,0.983795758
0.008,0.034,0.828,0.876,0.987433858
0.246,0.064,0.352,0.102,0.0
0.13,0.658,0.709,0.974,0.003399576
0.825,0.757,0.947,0.804,9.64e-07
0.198,0.121,0.376,0.8,0.276515365
0.0,0.096,0.612,0.837,0.98594055
0.213,0.587,0.419,0.699,0.011173063
0.231,0.0,0.481,0.891,0.16781568
0.0,0.079,0.934,0.974,0.987478189
0.264,0.132,0.28,0.579,0.017762602
0.121,0.824,0.189,0.921,1.446e-06
0.253,0.291,0.6,0.434,0.022048332
0.283,0.113,0.683,0.89,0.102072561
0.061,0.739,0.659,0.937,0.000544992
0.195,0.048,0.644,0.309,0.0
0.039,0.069,0.293,0.148,0.0
0.038,0.386,0.799,0.525,0.87494573
0.149,0.214,0.192,0.644,0.094275943
0.157,0.309,0.408,0.597,0.405179787
0.0,0.222,0.633,0.662,0.983326419
0.054,0.0,0.897,0.931,0.987473371
0.491,0.066,0.505,0.71,0.001428737
0.258,0.502,0.675,0.517,0.010530734
0.014,0.617,0.109,0.674,0.0
0.0,0.436,0.582,0.611,0.741720431
0.351,0.328,0.82,0.961,0.049649225
0.0,0.114,0.747,0.856,0.987300862
0.208,0.392,0.753,0.847,0.249700881
0.0,0.332,0.701,0.576,0.958016807
0.402,0.122,0.945,0.668,0.025598732
0.295,0.691,0.827,0.831,0.000734366
0.261,0.473,0.508,0.79,0.064539414
0.361,0.281,0.989,0.56,0.036580976
0.0,0.133,0.448,0.703,0.971742804
0.061,0.21,0.664,0.681,0.984793223
0.069,0.01,0.865,0.287,0.0
0.319,0.35,0.865,0.476,0.028822427
0.735,0.588,0.944,0.608,1.4938e-05
0.044,0.232,0.684,0.652,0.982895147
0.185,0.147,0.37,0.77,0.355636092
0.102,0.159,0.829,0.844,0.859442605
0.759,0.622,0.939,0.911,2.0238e-05
0.0,0.27,0.568,0.567,0.946006739
0.476,0.601,0.575,0.653,0.000558003
0.069,0.572,0.504,0.71,0.030682917
0.0,0.045,0.552,0.792,0.983345211
0.343,0.383,0.575,0.579,0.044189183
0.0,0.241,0.262,0.596,0.851605992
0.354,0.653,0.909,0.717,0.001063482
0.0,0.164,0.744,0.672,0.984912727
0.012,0.464,0.521,0.619,0.435165924
0.0,0.342,0.702,0.541,0.907368189
0.359,0.327,0.41,0.79,0.022548029
0.0,0.161,0.463,0.777,0.974890845
0.237,0.006,0.383,0.83,0.131007262
0.101,0.207,0.795,0.629,0.876223642
0.046,0.26,0.363,0.923,0.943276478
0.081,0.319,0.63,0.579,0.959479275
0.0,0.078,0.735,0.759,0.986929342
0.0,0.406,0.744,0.548,0.917801103
0.233,0.0,0.416,0.843,0.151924169
0.512,0.039,0.822,0.641,0.006379927
0.355,0.042,0.822,0.839,0.047797407
0.447,0.134,0.918,0.46,0.0040819
0.91,0.458,0.939,0.636,1.927e-06
0.529,0.162,0.879,0.611,0.004903484
0.0,0.093,0.773,0.824,0.987326401
0.0,0.244,0.576,0.643,0.9797765
0.4,0.25,0.462,0.663,0.014084507
0.093,0.304,0.126,0.629,0.457588667
0.585,0.346,0.95,0.619,0.002116362
0.353,-0.0,0.357,0.837,0.001847962
0.187,0.325,0.409,0.761,0.366268018
0.279,0.095,0.753,0.92,0.107434301
0.011,0.22,0.699,0.719,0.986207987
0.256,0.046,0.467,0.79,0.123434232
0.0,0.227,0.325,0.812,0.923606162
0.047,0.031,0.489,0.399,0.0
0.486,0.598,0.949,0.716,0.001113596
0.543,0.468,0.782,0.698,0.003138885
0.0,0.137,0.658,0.756,0.986327972
0.327,0.044,0.51,0.845,0.055510662
0.267,0.054,0.306,0.832,0.043699124
0.306,0.065,0.364,0.877,0.034642423
0.08,0.015,0.631,0.884,0.986323153
0.292,0.337,0.7,0.632,0.088431854
0.242,0.355,0.448,0.481,0.073507933
0.0,0.021,0.534,0.816,0.982246553
0.545,0.11,0.648,0.94,0.00352197
0.227,0.446,0.495,0.5,0.06779202
0.065,0.33,0.151,0.411,0.0
0.166,0.482,0.703,0.708,0.160909554
0.0,0.377,0.604,0.55,0.920721221
0.075,0.174,0.555,0.714,0.982779981
0.025,0.769,0.603,0.849,0.000218768
0.164,0.213,0.592,0.664,0.424538817
0.309,0.019,0.924,0.089,0.0
0.0,0.311,0.773,0.526,0.877405182
0.065,0.069,0.6,0.844,0.985607098
0.006,0.078,0.916,0.579,0.960369284
0.131,0.286,0.171,0.937,0.078001348
0.138,0.146,0.404,0.771,0.452888531
0.108,0.038,0.459,0.733,0.726299223
0.0,0.58,0.868,0.698,0.024550189
0.0,0.485,0.305,0.501,0.060215135
0.0,0.307,0.665,0.64,0.981183072
0.197,0.297,0.699,0.879,0.322238815
0.0,0.507,0.788,0.6,0.189262641
0.103,0.0,0.616,0.873,0.836316334
0.0,0.062,0.813,0.775,0.987225691
0.02,0.23,0.662,0.934,0.986728404
0.6,0.719,0.723,0.794,1.2529e-05
0.0,0.194,0.579,0.697,0.98356687
0.292,0.315,0.312,0.865,0.018913784
0.0,0.291,0.851,0.987,0.987459879
0.0,0.385,0.737,0.451,0.376164614
0.24,0.624,0.273,0.968,0.001151182
0.023,0.104,0.668,0.799,0.986679735
0.0,0.408,0.713,0.428,0.232015377
0.397,0.112,0.54,0.989,0.023353712
0.0,0.453,0.731,0.618,0.572233634
0.099,0.024,0.803,0.926,0.926558083
0.263,0.549,0.788,0.705,0.021888834
0.193,0.232,0.278,0.316,0.0
0.276,0.116,0.342,0.774,0.057504148
0.0,0.0,0.598,0.931,0.998099996
0.4,0.043,0.925,0.793,0.026912303
0.891,0.221,0.981,0.455,1.446e-06
0.011,0.38,0.303,0.53,0.8295008
0.438,0.365,0.539,0.903,0.011799491
0.281,0.018,0.655,0.722,0.103800538
0.019,0.014,0.544,0.822,0.982907194
0.121,0.094,0.627,0.305,0.0
0.271,0.108,0.898,0.852,0.117609416
0.0,0.068,0.291,0.769,0.89405467
0.156,0.243,0.396,0.642,0.411316852
0.196,0.05,0.245,0.29,0.0
0.0,0.108,0.75,0.792,0.987196297
0.198,0.966,0.571,0.987,0.0
0.076,0.128,0.627,0.752,0.985869234
0.0,0.407,0.515,0.506,0.774080247
0.243,0.193,0.536,0.74,0.149585184
0.0,0.017,0.766,0.898,0.987369769
0.05,0.026,0.828,0.631,0.98041642
0.406,0.072,0.956,0.142,0.0
0.0,0.199,0.697,0.887,0.986999213
0.0,0.372,0.795,0.512,0.813172717
0.167,0.136,0.569,0.701,0.42083711
0.0,0.48,0.803,0.487,0.026004465
0.257,0.477,0.482,0.501,0.016281341
0.077,0.406,0.669,0.726,0.986094748
0.222,0.807,0.752,0.815,1.1565e-05
0.106,0.381,0.388,0.74,0.749508375
0.096,0.254,0.428,0.582,0.9096932
0.193,0.751,0.572,0.986,0.000370074
0.0,0.17,0.947,0.78,0.987296525
0.21,0.323,0.978,0.376,0.0
0.719,0.825,0.754,0.826,0.0
0.129,0.343,0.821,0.567,0.469535128
0.24,0.172,0.309,0.664,0.083476809
0.313,0.181,0.4,0.46,0.016636478
0.218,0.306,0.365,0.714,0.167802188
0.078,0.36,0.787,0.577,0.959020055
0.062,0.479,0.645,0.487,0.029571249
0.078,0.19,0.824,0.72,0.986643595
0.43,0.186,0.45,0.942,0.003847231
0.059,0.0,0.479,0.894,0.977164296
0.226,0.255,0.498,0.636,0.177585063
0.169,0.314,0.448,0.576,0.387016271
0.126,0.285,0.406,0.658,0.487830194
0.069,0.239,0.249,0.597,0.835399822
0.488,0.207,0.791,0.786,0.009165121
0.198,0.099,0.953,0.723,0.31415645
0.184,0.433,0.753,0.647,0.319963436
0.0,0.176,0.895,0.807,0.987381334
0.576,0.103,0.64,0.767,0.001676417
0.268,0.201,0.462,0.766,0.10834744
0.031,0.243,0.229,0.447,0.290983921
0.143,0.344,0.338,0.924,0.41177029
0.001,0.102,0.784,0.798,0.987283515
0.156,0.512,0.902,0.719,0.097788758
0.295,0.464,0.481,0.807,0.048527919
0.44,0.257,0.645,0.794,0.01526701
0.304,0.743,0.895,0.995,0.000210576
0.084,0.046,0.476,0.33,0.0
0.301,0.22,0.599,0.942,0.081192757
0.0,0.259,0.86,0.62,0.977903481
0.0,0.022,0.667,0.888,0.986780445
0.114,0.545,0.747,0.641,0.065829855
0.266,0.933,0.677,0.965,4.82e-07
0.309,0.307,0.487,0.734,0.066305941
0.0,0.367,0.747,0.469,0.590852997
0.04,0.251,0.135,0.99,0.5014603
0.027,0.037,0.328,0.569,0.898409307
0.414,0.012,0.455,0.271,0.0
0.24,0.047,0.745,0.108,0.0
0.272,0.356,0.732,0.426,0.018275309
0.728,0.723,0.773,0.993,1.446e-06
0.626,0.089,0.87,0.445,0.000155161
0.15,0.135,0.57,0.83,0.451345591
0.182,0.286,0.543,0.55,0.361037827
0.087,0.012,0.624,0.886,0.986210396
0.267,0.135,0.53,0.278,0.0
0.135,0.393,0.614,0.527,0.404928252
0.123,0.027,0.396,0.81,0.502087691
0.0,0.405,0.549,0.432,0.231621692
0.077,0.147,0.975,1.0,0.987481081
0.15,0.192,0.394,0.686,0.423690248
0.01,0.071,0.913,0.849,0.987444941
0.0,0.6,0.257,0.651,0.005507746
0.198,0.827,0.826,0.979,5.5897e-05
0.15,0.243,0.446,0.844,0.439255052
0.497,0.225,0.532,0.76,0.0029312
0.008,0.066,0.21,0.865,0.746977606
0.185,0.006,0.353,0.876,0.3481816
0.0,0.452,0.753,0.599,0.575817765
0.255,0.865,0.976,0.937,1.4938e-05
0.785,0.657,0.828,0.669,4.82e-07
0.0,0.15,0.419,0.764,0.966334323
0.134,0.02,0.882,0.069,0.0
0.273,0.418,0.619,0.869,0.113863378
0.317,0.115,0.812,1.0,0.06937881
0.476,0.235,0.75,0.451,0.002110098
0.655,0.272,0.978,0.76,0.00083845
0.0,0.225,0.632,0.672,0.98398224
0.677,0.257,0.744,0.91,0.000440909
0.108,0.0,0.613,0.922,0.738375788
0.035,0.065,0.699,0.913,0.987016078
0.0,0.0,0.72,0.951,0.999673776
0.0,0.034,0.754,0.855,0.987322064
0.064,0.116,0.676,0.978,0.986861881
0.137,0.09,0.88,0.948,0.481008876
0.34,0.496,0.998,0.726,0.025572712
0.0,0.0,0.606,0.944,0.998338521
0.228,0.512,0.338,0.847,0.036341488
0.003,0.074,0.288,0.93,0.890828566
0.292,0.641,0.427,0.899,0.001752552
0.37,0.104,0.492,0.146,0.0
0.619,0.391,0.937,0.848,0.001357903
0.364,0.013,0.896,0.271,0.0
0.124,0.0,0.617,0.965,0.523513451
0.388,0.529,0.551,0.963,0.009326547
0.0,0.208,0.663,0.681,0.984778767
0.024,0.046,0.691,0.79,0.986826705
0.003,0.397,0.261,0.644,0.856601513
0.191,0.398,0.518,0.439,0.070765143
0.058,0.302,0.238,0.684,0.823200381
0.218,0.106,0.351,0.793,0.161890154
0.0,0.092,0.715,0.794,0.986986203
0.058,0.042,0.502,0.841,0.979697474
0.007,0.444,0.513,0.568,0.641776761
0.238,0.692,0.856,0.91,0.001168529
0.0,0.517,0.58,0.536,0.058395603
0.416,0.459,0.669,0.514,0.006070568
0.0,0.367,0.796,0.568,0.949348973
0.219,0.281,0.237,0.649,0.042819716
0.0,0.39,0.648,0.531,0.889333813
0.115,0.37,0.809,0.551,0.544189906
0.848,0.024,0.96,0.579,1.4456e-05
0.163,0.406,0.599,0.566,0.398793596
0.756,0.552,0.85,0.687,3.614e-05
0.0,0.248,0.597,0.66,0.982360274
0.289,0.319,0.447,0.66,0.07934865
0.377,0.327,0.79,0.509,0.022099892
0.0,0.24,0.768,0.643,0.982208486
0.0,0.445,0.665,0.622,0.665593066
0.165,0.0,0.716,0.953,0.427549043
0.0,0.293,0.821,0.588,0.966185907
0.0,0.392,0.757,0.645,0.982411352
0.13,0.074,0.595,0.762,0.498698717
0.0,0.017,0.784,0.961,0.987403018
0.033,0.647,0.342,0.773,0.002809288
0.119,0.154,0.812,0.499,0.381010756
0.732,0.737,0.766,0.83,4.82e-07
0.215,0.746,0.738,0.968,0.000365737
0.0,0.068,0.626,0.826,0.986200277
0.0,0.0,0.555,0.904,0.996172044
0.0,0.309,0.334,0.528,0.841639044
0.028,0.552,0.185,0.902,0.024742454
0.085,0.362,0.623,0.488,0.690813532
0.316,0.237,0.899,0.617,0.066208603
0.542,0.534,0.59,0.793,0.000837004
0.029,0.325,0.779,0.537,0.900948267
0.0,0.0,0.665,0.93,0.999283945
0.116,0.192,0.603,0.703,0.587865418
0.369,0.304,0.476,0.887,0.030895421
0.302,0.299,0.584,0.689,0.079029654
0.396,0.085,0.609,0.761,0.026868454
0.0,0.315,0.566,0.522,0.861553184
0.072,0.506,0.64,0.791,0.209556976
0.44,0.374,0.517,0.531,0.00642715
0.0,0.11,0.606,0.727,0.985131976
0.175,0.329,0.557,0.554,0.374987411
0.107,0.422,0.317,0.525,0.492761626
0.155,0.404,0.849,0.82,0.44539019
0.0,0.439,0.426,0.512,0.555099869
0.087,0.372,0.587,0.593,0.966956896
0.406,0.072,0.58,0.744,0.022248789
0.063,0.373,0.462,0.52,0.84929881
0.062,0.0,0.511,0.928,0.980602903
0.05,0.413,0.409,0.963,0.963623336
0.06,0.948,0.629,0.961,4.82e-07
0.414,0.275,0.906,0.796,0.022200602
0.073,0.153,0.651,0.92,0.986583843
0.0,0.448,0.626,0.653,0.634451411
0.0,0.322,0.557,0.588,0.963120748
0.098,0.355,0.372,0.431,0.186696697
0.292,0.152,1.0,0.184,0.0
0.185,0.028,0.229,0.905,0.214166521
0.018,0.249,0.621,0.92,0.986156909
0.047,0.33,0.46,0.568,0.93935263
0.0,0.348,0.761,0.673,0.9850091
0.115,0.316,0.613,0.521,0.49153961
0.204,0.596,0.507,0.646,0.00811224
0.0,0.005,0.721,0.9,0.987162084
0.189,0.836,0.471,0.933,4.0477e-05
0.217,0.33,0.509,0.506,0.139674614
0.137,0.512,0.784,0.561,0.069213529
0.059,0.0,0.215,0.931,0.766536611
0.519,0.173,0.762,0.567,0.004705919
0.177,0.052,0.237,0.953,0.247001459
0.597,0.359,0.879,0.797,0.001916387
0.168,0.111,0.381,0.772,0.387798824
0.048,0.746,0.359,0.801,0.000270328
0.425,0.635,0.645,0.814,0.001073601
0.251,0.681,0.262,0.839,7.5653e-05
0.135,0.376,0.357,0.896,0.439105191
0.0,0.425,0.328,0.496,0.464884142
0.0,0.44,0.85,0.558,0.674908048
0.001,0.177,0.72,0.791,0.987012705
0.0,0.435,0.79,0.464,0.306571854
0.0,0.106,0.607,0.914,0.98583984
0.218,0.107,0.503,0.769,0.203813596
0.196,0.243,0.595,0.593,0.316348465
0.0,0.031,0.841,1.0,0.98745506
0.0,0.234,0.602,0.602,0.971179983
0.034,0.134,0.26,0.711,0.856860758
0.236,0.067,0.495,0.901,0.159137245
0.257,0.586,0.513,0.868,0.010739382
0.0,0.095,0.611,0.813,0.985875016
0.022,0.342,0.291,0.443,0.275925559
0.148,0.461,0.316,0.831,0.190906774
0.0,0.308,0.653,0.569,0.949767716
0.347,0.422,0.378,0.758,0.011811056
0.0,0.214,0.675,0.92,0.986850798
0.0,0.0,0.484,0.942,0.99029856
0.45,0.535,0.551,0.649,0.003026128
0.307,0.348,0.369,0.729,0.035851429
0.288,0.303,0.429,0.592,0.072464208
0.0,0.0,0.748,0.886,0.999840984
0.0,0.0,0.634,0.893,0.99888785
0.26,0.203,0.292,0.634,0.03719343
0.0,0.425,0.502,0.669,0.746145421
0.008,0.294,0.719,0.678,0.985060178
0.053,0.181,0.496,0.655,0.975697491
0.052,0.385,0.388,0.532,0.870122717
0.069,0.0,0.455,0.861,0.973797006
0.057,0.887,0.299,0.899,9.64e-07
0.685,0.199,0.698,0.938,9.3482e-05
0.047,0.427,0.237,0.455,0.163793531
0.167,0.386,0.618,0.994,0.4236623
0.76,0.075,0.885,0.968,0.000114203
0.287,0.445,0.735,0.744,0.075821379
0.054,0.573,0.614,0.944,0.031970949
0.209,0.205,0.978,0.592,0.231327752
0.0,0.1,0.572,0.825,0.984526751
0.179,0.264,0.551,0.617,0.397763364
0.65,0.547,0.794,0.586,0.00013155
0.001,0.149,0.686,0.394,0.0
0.362,0.304,0.418,0.653,0.023041461
0.251,0.056,0.815,0.781,0.142131175
0.106,0.653,0.703,0.811,0.003843858
0.483,0.43,0.897,0.826,0.008702528
0.0,0.003,0.415,0.918,0.965524303
0.52,0.044,0.576,0.078,0.0
0.075,0.436,0.67,0.689,0.753180687
0.206,0.202,0.221,0.739,0.057426567
0.709,0.138,0.898,0.338,0.0
0.405,0.4,0.464,0.726,0.012857672
0.152,0.329,0.668,0.763,0.449814698
0.024,0.267,0.683,0.57,0.952026229
0.0,0.053,0.738,0.829,0.98722039
0.49,0.792,0.805,0.794,0.0
0.0,0.288,0.837,0.664,0.984508922
0.0,0.1,0.656,0.809,0.986563123
0.26,0.385,0.316,0.571,0.054923747
0.0,0.26,0.333,0.842,0.928699502
0.204,0.027,0.49,0.81,0.262788886
0.021,0.205,0.93,0.825,0.98741651
0.406,0.318,0.577,0.541,0.015393741
0.0,0.059,0.745,0.778,0.987122089
0.177,0.242,0.377,0.594,0.364048054
0.38,0.469,0.611,0.59,0.018237242
0.13,0.134,0.593,0.834,0.49887508
0.262,0.338,0.396,0.778,0.099380848
0.154,0.419,0.413,0.489,0.195582816
0.015,0.013,0.716,0.955,0.987126426
0.255,0.444,0.673,0.473,0.03196613
0.39,0.008,0.821,0.682,0.030696409
0.0,0.37,0.533,0.718,0.981468819
0.243,0.329,0.479,0.575,0.13042613
0.1,0.403,0.426,0.491,0.614662555
0.0,0.377,0.712,0.606,0.973849529
0.669,0.668,0.963,0.669,0.0
0.076,0.402,0.627,0.434,0.231946952
0.64,0.448,0.804,0.88,0.000835558
0.069,0.265,0.378,0.875,0.95028235
0.563,0.001,0.623,0.273,0.0
0.0,0.286,0.697,0.551,0.922893962
0.014,0.244,0.397,0.846,0.959327004
0.027,0.55,0.444,0.69,0.059853734
0.756,0.636,0.869,1.0,1.301e-05
0.067,0.393,0.496,0.5,0.738727552
0.562,0.491,0.864,0.624,0.001896149
0.688,0.009,0.864,0.582,0.000388385
0.243,0.313,0.479,0.586,0.133325045
0.0,0.302,0.764,0.599,0.971239734
0.006,0.699,0.481,0.833,0.001118896
0.177,0.244,0.2,0.267,0.0
0.101,0.71,0.795,0.894,0.000984455
0.383,0.864,0.691,0.981,4.337e-06
0.059,0.348,0.27,0.489,0.629328195
0.0,0.159,0.602,0.924,0.985701544
0.22,0.473,0.505,0.514,0.046266996
0.449,0.146,0.701,0.63,0.013221482
0.353,0.42,0.834,0.43,0.0
0.564,0.226,0.854,0.394,0.0
0.45,0.184,0.86,0.75,0.014351462
0.0,0.268,0.58,0.704,0.983841535
0.0,0.368,0.853,0.469,0.59089251
0.249,0.138,0.39,0.141,0.0
0.929,0.027,0.973,0.15,0.0
0.076,0.444,0.217,0.853,0.518888486
0.0,0.178,0.914,0.735,0.986880192
0.025,0.094,0.367,0.842,0.944943258
0.167,0.241,0.202,0.509,0.124965125
0.157,0.313,0.771,0.896,0.441761245
0.835,0.467,0.903,0.633,1.0119e-05
0.265,0.491,0.313,0.977,0.019490097
0.246,0.492,0.539,0.675,0.061246813
0.407,0.333,0.696,0.658,0.023283841
0.202,0.378,0.365,0.551,0.214658026
0.01,0.441,0.727,0.538,0.63389389
0.256,0.083,0.374,0.805,0.096103185
0.0,0.122,0.589,0.766,0.98500139
0.012,0.586,0.333,0.837,0.015494452
0.148,0.148,0.405,0.739,0.432252553
0.238,0.33,0.946,0.876,0.163808951
0.274,0.645,0.309,0.982,0.000718465
0.131,0.634,0.542,0.702,0.005083703
0.096,0.023,0.224,0.998,0.754985763
0.854,0.069,0.945,0.912,1.6383e-05
0.181,0.206,0.221,0.714,0.203416537
0.019,0.127,0.472,0.925,0.976278624
0.0,0.013,0.782,0.935,0.987399163
0.0,0.016,0.556,0.864,0.983696975
0.304,0.0,0.665,0.874,0.079535615
0.19,0.197,0.538,0.639,0.364526066
0.032,0.277,0.465,0.559,0.927941524
0.618,0.188,0.694,0.334,0.0
0.546,0.715,0.928,0.914,3.9513e-05
0.0,0.407,0.295,0.506,0.722610527
0.332,0.091,0.686,0.749,0.058654847
0.298,0.183,0.626,0.737,0.084498369
0.23,0.214,0.431,0.672,0.160641154
0.122,0.516,0.569,0.727,0.109793043
0.153,0.182,0.35,0.741,0.398530015
0.514,0.296,0.8,0.476,0.002119735
0.182,0.47,0.293,0.671,0.120262579
0.14,0.017,0.557,0.886,0.470176976
0.436,0.231,0.656,0.748,0.016138708
0.179,0.239,0.481,0.634,0.394831199
0.263,0.203,0.266,0.695,0.003384638
0.482,0.646,0.918,0.792,0.000460184
0.075,0.454,0.139,0.494,0.174083331
0.079,0.277,0.567,0.559,0.934791754
0.002,0.516,0.632,0.972,0.150265581
0.092,0.26,0.301,0.649,0.890800136
0.533,0.666,0.829,0.894,0.000156607
0.292,0.334,0.478,0.93,0.081770516
0.158,0.145,0.799,0.683,0.438154467
0.149,0.768,0.878,0.945,0.000259727
0.0,0.33,0.315,0.619,0.910597665
0.043,0.259,0.641,0.799,0.986358811
0.729,0.359,0.772,0.524,8.0472e-05
0.0,0.142,0.735,0.739,0.986702383
0.446,0.159,0.564,0.459,0.003316213
0.248,0.209,0.461,0.627,0.129705738
0.008,0.016,0.895,0.217,0.0
0.0,0.354,0.512,0.559,0.932027761
0.149,0.528,0.822,0.8,0.074168092
0.314,0.149,0.447,0.799,0.056764963
0.503,0.609,0.709,0.805,0.000739185
0.637,0.325,0.687,0.585,0.000426935
0.091,0.423,0.468,0.483,0.438597303
0.898,0.562,0.984,0.891,1.927e-06
0.499,0.247,0.924,0.644,0.007627482
0.284,0.837,0.454,0.904,1.542e-05
0.253,0.666,0.58,0.679,0.000515598
0.094,0.249,0.847,0.272,0.0
0.0,0.093,0.33,0.812,0.926901654
0.0,0.247,0.637,0.768,0.986160282
0.784,0.287,0.923,0.955,7.4689e-05
0.0,0.205,0.593,0.632,0.978709645
0.041,0.17,0.527,0.728,0.981201383
0.024,0.144,0.56,0.765,0.983665653
0.095,0.427,0.135,0.623,0.359530063
0.285,0.183,0.442,0.653,0.082824843
0.301,0.85,0.549,0.967,1.4456e-05
0.0,0.0,0.273,0.885,0.884763299
0.591,0.145,0.829,0.789,0.002096606
0.359,0.346,0.682,0.548,0.034993704
0.292,0.629,0.776,0.818,0.003579312
0.263,0.033,0.44,0.867,0.11037032
0.158,0.0,0.536,0.914,0.434988597
0.325,0.263,0.668,0.887,0.063140071
0.119,0.02,0.588,0.83,0.554423327
0.409,0.126,0.496,0.295,0.0
0.072,0.285,0.654,0.552,0.923969008
0.102,0.388,0.331,0.471,0.467149402
0.631,0.815,0.788,0.828,0.0
0.118,0.246,0.483,0.932,0.55622744
0.556,0.811,0.791,0.892,2.409e-06
0.0,0.043,0.858,0.926,0.987461324
0.534,0.544,0.544,0.721,0.000190338
0.0,0.307,0.713,0.645,0.982180537
0.259,0.239,0.598,0.743,0.129297114
0.0,0.131,0.565,0.751,0.983815996
0.262,0.802,0.83,0.916,6.7943e-05
0.055,0.811,0.089,0.968,0.0
0.062,0.478,0.763,0.495,0.065178852
0.212,0.431,0.851,0.609,0.186044248
0.516,0.778,0.937,0.907,1.1565e-05
0.0,0.164,0.523,0.885,0.981543509
0.0,0.137,0.626,0.781,0.986080774
0.238,0.422,0.886,0.484,0.060006004
0.221,0.187,0.823,0.885,0.202859499
0.277,0.215,0.301,0.767,0.027212025
0.074,0.052,0.141,0.892,0.515731289
0.121,0.709,0.478,0.967,0.000901092
0.029,0.135,0.307,0.913,0.909931724
0.0,0.406,0.531,0.431,0.231484359
0.426,0.111,0.734,0.962,0.018963898
0.0,0.007,0.313,0.83,0.914940738
0.545,0.025,0.892,0.811,0.004442337
0.234,0.091,0.407,0.889,0.147096338
0.0,0.145,0.786,0.804,0.987306163
0.052,0.088,0.806,0.895,0.987425666
0.254,0.25,0.495,0.942,0.129612256
0.693,0.41,0.804,0.671,0.000433199
0.102,0.383,0.633,0.453,0.315193429
0.303,0.725,0.818,0.855,0.000307432
0.459,0.844,0.832,0.986,3.373e-06
0.0,0.0,0.629,0.861,0.998800632
0.075,0.707,0.743,0.98,0.001070228
0.216,0.092,0.242,0.136,0.0
0.235,0.099,0.735,0.15,0.0
0.009,0.28,0.211,0.621,0.749085777
0.132,0.275,0.42,0.61,0.463302171
0.177,0.318,0.343,0.72,0.358681977
0.172,0.014,0.533,0.951,0.413431287
0.21,0.171,0.348,0.665,0.188092185
0.359,0.15,0.902,0.913,0.046024617
0.024,0.231,0.384,0.545,0.888972413
0.081,0.261,0.556,0.745,0.983256066
0.069,0.118,0.841,0.719,0.986637812
0.064,0.124,0.638,0.759,0.986112095
0.104,0.0,0.333,0.956,0.756412091
0.003,0.62,0.126,0.746,2.5057e-05
0.061,0.22,0.915,0.595,0.969953148
0.179,0.174,0.546,0.663,0.403025839
0.005,0.05,0.764,0.47,0.598762853
0.6,0.074,0.839,0.24,0.0
0.675,0.534,0.827,0.661,0.000242861
0.216,0.036,0.712,0.593,0.204189935
0.305,0.243,0.752,0.344,0.0
0.181,0.62,0.215,0.896,0.000829776
0.137,0.796,0.701,0.977,0.00012384
0.167,0.385,0.734,0.566,0.394791686
0.0,0.105,0.811,0.731,0.986795383
0.0,0.322,0.583,0.607,0.972349475
0.0,0.233,0.976,0.603,0.973016862
0.048,0.135,0.218,0.802,0.775816416
0.678,0.013,0.912,0.041,0.0
0.0,0.36,0.785,0.541,0.907585993
0.0,0.411,0.707,0.604,0.972980722
0.0,0.265,0.571,0.571,0.95115694
0.0,0.35,0.689,0.533,0.893110691
0.876,0.143,0.959,0.289,0.0
0.283,0.0,0.591,0.85,0.100497817
0.198,0.06,0.269,0.345,0.0
0.0,0.231,0.645,0.719,0.985710217
0.133,0.082,0.597,0.796,0.488982821
0.2,0.354,0.859,0.529,0.243744998
0.241,0.248,0.449,0.589,0.133549595
0.414,0.781,0.791,0.949,3.5658e-05
0.695,0.321,0.817,0.554,0.000284784
0.1,0.471,0.758,0.947,0.373470974
0.364,0.137,0.57,0.956,0.040789607
0.421,0.488,0.636,0.743,0.01105356
0.365,0.171,0.646,0.936,0.042423139
0.0,0.331,0.745,0.549,0.920431618
0.473,0.609,0.744,0.628,0.000364292
0.224,0.496,0.913,0.755,0.078300106
0.191,0.216,0.55,0.666,0.361248403
0.246,0.068,0.775,0.951,0.149672402
0.0,0.386,0.562,0.54,0.904189308
0.155,0.287,0.404,0.682,0.418460539
0.742,0.066,0.819,0.99,0.000139742
0.507,0.337,0.857,0.768,0.007223195
0.329,0.642,0.937,0.957,0.002055165
0.003,0.823,0.858,0.941,6.3607e-05
0.431,0.383,0.489,0.53,0.005786266
0.213,0.454,0.652,0.659,0.14798683
0.052,0.351,0.914,0.652,0.98342231
0.28,0.12,0.551,0.229,0.0
0.105,0.158,0.641,0.674,0.79425556
0.023,0.135,0.56,0.213,0.0
0.0,0.232,0.791,0.604,0.973271288
0.273,0.246,0.278,0.639,0.006062376
0.0,0.262,0.757,0.574,0.95588117
0.835,0.153,0.974,0.621,2.313e-05
0.274,0.0,0.275,0.849,0.001240809
0.0,0.235,0.645,0.602,0.971879655
0.255,0.41,0.938,0.935,0.136699082
0.507,0.157,0.76,0.947,0.007141759
0.0,0.466,0.625,0.475,0.077265055
0.0,0.0,0.775,0.906,0.999906036
0.0,0.277,0.334,0.632,0.92489564
0.071,0.474,0.709,0.685,0.355582604
0.321,0.434,0.677,0.454,0.009837808
0.15,0.185,0.651,0.865,0.453477855
0.573,0.35,0.704,0.977,0.002416566
0.0,0.287,0.692,0.55,0.921537023
0.044,0.206,0.593,0.682,0.983529285
0.0,0.173,0.504,0.961,0.979927325
0.288,0.434,0.451,0.457,0.015745023
0.029,0.039,0.638,0.859,0.986409889
0.262,0.107,0.291,0.792,0.034655915
0.0,0.183,0.491,0.741,0.978096228
0.0,0.447,0.795,0.528,0.543036797
0.0,0.137,0.626,0.775,0.986048488
0.024,0.127,0.851,0.709,0.986449402
0.475,0.077,0.92,0.327,0.0
0.301,0.032,0.314,0.972,0.011342199
0.143,0.0,0.502,0.908,0.460031254
0.138,0.802,0.824,0.845,7.1316e-05
0.196,0.178,0.287,0.771,0.234043076
0.0,0.042,0.72,0.794,0.987020897
0.0,0.474,0.578,0.591,0.336784951
0.0,0.165,0.503,0.672,0.977613397
0.04,0.736,0.858,0.925,0.000582096
0.26,0.0,0.292,0.9,0.038128253
0.0,0.25,0.675,0.637,0.980885277
0.205,0.199,0.413,0.412,0.0
0.08,0.476,0.25,0.496,0.066331961
0.0,0.007,0.344,0.997,0.934474203
0.249,0.255,0.317,0.638,0.074217724
0.394,0.478,0.451,0.623,0.008204759
0.131,0.315,0.592,0.583,0.47277135
0.098,0.205,0.47,0.713,0.923743976
0.0,0.23,0.439,0.775,0.970868696
0.817,0.16,0.975,0.756,3.8549e-05
0.085,0.413,0.637,0.85,0.986388205
0.219,0.207,0.319,0.676,0.139896755
0.334,0.272,0.524,0.634,0.050305046
0.552,0.08,0.593,0.776,0.001937108
0.305,0.442,0.982,0.941,0.064426175
0.099,0.339,0.62,0.625,0.916993011
0.668,0.656,0.723,0.845,2.0238e-05
0.548,0.38,0.819,0.773,0.00420574
0.0,0.452,0.4,0.482,0.266879941
0.05,0.415,0.061,0.541,0.0
0.0,0.279,0.565,0.654,0.980520504
0.0,0.238,0.826,0.727,0.986743341
0.055,0.253,0.131,0.404,0.0
0.106,0.061,0.629,0.901,0.780895782
0.072,0.347,0.63,0.489,0.693835324
0.053,0.315,0.54,0.975,0.982708664
0.8,0.122,0.807,0.401,0.0
0.685,0.463,0.843,0.533,0.000161908
0.046,0.28,0.512,0.689,0.979153445
0.09,0.121,0.398,0.92,0.954223063
0.071,0.193,0.466,0.281,0.0
0.013,0.331,0.757,0.742,0.986841161
0.005,0.45,0.652,0.534,0.529600884
0.0,0.044,0.558,0.858,0.98380684
0.269,0.027,0.27,0.855,0.001136726
0.087,0.101,0.631,0.487,0.685117376
0.0,0.0,0.533,0.911,0.994768846
0.0,0.208,0.257,0.722,0.85318459
0.214,0.491,0.868,0.836,0.095189564
0.136,0.108,0.76,0.947,0.483399421
0.16,0.814,0.668,0.847,4.5296e-05
0.166,0.159,0.647,0.748,0.425059715
0.0,0.096,0.672,0.74,0.986293277
0.205,0.388,0.322,0.418,0.0
0.487,0.004,0.908,0.132,0.0
0.269,0.129,0.554,0.913,0.116024554
0.0,0.018,0.826,0.939,0.987444459
0.269,0.111,0.296,0.797,0.031975286
0.276,0.212,0.608,0.553,0.091210784
0.133,0.13,0.753,0.301,0.0
0.925,0.349,0.944,0.788,9.64e-07
0.002,0.817,0.034,0.907,0.0
0.194,0.526,0.575,0.535,0.008908768
0.569,0.245,0.581,0.395,0.0
0.611,0.58,0.929,0.966,0.000345499
0.321,0.009,0.361,0.937,0.021472501
0.041,0.344,0.434,0.581,0.947776157
0.094,0.67,0.532,0.917,0.002395364
0.045,0.232,0.272,0.294,0.0
0.475,0.199,0.927,0.355,0.0
0.319,0.346,0.639,0.486,0.032138639
0.0,0.275,0.574,0.562,0.939137717
0.2,0.199,0.771,0.566,0.274066514
0.232,0.32,0.275,0.48,0.033127913
0.151,0.725,0.846,0.804,0.000614381
0.287,0.151,0.414,0.747,0.075482145
0.403,0.138,0.626,0.943,0.024659091
0.0,0.188,0.745,0.648,0.98280311
0.933,0.384,0.964,0.47,4.82e-07
0.61,0.187,0.633,0.576,0.000322369
0.285,0.189,0.721,0.522,0.07040567
0.585,0.588,0.845,0.862,0.000438499
0.298,0.444,0.301,0.746,0.002201171
0.577,0.155,0.922,0.952,0.002653163
0.445,0.458,0.856,0.737,0.011159571
0.0,0.147,0.634,0.744,0.9858914
0.0,0.416,0.622,0.467,0.574367344
0.115,0.026,0.752,0.964,0.605336972
0.0,0.395,0.516,0.638,0.975493179
0.597,0.141,0.811,0.875,0.001884102
0.009,0.453,0.316,0.814,0.531960589
0.189,0.472,0.407,0.522,0.092656387
0.19,0.369,0.348,0.514,0.263890917
0.484,0.19,0.959,0.976,0.009698548
0.027,0.001,0.697,0.948,0.987005959
0.438,0.021,0.745,0.3,0.0
0.509,0.036,0.843,0.066,0.0
0.128,0.248,0.514,0.488,0.319196785
0.637,0.769,0.799,0.927,2.891e-06
0.368,0.647,0.737,0.983,0.001344411
0.216,0.185,0.508,0.651,0.207399655
0.062,0.381,0.656,0.584,0.963133276
0.003,0.0,0.786,0.926,0.987404464
0.0,0.404,0.721,0.482,0.666619926
0.165,0.454,0.974,0.606,0.236597456
0.0,0.394,0.473,0.442,0.284395345
0.075,0.291,0.631,0.607,0.973460662
0.013,0.322,0.843,0.582,0.962701041
0.0,0.37,0.611,0.552,0.923525208
0.051,0.265,0.276,0.352,0.0
0.096,0.17,0.75,0.872,0.949789882
0.416,0.823,0.86,1.0,1.3974e-05
0.342,0.417,0.433,0.854,0.036324141
0.062,0.407,0.485,0.465,0.545568047
0.039,0.014,0.164,0.823,0.55808263
0.002,0.123,0.263,0.814,0.860820264
0.485,0.817,0.871,0.916,5.782e-06
0.133,0.117,1.0,0.841,0.4909951
0.0,0.431,0.597,0.546,0.682149072
0.0,0.109,0.818,0.773,0.987213162
0.028,0.323,0.532,0.575,0.95333209
0.163,0.624,0.649,0.644,0.003046849
0.092,0.748,0.122,0.759,0.0
0.506,0.396,0.823,0.416,0.0
0.171,0.395,0.295,0.697,0.32997038
0.0,0.393,0.397,0.537,0.881983887
0.193,0.474,0.742,0.542,0.113199365
0.256,0.115,0.468,0.668,0.122132707
0.312,0.286,0.477,0.92,0.062719882
0.0,0.239,0.503,0.646,0.975348619
0.099,0.069,0.38,0.691,0.889269725
0.452,0.018,0.707,0.598,0.012045725
0.334,0.123,0.985,0.243,0.0
0.094,0.015,0.225,0.579,0.764645762
0.158,0.469,0.556,0.508,0.090538579
0.427,0.015,0.727,0.416,0.0
0.248,0.473,0.864,0.581,0.064953338
0.146,0.131,0.437,0.703,0.444119505
0.031,0.566,0.279,0.876,0.025511996
0.144,0.268,0.666,0.934,0.465032557
0.0,0.339,0.656,0.537,0.900516996
0.374,0.361,0.661,0.558,0.030714239
0.346,0.269,0.908,0.759,0.051868707
0.487,0.208,0.988,0.671,0.009110188
0.398,0.047,0.992,0.978,0.027722323
0.568,0.164,0.666,0.856,0.002396809
0.535,0.103,0.888,0.122,0.0
0.676,0.174,0.753,0.609,0.000408624
0.212,0.271,0.35,0.669,0.180978374
0.092,0.437,0.991,0.808,0.7552532
0.397,0.224,0.43,0.243,0.0
0.736,0.65,0.745,0.72,2.409e-06
0.174,0.27,0.211,0.648,0.179485549
0.267,0.345,0.919,0.858,0.122118733
0.123,0.091,0.984,0.949,0.530663402
0.503,0.449,0.939,0.527,0.00312732
0.296,0.503,0.986,0.633,0.032280308
0.688,0.138,0.694,0.252,0.0
0.111,0.42,0.64,0.718,0.555174559
0.0,0.24,0.371,0.678,0.94530514
0.261,0.073,0.462,0.897,0.116575811
0.557,0.144,0.851,0.733,0.003667976
0.317,0.12,0.652,0.716,0.068195343
0.425,0.045,0.569,0.388,0.0
0.035,0.386,0.66,0.516,0.83625851
0.046,0.722,0.408,0.939,0.000604262
0.575,0.247,0.872,0.51,0.001252374
0.025,0.435,0.365,0.663,0.715826314
0.0,0.293,0.536,0.628,0.975105276
0.256,0.132,0.688,0.644,0.131461663
0.08,0.039,0.162,0.672,0.554432965
0.0,0.04,0.406,0.904,0.962603222
0.078,0.318,0.143,0.583,0.517809584
0.0,0.315,0.466,0.618,0.96651695
0.04,0.171,0.997,0.878,0.987469998
0.0,0.307,0.773,0.529,0.886139513
0.342,0.186,0.887,0.447,0.012446157
0.196,0.108,0.361,0.851,0.286900575
0.327,0.01,0.997,0.952,0.062490995
0.265,0.361,0.3,0.535,0.033705672
0.264,0.172,0.43,0.731,0.106904729
0.04,0.131,0.586,0.802,0.985053914
0.0,0.399,0.537,0.494,0.711599853
0.126,0.126,0.943,0.173,0.0
0.331,0.085,0.831,0.375,0.0
0.77,0.238,0.812,0.377,0.0
0.012,0.3,0.846,0.606,0.974146841
0.0,0.123,0.605,0.76,0.985486149
0.0,0.378,0.577,0.521,0.858542958
0.212,0.327,0.333,0.563,0.157448781
0.006,0.204,0.58,0.791,0.984810571
0.08,0.21,0.834,0.359,0.0
0.008,0.269,0.36,0.678,0.940435868
0.442,0.364,0.676,0.601,0.013510121
0.348,0.356,0.671,0.48,0.02248635
0.061,0.079,0.647,0.411,0.0
0.053,0.368,0.637,0.536,0.898946589
0.402,0.442,0.897,0.776,0.022027612
0.082,0.278,0.093,0.798,0.014532644
0.242,0.183,0.494,0.797,0.148100068
0.029,0.47,0.202,0.581,0.230881543
0.0,0.381,0.743,0.525,0.874881159
0.343,0.618,0.818,0.735,0.002958185
0.207,0.2,0.799,0.424,0.040194501
0.069,0.466,0.151,0.474,0.050120973
0.385,0.247,0.616,0.547,0.023893885
0.0,-0.0,0.35,0.837,0.949844815
0.0,0.0,0.703,0.855,0.999537889
0.263,0.461,0.583,0.591,0.066992602
0.296,0.191,0.604,0.302,0.0
0.186,0.298,0.279,0.404,0.0
0.112,0.338,0.593,0.498,0.431004516
0.0,0.024,0.616,0.919,0.986060053
0.072,0.21,0.474,0.667,0.974148769
0.019,0.169,0.699,0.796,0.986896575
0.159,0.31,0.569,0.574,0.409317102
0.796,0.132,0.922,0.164,0.0
0.525,0.05,0.909,0.554,0.004121895
0.0,0.515,0.556,0.609,0.14131971
0.0,0.203,0.878,1.0,0.987468552
0.0,0.236,0.542,0.805,0.982754924
0.106,0.309,0.751,0.674,0.779616906
0.085,0.0,0.472,0.934,0.976279587
0.0,0.175,0.46,0.661,0.97186809
0.233,0.319,0.318,0.746,0.104783547
0.0,0.15,0.669,0.829,0.986746715
0.0,0.015,0.455,1.0,0.973816762
0.637,0.435,0.943,0.594,0.000780144
0.0,0.247,0.401,0.788,0.96081212
0.096,0.233,0.543,0.346,0.0
0.308,0.505,0.41,0.991,0.019587435
0.0,0.208,0.735,0.691,0.985666367
0.612,0.7,0.853,0.995,3.0358e-05
0.151,0.137,0.565,0.7,0.448120451
0.234,0.156,0.502,0.756,0.163652826
0.096,0.258,0.109,0.579,0.23586839
0.058,0.386,0.457,0.788,0.9740071
0.022,0.394,0.22,0.564,0.762478322
0.977,0.052,0.986,0.392,0.0
0.0,0.221,0.829,0.749,0.987012705
0.0,0.391,0.45,0.545,0.903954157
0.503,0.355,0.88,0.874,0.007641456
0.182,0.0,0.564,0.932,0.401094032
0.053,0.135,0.36,0.868,0.941883881
0.035,0.321,0.111,0.474,0.265828024
0.425,0.144,0.702,0.727,0.018857887
0.544,0.245,0.557,0.293,0.0
0.161,0.386,0.419,0.588,0.398000924
0.486,0.407,0.733,0.675,0.009014778
0.176,0.161,0.203,0.91,0.135538745
0.43,0.064,0.466,0.772,0.006269097
0.489,0.849,0.49,0.895,0.0
0.017,0.241,0.336,0.37,0.0
0.247,0.203,0.448,0.7,0.13273283
0.0,0.254,0.372,0.682,0.945878081
0.0,0.452,0.494,0.665,0.582664622
0.257,0.104,0.638,0.149,0.0
0.02,0.024,0.48,0.126,0.0
0.342,0.27,0.519,0.917,0.047768014
0.235,0.211,0.482,0.753,0.159391189
0.016,0.189,0.536,0.688,0.980839982
0.253,0.288,0.332,0.505,0.054593668
0.03,0.894,0.638,0.948,5.782e-06
0.325,0.554,0.935,0.998,0.012833579
0.041,0.012,0.653,0.89,0.986604082
0.383,0.842,0.534,0.865,2.409e-06
0.228,0.147,0.533,0.851,0.17989369
0.301,0.261,0.427,0.619,0.061487747
0.0,0.266,0.697,0.875,0.986994394
0.331,0.1,0.372,0.736,0.019698264
0.7,0.064,0.794,0.274,0.0
0.102,0.259,0.436,0.717,0.841761438
0.109,0.145,0.118,0.86,0.148027306
0.347,0.471,0.415,0.598,0.014492649
0.483,0.22,0.791,0.901,0.009752518
0.081,0.023,0.484,0.882,0.977772413
0.0,0.293,0.644,0.595,0.969149875
0.327,0.602,0.648,0.868,0.004893365
0.166,0.273,0.213,0.698,0.197602805
0.147,0.136,0.717,0.233,0.0
0.0,0.003,0.698,0.834,0.98696741
0.084,0.477,0.254,0.487,0.030541248
0.956,0.602,0.976,0.949,9.64e-07
0.117,0.505,0.403,0.533,0.072473845
0.214,0.378,0.412,0.601,0.193045784
0.731,0.184,0.808,0.703,0.000198048
0.545,0.046,0.996,0.341,0.0
0.087,0.265,0.726,0.821,0.987133654
0.079,0.0,0.482,0.839,0.977491002
0.22,0.207,0.842,0.55,0.173392815
0.695,0.168,0.77,0.804,0.000389349
0.169,0.645,0.947,0.66,0.001537158
0.118,0.588,0.751,0.609,0.008616756
0.0,0.139,0.599,0.756,0.985259189
0.0,0.239,0.58,0.597,0.968544167
0.293,0.622,0.853,0.657,0.002381871
0.321,0.744,0.981,0.958,0.000174918
0.238,0.389,0.291,0.508,0.04959911
0.113,0.249,0.673,0.438,0.113824347
0.529,0.05,0.665,0.75,0.004744468
0.498,0.33,0.849,0.884,0.008108867
0.094,0.097,0.648,0.432,0.211803442
0.244,0.053,0.456,0.784,0.139767615
0.0,0.44,0.717,0.499,0.478595684
0.502,0.699,0.671,0.893,8.3363e-05
0.041,0.726,0.604,0.857,0.000677024
0.017,0.356,0.678,0.736,0.986296168
0.022,0.362,0.606,0.474,0.629344578
0.038,0.016,0.747,0.885,0.987317728
0.0,0.18,0.47,0.744,0.9756069
0.181,0.111,0.513,0.474,0.237716834
0.591,0.839,0.733,0.994,1.446e-06
0.233,0.296,0.322,0.587,0.101321329
0.03,0.415,0.83,0.498,0.733670833
0.212,0.064,0.736,0.198,0.0
0.027,0.508,0.218,0.801,0.127057394
0.198,0.441,0.492,0.463,0.078195541
0.0,0.037,0.704,0.866,0.987030535
0.203,0.732,0.757,0.835,0.000488132
0.192,0.312,0.917,0.551,0.323115332
0.125,0.514,0.874,0.979,0.111335983
0.3,0.531,0.85,0.852,0.022848232
0.486,0.238,0.571,0.993,0.006524005
0.471,0.347,0.984,0.93,0.01131425
0.0,0.0,0.725,0.906,0.999707025
0.001,0.154,0.503,0.975,0.979827578
0.618,0.474,0.872,0.917,0.000996502
0.312,0.606,0.692,0.728,0.004801328
0.036,0.194,0.878,0.418,0.0
0.082,0.077,1.0,0.759,0.987156302
0.121,0.378,0.742,0.535,0.4645637
0.281,0.07,0.935,0.964,0.105076523
0.0,0.213,0.816,0.869,0.987422775
0.231,0.075,0.337,0.843,0.121340035
0.103,0.049,0.309,0.643,0.758996829
0.003,0.067,0.826,0.526,0.877431684
0.47,0.626,0.687,0.945,0.000746895
0.0,0.426,0.57,0.46,0.254759045
0.335,0.381,0.678,0.825,0.056995296
0.381,0.248,0.933,0.767,0.035571464
0.168,0.213,0.529,0.69,0.416654981
0.214,0.299,0.667,0.613,0.21530662
0.236,0.332,0.874,0.768,0.167388745
0.424,0.326,0.579,0.878,0.017098589
0.205,0.432,0.372,0.497,0.106605007
0.69,0.144,0.84,0.274,0.0
0.042,0.516,0.668,0.549,0.083801588
0.38,0.259,0.497,0.351,0.0
0.0,0.121,0.779,0.716,0.986516864
0.651,0.298,0.821,0.601,0.00071991
0.095,0.143,0.666,0.854,0.960023303
0.684,0.388,0.727,0.546,0.000179737
0.097,0.438,0.525,0.566,0.696390667
0.0,0.471,0.763,0.598,0.364772783
0.794,0.483,0.973,0.91,4.5296e-05
0.231,0.0,0.495,0.91,0.169433309
0.421,0.815,0.93,0.882,1.4938e-05
0.204,0.043,0.811,0.442,0.057228038
0.192,0.016,0.39,0.869,0.330052297
0.415,0.075,0.446,0.837,0.006848302
0.039,0.552,0.755,0.92,0.062903474
0.903,0.109,0.96,0.124,0.0
0.385,0.028,0.83,0.208,0.0
0.014,0.066,0.725,0.913,0.987189069
0.0,0.274,0.626,0.62,0.976830362
0.451,0.105,0.769,0.354,0.0
0.14,0.328,0.197,0.485,0.107611146
0.0,0.0,0.772,0.94,0.99990459
0.039,0.178,0.455,0.517,0.833227563
0.196,0.369,0.342,0.513,0.220469349
0.297,0.023,0.63,0.901,0.085770499
0.236,0.315,0.494,0.901,0.159026415
0.387,0.055,0.486,0.835,0.023180239
0.375,0.212,0.56,0.969,0.035158985
0.213,0.0,0.36,0.937,0.183034503
0.0,0.021,0.589,0.876,0.985259189
0.168,0.416,0.556,0.42,0.082353576
0.895,0.157,0.933,0.992,3.855e-06
0.206,0.449,0.287,0.672,0.112363324
0.0,0.02,0.679,0.897,0.986877782
0.014,0.233,0.861,0.603,0.973003852
0.025,0.748,0.457,0.792,0.000267436
0.0,0.0,0.495,0.966,0.99154467
0.173,0.419,0.642,0.499,0.216083872
0.0,0.224,0.752,0.663,0.984324366
0.409,0.216,0.72,0.939,0.023532484
0.398,0.056,0.807,0.878,0.02767269
0.068,0.264,0.472,0.619,0.967434426
0.0,0.151,0.721,0.752,0.986762616
0.0,0.425,0.847,0.554,0.696521253
0.134,0.194,0.768,0.756,0.488074501
0.031,0.115,0.245,0.819,0.835819047
0.109,0.3,0.624,0.583,0.688861005
0.589,0.156,0.942,0.748,0.002199244
0.103,0.071,0.783,0.871,0.837652553
0.0,0.307,0.514,0.621,0.972242019
0.0,0.278,0.708,0.647,0.982468212
0.347,0.016,0.848,0.396,0.0
0.158,0.327,0.895,0.41,0.0
0.179,0.023,0.515,0.88,0.4035265
0.0,0.017,0.658,0.916,0.98667588
0.274,0.228,0.311,0.788,0.039809489
0.092,0.079,0.111,0.757,0.308789409
0.0,0.125,0.465,0.712,0.974501014
0.414,0.127,0.499,0.607,0.012810931
0.092,0.447,0.27,0.758,0.560363791
0.0,0.287,0.437,0.64,0.965919435
0.692,0.351,0.825,0.378,0.0
0.685,0.843,0.884,0.991,0.0
0.815,0.368,0.917,0.661,3.4213e-05
0.043,0.597,0.792,0.601,0.001691355
0.837,0.251,0.986,0.524,1.3974e-05
0.506,0.147,0.67,0.964,0.006690249
0.032,0.373,0.671,0.527,0.879486368
0.447,0.289,0.94,0.354,0.0
0.0,0.077,0.606,0.821,0.985754549
0.342,0.0,0.362,0.883,0.00935835
0.379,0.15,0.481,0.835,0.026625592
0.013,0.184,0.522,0.544,0.908681278
0.0,0.0,0.736,0.893,0.99977545
0.446,0.06,0.503,0.332,0.0
0.108,0.156,0.382,0.78,0.704579525
0.528,0.73,0.856,0.946,3.3249e-05
0.0,0.117,0.721,0.781,0.986990058
0.0,0.404,0.733,0.48,0.659402995
0.21,0.403,0.424,0.6,0.211502275
0.811,0.109,0.879,0.457,9.637e-06
0.327,0.143,0.941,0.805,0.062446663
0.231,0.204,0.758,0.632,0.1727129
0.0,0.045,0.634,0.908,0.986370858
0.229,0.153,0.853,0.769,0.182569983
0.035,0.01,0.686,0.937,0.986927897
0.232,0.258,0.288,0.777,0.079018571
0.752,0.546,0.918,0.969,5.7342e-05
0.155,0.449,0.606,0.549,0.240850901
0.806,0.335,0.814,0.847,6.746e-06
0.0,0.213,0.712,0.68,0.985090054
0.218,0.0,0.352,0.886,0.162419727
0.074,0.192,0.645,1.0,0.986518309
0.0,0.032,0.495,0.804,0.97893275
0.278,0.112,0.431,0.724,0.090648444
0.121,0.119,0.789,0.717,0.542301949
0.02,0.164,0.982,0.464,0.5386306
0.1,0.318,0.622,0.647,0.904130039
0.537,0.132,0.602,1.0,0.00320201
0.106,0.207,0.698,0.256,0.0
0.018,0.382,0.55,0.528,0.879682488
0.078,0.121,0.551,0.715,0.982549648
0.268,0.284,0.587,0.813,0.118705183
0.0,0.362,0.612,0.474,0.629390837
0.128,0.804,0.413,0.81,9.155e-06
0.676,0.549,0.938,0.979,0.000235151
0.08,0.16,0.151,0.876,0.534898054
0.0,0.444,0.266,0.658,0.587595091
0.108,0.446,0.752,0.74,0.552384546
0.297,0.165,0.401,0.671,0.059750614
0.0,0.195,0.648,0.878,0.986541439
0.108,0.45,0.843,0.469,0.164934112
0.025,0.056,0.271,0.883,0.869847089
0.298,0.375,0.349,0.461,0.01302729
0.0,0.175,0.489,0.864,0.978338607
0.511,0.055,0.933,0.71,0.006799633
0.172,0.093,0.283,0.103,0.0
0.0,0.26,0.593,0.648,0.981014418
0.26,0.184,0.427,0.993,0.111409227
0.0,0.241,0.808,0.851,0.987403982
0.307,0.23,0.744,1.0,0.077380703
0.0,0.315,0.649,0.573,0.954445686
0.0,0.088,0.82,0.814,0.987363987
0.081,0.141,0.485,0.344,0.0
0.277,0.136,0.33,0.482,0.027446695
0.241,0.342,0.824,0.5,0.096894894
0.091,0.059,0.57,0.935,0.977343551
0.13,0.207,0.272,0.721,0.384288901
0.028,0.247,0.185,0.426,0.157660321
0.0,0.28,0.779,0.792,0.98725653
0.0,0.424,0.589,0.586,0.731641689
0.276,0.257,0.443,0.651,0.094100062
0.143,0.536,0.525,0.682,0.06175422
0.288,0.033,0.432,0.803,0.078740533
0.382,0.474,0.415,0.603,0.006795778
0.663,0.225,0.909,0.401,0.0
0.36,0.188,0.362,0.71,0.000943497
0.204,0.423,0.296,0.466,0.056371759
0.0,0.0,0.563,0.899,0.996623072
0.626,0.321,0.626,0.536,0.0
0.082,0.272,0.242,0.626,0.828119767
0.401,0.038,0.994,0.125,0.0
0.376,0.223,0.422,0.826,0.018071479
0.363,0.126,0.721,0.174,0.0
0.028,0.146,0.299,0.277,0.0
0.303,0.823,0.711,0.855,2.072e-05
0.019,0.162,0.531,0.734,0.981544472
0.0,0.097,0.832,0.988,0.98744735
0.017,0.9,0.303,0.948,1.446e-06
0.0,0.194,0.534,0.7,0.981121874
0.716,0.652,0.909,0.883,2.0238e-05
0.208,0.543,0.499,0.794,0.039168123
0.42,0.011,0.512,0.945,0.01387875
0.468,0.132,0.847,0.68,0.011450137
0.238,0.0,0.304,0.937,0.083564991
0.006,0.187,0.787,0.89,0.987401091
0.851,0.11,0.965,0.196,0.0
0.0,0.022,0.708,0.888,0.987069084
0.037,0.444,0.154,0.985,0.362685814
0.449,0.28,0.454,0.556,0.000578723
0.755,0.815,0.764,0.838,0.0
0.699,0.397,0.715,0.822,0.00010071
0.039,0.745,0.435,0.808,0.000324779
0.826,0.552,0.844,0.894,2.409e-06
0.492,0.198,0.818,0.535,0.005554006
0.828,0.358,0.934,0.954,3.2767e-05
0.121,0.03,0.173,0.868,0.125746714
0.286,0.24,0.373,0.617,0.056924461
0.171,0.384,0.425,0.703,0.399416169
0.207,0.366,0.855,0.94,0.25488433
0.132,0.043,0.281,0.952,0.388978436
0.213,0.337,0.533,0.545,0.186952086
0.257,0.001,0.293,0.894,0.042917053
0.002,0.083,0.566,0.535,0.896208136
0.489,0.273,0.577,0.323,0.0
0.483,0.074,0.961,0.129,0.0
0.735,0.157,0.741,0.277,0.0
0.0,0.172,0.36,0.761,0.941675232
0.451,0.477,0.749,0.554,0.005270667
0.271,0.365,0.425,0.682,0.097356523
0.855,0.881,0.88,0.966,0.0
0.082,0.888,0.296,0.919,1.446e-06
0.0,0.464,0.702,0.466,0.01870128
0.659,0.171,0.948,0.522,0.000399468
