0.348,0.574,0.985,0.752,0.091970562
0.335,0.519,0.749,1.0,0.312561531
0.257,0.0,0.954,0.006,0.01395324
0.247,0.041,0.78,0.797,0.702432996
0.829,0.542,0.868,0.904,0.000347669
0.039,0.113,0.983,1.0,0.82816706
0.336,0.167,0.615,0.716,0.280946005
0.253,0.0,0.517,0.327,0.155411592
0.713,0.086,0.862,0.631,0.048582473
0.603,0.705,0.67,1.0,0.051745919
0.025,0.0,0.957,0.426,0.567673301
0.287,0.183,0.841,0.783,0.482669893
0.715,0.227,0.748,0.28,0.00295691
0.069,0.118,0.326,0.978,0.057370588
0.448,0.208,0.978,0.989,0.540930308
0.172,0.0,0.665,0.444,0.459107557
0.717,0.164,0.746,0.974,0.028190468
0.797,0.63,0.952,0.821,0.000829587
0.07,0.539,1.0,0.778,0.136031614
0.515,0.151,0.663,0.503,0.173600545
0.356,0.061,0.789,0.723,0.600641639
0.243,0.681,0.298,0.962,0.00781051
0.021,0.479,0.381,0.723,0.013757031
0.172,0.186,0.997,1.0,0.702644696
0.42,0.907,0.561,0.992,0.029687855
0.302,0.0,0.915,0.662,0.682077134
0.488,0.0,0.595,0.49,0.193863466
0.047,0.057,0.267,0.649,0.020598542
0.327,0.335,0.471,0.611,0.036649845
0.027,0.227,0.918,0.546,0.304940345
0.322,0.0,0.327,0.447,0.00166778
0.496,0.332,0.504,0.363,0.000633378
0.45,0.131,0.939,0.158,0.03024206
0.302,0.0,0.67,0.449,0.448369397
0.256,0.625,0.653,1.0,0.202875328
0.28,0.0,0.524,0.781,0.245886488
0.489,0.022,0.629,0.461,0.229310238
0.093,0.457,1.0,0.865,0.258419792
0.471,0.0,0.745,0.465,0.421867362
0.001,0.533,0.321,0.72,0.005258067
0.241,0.663,0.851,1.0,0.264615877
0.0,0.141,0.801,0.687,0.511929186
0.341,0.07,0.362,0.34,0.007192623
0.248,0.0,0.745,0.412,0.517085706
0.363,0.0,0.924,0.498,0.561310266
0.465,0.161,0.875,0.539,0.307158888
0.0,0.155,0.924,0.24,0.126945743
0.295,0.125,1.0,0.248,0.1799326
0.565,0.252,0.709,0.255,0.000800328
0.256,0.0,0.724,0.51,0.568454696
0.204,0.957,0.758,0.977,0.021405754
0.13,0.462,0.937,0.899,0.287154138
0.073,0.025,0.777,0.469,0.551881889
0.529,0.261,0.731,0.85,0.264736357
0.461,0.142,0.714,0.236,0.094252787
0.299,0.003,0.926,0.336,0.444746408
0.285,0.0,0.453,0.319,0.082327043
0.01,0.054,0.174,0.988,0.015755268
0.645,0.195,0.755,0.337,0.038930349
0.562,0.0,0.761,0.809,0.398139797
0.109,0.0,0.65,0.376,0.399823067
0.076,0.084,0.951,0.754,0.639093513
0.364,0.468,0.905,0.7,0.126840754
0.569,0.12,0.91,0.156,0.027033865
0.374,0.207,0.84,0.477,0.25588456
0.367,0.026,0.591,0.929,0.411664475
0.47,0.13,0.813,1.0,0.608292083
0.351,0.656,0.58,0.973,0.098633075
0.22,0.574,0.97,0.914,0.225315484
0.348,0.504,0.487,0.994,0.05214178
0.008,0.104,0.626,0.646,0.373837373
0.447,0.276,0.634,0.917,0.23867149
0.349,0.262,0.694,0.442,0.146819687
0.66,0.211,0.768,0.733,0.093440411
0.324,0.031,0.662,0.273,0.268552113
0.642,0.359,0.735,0.926,0.101405823
0.231,0.312,0.672,0.946,0.361436597
0.302,0.302,0.6,0.841,0.194472748
0.442,0.327,0.74,0.917,0.332099853
0.248,0.048,0.358,0.326,0.022496954
0.237,0.027,0.559,0.089,0.043494799
0.525,0.211,0.578,0.612,0.063878199
0.303,0.0,0.678,0.28,0.331555975
0.597,0.64,0.793,0.927,0.092004984
0.0,0.0,0.666,0.414,0.45236243
0.0,0.0,0.829,0.549,0.65020688
0.227,0.0,0.674,0.403,0.442811852
0.133,0.322,0.996,0.673,0.256555803
0.15,0.425,0.871,0.736,0.189598494
0.278,0.168,0.353,0.738,0.020347256
0.024,0.012,0.837,0.254,0.361185311
0.074,0.145,0.877,0.428,0.343992895
0.294,0.149,0.34,0.601,0.010994609
0.092,0.0,0.905,0.627,0.696407303
0.137,0.208,0.523,0.359,0.069211996
0.28,0.001,0.841,0.365,0.479236229
0.162,0.038,0.459,0.118,0.02810269
0.02,0.413,0.94,1.0,0.443696516
0.193,0.0,0.441,0.823,0.137780287
0.586,0.162,0.722,0.189,0.014708818
0.208,0.279,0.988,0.893,0.452238508
0.335,0.041,0.517,0.713,0.189860106
0.651,0.0,0.656,0.53,0.008844912
0.509,0.575,0.983,0.784,0.089917248
0.0,0.0,0.94,0.612,0.690696578
0.53,0.679,0.89,0.959,0.150263678
0.458,0.337,0.884,0.486,0.099522901
0.093,0.077,0.143,0.594,0.003022313
0.338,0.104,0.775,0.666,0.515280235
0.492,0.143,0.927,0.745,0.392814606
0.583,0.634,0.863,0.746,0.029298879
0.186,0.451,0.515,0.563,0.020615753
0.252,0.781,0.523,0.845,0.010304434
0.337,0.178,0.505,0.902,0.13186991
0.772,0.709,0.886,0.843,0.0018812
0.34,0.0,0.455,0.716,0.107970231
0.042,0.719,0.947,0.918,0.158571596
0.701,0.729,0.732,0.743,0.000514619
0.37,0.0,0.478,0.627,0.114791089
0.347,0.739,0.654,1.0,0.146632083
0.079,0.039,0.587,0.27,0.204632607
0.0,0.0,0.754,0.274,0.397523631
0.379,0.0,0.684,0.649,0.525607044
0.212,0.719,0.651,1.0,0.172371655
0.272,0.313,0.283,0.97,0.002721114
0.346,0.102,0.601,0.264,0.139819832
0.023,0.171,0.968,0.457,0.327106841
0.185,0.193,0.69,0.545,0.296949116
0.114,0.649,0.547,0.675,0.00520127
0.18,0.0,0.943,0.629,0.689792982
0.368,0.209,0.988,0.873,0.48119316
0.149,0.125,0.571,0.608,0.254325212
0.108,0.25,0.434,0.496,0.042384667
0.347,0.723,0.589,0.867,0.038907974
0.311,0.207,0.795,0.399,0.210561916
0.468,0.0,0.855,0.647,0.535575857
0.146,0.288,0.503,0.425,0.043257282
0.989,0.473,0.996,0.477,0.0
0.236,0.37,0.62,0.758,0.150034767
0.15,0.097,0.356,0.298,0.021116603
0.419,0.315,0.651,0.974,0.289431199
0.407,0.179,0.441,0.283,0.008149574
0.16,0.0,0.821,0.589,0.66757141
0.351,0.611,0.353,1.0,0.000426841
0.371,0.0,0.749,0.565,0.572853917
0.039,0.339,0.147,0.422,0.000581744
0.205,0.211,0.993,0.477,0.277252449
0.218,0.0,0.789,0.539,0.626179838
0.836,0.245,0.936,0.616,0.000526667
0.304,0.062,0.976,0.446,0.463763227
0.182,0.0,0.754,0.387,0.509406002
0.209,0.261,1.0,0.584,0.279911603
0.043,0.345,0.195,0.645,0.002268456
0.189,0.091,0.444,0.864,0.122205738
0.205,0.542,0.304,0.856,0.008395696
0.399,0.199,0.961,0.418,0.221406787
0.467,0.685,0.794,0.72,0.016481587
0.436,0.0,0.808,0.629,0.566616524
0.564,0.314,0.65,0.604,0.058501373
0.369,0.073,0.774,0.243,0.229546033
0.037,0.346,0.84,0.359,0.014151171
0.291,0.422,0.644,0.94,0.230635512
0.086,0.291,0.268,0.87,0.017419606
0.114,0.613,0.358,0.88,0.017750064
0.143,0.818,0.323,0.896,0.007380226
0.009,0.0,0.637,0.379,0.385167604
0.441,0.769,0.843,0.801,0.018898061
0.225,0.0,0.712,0.548,0.582991401
0.223,0.154,0.69,0.641,0.391556457
0.183,0.072,0.474,0.156,0.034255747
0.097,0.0,1.0,0.747,0.759006699
0.052,0.0,0.608,0.652,0.449615498
0.041,0.473,0.904,0.615,0.090134111
0.821,0.284,0.834,0.583,0.000223748
0.111,0.0,0.643,0.546,0.47446008
0.29,0.445,0.716,0.84,0.207496575
0.406,0.277,0.954,0.7,0.280820362
0.323,0.0,1.0,0.662,0.676089306
0.46,0.796,0.587,0.802,0.001459522
0.213,0.33,0.762,0.545,0.168265027
0.436,0.561,0.807,0.767,0.099720832
0.159,0.0,1.0,0.431,0.564119158
0.132,0.0,0.814,0.78,0.773082139
0.424,0.099,0.535,0.91,0.163043104
0.203,0.379,0.731,0.581,0.133924945
0.008,0.439,0.147,0.457,0.000108431
0.038,0.034,0.432,0.843,0.134126318
0.247,0.0,0.644,0.567,0.469739007
0.229,0.222,0.612,0.416,0.138167542
0.301,0.456,0.76,0.833,0.209789127
0.318,0.383,0.426,0.691,0.020190633
0.273,0.022,0.87,0.073,0.07220677
0.108,0.275,0.784,0.956,0.532842695
0.345,0.444,0.879,0.722,0.157797085
0.392,0.246,0.956,0.346,0.105348943
0.359,0.302,0.586,0.471,0.071711083
0.083,0.102,0.177,0.207,0.001898412
0.32,0.479,0.633,1.0,0.227503046
0.889,0.102,0.99,0.567,0.000154902
0.043,0.272,0.288,0.672,0.012302672
0.19,0.312,1.0,1.0,0.531710188
0.495,0.0,0.69,0.376,0.297415544
0.322,0.8,0.375,0.848,0.000886384
0.409,0.104,0.451,0.607,0.035744529
0.542,0.271,0.663,0.38,0.043716825
0.401,0.2,0.886,0.273,0.090483501
0.604,0.078,0.978,0.206,0.069852258
0.198,0.0,0.948,0.26,0.382744246
0.251,0.176,0.502,0.429,0.085743496
0.353,0.644,0.789,0.679,0.017466076
0.376,0.491,0.684,0.882,0.176295842
0.094,0.171,0.985,0.401,0.282180058
0.016,0.254,0.636,0.258,0.002382051
0.367,0.259,0.725,0.364,0.100328393
0.057,0.39,0.896,0.735,0.219535913
0.524,0.597,0.969,0.867,0.120854647
0.051,0.049,0.995,0.133,0.130420714
0.107,0.166,0.246,0.204,0.001135949
0.042,0.0,0.777,0.765,0.762670995
0.748,0.332,0.915,0.393,0.002227148
0.056,0.303,0.872,0.45,0.14016578
0.521,0.871,0.575,1.0,0.024142359
0.074,0.07,0.721,0.219,0.214806235
0.035,0.109,0.766,0.886,0.685326637
0.447,0.0,0.611,0.722,0.328963946
0.068,0.6,0.926,1.0,0.315740467
0.077,0.175,1.0,0.403,0.280429664
0.0,0.441,0.919,1.0,0.421235706
0.149,0.004,0.834,0.728,0.731673356
0.0,0.063,0.751,0.171,0.165302954
0.629,0.163,0.636,0.72,0.010037658
0.407,0.0,0.713,0.91,0.69114063
0.407,0.318,0.674,0.872,0.256027414
0.08,0.561,0.547,0.81,0.051613392
0.431,0.091,0.729,0.514,0.378830386
0.127,0.191,0.27,0.21,0.000612724
0.0,0.044,0.895,0.606,0.623207438
0.346,0.253,0.947,0.421,0.163717789
0.355,0.381,0.84,0.885,0.309274163
0.597,0.0,0.752,0.626,0.254943099
0.231,0.035,0.652,0.932,0.623431186
0.424,0.456,0.512,0.538,0.007755434
0.444,0.598,0.65,0.964,0.148991759
0.207,0.016,0.281,0.956,0.025483123
0.278,0.754,0.925,0.779,0.013999711
0.067,0.315,0.708,0.798,0.298825153
0.718,0.461,0.826,0.719,0.015567665
0.073,0.287,0.758,0.3,0.017299126
0.399,0.332,0.409,0.865,0.003082553
0.005,0.369,0.941,0.404,0.033679167
0.104,0.775,0.172,0.78,6.7124e-05
0.192,0.033,0.657,0.046,0.014898143
0.221,0.308,0.463,0.684,0.05361335
0.864,0.621,0.897,0.712,6.885e-06
0.309,0.583,0.967,0.865,0.161998375
0.393,0.658,0.461,1.0,0.018970348
0.435,0.0,0.658,0.251,0.230198344
0.0,0.417,0.926,1.0,0.43910797
0.23,0.351,0.595,0.433,0.040171287
0.094,0.0,0.797,0.548,0.644737114
0.461,0.59,0.576,1.0,0.092784658
0.258,0.662,0.894,0.666,0.001461243
0.201,0.292,0.94,0.309,0.019316296
0.025,0.695,0.656,0.835,0.062201813
0.263,0.0,0.691,0.748,0.634398257
0.393,0.086,0.746,0.164,0.106940993
0.345,0.0,0.762,0.457,0.531202454
0.12,0.078,0.442,0.611,0.106892801
0.22,0.136,0.234,0.829,0.0024268
0.181,0.0,0.562,0.332,0.23406057
0.174,0.716,0.92,0.845,0.084533538
0.596,0.088,0.75,0.246,0.081180767
0.966,0.085,0.984,0.614,1.0327e-05
0.209,0.504,0.371,0.8,0.01320971
0.851,0.175,0.97,0.694,0.000428563
0.112,0.827,0.676,0.992,0.142799116
0.186,0.256,0.865,0.922,0.51060047
0.422,0.065,0.425,0.435,0.002440569
0.271,0.641,0.515,0.766,0.013199383
0.215,0.221,0.607,0.886,0.30534137
0.077,0.097,0.681,0.153,0.079757389
0.213,0.35,0.838,0.827,0.314905716
0.047,0.482,0.269,0.53,0.000524946
0.576,0.663,0.605,0.787,0.006958548
0.224,0.177,0.712,0.817,0.472862867
0.681,0.449,0.946,0.488,0.005786455
0.222,0.341,0.851,0.976,0.470379269
0.656,0.0,0.659,0.571,0.005757196
0.139,0.647,0.893,0.976,0.260645219
0.446,0.036,0.857,0.202,0.202026808
0.491,0.0,0.543,0.267,0.055212285
0.103,0.342,0.593,0.564,0.093703745
0.368,0.0,0.601,0.57,0.345819019
0.229,0.0,0.831,0.79,0.768120108
0.12,0.104,1.0,0.396,0.380300235
0.568,0.623,0.842,0.996,0.158392598
0.592,0.37,0.658,0.803,0.056191611
0.722,0.388,0.895,0.78,0.021684578
0.41,0.505,0.884,0.608,0.055176141
0.117,0.626,0.554,1.0,0.123978506
0.238,0.023,0.498,0.688,0.190202612
0.015,0.279,0.887,0.727,0.335802014
0.453,0.0,0.495,0.373,0.04511955
0.242,0.251,0.492,0.741,0.08838888
0.304,0.075,0.752,0.092,0.02867927
0.049,0.635,0.149,0.886,0.002934535
0.266,0.456,0.488,0.661,0.026607024
0.6,0.482,0.92,0.588,0.032145636
0.526,0.102,0.942,0.79,0.410695476
0.007,0.628,0.865,0.991,0.290303815
0.126,0.091,0.741,0.881,0.687935877
0.317,0.463,0.725,1.0,0.338104893
0.893,0.176,0.908,0.893,6.5403e-05
0.206,0.021,0.465,0.357,0.10757437
0.602,0.418,0.661,0.702,0.03115082
0.152,0.412,0.47,0.636,0.03007511
0.353,0.575,0.744,1.0,0.276397045
0.567,0.548,0.813,0.982,0.174101395
0.295,0.0,0.507,0.439,0.165333935
0.347,0.319,0.761,0.403,0.077056928
0.0,0.0,0.718,0.591,0.628876856
0.396,0.0,0.77,0.454,0.500280545
0.075,0.204,0.887,0.888,0.556880064
0.599,0.397,0.758,0.808,0.109126834
0.285,0.637,0.67,0.741,0.040713445
0.299,0.0,0.876,0.537,0.61294259
0.385,0.907,0.718,1.0,0.08104824
0.146,0.538,0.687,0.985,0.275992578
0.404,0.0,0.679,0.19,0.20873235
0.17,0.492,0.184,0.625,8.9499e-05
0.141,0.0,1.0,0.614,0.685799949
0.449,0.778,0.91,0.968,0.141232883
0.554,0.824,0.992,0.967,0.08300517
0.614,0.46,0.783,0.947,0.132955946
0.484,0.0,0.495,0.648,0.016545269
0.703,0.59,0.991,1.0,0.038665294
0.157,0.0,0.486,0.518,0.17130283
0.0,0.17,0.931,0.186,0.021737933
0.338,0.016,0.913,0.279,0.36257943
0.415,0.165,0.462,0.247,0.011003215
0.589,0.146,0.862,0.446,0.145912649
0.242,0.075,0.516,0.17,0.051890495
0.239,0.294,0.578,0.741,0.156946844
0.016,0.588,0.611,0.81,0.074325487
0.173,0.096,0.222,0.703,0.004507652
0.342,0.711,0.483,1.0,0.034489821
0.464,0.534,0.819,0.689,0.071938273
0.576,0.05,0.675,0.284,0.099159742
0.476,0.255,0.588,0.258,0.001075709
0.166,0.595,0.489,0.718,0.012280297
0.076,0.918,0.636,1.0,0.066618245
0.68,0.652,0.934,0.686,0.002838151
0.568,0.0,0.805,0.383,0.247266838
0.132,0.0,0.826,0.524,0.628592869
0.104,0.0,0.526,0.491,0.230275795
0.01,0.796,0.229,0.857,0.002860526
0.215,0.109,0.96,0.521,0.458938886
0.156,0.316,0.569,0.566,0.095467908
0.169,0.0,1.0,0.664,0.709556773
0.549,0.612,0.77,0.849,0.08829766
0.079,0.172,0.339,0.58,0.026023559
0.291,0.171,0.645,0.69,0.320361714
0.341,0.088,0.718,0.506,0.424476603
0.036,0.138,0.874,0.496,0.405785078
0.28,0.076,0.977,0.308,0.320291147
0.036,0.56,0.967,0.621,0.035173112
0.245,0.586,0.305,0.85,0.004834668
0.57,0.195,0.645,0.766,0.105290424
0.393,0.0,0.694,0.278,0.316786917
0.297,0.0,0.809,0.269,0.379162565
0.281,0.714,0.455,0.992,0.031694698
0.524,0.105,0.533,0.995,0.021183728
0.318,0.0,0.419,0.553,0.067304978
0.056,0.222,0.835,0.323,0.128937096
0.106,0.649,0.975,0.932,0.209897558
0.505,0.353,0.946,0.575,0.11969116
0.378,0.0,0.772,0.371,0.45005783
0.265,0.0,0.377,0.556,0.046799378
0.125,0.0,0.516,0.527,0.219386174
0.19,0.0,0.454,0.527,0.129677184
0.922,0.014,0.971,0.226,0.000104989
0.029,0.204,0.909,0.446,0.267681218
0.324,0.08,0.545,0.351,0.148404852
0.218,0.448,1.0,1.0,0.40149601
0.011,0.0,0.743,0.227,0.334113581
0.146,0.525,0.81,0.626,0.062453099
0.074,0.508,0.168,0.685,0.000695338
0.101,0.263,0.995,0.33,0.079669611
0.261,0.195,0.634,0.282,0.082259919
0.687,0.188,0.896,0.972,0.108283478
0.333,0.0,0.564,0.646,0.305107296
0.089,0.76,0.295,0.96,0.017755227
0.438,0.157,0.736,0.717,0.386701135
0.161,0.707,0.273,0.798,0.002450896
0.525,0.152,0.804,0.463,0.222690753
0.0,0.047,0.943,1.0,0.931168375
0.893,0.345,0.904,0.888,2.0654e-05
0.629,0.442,0.733,0.579,0.026868636
0.109,0.633,0.604,0.966,0.14885579
0.276,0.024,0.556,0.327,0.194178433
0.218,0.315,0.802,0.951,0.468372426
0.148,0.109,0.831,0.847,0.65663704
0.409,0.628,0.512,1.0,0.042401878
0.237,0.435,0.822,1.0,0.406177497
0.36,0.021,0.978,0.062,0.054527273
0.214,0.69,0.293,0.786,0.002308042
0.242,0.0,0.717,0.528,0.5752549
0.209,0.135,0.871,0.467,0.383969694
0.235,0.0,0.398,0.823,0.082122228
0.297,0.16,0.516,0.799,0.150936642
0.346,0.67,0.801,0.672,0.0
0.367,0.016,0.871,0.872,0.746841718
0.284,0.6,0.597,1.0,0.154568236
0.285,0.541,0.782,0.871,0.191767124
0.221,0.556,0.947,0.65,0.053076356
0.128,0.015,0.572,0.209,0.158695517
0.098,0.086,0.606,0.333,0.226742305
0.637,0.0,0.672,0.655,0.071724852
0.495,0.407,0.754,0.745,0.151845401
0.496,0.551,0.714,0.977,0.204417465
0.13,0.116,0.505,0.208,0.047782146
0.085,0.178,0.775,0.533,0.358292083
0.499,0.0,0.659,0.133,0.096015229
0.246,0.115,0.702,0.707,0.488046718
0.415,0.341,0.537,0.409,0.01651601
0.069,0.487,0.599,0.76,0.087177201
0.119,0.436,0.685,0.916,0.265330148
0.313,0.148,0.976,0.586,0.424042877
0.0,0.341,0.727,0.487,0.116887431
0.146,0.0,0.707,0.403,0.495597337
0.189,0.51,0.58,0.905,0.123099007
0.3,0.0,0.909,0.14,0.203131777
0.22,0.0,0.93,0.305,0.434803412
0.208,0.245,0.633,0.882,0.320303195
0.414,0.211,0.851,0.312,0.112875466
0.628,0.025,0.69,0.145,0.033661955
0.278,0.513,0.855,1.0,0.344070346
0.089,0.217,0.915,0.288,0.092194309
0.24,0.0,0.496,0.604,0.187395441
0.232,0.061,1.0,0.172,0.169006836
0.013,0.392,0.147,0.855,0.00313935
0.411,0.089,0.545,0.885,0.195928828
0.565,0.542,0.833,1.0,0.188192326
0.225,0.548,0.726,0.61,0.033112913
0.087,0.25,0.705,0.338,0.097961832
0.085,0.247,0.576,0.319,0.049439598
0.432,0.507,0.954,1.0,0.308630459
0.223,0.141,0.661,0.504,0.312435888
0.494,0.0,0.599,0.619,0.216086759
0.221,0.0,0.607,0.471,0.369830571
0.2,0.086,0.369,0.68,0.047193518
0.215,0.091,0.368,0.476,0.035691173
0.061,0.169,1.0,0.403,0.289222942
0.234,0.567,0.371,0.912,0.017583114
0.372,0.294,0.924,0.805,0.331686781
0.586,0.057,0.737,0.216,0.090877641
0.456,0.518,0.552,0.871,0.045360509
0.119,0.106,0.682,0.595,0.432972125
0.121,0.0,1.0,0.211,0.319463281
0.062,0.0,1.0,0.165,0.25450421
0.975,0.406,0.995,0.715,0.0
0.77,0.523,0.985,0.57,0.000841635
0.0,0.0,0.777,0.304,0.439419496
0.209,0.584,0.963,0.717,0.070301474
0.375,0.995,0.568,0.999,0.000869173
0.167,0.091,0.793,0.972,0.810418718
0.269,0.0,1.0,0.449,0.560380853
0.41,0.05,0.926,0.411,0.408609461
0.604,0.014,0.856,0.021,0.002796844
0.142,0.175,0.599,0.319,0.122000923
0.0,0.0,0.747,0.436,0.553814723
0.53,0.401,0.537,0.801,0.005411248
0.0,0.0,0.825,0.539,0.644771537
0.091,0.865,0.473,0.89,0.006347545
0.906,0.037,0.963,0.599,0.000148018
0.749,0.249,0.829,0.304,0.002769306
0.227,0.207,0.687,0.243,0.042112727
0.32,0.0,0.736,0.618,0.620140376
0.406,0.0,0.435,0.489,0.027643147
0.619,0.477,0.987,0.743,0.061222488
0.035,0.252,0.097,0.305,0.000256449
0.272,0.264,0.763,0.369,0.108033913
0.294,0.205,0.341,0.546,0.008292428
0.383,0.327,0.722,0.554,0.14967505
0.232,0.394,0.291,0.822,0.00571761
0.594,0.482,0.949,0.708,0.061731944
0.036,0.456,0.491,0.739,0.038116252
0.361,0.397,0.441,0.541,0.010044543
0.033,0.347,0.547,0.741,0.101930769
0.029,0.0,0.613,0.467,0.393379138
0.456,0.0,0.686,0.534,0.4086697
0.117,0.197,0.49,0.198,0.000784837
0.78,0.895,0.847,0.947,0.000676406
0.267,0.0,0.589,0.238,0.201455392
0.046,0.246,1.0,0.931,0.550023063
0.278,0.054,0.471,0.613,0.128437967
0.042,0.0,0.913,0.437,0.575137863
0.416,0.098,0.594,0.159,0.044388068
0.019,0.276,0.576,0.515,0.112195617
0.514,0.077,0.995,0.986,0.585471557
0.487,0.349,0.625,0.988,0.19347621
0.34,0.0,0.753,0.572,0.598016908
0.249,0.832,0.645,1.0,0.117469174
0.457,0.0,0.689,0.372,0.332053383
0.381,0.571,0.814,0.988,0.276366065
0.565,0.263,0.627,0.509,0.042436301
0.433,0.572,0.557,0.844,0.040945798
0.166,0.277,0.527,0.485,0.069986506
0.205,0.153,0.921,0.347,0.250593792
0.0,0.235,0.805,0.332,0.11949495
0.131,0.226,0.231,0.277,0.000791722
0.472,0.617,0.558,0.872,0.033947664
0.155,0.0,0.774,0.377,0.509973976
0.241,0.425,0.623,1.0,0.256097981
0.637,0.003,0.662,0.436,0.039632572
0.432,0.032,0.49,0.646,0.071120734
0.187,0.864,0.907,1.0,0.144403214
0.499,0.154,0.67,0.991,0.381226205
0.299,0.093,0.508,0.804,0.172464596
0.3,0.0,1.0,0.507,0.594602177
0.596,0.219,0.601,0.781,0.006555803
0.396,0.909,0.842,0.975,0.06105898
0.168,0.006,1.0,0.494,0.59271065
0.199,0.0,0.67,0.813,0.632396577
0.166,0.156,0.322,0.602,0.019151067
0.162,0.577,0.914,0.938,0.252299436
0.179,0.239,0.866,1.0,0.622212622
0.303,0.204,0.524,0.507,0.097283705
0.188,0.15,0.706,0.227,0.105519335
0.61,0.678,0.789,0.888,0.06034643
0.217,0.611,0.893,1.0,0.296506785
0.265,0.0,0.497,0.577,0.179806958
0.322,0.504,0.608,0.603,0.032899493
0.364,0.035,0.719,0.053,0.024355779
0.39,0.032,0.857,0.725,0.617868478
0.154,0.065,1.0,0.497,0.51345239
0.502,0.0,0.53,0.392,0.038847735
0.259,0.477,0.761,0.971,0.331015538
0.563,0.517,0.631,0.55,0.004559286
0.837,0.321,0.947,0.468,0.000161787
0.422,0.059,0.842,0.74,0.563945323
0.81,0.327,0.983,0.585,0.000419957
0.151,0.015,0.412,0.438,0.07765072
0.1,0.042,0.975,0.575,0.600798262
0.309,0.0,0.867,0.458,0.557193311
0.76,0.336,0.851,0.674,0.007638396
0.236,0.0,0.713,0.454,0.527441774
0.54,0.332,0.596,0.463,0.020445361
0.417,0.307,0.81,0.874,0.347330176
0.672,0.752,0.827,1.0,0.047462015
0.339,0.0,0.984,0.264,0.369572401
0.745,0.131,0.957,0.837,0.029116438
0.363,0.498,0.807,0.669,0.093562611
0.086,0.0,0.742,0.281,0.402396164
0.088,0.271,0.096,0.956,0.000526667
0.366,0.892,0.96,0.931,0.036376185
0.255,0.771,0.874,0.943,0.143904085
0.312,0.041,0.447,0.209,0.04270824
0.546,0.31,0.608,0.823,0.073803983
0.451,0.0,0.567,0.658,0.21014368
0.624,0.269,0.889,0.429,0.05484052
0.595,0.318,0.932,0.868,0.177235582
0.584,0.58,0.777,0.649,0.017510826
0.224,0.266,0.465,0.32,0.014323284
0.127,0.209,0.908,0.425,0.243988076
0.138,0.851,0.703,0.869,0.012762215
0.183,0.156,0.568,0.818,0.269269826
0.059,0.895,0.9,0.905,0.008965391
0.103,0.382,0.934,0.961,0.422507625
0.198,0.359,0.309,0.373,0.000521504
0.582,0.168,0.814,0.719,0.221446373
0.407,0.117,0.807,0.2,0.111567403
0.229,0.276,0.844,0.28,0.00315484
0.207,0.898,0.803,0.963,0.068974479
0.37,0.0,0.659,0.783,0.528915065
0.078,0.106,0.553,0.332,0.150707731
0.064,0.07,0.816,0.652,0.602378264
0.74,0.385,0.964,0.64,0.010729555
0.175,0.0,0.905,0.392,0.530013149
0.5,0.852,0.746,1.0,0.104240532
0.077,0.307,0.984,0.343,0.04029693
0.345,0.128,0.351,0.504,0.002225427
0.244,0.479,0.374,0.504,0.001185862
0.099,0.022,0.822,0.061,0.05543259
0.039,0.354,0.718,0.976,0.429739833
0.034,0.024,0.34,0.524,0.04196471
0.163,0.027,0.765,0.261,0.338187507
0.515,0.119,0.909,0.461,0.267281915
0.0,0.129,0.854,0.394,0.339414676
0.241,0.0,0.688,0.163,0.211045555
0.787,0.476,0.86,0.785,0.001468128
0.116,0.38,0.529,0.557,0.042899286
0.124,0.287,0.904,0.552,0.227814572
0.0,0.639,0.984,1.0,0.294085148
0.827,0.611,0.905,0.791,0.000230632
0.203,0.264,0.572,0.353,0.052845724
0.0,0.0,0.97,0.652,0.711684096
0.897,0.34,0.935,0.918,8.0893e-05
0.068,0.12,0.904,0.644,0.522684557
0.168,0.288,0.888,0.679,0.297159095
0.75,0.222,0.816,0.568,0.012889579
0.529,0.762,0.99,0.983,0.133443027
0.066,0.0,0.892,0.496,0.615541503
0.203,0.051,0.774,0.189,0.207505181
0.046,0.282,0.072,0.401,0.000204815
0.294,0.696,0.998,0.946,0.183230295
0.167,0.6,1.0,1.0,0.309282769
0.137,0.0,0.919,0.697,0.727855879
0.15,0.181,0.687,0.381,0.211670327
0.129,0.0,0.85,0.131,0.200167983
0.405,0.137,0.674,0.307,0.166125657
0.353,0.584,0.974,0.651,0.033823742
0.344,0.199,0.839,1.0,0.631579038
0.145,-0.0,0.601,0.273,0.254891465
0.039,0.06,0.793,0.334,0.387584077
0.01,0.723,0.24,0.796,0.002025776
0.604,0.168,0.634,0.721,0.040894164
0.078,0.0,0.937,0.86,0.842166771
0.279,0.462,1.0,1.0,0.378992172
0.033,0.321,0.123,0.777,0.001710808
0.381,0.17,0.831,0.241,0.090290734
0.301,0.746,0.839,1.0,0.212658258
0.089,0.607,0.619,1.0,0.196030375
0.496,0.186,0.885,0.981,0.501497387
0.311,0.409,0.798,1.0,0.408695517
0.385,0.025,0.782,0.454,0.479817973
0.803,0.516,0.846,0.901,0.001041287
0.138,0.771,0.867,0.828,0.040033597
0.308,0.407,0.617,1.0,0.242165394
0.712,0.381,0.997,0.456,0.005378546
0.353,0.0,0.753,0.259,0.347559087
0.07,0.932,0.642,0.991,0.050279512
0.002,0.208,0.958,0.454,0.270142441
0.454,0.317,0.569,0.743,0.083748701
0.304,0.016,0.395,0.366,0.038391634
0.167,0.007,0.816,0.338,0.459276228
0.228,0.0,0.742,0.532,0.599016888
0.808,0.288,0.976,0.7,0.001005143
0.323,0.853,0.424,1.0,0.012485112
0.224,0.337,0.928,1.0,0.497932917
0.41,0.584,0.637,0.673,0.02692027
0.043,0.228,0.901,0.277,0.062759461
0.379,0.338,0.895,0.947,0.399838558
0.576,0.156,0.88,0.166,0.005493862
0.046,0.0,0.801,0.651,0.706546509
0.528,0.07,0.879,0.467,0.300754546
0.399,0.435,0.487,1.0,0.045692688
0.486,0.294,0.854,0.618,0.193878956
0.033,0.197,0.526,0.986,0.235915954
0.292,0.0,0.409,0.694,0.071332434
0.0,0.243,0.892,0.362,0.141604648
0.235,0.273,0.716,0.339,0.069530406
0.431,0.397,0.556,0.564,0.030123302
0.234,0.0,1.0,0.717,0.727516815
0.0,0.0,0.91,0.422,0.562377369
0.174,0.264,0.369,0.948,0.049990362
0.294,0.091,0.537,0.484,0.17460913
0.057,0.862,0.293,0.942,0.009352647
0.272,0.178,0.699,0.311,0.150005508
0.235,0.522,0.872,0.769,0.13822434
0.437,0.409,0.91,0.97,0.341996379
0.402,0.724,0.656,0.838,0.042205669
0.504,0.483,0.614,0.532,0.010492038
0.241,0.0,0.402,0.503,0.066952146
0.0,0.0,0.969,0.441,0.578199762
0.311,0.0,0.546,0.15,0.089972324
0.151,0.395,0.229,0.991,0.010390491
0.782,0.007,0.81,0.734,0.005325191
0.314,0.176,0.802,0.93,0.598092638
0.273,0.007,0.54,0.489,0.229439323
0.295,0.351,0.593,0.626,0.101560725
0.347,0.0,1.0,0.147,0.206006072
0.04,0.911,0.928,0.933,0.025319615
0.176,0.441,0.925,0.829,0.237224016
0.399,0.18,0.481,0.471,0.044536085
0.431,0.0,0.666,0.514,0.393577069
0.222,0.0,1.0,0.464,0.581857173
0.293,0.0,0.676,0.43,0.449550095
0.0,0.0,0.755,0.859,0.816719792
0.266,0.494,0.835,1.0,0.359911671
0.077,0.223,0.488,0.931,0.147330864
0.415,0.233,0.779,0.405,0.161272056
0.368,0.0,0.787,0.253,0.342216684
0.175,0.646,0.246,0.74,0.000929413
0.211,0.291,0.973,0.694,0.299207245
0.465,0.002,0.663,0.745,0.417302913
0.028,0.694,0.382,0.997,0.03821952
0.092,0.37,0.351,0.596,0.010466221
0.094,0.422,0.957,0.679,0.163247919
0.036,0.221,0.343,0.812,0.034415812
0.249,0.191,1.0,0.487,0.309045252
0.227,0.0,0.593,0.713,0.419354506
0.223,0.483,0.64,0.578,0.040816713
0.128,0.786,0.812,0.803,0.013116769
0.104,0.104,0.949,0.858,0.680306087
0.227,0.176,0.561,1.0,0.313330878
0.059,0.341,0.555,0.547,0.069088074
0.529,0.1,0.874,0.991,0.534252305
0.382,0.572,0.453,0.81,0.007576436
0.0,0.297,0.887,0.614,0.256103144
0.403,0.585,0.9,1.0,0.27508554
0.153,0.328,0.827,0.338,0.008798441
0.023,0.248,0.632,0.357,0.091865572
0.077,0.246,0.553,0.488,0.107266287
0.0,0.0,0.914,0.726,0.751287409
0.233,0.0,1.0,0.472,0.583693624
0.47,0.104,0.961,0.614,0.403650871
0.291,0.201,0.788,0.791,0.454245351
0.118,0.126,1.0,0.251,0.183812038
0.373,0.35,0.864,0.417,0.058356798
0.644,0.301,0.694,0.368,0.009807026
0.032,0.476,1.0,1.0,0.395601124
0.199,0.211,0.487,0.911,0.133852657
0.291,0.871,0.699,0.892,0.018371393
0.556,0.0,0.796,0.642,0.37213345
0.431,0.292,0.765,1.0,0.454143804
0.432,0.86,0.76,0.972,0.093547121
0.006,0.74,0.261,0.796,0.002116996
0.134,0.034,0.877,0.336,0.423765774
0.165,0.0,0.848,0.611,0.679151205
0.689,0.157,0.732,0.187,0.003400962
0.045,0.325,0.977,0.945,0.4700316
0.495,0.0,0.702,0.415,0.332111901
0.443,0.0,0.872,0.476,0.481413465
0.0,0.729,0.74,1.0,0.233015841
0.135,0.0,0.96,0.426,0.562327456
0.113,0.315,0.845,0.44,0.118460548
0.095,0.015,0.614,0.443,0.366231679
0.424,0.344,0.549,1.0,0.12261881
0.292,0.582,0.975,0.852,0.152337645
0.115,0.274,0.838,0.758,0.359111344
0.467,0.684,0.894,1.0,0.208906184
0.721,0.055,0.743,0.166,0.003409568
0.504,0.201,0.796,0.3,0.088258074
0.327,0.232,0.457,0.973,0.079476844
0.699,0.62,0.891,0.922,0.028687876
0.248,0.705,0.515,0.797,0.010984283
0.602,0.491,0.9,0.559,0.021197497
0.113,0.618,0.317,0.896,0.016211369
0.239,0.205,0.285,0.7,0.006617763
0.241,0.0,1.0,0.757,0.748068887
0.122,0.0,0.981,0.603,0.681705369
0.199,0.207,0.817,0.993,0.65750105
0.348,0.086,0.405,0.952,0.043675518
0.355,0.034,0.705,0.039,0.006796762
0.004,0.0,0.63,0.548,0.45510764
0.416,0.136,0.754,0.717,0.441970217
0.082,0.457,0.536,0.724,0.052009253
0.056,0.0,0.579,0.361,0.284620627
0.465,0.429,0.55,0.911,0.059626996
0.459,0.451,0.822,0.635,0.094047971
0.078,0.087,0.78,0.564,0.523090745
0.277,0.719,0.322,0.827,0.001764163
0.141,0.548,0.742,0.583,0.019493573
0.454,0.0,0.673,0.562,0.397198337
0.111,0.112,1.0,0.183,0.108624262
0.321,0.289,0.897,1.0,0.524741313
0.118,0.018,0.656,0.174,0.186078773
0.658,0.153,0.737,0.385,0.04848609
0.322,0.0,0.616,0.432,0.348097802
0.349,0.499,0.66,0.545,0.020488389
0.17,0.327,0.546,0.618,0.085406153
0.095,0.488,0.985,1.0,0.386059152
0.395,0.477,0.975,0.523,0.029202495
0.437,0.599,0.861,0.735,0.063189745
0.035,0.026,0.447,0.771,0.145780122
0.0,0.0,0.871,0.386,0.530710209
0.055,0.0,1.0,0.383,0.528596655
0.006,0.067,0.307,0.873,0.04263251
0.302,0.0,1.0,0.388,0.505514516
0.306,0.282,0.764,0.914,0.437407489
0.274,0.191,0.849,0.781,0.472744109
0.065,0.341,0.279,0.499,0.004581661
0.68,0.533,0.96,0.832,0.036522481
0.491,0.0,0.654,0.309,0.215895713
0.288,0.06,0.959,0.402,0.436278425
0.107,0.127,0.865,0.693,0.53385128
-0.0,0.427,0.985,0.495,0.049408618
0.487,0.39,0.63,0.844,0.12084432
0.258,0.0,0.573,0.369,0.260955023
0.195,0.105,0.407,0.13,0.005085953
0.001,0.686,0.623,0.983,0.161655869
0.356,0.931,0.728,0.975,0.039336537
0.251,0.0,0.914,0.444,0.56031545
0.017,0.033,0.047,0.386,0.000430284
0.21,0.0,0.769,0.671,0.693064859
0.577,0.955,0.887,1.0,0.023577826
0.203,0.827,0.802,1.0,0.173660785
0.264,0.443,0.848,0.446,0.001877758
0.33,0.067,0.39,0.666,0.03642954
0.0,0.302,0.833,0.414,0.113882329
0.291,0.227,0.553,0.379,0.076044901
0.792,0.009,0.891,0.388,0.004597151
0.217,0.0,0.542,0.522,0.255956848
0.01,0.0,0.722,0.365,0.481910873
0.407,0.653,0.975,0.898,0.146496114
0.24,0.0,0.411,0.496,0.073797099
0.319,0.218,0.991,0.909,0.52409933
0.286,0.419,0.812,1.0,0.408762642
0.366,0.321,0.688,0.48,0.107228422
0.482,0.054,0.84,0.529,0.404552746
0.299,0.0,0.945,0.633,0.668005136
0.073,0.573,0.129,0.775,0.000881221
0.793,0.314,0.854,0.585,0.001099805
0.865,0.485,0.998,0.528,3.442e-06
0.107,0.0,0.774,0.68,0.71037087
0.098,0.207,0.786,0.537,0.322501084
0.369,0.559,0.8,1.0,0.295064474
0.46,0.222,0.893,0.382,0.146972868
0.414,0.452,0.787,0.538,0.051296703
0.444,0.169,0.624,0.17,0.002037824
0.122,0.768,0.679,1.0,0.178905083
0.303,0.776,1.0,1.0,0.19509752
0.434,0.118,0.943,0.232,0.141358526
0.178,0.046,0.859,0.643,0.629143632
0.325,0.074,0.755,0.175,0.144869641
0.076,0.433,0.431,0.913,0.051468816
0.172,0.0,0.883,0.441,0.568871211
0.054,0.069,0.328,0.238,0.015118449
0.011,0.068,0.827,0.332,0.374026698
0.106,0.052,0.82,0.809,0.719153821
0.417,0.0,0.42,0.247,0.001760721
0.069,0.181,0.812,0.546,0.367961419
0.109,0.0,0.765,0.588,0.657864209
0.076,0.428,0.622,0.434,0.002505972
0.463,0.0,0.568,0.624,0.190348908
0.189,0.557,0.779,1.0,0.326530261
0.226,0.289,0.591,0.373,0.049976593
0.153,0.483,0.796,0.635,0.094218364
0.853,0.15,0.876,0.797,0.000313247
0.182,0.439,0.829,0.47,0.02176375
0.277,0.0,0.617,0.448,0.366145622
0.249,0.111,0.913,0.267,0.228348124
0.329,0.837,0.481,0.874,0.003772728
0.356,0.0,0.646,0.402,0.364405554
0.423,0.008,0.881,0.297,0.349357672
0.253,0.056,0.304,0.554,0.010485153
0.489,0.391,0.599,0.676,0.059497911
0.185,0.274,0.315,0.764,0.014846509
0.0,0.002,0.849,0.17,0.253934514
0.142,0.73,0.816,0.986,0.225917881
0.416,0.501,0.439,0.782,0.003831246
0.651,0.092,0.818,0.905,0.19145904
0.121,0.748,0.962,1.0,0.233759372
0.0,0.408,0.8,0.906,0.340552347
0.535,0.0,0.597,0.314,0.095559128
0.396,0.0,0.928,0.597,0.593932655
0.323,0.082,0.329,0.357,0.001454359
0.28,0.732,0.596,0.761,0.007393995
0.495,0.129,0.738,0.722,0.364211066
0.407,0.446,0.488,0.891,0.028051056
0.001,0.0,0.873,0.696,0.733852313
0.657,0.325,0.776,0.971,0.122119681
0.346,0.0,0.869,0.973,0.884802724
0.055,0.311,0.668,0.954,0.382692612
0.157,0.679,0.933,0.86,0.115806558
0.204,0.52,0.517,0.62,0.017097754
0.736,0.614,0.83,0.758,0.004184079
0.081,0.0,0.763,0.794,0.770827453
0.325,0.291,0.632,0.771,0.210530936
0.0,0.0,0.969,0.358,0.503962052
0.189,0.0,0.482,0.621,0.176882749
0.336,0.5,0.555,0.969,0.109512368
0.393,0.358,0.734,0.363,0.004512816
0.611,0.749,0.629,0.938,0.00932683
0.517,0.0,0.567,0.235,0.056255292
0.156,0.001,0.725,0.422,0.516192437
0.625,0.051,0.796,0.338,0.116994141
0.034,0.088,0.048,0.611,0.000237517
0.315,0.0,0.317,0.453,0.000509456
0.007,0.014,0.724,0.298,0.391355084
0.336,0.314,0.881,0.902,0.394100294
0.0,0.461,0.87,0.727,0.159143013
0.01,0.319,0.522,0.486,0.051241627
0.318,0.23,0.991,0.298,0.084564518
0.397,0.258,0.614,0.306,0.032751475
0.34,0.0,1.0,0.581,0.626484479
0.36,0.0,0.812,0.626,0.634802724
0.258,0.52,0.861,1.0,0.342700323
0.319,0.112,0.944,0.737,0.555016075
0.269,0.463,0.72,1.0,0.344750194
0.015,0.0,0.897,0.626,0.698887458
0.51,0.205,0.78,0.7,0.285601674
0.633,0.22,0.877,0.729,0.132544595
0.505,0.0,0.589,0.662,0.185266397
0.273,0.0,1.0,0.66,0.688772349
0.219,0.111,0.741,0.551,0.455713479
0.205,0.0,0.425,0.433,0.086595458
0.09,0.155,0.111,0.401,0.000698781
0.136,0.247,0.957,0.639,0.332191074
0.46,0.122,0.608,0.407,0.153855686
0.273,0.604,0.421,0.791,0.008006719
0.109,0.485,0.891,0.747,0.151513222
0.499,0.021,0.657,0.346,0.214202116
0.228,0.069,0.852,0.242,0.258688289
0.119,0.305,0.937,0.479,0.159158503
0.25,0.398,1.0,1.0,0.434257812
0.566,0.092,0.729,0.186,0.06218116
0.28,0.0,0.399,0.519,0.057275925
0.516,0.0,0.517,0.556,0.001538695
0.36,0.28,0.816,0.759,0.324456294
0.575,0.633,0.746,0.764,0.035570694
0.216,0.843,0.949,0.891,0.043090332
0.532,0.39,0.618,0.699,0.056121044
0.051,0.196,0.907,0.368,0.212723661
0.143,0.246,0.814,0.41,0.179330203
0.315,0.012,0.96,0.443,0.526584649
0.199,0.572,0.871,1.0,0.321416769
0.681,0.079,0.702,0.444,0.023531356
0.373,0.493,0.711,0.619,0.060503053
0.518,0.97,0.798,0.991,0.014966989
0.109,0.182,0.828,0.256,0.106111406
0.226,0.229,0.459,0.459,0.048709837
0.071,0.181,0.746,0.536,0.34653329
0.447,0.0,0.607,0.241,0.159354712
0.029,0.646,0.122,0.838,0.001196189
0.074,0.0,0.754,0.276,0.399981412
0.516,0.566,0.87,0.595,0.013142586
0.098,0.487,0.295,0.87,0.013917096
0.0,0.0,0.774,0.274,0.402051937
0.24,0.0,0.468,0.817,0.165445808
0.245,0.602,0.255,0.631,2.9259e-05
0.343,0.121,0.857,0.527,0.422583355
0.248,0.436,0.987,0.564,0.088363063
0.311,0.632,0.772,1.0,0.262309556
0.197,0.398,0.836,0.819,0.262013521
0.591,0.18,0.948,0.69,0.19529545
0.414,0.186,0.889,0.546,0.31190922
0.185,0.007,0.98,0.127,0.178099592
0.187,0.081,0.925,0.622,0.563055496
0.066,0.012,0.969,0.621,0.671841545
0.574,0.0,0.578,0.682,0.010182234
0.104,0.239,0.946,0.862,0.480418649
0.367,0.017,0.973,0.171,0.210357101
0.049,0.492,1.0,1.0,0.383883638
0.0,0.032,0.905,0.268,0.352765519
0.0,0.0,0.771,0.33,0.466112576
0.455,0.144,0.901,0.529,0.328907148
0.137,0.111,0.246,0.762,0.011195982
0.209,0.0,0.617,0.475,0.389547892
0.156,0.545,0.688,0.752,0.095868932
0.044,0.0,0.692,0.362,0.44892016
0.437,0.0,0.762,0.747,0.603708701
0.352,0.359,0.533,0.541,0.039307278
0.498,0.132,0.622,0.619,0.179621075
0.389,0.065,0.476,0.486,0.073535486
0.452,0.804,0.6,0.883,0.023195734
0.292,0.102,0.729,0.375,0.334531817
0.0,0.513,0.802,1.0,0.368006169
0.194,0.243,0.467,0.323,0.022465973
0.422,0.069,0.503,0.865,0.106075262
0.297,0.0,1.0,0.324,0.443593248
0.0,0.542,0.935,1.0,0.350588284
0.132,0.106,0.796,0.445,0.412850337
0.062,0.267,0.564,0.59,0.129339842
0.012,0.0,0.736,0.556,0.626038705
0.183,0.514,0.865,0.829,0.184316331
0.907,0.577,0.942,0.615,1.721e-06
0.156,0.025,0.671,0.136,0.138799199
0.118,0.498,0.869,0.98,0.355178551
0.597,0.737,0.741,0.821,0.023090745
0.406,0.192,0.438,0.53,0.016328406
0.389,0.418,0.584,1.0,0.169772741
0.196,0.303,0.539,0.75,0.112455509
0.053,0.123,0.897,0.427,0.381579038
0.318,0.116,0.636,0.725,0.375296896
0.18,0.0,1.0,0.461,0.582834778
0.086,0.287,0.718,0.48,0.165690209
0.159,0.108,0.366,0.913,0.06404687
0.427,0.0,0.602,0.795,0.351694974
0.275,0.824,0.726,0.873,0.034834048
0.542,0.446,0.722,0.738,0.098522922
0.073,0.487,0.685,1.0,0.318151777
0.0,0.0,0.808,0.432,0.567905654
0.441,0.0,0.901,0.115,0.13905909
0.341,0.089,0.531,0.194,0.055033287
0.37,0.657,0.7,1.0,0.210396687
0.041,0.007,0.759,0.764,0.738456349
0.602,0.001,0.624,0.866,0.052646073
0.316,0.318,0.804,1.0,0.49346313
0.0,0.0,0.748,0.881,0.832065431
0.498,0.082,0.638,0.266,0.114780762
0.19,0.608,0.518,1.0,0.087607485
0.082,0.304,0.471,0.698,0.063420377
0.595,0.234,0.703,0.417,0.059571919
0.124,0.0,0.735,0.522,0.599624448
0.0,0.198,0.771,0.919,0.588285612
0.221,0.269,0.995,0.991,0.570404742
0.356,0.058,0.567,0.737,0.28116631
0.316,0.749,0.967,0.768,0.012151212
0.382,0.325,0.754,0.97,0.418659167
0.155,0.0,0.8,0.182,0.274080398
0.849,0.719,0.885,0.826,6.024e-05
0.13,0.255,0.753,0.49,0.219654672
0.504,0.429,0.563,1.0,0.072416749
0.519,0.609,0.545,0.891,0.014426552
0.331,0.154,0.605,0.285,0.110505463
0.03,0.0,1.0,0.299,0.439169931
0.595,0.0,0.715,0.612,0.224391235
0.611,0.681,0.891,0.925,0.076614597
0.402,0.721,0.438,0.735,0.000196209
0.14,0.11,0.534,0.285,0.104278397
0.881,0.03,0.893,0.968,0.000189325
0.007,0.022,0.874,0.706,0.707305529
0.511,0.295,0.711,0.404,0.064965956
0.014,0.72,0.098,0.917,0.000977605
0.129,0.168,1.0,0.582,0.411874454
0.429,0.327,0.429,0.534,0.0
0.269,0.293,0.615,0.351,0.040090394
0.63,0.282,0.63,0.961,0.0
0.033,0.427,0.482,0.457,0.005289047
0.451,0.197,0.968,0.389,0.183713934
0.169,0.429,0.483,0.831,0.050415482
0.397,0.625,0.429,1.0,0.007705521
0.092,0.0,1.0,0.514,0.628818338
0.221,0.4,0.53,0.788,0.071835005
0.085,0.005,0.986,0.666,0.705407117
0.364,0.007,0.695,0.27,0.312410071
0.082,0.0,0.776,0.651,0.698766979
0.323,0.031,0.727,0.067,0.047066154
0.268,0.455,0.327,0.939,0.010529903
0.007,0.046,0.392,0.379,0.058580546
0.705,0.299,0.742,0.871,0.026897895
0.29,0.508,0.333,0.994,0.008607395
0.439,0.14,0.591,0.582,0.179951533
0.326,0.193,0.669,0.756,0.345225228
0.41,0.0,0.445,0.802,0.041376082
0.201,0.529,0.869,1.0,0.347442049
0.208,0.231,0.98,0.27,0.051076398
0.063,0.218,0.208,0.309,0.001870874
0.519,0.207,0.709,0.7,0.236222316
0.091,0.0,0.54,0.618,0.283763502
0.028,0.123,0.775,0.538,0.452219575
0.084,0.0,0.674,0.494,0.508227025
0.452,0.731,0.65,0.952,0.09677597
0.396,0.663,0.556,1.0,0.07850096
0.938,0.193,0.967,0.791,0.0
0.439,0.646,0.445,0.691,0.00010671
0.033,0.032,0.888,0.041,0.011457595
0.3,0.0,0.498,0.717,0.18634727
0.093,0.0,0.99,0.341,0.484719765
0.08,0.0,0.947,0.307,0.447522599
0.042,0.69,0.76,0.787,0.055215727
0.24,0.371,0.639,0.503,0.070313522
0.122,0.258,0.236,0.604,0.00521676
0.003,0.07,0.848,0.625,0.592443874
0.486,0.962,0.939,0.971,0.006949943
0.035,0.491,0.331,0.734,0.007762318
0.403,0.221,0.784,0.579,0.286002699
0.302,0.196,0.451,0.723,0.067007222
0.087,0.492,0.46,0.925,0.058046994
0.0,0.0,0.897,0.517,0.632744246
0.046,0.41,0.375,0.932,0.042006017
0.188,0.385,0.951,0.453,0.056374051
0.185,0.093,0.459,0.357,0.079857215
0.639,0.301,0.715,0.449,0.029887507
0.046,0.0,0.984,0.614,0.691687951
0.813,0.239,1.0,0.698,0.001240938
0.072,0.089,0.295,0.68,0.024395365
0.174,0.308,0.751,0.741,0.29357225
0.401,0.15,0.642,0.827,0.342381913
0.569,0.35,0.701,0.885,0.153344509
0.196,0.797,0.673,0.986,0.144057266
0.142,0.451,0.424,0.792,0.026150923
0.505,0.809,0.934,0.815,0.00321508
0.288,0.083,0.776,0.143,0.090428425
0.538,0.813,0.608,0.98,0.037904553
0.457,0.629,0.56,1.0,0.070957226
0.339,0.389,0.671,0.947,0.275529593
0.22,0.293,0.848,1.0,0.547680599
0.01,0.643,1.0,1.0,0.292744384
0.665,0.671,0.931,0.707,0.004218502
0.097,0.0,0.563,0.668,0.349610679
0.196,0.523,0.69,1.0,0.293703056
0.142,0.97,0.997,0.98,0.010078966
0.315,0.633,0.933,1.0,0.267739737
0.401,0.0,0.938,0.703,0.641382622
0.537,0.0,0.539,0.358,0.003013707
0.302,0.001,0.72,0.757,0.669077403
0.069,0.508,0.988,0.759,0.145193215
0.054,0.293,0.114,0.637,0.000846798
0.241,0.03,0.909,0.22,0.283854722
0.039,0.0,0.911,0.506,0.625234935
0.138,0.0,0.92,0.666,0.712164293
0.463,0.311,0.497,0.35,0.002950025
0.388,0.18,0.54,0.579,0.113970107
0.51,0.496,0.744,1.0,0.250795164
0.33,0.01,0.532,0.966,0.285069844
0.301,0.207,0.882,0.487,0.279033824
0.274,0.0,0.763,0.342,0.457481085
0.339,0.268,0.489,0.52,0.04700075
0.393,0.0,0.687,0.316,0.340836334
0.324,0.039,0.974,0.773,0.677242467
0.05,0.0,0.932,0.923,0.910667938
0.0,0.07,0.832,0.775,0.674084184
0.159,0.707,0.821,1.0,0.251612703
0.357,0.0,0.736,0.59,0.587430208
0.458,0.433,0.511,1.0,0.037414029
0.148,0.112,0.912,0.237,0.187271519
0.201,0.154,0.265,0.4,0.005893166
0.303,0.608,0.781,0.642,0.018273289
0.804,0.455,0.884,0.498,3.6144e-05
0.101,0.248,1.0,1.0,0.622944104
0.004,0.0,0.673,0.248,0.313003862
0.365,0.587,0.696,0.701,0.047787309
0.503,0.559,0.994,0.664,0.044243492
0.505,0.505,0.736,0.695,0.074556119
0.139,0.416,0.351,0.448,0.001366581
0.007,0.37,0.695,0.414,0.035923527
0.187,0.062,0.76,0.702,0.617278129
0.077,0.0,0.831,0.226,0.342973983
0.113,0.206,0.767,0.582,0.345090979
0.551,0.202,0.891,0.665,0.231718106
0.345,0.041,0.866,0.875,0.737893537
0.917,0.124,0.947,0.33,5.163e-06
0.314,0.12,0.504,0.808,0.15081272
0.12,0.399,0.796,0.469,0.053907665
0.716,0.167,0.882,0.384,0.020364468
0.426,0.0,0.449,0.391,0.022040853
0.602,0.23,0.751,0.87,0.189472851
0.227,0.164,0.444,0.663,0.078845187
0.441,0.304,0.634,0.601,0.116076776
0.2,0.0,0.674,0.561,0.530947726
0.352,0.0,0.558,0.669,0.282462324
0.008,0.006,0.232,0.309,0.012306114
0.382,0.19,0.639,0.972,0.389978176
0.143,0.153,0.515,0.247,0.048203824
0.286,0.248,0.803,0.539,0.260700295
0.125,0.056,0.198,0.243,0.002932814
0.312,0.282,0.338,0.808,0.005442228
0.288,0.0,0.563,0.792,0.345827625
0.405,0.315,0.436,0.323,0.000380371
0.383,0.0,0.94,0.337,0.426734732
0.362,0.629,0.709,0.716,0.037307319
0.386,0.581,0.928,0.722,0.067408246
0.018,0.737,0.57,0.755,0.00453519
0.141,0.65,0.542,0.982,0.097543596
0.312,0.0,0.593,0.46,0.323433939
0.36,0.0,0.603,0.431,0.310019414
0.0,0.053,0.85,0.714,0.663375283
0.156,0.285,0.559,0.288,0.001748673
0.115,0.407,1.0,0.593,0.128408708
0.134,0.343,0.896,0.536,0.153322134
0.015,0.0,0.616,0.573,0.439245661
0.27,0.881,0.426,0.974,0.011707159
0.455,0.0,0.92,0.333,0.368233358
0.022,0.459,0.039,0.74,1.549e-05
0.0,0.207,0.925,0.509,0.309241461
0.197,0.059,0.911,0.76,0.670905248
0.552,0.0,0.569,0.676,0.042501704
0.689,0.62,0.698,0.875,0.004536911
0.29,0.575,0.894,0.608,0.019373094
0.405,0.596,0.703,0.815,0.095584945
0.078,0.203,0.751,0.319,0.141718243
0.0,0.0,0.877,0.492,0.614963202
0.21,0.0,0.521,0.57,0.227146771
0.402,0.0,0.456,0.317,0.042074862
0.112,0.035,0.537,0.188,0.100008261
0.524,0.881,0.641,1.0,0.046807983
0.09,0.0,1.0,0.275,0.410607698
0.658,0.188,0.695,0.912,0.066096742
0.327,0.493,0.652,1.0,0.241693803
0.324,0.429,0.555,1.0,0.142590859
0.352,0.164,0.403,0.758,0.026471054
0.294,0.0,0.684,0.472,0.486120769
0.039,0.319,0.42,0.644,0.036050891
0.15,0.553,0.968,0.62,0.038398518
0.403,0.554,0.508,0.729,0.012975636
0.274,0.096,0.69,0.858,0.567163845
0.224,0.0,0.757,0.465,0.565401403
0.32,0.068,0.784,0.2,0.194276538
0.387,0.0,0.481,0.63,0.105278376
0.079,0.045,0.808,0.749,0.689536533
0.319,0.0,0.954,0.268,0.378167749
0.219,0.0,1.0,0.477,0.589900036
0.289,0.0,1.0,0.105,0.149496052
0.087,0.08,0.866,0.364,0.391017741
0.341,0.24,0.693,0.394,0.138112466
0.034,0.185,1.0,0.599,0.398046856
0.054,0.045,1.0,0.582,0.604522798
0.304,0.0,0.677,0.856,0.64603485
0.291,0.816,0.822,1.0,0.171791633
0.185,0.719,0.333,0.842,0.006471467
0.165,0.007,0.661,0.459,0.450661948
0.307,0.225,0.972,0.666,0.359601867
0.054,0.057,0.635,0.232,0.196291987
0.419,0.0,0.524,0.36,0.110973612
0.147,0.179,0.69,0.589,0.339369927
0.193,0.513,0.6,0.679,0.053393045
0.685,0.569,0.993,0.844,0.030111254
0.068,0.395,0.578,0.494,0.036190302
0.001,0.061,0.68,0.6,0.498808975
0.577,0.0,0.673,0.523,0.177958459
0.0,0.081,0.677,0.441,0.382448211
0.208,0.075,0.454,0.976,0.16082284
0.636,0.08,0.716,0.941,0.176419764
0.325,0.25,0.545,0.5,0.088832933
0.645,0.592,0.951,0.954,0.078967388
0.309,0.77,0.484,0.955,0.025319615
0.101,0.273,0.286,0.594,0.00975195
0.222,0.201,0.672,0.215,0.016335291
0.278,0.354,0.938,0.641,0.198723951
0.344,0.145,0.95,0.83,0.549988641
0.357,0.056,0.625,0.4,0.28145546
0.355,0.455,0.52,0.989,0.081671291
0.242,0.423,0.626,0.731,0.115216209
0.472,0.133,0.517,0.821,0.05658575
0.384,0.147,0.926,0.381,0.269106318
0.428,0.0,0.693,0.372,0.364806579
0.67,0.088,0.704,0.522,0.044441423
0.298,0.568,0.834,1.0,0.305183025
0.235,0.014,0.662,0.436,0.422375097
0.543,0.694,0.706,1.0,0.132465422
0.064,0.069,1.0,0.719,0.643719923
0.088,0.35,0.884,1.0,0.502433685
0.227,0.236,0.571,0.914,0.248161828
0.391,0.954,0.991,0.996,0.041894143
0.17,0.0,0.979,0.124,0.182275065
0.28,0.267,0.712,0.327,0.060114077
0.315,0.633,0.831,0.706,0.037016447
0.004,0.485,0.86,1.0,0.389153752
0.084,0.0,0.713,0.442,0.535013046
0.016,0.0,0.896,0.761,0.7707173
0.133,0.185,0.743,0.52,0.33110848
0.225,0.289,0.821,0.734,0.319366898
0.005,0.416,0.55,0.642,0.056668365
0.161,0.051,0.483,0.822,0.181696764
0.215,0.053,0.494,0.136,0.035992372
0.0,0.045,0.671,0.228,0.234797216
0.297,0.849,0.628,0.957,0.067230969
0.248,0.832,0.372,0.93,0.007829442
0.067,0.375,0.819,1.0,0.478656207
0.454,0.312,0.593,0.604,0.080139481
0.389,0.0,0.715,0.314,0.370422642
0.004,0.82,0.155,0.89,0.001495666
0.532,0.0,0.792,0.667,0.435082236
0.599,0.13,0.904,0.387,0.124047352
0.501,0.344,0.659,0.783,0.14115199
0.09,0.247,0.733,0.423,0.182127047
0.594,0.0,0.638,0.54,0.080461333
0.249,0.429,0.258,0.628,0.000165229
0.661,0.187,0.676,0.547,0.015559059
0.151,0.289,0.801,0.461,0.160423537
0.339,0.323,0.715,0.477,0.116608607
0.162,0.401,0.598,0.52,0.04678733
0.118,0.353,0.306,0.415,0.002660874
0.034,0.494,0.918,0.977,0.358004654
0.21,0.508,0.805,0.842,0.198286782
0.25,0.32,0.42,0.518,0.020822289
0.028,0.0,0.714,0.334,0.446150854
0.021,0.0,0.97,0.402,0.546410401
0.71,0.138,0.736,0.541,0.017028908
0.396,0.702,0.606,0.724,0.005640159
0.05,0.063,0.899,0.75,0.673068715
0.713,0.397,0.844,0.996,0.046000771
0.292,0.191,0.844,0.603,0.376033541
0.325,0.0,0.403,0.449,0.045518853
0.544,0.13,0.689,0.896,0.303117664
0.551,0.153,0.807,0.363,0.141234604
0.005,0.453,0.546,0.471,0.004392336
0.637,0.0,0.666,0.395,0.043813209
0.327,0.35,0.744,0.372,0.019781003
0.136,0.461,0.931,0.874,0.261423172
0.315,0.188,0.878,0.478,0.299449925
0.339,0.027,0.637,0.06,0.031278184
0.221,0.533,0.879,0.851,0.189097643
0.01,0.82,0.69,0.968,0.128592869
0.426,0.544,0.781,0.965,0.255770965
0.035,0.167,0.822,0.96,0.692684488
0.195,0.174,1.0,0.349,0.22406594
0.0,0.075,0.865,0.425,0.458092088
0.204,0.555,0.8,1.0,0.329278913
0.492,0.001,0.981,0.14,0.143461753
0.545,0.065,0.779,0.185,0.099738043
0.287,0.191,0.585,0.485,0.165602432
0.404,0.034,0.495,0.289,0.065959051
0.614,0.602,0.998,0.819,0.051083282
0.421,0.05,0.843,0.827,0.627389796
0.088,0.396,0.925,0.529,0.09883789
0.394,0.0,0.663,0.717,0.49443385
0.236,0.43,0.847,0.682,0.155446015
0.251,0.0,1.0,0.175,0.257378505
0.274,0.0,0.356,0.392,0.024369548
0.285,0.901,1.0,0.932,0.030398684
0.0,0.0,0.755,0.42,0.546916415
0.189,0.0,0.632,0.524,0.437867032
0.005,0.284,0.711,0.999,0.517791371
0.878,0.303,0.914,0.947,0.000132527
0.205,0.0,0.878,0.163,0.243559513
0.74,0.155,0.761,0.858,0.014490234
0.356,0.0,0.464,0.395,0.084907024
0.339,0.3,0.479,0.417,0.022615712
0.118,0.303,0.55,0.706,0.118279829
0.064,0.686,0.896,1.0,0.270078759
0.106,0.705,0.805,0.805,0.059991876
0.153,0.421,0.4,0.49,0.005184058
0.0,0.0,0.863,0.721,0.747449278
0.375,0.132,0.709,0.706,0.431710533
0.219,0.608,0.262,0.72,0.000884663
0.155,0.375,0.748,0.681,0.196958066
0.706,0.003,0.867,0.451,0.049596222
0.0,0.833,0.68,1.0,0.147709514
0.174,0.0,0.644,0.262,0.291474186
0.673,0.627,0.958,0.842,0.02914914
0.303,0.0,0.451,0.414,0.092798428
0.062,0.22,0.909,0.958,0.612181848
0.202,0.0,0.529,0.577,0.243883087
0.102,0.026,0.811,0.263,0.349493642
0.24,0.642,0.387,0.883,0.012213173
0.142,0.126,0.752,0.447,0.369044013
0.498,0.242,0.783,0.508,0.179631402
0.676,0.129,0.792,0.912,0.125307223
0.0,0.0,0.885,0.716,0.744862412
0.821,0.11,0.993,0.116,3.9586e-05
0.278,0.429,0.763,1.0,0.390460094
0.463,0.321,0.608,0.48,0.053682196
0.198,0.0,0.713,0.75,0.689810193
0.365,0.406,0.91,0.614,0.130252043
0.0,0.853,0.823,1.0,0.159683449
0.112,0.273,0.884,0.402,0.137215755
0.275,0.569,0.568,0.804,0.053362065
0.143,0.285,0.506,0.54,0.066494324
0.06,0.337,0.349,0.801,0.023481443
0.418,0.058,0.817,0.16,0.133412047
0.08,0.605,0.615,0.637,0.011204588
0.498,0.089,0.528,0.997,0.061189786
0.408,0.404,0.663,0.778,0.145539163
0.085,0.039,0.8,0.783,0.718138352
0.107,0.468,1.0,1.0,0.399158709
0.017,0.034,0.924,0.616,0.63993859
0.479,0.0,0.607,0.477,0.222902453
0.391,0.576,0.472,1.0,0.027548484
0.258,0.091,0.784,0.892,0.704827095
0.284,0.821,1.0,0.929,0.095672723
0.434,0.203,0.483,0.619,0.032269557
0.404,0.021,0.804,0.863,0.698429637
0.315,0.0,0.766,0.343,0.450758332
0.245,0.253,0.684,0.289,0.036710085
0.473,0.19,0.777,0.568,0.274228415
0.539,0.043,0.839,0.501,0.322881455
0.314,0.744,0.779,1.0,0.208876925
0.179,0.304,0.8,0.319,0.015574549
0.258,0.171,0.966,0.358,0.232645797
0.303,0.567,0.545,0.859,0.050334589
0.168,0.258,0.788,0.844,0.432264738
0.196,0.0,0.652,0.226,0.261564305
0.29,0.229,0.882,0.29,0.076296187
0.649,0.05,0.75,0.587,0.129642761
0.014,0.609,0.45,0.794,0.015667491
0.072,0.024,0.235,0.224,0.008170227
0.0,0.025,0.8,0.498,0.577920938
0.021,0.073,0.781,0.368,0.400218928
0.0,0.224,0.877,0.331,0.136109065
0.0,0.0,0.928,0.542,0.648860953
0.41,0.31,0.736,1.0,0.432505697
0.038,0.107,0.515,0.227,0.067609619
0.596,0.259,0.776,0.707,0.144976352
0.203,0.57,1.0,1.0,0.321471846
0.167,0.328,0.83,0.525,0.162132624
0.728,0.328,0.948,0.686,0.01891183
0.042,0.0,0.852,0.421,0.56084728
0.0,0.0,0.67,0.643,0.571480451
0.041,0.013,0.101,0.877,0.00353349
0.402,0.373,0.73,0.543,0.105376481
0.438,0.109,0.489,0.352,0.034720453
0.382,0.512,0.794,0.538,0.014269929
0.105,0.462,0.386,0.464,0.000199652
0.19,0.161,0.311,0.199,0.001991353
0.249,0.804,0.861,1.0,0.184336984
0.317,0.582,0.799,0.873,0.166082628
0.279,0.566,0.714,1.0,0.279097506
0.227,0.0,0.725,0.5,0.570563086
0.045,0.042,0.8,0.292,0.365162854
0.247,0.3,0.645,0.389,0.067931471
0.368,0.0,0.948,0.252,0.344142634
0.221,0.296,0.621,0.376,0.05757024
0.412,0.059,0.507,0.851,0.12304393
0.0,0.0,0.948,0.271,0.405148259
0.4,0.514,0.83,0.923,0.241070752
0.057,0.325,0.175,0.486,0.001564512
0.313,0.363,0.996,0.765,0.252387214
0.846,0.47,0.982,0.665,2.4096e-05
0.121,0.825,0.542,0.963,0.056522068
0.003,0.571,0.835,0.975,0.302792369
0.0,0.674,0.915,1.0,0.276433189
0.442,0.547,0.58,0.615,0.013397314
0.065,0.0,1.0,0.748,0.76199631
0.318,0.0,0.33,0.323,0.003204753
0.287,0.0,0.487,0.623,0.165132562
0.081,0.383,0.75,0.853,0.294771881
0.582,0.168,0.857,0.881,0.284567272
0.517,0.0,0.642,0.744,0.293348502
0.349,0.0,0.573,0.531,0.289973357
0.288,0.267,0.779,0.889,0.440798125
0.385,0.244,0.721,0.544,0.226883438
0.39,0.067,0.437,0.915,0.045703015
0.078,0.194,0.102,0.892,0.001370023
0.198,0.0,0.523,0.828,0.27097547
0.244,0.49,0.991,0.77,0.160182578
0.288,0.31,0.738,0.522,0.164874392
0.154,0.191,0.758,0.374,0.215912924
0.297,0.375,0.603,0.644,0.100159721
0.406,0.08,0.684,0.953,0.578320241
0.047,0.243,0.298,0.982,0.039859762
0.411,0.227,0.893,0.572,0.275137174
0.301,0.226,0.401,0.268,0.004714188
0.028,0.075,0.753,0.369,0.393091709
0.0,0.08,0.968,0.559,0.540327911
0.0,0.0,0.66,0.48,0.478561544
0.0,0.849,0.883,0.979,0.142768136
0.149,0.152,0.494,0.791,0.147690581
0.296,0.0,0.954,0.423,0.536310782
0.059,0.126,0.577,0.157,0.025687938
0.334,0.0,0.513,0.543,0.179634844
0.275,0.06,0.402,0.49,0.05054973
0.334,0.455,0.971,0.484,0.020373073
0.384,0.0,0.658,0.302,0.299181428
0.169,0.233,0.482,0.783,0.09911155
0.449,0.0,0.748,0.117,0.134544553
0.111,0.434,0.96,1.0,0.423111743
0.32,0.089,0.586,0.437,0.230976297
0.0,0.808,0.934,0.898,0.082308111
0.406,0.337,0.827,0.652,0.198718787
0.196,0.045,0.583,0.768,0.378742608
0.318,0.428,0.96,0.858,0.254695256
0.538,0.632,0.947,0.869,0.101071923
0.0,0.0,0.768,0.466,0.584769334
0.044,0.23,0.912,0.499,0.269080501
0.288,0.466,0.567,1.0,0.158079351
0.082,0.004,0.668,0.569,0.524517566
0.63,0.352,0.759,0.695,0.07511893
0.333,0.0,0.658,0.326,0.340643567
0.144,0.276,0.499,0.808,0.099891224
0.315,0.0,0.891,0.661,0.676767433
0.345,0.448,0.545,0.491,0.009271753
0.009,0.013,0.131,0.662,0.005564429
0.281,0.388,0.78,0.801,0.251550742
0.561,0.098,0.81,0.281,0.130579059
0.238,0.441,0.615,0.755,0.109269688
0.718,0.046,0.823,0.354,0.025951271
0.123,0.174,0.926,0.333,0.208577448
0.217,0.0,0.706,0.321,0.41377975
0.652,0.88,0.922,0.921,0.010400818
0.334,0.595,0.936,0.618,0.011152954
0.4,0.738,0.606,0.934,0.070323849
0.51,0.0,0.806,0.581,0.445174971
0.184,0.288,0.868,1.0,0.560821463
0.543,0.235,0.783,0.482,0.143065892
0.213,0.407,0.858,0.497,0.065132906
0.055,0.0,0.581,0.463,0.333199659
0.236,0.684,0.916,1.0,0.254745169
0.094,0.076,0.354,0.206,0.015600366
0.272,0.602,0.6,0.648,0.014113306
0.422,0.678,0.423,1.0,0.000261612
0.0,0.0,0.857,0.158,0.241303106
0.233,0.0,0.886,0.795,0.772514165
0.363,0.689,0.567,0.897,0.047190075
0.35,0.072,0.78,0.396,0.39403317
0.349,0.504,0.461,0.901,0.024498633
0.379,0.225,0.512,0.538,0.066093299
0.155,0.0,0.553,0.202,0.142831818
0.666,0.582,0.843,0.823,0.034553503
0.42,0.161,0.488,0.245,0.018369672
0.0,0.093,0.835,0.507,0.484375538
0.127,0.0,0.875,0.764,0.767777602
0.278,0.468,1.0,1.0,0.375544739
0.0,0.246,0.827,0.249,0.002447454
0.141,0.031,0.731,0.72,0.653828148
0.184,0.138,0.707,0.251,0.154339325
0.184,0.171,1.0,0.94,0.656065623
0.379,0.318,0.688,0.371,0.040749589
0.358,0.319,0.888,0.706,0.256738243
0.377,0.0,0.683,0.148,0.171846709
0.183,0.698,0.514,0.957,0.058179521
0.19,0.227,0.709,0.49,0.238482166
0.318,0.731,0.408,1.0,0.013837924
0.407,0.346,0.673,1.0,0.326542309
0.083,0.0,0.8,0.628,0.693558825
0.07,0.298,0.681,0.795,0.288185098
0.284,0.467,0.845,0.739,0.155661157
0.391,0.081,0.422,0.524,0.020849828
0.434,0.603,0.904,0.776,0.082435475
0.393,0.369,0.605,0.838,0.140065954
0.0,0.243,0.696,0.324,0.086924194
0.386,0.052,0.437,0.315,0.028617309
0.332,0.773,0.609,0.773,0.0
0.277,0.749,0.432,1.0,0.024669026
0.134,0.0,0.924,0.636,0.696722271
0.062,0.0,1.0,0.58,0.67101368
0.753,0.009,0.794,0.1,0.001851941
0.448,0.597,0.654,0.942,0.137606452
0.009,0.0,0.618,0.471,0.403010609
0.269,0.071,0.646,0.373,0.29675807
0.147,0.698,0.626,0.708,0.003135908
0.016,0.637,0.061,0.792,7.4009e-05
0.548,0.0,0.571,0.476,0.04734842
0.015,0.386,0.181,0.928,0.007629791
0.411,0.019,0.544,0.201,0.083457829
0.461,0.364,0.635,0.941,0.194436604
0.774,0.238,0.997,0.971,0.011280318
0.367,0.465,0.7,0.897,0.213747737
0.258,0.577,0.651,1.0,0.218093602
0.284,0.176,0.985,0.686,0.437488382
0.262,0.339,0.884,0.411,0.063824844
0.0,0.013,0.741,0.354,0.460575685
0.089,0.465,0.326,0.728,0.007669377
0.254,0.263,0.489,0.852,0.093478276
0.319,0.003,0.789,0.076,0.095232112
0.467,0.111,0.791,0.272,0.175803598
0.218,0.415,0.862,0.935,0.354882515
0.221,0.368,0.314,0.424,0.00153181
0.563,0.0,0.736,0.698,0.339736529
0.292,0.145,0.815,0.525,0.394521972
0.227,0.53,0.761,1.0,0.332354581
0.173,0.132,0.834,0.546,0.441175053
0.595,0.627,0.826,0.921,0.094092721
0.117,0.02,1.0,0.23,0.314105389
0.399,0.0,0.513,0.519,0.133663332
0.306,0.924,0.548,0.957,0.012996289
0.391,0.212,0.467,0.296,0.013646878
0.062,0.545,0.744,0.731,0.098275079
0.0,0.257,0.855,0.437,0.187944483
0.129,0.457,0.934,1.0,0.404800589
0.407,0.592,0.636,0.761,0.050699469
0.254,0.189,0.764,0.856,0.514435158
0.181,0.046,0.72,0.425,0.460358822
0.455,0.211,0.537,0.388,0.041298631
0.573,0.0,0.815,0.491,0.282663697
0.787,0.007,0.911,0.281,0.004225386
0.534,0.53,0.854,0.679,0.057635643
0.003,0.503,0.3,0.987,0.028930556
0.073,0.262,0.215,0.656,0.004877696
0.334,0.519,0.956,0.873,0.204238467
0.605,0.055,0.995,0.963,0.339640145
0.287,0.232,0.633,0.366,0.105288703
0.078,0.498,1.0,1.0,0.38014189
0.005,0.0,0.855,0.27,0.404220567
0.18,0.085,0.809,0.427,0.430944628
0.114,0.099,0.418,0.464,0.067769685
0.402,0.112,0.811,0.595,0.440748212
0.452,0.028,0.736,0.508,0.427984276
0.469,0.602,0.683,0.86,0.100188981
0.22,0.232,0.879,0.577,0.31107447
0.13,0.297,0.915,0.521,0.197663732
0.083,0.327,0.803,0.663,0.244628338
0.443,0.0,0.505,0.677,0.088175459
0.198,0.353,0.648,0.657,0.147361845
0.344,0.0,0.805,0.594,0.626078291
0.689,0.422,0.854,0.423,0.000335621
0.32,0.099,0.917,0.211,0.163645501
0.088,0.248,0.352,0.304,0.005764081
0.274,0.055,0.965,0.665,0.61441416
0.097,0.82,0.895,0.93,0.105641536
0.149,0.114,0.686,0.809,0.524603623
0.622,0.481,0.871,0.595,0.029684413
0.164,0.0,0.728,0.674,0.671015401
0.22,0.091,1.0,1.0,0.838275285
0.298,0.113,0.594,0.264,0.131864746
0.07,0.251,1.0,0.633,0.319277399
0.283,0.51,0.94,0.964,0.309670024
0.099,0.119,0.108,0.497,0.00037865
0.42,0.0,0.733,0.644,0.557265599
0.455,0.0,0.575,0.557,0.206105898
0.078,0.164,0.283,0.879,0.027741251
0.145,0.0,0.778,0.446,0.567298094
0.106,0.522,0.595,0.528,0.002886343
0.145,0.218,0.466,0.693,0.085197896
0.249,0.197,0.355,0.851,0.028536416
0.193,0.332,0.24,0.352,0.000356275
0.155,0.19,0.326,0.738,0.021961681
0.354,0.75,0.727,0.85,0.058432528
0.354,0.417,0.714,1.0,0.349047868
0.146,0.697,0.917,1.0,0.259696874
0.222,0.988,1.0,0.99,0.003316627
0.604,0.159,0.701,0.54,0.107503804
0.175,0.064,1.0,0.419,0.455660124
0.057,0.137,0.815,0.28,0.203274631
0.09,0.37,0.762,0.703,0.214985233
0.263,0.0,0.593,0.659,0.397397988
0.098,0.43,0.158,0.839,0.002297715
0.573,0.0,0.587,0.544,0.029156024
0.188,0.105,0.834,0.931,0.747504354
0.483,0.126,0.62,0.696,0.213541201
0.599,0.396,0.699,0.751,0.070198206
0.504,0.0,0.645,0.498,0.260023889
0.168,0.0,0.883,0.633,0.691839411
0.259,0.005,0.941,0.587,0.64326038
0.0,0.0,0.708,0.524,0.580346017
0.281,0.398,0.969,0.775,0.229642417
0.406,0.397,0.757,0.926,0.309515122
0.476,0.0,0.562,0.678,0.167783109
0.395,0.395,0.583,0.636,0.063057217
0.064,0.285,0.875,0.375,0.10287223
0.215,0.202,0.901,0.532,0.325692068
0.019,0.0,0.918,0.336,0.480336034
0.389,0.495,0.467,0.632,0.008091055
0.33,0.777,0.985,0.996,0.189522764
0.469,0.58,0.919,0.719,0.061793904
0.296,0.0,0.954,0.359,0.480669935
0.434,0.0,0.622,0.353,0.251366581
0.182,0.02,0.59,0.545,0.351794799
0.608,0.241,0.995,0.725,0.152244704
0.303,0.084,0.828,0.397,0.390620159
0.151,0.08,0.258,0.998,0.026422862
0.266,0.056,1.0,0.494,0.511562584
0.328,0.413,0.787,0.602,0.122730684
0.316,0.851,1.0,0.987,0.133410325
0.435,0.082,0.546,0.425,0.116331504
0.688,0.346,0.84,0.619,0.034625791
0.2,0.663,0.328,0.734,0.001993074
0.393,0.246,0.799,0.754,0.34803412
0.318,0.109,0.963,0.847,0.626024936
0.109,0.081,0.967,0.303,0.320292868
0.139,0.202,0.84,0.999,0.680300923
0.5,0.437,0.782,0.699,0.118754862
0.432,0.664,0.468,0.711,0.00071255
0.375,0.1,0.898,0.554,0.455329666
0.103,0.286,0.628,0.889,0.291505167
0.486,0.697,0.794,0.778,0.038625708
0.464,0.095,0.972,0.174,0.091605681
0.298,0.421,0.421,0.428,0.000702223
0.48,0.578,0.57,0.647,0.009980861
0.304,0.0,0.606,0.685,0.42037686
0.354,0.458,0.705,0.637,0.08972276
0.479,0.0,0.697,0.475,0.37321088
0.163,0.353,0.617,0.685,0.137241572
0.085,0.275,0.468,0.35,0.021250852
0.278,0.092,0.52,0.094,0.0
0.128,0.0,0.809,0.507,0.617136995
0.159,0.453,0.9,0.519,0.044302011
0.315,0.346,0.935,0.826,0.305630521
0.054,0.493,0.823,0.783,0.169259843
0.296,0.033,0.811,0.756,0.683932518
0.364,0.216,0.776,0.34,0.13874068
0.416,0.0,0.619,0.491,0.317213758
0.625,0.716,0.92,0.746,0.00635443
0.355,0.003,0.394,0.971,0.036266032
0.072,0.573,0.11,0.713,0.000239238
0.12,0.513,1.0,0.915,0.270488389
0.262,0.848,0.308,0.981,0.004115233
0.005,0.004,0.133,0.061,0.000912201
0.144,0.052,0.702,0.448,0.451484651
0.491,0.108,0.593,0.286,0.081779722
0.38,0.0,0.528,0.65,0.189586446
0.525,0.655,0.868,0.903,0.123419138
0.099,0.0,0.725,0.675,0.67598948
0.043,0.136,0.255,0.793,0.017483288
0.786,0.227,0.988,0.55,0.003320069
0.78,0.715,0.811,0.786,0.000354554
0.428,0.603,0.658,0.998,0.180443777
0.202,0.0,0.876,0.325,0.461073093
0.175,0.848,1.0,1.0,0.160421816
0.047,0.293,1.0,0.302,0.011275154
0.244,0.335,0.687,0.696,0.205093871
0.164,0.024,0.706,0.905,0.754801966
0.445,0.389,0.733,0.857,0.232592442
0.417,0.0,0.64,0.547,0.371040529
0.02,0.0,0.892,0.58,0.67137856
0.215,0.0,0.846,0.729,0.735602707
0.091,0.654,1.0,0.74,0.046128135
0.0,0.0,0.849,0.865,0.848001418
0.219,0.488,0.294,0.889,0.00896367
0.798,0.296,0.817,0.688,0.000753857
0.777,0.798,0.81,0.886,0.001172093
0.231,0.004,0.652,0.74,0.54568064
0.332,0.057,0.858,0.388,0.418468121
0.339,0.894,0.732,0.983,0.083674692
0.022,0.298,0.848,0.81,0.364343594
0.571,0.625,0.774,0.642,0.005633274
0.359,0.008,0.97,0.364,0.45237792
0.299,0.0,0.548,0.875,0.319332475
0.402,0.0,0.521,0.526,0.145265502
0.519,0.49,0.903,0.69,0.084561076
0.246,0.102,0.539,0.395,0.155428804
0.411,0.534,0.552,1.0,0.091905159
0.345,0.198,0.831,0.427,0.242406353
0.078,0.009,0.807,0.442,0.557067668
0.259,0.011,0.886,0.916,0.847939457
0.759,0.51,0.995,0.604,0.002631615
0.016,0.009,0.555,0.616,0.313838613
0.227,0.325,0.317,0.524,0.005075627
0.313,0.538,0.746,1.0,0.304599561
0.166,0.0,0.792,0.569,0.650411695
0.429,0.601,0.711,0.8,0.087092866
0.18,0.0,0.85,0.19,0.287155859
0.341,0.0,0.978,0.466,0.552659842
0.163,0.204,0.75,0.671,0.386095296
0.387,0.139,0.623,0.788,0.313852382
0.561,0.0,0.81,0.614,0.353200967
0.388,0.613,0.686,0.704,0.036364137
0.486,0.035,0.742,0.648,0.446563926
0.293,0.305,0.916,0.607,0.232081265
0.404,0.052,0.785,0.698,0.56184726
0.5,0.491,0.59,1.0,0.103975477
0.118,0.035,0.636,0.182,0.165459577
0.355,0.622,0.812,1.0,0.266132197
0.496,0.0,0.626,0.499,0.237981315
0.24,0.267,0.843,0.451,0.178980813
0.314,0.554,0.829,0.98,0.290658369
0.416,0.625,0.989,0.815,0.098269915
0.199,0.689,0.967,0.731,0.022156169
0.01,0.871,0.894,1.0,0.144769815
0.057,0.272,0.058,0.361,1.2048e-05
0.156,0.0,0.847,0.63,0.690779192
0.386,0.51,0.952,0.862,0.19376364
0.078,0.2,0.999,0.356,0.198822055
0.419,0.177,0.455,0.317,0.012168423
0.048,0.0,0.83,0.813,0.802795811
0.063,0.156,0.643,0.796,0.393940228
0.374,0.245,0.595,0.643,0.158306541
0.365,0.0,0.851,0.59,0.614045837
0.456,0.168,0.503,0.711,0.043558481
0.198,0.249,0.926,0.795,0.413883018
0.629,0.0,0.658,0.552,0.053797512
0.286,0.119,0.569,0.68,0.25567286
0.195,0.11,0.438,0.841,0.106378182
0.154,0.696,0.63,0.758,0.02171728
0.469,0.135,0.681,1.0,0.471071165
0.66,0.67,0.876,0.674,0.000270218
0.477,0.26,0.799,0.752,0.28755172
0.44,0.664,0.513,1.0,0.032269557
0.416,0.148,0.462,0.374,0.023753382
0.611,0.179,0.792,0.566,0.13860471
0.117,0.099,0.851,0.424,0.412418332
0.369,0.068,0.572,0.182,0.079237606
0.464,0.24,0.76,1.0,0.475694134
0.095,0.502,0.534,0.792,0.052964483
0.004,0.361,0.51,0.366,0.001900133
0.0,0.0,0.85,0.652,0.710276208
0.233,0.353,0.868,1.0,0.478590804
0.029,0.035,0.885,0.415,0.505469767
0.779,0.638,0.942,0.906,0.003201311
0.241,0.267,0.466,0.367,0.023910005
0.015,0.798,0.37,0.984,0.027829029
0.436,0.072,0.604,0.594,0.250432005
0.028,0.788,0.731,0.993,0.19183769
0.0,0.001,0.69,0.232,0.30499198
0.078,0.243,0.687,0.774,0.343813897
0.167,0.0,0.863,0.454,0.579180809
0.141,0.0,1.0,0.342,0.484213751
0.441,0.638,0.969,0.664,0.01269337
0.339,0.357,0.647,0.6,0.115944249
0.113,0.577,0.532,0.649,0.013440342
0.456,0.558,0.717,0.685,0.052059166
0.536,0.366,0.599,0.993,0.100498785
0.295,0.0,0.437,0.528,0.09055751
0.118,0.715,0.984,0.969,0.215701225
0.394,0.349,0.919,0.959,0.398101932
0.44,0.366,0.657,0.415,0.026460727
0.359,0.702,0.697,0.913,0.116897758
0.303,0.348,0.449,1.0,0.061069307
0.397,0.0,0.55,0.539,0.206735833
0.506,0.464,0.794,0.678,0.095614204
0.143,0.009,0.728,0.429,0.516755248
0.03,0.0,0.613,0.501,0.407389176
0.77,0.309,0.84,0.954,0.009941275
0.673,0.298,0.836,0.636,0.055673549
0.432,0.665,0.848,0.734,0.032539775
0.01,0.0,0.971,0.817,0.810177759
0.039,0.352,0.224,0.872,0.009347483
0.002,0.789,0.568,0.91,0.049389686
0.587,0.428,0.899,0.669,0.073877992
0.251,0.314,0.82,0.888,0.396515046
0.055,0.0,0.878,0.539,0.645737093
0.547,0.417,0.731,0.956,0.212689239
0.08,0.301,0.303,0.408,0.006029135
0.117,0.401,0.321,0.52,0.00335105
0.384,0.099,0.932,0.229,0.17773299
0.366,0.017,0.756,0.142,0.167394133
0.13,0.359,0.83,0.866,0.339764067
0.398,0.476,0.692,0.691,0.091151302
0.23,0.132,0.526,0.436,0.134126318
0.212,0.153,0.538,1.0,0.274624276
0.19,0.044,0.69,0.606,0.529419358
0.62,0.129,0.728,0.184,0.021977171
0.8,0.128,0.887,0.471,0.002545558
0.358,0.047,0.84,0.453,0.473386092
0.145,0.0,0.995,0.52,0.628277901
0.025,0.0,0.734,0.572,0.632472307
0.512,0.0,0.581,0.573,0.142892057
0.418,0.723,0.958,0.815,0.050157312
0.105,0.512,0.759,0.729,0.118501855
0.271,0.0,0.357,0.468,0.028059661
0.239,0.137,0.966,0.94,0.696044144
0.007,0.539,0.905,0.949,0.292415647
0.215,0.86,0.462,0.975,0.0249031
0.087,0.021,1.0,0.229,0.315249943
0.148,0.045,0.785,0.183,0.207019821
0.151,0.333,0.485,0.667,0.057232897
0.409,0.384,0.493,0.928,0.042188457
0.237,0.311,0.355,0.625,0.013782848
0.122,0.338,0.529,0.441,0.0346998
0.349,0.19,0.416,0.415,0.020228498
0.288,0.298,0.902,0.829,0.361558797
0.278,0.065,0.599,0.479,0.293164341
0.376,0.0,0.501,0.439,0.123212601
0.034,0.196,0.136,0.759,0.003456039
0.122,0.356,0.3,0.883,0.018801677
0.747,0.263,0.902,0.295,0.001853662
0.158,0.0,0.485,0.551,0.175197758
0.249,0.047,0.703,0.703,0.581926019
0.683,0.694,0.825,0.925,0.03298727
0.358,0.0,0.913,0.328,0.432022058
0.195,0.007,0.944,0.243,0.345889586
0.213,0.151,0.302,0.653,0.013607292
0.823,0.377,0.846,0.507,5.5076e-05
0.409,0.275,0.741,0.462,0.149786924
0.37,0.335,0.681,0.843,0.24793808
0.304,0.414,0.855,0.508,0.065363538
0.201,0.111,0.799,0.963,0.767366251
0.139,0.201,1.0,0.516,0.31829291
0.0,0.0,0.68,0.306,0.383468844
0.055,0.178,0.116,0.542,0.001679828
0.178,0.34,0.36,0.54,0.011194261
0.487,0.018,0.709,0.34,0.286068102
0.536,0.153,0.72,0.251,0.073516554
0.282,0.36,0.658,0.973,0.314874736
0.406,0.178,0.925,0.899,0.523954755
0.559,0.096,0.578,0.121,0.002445733
0.276,0.477,0.387,0.546,0.003755516
0.516,0.042,0.566,0.135,0.0212629
0.57,0.579,0.905,0.968,0.152805794
0.656,0.512,0.701,0.808,0.02529724
0.443,0.34,0.509,0.41,0.008404301
0.338,0.537,0.918,0.705,0.088376832
0.22,0.0,0.82,0.69,0.71272194
0.35,0.194,0.93,0.703,0.408458001
0.187,0.055,0.562,0.974,0.405580263
0.141,0.062,0.918,0.216,0.233991725
0.0,0.0,0.773,0.72,0.735666389
0.604,0.624,0.803,0.952,0.102700116
0.131,0.235,0.518,0.469,0.081673012
0.08,0.046,0.354,0.292,0.028994238
0.382,0.48,0.758,1.0,0.328284097
0.358,0.385,0.499,0.742,0.039968193
0.643,0.466,0.648,0.874,0.003855342
0.352,0.842,0.631,0.859,0.00759881
0.503,0.145,0.59,0.45,0.097977322
0.355,0.069,0.443,0.374,0.049716701
0.064,0.024,0.826,0.459,0.552344874
0.175,0.12,0.992,0.413,0.367236821
0.328,0.685,0.79,0.708,0.011251058
0.302,0.528,0.731,0.932,0.23842881
0.096,0.012,0.379,0.555,0.066771426
0.349,0.634,0.63,1.0,0.162167046
0.138,0.003,0.513,0.436,0.192510654
0.437,0.0,0.712,0.579,0.489062188
0.392,0.266,0.709,0.71,0.26710808
0.149,0.0,0.503,0.507,0.194094098
0.446,0.213,0.851,0.253,0.046126414
0.284,0.449,0.61,1.0,0.220773409
0.223,0.312,0.52,0.463,0.044928504
0.49,0.0,0.754,0.426,0.38274941
0.0,0.0,0.879,0.528,0.63960469
0.151,0.0,1.0,0.315,0.45334864
0.446,0.5,0.663,1.0,0.215914645
0.221,0.386,0.947,0.458,0.057978148
0.11,0.167,0.735,0.511,0.347051352
0.313,0.0,0.368,0.556,0.028190468
0.085,0.029,0.616,0.466,0.366524271
0.548,0.086,0.791,0.165,0.067005501
0.193,0.0,0.657,0.744,0.57176616
0.186,0.215,0.967,0.258,0.056639106
0.155,0.913,0.691,0.947,0.031846158
0.017,0.641,0.232,0.905,0.009232167
0.24,0.076,0.576,0.158,0.066304999
0.424,0.374,0.725,0.82,0.228122655
0.273,0.673,0.825,0.998,0.253357934
0.174,0.134,0.756,0.157,0.033694657
0.168,0.254,0.875,0.724,0.361524375
0.491,0.174,0.601,0.293,0.056663201
0.182,0.443,0.969,0.879,0.278964978
0.184,0.196,0.732,0.627,0.367352137
0.193,0.567,0.985,0.71,0.076282418
0.397,0.259,0.427,0.464,0.008185717
0.008,0.071,0.02,0.447,5.6797e-05
0.063,0.0,0.86,0.374,0.516794834
0.201,0.073,0.439,0.981,0.142601186
0.795,0.287,0.844,0.871,0.002459502
0.501,0.315,0.933,0.925,0.333258177
0.516,0.418,0.532,0.964,0.016300868
0.465,0.008,0.816,0.885,0.655888347
0.101,0.535,0.328,0.61,0.001891527
0.237,0.239,0.978,0.723,0.376453498
0.071,0.735,0.204,0.903,0.005268394
0.265,0.073,0.816,0.177,0.157432204
0.164,0.557,0.916,1.0,0.334196196
0.047,0.0,0.823,0.446,0.578877889
0.092,0.317,0.606,0.91,0.251008585
0.347,0.227,0.962,0.301,0.090745114
0.382,0.136,0.594,0.451,0.187472892
0.42,0.0,0.555,0.553,0.201284999
0.043,0.342,0.368,0.387,0.004727957
0.185,0.382,0.673,0.479,0.060205297
0.316,0.0,0.567,0.656,0.321742064
0.354,0.521,0.786,1.0,0.319557944
0.007,0.204,0.944,0.467,0.283694657
0.16,0.173,0.659,0.37,0.19449168
0.873,0.104,0.897,0.92,0.000268497
0.363,0.652,0.562,1.0,0.092856946
0.269,0.014,0.741,0.313,0.396759447
0.576,0.0,0.623,0.728,0.106455633
0.525,0.0,0.696,0.343,0.24798283
0.765,0.366,0.845,0.458,0.001631636
0.4,0.0,0.723,0.59,0.543599788
0.458,0.132,0.588,0.91,0.239341012
0.17,0.0,0.745,0.263,0.375143715
0.271,0.0,0.875,0.214,0.31573014
0.123,0.847,0.742,1.0,0.15718264
0.0,0.712,0.777,1.0,0.251282245
0.163,0.175,0.701,0.53,0.326600828
0.026,0.0,1.0,0.421,0.562608001
0.239,0.257,0.95,0.627,0.304563417
0.108,0.102,1.0,0.987,0.828807322
0.155,0.058,0.687,0.58,0.496779757
0.071,0.003,0.087,0.434,0.00077279
0.342,0.092,0.919,1.0,0.786104246
0.111,0.0,0.677,0.12,0.153630218
0.443,0.0,0.9,0.407,0.438032261
0.045,0.0,0.853,0.526,0.636739
0.664,0.359,0.923,0.55,0.036772046
0.287,0.618,0.653,0.854,0.092884484
0.239,0.0,0.635,0.55,0.447353927
0.514,0.223,0.603,0.532,0.082829615
0.021,0.025,0.852,0.213,0.28874963
0.003,0.062,0.629,0.376,0.307152004
0.123,0.0,0.96,0.579,0.667068839
0.004,0.52,0.266,0.666,0.001783096
0.294,0.57,0.358,0.602,0.00081926
0.142,0.473,1.0,0.954,0.341094504
0.205,0.032,0.452,0.095,0.019827473
0.071,0.113,0.54,0.272,0.102398918
0.61,0.092,0.645,0.243,0.021331745
0.335,0.0,0.745,0.034,0.046000771
0.264,0.026,0.641,0.437,0.375665219
0.341,0.025,0.745,0.325,0.387324186
0.205,0.513,0.64,1.0,0.243015635
0.12,0.0,0.98,0.222,0.334974149
0.342,0.0,0.954,0.537,0.598588325
0.426,0.581,0.783,0.825,0.119174819
0.089,0.35,0.289,0.777,0.010987725
0.024,0.385,0.37,0.962,0.047856154
0.377,0.264,0.539,0.739,0.09803412
0.281,0.0,0.796,0.764,0.735941771
0.55,0.251,0.678,0.893,0.198321205
0.0,0.498,0.849,1.0,0.380327773
0.428,0.081,0.699,0.886,0.532343566
0.435,0.233,0.694,0.706,0.266577971
0.367,0.828,0.815,0.981,0.137002334
0.429,0.098,0.786,0.863,0.57486076
0.378,0.392,0.585,0.401,0.00338203
0.149,0.101,0.227,0.705,0.006679724
0.123,0.0,0.88,0.101,0.151977928
0.344,0.716,0.924,0.99,0.21469264
0.201,0.429,0.725,0.432,0.001839893
0.353,0.075,0.919,0.509,0.476594287
0.068,0.527,0.941,0.988,0.348204512
0.141,0.648,0.27,0.666,0.000237517
0.162,0.565,1.0,0.885,0.20250012
0.206,0.396,0.519,0.74,0.059663139
0.13,0.686,0.259,0.792,0.002511136
0.027,0.628,0.694,0.935,0.19110965
0.226,0.0,0.413,0.39,0.068962431
0.195,0.406,0.983,0.871,0.297498158
0.597,0.495,0.763,0.726,0.056571981
0.434,0.34,0.683,0.361,0.012624524
0.61,0.029,0.797,0.93,0.319012344
0.307,0.168,0.778,0.217,0.070229186
0.499,0.403,0.763,0.947,0.275758504
0.111,0.164,0.137,0.567,0.001084315
0.441,0.36,0.75,1.0,0.381942197
0.287,0.0,0.651,0.773,0.549393128
0.669,0.489,0.961,0.847,0.053831935
0.301,0.0,0.888,0.754,0.729738801
0.178,0.678,0.191,0.735,2.5817e-05
0.0,0.109,0.742,0.191,0.122491446
0.263,0.011,0.915,0.947,0.879035201
0.08,0.338,0.234,0.457,0.002363118
0.349,0.662,0.353,0.77,9.122e-05
0.167,0.42,0.596,0.829,0.133296731
0.162,0.362,0.973,0.377,0.015903286
0.058,0.902,0.212,0.906,0.000342506
0.143,0.353,0.988,0.747,0.259029073
0.5,0.531,0.584,0.639,0.01618211
0.118,0.0,0.844,0.612,0.684681211
0.145,0.44,0.359,0.575,0.005791619
0.162,0.094,0.663,0.69,0.4571403
0.273,0.057,0.589,0.259,0.173089368
0.371,0.054,0.516,0.741,0.162292689
0.183,0.172,0.753,0.476,0.324809126
0.635,0.617,0.845,0.804,0.036593048
0.478,0.202,0.955,0.253,0.053575486
0.188,0.26,0.788,0.882,0.462921592
0.495,0.116,0.811,0.373,0.23389362
0.53,0.725,0.695,0.794,0.023329983
0.0,0.847,0.509,1.0,0.055687318
0.046,0.175,0.619,0.721,0.312683731
0.447,0.403,0.881,0.702,0.157616366
0.315,0.249,1.0,0.501,0.235704254
0.22,0.111,0.295,0.146,0.001318389
