0.101,0.736,0.662,0.916,0.108054567
0.041,0.0,0.85,0.553,0.65446841
0.338,0.0,0.591,0.545,0.336724543
0.131,0.226,0.231,0.277,0.000791722
0.0,0.0,0.801,0.61,0.68490668
0.143,0.353,0.988,0.747,0.259029073
0.354,0.521,0.786,1.0,0.319557944
0.163,0.204,0.75,0.671,0.386095296
0.544,0.13,0.689,0.896,0.303117664
0.141,0.0,1.0,0.342,0.484213751
0.26,0.111,0.292,0.466,0.005215039
0.057,0.72,0.655,1.0,0.185366223
0.461,0.142,0.714,0.236,0.094252787
0.298,0.113,0.594,0.264,0.131864746
0.055,0.335,0.436,0.965,0.083435454
0.125,0.0,0.791,0.252,0.374660076
0.0,0.0,0.908,0.614,0.691930631
0.18,0.385,0.659,0.923,0.272391964
0.253,0.068,0.988,0.951,0.809090002
0.242,0.055,0.279,0.227,0.003141071
0.199,0.572,0.871,1.0,0.321416769
0.163,0.067,0.171,0.741,0.000655752
0.576,0.05,0.675,0.284,0.099159742
0.007,0.539,0.905,0.949,0.292415647
0.268,0.0,0.897,0.679,0.699501904
0.141,0.0,1.0,0.614,0.685799949
0.439,0.646,0.445,0.691,0.00010671
0.347,0.319,0.761,0.403,0.077056928
0.379,0.697,0.44,0.892,0.005616063
0.325,0.0,1.0,0.464,0.559707889
0.608,0.725,0.786,0.988,0.09225627
0.012,0.0,0.815,0.467,0.594937798
0.094,0.076,0.354,0.206,0.015600366
0.214,0.319,0.802,0.985,0.503738305
0.218,0.0,0.789,0.539,0.626179838
0.4,0.738,0.606,0.934,0.070323849
0.062,0.184,0.816,0.682,0.440679366
0.328,0.001,0.405,0.156,0.018643333
0.494,0.282,0.832,0.316,0.027567417
0.009,0.27,0.65,0.325,0.050186571
0.799,0.051,0.992,0.151,0.001277082
0.465,0.002,0.663,0.745,0.417302913
0.368,0.0,0.674,0.465,0.436722477
0.397,0.913,0.736,1.0,0.078239348
0.172,0.0,0.883,0.441,0.568871211
0.333,0.869,0.655,1.0,0.094965336
0.407,0.182,0.653,0.601,0.246623133
0.0,0.243,0.696,0.324,0.086924194
0.453,0.097,0.93,0.151,0.068253324
0.22,0.111,0.295,0.146,0.001318389
0.014,0.101,0.827,0.816,0.652502874
0.767,0.112,0.98,0.891,0.016479866
0.391,0.028,0.514,0.272,0.085762428
0.156,0.352,1.0,0.575,0.168342478
0.103,0.712,0.777,1.0,0.249339084
0.216,0.675,0.704,0.822,0.074871087
0.251,0.554,0.439,1.0,0.042451791
0.54,0.245,0.802,0.272,0.019593399
0.002,0.0,0.646,0.267,0.305592656
0.722,0.388,0.895,0.78,0.021684578
0.502,0.244,0.936,0.374,0.102836086
0.574,0.453,0.631,0.624,0.018249193
0.789,0.049,0.998,0.098,0.000802049
0.759,0.51,0.995,0.604,0.002631615
0.0,0.113,0.792,0.482,0.432801732
0.338,0.635,0.725,0.865,0.120013012
0.244,0.104,0.852,0.373,0.349708784
0.352,0.671,0.751,0.723,0.024879004
0.602,0.379,0.625,0.721,0.01493945
0.252,0.196,0.9,0.286,0.117138717
0.432,0.032,0.49,0.646,0.071120734
0.616,0.3,0.974,0.951,0.193479653
0.279,0.462,1.0,1.0,0.378992172
0.031,0.149,0.995,0.842,0.600713927
0.071,0.87,0.535,0.99,0.054064288
0.01,0.82,0.69,0.968,0.128592869
0.311,0.0,0.687,0.312,0.37149663
0.614,0.46,0.783,0.947,0.132955946
0.104,0.0,0.718,0.383,0.491540622
0.411,0.534,0.552,1.0,0.091905159
0.604,0.168,0.634,0.721,0.040894164
0.404,0.019,0.962,0.391,0.434398945
0.425,0.776,0.585,0.942,0.052646073
0.088,0.0,0.546,0.829,0.340714133
0.425,0.114,0.644,0.847,0.367995842
0.575,0.005,0.839,0.429,0.250476754
0.347,0.0,1.0,0.147,0.206006072
0.139,0.416,0.351,0.448,0.001366581
0.498,0.132,0.622,0.619,0.179621075
0.0,0.691,0.797,1.0,0.265627904
0.656,0.0,0.659,0.571,0.005757196
0.312,0.041,0.447,0.209,0.04270824
0.311,0.632,0.772,1.0,0.262309556
0.594,0.412,0.677,0.558,0.025990857
0.0,0.0,0.876,0.446,0.581433774
0.277,0.043,0.609,0.242,0.188737926
0.243,0.211,0.672,0.572,0.267083984
0.519,0.219,0.68,0.222,0.00201717
0.29,0.575,0.894,0.608,0.019373094
0.226,0.229,0.459,0.459,0.048709837
0.274,0.001,0.623,0.865,0.52224911
0.457,0.629,0.56,1.0,0.070957226
0.118,0.0,0.844,0.612,0.684681211
0.416,0.501,0.439,0.782,0.003831246
0.369,0.073,0.774,0.243,0.229546033
0.223,0.054,0.614,0.094,0.037446731
0.241,0.663,0.851,1.0,0.264615877
0.345,0.559,0.506,0.617,0.007096239
0.517,0.0,0.555,0.2,0.035785836
0.003,0.073,0.791,0.68,0.611663787
0.348,0.697,0.732,1.0,0.214863032
0.294,0.149,0.34,0.601,0.010994609
0.0,0.103,0.864,0.247,0.21299388
0.68,0.533,0.96,0.832,0.036522481
0.295,0.0,0.437,0.528,0.09055751
0.0,0.0,0.815,0.483,0.604811949
0.181,0.0,0.562,0.332,0.23406057
0.068,0.395,0.578,0.494,0.036190302
0.25,0.32,0.42,0.518,0.020822289
0.037,0.346,0.84,0.359,0.014151171
0.377,0.249,0.751,0.718,0.319525242
0.431,0.292,0.765,1.0,0.454143804
0.548,0.086,0.791,0.165,0.067005501
0.426,0.0,0.449,0.391,0.022040853
0.321,0.289,0.897,1.0,0.524741313
0.46,0.122,0.608,0.407,0.153855686
0.299,0.0,0.876,0.537,0.61294259
0.178,0.396,0.447,0.727,0.032799667
0.116,0.454,0.823,0.912,0.308005687
0.402,0.724,0.656,0.838,0.042205669
0.63,0.282,0.63,0.961,0.0
0.651,0.0,0.656,0.53,0.008844912
0.432,0.657,0.473,0.819,0.003690113
0.119,0.232,0.774,0.847,0.467475715
0.368,0.0,0.528,0.734,0.207212588
0.207,0.0,1.0,0.677,0.711494771
0.139,0.244,0.88,0.998,0.624169552
0.381,0.646,0.577,0.728,0.017089148
0.137,0.111,0.246,0.762,0.011195982
0.535,0.354,0.542,0.957,0.010104783
0.082,0.109,0.119,0.919,0.00336654
0.272,0.602,0.6,0.648,0.014113306
0.385,0.0,0.459,0.741,0.080762532
0.6,0.117,0.788,0.87,0.268288779
0.0,0.0,0.928,0.542,0.648860953
0.244,0.033,0.408,0.267,0.041018086
0.372,0.0,0.497,0.807,0.152191349
0.519,0.979,0.822,0.983,0.002080852
0.002,0.664,0.353,0.723,0.002545558
0.173,0.004,0.927,0.185,0.268507363
0.006,0.0,0.664,0.641,0.557713094
0.544,0.045,0.922,0.611,0.355517614
0.0,0.0,0.718,0.591,0.628876856
0.053,0.124,0.469,0.233,0.043188437
0.291,0.227,0.553,0.379,0.076044901
0.288,0.466,0.567,1.0,0.158079351
0.208,0.231,0.98,0.27,0.051076398
0.273,0.0,1.0,0.66,0.688772349
0.274,0.0,0.763,0.342,0.457481085
0.385,0.346,0.518,0.71,0.049221014
0.402,0.0,0.456,0.317,0.042074862
0.284,0.611,0.344,0.835,0.003894928
0.378,0.0,0.506,0.347,0.111360867
0.391,0.056,0.6,0.571,0.285202371
0.358,0.047,0.84,0.453,0.473386092
0.032,0.789,1.0,0.961,0.163490599
0.429,0.327,0.429,0.534,0.0
0.367,0.094,0.586,0.655,0.270202681
0.4,0.0,0.808,0.345,0.421187514
0.0,0.729,0.74,1.0,0.233015841
0.082,0.304,0.471,0.698,0.063420377
0.2,0.0,0.828,0.314,0.447443426
0.225,0.0,0.712,0.548,0.582991401
0.168,0.0,0.883,0.633,0.691839411
0.224,0.063,0.742,0.703,0.603082208
0.227,0.0,0.674,0.403,0.442811852
0.782,0.007,0.81,0.734,0.005325191
0.797,0.63,0.952,0.821,0.000829587
0.233,0.069,0.699,0.282,0.278374629
0.295,0.24,0.622,0.583,0.186922129
0.018,0.172,0.381,0.308,0.020199239
0.011,0.06,0.998,0.55,0.565977983
0.176,0.441,0.925,0.829,0.237224016
0.019,0.285,0.062,0.294,6.885e-06
0.266,0.939,0.868,1.0,0.062986651
0.524,0.109,0.634,0.147,0.019768955
0.035,0.252,0.097,0.305,0.000256449
0.0,0.768,0.924,0.931,0.145071014
0.841,0.037,0.9,0.528,0.001120459
0.017,0.292,0.598,0.757,0.190527906
0.196,0.523,0.69,1.0,0.293703056
0.534,0.53,0.854,0.679,0.057635643
0.356,0.0,0.464,0.395,0.084907024
0.689,0.422,0.854,0.423,0.000335621
0.945,0.009,0.986,0.681,0.000123922
0.692,0.048,0.98,0.168,0.019737974
0.095,0.725,0.439,0.914,0.027130249
0.2,0.101,0.249,0.848,0.009170206
0.004,0.0,0.63,0.548,0.45510764
0.381,0.571,0.814,0.988,0.276366065
0.019,0.057,0.85,0.466,0.510435241
0.597,0.64,0.793,0.927,0.092004984
0.687,0.188,0.896,0.972,0.108283478
0.0,0.461,0.87,0.727,0.159143013
0.496,0.332,0.504,0.363,0.000633378
0.057,0.137,0.815,0.28,0.203274631
0.024,0.385,0.37,0.962,0.047856154
0.101,0.248,1.0,1.0,0.622944104
0.383,0.209,0.734,0.48,0.236325584
0.484,0.055,0.954,0.939,0.62659291
0.0,0.0,0.829,0.549,0.65020688
0.827,0.611,0.905,0.791,0.000230632
0.0,0.0,0.969,0.358,0.503962052
0.054,0.493,0.823,0.783,0.169259843
0.577,0.907,0.847,0.931,0.012560842
0.374,0.207,0.84,0.477,0.25588456
0.229,0.222,0.612,0.416,0.138167542
0.307,0.04,0.852,0.232,0.277119922
0.09,0.247,0.733,0.423,0.182127047
0.038,0.0,0.768,0.371,0.506924125
0.226,0.363,0.429,0.996,0.063891968
0.161,0.099,0.958,0.296,0.283458861
0.774,0.571,0.849,0.83,0.002645384
0.306,0.282,0.764,0.914,0.437407489
0.228,0.241,0.536,0.871,0.16329439
0.442,0.035,0.56,0.138,0.045374278
0.08,0.167,0.449,0.538,0.078129195
0.889,0.347,0.935,0.846,5.6797e-05
0.535,0.014,0.709,0.696,0.365314314
0.249,0.429,0.258,0.628,0.000165229
0.181,0.575,0.936,0.597,0.013788011
0.391,0.576,0.472,1.0,0.027548484
0.938,0.193,0.967,0.791,0.0
0.41,0.098,0.492,0.516,0.07229799
0.495,0.116,0.811,0.373,0.23389362
0.228,0.769,0.96,1.0,0.21031063
0.008,0.439,0.147,0.457,0.000108431
0.286,0.419,0.812,1.0,0.408762642
0.419,0.177,0.455,0.317,0.012168423
0.196,0.303,0.539,0.75,0.112455509
0.633,0.175,0.782,0.28,0.038210915
0.099,0.41,0.577,0.426,0.007304496
0.087,0.163,0.761,0.26,0.136673597
0.793,0.444,0.867,0.829,0.001454359
0.454,0.678,0.872,0.907,0.135518716
0.407,0.0,0.831,0.609,0.589493849
0.3,0.227,0.489,0.88,0.101405823
0.343,0.371,1.0,0.412,0.035732481
0.843,0.426,0.94,0.435,0.0
0.113,0.206,0.767,0.582,0.345090979
0.718,0.046,0.823,0.354,0.025951271
0.241,0.0,0.688,0.163,0.211045555
0.014,0.609,0.45,0.794,0.015667491
0.0,0.0,0.841,0.702,0.736268786
0.354,0.75,0.727,0.85,0.058432528
0.524,0.105,0.533,0.995,0.021183728
0.239,0.294,0.578,0.741,0.156946844
0.022,0.0,0.609,0.241,0.239807439
0.542,0.271,0.663,0.38,0.043716825
0.043,0.109,0.319,0.886,0.043684124
0.375,0.241,0.799,0.638,0.30380956
0.243,0.385,0.535,0.931,0.117933881
0.319,0.0,0.954,0.268,0.378167749
0.642,0.359,0.735,0.926,0.101405823
0.272,0.264,0.763,0.369,0.108033913
0.05,0.231,0.766,0.463,0.23519824
0.288,0.06,0.959,0.402,0.436278425
0.121,0.0,0.834,0.745,0.754617805
0.075,0.117,0.101,0.655,0.00113767
0.389,0.731,0.671,1.0,0.155318651
0.448,0.208,0.978,0.989,0.540930308
0.339,0.268,0.489,0.52,0.04700075
0.58,0.746,0.678,0.892,0.035288428
0.447,0.231,0.847,0.802,0.363517449
0.123,0.085,0.577,0.246,0.136501484
0.496,0.551,0.714,0.977,0.204417465
0.315,0.103,0.998,0.885,0.668234047
0.0,0.0,0.68,0.306,0.383468844
0.203,0.57,1.0,1.0,0.321471846
0.392,0.58,0.535,1.0,0.07024984
0.189,0.862,0.251,0.975,0.004653949
0.181,0.227,0.474,0.339,0.034484658
0.185,0.093,0.459,0.357,0.079857215
0.346,0.0,0.728,0.719,0.646637247
0.253,0.161,0.747,0.959,0.647138097
0.193,0.0,0.754,0.35,0.471422277
0.318,0.428,0.96,0.858,0.254695256
0.079,0.058,0.954,0.591,0.592116858
0.347,0.148,0.4,0.902,0.031854764
0.192,0.033,0.657,0.046,0.014898143
0.289,0.0,1.0,0.105,0.149496052
0.638,0.772,0.859,0.965,0.055695924
0.188,0.26,0.788,0.882,0.462921592
0.422,0.065,0.425,0.435,0.002440569
0.01,0.796,0.229,0.857,0.002860526
0.313,0.0,0.484,0.722,0.16082284
0.416,0.0,0.736,0.641,0.562589069
0.007,0.204,0.944,0.467,0.283694657
0.552,0.352,0.829,0.461,0.053479102
0.677,0.473,0.788,0.626,0.022207803
0.003,0.162,0.631,0.189,0.031586267
0.519,0.609,0.545,0.891,0.014426552
0.422,0.069,0.503,0.865,0.106075262
0.14,0.11,0.534,0.285,0.104278397
0.0,0.0,0.863,0.721,0.747449278
0.2,0.0,0.532,0.643,0.262302672
0.162,0.565,1.0,0.885,0.20250012
0.101,0.273,0.286,0.594,0.00975195
0.026,0.224,0.612,0.293,0.060955712
0.284,0.449,0.61,1.0,0.220773409
0.532,0.126,0.923,0.751,0.357302431
0.232,0.218,0.864,1.0,0.641917895
0.299,0.0,0.548,0.875,0.319332475
0.323,0.665,0.693,0.759,0.041076604
0.005,0.0,0.855,0.27,0.404220567
0.352,0.164,0.403,0.758,0.026471054
0.352,0.359,0.533,0.541,0.039307278
0.0,0.417,0.926,1.0,0.43910797
0.476,0.163,0.505,0.686,0.028529531
0.49,0.0,0.754,0.426,0.38274941
0.092,0.0,0.905,0.627,0.696407303
0.37,0.065,0.905,0.526,0.487735193
0.461,0.423,0.47,1.0,0.00555066
0.237,0.027,0.559,0.089,0.043494799
0.053,0.331,1.0,0.342,0.011820754
0.12,0.292,0.855,0.51,0.193727496
0.026,0.228,0.931,0.588,0.327404597
0.13,0.297,0.915,0.521,0.197663732
0.439,0.109,0.836,0.475,0.350349046
0.222,0.066,1.0,0.65,0.601176912
0.32,0.479,0.633,1.0,0.227503046
0.074,0.145,0.877,0.428,0.343992895
0.463,0.0,0.568,0.624,0.190348908
0.064,0.077,0.762,0.39,0.410408047
0.53,0.679,0.89,0.959,0.150263678
0.301,0.226,0.401,0.268,0.004714188
0.033,0.427,0.482,0.457,0.005289047
0.142,0.73,0.816,0.986,0.225917881
0.727,0.092,0.876,0.93,0.051396529
0.224,0.544,0.348,0.788,0.007764039
0.324,0.647,0.565,0.989,0.100073665
0.803,0.139,0.963,0.487,0.00232009
0.379,0.225,0.512,0.538,0.066093299
0.337,0.511,0.435,0.775,0.012331931
0.053,0.195,0.157,0.924,0.007469725
0.224,0.177,0.712,0.817,0.472862867
0.468,0.164,0.883,0.742,0.391040116
0.484,0.73,0.903,0.812,0.042185015
0.551,0.153,0.807,0.363,0.141234604
0.401,0.0,0.938,0.703,0.641382622
0.353,0.317,0.81,0.91,0.392033211
0.098,0.487,0.295,0.87,0.013917096
0.828,0.581,0.911,0.857,0.000325294
0.278,0.468,1.0,1.0,0.375544739
0.038,0.0,0.72,0.619,0.644287898
0.172,0.0,0.984,0.473,0.593156424
0.473,0.013,0.55,0.625,0.130697817
0.388,0.0,0.991,0.213,0.286102525
0.577,0.0,0.746,0.617,0.292744384
0.077,0.0,0.831,0.226,0.342973983
0.349,0.684,0.796,0.961,0.194940896
0.036,0.268,0.466,0.562,0.058928215
0.345,0.0,0.392,0.548,0.032278163
0.483,0.126,0.62,0.696,0.213541201
0.39,0.0,0.733,0.626,0.577612855
0.005,0.369,0.941,0.404,0.033679167
0.256,0.0,0.982,0.474,0.581065451
0.071,0.0,1.0,0.371,0.516287099
0.08,0.51,0.467,0.659,0.017481567
0.703,0.59,0.991,1.0,0.038665294
0.418,0.723,0.958,0.815,0.050157312
0.662,0.395,0.815,0.941,0.097631374
0.0,0.0,0.777,0.304,0.439419496
0.672,0.758,0.898,0.9,0.026701686
0.533,0.468,0.619,0.994,0.110369493
0.458,0.132,0.588,0.91,0.239341012
0.407,0.318,0.674,0.872,0.256027414
0.0,0.0,0.67,0.643,0.571480451
0.353,0.0,0.753,0.259,0.347559087
0.054,0.045,1.0,0.582,0.604522798
0.0,0.022,0.981,0.372,0.484559699
0.317,0.442,0.668,0.481,0.019829195
0.054,0.074,0.682,0.176,0.142694127
0.29,0.251,0.594,1.0,0.308836995
0.178,0.011,0.997,0.267,0.377417334
0.528,0.07,0.879,0.467,0.300754546
0.289,0.14,0.601,0.344,0.163313322
0.192,0.0,0.905,0.866,0.833394147
0.068,0.189,0.911,0.434,0.279267898
0.316,0.024,0.502,0.097,0.029001122
0.248,0.042,0.765,0.743,0.660118896
0.182,0.342,0.411,0.474,0.014307794
0.072,0.012,0.818,0.68,0.700007917
0.454,0.296,0.758,0.655,0.212262397
0.291,0.037,0.418,0.152,0.020601984
0.531,0.116,0.535,0.785,0.007177132
0.58,0.244,0.7,0.259,0.007332034
0.721,0.149,0.941,0.526,0.029465829
0.705,0.299,0.742,0.871,0.026897895
0.054,0.819,0.955,0.845,0.022061506
0.62,0.129,0.728,0.184,0.021977171
0.116,0.209,0.978,0.385,0.207997425
0.066,0.0,0.892,0.496,0.615541503
0.098,0.086,0.606,0.333,0.226742305
0.208,0.256,0.634,0.341,0.068828183
0.002,0.789,0.568,0.91,0.049389686
0.76,0.336,0.851,0.674,0.007638396
0.0,0.08,0.968,0.559,0.540327911
0.36,0.021,0.978,0.062,0.054527273
0.685,0.569,0.993,0.844,0.030111254
0.0,0.0,0.871,0.386,0.530710209
0.0,0.093,0.904,0.257,0.247227252
0.035,0.698,0.975,0.7,0.0
0.13,0.0,0.628,0.103,0.109011518
0.062,0.601,0.863,1.0,0.313688874
0.363,0.468,0.936,0.681,0.119393403
0.089,0.35,0.289,0.777,0.010987725
0.191,0.0,0.884,0.708,0.728120934
0.248,0.668,0.583,1.0,0.128209056
0.046,0.516,0.956,1.0,0.368152465
0.339,0.004,0.748,0.347,0.429664103
0.543,0.319,0.781,0.842,0.227998733
0.222,0.201,0.672,0.215,0.016335291
0.175,0.371,0.558,0.873,0.134229586
0.47,0.13,0.813,1.0,0.608292083
0.069,0.508,0.988,0.759,0.145193215
0.694,0.254,0.793,0.732,0.050396549
0.573,0.062,0.989,0.544,0.261039359
0.067,0.0,0.968,0.488,0.610613894
0.201,0.117,0.797,0.678,0.534761761
0.181,0.312,0.858,0.946,0.472035001
0.039,0.354,0.718,0.976,0.429739833
0.256,0.509,0.414,1.0,0.036653288
0.103,0.171,0.651,0.946,0.492411516
0.162,0.577,0.914,0.938,0.252299436
0.0,0.0,0.747,0.436,0.553814723
0.145,0.0,0.778,0.446,0.567298094
0.54,0.424,0.68,0.646,0.062978045
0.28,0.267,0.712,0.327,0.060114077
0.314,0.744,0.779,1.0,0.208876925
0.302,0.202,0.963,0.628,0.372339986
0.043,0.342,0.368,0.387,0.004727957
0.13,0.359,0.83,0.866,0.339764067
0.279,0.566,0.714,1.0,0.279097506
0.318,0.0,0.33,0.323,0.003204753
0.126,0.091,0.741,0.881,0.687935877
0.072,0.131,0.114,0.924,0.003268435
0.773,0.473,0.971,0.777,0.003294252
0.526,0.102,0.942,0.79,0.410695476
0.055,0.178,0.116,0.542,0.001679828
0.272,0.313,0.283,0.97,0.002721114
-0.0,0.427,0.985,0.495,0.049408618
0.067,0.375,0.819,1.0,0.478656207
0.475,0.054,0.675,0.696,0.372932056
0.183,0.072,0.474,0.156,0.034255747
0.16,0.669,1.0,1.0,0.273120004
0.437,0.409,0.91,0.97,0.341996379
0.459,0.269,0.556,0.919,0.112753265
0.028,0.006,0.249,0.807,0.02476713
0.399,0.199,0.961,0.418,0.221406787
0.039,0.312,0.99,0.477,0.148563197
0.33,0.194,0.98,0.591,0.358348881
0.4,0.514,0.83,0.923,0.241070752
0.62,0.929,0.827,0.95,0.006986086
0.6,0.361,0.879,0.866,0.153452941
0.506,0.004,0.642,0.484,0.243714416
0.108,0.189,0.544,0.948,0.254469787
0.08,0.605,0.615,0.637,0.011204588
0.341,0.533,0.898,0.978,0.299988641
0.491,0.174,0.601,0.293,0.056663201
0.157,0.436,0.938,1.0,0.41881579
0.0,0.013,0.741,0.354,0.460575685
0.975,0.406,0.995,0.715,0.0
0.244,0.335,0.687,0.696,0.205093871
0.109,0.0,0.765,0.588,0.657864209
0.317,0.796,0.992,0.825,0.017216512
0.78,0.08,0.859,0.826,0.008586742
0.29,0.508,0.333,0.994,0.008607395
0.021,0.073,0.781,0.368,0.400218928
0.397,0.015,0.71,0.759,0.584239224
0.246,0.102,0.539,0.395,0.155428804
0.442,0.563,0.625,0.593,0.008302755
0.235,0.273,0.716,0.339,0.069530406
0.525,0.186,0.979,0.702,0.295011119
0.469,0.885,0.719,0.952,0.048988661
0.241,0.0,1.0,0.757,0.748068887
0.143,0.285,0.506,0.54,0.066494324
0.172,0.165,1.0,1.0,0.73219486
0.53,0.725,0.695,0.794,0.023329983
0.25,0.398,1.0,1.0,0.434257812
0.018,0.737,0.57,0.755,0.00453519
0.175,0.524,0.915,1.0,0.354243974
0.07,0.635,0.543,0.935,0.081726367
0.313,0.0,0.368,0.556,0.028190468
0.224,0.874,0.795,1.0,0.134097058
0.104,0.104,0.949,0.858,0.680306087
0.404,0.052,0.785,0.698,0.56184726
0.06,0.517,0.644,1.0,0.256538591
0.288,0.64,0.792,1.0,0.265615856
0.062,0.0,1.0,0.58,0.67101368
0.163,0.575,0.548,0.576,0.000731482
0.2,0.663,0.328,0.734,0.001993074
0.03,0.0,0.613,0.501,0.407389176
0.064,0.476,0.862,1.0,0.39447378
0.219,0.402,0.394,0.611,0.013788011
0.109,0.0,0.837,0.408,0.545985281
0.148,0.109,0.831,0.847,0.65663704
0.269,0.293,0.615,0.351,0.040090394
0.0,0.055,0.843,0.178,0.195238653
0.636,0.54,0.967,0.843,0.063294734
0.052,0.496,0.203,0.517,0.000101547
0.595,0.0,0.715,0.612,0.224391235
0.434,0.603,0.904,0.776,0.082435475
0.774,0.238,0.997,0.971,0.011280318
0.143,0.38,0.521,0.699,0.061551224
0.539,0.043,0.839,0.501,0.322881455
0.195,0.21,0.606,0.231,0.020195796
0.277,0.0,0.55,0.279,0.175409458
0.0,0.0,0.905,0.821,0.811718174
0.033,0.109,0.616,0.302,0.189541696
0.668,0.726,0.812,0.758,0.004502489
0.199,0.7,0.394,0.808,0.006030857
0.248,0.832,0.372,0.93,0.007829442
0.345,0.0,0.737,0.57,0.585013735
0.271,0.0,0.392,0.496,0.052857772
0.367,0.259,0.725,0.364,0.100328393
0.338,0.537,0.918,0.705,0.088376832
0.163,0.353,0.617,0.685,0.137241572
0.496,0.243,0.867,0.835,0.33553696
0.195,0.105,0.407,0.13,0.005085953
0.394,0.349,0.919,0.959,0.398101932
0.204,0.555,0.8,1.0,0.329278913
0.0,0.044,0.895,0.606,0.623207438
0.207,0.898,0.803,0.963,0.068974479
0.0,0.0,0.94,0.74,0.759161601
0.089,0.108,0.583,0.545,0.272099371
0.407,0.197,0.628,0.437,0.151014093
0.428,0.081,0.699,0.886,0.532343566
0.044,0.163,0.911,0.198,0.054043634
0.907,0.577,0.942,0.615,1.721e-06
0.386,0.339,0.756,1.0,0.428557414
0.574,0.098,0.747,0.392,0.161332296
0.0,0.106,0.827,0.738,0.593462786
0.043,0.272,0.288,0.672,0.012302672
0.475,0.92,0.605,0.99,0.028977026
0.0,0.716,0.891,0.762,0.027551927
0.0,0.164,0.821,0.364,0.256256325
0.574,0.0,0.578,0.682,0.010182234
0.22,0.232,0.879,0.577,0.31107447
0.297,0.25,0.826,0.795,0.399218949
0.866,0.227,0.964,0.904,0.00037865
0.29,0.0,0.688,0.656,0.582394167
0.0,0.0,0.795,0.792,0.786190302
0.235,0.522,0.872,0.769,0.13822434
0.371,0.054,0.516,0.741,0.162292689
0.74,0.385,0.964,0.64,0.010729555
0.0,0.0,0.748,0.881,0.832065431
0.087,0.163,0.358,0.235,0.0083716
0.006,0.74,0.261,0.796,0.002116996
0.322,0.0,0.616,0.432,0.348097802
0.379,0.0,0.931,0.451,0.520872202
0.121,0.825,0.542,0.963,0.056522068
0.137,0.065,0.83,0.131,0.103397176
0.24,0.0,0.496,0.604,0.187395441
0.199,0.0,0.951,0.419,0.549183149
0.087,0.492,0.46,0.925,0.058046994
0.0,0.751,0.738,1.0,0.218912862
0.254,0.0,0.935,0.189,0.282467488
0.0,0.0,0.94,0.612,0.690696578
0.118,0.303,0.55,0.706,0.118279829
0.735,0.198,0.926,0.972,0.040097279
0.341,0.088,0.718,0.506,0.424476603
0.276,0.833,0.947,0.969,0.129257227
0.004,0.82,0.155,0.89,0.001495666
0.524,0.881,0.641,1.0,0.046807983
0.213,0.407,0.858,0.497,0.065132906
0.031,0.0,0.716,0.276,0.385048846
0.277,0.0,0.617,0.448,0.366145622
0.253,0.176,0.873,0.518,0.348760439
0.027,0.628,0.694,0.935,0.19110965
0.004,0.018,0.37,0.877,0.084647133
0.079,0.045,0.808,0.749,0.689536533
0.563,0.256,0.624,0.551,0.048942191
0.571,0.217,0.855,0.566,0.163726395
0.02,0.0,0.892,0.58,0.67137856
0.036,0.601,0.077,0.757,0.000115316
0.185,0.274,0.315,0.764,0.014846509
0.272,0.252,0.592,0.298,0.032522564
0.404,0.0,0.679,0.19,0.20873235
0.021,0.217,0.879,0.257,0.054071172
0.344,0.0,0.582,0.87,0.396131233
0.068,0.0,0.9,0.446,0.580445843
0.348,0.086,0.405,0.952,0.043675518
0.414,0.743,0.725,1.0,0.179349136
0.628,0.025,0.69,0.145,0.033661955
0.231,0.312,0.672,0.946,0.361436597
0.108,0.402,0.809,0.714,0.198002795
0.554,0.824,0.992,0.967,0.08300517
0.208,0.279,0.988,0.893,0.452238508
0.584,0.892,0.615,0.986,0.009517876
0.355,0.455,0.52,0.989,0.081671291
0.231,0.108,0.403,0.783,0.06714147
0.24,0.7,0.624,1.0,0.154411613
0.22,0.381,0.824,0.931,0.379462042
0.0,0.545,0.969,1.0,0.349049589
0.198,0.0,0.713,0.75,0.689810193
0.596,0.219,0.601,0.781,0.006555803
0.788,0.572,0.992,0.682,0.000433726
0.182,0.443,0.969,0.879,0.278964978
0.545,0.0,0.572,0.779,0.074809126
0.875,0.259,0.964,0.289,3.4423e-05
0.51,0.205,0.78,0.7,0.285601674
0.239,0.201,0.706,0.211,0.010478269
0.203,0.017,0.915,0.505,0.583483646
0.104,0.0,0.526,0.491,0.230275795
0.122,0.0,0.981,0.603,0.681705369
0.395,0.477,0.975,0.523,0.029202495
0.399,0.435,0.487,1.0,0.045692688
0.134,0.343,0.896,0.536,0.153322134
0.524,0.0,0.554,0.584,0.062907479
0.0,0.125,0.85,0.586,0.488790249
0.375,0.357,0.692,1.0,0.360742979
0.0,0.063,0.751,0.171,0.165302954
0.794,0.737,0.882,0.756,0.000108431
0.175,0.761,1.0,1.0,0.221689053
0.576,0.0,0.623,0.728,0.106455633
0.209,0.536,0.856,0.964,0.305640847
0.313,0.538,0.746,1.0,0.304599561
0.016,0.637,0.061,0.792,7.4009e-05
0.429,0.601,0.711,0.8,0.087092866
0.536,0.153,0.72,0.251,0.073516554
0.501,0.315,0.933,0.925,0.333258177
0.238,0.838,0.489,0.887,0.009423213
0.275,0.569,0.568,0.804,0.053362065
0.013,0.392,0.147,0.855,0.00313935
0.386,0.052,0.437,0.315,0.028617309
0.191,0.163,0.667,0.253,0.108111364
0.36,0.519,0.972,0.733,0.111854833
0.324,0.031,0.662,0.273,0.268552113
0.044,0.23,0.912,0.499,0.269080501
0.576,0.156,0.88,0.166,0.005493862
0.599,0.396,0.699,0.751,0.070198206
0.025,0.0,0.734,0.572,0.632472307
0.085,0.178,0.775,0.533,0.358292083
0.124,0.0,0.735,0.522,0.599624448
0.162,0.727,0.371,0.853,0.008975718
0.052,0.53,0.533,0.92,0.089215025
0.107,0.468,1.0,1.0,0.399158709
0.355,0.034,0.705,0.039,0.006796762
0.169,0.429,0.483,0.831,0.050415482
0.148,0.036,0.681,0.075,0.053129712
0.073,0.262,0.215,0.656,0.004877696
0.486,0.962,0.939,0.971,0.006949943
0.9,0.356,0.948,0.433,6.885e-06
0.223,0.483,0.64,0.578,0.040816713
0.074,0.508,0.168,0.685,0.000695338
0.141,0.028,0.723,0.527,0.551026485
0.78,0.895,0.847,0.947,0.000676406
0.206,0.007,0.822,0.974,0.928517828
0.175,0.848,1.0,1.0,0.160421816
0.545,0.085,0.711,0.503,0.238518309
0.36,0.0,0.603,0.431,0.310019414
0.323,0.082,0.329,0.357,0.001454359
0.141,0.453,0.575,0.491,0.01160217
0.156,0.025,0.671,0.136,0.138799199
0.383,0.0,0.74,0.544,0.546320902
0.071,0.0,1.0,0.311,0.451372777
0.24,0.371,0.639,0.503,0.070313522
0.0,0.0,0.885,0.716,0.744862412
0.297,0.0,1.0,0.324,0.443593248
0.105,0.051,0.795,0.958,0.860810104
0.48,0.476,0.652,1.0,0.191749912
0.238,0.898,0.561,1.0,0.048780404
0.23,0.351,0.595,0.433,0.040171287
0.177,0.0,0.651,0.462,0.445362574
0.228,0.0,0.742,0.532,0.599016888
0.183,0.262,0.92,0.293,0.037510413
0.372,0.0,0.71,0.29,0.351834386
0.514,0.552,0.655,1.0,0.149780039
0.322,0.0,0.66,0.887,0.615605185
0.302,0.528,0.731,0.932,0.23842881
0.787,0.476,0.86,0.785,0.001468128
0.361,0.0,0.802,0.569,0.601497043
0.139,0.528,0.702,1.0,0.308539238
0.889,0.102,0.99,0.567,0.000154902
0.399,0.003,0.85,0.573,0.567934914
0.138,0.0,0.92,0.666,0.712164293
0.206,0.396,0.519,0.74,0.059663139
0.457,0.0,0.68,0.557,0.404946886
0.012,0.0,0.736,0.556,0.626038705
0.016,0.224,0.735,1.0,0.617897737
0.318,0.23,0.991,0.298,0.084564518
0.109,0.485,0.891,0.747,0.151513222
0.254,0.48,0.471,0.795,0.030364261
0.465,0.161,0.875,0.539,0.307158888
0.209,0.0,0.617,0.475,0.389547892
0.464,0.24,0.76,1.0,0.475694134
0.042,0.707,0.315,0.938,0.020693204
0.373,0.37,0.433,0.781,0.015992785
0.348,0.504,0.487,0.994,0.05214178
0.0,0.833,0.68,1.0,0.147709514
0.028,0.798,0.976,1.0,0.203642954
0.677,0.175,0.938,0.187,0.003213359
0.374,0.217,0.513,0.664,0.084173821
0.174,0.308,0.751,0.741,0.29357225
0.115,0.0,0.784,0.797,0.780102648
0.04,0.0,0.764,0.816,0.788358932
0.77,0.309,0.84,0.954,0.009941275
0.135,0.727,0.792,1.0,0.241626679
0.821,0.11,0.993,0.116,3.9586e-05
0.287,0.662,0.63,1.0,0.163020729
0.089,0.465,0.326,0.728,0.007669377
0.516,0.0,0.517,0.556,0.001538695
0.551,0.0,0.648,0.64,0.208704812
0.454,0.436,0.5,0.899,0.021138978
0.217,0.45,0.889,0.46,0.008631491
0.337,0.178,0.505,0.902,0.13186991
0.587,0.428,0.899,0.669,0.073877992
0.077,0.0,0.894,0.56,0.657514819
0.03,0.104,0.444,0.107,0.00095523
0.314,0.165,0.451,0.441,0.051499797
0.257,0.434,0.624,1.0,0.249130827
0.0,0.246,0.827,0.249,0.002447454
0.104,0.189,0.961,0.344,0.194622486
0.401,0.909,0.785,1.0,0.084487067
0.309,0.583,0.967,0.865,0.161998375
0.383,0.327,0.722,0.554,0.14967505
0.061,0.883,0.852,0.907,0.026519246
0.175,0.0,0.583,0.465,0.33015325
0.313,0.522,0.839,0.98,0.31177153
0.474,0.022,0.625,0.62,0.281016571
0.339,0.922,0.825,0.961,0.039549958
0.315,0.0,0.317,0.453,0.000509456
0.0,0.18,0.781,0.37,0.237177545
0.658,0.153,0.737,0.385,0.04848609
0.087,0.442,0.719,0.45,0.005726216
0.192,0.0,0.754,0.85,0.793475866
0.088,0.248,0.352,0.304,0.005764081
0.112,0.827,0.676,0.992,0.142799116
0.0,0.316,0.329,0.467,0.008483474
0.36,0.0,0.461,0.407,0.081036192
0.109,0.081,0.967,0.303,0.320292868
0.635,0.617,0.845,0.804,0.036593048
0.0,0.032,0.905,0.268,0.352765519
0.0,0.002,0.854,0.693,0.723673521
0.053,0.123,0.897,0.427,0.381579038
0.219,0.788,1.0,0.835,0.032574198
0.396,0.702,0.606,0.724,0.005640159
0.469,0.602,0.683,0.86,0.100188981
0.0,0.037,0.9,0.613,0.63414525
0.565,0.252,0.709,0.255,0.000800328
0.0,0.0,0.877,0.492,0.614963202
0.034,0.024,0.34,0.524,0.04196471
0.364,0.139,0.389,0.481,0.010968792
0.673,0.298,0.836,0.636,0.055673549
0.368,0.0,0.948,0.252,0.344142634
0.499,0.158,0.792,0.886,0.445293729
0.193,0.513,0.6,0.679,0.053393045
0.114,0.826,0.663,0.84,0.008101382
0.458,0.433,0.511,1.0,0.037414029
0.145,0.384,0.782,0.478,0.073361652
0.323,0.126,0.384,0.494,0.023524471
0.324,0.313,0.333,0.756,0.001681549
0.26,0.061,0.85,0.837,0.709276228
0.433,0.188,0.573,0.812,0.173037734
0.489,0.391,0.599,0.676,0.059497911
0.221,0.556,0.947,0.65,0.053076356
0.426,0.0,0.602,0.396,0.247865793
0.482,0.138,0.623,0.329,0.109973632
0.411,0.938,0.699,0.94,0.002433685
0.124,0.0,0.608,0.429,0.364343594
0.322,0.0,0.489,0.412,0.130181476
0.046,0.178,0.764,0.697,0.445615581
0.128,0.312,0.357,0.597,0.01675869
0.629,0.163,0.636,0.72,0.010037658
0.081,0.115,0.556,0.476,0.20406119
0.463,0.321,0.608,0.48,0.053682196
0.173,0.096,0.222,0.703,0.004507652
0.941,0.474,0.954,0.482,0.0
0.035,0.026,0.447,0.771,0.145780122
0.546,0.31,0.608,0.823,0.073803983
0.373,0.493,0.711,0.619,0.060503053
0.086,0.748,0.977,0.88,0.100813753
0.696,0.924,0.859,0.954,0.004468066
0.221,0.4,0.53,0.788,0.071835005
0.022,0.459,0.039,0.74,1.549e-05
0.457,0.0,0.519,0.296,0.060033183
0.142,0.451,0.424,0.792,0.026150923
0.454,0.027,0.588,0.223,0.110558818
0.319,0.218,0.991,0.909,0.52409933
0.489,0.353,0.589,0.608,0.05121581
0.07,0.539,1.0,0.778,0.136031614
0.864,0.621,0.897,0.712,6.885e-06
0.033,0.059,0.935,0.829,0.729508169
0.22,0.091,1.0,1.0,0.838275285
0.382,0.512,0.794,0.538,0.014269929
0.767,0.083,0.949,0.25,0.004848437
0.501,0.344,0.659,0.783,0.14115199
0.021,0.479,0.381,0.723,0.013757031
0.395,0.0,0.7,0.578,0.512829339
0.284,0.281,0.853,0.681,0.296248614
0.358,0.319,0.888,0.706,0.256738243
0.081,0.045,0.461,0.886,0.174166799
0.626,0.889,0.722,1.0,0.030331559
0.0,0.125,0.75,0.252,0.189934115
0.592,0.37,0.658,0.803,0.056191611
0.925,0.845,0.947,0.897,2.0654e-05
0.341,0.032,0.613,0.491,0.330428631
0.574,0.0,0.588,0.543,0.029985611
0.119,0.305,0.937,0.479,0.159158503
0.125,0.0,0.516,0.527,0.219386174
0.149,0.101,0.227,0.705,0.006679724
0.341,0.0,0.978,0.466,0.552659842
0.329,0.137,0.337,0.386,0.001950046
0.0,0.0,0.755,0.859,0.816719792
0.194,0.243,0.467,0.323,0.022465973
0.0,0.257,0.855,0.437,0.187944483
0.494,0.0,0.727,0.143,0.14206247
0.107,0.122,0.795,0.884,0.677326802
0.11,0.167,0.735,0.511,0.347051352
0.0,0.0,0.734,0.636,0.666339077
0.016,0.254,0.636,0.258,0.002382051
0.448,0.27,0.904,0.533,0.190037383
0.501,0.498,0.534,0.954,0.025335105
0.253,0.056,0.304,0.554,0.010485153
0.41,0.0,0.445,0.802,0.041376082
0.375,0.995,0.568,0.999,0.000869173
0.213,0.33,0.762,0.545,0.168265027
0.198,0.353,0.648,0.657,0.147361845
0.095,0.502,0.534,0.792,0.052964483
0.57,0.195,0.645,0.766,0.105290424
0.345,0.448,0.545,0.491,0.009271753
0.426,0.15,0.669,0.184,0.03694416
0.143,0.818,0.323,0.896,0.007380226
0.12,0.289,0.92,0.777,0.35047641
0.5,0.531,0.584,0.639,0.01618211
0.387,0.0,0.474,0.107,0.022689721
0.0,0.046,0.827,0.481,0.537603354
0.23,0.102,0.925,0.325,0.310303402
0.209,0.0,0.819,0.4,0.531610363
0.011,0.198,0.89,0.753,0.463658238
0.294,0.047,0.418,0.864,0.079210068
0.278,0.092,0.52,0.094,0.0
0.256,0.0,0.49,0.598,0.174602246
0.239,0.0,0.635,0.55,0.447353927
0.516,0.499,0.709,0.928,0.177746759
0.0,0.0,0.742,0.367,0.495044853
0.597,0.495,0.763,0.726,0.056571981
0.344,0.716,0.924,0.99,0.21469264
0.712,0.381,0.997,0.456,0.005378546
0.309,0.77,0.484,0.955,0.025319615
0.374,0.03,0.592,0.677,0.329361528
0.436,0.561,0.807,0.767,0.099720832
0.143,0.153,0.515,0.247,0.048203824
0.287,0.0,0.938,0.408,0.524846303
0.007,0.37,0.695,0.414,0.035923527
0.775,0.499,0.917,0.5,6.024e-05
0.292,0.226,0.899,0.547,0.291685886
0.241,0.425,0.623,1.0,0.256097981
0.2,0.681,0.557,0.907,0.062220746
0.225,0.904,0.701,1.0,0.090698643
0.251,0.155,0.644,1.0,0.515992785
0.067,0.315,0.708,0.798,0.298825153
0.223,0.154,0.69,0.641,0.391556457
0.229,0.276,0.978,0.498,0.201503583
0.188,0.396,0.924,0.643,0.164361493
0.106,0.522,0.595,0.528,0.002886343
0.304,0.016,0.395,0.366,0.038391634
0.394,0.446,0.908,0.851,0.224988468
0.282,0.0,0.752,0.453,0.544069658
0.04,0.04,0.609,0.083,0.041028412
0.343,0.626,0.774,0.819,0.098442029
0.084,0.0,0.674,0.494,0.508227025
0.216,0.272,0.323,0.503,0.008488637
0.061,0.826,0.893,0.889,0.058482441
0.198,0.0,0.948,0.26,0.382744246
0.057,0.905,0.508,0.998,0.036648124
0.637,0.003,0.662,0.436,0.039632572
0.32,0.749,0.845,0.985,0.1953402
0.294,0.205,0.341,0.546,0.008292428
0.377,0.0,0.683,0.148,0.171846709
0.269,0.071,0.646,0.373,0.29675807
0.395,0.395,0.583,0.636,0.063057217
0.079,0.264,1.0,1.0,0.600240615
0.689,0.13,0.733,0.516,0.035865008
0.358,0.696,0.539,1.0,0.065236174
0.0,0.0,0.774,0.274,0.402051937
0.022,0.298,0.848,0.81,0.364343594
0.189,0.284,0.417,0.597,0.035484637
0.071,0.113,0.54,0.272,0.102398918
0.352,0.842,0.631,0.859,0.00759881
0.618,0.382,0.816,0.752,0.093010127
0.004,0.485,0.86,1.0,0.389153752
0.043,0.345,0.195,0.645,0.002268456
0.396,0.128,0.879,0.535,0.388427434
0.09,0.0,1.0,0.275,0.410607698
0.508,0.0,0.834,0.588,0.452586177
0.0,0.045,0.671,0.228,0.234797216
0.149,0.0,1.0,0.443,0.57358712
0.233,0.353,0.868,1.0,0.478590804
0.046,0.163,0.845,0.171,0.012705417
0.115,0.31,0.618,0.754,0.194386691
0.407,0.453,0.596,0.667,0.055460128
0.068,0.527,0.941,0.988,0.348204512
0.23,0.251,0.364,0.69,0.023502096
0.27,0.881,0.426,0.974,0.011707159
0.251,0.0,0.729,0.797,0.721718312
0.264,0.443,0.848,0.446,0.001877758
0.128,0.139,0.786,0.257,0.168788252
0.22,0.574,0.97,0.914,0.225315484
0.064,0.686,0.896,1.0,0.270078759
0.566,0.0,0.574,0.255,0.010541951
0.0,0.0,0.672,0.615,0.563725018
0.0,0.148,0.988,0.385,0.302403393
0.035,0.491,0.331,0.734,0.007762318
0.128,0.786,0.812,0.803,0.013116769
0.238,0.023,0.498,0.688,0.190202612
0.082,0.0,0.776,0.651,0.698766979
0.458,0.337,0.884,0.486,0.099522901
0.119,0.0,0.683,0.045,0.057725142
0.01,0.0,0.971,0.817,0.810177759
0.058,0.107,0.971,0.426,0.404888367
0.383,0.0,0.94,0.337,0.426734732
0.036,0.166,0.467,0.808,0.121083558
0.187,0.027,0.312,0.167,0.007955085
0.201,0.111,0.799,0.963,0.767366251
0.184,0.0,0.851,0.25,0.373782297
0.058,0.387,0.115,0.462,0.000161787
0.201,0.529,0.869,1.0,0.347442049
0.294,0.696,0.998,0.946,0.183230295
0.112,0.222,0.81,0.242,0.02971023
0.298,0.568,0.834,1.0,0.305183025
0.388,0.244,0.474,0.667,0.04248105
0.114,0.146,0.192,0.588,0.003894928
0.195,0.0,0.514,0.43,0.190803288
0.117,0.42,0.984,1.0,0.433676069
0.074,0.0,0.754,0.276,0.399981412
0.057,0.424,0.722,0.885,0.276739551
0.318,0.383,0.426,0.691,0.020190633
0.359,0.067,0.865,0.372,0.377658293
0.291,0.171,0.645,0.69,0.320361714
0.042,0.23,1.0,0.947,0.587777877
0.057,0.862,0.293,0.942,0.009352647
0.191,0.63,0.498,0.654,0.002803729
0.582,0.168,0.857,0.881,0.284567272
0.0,0.0,0.879,0.528,0.63960469
0.515,0.025,0.638,0.575,0.234871225
0.447,0.0,0.611,0.722,0.328963946
0.713,0.397,0.844,0.996,0.046000771
0.2,0.0,0.674,0.561,0.530947726
0.125,0.056,0.198,0.243,0.002932814
0.073,0.51,1.0,1.0,0.371424342
0.525,0.0,0.696,0.343,0.24798283
0.408,0.174,0.569,0.189,0.010769141
0.303,0.057,0.471,0.286,0.071967533
0.285,0.119,0.384,0.72,0.039945819
0.131,0.747,0.71,1.0,0.208954376
0.316,0.851,1.0,0.987,0.133410325
0.325,0.357,0.979,0.652,0.198049266
0.282,0.36,0.658,0.973,0.314874736
0.46,0.884,0.596,0.969,0.032835811
0.342,0.711,0.483,1.0,0.034489821
0.566,0.092,0.729,0.186,0.06218116
0.388,0.18,0.54,0.579,0.113970107
0.312,0.695,0.925,0.953,0.190176795
0.412,0.0,0.622,0.252,0.207121368
0.147,0.845,0.696,0.887,0.03368433
0.05,0.063,0.899,0.75,0.673068715
0.124,0.287,0.904,0.552,0.227814572
0.406,0.0,0.435,0.489,0.027643147
0.645,0.071,0.716,0.682,0.11640035
0.529,0.762,0.99,0.983,0.133443027
0.341,0.265,0.891,0.491,0.200302231
0.032,0.011,0.479,0.192,0.078690285
0.04,0.036,0.814,0.615,0.636818172
0.044,0.071,0.836,0.579,0.564311925
0.5,0.034,0.708,0.704,0.414979381
0.488,0.031,0.608,0.263,0.123887286
0.531,0.281,0.617,0.472,0.047406938
0.292,0.582,0.975,0.852,0.152337645
0.029,0.561,0.499,0.57,0.001810634
0.398,0.476,0.692,0.691,0.091151302
0.751,0.462,0.945,0.808,0.009970534
0.285,0.196,0.357,0.215,0.001222006
0.126,0.114,0.828,0.153,0.060957433
0.411,0.707,0.907,0.898,0.121095606
0.076,0.428,0.622,0.434,0.002505972
0.381,0.0,0.948,0.751,0.683030643
0.748,0.332,0.915,0.393,0.002227148
0.409,0.396,0.452,0.484,0.004481835
0.26,0.094,0.531,0.802,0.221577179
0.511,0.295,0.711,0.404,0.064965956
0.236,0.0,0.713,0.454,0.527441774
0.404,0.026,0.838,0.577,0.540833924
0.502,0.486,0.513,1.0,0.008548877
0.149,0.0,0.503,0.507,0.194094098
0.419,0.106,0.884,0.525,0.401554529
0.088,0.35,0.884,1.0,0.502433685
0.127,0.191,0.27,0.21,0.000612724
0.233,0.127,0.408,0.849,0.07081093
0.142,0.97,0.997,0.98,0.010078966
0.219,0.111,0.741,0.551,0.455713479
0.108,0.275,0.784,0.956,0.532842695
0.224,0.266,0.465,0.32,0.014323284
0.111,0.0,0.643,0.546,0.47446008
0.374,0.203,0.852,0.285,0.097022092
0.028,0.694,0.382,0.997,0.03821952
0.318,0.601,0.865,0.921,0.201648159
0.093,0.411,0.464,0.727,0.037307319
0.441,0.36,0.75,1.0,0.381942197
0.042,0.0,0.616,0.471,0.399427206
0.474,0.005,0.531,0.026,0.003474971
0.587,0.163,0.842,0.643,0.199037197
0.046,0.41,0.375,0.932,0.042006017
0.422,0.0,0.532,0.605,0.156103488
0.441,0.769,0.843,0.801,0.018898061
0.309,0.0,0.741,0.327,0.427091007
0.169,0.487,0.612,0.544,0.020688041
0.204,0.957,0.758,0.977,0.021405754
0.197,0.398,0.836,0.819,0.262013521
0.407,0.653,0.975,0.898,0.146496114
0.431,0.397,0.556,0.564,0.030123302
0.262,0.297,0.863,0.989,0.526247306
0.16,0.173,0.659,0.37,0.19449168
0.266,0.383,0.851,1.0,0.44434022
0.108,0.25,0.434,0.496,0.042384667
0.309,0.0,0.784,0.79,0.738915892
0.0,0.513,0.802,1.0,0.368006169
0.367,0.016,0.871,0.872,0.746841718
0.268,0.0,0.478,0.41,0.128529187
0.304,0.062,0.976,0.446,0.463763227
0.0,0.143,0.733,0.424,0.327007015
0.182,0.0,0.754,0.387,0.509406002
0.209,0.504,0.371,0.8,0.01320971
0.012,0.352,0.641,0.635,0.138893861
0.657,0.325,0.776,0.971,0.122119681
0.414,0.186,0.889,0.546,0.31190922
0.007,0.014,0.724,0.298,0.391355084
0.341,0.24,0.693,0.394,0.138112466
0.122,0.768,0.679,1.0,0.178905083
0.055,0.642,0.581,0.948,0.117971746
0.106,0.0,0.574,0.516,0.333616173
0.344,0.0,0.394,0.457,0.031190406
0.205,0.542,0.304,0.856,0.008395696
0.435,0.0,0.658,0.251,0.230198344
0.0,0.297,0.887,0.614,0.256103144
0.042,0.0,0.852,0.421,0.56084728
0.375,0.274,0.71,0.304,0.029872016
0.18,0.0,0.763,0.336,0.461589434
0.128,0.015,0.572,0.209,0.158695517
0.056,0.222,0.835,0.323,0.128937096
0.541,0.0,0.889,0.4,0.309348172
0.56,0.49,0.631,0.51,0.003206474
0.416,0.148,0.462,0.374,0.023753382
0.0,0.0,0.782,0.568,0.656912422
0.078,0.723,0.86,0.976,0.222954087
0.134,0.167,0.845,0.456,0.32819632
0.511,0.0,0.585,0.449,0.135303574
0.093,0.457,1.0,0.865,0.258419792
0.568,0.564,0.8,1.0,0.175359545
0.636,0.08,0.716,0.941,0.176419764
0.778,0.155,0.843,0.343,0.003416453
0.455,0.0,0.92,0.333,0.368233358
0.007,0.276,0.181,0.835,0.006029135
0.595,0.627,0.826,0.921,0.094092721
0.054,0.0,0.576,0.711,0.39380598
0.345,0.198,0.831,0.427,0.242406353
0.343,0.434,0.872,0.528,0.063012468
0.659,0.187,0.992,0.195,0.002476713
0.118,0.666,0.797,0.917,0.182968682
0.149,0.401,0.425,0.62,0.020552071
0.66,0.899,0.937,0.918,0.004437086
0.597,0.049,0.702,0.762,0.208047338
0.166,0.62,0.299,0.665,0.000752136
0.235,0.0,0.649,0.807,0.572769581
0.635,0.816,0.987,0.836,0.005363056
0.393,0.0,0.687,0.316,0.340836334
0.395,0.448,0.76,0.852,0.214566997
0.409,0.628,0.512,1.0,0.042401878
0.792,0.907,0.989,0.912,4.8192e-05
0.016,0.0,0.896,0.761,0.7707173
0.0,0.025,0.8,0.498,0.577920938
0.188,0.105,0.834,0.931,0.747504354
0.239,0.257,0.95,0.627,0.304563417
0.219,0.488,0.294,0.889,0.00896367
0.042,0.69,0.76,0.787,0.055215727
0.345,0.0,0.465,0.338,0.082220333
0.146,0.163,0.507,1.0,0.219069486
0.208,0.075,0.454,0.976,0.16082284
0.02,0.413,0.94,1.0,0.443696516
0.747,0.263,0.902,0.295,0.001853662
0.441,0.638,0.969,0.664,0.01269337
0.05,0.0,0.811,0.737,0.753049851
0.41,0.505,0.884,0.608,0.055176141
0.263,0.0,0.593,0.659,0.397397988
0.444,0.106,0.727,0.62,0.394134717
0.237,0.31,0.807,0.981,0.505120376
0.105,0.512,0.759,0.729,0.118501855
0.081,0.002,0.473,0.209,0.083476761
0.199,0.3,0.797,0.664,0.274613949
0.257,0.389,0.994,0.783,0.242151625
0.375,0.1,0.898,0.554,0.455329666
0.225,0.548,0.726,0.61,0.033112913
0.093,0.478,0.403,0.717,0.015834441
0.308,0.301,0.768,0.902,0.403888388
0.002,0.358,0.293,0.848,0.016567644
0.315,0.0,0.891,0.661,0.676767433
0.033,0.347,0.547,0.741,0.101930769
0.428,0.603,0.658,0.998,0.180443777
0.429,0.0,0.505,0.636,0.102455715
0.54,0.531,0.547,0.534,3.098e-05
0.611,0.749,0.629,0.938,0.00932683
0.096,0.0,0.732,0.251,0.363257558
0.143,0.285,0.949,0.338,0.060682051
0.381,0.17,0.831,0.241,0.090290734
0.379,0.338,0.895,0.947,0.399838558
0.014,0.72,0.098,0.917,0.000977605
0.448,0.597,0.654,0.942,0.137606452
0.436,0.017,0.598,0.41,0.225329253
0.473,0.19,0.777,0.568,0.274228415
0.252,0.0,0.789,0.558,0.630327773
0.133,0.0,0.752,0.558,0.630405224
0.532,0.043,0.703,0.997,0.479456534
0.085,0.039,0.8,0.783,0.718138352
0.295,0.351,0.593,0.626,0.101560725
0.545,0.065,0.779,0.185,0.099738043
0.279,0.215,0.736,0.508,0.267662286
0.353,0.584,0.974,0.651,0.033823742
0.417,0.0,0.64,0.547,0.371040529
0.278,0.168,0.353,0.738,0.020347256
0.465,0.008,0.816,0.885,0.655888347
0.505,0.03,0.71,0.932,0.525350595
0.025,0.376,0.648,0.486,0.060182922
0.538,0.813,0.608,0.98,0.037904553
0.202,0.707,1.0,1.0,0.248419998
0.148,0.112,0.912,0.237,0.187271519
0.486,0.328,0.612,0.355,0.009450751
0.287,0.081,0.726,0.431,0.402681872
0.465,0.0,0.74,0.428,0.406473532
0.024,0.211,0.895,0.893,0.556064247
0.121,0.147,0.82,0.881,0.635930067
0.036,0.221,0.343,0.812,0.034415812
0.332,0.057,0.858,0.388,0.418468121
0.193,0.567,0.985,0.71,0.076282418
0.368,0.0,0.787,0.253,0.342216684
0.222,0.0,0.506,0.443,0.179008351
0.207,0.016,0.281,0.956,0.025483123
0.419,0.0,0.524,0.36,0.110973612
0.341,0.742,0.671,0.876,0.06516905
0.28,0.732,0.596,0.761,0.007393995
0.076,0.918,0.636,1.0,0.066618245
0.504,0.013,0.664,0.764,0.360374657
0.139,0.201,1.0,0.516,0.31829291
0.186,0.256,0.865,0.922,0.51060047
0.21,0.103,0.754,0.759,0.58125994
0.07,0.251,1.0,0.633,0.319277399
0.393,0.0,0.694,0.278,0.316786917
0.12,0.078,0.442,0.611,0.106892801
0.059,0.126,0.577,0.157,0.025687938
0.5,0.326,0.89,0.845,0.26750222
0.014,0.148,0.66,0.247,0.114859934
0.143,0.0,0.593,0.185,0.169380323
0.018,0.893,0.691,0.957,0.062351552
0.564,0.314,0.65,0.604,0.058501373
0.172,0.0,0.665,0.444,0.459107557
0.0,0.001,0.69,0.232,0.30499198
0.644,0.018,0.689,0.954,0.119901138
0.872,0.194,0.891,0.36,0.00010671
0.284,0.821,1.0,0.929,0.095672723
0.353,0.644,0.789,0.679,0.017466076
0.596,0.259,0.776,0.707,0.144976352
0.375,0.136,0.551,0.949,0.234203424
0.0,0.689,0.935,1.0,0.267763833
0.078,0.194,0.102,0.892,0.001370023
0.303,0.204,0.524,0.507,0.097283705
0.402,0.721,0.438,0.735,0.000196209
0.184,0.288,0.868,1.0,0.560821463
0.349,0.504,0.461,0.901,0.024498633
0.043,0.136,0.255,0.793,0.017483288
0.026,0.696,0.7,0.967,0.198873689
0.069,0.258,0.206,0.726,0.005182337
0.252,0.781,0.523,0.845,0.010304434
0.47,0.104,0.961,0.614,0.403650871
0.235,0.0,0.41,0.492,0.073700715
0.015,0.223,0.843,0.639,0.363698168
0.115,0.213,0.439,0.614,0.065187982
0.386,0.581,0.928,0.722,0.067408246
0.555,0.0,0.748,0.311,0.218825085
0.088,0.073,0.831,0.123,0.075748866
0.154,0.592,1.0,1.0,0.313570116
0.287,0.191,0.585,0.485,0.165602432
0.0,0.17,0.931,0.186,0.021737933
0.407,0.592,0.636,0.761,0.050699469
0.478,0.202,0.955,0.253,0.053575486
0.597,0.0,0.752,0.626,0.254943099
0.528,0.348,0.822,0.636,0.137938631
0.138,0.851,0.703,0.869,0.012762215
0.456,0.518,0.552,0.871,0.045360509
0.359,0.0,0.735,0.415,0.482504664
0.085,0.247,0.576,0.319,0.049439598
0.258,0.0,0.573,0.369,0.260955023
0.157,0.0,0.486,0.518,0.17130283
0.085,0.029,0.616,0.466,0.366524271
0.432,0.665,0.848,0.734,0.032539775
0.244,0.374,0.929,0.926,0.381277839
0.331,0.0,0.53,0.468,0.196049307
0.199,0.207,0.817,0.993,0.65750105
0.691,0.597,0.795,0.859,0.025033906
0.363,0.689,0.567,0.897,0.047190075
0.183,0.0,1.0,0.731,0.743005308
0.142,0.473,1.0,0.954,0.341094504
0.215,0.053,0.494,0.136,0.035992372
0.491,0.0,0.543,0.267,0.055212285
0.562,0.0,0.761,0.809,0.398139797
0.076,0.0,0.934,0.672,0.7198199
0.599,0.13,0.904,0.387,0.124047352
0.393,0.358,0.734,0.363,0.004512816
0.309,0.0,0.867,0.458,0.557193311
0.463,0.311,0.497,0.35,0.002950025
0.179,0.129,1.0,0.255,0.182719118
0.169,0.0,0.772,0.345,0.476274156
0.59,0.159,0.811,0.552,0.171240869
0.336,0.544,0.68,0.718,0.073223961
0.39,0.731,0.957,0.958,0.165908794
0.315,0.179,0.626,0.351,0.143217352
0.283,0.51,0.94,0.964,0.309670024
0.047,0.057,0.267,0.649,0.020598542
0.676,0.269,0.729,0.701,0.042415647
0.281,0.714,0.455,0.992,0.031694698
0.313,0.0,0.71,0.213,0.283985529
0.354,0.417,0.714,1.0,0.349047868
0.499,0.403,0.763,0.947,0.275758504
0.171,0.04,0.713,0.94,0.780782497
0.483,0.495,0.551,1.0,0.062365321
0.667,0.178,0.867,0.415,0.053563438
0.188,0.26,0.499,0.793,0.101961749
0.417,0.085,0.93,0.426,0.370209221
0.22,0.136,0.234,0.829,0.0024268
0.0,0.0,0.85,0.807,0.800472279
0.0,0.081,0.677,0.441,0.382448211
0.338,0.016,0.913,0.279,0.36257943
0.291,0.201,0.788,0.791,0.454245351
0.295,0.163,0.821,1.0,0.700932167
0.852,0.719,0.879,0.943,0.000111874
0.314,0.12,0.504,0.808,0.15081272
0.519,0.005,0.717,0.04,0.027894432
0.287,0.0,0.487,0.623,0.165132562
0.025,0.192,0.728,0.898,0.544592883
0.493,0.0,0.538,0.531,0.073459756
0.089,0.405,0.556,0.468,0.020393727
0.277,0.313,0.447,0.481,0.023946149
0.347,0.739,0.654,1.0,0.146632083
0.298,0.421,0.421,0.428,0.000702223
0.455,0.789,0.658,1.0,0.110863459
0.189,0.51,0.58,0.905,0.123099007
0.04,0.073,0.734,0.449,0.451586198
0.284,0.176,0.985,0.686,0.437488382
0.302,0.001,0.72,0.757,0.669077403
0.09,0.155,0.111,0.401,0.000698781
0.168,0.006,1.0,0.494,0.59271065
0.021,0.025,0.852,0.213,0.28874963
0.185,0.719,0.333,0.842,0.006471467
0.143,0.246,0.814,0.41,0.179330203
0.771,0.382,0.818,0.998,0.008383648
0.296,0.0,0.954,0.359,0.480669935
0.0,0.0,0.921,0.397,0.541102421
0.028,0.031,0.836,0.663,0.666574873
0.189,0.091,0.444,0.864,0.122205738
0.406,0.277,0.954,0.7,0.280820362
0.504,0.201,0.796,0.3,0.088258074
0.649,0.151,0.856,0.784,0.146799033
0.605,0.003,0.945,0.54,0.235618197
0.151,0.08,0.258,0.998,0.026422862
0.353,0.229,0.96,0.671,0.343280345
0.074,0.0,0.893,0.13,0.197944277
0.256,0.625,0.653,1.0,0.202875328
0.117,0.271,1.0,0.773,0.372758222
0.505,0.353,0.946,0.575,0.11969116
0.251,0.502,0.768,1.0,0.346967016
0.17,0.327,0.546,0.618,0.085406153
0.283,0.606,0.609,0.787,0.053368949
0.033,0.032,0.888,0.041,0.011457595
0.379,0.0,0.684,0.649,0.525607044
0.15,0.0,1.0,0.508,0.618940745
0.0,0.226,0.762,1.0,0.634682244
0.051,0.319,0.876,0.708,0.278598377
0.204,0.029,0.245,0.799,0.008166785
0.396,0.0,0.928,0.597,0.593932655
0.12,0.666,0.268,0.684,0.0003339
0.433,0.572,0.557,0.844,0.040945798
0.078,0.087,0.78,0.564,0.523090745
0.374,0.598,0.937,0.794,0.098455798
0.08,0.0,0.947,0.307,0.447522599
0.277,0.116,0.678,0.425,0.315045128
0.0,0.053,0.85,0.714,0.663375283
0.5,0.437,0.782,0.699,0.118754862
0.01,0.285,0.84,0.671,0.298892278
0.412,0.621,0.548,1.0,0.073580236
0.005,0.185,0.601,0.767,0.292260745
0.312,0.282,0.338,0.808,0.005442228
0.579,0.0,0.586,0.227,0.007918941
0.266,0.056,1.0,0.494,0.511562584
0.035,0.147,1.0,0.653,0.488268745
0.486,0.035,0.742,0.648,0.446563926
0.243,0.0,0.431,0.546,0.097180437
0.244,0.702,0.445,0.827,0.008426676
0.356,0.0,0.646,0.402,0.364405554
0.035,0.0,0.68,0.539,0.544746064
0.299,0.854,0.819,1.0,0.143000489
0.452,0.731,0.65,0.952,0.09677597
0.477,0.546,0.61,0.888,0.083497415
0.0,0.022,0.879,0.362,0.476072783
0.122,0.356,0.3,0.883,0.018801677
0.373,0.157,0.57,0.349,0.110872065
0.039,0.113,0.983,1.0,0.82816706
0.097,0.156,0.532,0.647,0.175917193
0.288,0.124,0.953,0.393,0.337172038
0.582,0.272,0.637,0.444,0.027625935
0.051,0.448,0.983,0.757,0.186190647
0.183,0.156,0.568,0.818,0.269269826
0.407,0.953,0.543,1.0,0.013314699
0.358,0.0,0.913,0.328,0.432022058
0.198,0.249,0.926,0.795,0.413883018
0.041,0.37,0.373,0.831,0.028992517
0.112,0.197,0.525,0.377,0.083886391
0.324,0.08,0.545,0.351,0.148404852
0.188,0.385,0.951,0.453,0.056374051
0.076,0.029,0.374,0.825,0.077459674
0.098,0.207,0.786,0.537,0.322501084
0.133,0.093,0.565,0.25,0.125043889
0.586,0.057,0.737,0.216,0.090877641
0.094,0.0,1.0,0.42,0.560213903
0.145,0.257,0.167,0.634,0.000734925
0.215,0.202,0.901,0.532,0.325692068
0.092,0.046,1.0,0.093,0.071625027
0.039,0.352,0.224,0.872,0.009347483
0.144,0.276,0.499,0.808,0.099891224
0.251,0.176,0.502,0.429,0.085743496
0.366,0.249,0.463,0.805,0.048568704
0.433,0.037,0.751,0.274,0.275906522
0.246,0.087,0.486,0.147,0.024149243
0.189,0.557,0.779,1.0,0.326530261
0.201,0.429,0.725,0.432,0.001839893
0.286,0.658,0.638,1.0,0.172003332
0.19,0.608,0.518,1.0,0.087607485
0.285,0.901,1.0,0.932,0.030398684
0.152,0.114,0.928,0.592,0.499537015
0.494,0.0,0.599,0.619,0.216086759
0.348,0.574,0.985,0.752,0.091970562
0.717,0.099,0.822,0.376,0.024125147
0.235,0.0,0.398,0.823,0.082122228
0.316,0.113,0.968,0.266,0.215179721
0.134,0.034,0.877,0.336,0.423765774
0.156,0.001,0.725,0.422,0.516192437
0.164,0.161,0.72,0.757,0.477358471
0.301,0.294,0.976,0.836,0.369271203
0.472,0.617,0.558,0.872,0.033947664
0.125,0.147,0.744,0.315,0.223029817
0.315,0.346,0.935,0.826,0.305630521
0.344,0.413,0.981,0.419,0.004244319
0.111,0.0,0.677,0.12,0.153630218
0.602,0.454,0.878,0.813,0.097509174
0.319,0.112,0.944,0.737,0.555016075
0.445,0.816,0.571,1.0,0.055301784
0.153,0.328,0.827,0.338,0.008798441
0.0,0.0,0.816,0.673,0.71978892
0.212,0.161,0.682,0.572,0.344627994
0.504,0.0,0.645,0.498,0.260023889
0.022,0.02,0.757,0.366,0.466752838
0.036,0.138,0.874,0.496,0.405785078
0.455,0.942,0.665,0.991,0.031274741
0.46,0.664,0.62,0.686,0.004793361
0.268,0.2,1.0,0.272,0.097521222
0.121,0.0,0.701,0.266,0.357794675
0.137,0.037,0.809,0.735,0.690021893
0.287,0.183,0.841,0.783,0.482669893
0.643,0.466,0.648,0.874,0.003855342
0.351,0.332,0.534,0.588,0.057248387
0.227,0.0,0.593,0.713,0.419354506
0.028,0.788,0.731,0.993,0.19183769
0.228,0.0,0.609,0.353,0.314838592
0.284,0.371,0.705,0.615,0.147318816
0.542,0.491,0.649,0.508,0.00417031
0.045,0.611,0.522,0.712,0.014643415
0.199,0.211,0.487,0.911,0.133852657
0.78,0.715,0.811,0.786,0.000354554
0.213,0.35,0.838,0.827,0.314905716
0.426,0.07,0.581,0.644,0.230441024
0.0,0.182,0.917,0.523,0.355944456
0.027,0.227,0.918,0.546,0.304940345
0.144,0.426,0.5,0.446,0.00371593
0.009,0.0,0.814,0.437,0.572686967
0.584,0.158,0.861,0.792,0.250657474
0.201,0.073,0.439,0.981,0.142601186
0.242,0.294,0.344,0.545,0.009793257
0.381,0.052,0.896,0.261,0.27735916
0.629,0.0,0.658,0.552,0.053797512
0.097,0.0,1.0,0.747,0.759006699
0.897,0.34,0.935,0.918,8.0893e-05
0.429,0.13,0.542,0.27,0.056553049
0.151,0.395,0.229,0.991,0.010390491
0.19,0.0,0.45,0.45,0.116130132
0.607,0.0,0.795,0.767,0.285364158
0.156,0.331,0.928,0.781,0.304640868
0.551,0.202,0.891,0.665,0.231718106
0.253,0.0,0.919,0.608,0.66591912
0.151,0.351,0.718,0.399,0.041852836
0.11,0.26,0.8,0.394,0.146052061
0.418,0.0,0.465,0.381,0.044973254
0.385,0.244,0.721,0.544,0.226883438
0.488,0.0,0.595,0.49,0.193863466
0.001,0.266,0.75,0.6,0.274138916
0.056,0.0,0.725,0.497,0.580564601
0.036,0.053,0.859,0.643,0.62498537
0.187,0.062,0.76,0.702,0.617278129
0.23,0.0,0.656,0.657,0.530390078
0.15,0.553,0.968,0.62,0.038398518
0.08,0.046,0.354,0.292,0.028994238
0.473,0.121,0.566,0.83,0.158285887
0.536,0.0,0.614,0.431,0.142711338
0.505,0.809,0.934,0.815,0.00321508
0.0,0.853,0.823,1.0,0.159683449
0.122,0.338,0.529,0.441,0.0346998
0.123,0.847,0.742,1.0,0.15718264
0.427,0.0,0.602,0.795,0.351694974
0.426,0.216,0.454,0.273,0.003960331
0.376,0.0,0.501,0.439,0.123212601
0.397,0.181,0.654,0.919,0.381723613
0.259,0.477,0.761,0.971,0.331015538
0.484,0.06,0.589,0.239,0.085700467
0.367,0.017,0.973,0.171,0.210357101
0.336,0.5,0.555,0.969,0.109512368
0.392,0.246,0.956,0.346,0.105348943
0.189,0.0,0.482,0.621,0.176882749
0.327,0.21,0.547,0.692,0.147213827
0.365,0.587,0.696,0.701,0.047787309
0.091,0.0,1.0,0.772,0.775474517
0.424,0.053,0.68,0.547,0.384585861
0.085,0.005,0.986,0.666,0.705407117
0.391,0.251,0.432,0.794,0.019030588
0.466,0.0,0.556,0.594,0.154132789
0.0,0.0,0.917,0.571,0.666512912
0.231,0.306,0.897,0.762,0.316745609
0.23,0.053,0.35,0.483,0.028591492
0.136,0.247,0.957,0.639,0.332191074
0.515,0.0,0.691,0.471,0.314241358
0.536,0.319,0.554,1.0,0.031761822
0.3,0.0,0.921,0.529,0.608114807
0.6,0.482,0.92,0.588,0.032145636
0.418,0.754,0.727,0.838,0.043351945
0.472,0.028,0.579,0.372,0.142797395
0.781,0.041,0.996,0.485,0.00696199
0.409,0.275,0.741,0.462,0.149786924
0.339,0.006,0.693,0.461,0.468594452
0.174,0.624,0.616,0.817,0.065793822
0.0,0.441,0.919,1.0,0.421235706
0.149,0.152,0.494,0.791,0.147690581
0.064,0.0,0.673,0.319,0.384207211
0.185,0.0,0.46,0.299,0.096832768
0.054,0.069,0.328,0.238,0.015118449
0.101,0.263,0.995,0.33,0.079669611
0.221,0.368,0.314,0.424,0.00153181
0.0,0.051,0.766,0.072,0.027249007
0.016,0.199,0.668,0.474,0.238960641
0.402,0.112,0.811,0.595,0.440748212
0.213,0.0,0.881,0.345,0.480423812
0.009,0.0,0.618,0.471,0.403010609
0.317,0.463,0.725,1.0,0.338104893
0.003,0.407,0.526,0.547,0.031322933
0.162,0.497,0.665,1.0,0.284085355
0.138,0.893,0.488,0.938,0.013949798
0.127,0.0,0.875,0.764,0.767777602
0.276,0.0,0.939,0.39,0.512669274
0.13,0.116,0.505,0.208,0.047782146
0.315,0.188,0.878,0.478,0.299449925
0.584,0.554,0.585,0.652,0.000244401
0.768,0.641,0.877,0.867,0.003607499
0.453,0.353,0.715,0.491,0.080767695
0.28,0.0,0.399,0.519,0.057275925
0.406,0.192,0.438,0.53,0.016328406
0.579,0.051,0.745,0.199,0.090560952
0.102,0.299,0.764,0.435,0.130639298
0.234,0.167,0.676,0.428,0.251084315
0.15,0.202,0.881,0.265,0.086839859
0.032,0.476,1.0,1.0,0.395601124
0.242,0.251,0.492,0.741,0.08838888
0.61,0.092,0.645,0.243,0.021331745
0.613,0.278,0.758,0.596,0.0935454
0.248,0.705,0.515,0.797,0.010984283
0.196,0.045,0.583,0.768,0.378742608
0.265,0.0,0.377,0.556,0.046799378
0.084,0.507,0.351,0.939,0.031804851
0.129,0.457,0.934,1.0,0.404800589
0.063,0.0,0.86,0.374,0.516794834
0.008,0.071,0.02,0.447,5.6797e-05
0.28,0.925,0.478,1.0,0.017269867
0.067,0.499,0.897,0.504,0.005597131
0.26,0.374,0.936,1.0,0.456102456
0.389,0.418,0.584,1.0,0.169772741
0.44,0.08,0.774,0.6,0.448348743
0.072,0.145,0.779,0.778,0.550365569
0.497,0.86,0.63,0.89,0.011836244
0.469,0.135,0.681,1.0,0.471071165
0.315,0.633,0.831,0.706,0.037016447
0.277,0.749,0.432,1.0,0.024669026
0.175,0.0,0.905,0.392,0.530013149
0.146,0.129,0.329,0.249,0.008423234
0.015,0.386,0.181,0.928,0.007629791
0.065,0.0,1.0,0.748,0.76199631
0.269,0.463,0.72,1.0,0.344750194
0.285,0.34,0.744,0.549,0.151301522
0.158,0.0,0.937,0.51,0.61967739
0.086,0.0,0.742,0.281,0.402396164
0.0,0.248,0.902,0.519,0.259270032
0.13,0.255,0.753,0.49,0.219654672
0.795,0.287,0.844,0.871,0.002459502
0.092,0.59,0.788,1.0,0.315921186
0.421,0.0,0.483,0.338,0.057312069
0.175,0.064,1.0,0.419,0.455660124
0.0,0.0,0.948,0.271,0.405148259
0.213,0.029,0.612,0.394,0.317088115
0.0,0.0,0.914,0.726,0.751287409
0.492,0.581,0.539,1.0,0.036479453
0.216,0.843,0.949,0.891,0.043090332
0.274,0.0,0.356,0.392,0.024369548
0.306,0.0,0.509,0.462,0.169574811
0.32,0.099,0.917,0.211,0.163645501
0.0,0.388,0.912,1.0,0.465413795
0.047,0.293,1.0,0.302,0.011275154
0.328,0.642,0.821,0.919,0.176285516
0.35,0.072,0.78,0.396,0.39403317
0.132,0.106,0.796,0.445,0.412850337
0.102,0.026,0.811,0.263,0.349493642
0.473,0.358,0.809,0.659,0.165092976
0.19,0.628,0.403,0.732,0.004829504
0.318,0.731,0.408,1.0,0.013837924
0.214,0.0,0.445,0.518,0.115088845
0.354,0.0,0.6,0.723,0.394313715
0.178,0.203,0.782,0.481,0.285980324
0.343,0.121,0.857,0.527,0.422583355
0.189,0.68,0.742,1.0,0.249891569
0.221,0.376,0.691,0.654,0.153535555
0.12,0.399,0.796,0.469,0.053907665
0.119,0.436,0.685,0.916,0.265330148
0.06,0.485,0.538,0.813,0.063761162
0.295,0.0,0.451,0.493,0.102985825
0.0,0.023,0.777,0.188,0.249414814
0.087,0.021,1.0,0.229,0.315249943
0.325,0.074,0.755,0.175,0.144869641
0.054,0.293,0.114,0.637,0.000846798
0.287,0.618,0.653,0.854,0.092884484
0.19,0.227,0.709,0.49,0.238482166
0.158,0.0,0.914,0.638,0.695770483
0.033,0.321,0.123,0.777,0.001710808
0.0,0.243,0.892,0.362,0.141604648
0.247,0.0,0.644,0.567,0.469739007
0.118,0.137,0.504,0.675,0.154950328
0.165,0.007,0.661,0.459,0.450661948
0.276,0.0,0.522,0.489,0.201045762
0.118,0.126,1.0,0.251,0.183812038
0.437,0.0,0.712,0.579,0.489062188
0.722,0.087,0.756,0.335,0.011023869
0.146,0.0,0.707,0.403,0.495597337
0.042,0.476,0.667,0.497,0.009638355
0.284,0.6,0.597,1.0,0.154568236
0.411,0.227,0.893,0.572,0.275137174
0.097,0.095,0.793,0.449,0.432486764
0.77,0.523,0.985,0.57,0.000841635
0.512,0.0,0.581,0.573,0.142892057
0.68,0.357,0.808,0.469,0.016245792
0.06,0.431,0.275,0.539,0.001660895
0.126,0.0,0.62,0.606,0.453357246
0.562,0.833,0.813,0.972,0.075686905
0.042,0.0,0.913,0.437,0.575137863
0.038,0.385,0.287,0.623,0.004559286
0.524,0.597,0.969,0.867,0.120854647
0.403,0.585,0.9,1.0,0.27508554
0.465,0.429,0.55,0.911,0.059626996
0.281,0.388,0.78,0.801,0.251550742
0.138,0.129,0.505,0.865,0.18786359
0.453,0.39,0.671,0.655,0.102806827
0.53,0.401,0.537,0.801,0.005411248
0.845,0.274,0.874,0.92,0.000330458
0.001,0.061,0.68,0.6,0.498808975
0.761,0.287,0.943,0.306,0.00074353
0.445,0.59,0.525,0.83,0.018023724
0.345,0.041,0.866,0.875,0.737893537
0.416,0.095,0.729,0.688,0.462434511
0.325,0.0,0.403,0.449,0.045518853
0.694,0.231,0.82,0.403,0.023879025
0.153,0.229,0.309,0.429,0.010035937
0.113,0.618,0.317,0.896,0.016211369
0.541,0.02,0.618,0.164,0.054267382
0.676,0.129,0.792,0.912,0.125307223
0.419,0.315,0.651,0.974,0.289431199
0.353,0.575,0.744,1.0,0.276397045
0.203,0.827,0.802,1.0,0.173660785
0.25,0.615,0.863,1.0,0.287629171
0.069,0.118,0.326,0.978,0.057370588
0.0,0.079,0.955,0.671,0.602262948
0.276,0.024,0.556,0.327,0.194178433
0.169,0.0,1.0,0.664,0.709556773
0.349,0.143,0.707,0.784,0.465043751
0.813,0.239,1.0,0.698,0.001240938
0.156,0.316,0.569,0.566,0.095467908
0.107,0.166,0.246,0.204,0.001135949
0.577,0.039,0.691,0.946,0.293150572
0.351,0.668,0.613,0.957,0.111130235
0.05,0.0,1.0,0.487,0.611362588
0.184,0.196,0.732,0.627,0.367352137
0.24,0.632,0.518,1.0,0.07604318
0.015,0.279,0.887,0.727,0.335802014
0.597,0.215,0.856,0.352,0.063420377
0.097,0.431,0.521,0.843,0.072389211
0.174,0.401,0.283,0.409,0.000163508
0.167,0.0,0.863,0.454,0.579180809
0.867,0.316,0.88,0.869,7.0567e-05
0.154,0.15,0.654,0.844,0.440703462
0.249,0.191,1.0,0.487,0.309045252
0.209,0.135,0.871,0.467,0.383969694
0.05,0.661,0.552,0.917,0.075050085
0.139,0.202,0.84,0.999,0.680300923
0.274,0.096,0.69,0.858,0.567163845
0.232,0.491,0.852,0.62,0.080020722
0.278,0.054,0.471,0.613,0.128437967
0.41,0.694,0.551,0.951,0.051434394
0.118,0.035,0.636,0.182,0.165459577
0.379,0.318,0.688,0.371,0.040749589
0.089,0.76,0.295,0.96,0.017755227
0.069,0.181,0.812,0.546,0.367961419
0.424,0.374,0.725,0.82,0.228122655
0.248,0.048,0.358,0.326,0.022496954
0.227,0.176,0.561,1.0,0.313330878
0.271,0.0,0.875,0.214,0.31573014
0.206,0.021,0.465,0.357,0.10757437
0.496,0.186,0.885,0.981,0.501497387
0.438,0.293,0.514,0.341,0.008299312
0.415,0.165,0.462,0.247,0.011003215
0.029,0.07,0.623,0.442,0.326383965
0.608,0.241,0.995,0.725,0.152244704
0.015,0.391,0.642,0.597,0.097712268
0.457,0.097,0.496,1.0,0.06083179
0.346,0.67,0.801,0.672,0.0
0.035,0.109,0.766,0.886,0.685326637
0.14,0.721,0.973,1.0,0.246857208
0.588,0.207,0.66,0.25,0.012359469
0.324,0.039,0.974,0.773,0.677242467
0.0,0.002,0.849,0.17,0.253934514
0.064,0.07,0.816,0.652,0.602378264
0.077,0.175,1.0,0.403,0.280429664
0.498,0.473,0.558,0.55,0.007091076
0.16,0.0,0.821,0.589,0.66757141
0.242,0.075,0.516,0.17,0.051890495
0.515,0.151,0.663,0.503,0.173600545
0.136,0.461,0.931,0.874,0.261423172
0.429,0.458,0.668,1.0,0.246036226
0.458,0.294,0.973,0.56,0.178831074
0.298,0.866,0.543,1.0,0.048288159
0.521,0.871,0.575,1.0,0.024142359
0.571,0.625,0.774,0.642,0.005633274
0.126,0.694,0.491,0.902,0.035073286
0.37,0.657,0.7,1.0,0.210396687
0.179,0.121,0.419,0.811,0.08403613
0.336,0.314,0.881,0.902,0.394100294
0.166,0.0,0.566,0.438,0.28865841
0.097,0.333,1.0,1.0,0.519855012
0.074,0.07,0.721,0.219,0.214806235
0.544,0.845,0.709,1.0,0.079480286
0.28,0.076,0.977,0.308,0.320291147
0.088,0.488,0.128,0.923,0.002113554
0.035,0.065,0.484,0.513,0.1477491
0.186,0.436,0.613,0.654,0.080709176
0.567,0.548,0.813,0.982,0.174101395
0.349,0.022,0.585,0.54,0.301878447
0.111,0.0,1.0,0.037,0.056133092
0.516,0.418,0.532,0.964,0.016300868
0.152,0.481,0.599,0.738,0.081077499
0.586,0.162,0.722,0.189,0.014708818
0.441,0.008,0.947,0.785,0.626902715
0.626,0.397,0.929,0.943,0.142625281
0.351,0.179,0.997,0.532,0.336922473
0.505,0.446,0.628,0.652,0.04734842
0.183,0.172,0.753,0.476,0.324809126
0.363,0.0,0.715,0.547,0.541193641
0.322,0.655,0.779,0.961,0.211073093
0.47,0.017,0.97,0.76,0.563928112
0.434,0.203,0.483,0.619,0.032269557
0.201,0.031,0.301,0.958,0.033823742
0.601,0.316,0.85,0.508,0.070182716
0.068,0.498,1.0,1.0,0.380449973
0.245,0.253,0.684,0.289,0.036710085
0.803,0.516,0.846,0.901,0.001041287
0.366,0.368,0.793,0.727,0.216005866
0.213,0.151,0.302,0.653,0.013607292
0.367,0.043,0.752,0.969,0.772354099
0.406,0.064,0.527,0.164,0.039580938
0.303,0.567,0.545,0.859,0.050334589
0.806,0.097,0.882,0.893,0.003363097
0.217,0.611,0.893,1.0,0.296506785
0.073,0.573,0.129,0.775,0.000881221
0.454,0.0,0.87,0.501,0.484447826
0.327,0.493,0.652,1.0,0.241693803
0.606,0.0,0.657,0.422,0.079810744
0.443,0.34,0.509,0.41,0.008404301
0.42,0.047,0.957,0.391,0.390482469
0.63,0.266,0.878,0.563,0.08775206
0.009,0.0,0.637,0.379,0.385167604
0.127,0.221,1.0,0.83,0.477680323
0.367,0.026,0.591,0.929,0.411664475
0.055,0.0,0.581,0.463,0.333199659
0.252,0.408,0.768,1.0,0.415623085
0.297,0.54,0.819,0.973,0.29560491
0.317,0.0,0.327,0.554,0.003438827
0.113,0.577,0.532,0.649,0.013440342
0.646,0.155,0.804,0.836,0.160669659
0.233,0.685,0.812,0.865,0.114109519
0.244,0.49,0.991,0.77,0.160182578
0.0,0.0,0.645,0.506,0.465523948
0.0,0.847,0.509,1.0,0.055687318
0.0,0.0,0.857,0.158,0.241303106
0.114,0.613,0.358,0.88,0.017750064
0.438,0.157,0.736,0.717,0.386701135
0.432,0.507,0.954,1.0,0.308630459
0.038,0.107,0.515,0.227,0.067609619
0.509,0.412,0.798,0.527,0.059592573
0.702,0.325,0.807,0.863,0.048029989
0.577,0.955,0.887,1.0,0.023577826
0.15,0.636,0.969,0.791,0.086378595
0.187,0.081,0.925,0.622,0.563055496
0.203,0.0,1.0,0.414,0.546759792
0.422,0.224,0.792,0.459,0.207505181
0.068,0.12,0.904,0.644,0.522684557
0.315,0.633,0.933,1.0,0.267739737
0.656,0.512,0.701,0.808,0.02529724
0.08,0.35,0.909,0.746,0.266521173
0.152,0.108,0.688,0.711,0.490330664
0.455,0.211,0.537,0.388,0.041298631
0.0,0.0,0.755,0.42,0.546916415
0.611,0.681,0.891,0.925,0.076614597
0.036,0.456,0.491,0.739,0.038116252
0.366,0.827,0.587,1.0,0.075828038
0.258,0.662,0.894,0.666,0.001461243
0.371,0.112,0.514,0.544,0.116921854
0.155,0.058,0.687,0.58,0.496779757
0.272,0.888,0.367,0.898,0.000707386
0.0,0.033,0.688,0.25,0.293166062
0.021,0.76,0.993,1.0,0.228558102
0.403,0.772,0.982,1.0,0.184364523
0.772,0.709,0.886,0.843,0.0018812
0.829,0.542,0.868,0.904,0.000347669
0.209,0.261,1.0,0.584,0.279911603
0.285,0.0,0.453,0.319,0.082327043
0.25,0.093,0.846,0.241,0.217085017
0.119,0.0,0.818,0.461,0.585046436
0.254,0.0,0.686,0.661,0.588629839
0.355,0.044,0.762,0.44,0.458195356
0.296,0.033,0.811,0.756,0.683932518
0.353,0.545,0.728,0.805,0.125649728
0.365,0.733,0.494,0.871,0.010824217
0.249,0.197,0.355,0.851,0.028536416
0.569,0.12,0.91,0.156,0.027033865
0.002,0.115,0.709,0.187,0.105805044
0.166,0.278,0.484,0.558,0.060274142
0.461,0.364,0.635,0.941,0.194436604
0.12,0.007,1.0,0.309,0.434371407
0.258,0.091,0.784,0.892,0.704827095
0.553,0.577,1.0,0.642,0.021512464
0.304,0.0,0.677,0.856,0.64603485
0.346,0.102,0.601,0.264,0.139819832
0.345,0.029,0.752,0.449,0.481291264
0.441,0.65,0.886,1.0,0.23459068
0.497,0.047,0.961,0.32,0.269923857
0.447,0.44,0.558,0.959,0.08893448
0.064,0.0,0.917,0.42,0.561268958
0.0,0.0,0.71,0.605,0.625668661
0.515,0.119,0.909,0.461,0.267281915
0.329,0.837,0.481,0.874,0.003772728
0.47,0.554,0.542,0.749,0.017720804
0.041,0.473,0.904,0.615,0.090134111
0.093,0.606,0.329,0.953,0.026278287
0.18,0.0,0.943,0.629,0.689792982
0.003,0.103,0.934,0.597,0.523622576
0.565,0.542,0.833,1.0,0.188192326
0.024,0.489,0.62,0.493,0.000968999
0.496,0.0,0.626,0.499,0.237981315
0.0,0.849,0.883,0.979,0.142768136
0.493,0.012,0.846,0.689,0.503099764
0.38,0.0,0.528,0.65,0.189586446
0.434,0.118,0.943,0.232,0.141358526
0.205,0.31,0.938,1.0,0.532181779
0.156,0.751,0.937,1.0,0.226935072
0.378,0.0,0.772,0.371,0.45005783
0.511,0.717,0.574,0.953,0.03761196
0.653,0.852,0.716,0.97,0.020395448
0.239,0.205,0.285,0.7,0.006617763
0.488,0.056,0.662,1.0,0.460718539
0.245,0.586,0.305,0.85,0.004834668
0.189,0.037,0.975,0.777,0.713823467
0.476,0.255,0.588,0.258,0.001075709
0.443,0.757,0.822,0.905,0.097166668
0.077,0.087,0.813,0.626,0.56372846
0.011,0.587,0.485,0.943,0.060821463
0.383,0.597,0.882,0.651,0.026878963
0.164,0.557,0.916,1.0,0.334196196
0.071,0.181,0.746,0.536,0.34653329
0.004,0.773,0.922,1.0,0.219596153
0.293,0.089,0.489,0.554,0.125648007
0.547,0.204,0.72,0.557,0.170087709
0.404,0.021,0.804,0.863,0.698429637
0.202,0.0,0.743,0.633,0.658815997
0.069,0.487,0.599,0.76,0.087177201
0.045,0.0,0.853,0.526,0.636739
0.416,0.625,0.989,0.815,0.098269915
0.846,0.47,0.982,0.665,2.4096e-05
0.09,0.734,0.654,0.922,0.109474503
0.339,0.3,0.479,0.417,0.022615712
0.32,0.089,0.586,0.437,0.230976297
0.005,0.475,0.602,0.475,0.0
0.064,0.41,0.301,0.906,0.021817105
0.637,0.0,0.666,0.395,0.043813209
0.388,0.613,0.686,0.704,0.036364137
0.049,0.492,1.0,1.0,0.383883638
0.034,0.185,1.0,0.599,0.398046856
0.37,0.0,0.659,0.783,0.528915065
0.21,0.03,0.936,0.143,0.170776163
0.072,0.052,0.624,0.549,0.389625343
0.151,0.72,0.935,1.0,0.245840017
0.167,0.157,0.59,0.369,0.161690292
0.728,0.176,0.885,0.837,0.038178213
0.287,0.0,0.819,0.827,0.775099309
0.271,0.057,0.597,0.823,0.402181022
0.152,0.412,0.47,0.636,0.03007511
0.661,0.187,0.676,0.547,0.015559059
0.186,0.778,0.85,1.0,0.208042175
0.178,0.678,0.191,0.735,2.5817e-05
0.643,0.0,0.7,0.684,0.116269543
0.504,0.07,0.878,1.0,0.620761705
0.395,0.0,0.547,0.171,0.083493973
0.338,0.522,0.502,1.0,0.063310224
0.382,0.136,0.594,0.451,0.187472892
0.21,0.508,0.805,0.842,0.198286782
0.389,0.065,0.476,0.486,0.073535486
0.352,0.546,0.781,0.634,0.048252015
0.106,0.017,0.225,0.782,0.013958404
0.341,0.025,0.745,0.325,0.387324186
0.631,0.084,0.673,0.151,0.012987684
0.0,0.0,0.708,0.524,0.580346017
0.24,0.0,0.411,0.496,0.073797099
0.306,0.924,0.548,0.957,0.012996289
0.145,0.318,0.172,0.603,0.000640262
0.0,0.292,0.854,0.653,0.279975285
0.35,0.24,0.891,0.727,0.357873848
0.241,0.267,0.466,0.367,0.023910005
0.155,0.19,0.326,0.738,0.021961681
0.077,0.0,0.636,0.287,0.310429044
0.384,0.147,0.926,0.381,0.269106318
0.415,0.793,0.737,1.0,0.157934776
0.792,0.009,0.891,0.388,0.004597151
0.855,0.253,0.98,0.55,0.00027366
0.0,0.583,0.91,1.0,0.325776404
0.172,0.0,1.0,0.155,0.233167301
0.088,0.396,0.925,0.529,0.09883789
0.075,0.268,0.224,0.431,0.00373142
0.284,0.467,0.845,0.739,0.155661157
0.37,0.0,0.478,0.627,0.114791089
0.4,0.0,0.723,0.59,0.543599788
0.225,0.289,0.821,0.734,0.319366898
0.0,0.0,0.808,0.432,0.567905654
0.204,0.0,0.903,0.6,0.671793354
0.0,0.703,0.821,1.0,0.259142668
0.364,0.048,0.693,0.63,0.49076439
0.849,0.719,0.885,0.826,6.024e-05
0.233,0.516,0.319,0.95,0.013936029
0.0,0.235,0.805,0.332,0.11949495
0.129,0.361,0.697,0.786,0.238151708
0.003,0.07,0.848,0.625,0.592443874
0.072,0.921,0.758,0.95,0.030322954
0.697,0.298,0.975,0.89,0.061585647
0.352,0.068,0.601,0.566,0.300888794
0.165,0.092,0.382,0.834,0.066644062
0.745,0.131,0.957,0.837,0.029116438
0.237,0.311,0.355,0.625,0.013782848
0.229,0.141,0.912,0.351,0.276190509
0.456,0.0,0.686,0.534,0.4086697
0.055,0.0,1.0,0.383,0.528596655
0.302,0.302,0.6,0.841,0.194472748
0.339,0.323,0.715,0.477,0.116608607
0.47,0.299,0.718,0.562,0.150835095
0.188,0.15,0.706,0.227,0.105519335
0.502,0.0,0.53,0.392,0.038847735
0.481,0.424,0.81,0.621,0.100149395
0.371,0.0,0.749,0.565,0.572853917
0.424,0.344,0.549,1.0,0.12261881
0.339,0.0,0.984,0.264,0.369572401
0.054,0.362,0.187,0.58,0.001526647
0.144,0.488,1.0,1.0,0.382296751
0.271,0.0,0.84,0.332,0.456284896
0.036,0.919,0.521,0.951,0.01418043
0.082,0.004,0.668,0.569,0.524517566
0.248,0.436,0.987,0.564,0.088363063
0.436,0.332,0.498,0.845,0.032290211
0.005,0.284,0.711,0.999,0.517791371
0.355,0.069,0.443,0.374,0.049716701
0.0,0.0,0.768,0.448,0.572205049
0.786,0.227,0.988,0.55,0.003320069
0.388,0.616,0.701,1.0,0.225251802
0.5,0.491,0.59,1.0,0.103975477
0.307,0.442,0.758,1.0,0.371279767
0.177,0.546,0.711,0.953,0.258335456
0.127,0.209,0.908,0.425,0.243988076
0.184,0.0,0.465,0.457,0.134298431
0.28,0.04,0.755,0.998,0.858397073
0.335,0.423,0.465,0.751,0.026440074
0.009,0.013,0.131,0.662,0.005564429
0.528,0.523,0.813,0.966,0.216430986
0.109,0.0,0.65,0.376,0.399823067
0.416,0.0,0.619,0.491,0.317213758
0.151,0.015,0.412,0.438,0.07765072
0.455,0.144,0.901,0.529,0.328907148
0.484,0.0,0.616,0.388,0.206933764
0.294,0.57,0.358,0.602,0.00081926
0.297,0.0,0.809,0.269,0.379162565
0.0,0.808,0.934,0.898,0.082308111
0.227,0.164,0.444,0.663,0.078845187
0.837,0.321,0.947,0.468,0.000161787
0.004,0.361,0.51,0.366,0.001900133
0.355,0.109,0.365,0.625,0.005369941
0.683,0.694,0.825,0.925,0.03298727
0.0,0.207,0.925,0.509,0.309241461
0.301,0.716,0.849,0.845,0.07865242
0.344,0.0,0.805,0.594,0.626078291
0.258,0.52,0.861,1.0,0.342700323
0.61,0.539,0.954,0.685,0.032914983
0.155,0.166,0.376,0.341,0.022133794
0.277,0.719,0.322,0.827,0.001764163
0.294,0.091,0.537,0.484,0.17460913
0.406,0.337,0.827,0.652,0.198718787
0.11,0.011,0.614,0.434,0.366341831
0.064,0.197,0.612,0.446,0.18175184
0.081,0.106,0.652,0.343,0.253001659
0.18,0.0,0.85,0.19,0.287155859
0.397,0.258,0.614,0.306,0.032751475
0.157,0.298,0.505,0.938,0.130881978
0.358,0.511,0.599,0.98,0.158287609
0.178,0.129,0.766,0.283,0.212573923
0.755,0.262,0.788,0.29,0.00075902
0.172,0.186,0.997,1.0,0.702644696
0.18,0.0,1.0,0.461,0.582834778
0.058,0.0,0.946,0.603,0.685410973
0.536,0.074,0.609,0.854,0.174221875
0.281,0.0,0.796,0.764,0.735941771
0.016,0.588,0.611,0.81,0.074325487
0.322,0.8,0.375,0.848,0.000886384
0.375,0.132,0.709,0.706,0.431710533
0.29,0.229,0.882,0.29,0.076296187
0.0,0.498,0.849,1.0,0.380327773
0.411,0.0,0.571,0.909,0.321896966
0.604,0.159,0.701,0.54,0.107503804
0.792,0.238,0.793,0.847,0.000149739
0.117,0.401,0.321,0.52,0.00335105
0.184,0.468,0.642,0.505,0.016972111
0.461,0.59,0.576,1.0,0.092784658
0.246,0.091,0.596,0.43,0.254106628
0.077,0.097,0.681,0.153,0.079757389
0.106,0.649,0.975,0.932,0.209897558
0.728,0.328,0.948,0.686,0.01891183
0.292,0.0,0.801,0.403,0.517307732
0.356,0.061,0.789,0.723,0.600641639
0.035,0.0,0.697,0.409,0.493874481
0.114,0.099,0.418,0.464,0.067769685
0.368,0.209,0.988,0.873,0.48119316
0.737,0.446,0.761,0.866,0.00919086
0.298,0.567,0.525,0.679,0.016073678
0.433,0.296,0.948,0.601,0.206205724
0.645,0.592,0.951,0.954,0.078967388
0.05,0.217,0.851,0.912,0.56495735
0.401,0.15,0.642,0.827,0.342381913
0.278,0.354,0.938,0.641,0.198723951
0.304,0.0,0.606,0.685,0.42037686
0.441,0.0,0.901,0.115,0.13905909
0.103,0.342,0.593,0.564,0.093703745
0.354,0.705,0.72,0.919,0.129735703
0.179,0.0,0.568,0.48,0.30418821
0.836,0.245,0.936,0.616,0.000526667
0.393,0.086,0.746,0.164,0.106940993
0.253,0.0,0.517,0.327,0.155411592
0.559,0.0,0.764,0.748,0.385004096
0.389,0.067,0.934,0.516,0.466064384
0.484,0.123,0.878,0.344,0.216480899
0.474,0.453,0.556,0.871,0.051233021
0.286,0.119,0.569,0.68,0.25567286
0.174,0.145,0.807,0.66,0.483537345
0.0,0.142,0.929,0.181,0.060501332
0.035,0.032,0.713,0.25,0.310380853
0.005,0.004,0.133,0.061,0.000912201
0.23,0.176,0.861,0.501,0.341115158
0.342,0.236,0.57,0.956,0.235697369
0.16,0.171,0.75,0.393,0.262686485
0.222,0.988,1.0,0.99,0.003316627
0.322,0.504,0.608,0.603,0.032899493
