0.035,0.167,0.822,0.96,0.692684488
0.545,0.065,0.779,0.185,0.099738043
0.07,0.932,0.642,0.991,0.050279512
0.017,0.034,0.924,0.616,0.63993859
0.143,0.153,0.515,0.247,0.048203824
0.061,0.169,1.0,0.403,0.289222942
0.079,0.039,0.587,0.27,0.204632607
0.455,0.942,0.665,0.991,0.031274741
0.577,0.0,0.673,0.523,0.177958459
0.293,0.089,0.489,0.554,0.125648007
0.249,0.047,0.703,0.703,0.581926019
0.082,0.952,0.756,0.99,0.04480114
0.22,0.111,0.295,0.146,0.001318389
0.656,0.0,0.659,0.571,0.005757196
0.0,0.0,0.841,0.702,0.736268786
0.185,0.475,0.189,0.987,0.000430284
0.583,0.634,0.863,0.746,0.029298879
0.318,0.601,0.865,0.921,0.201648159
0.285,0.541,0.782,0.871,0.191767124
0.253,0.0,0.517,0.327,0.155411592
0.101,0.248,1.0,1.0,0.622944104
0.237,0.239,0.978,0.723,0.376453498
0.521,0.0,0.599,0.598,0.169469822
0.317,0.0,0.327,0.554,0.003438827
0.437,0.077,0.445,0.108,0.000748694
0.0,0.0,0.768,0.466,0.584769334
0.014,0.609,0.45,0.794,0.015667491
0.232,0.218,0.864,1.0,0.641917895
0.0,0.0,0.91,0.422,0.562377369
0.089,0.76,0.295,0.96,0.017755227
0.403,0.221,0.784,0.579,0.286002699
0.057,0.746,0.988,0.981,0.218394801
0.303,0.448,0.772,0.552,0.067709445
0.036,0.268,0.466,0.562,0.058928215
0.47,0.299,0.718,0.562,0.150835095
0.215,0.109,0.96,0.521,0.458938886
0.335,0.0,0.745,0.034,0.046000771
0.179,0.121,0.419,0.811,0.08403613
0.0,0.068,0.739,0.343,0.371300421
0.023,0.171,0.968,0.457,0.327106841
0.222,0.201,0.672,0.215,0.016335291
0.395,0.0,0.483,0.564,0.097646864
0.295,0.0,0.437,0.528,0.09055751
0.009,0.007,0.738,0.265,0.368820265
0.437,0.409,0.91,0.97,0.341996379
0.196,0.797,0.673,0.986,0.144057266
0.202,0.442,0.936,0.613,0.109625963
0.143,0.009,0.728,0.429,0.516755248
0.242,0.055,0.279,0.227,0.003141071
0.357,0.945,0.817,0.974,0.028362581
0.053,0.124,0.469,0.233,0.043188437
0.083,0.0,0.8,0.628,0.693558825
0.542,0.271,0.663,0.38,0.043716825
0.186,0.436,0.613,0.654,0.080709176
0.511,0.295,0.711,0.404,0.064965956
0.676,0.269,0.729,0.701,0.042415647
0.394,0.349,0.919,0.959,0.398101932
0.301,0.716,0.849,0.845,0.07865242
0.297,0.54,0.819,0.973,0.29560491
0.251,0.0,0.729,0.797,0.721718312
0.219,0.488,0.294,0.889,0.00896367
0.407,0.453,0.596,0.667,0.055460128
0.23,0.018,0.294,0.18,0.004915561
0.021,0.479,0.381,0.723,0.013757031
0.115,0.77,0.923,0.888,0.093288951
0.196,0.0,0.652,0.226,0.261564305
0.227,0.325,0.317,0.524,0.005075627
0.119,0.232,0.774,0.847,0.467475715
0.4,0.0,0.723,0.59,0.543599788
0.078,0.009,0.807,0.442,0.557067668
0.541,0.02,0.618,0.164,0.054267382
0.56,0.49,0.631,0.51,0.003206474
0.489,0.571,0.568,1.0,0.072915878
0.109,0.0,0.837,0.408,0.545985281
0.975,0.406,0.995,0.715,0.0
0.083,0.327,0.803,0.663,0.244628338
0.221,0.047,1.0,0.142,0.147423805
0.226,0.289,0.591,0.373,0.049976593
0.334,0.133,0.378,0.618,0.021188891
0.177,0.0,0.778,0.711,0.721152059
0.74,0.013,0.945,0.328,0.017824072
0.324,0.261,0.981,0.503,0.219807853
0.175,0.003,0.875,0.424,0.54420907
0.611,0.681,0.891,0.925,0.076614597
0.601,0.316,0.85,0.508,0.070182716
0.259,0.477,0.761,0.971,0.331015538
0.518,0.97,0.798,0.991,0.014966989
0.0,0.0,0.948,0.271,0.405148259
0.174,0.696,0.22,0.771,0.000426841
0.309,0.77,0.484,0.955,0.025319615
0.464,0.24,0.76,1.0,0.475694134
0.133,0.0,0.752,0.558,0.630405224
0.325,0.357,0.979,0.652,0.198049266
0.239,0.257,0.95,0.627,0.304563417
0.162,0.727,0.371,0.853,0.008975718
0.035,0.0,0.697,0.409,0.493874481
0.381,0.646,0.577,0.728,0.017089148
0.231,0.108,0.403,0.783,0.06714147
0.29,0.0,0.688,0.656,0.582394167
0.387,0.071,0.448,0.589,0.051146964
0.625,0.716,0.92,0.746,0.00635443
0.231,0.312,0.672,0.946,0.361436597
0.5,0.531,0.584,0.639,0.01618211
0.241,0.212,1.0,0.432,0.238323821
0.658,0.684,0.691,0.854,0.01290679
0.251,0.0,1.0,0.175,0.257378505
0.147,0.331,0.291,0.414,0.003244339
0.472,0.028,0.579,0.372,0.142797395
0.595,0.627,0.826,0.921,0.094092721
0.352,0.068,0.601,0.566,0.300888794
0.828,0.166,0.95,0.33,0.000777953
0.149,0.0,0.491,0.398,0.157320331
0.026,0.696,0.7,0.967,0.198873689
0.056,0.303,0.872,0.45,0.14016578
0.361,0.0,0.963,0.482,0.552730408
0.0,0.033,0.688,0.25,0.293166062
0.292,0.226,0.899,0.547,0.291685886
0.347,0.739,0.654,1.0,0.146632083
0.767,0.112,0.98,0.891,0.016479866
0.479,0.0,0.697,0.475,0.37321088
0.559,0.096,0.578,0.121,0.002445733
0.189,0.68,0.742,1.0,0.249891569
0.236,0.43,0.847,0.682,0.155446015
0.167,0.209,1.0,0.325,0.147759427
0.486,0.328,0.612,0.355,0.009450751
0.157,0.184,0.359,0.294,0.010924043
0.204,0.029,0.245,0.799,0.008166785
0.043,0.109,0.319,0.886,0.043684124
0.142,0.126,0.752,0.447,0.369044013
0.231,0.035,0.652,0.932,0.623431186
0.008,0.439,0.147,0.457,0.000108431
0.275,0.58,0.403,0.858,0.011545373
0.029,0.07,0.623,0.442,0.326383965
0.528,0.473,0.867,0.963,0.239304868
0.003,0.07,0.848,0.625,0.592443874
0.242,0.491,0.259,0.945,0.002588587
0.296,0.033,0.811,0.756,0.683932518
0.156,0.285,0.559,0.288,0.001748673
0.353,0.317,0.81,0.91,0.392033211
0.311,0.0,0.719,0.559,0.577976014
0.458,0.132,0.588,0.91,0.239341012
0.465,0.429,0.55,0.911,0.059626996
0.51,0.205,0.78,0.7,0.285601674
0.454,0.296,0.758,0.655,0.212262397
0.221,0.317,0.883,0.356,0.040651484
0.272,0.178,0.699,0.311,0.150005508
0.072,0.476,0.957,0.673,0.118775516
0.199,0.0,0.951,0.419,0.549183149
0.651,0.095,0.711,0.36,0.05371834
0.288,0.124,0.953,0.393,0.337172038
0.281,0.388,0.78,0.801,0.251550742
0.195,0.006,0.728,0.693,0.663936373
0.083,0.326,0.758,0.896,0.394281013
0.327,0.493,0.652,1.0,0.241693803
0.0,0.164,0.821,0.364,0.256256325
0.344,0.0,0.805,0.594,0.626078291
0.054,0.045,1.0,0.582,0.604522798
0.584,0.58,0.777,0.649,0.017510826
0.245,0.842,1.0,1.0,0.157981247
0.285,0.901,1.0,0.932,0.030398684
0.072,0.24,0.66,0.483,0.187911782
0.283,0.0,0.8,0.305,0.422270108
0.141,0.65,0.542,0.982,0.097543596
0.17,0.327,0.546,0.618,0.085406153
0.058,0.315,0.939,0.657,0.25530798
0.522,0.124,0.956,0.958,0.503803708
0.434,0.815,0.885,0.967,0.123599857
0.075,0.204,0.887,0.888,0.556880064
0.56,0.506,0.825,1.0,0.207971608
0.407,0.182,0.653,0.601,0.246623133
0.0,0.0,0.829,0.74,0.756788156
0.059,0.895,0.9,0.905,0.008965391
0.328,0.856,0.811,0.931,0.068731799
0.258,0.0,0.573,0.369,0.260955023
0.676,0.129,0.792,0.912,0.125307223
0.136,0.461,0.931,0.874,0.261423172
0.63,0.352,0.759,0.695,0.07511893
0.344,0.0,0.822,0.181,0.256901751
0.064,0.285,0.875,0.375,0.10287223
0.347,0.227,0.962,0.301,0.090745114
0.325,0.25,0.545,0.5,0.088832933
0.227,0.53,0.761,1.0,0.332354581
0.494,0.0,0.727,0.143,0.14206247
0.053,0.083,0.834,0.245,0.246540519
0.238,0.441,0.615,0.755,0.109269688
0.556,0.0,0.796,0.642,0.37213345
0.086,0.0,0.742,0.281,0.402396164
0.691,0.597,0.795,0.859,0.025033906
0.139,0.528,0.702,1.0,0.308539238
0.548,0.0,0.571,0.476,0.04734842
0.007,0.0,0.811,0.288,0.423402615
0.415,0.341,0.537,0.409,0.01651601
0.429,0.601,0.711,0.8,0.087092866
0.718,0.046,0.823,0.354,0.025951271
0.67,0.088,0.704,0.522,0.044441423
0.851,0.175,0.97,0.694,0.000428563
0.214,0.319,0.802,0.985,0.503738305
0.06,0.0,1.0,0.668,0.71933454
0.283,0.51,0.94,0.964,0.309670024
0.275,0.569,0.568,0.804,0.053362065
0.26,0.094,0.531,0.802,0.221577179
0.0,0.498,0.849,1.0,0.380327773
0.549,0.612,0.77,0.849,0.08829766
0.0,0.142,0.929,0.181,0.060501332
0.279,0.408,0.935,0.553,0.102488417
0.288,0.0,0.563,0.792,0.345827625
0.529,0.261,0.731,0.85,0.264736357
0.411,0.089,0.545,0.885,0.195928828
0.045,0.714,0.597,0.844,0.043670354
0.44,0.336,0.47,0.501,0.007101402
0.244,0.374,0.929,0.926,0.381277839
0.418,0.0,0.465,0.381,0.044973254
0.157,0.298,0.505,0.938,0.130881978
0.925,0.845,0.947,0.897,2.0654e-05
0.191,0.0,0.884,0.708,0.728120934
0.457,0.629,0.56,1.0,0.070957226
0.458,0.337,0.884,0.486,0.099522901
0.135,0.0,0.74,0.528,0.606631188
0.547,0.417,0.731,0.956,0.212689239
0.506,0.464,0.794,0.678,0.095614204
0.306,0.703,0.86,1.0,0.233012399
0.36,0.28,0.816,0.759,0.324456294
0.355,0.069,0.443,0.374,0.049716701
0.112,0.827,0.676,0.992,0.142799116
0.178,0.0,1.0,0.553,0.646583892
0.55,0.312,0.851,0.399,0.047906067
0.122,0.768,0.679,1.0,0.178905083
0.749,0.249,0.829,0.304,0.002769306
0.566,0.092,0.729,0.186,0.06218116
0.109,0.22,0.218,0.983,0.015027228
0.02,0.254,0.036,0.433,2.5817e-05
0.259,0.045,0.625,0.699,0.431216567
0.61,0.092,0.645,0.243,0.021331745
0.315,0.103,0.998,0.885,0.668234047
0.328,0.685,0.79,0.708,0.011251058
0.133,0.0,0.961,0.646,0.702682561
0.339,0.0,0.611,0.77,0.440765423
0.141,0.031,0.731,0.72,0.653828148
0.519,0.005,0.717,0.04,0.027894432
0.252,0.196,0.9,0.286,0.117138717
0.227,0.0,0.674,0.403,0.442811852
0.203,0.051,0.774,0.189,0.207505181
0.727,0.092,0.876,0.93,0.051396529
0.389,0.418,0.584,1.0,0.169772741
0.793,0.444,0.867,0.829,0.001454359
0.299,0.506,0.415,0.702,0.010089292
0.142,0.451,0.424,0.792,0.026150923
0.318,0.0,0.419,0.553,0.067304978
0.751,0.462,0.945,0.808,0.009970534
0.199,0.0,0.67,0.813,0.632396577
0.169,0.024,0.729,0.364,0.444519218
0.372,0.294,0.924,0.805,0.331686781
0.447,0.44,0.558,0.959,0.08893448
0.06,0.337,0.349,0.801,0.023481443
0.0,0.703,0.821,1.0,0.259142668
0.378,0.0,0.578,0.246,0.167951781
0.21,0.103,0.754,0.759,0.58125994
0.009,0.013,0.131,0.662,0.005564429
0.243,0.211,0.672,0.572,0.267083984
0.136,0.354,0.32,0.66,0.008572973
0.417,0.0,0.42,0.247,0.001760721
0.477,0.546,0.61,0.888,0.083497415
0.484,0.0,0.495,0.648,0.016545269
0.938,0.193,0.967,0.791,0.0
0.806,0.097,0.882,0.893,0.003363097
0.488,0.0,0.595,0.49,0.193863466
0.487,0.39,0.63,0.844,0.12084432
0.0,0.207,0.925,0.509,0.309241461
0.537,0.0,0.539,0.358,0.003013707
0.122,0.566,0.947,0.896,0.215856127
0.828,0.581,0.911,0.857,0.000325294
0.736,0.614,0.83,0.758,0.004184079
0.16,0.669,1.0,1.0,0.273120004
0.234,0.167,0.676,0.428,0.251084315
0.166,0.156,0.322,0.602,0.019151067
0.0,0.0,0.672,0.615,0.563725018
0.379,0.0,0.684,0.649,0.525607044
0.081,0.115,0.556,0.476,0.20406119
0.527,0.0,0.692,0.77,0.392391207
0.0,0.002,0.854,0.693,0.723673521
0.134,0.169,0.179,0.364,0.001302899
0.193,0.0,0.754,0.35,0.471422277
0.006,0.089,0.852,0.906,0.755781292
0.63,0.282,0.63,0.961,0.0
0.532,0.043,0.703,0.997,0.479456534
0.08,0.605,0.615,0.637,0.011204588
0.062,0.586,0.103,0.929,0.001220285
0.002,0.664,0.353,0.723,0.002545558
0.269,0.293,0.615,0.351,0.040090394
0.683,0.59,0.723,0.829,0.014720866
0.371,0.112,0.514,0.544,0.116921854
0.006,0.74,0.261,0.796,0.002116996
0.322,0.504,0.608,0.603,0.032899493
0.022,0.0,0.609,0.241,0.239807439
0.149,0.42,0.49,0.738,0.042907892
0.206,0.0,0.447,0.336,0.091975725
0.554,0.824,0.992,0.967,0.08300517
0.178,0.129,0.766,0.283,0.212573923
0.252,0.0,0.789,0.558,0.630327773
0.273,0.057,0.589,0.259,0.173089368
0.004,0.82,0.155,0.89,0.001495666
0.181,0.42,0.909,1.0,0.426886192
0.125,0.147,0.744,0.315,0.223029817
0.227,0.0,0.593,0.713,0.419354506
0.723,0.667,0.898,0.671,8.4336e-05
0.036,0.601,0.077,0.757,0.000115316
0.153,0.101,0.533,0.377,0.148792108
0.493,0.012,0.846,0.689,0.503099764
0.397,0.625,0.429,1.0,0.007705521
0.655,0.526,0.804,0.938,0.077695469
0.168,0.254,0.875,0.724,0.361524375
0.221,0.269,0.995,0.991,0.570404742
0.0,0.0,0.969,0.358,0.503962052
0.231,0.0,0.418,0.462,0.078963946
0.107,0.468,1.0,1.0,0.399158709
0.259,0.011,0.886,0.916,0.847939457
0.443,0.024,0.734,0.577,0.474986747
0.318,0.731,0.408,1.0,0.013837924
0.284,0.371,0.705,0.615,0.147318816
0.336,0.466,0.862,0.882,0.248099867
0.462,0.618,0.811,0.896,0.151365204
0.13,0.686,0.259,0.792,0.002511136
0.266,0.383,0.851,1.0,0.44434022
0.154,0.191,0.758,0.374,0.215912924
0.303,0.608,0.781,0.642,0.018273289
0.731,0.077,0.988,0.575,0.031300558
0.047,0.293,1.0,0.302,0.011275154
0.523,0.14,0.687,0.188,0.035925248
0.0,0.0,0.666,0.414,0.45236243
0.366,0.892,0.96,0.931,0.036376185
0.252,0.014,0.621,0.364,0.319101843
0.139,0.201,1.0,0.516,0.31829291
0.244,0.335,0.687,0.696,0.205093871
0.365,0.733,0.494,0.871,0.010824217
0.0,0.17,0.931,0.186,0.021737933
0.316,0.113,0.968,0.266,0.215179721
0.612,0.071,0.753,0.312,0.104803343
0.29,0.575,0.894,0.608,0.019373094
0.704,0.848,0.846,0.938,0.010602191
0.085,0.0,0.975,0.407,0.549241668
0.441,0.65,0.886,1.0,0.23459068
0.339,0.004,0.748,0.347,0.429664103
0.181,0.046,0.72,0.425,0.460358822
0.383,0.685,0.628,1.0,0.139391269
0.544,0.845,0.709,1.0,0.079480286
0.027,0.0,0.65,0.49,0.466387958
0.0,0.0,0.897,0.517,0.632744246
0.307,0.225,0.972,0.666,0.359601867
0.0,0.0,0.97,0.652,0.711684096
0.271,0.0,0.357,0.468,0.028059661
0.584,0.42,0.725,0.708,0.073265268
0.519,0.49,0.903,0.69,0.084561076
0.575,0.005,0.839,0.429,0.250476754
0.425,0.0,0.61,0.14,0.102290486
0.12,0.104,1.0,0.396,0.380300235
0.46,0.122,0.608,0.407,0.153855686
0.554,0.142,0.754,0.267,0.086898377
0.031,0.149,0.995,0.842,0.600713927
0.047,0.0,0.823,0.446,0.578877889
0.124,0.287,0.904,0.552,0.227814572
0.01,0.82,0.69,0.968,0.128592869
0.0,0.716,0.891,0.762,0.027551927
0.274,0.209,0.787,0.442,0.244838317
0.322,0.0,0.883,0.416,0.523285233
0.011,0.068,0.827,0.332,0.374026698
0.307,0.168,0.778,0.217,0.070229186
0.295,0.376,0.326,0.439,0.000604118
0.324,0.429,0.555,1.0,0.142590859
0.201,0.073,0.439,0.981,0.142601186
0.039,0.06,0.793,0.334,0.387584077
0.597,0.049,0.702,0.762,0.208047338
0.58,0.113,0.887,0.7,0.257588484
0.051,0.049,0.995,0.133,0.130420714
0.016,0.254,0.636,0.258,0.002382051
0.629,0.163,0.636,0.72,0.010037658
0.596,0.259,0.776,0.707,0.144976352
0.147,0.044,0.496,0.351,0.132377645
0.236,0.37,0.62,0.758,0.150034767
0.25,0.32,0.42,0.518,0.020822289
0.449,0.094,0.484,0.134,0.004617805
0.062,0.267,0.564,0.59,0.129339842
0.526,0.102,0.942,0.79,0.410695476
0.649,0.151,0.856,0.784,0.146799033
0.385,0.907,0.718,1.0,0.08104824
0.798,0.296,0.817,0.688,0.000753857
0.0,0.0,0.876,0.446,0.581433774
0.356,0.065,0.528,0.308,0.110035593
0.103,0.342,0.593,0.564,0.093703745
0.457,0.0,0.689,0.372,0.332053383
0.446,0.213,0.851,0.253,0.046126414
0.306,0.924,0.548,0.957,0.012996289
0.275,0.404,0.284,0.497,0.000244401
0.551,0.0,0.648,0.64,0.208704812
0.167,0.017,0.515,0.221,0.108371256
0.391,0.028,0.514,0.272,0.085762428
0.484,0.153,0.635,0.242,0.058091743
0.3,0.0,0.498,0.717,0.18634727
0.067,0.0,0.968,0.488,0.610613894
0.455,0.0,0.92,0.333,0.368233358
0.028,0.0,0.714,0.334,0.446150854
0.205,0.852,0.806,0.954,0.104834324
0.542,0.446,0.722,0.738,0.098522922
0.345,0.041,0.866,0.875,0.737893537
0.229,0.276,0.978,0.498,0.201503583
0.211,0.0,0.965,0.405,0.53623161
0.501,0.344,0.659,0.783,0.14115199
0.536,0.04,0.547,0.115,0.003796823
0.31,0.0,0.973,0.655,0.67600325
0.795,0.287,0.844,0.871,0.002459502
0.262,0.339,0.884,0.411,0.063824844
0.168,0.0,0.883,0.633,0.691839411
0.0,0.461,0.87,0.727,0.159143013
0.175,0.761,1.0,1.0,0.221689053
0.204,0.52,0.517,0.62,0.017097754
0.077,0.0,1.0,0.295,0.434794806
0.297,0.375,0.603,0.644,0.100159721
0.412,0.021,0.435,0.986,0.030152561
0.391,0.251,0.432,0.794,0.019030588
0.215,0.0,0.846,0.729,0.735602707
0.041,0.007,0.759,0.764,0.738456349
0.142,0.078,0.737,0.311,0.315243059
0.063,0.0,0.86,0.374,0.516794834
0.792,0.907,0.989,0.912,4.8192e-05
0.367,0.094,0.586,0.655,0.270202681
0.123,0.086,0.359,0.561,0.041699655
0.219,0.521,0.621,1.0,0.217038547
0.571,0.029,0.644,0.932,0.191500348
0.122,0.614,0.458,0.917,0.038546536
0.164,0.946,0.923,0.988,0.048730491
0.074,0.145,0.877,0.428,0.343992895
0.238,0.11,0.546,0.513,0.1914883
0.378,0.0,0.506,0.347,0.111360867
0.226,0.357,0.736,0.659,0.194920243
0.595,0.318,0.932,0.868,0.177235582
0.243,0.681,0.298,0.962,0.00781051
0.201,0.117,0.797,0.678,0.534761761
0.722,0.087,0.756,0.335,0.011023869
0.465,0.008,0.816,0.885,0.655888347
0.529,0.486,0.828,0.949,0.221363758
0.339,0.357,0.647,0.6,0.115944249
0.254,0.189,0.764,0.856,0.514435158
0.24,0.7,0.624,1.0,0.154411613
0.145,0.0,0.778,0.446,0.567298094
0.668,0.726,0.812,0.758,0.004502489
0.381,0.052,0.896,0.261,0.27735916
0.028,0.123,0.775,0.538,0.452219575
0.579,0.144,0.705,1.0,0.281646506
0.356,0.216,0.492,0.245,0.009605654
0.356,0.0,0.646,0.402,0.364405554
0.0,0.045,0.671,0.228,0.234797216
0.128,0.015,0.572,0.209,0.158695517
0.15,0.097,0.356,0.298,0.021116603
0.409,0.226,0.417,0.241,0.000230632
0.034,0.024,0.34,0.524,0.04196471
0.238,0.838,0.489,0.887,0.009423213
0.525,0.655,0.868,0.903,0.123419138
0.202,0.0,0.801,0.051,0.07537538
0.6,0.482,0.92,0.588,0.032145636
0.176,0.441,0.925,0.829,0.237224016
0.398,0.476,0.692,0.691,0.091151302
0.054,0.0,0.79,0.273,0.403619891
0.238,0.023,0.498,0.688,0.190202612
0.0,0.0,0.821,0.492,0.61288235
0.021,0.76,0.993,1.0,0.228558102
0.391,0.576,0.472,1.0,0.027548484
0.8,0.128,0.887,0.471,0.002545558
0.162,0.038,0.459,0.118,0.02810269
0.536,0.319,0.554,1.0,0.031761822
0.244,0.739,1.0,1.0,0.224427378
0.36,0.519,0.972,0.733,0.111854833
0.205,0.032,0.452,0.095,0.019827473
0.765,0.161,0.969,0.832,0.014464417
0.064,0.686,0.896,1.0,0.270078759
0.395,0.0,0.7,0.578,0.512829339
0.297,0.0,0.809,0.269,0.379162565
0.528,0.348,0.822,0.636,0.137938631
0.301,0.232,0.914,0.73,0.381212436
0.303,0.057,0.471,0.286,0.071967533
0.063,0.497,0.163,0.671,0.000598955
0.109,0.485,0.891,0.747,0.151513222
0.187,0.081,0.925,0.622,0.563055496
0.037,0.531,0.412,0.676,0.010309598
0.0,0.002,0.902,0.649,0.701310816
0.335,0.519,0.749,1.0,0.312561531
0.417,0.0,0.64,0.547,0.371040529
0.359,0.067,0.865,0.372,0.377658293
0.104,0.189,0.961,0.344,0.194622486
0.315,0.249,1.0,0.501,0.235704254
0.484,0.0,0.616,0.388,0.206933764
0.052,0.0,0.608,0.652,0.449615498
0.248,0.832,0.372,0.93,0.007829442
0.116,0.064,0.869,0.598,0.581127412
0.198,0.0,0.523,0.828,0.27097547
0.458,0.294,0.973,0.56,0.178831074
0.081,0.002,0.473,0.209,0.083476761
0.435,0.082,0.546,0.425,0.116331504
0.753,0.092,0.784,0.245,0.003769285
0.249,0.111,0.913,0.267,0.228348124
0.624,0.269,0.889,0.429,0.05484052
0.172,0.0,0.665,0.444,0.459107557
0.619,0.477,0.987,0.743,0.061222488
0.064,0.07,0.816,0.652,0.602378264
0.455,0.789,0.658,1.0,0.110863459
0.455,0.074,0.694,0.176,0.109971911
0.153,0.483,0.796,0.635,0.094218364
0.0,0.125,0.85,0.586,0.488790249
0.132,0.106,0.796,0.445,0.412850337
0.153,0.229,0.309,0.429,0.010035937
0.025,0.079,0.722,0.171,0.136640896
0.251,0.14,0.865,0.46,0.365273006
0.342,0.236,0.57,0.956,0.235697369
0.25,0.32,0.682,0.408,0.06974899
0.033,0.197,0.526,0.986,0.235915954
0.263,0.198,0.893,0.753,0.449138744
0.163,0.067,0.171,0.741,0.000655752
0.181,0.312,0.858,0.946,0.472035001
0.118,0.666,0.797,0.917,0.182968682
0.298,0.496,0.488,0.542,0.006655628
0.044,0.0,0.782,0.6,0.67606521
0.338,0.0,0.859,0.304,0.413285784
0.107,0.776,0.234,0.824,0.001679828
0.187,0.062,0.76,0.702,0.617278129
0.295,0.125,1.0,0.248,0.1799326
0.453,0.353,0.715,0.491,0.080767695
0.054,0.819,0.955,0.845,0.022061506
0.016,0.588,0.611,0.81,0.074325487
0.03,0.044,0.652,0.702,0.508228746
0.415,0.084,0.848,0.32,0.284064701
0.497,0.86,0.63,0.89,0.011836244
0.405,0.0,0.7,0.714,0.561145037
0.333,0.333,0.858,0.44,0.094089279
0.342,0.0,0.954,0.537,0.598588325
0.08,0.299,0.486,0.995,0.139260463
0.104,0.0,0.744,0.869,0.809833532
0.498,0.134,0.601,0.546,0.13745155
0.188,0.402,0.898,0.998,0.44188244
0.665,0.671,0.931,0.707,0.004218502
0.344,0.0,0.403,0.681,0.045348461
0.448,0.597,0.654,0.942,0.137606452
0.175,0.148,0.492,0.296,0.060997019
0.285,0.637,0.67,0.741,0.040713445
0.161,0.051,0.483,0.822,0.181696764
0.073,0.262,0.215,0.656,0.004877696
0.064,0.077,0.762,0.39,0.410408047
0.163,0.575,0.548,0.576,0.000731482
0.207,0.291,0.889,1.0,0.554093547
0.082,0.004,0.668,0.569,0.524517566
0.594,0.482,0.949,0.708,0.061731944
0.149,0.401,0.425,0.62,0.020552071
0.183,0.0,1.0,0.731,0.743005308
0.349,0.19,0.416,0.415,0.020228498
0.0,0.148,0.988,0.385,0.302403393
0.365,0.587,0.696,0.701,0.047787309
0.555,0.0,0.748,0.311,0.218825085
0.172,0.0,1.0,0.155,0.233167301
0.646,0.155,0.804,0.836,0.160669659
0.53,0.725,0.695,0.794,0.023329983
0.189,0.284,0.417,0.597,0.035484637
0.642,0.725,0.824,0.986,0.069420253
0.196,0.045,0.583,0.768,0.378742608
0.072,0.024,0.235,0.224,0.008170227
0.127,0.191,0.27,0.21,0.000612724
0.076,0.084,0.951,0.754,0.639093513
0.391,0.954,0.991,0.996,0.041894143
0.082,0.109,0.119,0.919,0.00336654
0.364,0.007,0.695,0.27,0.312410071
0.093,0.606,0.329,0.953,0.026278287
0.068,0.189,0.911,0.434,0.279267898
0.131,0.226,0.231,0.277,0.000791722
0.0,0.0,0.793,0.482,0.602421293
0.0,0.106,0.827,0.738,0.593462786
0.333,0.0,0.658,0.326,0.340643567
0.069,0.487,0.599,0.76,0.087177201
0.344,0.145,0.95,0.83,0.549988641
0.411,0.938,0.699,0.94,0.002433685
0.248,0.048,0.358,0.326,0.022496954
0.186,0.256,0.865,0.922,0.51060047
0.465,0.002,0.663,0.745,0.417302913
0.18,0.0,0.85,0.19,0.287155859
0.0,0.728,0.915,1.0,0.246469952
0.392,0.246,0.956,0.346,0.105348943
0.0,0.025,0.75,0.526,0.581394188
0.138,0.893,0.488,0.938,0.013949798
0.679,0.12,0.926,0.356,0.048381101
0.051,0.448,0.983,0.757,0.186190647
0.118,0.303,0.55,0.706,0.118279829
0.035,0.065,0.484,0.513,0.1477491
0.0,0.877,0.793,0.935,0.061504754
0.362,0.43,0.441,1.0,0.029992496
0.229,0.222,0.612,0.416,0.138167542
0.313,0.0,0.368,0.556,0.028190468
0.545,0.0,0.572,0.779,0.074809126
0.349,0.504,0.461,0.901,0.024498633
0.222,0.044,0.988,0.337,0.409179156
0.213,0.35,0.838,0.827,0.314905716
0.019,0.285,0.062,0.294,6.885e-06
0.367,0.465,0.7,0.897,0.213747737
0.023,0.09,0.517,0.795,0.218041968
0.642,0.359,0.735,0.926,0.101405823
0.217,0.611,0.893,1.0,0.296506785
0.035,0.076,0.883,0.968,0.847665797
0.366,0.579,0.734,1.0,0.266266445
0.043,0.228,0.901,0.277,0.062759461
0.875,0.259,0.964,0.289,3.4423e-05
0.407,0.179,0.441,0.283,0.008149574
0.411,0.534,0.552,1.0,0.091905159
0.035,0.4,0.705,0.821,0.233959023
0.271,0.057,0.597,0.823,0.402181022
0.068,0.527,0.941,0.988,0.348204512
0.189,0.223,0.76,0.327,0.12424184
0.672,0.752,0.827,1.0,0.047462015
0.76,0.149,0.912,0.262,0.004015408
0.597,0.215,0.856,0.352,0.063420377
0.412,0.439,0.643,0.718,0.094008385
0.287,0.618,0.653,0.854,0.092884484
0.628,0.025,0.69,0.145,0.033661955
0.519,0.207,0.709,0.7,0.236222316
0.392,0.58,0.535,1.0,0.07024984
0.071,0.113,0.54,0.272,0.102398918
0.368,0.209,0.988,0.873,0.48119316
0.016,0.137,0.875,0.197,0.090829449
0.656,0.512,0.701,0.808,0.02529724
0.03,0.126,0.057,0.8,0.000456101
0.0,0.0,0.645,0.506,0.465523948
0.18,0.385,0.659,0.923,0.272391964
0.014,0.148,0.66,0.247,0.114859934
0.375,0.357,0.692,1.0,0.360742979
0.025,0.695,0.656,0.835,0.062201813
0.304,0.062,0.976,0.446,0.463763227
0.227,0.176,0.561,1.0,0.313330878
0.19,0.161,0.311,0.199,0.001991353
0.179,0.0,0.47,0.528,0.150757644
0.803,0.516,0.846,0.901,0.001041287
0.341,0.24,0.693,0.394,0.138112466
0.104,0.104,0.949,0.858,0.680306087
0.831,0.063,0.89,0.353,0.001356254
0.219,0.608,0.262,0.72,0.000884663
0.644,0.018,0.689,0.954,0.119901138
0.312,0.282,0.338,0.808,0.005442228
0.322,0.655,0.779,0.961,0.211073093
0.202,0.0,0.876,0.325,0.461073093
0.159,0.0,1.0,0.431,0.564119158
0.108,0.275,0.784,0.956,0.532842695
0.614,0.602,0.998,0.819,0.051083282
0.274,0.055,0.965,0.665,0.61441416
0.149,0.004,0.834,0.728,0.731673356
0.0,0.0,0.969,0.441,0.578199762
0.22,0.293,0.848,1.0,0.547680599
0.748,0.067,0.978,0.411,0.015533242
0.456,0.518,0.552,0.871,0.045360509
0.05,0.0,0.932,0.923,0.910667938
0.08,0.046,0.354,0.292,0.028994238
0.318,0.116,0.636,0.725,0.375296896
0.239,0.0,0.711,0.523,0.565905696
0.025,0.495,0.587,0.613,0.036997515
0.366,0.368,0.793,0.727,0.216005866
0.393,0.658,0.461,1.0,0.018970348
0.33,0.194,0.98,0.591,0.358348881
0.432,0.657,0.473,0.819,0.003690113
0.344,0.221,0.456,0.534,0.043367435
0.203,0.379,0.731,0.581,0.133924945
0.149,0.0,0.503,0.507,0.194094098
0.041,0.0,0.85,0.553,0.65446841
0.0,0.093,0.904,0.257,0.247227252
0.496,0.332,0.504,0.363,0.000633378
0.47,0.017,0.97,0.76,0.563928112
0.07,0.298,0.681,0.795,0.288185098
0.396,0.0,0.79,0.523,0.548048922
0.358,0.511,0.599,0.98,0.158287609
0.276,0.24,0.46,0.395,0.032715331
0.043,0.122,0.442,0.897,0.128589427
0.251,0.502,0.768,1.0,0.346967016
0.579,0.051,0.745,0.199,0.090560952
0.15,0.553,0.968,0.62,0.038398518
0.284,0.176,0.985,0.686,0.437488382
0.469,0.58,0.919,0.719,0.061793904
0.049,0.635,0.149,0.886,0.002934535
0.217,0.0,0.542,0.522,0.255956848
0.038,0.0,0.768,0.371,0.506924125
0.157,0.005,0.586,0.404,0.307215686
0.338,0.416,0.924,0.501,0.061614906
0.8,0.373,0.903,0.784,0.001012027
0.235,0.0,0.945,0.547,0.632918081
0.215,0.053,0.494,0.136,0.035992372
0.334,0.104,0.872,0.132,0.041985363
0.419,0.648,0.749,0.898,0.139411923
0.119,0.305,0.937,0.479,0.159158503
0.49,0.0,0.754,0.426,0.38274941
0.155,0.031,0.388,0.642,0.070747248
0.22,0.091,1.0,1.0,0.838275285
0.295,0.0,0.465,0.167,0.051313914
0.597,0.0,0.752,0.626,0.254943099
0.19,0.628,0.403,0.732,0.004829504
0.236,0.447,0.852,0.734,0.17057479
0.51,0.0,0.806,0.581,0.445174971
0.504,0.07,0.878,1.0,0.620761705
0.053,0.123,0.897,0.427,0.381579038
0.287,0.232,0.633,0.366,0.105288703
0.0,0.0,0.908,0.614,0.691930631
0.316,0.318,0.804,1.0,0.49346313
0.274,0.0,0.763,0.342,0.457481085
0.691,0.238,0.924,0.866,0.075908931
0.141,0.6,1.0,1.0,0.311580484
0.47,0.554,0.542,0.749,0.017720804
0.432,0.665,0.848,0.734,0.032539775
0.0,0.691,0.797,1.0,0.265627904
0.375,0.132,0.709,0.706,0.431710533
0.167,0.0,1.0,0.3,0.437462565
0.159,0.707,0.821,1.0,0.251612703
0.173,0.096,0.222,0.703,0.004507652
0.331,0.836,0.533,0.914,0.019460872
0.183,0.156,0.568,0.818,0.269269826
0.331,0.154,0.605,0.285,0.110505463
0.209,0.0,0.617,0.475,0.389547892
0.355,0.003,0.394,0.971,0.036266032
0.864,0.326,0.908,0.404,6.024e-05
0.561,0.0,0.81,0.614,0.353200967
0.104,0.37,0.431,0.716,0.033386574
0.292,0.198,0.995,0.578,0.352123536
0.473,0.121,0.566,0.83,0.158285887
0.576,0.048,0.779,0.866,0.360841084
0.548,0.286,0.857,0.481,0.10582914
0.165,0.007,0.661,0.459,0.450661948
0.268,0.854,0.7,0.99,0.120529352
0.003,0.162,0.631,0.189,0.031586267
0.0,0.292,0.854,0.653,0.279975285
0.009,0.0,0.637,0.379,0.385167604
0.639,0.301,0.715,0.449,0.029887507
0.852,0.719,0.879,0.943,0.000111874
0.001,0.266,0.75,0.6,0.274138916
0.078,0.0,0.937,0.86,0.842166771
0.265,0.0,0.497,0.577,0.179806958
0.38,0.683,0.978,1.0,0.233366953
0.367,0.016,0.871,0.872,0.746841718
0.141,0.453,0.575,0.491,0.01160217
0.005,0.416,0.55,0.642,0.056668365
0.792,0.238,0.793,0.847,0.000149739
0.3,0.0,1.0,0.507,0.594602177
0.059,0.126,0.577,0.157,0.025687938
0.456,0.168,0.503,0.711,0.043558481
0.15,0.202,0.881,0.265,0.086839859
0.536,0.0,0.614,0.431,0.142711338
0.514,0.302,0.8,0.598,0.163220381
0.32,0.089,0.586,0.437,0.230976297
0.081,0.383,0.75,0.853,0.294771881
0.391,0.641,0.679,0.99,0.190292111
0.713,0.086,0.862,0.631,0.048582473
0.113,0.618,0.317,0.896,0.016211369
0.367,0.017,0.973,0.171,0.210357101
0.627,0.637,0.683,0.978,0.046585957
0.137,0.257,0.743,0.471,0.201161078
0.478,0.363,0.948,0.404,0.029305763
0.563,0.186,0.999,0.869,0.303826771
0.411,0.14,0.573,0.248,0.066138049
0.525,0.0,0.696,0.343,0.24798283
0.086,0.287,0.718,0.48,0.165690209
0.397,0.0,0.55,0.539,0.206735833
0.117,0.271,1.0,0.773,0.372758222
0.462,0.174,0.692,0.768,0.327387386
0.26,0.0,0.819,0.493,0.59064873
0.12,0.513,1.0,0.915,0.270488389
0.052,0.496,0.203,0.517,0.000101547
0.352,0.413,0.7,0.675,0.133639236
0.334,0.209,0.564,0.288,0.047067875
0.046,0.41,0.375,0.932,0.042006017
0.371,0.054,0.516,0.741,0.162292689
0.366,0.249,0.463,0.805,0.048568704
0.0,0.0,0.774,0.274,0.402051937
0.132,0.0,0.814,0.78,0.773082139
0.237,0.027,0.559,0.089,0.043494799
0.143,0.818,0.323,0.896,0.007380226
0.385,0.346,0.518,0.71,0.049221014
0.504,0.483,0.614,0.532,0.010492038
0.402,0.721,0.438,0.735,0.000196209
0.372,0.001,0.561,0.349,0.194662072
0.0,0.013,0.885,0.737,0.735241269
0.349,0.022,0.585,0.54,0.301878447
0.452,0.804,0.6,0.883,0.023195734
-0.0,0.427,0.985,0.495,0.049408618
0.12,0.136,0.514,0.615,0.160151598
0.054,0.362,0.187,0.58,0.001526647
0.371,0.568,0.593,0.956,0.120918329
0.307,0.0,0.753,0.218,0.306566818
0.017,0.429,0.323,0.629,0.005325191
0.6,0.117,0.788,0.87,0.268288779
0.454,0.0,0.673,0.562,0.397198337
0.0,0.002,0.849,0.17,0.253934514
0.137,0.208,0.523,0.359,0.069211996
0.447,0.0,0.611,0.722,0.328963946
0.0,0.583,0.91,1.0,0.325776404
0.577,0.0,0.746,0.617,0.292744384
0.028,0.788,0.731,0.993,0.19183769
0.446,0.5,0.663,1.0,0.215914645
0.02,0.413,0.94,1.0,0.443696516
0.0,0.013,0.741,0.354,0.460575685
0.222,0.539,0.357,0.874,0.014185593
0.823,0.592,0.893,0.893,0.000493966
0.792,0.009,0.891,0.388,0.004597151
0.03,0.113,0.221,0.354,0.007084191
0.214,0.0,0.445,0.518,0.115088845
0.167,0.037,1.0,0.29,0.367618913
0.448,0.519,0.971,0.523,0.002910439
0.019,0.276,0.576,0.515,0.112195617
0.029,0.646,0.122,0.838,0.001196189
0.388,0.0,0.667,0.795,0.537859803
0.125,0.0,0.791,0.252,0.374660076
0.11,0.167,0.735,0.511,0.347051352
0.544,0.13,0.689,0.896,0.303117664
0.225,0.054,0.564,0.068,0.010127157
0.0,0.689,0.935,1.0,0.267763833
0.327,0.35,0.744,0.372,0.019781003
0.244,0.702,0.445,0.827,0.008426676
0.406,0.277,0.954,0.7,0.280820362
0.36,0.0,0.812,0.626,0.634802724
0.09,0.187,0.112,0.21,7.573e-05
0.174,0.145,0.807,0.66,0.483537345
0.63,0.266,0.878,0.563,0.08775206
0.643,0.466,0.648,0.874,0.003855342
0.039,0.526,0.849,0.907,0.25468665
0.432,0.032,0.49,0.646,0.071120734
0.667,0.825,0.808,0.909,0.017892918
0.172,0.165,1.0,1.0,0.73219486
0.393,0.0,0.687,0.316,0.340836334
0.0,0.0,0.816,0.673,0.71978892
0.247,0.0,0.644,0.567,0.469739007
0.308,0.301,0.768,0.902,0.403888388
0.019,0.0,0.639,0.452,0.42906687
0.194,0.243,0.467,0.323,0.022465973
0.649,0.05,0.75,0.587,0.129642761
0.215,0.184,0.618,0.496,0.213305405
0.265,0.0,0.377,0.556,0.046799378
0.193,0.033,0.255,0.885,0.014775943
0.182,0.0,0.754,0.387,0.509406002
0.339,0.323,0.715,0.477,0.116608607
0.6,0.361,0.879,0.866,0.153452941
0.045,0.042,0.8,0.292,0.365162854
0.018,0.299,0.985,0.519,0.193885841
0.249,0.425,0.776,0.43,0.004395778
0.033,0.427,0.482,0.457,0.005289047
0.435,0.0,0.658,0.251,0.230198344
0.602,0.454,0.878,0.813,0.097509174
0.126,0.0,0.62,0.606,0.453357246
0.716,0.167,0.882,0.384,0.020364468
0.772,0.709,0.886,0.843,0.0018812
0.087,0.381,0.608,0.491,0.049000709
0.922,0.014,0.971,0.226,0.000104989
0.0,0.246,0.827,0.249,0.002447454
0.338,0.537,0.918,0.705,0.088376832
0.098,0.312,0.651,0.759,0.225769864
0.705,0.299,0.742,0.871,0.026897895
0.024,0.489,0.62,0.493,0.000968999
0.235,0.0,0.398,0.823,0.082122228
0.402,0.03,0.426,0.666,0.022450483
0.762,0.193,0.971,0.66,0.011894763
0.221,0.368,0.314,0.424,0.00153181
0.341,0.533,0.898,0.978,0.299988641
0.303,0.084,0.828,0.397,0.390620159
0.353,0.075,0.919,0.509,0.476594287
0.346,0.457,0.488,0.471,0.001777932
0.414,0.235,0.448,0.408,0.009955044
0.009,0.27,0.65,0.325,0.050186571
0.344,0.0,0.394,0.457,0.031190406
0.443,0.156,0.624,0.395,0.147303326
0.079,0.264,1.0,1.0,0.600240615
0.0,0.0,0.782,0.568,0.656912422
0.0,0.808,0.934,0.898,0.082308111
0.023,0.053,0.671,0.542,0.46276669
0.499,0.403,0.763,0.947,0.275758504
0.273,0.673,0.825,0.998,0.253357934
0.004,0.485,0.86,1.0,0.389153752
0.758,0.52,0.766,0.953,0.002986169
0.338,0.635,0.725,0.865,0.120013012
0.051,0.315,0.321,0.885,0.028066546
0.657,0.325,0.776,0.971,0.122119681
0.383,0.209,0.734,0.48,0.236325584
0.575,0.633,0.746,0.764,0.035570694
0.063,0.0,0.867,0.529,0.638201965
0.592,0.712,0.599,0.849,0.001841614
0.042,0.0,0.852,0.421,0.56084728
0.278,0.754,0.925,0.779,0.013999711
0.0,0.001,0.69,0.232,0.30499198
0.325,0.0,0.403,0.449,0.045518853
0.465,0.161,0.875,0.539,0.307158888
0.063,0.001,0.312,0.936,0.057504836
0.338,0.0,0.554,0.645,0.277340227
0.148,0.746,0.692,1.0,0.196667194
0.377,0.0,0.683,0.148,0.171846709
0.297,0.16,0.516,0.799,0.150936642
0.277,0.0,0.55,0.279,0.175409458
0.292,0.191,0.844,0.603,0.376033541
0.341,0.025,0.745,0.325,0.387324186
0.001,0.0,0.909,0.646,0.708305508
0.174,0.264,0.369,0.948,0.049990362
0.32,0.291,0.349,0.548,0.004753774
0.203,0.264,0.572,0.353,0.052845724
0.0,0.093,0.747,0.345,0.339438772
0.131,0.235,0.518,0.469,0.081673012
0.349,0.499,0.66,0.545,0.020488389
0.181,0.227,0.474,0.339,0.034484658
0.309,0.0,0.867,0.458,0.557193311
0.204,0.555,0.8,1.0,0.329278913
0.089,0.35,0.289,0.777,0.010987725
0.543,0.0,0.82,0.506,0.35417685
0.038,0.107,0.515,0.227,0.067609619
0.408,0.174,0.569,0.189,0.010769141
0.768,0.641,0.877,0.867,0.003607499
0.483,0.495,0.551,1.0,0.062365321
0.873,0.104,0.897,0.92,0.000268497
0.185,0.093,0.459,0.357,0.079857215
0.436,0.332,0.498,0.845,0.032290211
0.42,0.0,0.555,0.553,0.201284999
0.167,0.328,0.83,0.525,0.162132624
0.156,0.025,0.671,0.136,0.138799199
0.0,0.08,0.968,0.559,0.540327911
0.728,0.176,0.885,0.837,0.038178213
0.01,0.723,0.24,0.796,0.002025776
0.104,0.0,0.718,0.383,0.491540622
0.061,0.0,1.0,0.547,0.649731847
0.056,0.103,0.987,0.632,0.5428597
0.368,0.0,0.528,0.734,0.207212588
0.584,0.158,0.861,0.792,0.250657474
0.5,0.852,0.746,1.0,0.104240532
0.4,0.738,0.606,0.934,0.070323849
0.0,0.0,0.824,0.185,0.283414112
0.516,0.244,0.723,0.815,0.270548629
0.223,0.154,0.69,0.641,0.391556457
0.483,0.126,0.62,0.696,0.213541201
0.039,0.319,0.42,0.644,0.036050891
0.151,0.289,0.801,0.461,0.160423537
0.051,0.319,0.876,0.708,0.278598377
0.041,0.013,0.101,0.877,0.00353349
0.341,0.16,0.812,0.312,0.19376364
0.285,0.709,0.814,0.734,0.01272435
0.079,0.56,0.137,0.828,0.001457801
0.033,0.032,0.888,0.041,0.011457595
0.149,0.125,0.571,0.608,0.254325212
0.323,0.0,1.0,0.662,0.676089306
0.494,0.626,0.818,0.698,0.02883073
0.515,0.151,0.663,0.503,0.173600545
0.58,0.746,0.678,0.892,0.035288428
0.636,0.08,0.716,0.941,0.176419764
0.278,0.513,0.855,1.0,0.344070346
0.218,0.448,1.0,1.0,0.40149601
0.0,0.079,0.955,0.671,0.602262948
0.0,0.182,0.917,0.523,0.355944456
0.37,0.0,0.478,0.627,0.114791089
0.112,0.273,0.884,0.402,0.137215755
0.248,0.705,0.515,0.797,0.010984283
0.037,0.346,0.84,0.359,0.014151171
0.351,0.668,0.613,0.957,0.111130235
0.274,0.481,0.884,0.776,0.167795157
0.078,0.628,0.353,0.847,0.013237248
0.532,0.0,0.792,0.667,0.435082236
0.057,0.325,0.175,0.486,0.001564512
0.46,0.664,0.62,0.686,0.004793361
0.175,0.064,1.0,0.419,0.455660124
0.088,0.062,0.667,0.445,0.395117485
0.379,0.333,0.979,0.742,0.254927609
0.288,0.06,0.959,0.402,0.436278425
0.23,0.251,0.364,0.69,0.023502096
0.582,0.168,0.814,0.719,0.221446373
0.414,0.743,0.725,1.0,0.179349136
0.536,0.153,0.72,0.251,0.073516554
0.702,0.325,0.807,0.863,0.048029989
0.364,0.139,0.389,0.481,0.010968792
0.081,0.0,0.763,0.794,0.770827453
0.05,0.456,0.486,0.855,0.054100432
0.498,0.089,0.528,0.997,0.061189786
0.382,0.325,0.754,0.97,0.418659167
0.557,0.281,0.559,0.419,0.000876058
0.235,0.0,0.649,0.807,0.572769581
0.461,0.364,0.635,0.941,0.194436604
0.427,0.0,0.602,0.795,0.351694974
0.139,0.647,0.893,0.976,0.260645219
0.383,0.0,0.74,0.544,0.546320902
0.658,0.188,0.695,0.912,0.066096742
0.369,0.068,0.572,0.182,0.079237606
0.273,0.022,0.87,0.073,0.07220677
0.205,0.513,0.64,1.0,0.243015635
0.341,0.0,0.978,0.466,0.552659842
0.032,0.321,0.761,0.781,0.310594273
0.637,0.003,0.662,0.436,0.039632572
0.045,0.611,0.522,0.712,0.014643415
0.057,0.272,0.058,0.361,1.2048e-05
0.175,0.239,0.22,0.497,0.002022333
0.606,0.0,0.657,0.422,0.079810744
0.424,0.374,0.725,0.82,0.228122655
0.436,0.0,0.753,0.5,0.486434015
0.347,0.148,0.4,0.902,0.031854764
0.088,0.511,0.225,0.757,0.002425079
0.316,0.0,0.567,0.656,0.321742064
0.357,0.016,0.967,0.534,0.565389355
0.175,0.0,0.583,0.465,0.33015325
0.469,0.602,0.683,0.86,0.100188981
0.064,0.199,0.289,0.655,0.015615856
0.0,0.0,0.735,0.606,0.653026099
0.112,0.654,0.831,0.888,0.157785037
0.149,0.114,0.686,0.809,0.524603623
0.906,0.037,0.963,0.599,0.000148018
0.0,0.141,0.801,0.687,0.511929186
0.416,0.148,0.462,0.374,0.023753382
0.297,0.849,0.628,0.957,0.067230969
0.323,0.126,0.384,0.494,0.023524471
0.373,0.37,0.433,0.781,0.015992785
0.34,0.0,0.593,0.395,0.288524161
0.576,0.663,0.605,0.787,0.006958548
0.028,0.694,0.382,0.997,0.03821952
0.451,0.0,0.885,0.502,0.488205063
0.342,0.209,0.581,0.794,0.212992159
0.348,0.086,0.405,0.952,0.043675518
0.209,0.0,0.819,0.4,0.531610363
0.06,0.431,0.275,0.539,0.001660895
0.74,0.385,0.964,0.64,0.010729555
0.66,0.67,0.876,0.674,0.000270218
0.511,0.533,0.543,1.0,0.030942562
0.314,0.165,0.451,0.441,0.051499797
0.367,0.008,0.942,0.131,0.168968971
0.234,0.567,0.371,0.912,0.017583114
0.038,0.385,0.287,0.623,0.004559286
0.283,0.076,0.73,0.436,0.415132562
0.087,0.602,0.428,0.934,0.038574074
0.0,0.113,0.792,0.482,0.432801732
0.004,0.52,0.266,0.666,0.001783096
0.265,0.752,0.483,1.0,0.042577434
0.535,0.0,0.597,0.314,0.095559128
0.399,0.332,0.409,0.865,0.003082553
0.161,0.099,0.958,0.296,0.283458861
0.073,0.149,0.706,0.328,0.222661494
0.109,0.0,0.645,0.572,0.488879748
0.374,0.217,0.513,0.664,0.084173821
0.185,0.719,0.333,0.842,0.006471467
0.44,0.174,0.598,0.229,0.036729018
0.0,0.022,0.879,0.362,0.476072783
0.36,0.0,0.461,0.407,0.081036192
0.017,0.0,0.664,0.205,0.254717631
0.118,0.0,0.844,0.612,0.684681211
0.184,0.0,0.851,0.25,0.373782297
0.438,0.293,0.514,0.341,0.008299312
0.595,0.0,0.715,0.612,0.224391235
0.08,0.35,0.909,0.746,0.266521173
0.073,0.025,0.777,0.469,0.551881889
0.596,0.219,0.601,0.781,0.006555803
0.075,0.808,0.485,0.875,0.014249275
0.382,0.572,0.453,0.81,0.007576436
0.147,0.845,0.696,0.887,0.03368433
0.127,0.209,0.908,0.425,0.243988076
0.15,0.636,0.969,0.791,0.086378595
0.204,0.0,0.903,0.6,0.671793354
0.484,0.123,0.878,0.344,0.216480899
0.051,0.847,0.836,0.853,0.006984365
0.315,0.346,0.935,0.826,0.305630521
0.139,0.356,0.193,0.724,0.001332158
0.122,0.338,0.529,0.441,0.0346998
0.287,0.191,0.585,0.485,0.165602432
0.452,0.028,0.736,0.508,0.427984276
0.154,0.15,0.654,0.844,0.440703462
0.376,0.0,0.501,0.439,0.123212601
0.516,0.042,0.566,0.135,0.0212629
0.866,0.227,0.964,0.904,0.00037865
0.242,0.423,0.626,0.731,0.115216209
0.015,0.0,0.897,0.626,0.698887458
0.347,0.723,0.589,0.867,0.038907974
0.344,0.557,0.46,0.819,0.013364612
0.487,0.205,0.619,0.64,0.148762848
0.543,0.694,0.706,1.0,0.132465422
0.397,0.793,0.403,1.0,0.000843356
0.122,0.0,0.981,0.603,0.681705369
0.605,0.003,0.945,0.54,0.235618197
0.322,0.0,0.616,0.432,0.348097802
0.335,0.041,0.517,0.713,0.189860106
0.525,0.186,0.979,0.702,0.295011119
0.264,0.0,1.0,0.325,0.453565503
0.169,0.429,0.483,0.831,0.050415482
0.383,0.327,0.722,0.554,0.14967505
0.516,0.499,0.709,0.928,0.177746759
0.445,0.816,0.571,1.0,0.055301784
0.064,0.0,0.917,0.42,0.561268958
0.482,0.138,0.623,0.329,0.109973632
0.392,0.266,0.709,0.71,0.26710808
0.464,0.142,0.721,0.174,0.032816878
0.441,0.769,0.843,0.801,0.018898061
0.317,0.463,0.725,1.0,0.338104893
0.007,0.022,0.874,0.706,0.707305529
0.094,0.171,0.985,0.401,0.282180058
0.078,0.194,0.102,0.892,0.001370023
0.372,0.0,0.497,0.807,0.152191349
0.499,0.158,0.792,0.886,0.445293729
0.395,0.395,0.583,0.636,0.063057217
0.508,0.0,0.834,0.588,0.452586177
0.268,0.0,0.478,0.41,0.128529187
0.347,0.0,1.0,0.147,0.206006072
0.552,0.901,0.892,0.974,0.044739179
0.249,0.832,0.645,1.0,0.117469174
0.489,0.391,0.599,0.676,0.059497911
0.44,0.0,0.804,0.471,0.478088232
0.278,0.354,0.938,0.641,0.198723951
0.565,0.542,0.833,1.0,0.188192326
0.278,0.061,0.627,0.561,0.369820245
0.521,0.214,0.563,0.897,0.074606032
0.0,0.0,0.718,0.591,0.628876856
0.101,0.535,0.328,0.61,0.001891527
0.0,0.388,0.912,1.0,0.465413795
0.301,0.456,0.76,0.833,0.209789127
0.584,0.892,0.615,0.986,0.009517876
0.011,0.587,0.485,0.943,0.060821463
0.19,0.044,0.69,0.606,0.529419358
0.042,0.253,0.414,0.696,0.049506723
0.0,0.119,0.889,0.347,0.312905758
0.387,0.003,0.399,0.691,0.009838007
0.292,0.582,0.975,0.852,0.152337645
0.048,0.0,0.83,0.813,0.802795811
0.022,0.02,0.757,0.366,0.466752838
0.0,0.081,0.677,0.441,0.382448211
0.046,0.516,0.956,1.0,0.368152465
0.336,0.544,0.68,0.718,0.073223961
0.579,0.0,0.74,0.612,0.283221345
0.201,0.0,0.831,0.383,0.516195879
0.257,0.389,0.994,0.783,0.242151625
0.109,0.0,0.65,0.376,0.399823067
0.248,0.0,0.698,0.217,0.289713465
0.488,0.031,0.608,0.263,0.123887286
0.343,0.434,0.872,0.528,0.063012468
0.351,0.436,0.391,0.769,0.007056653
0.18,0.0,0.763,0.336,0.461589434
0.078,0.106,0.553,0.332,0.150707731
0.486,0.291,0.618,0.899,0.171252917
0.339,0.027,0.637,0.06,0.031278184
0.364,0.216,0.776,0.34,0.13874068
0.32,0.528,0.618,0.552,0.008101382
0.05,0.0,0.811,0.737,0.753049851
0.247,0.041,0.78,0.797,0.702432996
0.103,0.69,0.338,0.736,0.001822682
0.589,0.0,0.774,0.565,0.268261241
0.281,0.714,0.455,0.992,0.031694698
0.441,0.0,0.901,0.115,0.13905909
0.399,0.003,0.85,0.573,0.567934914
0.237,0.31,0.807,0.981,0.505120376
0.011,0.06,0.998,0.55,0.565977983
0.078,0.243,0.687,0.774,0.343813897
0.077,0.347,0.449,0.884,0.067311863
0.036,0.138,0.874,0.496,0.405785078
0.335,0.568,0.379,0.634,0.001676385
0.496,0.0,0.626,0.499,0.237981315
0.358,0.385,0.499,0.742,0.039968193
0.494,0.0,0.599,0.619,0.216086759
0.276,0.015,0.942,0.532,0.591717555
0.804,0.03,0.846,0.713,0.002597192
0.097,0.431,0.521,0.843,0.072389211
0.092,0.37,0.351,0.596,0.010466221
0.195,0.0,0.514,0.43,0.190803288
0.169,0.233,0.482,0.783,0.09911155
0.542,0.491,0.649,0.508,0.00417031
0.063,0.156,0.643,0.796,0.393940228
0.257,0.0,0.954,0.006,0.01395324
0.055,0.335,0.436,0.965,0.083435454
0.177,0.0,0.651,0.462,0.445362574
0.373,0.157,0.57,0.349,0.110872065
0.61,0.539,0.954,0.685,0.032914983
0.005,0.0,0.855,0.27,0.404220567
0.118,0.353,0.306,0.415,0.002660874
0.103,0.712,0.777,1.0,0.249339084
0.342,0.41,0.966,0.892,0.297785588
0.531,0.281,0.617,0.472,0.047406938
0.455,0.019,0.499,0.503,0.053458448
0.519,0.979,0.822,0.983,0.002080852
0.469,0.223,0.978,0.996,0.506302796
0.245,0.253,0.684,0.289,0.036710085
0.25,0.398,1.0,1.0,0.434257812
0.334,0.325,0.499,0.417,0.021646713
0.216,0.272,0.323,0.503,0.008488637
0.262,0.297,0.863,0.989,0.526247306
0.0,0.093,0.835,0.507,0.484375538
0.342,0.092,0.919,1.0,0.786104246
0.604,0.159,0.701,0.54,0.107503804
0.307,0.0,0.346,0.33,0.011337115
0.478,0.201,0.578,0.411,0.070177552
0.513,0.0,0.816,0.241,0.231826537
0.338,0.016,0.913,0.279,0.36257943
0.344,0.199,0.839,1.0,0.631579038
0.12,0.007,1.0,0.309,0.434371407
0.315,0.0,0.891,0.661,0.676767433
0.222,0.066,1.0,0.65,0.601176912
0.198,0.0,0.948,0.26,0.382744246
0.072,0.089,0.295,0.68,0.024395365
0.143,0.353,0.988,0.747,0.259029073
0.031,0.0,0.716,0.276,0.385048846
0.268,0.2,1.0,0.272,0.097521222
0.353,0.545,0.728,0.805,0.125649728
0.024,0.385,0.37,0.962,0.047856154
0.467,0.685,0.794,0.72,0.016481587
0.455,0.0,0.575,0.557,0.206105898
0.247,0.3,0.645,0.389,0.067931471
0.254,0.0,0.65,0.338,0.354553779
0.448,0.208,0.978,0.989,0.540930308
0.228,0.0,0.742,0.532,0.599016888
0.402,0.112,0.811,0.595,0.440748212
0.0,0.0,0.94,0.74,0.759161601
0.271,0.488,0.413,0.993,0.034522523
0.144,0.426,0.5,0.446,0.00371593
0.018,0.254,0.186,0.277,0.000411351
0.368,0.522,0.782,1.0,0.315232732
0.313,0.079,0.792,0.407,0.404127626
0.366,0.0,0.415,0.584,0.039426036
0.689,0.13,0.733,0.516,0.035865008
0.374,0.203,0.852,0.285,0.097022092
0.126,0.091,0.741,0.881,0.687935877
0.474,0.005,0.531,0.026,0.003474971
0.109,0.182,0.828,0.256,0.106111406
0.524,0.881,0.641,1.0,0.046807983
0.168,0.651,0.407,0.818,0.010202887
0.538,0.813,0.608,0.98,0.037904553
0.09,0.734,0.654,0.922,0.109474503
0.392,0.83,0.669,0.926,0.060509938
0.368,0.278,0.923,0.767,0.327464837
0.46,0.796,0.587,0.802,0.001459522
0.375,0.995,0.568,0.999,0.000869173
0.798,0.162,0.966,0.197,0.000332179
0.753,0.009,0.794,0.1,0.001851941
0.064,0.0,0.673,0.319,0.384207211
0.028,0.006,0.249,0.807,0.02476713
0.158,0.0,0.937,0.51,0.61967739
0.097,0.095,0.793,0.449,0.432486764
0.278,0.065,0.599,0.479,0.293164341
0.425,0.0,0.796,0.229,0.285815095
0.444,0.169,0.624,0.17,0.002037824
0.213,0.0,0.881,0.345,0.480423812
0.142,0.175,0.599,0.319,0.122000923
0.246,0.115,0.702,0.707,0.488046718
0.25,0.254,0.503,0.297,0.014960104
0.298,0.113,0.594,0.264,0.131864746
0.217,0.0,0.706,0.321,0.41377975
0.091,0.654,1.0,0.74,0.046128135
0.076,0.036,0.786,0.876,0.799923237
0.397,0.0,0.801,0.835,0.712277888
0.007,0.628,0.865,0.991,0.290303815
0.166,0.595,0.489,0.718,0.012280297
0.166,0.62,0.299,0.665,0.000752136
0.169,0.0,0.878,0.601,0.675196037
0.66,0.211,0.768,0.733,0.093440411
0.401,0.909,0.785,1.0,0.084487067
0.205,0.211,0.993,0.477,0.277252449
0.0,0.0,0.863,0.721,0.747449278
0.042,0.0,0.616,0.471,0.399427206
0.534,0.53,0.854,0.679,0.057635643
0.579,0.01,0.62,0.547,0.076879651
0.26,0.061,0.85,0.837,0.709276228
0.388,0.0,0.991,0.213,0.286102525
0.315,0.0,0.317,0.453,0.000509456
0.426,0.07,0.581,0.644,0.230441024
0.228,0.0,0.609,0.353,0.314838592
0.171,0.04,0.713,0.94,0.780782497
0.112,0.197,0.525,0.377,0.083886391
0.824,0.258,0.905,0.269,3.7865e-05
0.722,0.388,0.895,0.78,0.021684578
0.266,0.939,0.868,1.0,0.062986651
0.185,0.007,0.98,0.127,0.178099592
0.222,0.988,1.0,0.99,0.003316627
0.297,0.25,0.826,0.795,0.399218949
0.289,0.0,0.85,0.472,0.57056825
0.137,0.065,0.83,0.131,0.103397176
0.253,0.0,0.919,0.608,0.66591912
0.214,0.326,0.794,0.966,0.471121078
0.821,0.11,0.993,0.116,3.9586e-05
0.109,0.0,0.765,0.588,0.657864209
0.473,0.02,0.791,0.2,0.200001033
0.681,0.079,0.702,0.444,0.023531356
0.0,0.243,0.696,0.324,0.086924194
0.248,0.0,0.745,0.412,0.517085706
0.719,0.289,0.916,0.406,0.008671077
0.054,0.0,0.576,0.711,0.39380598
0.015,0.0,0.616,0.573,0.439245661
0.41,0.05,0.926,0.411,0.408609461
0.021,0.0,0.97,0.402,0.546410401
0.068,0.6,0.926,1.0,0.315740467
0.472,0.133,0.517,0.821,0.05658575
0.409,0.275,0.741,0.462,0.149786924
0.175,0.12,0.992,0.413,0.367236821
0.227,0.236,0.571,0.914,0.248161828
0.412,0.73,0.673,0.837,0.044444865
0.222,0.637,0.944,0.752,0.061432466
0.218,0.315,0.802,0.951,0.468372426
0.035,0.0,0.68,0.539,0.544746064
0.833,0.871,0.953,0.89,6.024e-05
0.568,0.0,0.805,0.383,0.247266838
0.341,0.089,0.531,0.194,0.055033287
0.797,0.951,0.934,0.961,5.8519e-05
0.39,0.596,0.74,1.0,0.255139309
0.076,0.428,0.622,0.434,0.002505972
0.007,0.276,0.181,0.835,0.006029135
0.189,0.091,0.444,0.864,0.122205738
0.397,0.015,0.71,0.759,0.584239224
0.347,0.695,0.959,0.982,0.215381094
0.226,0.363,0.429,0.996,0.063891968
0.004,0.0,0.673,0.248,0.313003862
0.084,0.42,0.64,0.749,0.134165904
0.823,0.369,0.967,0.673,0.000163508
0.565,0.252,0.709,0.255,0.000800328
0.429,0.13,0.542,0.27,0.056553049
0.38,0.0,0.528,0.65,0.189586446
0.496,0.243,0.867,0.835,0.33553696
0.145,0.218,0.466,0.693,0.085197896
0.303,0.567,0.545,0.859,0.050334589
0.387,0.0,0.481,0.63,0.105278376
0.713,0.283,0.813,0.414,0.010753651
0.152,0.481,0.599,0.738,0.081077499
0.407,0.0,0.831,0.609,0.589493849
0.233,0.0,1.0,0.472,0.583693624
0.226,0.0,0.413,0.39,0.068962431
0.495,0.116,0.811,0.373,0.23389362
0.406,0.178,0.925,0.899,0.523954755
0.717,0.164,0.746,0.974,0.028190468
0.468,0.164,0.883,0.742,0.391040116
0.034,0.494,0.918,0.977,0.358004654
0.017,0.033,0.047,0.386,0.000430284
0.407,0.626,0.989,0.921,0.178244167
0.022,0.459,0.039,0.74,1.549e-05
0.288,0.31,0.738,0.522,0.164874392
0.784,0.725,0.81,0.917,0.001475013
0.128,0.786,0.812,0.803,0.013116769
0.057,0.862,0.293,0.942,0.009352647
0.273,0.007,0.54,0.489,0.229439323
0.023,0.409,0.052,0.567,1.8932e-05
0.261,0.195,0.634,0.282,0.082259919
0.443,0.0,0.872,0.476,0.481413465
0.448,0.745,0.747,0.78,0.016824093
0.323,0.082,0.329,0.357,0.001454359
0.055,0.0,0.878,0.539,0.645737093
0.488,0.06,0.737,0.429,0.318380687
0.662,0.554,0.704,0.757,0.015276793
0.547,0.204,0.72,0.557,0.170087709
0.221,0.124,0.905,0.276,0.222052212
0.012,0.0,0.736,0.556,0.626038705
0.783,0.259,0.916,0.997,0.007319987
0.069,0.508,0.988,0.759,0.145193215
0.242,0.251,0.492,0.741,0.08838888
0.159,0.108,0.366,0.913,0.06404687
0.228,0.069,0.852,0.242,0.258688289
0.712,0.386,0.792,0.426,0.002693576
0.272,0.264,0.763,0.369,0.108033913
0.047,0.243,0.298,0.982,0.039859762
0.412,0.059,0.507,0.851,0.12304393
0.167,0.157,0.59,0.369,0.161690292
0.597,0.64,0.793,0.927,0.092004984
0.494,0.282,0.832,0.316,0.027567417
0.162,0.094,0.663,0.69,0.4571403
0.45,0.131,0.939,0.158,0.03024206
0.175,0.0,0.988,0.162,0.245796989
0.078,0.498,1.0,1.0,0.38014189
0.072,0.052,0.624,0.549,0.389625343
0.378,0.392,0.585,0.401,0.00338203
0.034,0.088,0.048,0.611,0.000237517
0.587,0.163,0.842,0.643,0.199037197
0.204,0.957,0.758,0.977,0.021405754
0.068,0.301,0.871,0.408,0.106953041
0.215,0.091,0.368,0.476,0.035691173
0.203,0.57,1.0,1.0,0.321471846
0.55,0.251,0.678,0.893,0.198321205
0.085,0.178,0.775,0.533,0.358292083
0.27,0.881,0.426,0.974,0.011707159
0.626,0.397,0.929,0.943,0.142625281
0.245,0.586,0.305,0.85,0.004834668
0.351,0.179,0.997,0.532,0.336922473
0.276,0.187,0.842,0.502,0.320394415
0.444,0.106,0.727,0.62,0.394134717
0.002,0.0,0.646,0.267,0.305592656
0.196,0.523,0.69,1.0,0.293703056
0.0,0.023,0.777,0.188,0.249414814
0.472,0.617,0.558,0.872,0.033947664
0.134,0.167,0.845,0.456,0.32819632
0.036,0.14,0.416,0.909,0.101464342
0.245,0.602,0.255,0.631,2.9259e-05
0.345,0.0,0.465,0.338,0.082220333
0.464,0.534,0.819,0.689,0.071938273
0.677,0.175,0.938,0.187,0.003213359
0.244,0.033,0.408,0.267,0.041018086
0.045,0.125,0.73,0.398,0.338628118
0.235,0.014,0.662,0.436,0.422375097
0.0,0.155,0.924,0.24,0.126945743
0.054,0.293,0.114,0.637,0.000846798
0.173,0.004,0.927,0.185,0.268507363
0.29,0.229,0.882,0.29,0.076296187
0.235,0.273,0.716,0.339,0.069530406
0.128,0.331,0.347,0.507,0.009510991
0.144,0.488,1.0,1.0,0.382296751
0.434,0.118,0.943,0.232,0.141358526
0.511,0.717,0.574,0.953,0.03761196
0.279,0.215,0.736,0.508,0.267662286
0.084,0.0,0.674,0.494,0.508227025
0.341,0.032,0.613,0.491,0.330428631
0.629,0.442,0.733,0.579,0.026868636
0.505,0.505,0.736,0.695,0.074556119
0.113,0.315,0.845,0.44,0.118460548
0.335,0.423,0.465,0.751,0.026440074
0.312,0.0,0.593,0.46,0.323433939
0.689,0.62,0.698,0.875,0.004536911
0.505,0.03,0.71,0.932,0.525350595
0.345,0.444,0.879,0.722,0.157797085
0.241,0.0,0.688,0.163,0.211045555
0.95,0.418,0.992,0.526,0.0
0.085,0.275,0.468,0.35,0.021250852
0.093,0.26,0.752,0.423,0.167165222
0.178,0.011,0.997,0.267,0.377417334
0.499,0.0,0.538,0.609,0.069043324
0.604,0.078,0.978,0.206,0.069852258
0.161,0.707,0.273,0.798,0.002450896
0.003,0.062,0.629,0.376,0.307152004
0.506,0.004,0.642,0.484,0.243714416
0.043,0.272,0.288,0.672,0.012302672
0.389,0.0,0.715,0.314,0.370422642
0.423,0.0,0.8,0.613,0.572785072
0.355,0.381,0.84,0.885,0.309274163
0.028,0.075,0.753,0.369,0.393091709
0.492,0.143,0.927,0.745,0.392814606
0.08,0.338,0.234,0.457,0.002363118
0.356,0.061,0.789,0.723,0.600641639
0.143,0.312,0.771,0.564,0.202458813
0.598,0.282,0.993,0.724,0.141990183
0.134,0.034,0.877,0.336,0.423765774
0.404,0.052,0.785,0.698,0.56184726
0.721,0.149,0.941,0.526,0.029465829
0.084,0.0,0.713,0.442,0.535013046
0.385,0.025,0.782,0.454,0.479817973
0.063,0.218,0.208,0.309,0.001870874
0.402,0.0,0.456,0.317,0.042074862
0.505,0.0,0.589,0.662,0.185266397
0.0,0.121,0.769,0.206,0.132334616
0.381,0.06,0.942,0.524,0.487132796
0.234,0.0,1.0,0.717,0.727516815
0.013,0.392,0.147,0.855,0.00313935
0.002,0.789,0.568,0.91,0.049389686
0.183,0.072,0.474,0.156,0.034255747
0.344,0.058,0.537,0.592,0.198892622
0.759,0.51,0.995,0.604,0.002631615
0.186,0.355,0.96,0.787,0.2838203
0.331,0.0,0.53,0.468,0.196049307
0.278,0.054,0.471,0.613,0.128437967
0.281,0.398,0.969,0.775,0.229642417
0.313,0.538,0.746,1.0,0.304599561
0.514,0.552,0.655,1.0,0.149780039
0.341,0.236,0.818,0.432,0.197352206
0.181,0.0,0.562,0.332,0.23406057
0.54,0.531,0.547,0.534,3.098e-05
0.529,0.762,0.99,0.983,0.133443027
0.25,0.093,0.846,0.241,0.217085017
0.143,0.285,0.506,0.54,0.066494324
0.57,0.195,0.645,0.766,0.105290424
0.233,0.516,0.319,0.95,0.013936029
0.228,0.769,0.96,1.0,0.21031063
0.038,0.034,0.432,0.843,0.134126318
0.435,0.233,0.694,0.706,0.266577971
0.314,0.0,0.33,0.442,0.004975801
0.279,0.462,1.0,1.0,0.378992172
0.324,0.08,0.545,0.351,0.148404852
0.042,0.356,0.874,0.727,0.24748198
0.469,0.135,0.681,1.0,0.471071165
0.148,0.045,0.785,0.183,0.207019821
0.078,0.2,0.999,0.356,0.198822055
0.297,0.0,1.0,0.324,0.443593248
0.394,0.0,0.663,0.717,0.49443385
0.625,0.051,0.796,0.338,0.116994141
0.323,0.665,0.693,0.759,0.041076604
0.146,0.538,0.687,0.985,0.275992578
0.218,0.415,0.862,0.935,0.354882515
0.846,0.47,0.982,0.665,2.4096e-05
0.027,0.227,0.918,0.546,0.304940345
0.07,0.251,1.0,0.633,0.319277399
0.047,0.341,0.717,0.727,0.240053562
0.1,0.042,0.975,0.575,0.600798262
0.286,0.119,0.569,0.68,0.25567286
0.0,0.0,0.708,0.524,0.580346017
0.195,0.11,0.438,0.841,0.106378182
0.324,0.313,0.333,0.756,0.001681549
0.0,0.07,0.832,0.775,0.674084184
0.008,0.006,0.232,0.309,0.012306114
0.079,0.172,0.339,0.58,0.026023559
0.0,0.0,0.71,0.605,0.625668661
0.072,0.012,0.818,0.68,0.700007917
0.649,0.07,0.852,0.663,0.15474035
0.089,0.0,0.585,0.69,0.409019091
0.227,0.207,0.687,0.243,0.042112727
0.516,0.566,0.87,0.595,0.013142586
0.393,0.086,0.746,0.164,0.106940993
0.461,0.142,0.714,0.236,0.094252787
0.424,0.456,0.512,0.538,0.007755434
0.007,0.37,0.695,0.414,0.035923527
0.07,0.539,1.0,0.778,0.136031614
0.511,0.0,0.585,0.449,0.135303574
0.867,0.316,0.88,0.869,7.0567e-05
0.0,0.0,0.773,0.72,0.735666389
0.391,0.056,0.6,0.571,0.285202371
0.141,0.648,0.27,0.666,0.000237517
0.507,0.45,0.619,0.474,0.006080769
0.61,0.675,0.831,0.797,0.030644806
0.205,0.0,0.546,0.847,0.331256497
0.24,0.642,0.387,0.883,0.012213173
0.05,0.217,0.851,0.912,0.56495735
0.271,0.641,0.515,0.766,0.013199383
0.433,0.188,0.573,0.812,0.173037734
0.246,0.09,0.391,0.194,0.015247534
0.33,0.169,0.89,0.669,0.434275024
0.229,0.276,0.844,0.28,0.00315484
0.182,0.342,0.411,0.474,0.014307794
0.0,0.0,0.768,0.448,0.572205049
0.146,0.129,0.329,0.249,0.008423234
0.345,0.198,0.831,0.427,0.242406353
0.276,0.096,0.773,0.324,0.303485987
0.015,0.798,0.37,0.984,0.027829029
0.533,0.468,0.619,0.994,0.110369493
0.108,0.102,1.0,0.987,0.828807322
0.398,0.348,0.838,0.419,0.056553049
0.254,0.188,0.289,0.831,0.007502427
0.081,0.744,0.278,0.797,0.002295994
0.244,0.071,0.292,0.329,0.006350988
0.326,0.463,0.389,0.481,0.000721156
0.116,0.454,0.823,0.912,0.308005687
0.111,0.111,1.0,0.256,0.219084976
0.484,0.73,0.903,0.812,0.042185015
0.292,0.145,0.815,0.525,0.394521972
0.61,0.678,0.789,0.888,0.06034643
0.145,0.257,0.167,0.634,0.000734925
0.35,0.1,0.786,0.245,0.203093912
0.106,0.174,0.426,0.498,0.05700915
0.715,0.227,0.748,0.28,0.00295691
0.007,0.014,0.724,0.298,0.391355084
0.104,0.775,0.172,0.78,6.7124e-05
0.823,0.377,0.846,0.507,5.5076e-05
0.349,0.662,0.353,0.77,9.122e-05
0.384,0.147,0.926,0.381,0.269106318
0.13,0.056,0.465,0.309,0.088158248
0.084,0.0,0.557,0.578,0.315384192
0.076,0.047,0.959,0.339,0.417218577
0.201,0.111,0.799,0.963,0.767366251
0.476,0.163,0.505,0.686,0.028529531
0.156,0.0,0.847,0.63,0.690779192
0.204,0.646,0.952,0.871,0.141093471
0.0,0.0,0.85,0.652,0.710276208
0.035,0.087,0.593,0.29,0.184047834
0.003,0.503,0.3,0.987,0.028930556
0.106,0.017,0.225,0.782,0.013958404
0.0,0.007,0.832,0.559,0.643100315
0.14,0.0,0.808,0.773,0.768132156
0.258,0.091,0.784,0.892,0.704827095
0.223,0.483,0.64,0.578,0.040816713
0.457,0.097,0.496,1.0,0.06083179
0.418,0.643,0.57,1.0,0.092111695
0.352,0.671,0.751,0.723,0.024879004
0.182,0.245,0.847,0.444,0.205605048
0.18,0.085,0.809,0.427,0.430944628
0.157,0.436,0.938,1.0,0.41881579
0.225,0.289,0.821,0.734,0.319366898
0.42,0.907,0.561,0.992,0.029687855
0.054,0.069,0.328,0.238,0.015118449
0.133,0.322,0.996,0.673,0.256555803
0.328,0.001,0.405,0.156,0.018643333
0.163,0.204,0.75,0.671,0.386095296
0.208,0.075,0.454,0.976,0.16082284
0.16,0.0,0.789,0.121,0.178313012
0.339,0.389,0.671,0.947,0.275529593
0.188,0.385,0.951,0.453,0.056374051
0.081,0.106,0.652,0.343,0.253001659
0.276,0.833,0.947,0.969,0.129257227
0.266,0.653,0.916,0.698,0.021851528
0.288,0.298,0.902,0.829,0.361558797
0.096,0.0,0.732,0.251,0.363257558
0.104,0.0,0.99,0.598,0.679820727
0.238,0.147,0.569,0.586,0.218952448
0.029,0.162,0.536,0.237,0.04775805
0.681,0.469,0.994,0.74,0.0323952
0.043,0.0,0.636,0.433,0.413559445
0.486,0.294,0.854,0.618,0.193878956
0.502,0.244,0.936,0.374,0.102836086
0.433,0.572,0.557,0.844,0.040945798
0.419,0.315,0.651,0.974,0.289431199
0.161,0.527,0.942,0.646,0.069635395
0.37,0.0,0.659,0.783,0.528915065
0.778,0.155,0.843,0.343,0.003416453
0.452,0.731,0.65,0.952,0.09677597
0.0,0.513,0.802,1.0,0.368006169
0.291,0.871,0.699,0.892,0.018371393
0.205,0.31,0.938,1.0,0.532181779
0.087,0.442,0.719,0.45,0.005726216
0.039,0.113,0.983,1.0,0.82816706
0.406,0.08,0.684,0.953,0.578320241
0.225,0.0,0.712,0.548,0.582991401
0.155,0.0,0.774,0.377,0.509973976
0.23,0.176,0.861,0.501,0.341115158
0.206,0.007,0.822,0.974,0.928517828
0.243,0.385,0.535,0.931,0.117933881
0.28,0.0,0.524,0.781,0.245886488
0.441,0.304,0.634,0.601,0.116076776
0.005,0.284,0.711,0.999,0.517791371
0.0,0.0,0.894,0.825,0.813201793
0.694,0.254,0.793,0.732,0.050396549
0.519,0.219,0.68,0.222,0.00201717
0.595,0.234,0.703,0.417,0.059571919
0.121,0.0,0.974,0.296,0.432395544
0.056,0.222,0.835,0.323,0.128937096
0.024,0.012,0.837,0.254,0.361185311
0.064,0.41,0.301,0.906,0.021817105
0.025,0.192,0.728,0.898,0.544592883
0.325,0.18,0.39,0.765,0.028693039
0.064,0.024,0.826,0.459,0.552344874
0.311,0.409,0.798,1.0,0.408695517
0.442,0.035,0.56,0.138,0.045374278
0.162,0.497,0.665,1.0,0.284085355
0.115,0.003,0.288,0.158,0.01003938
0.0,0.297,0.887,0.614,0.256103144
0.201,0.429,0.725,0.432,0.001839893
0.006,0.067,0.307,0.873,0.04263251
0.225,0.548,0.726,0.61,0.033112913
0.151,0.0,1.0,0.315,0.45334864
0.298,0.218,0.873,0.828,0.460329563
0.244,0.479,0.374,0.504,0.001185862
0.184,0.468,0.642,0.505,0.016972111
0.782,0.007,0.81,0.734,0.005325191
0.573,0.0,0.587,0.544,0.029156024
0.315,0.179,0.626,0.351,0.143217352
0.287,0.0,0.938,0.408,0.524846303
0.23,0.132,0.526,0.436,0.134126318
0.278,0.168,0.353,0.738,0.020347256
0.388,0.07,0.949,0.546,0.480494379
0.058,0.107,0.971,0.426,0.404888367
0.014,0.72,0.098,0.917,0.000977605
0.194,0.251,0.844,0.564,0.277273103
0.945,0.781,0.992,0.928,5.6797e-05
0.236,0.059,0.485,0.429,0.124820141
0.24,0.0,0.496,0.604,0.187395441
0.074,0.07,0.721,0.219,0.214806235
0.325,0.074,0.755,0.175,0.144869641
0.145,0.0,0.995,0.52,0.628277901
0.41,0.0,0.646,0.529,0.383172809
0.399,0.386,0.887,0.884,0.295809725
0.396,0.0,0.77,0.454,0.500280545
0.407,0.592,0.636,0.761,0.050699469
0.418,0.754,0.727,0.838,0.043351945
0.005,0.475,0.602,0.475,0.0
0.302,0.196,0.451,0.723,0.067007222
0.808,0.288,0.976,0.7,0.001005143
0.011,0.198,0.89,0.753,0.463658238
0.37,0.065,0.905,0.526,0.487735193
0.446,0.036,0.857,0.202,0.202026808
0.23,0.053,0.35,0.483,0.028591492
0.151,0.08,0.258,0.998,0.026422862
0.203,0.744,0.722,0.817,0.043164341
0.246,0.141,0.904,0.947,0.695025232
0.244,0.0,0.961,0.452,0.567998596
0.116,0.0,0.775,0.83,0.80018485
0.088,0.0,0.546,0.829,0.340714133
0.428,0.0,0.693,0.372,0.364806579
0.685,0.569,0.993,0.844,0.030111254
0.056,0.653,0.577,0.822,0.045706457
0.827,0.611,0.905,0.791,0.000230632
0.51,0.496,0.744,1.0,0.250795164
0.384,0.0,0.658,0.302,0.299181428
0.596,0.088,0.75,0.246,0.081180767
0.416,0.098,0.594,0.159,0.044388068
0.48,0.476,0.652,1.0,0.191749912
0.268,0.455,0.327,0.939,0.010529903
0.802,0.031,0.943,0.252,0.002271898
0.263,0.0,0.593,0.659,0.397397988
0.419,0.177,0.455,0.317,0.012168423
0.207,0.898,0.803,0.963,0.068974479
0.355,0.178,0.53,0.178,0.0
0.065,0.0,1.0,0.748,0.76199631
0.416,0.0,0.619,0.491,0.317213758
0.536,0.074,0.609,0.854,0.174221875
0.265,0.073,0.816,0.177,0.157432204
0.41,0.505,0.884,0.608,0.055176141
0.188,0.396,0.924,0.643,0.164361493
0.313,0.522,0.839,0.98,0.31177153
0.253,0.087,0.662,0.236,0.175505842
0.325,0.0,1.0,0.464,0.559707889
0.285,0.518,0.846,0.893,0.229461698
0.216,0.1,0.738,0.228,0.188882502
0.562,0.833,0.813,0.972,0.075686905
0.221,0.4,0.53,0.788,0.071835005
0.066,0.0,0.892,0.496,0.615541503
0.199,0.207,0.817,0.993,0.65750105
0.602,0.23,0.751,0.87,0.189472851
0.379,0.0,0.931,0.451,0.520872202
0.384,0.099,0.932,0.229,0.17773299
0.586,0.076,0.692,0.156,0.0392195
0.364,0.468,0.905,0.7,0.126840754
0.06,0.517,0.644,1.0,0.256538591
0.298,0.866,0.543,1.0,0.048288159
0.163,0.027,0.765,0.261,0.338187507
0.029,0.561,0.499,0.57,0.001810634
0.054,0.057,0.635,0.232,0.196291987
0.294,0.696,0.998,0.946,0.183230295
0.418,0.058,0.817,0.16,0.133412047
0.343,0.371,1.0,0.412,0.035732481
0.295,0.24,0.622,0.583,0.186922129
0.279,0.566,0.714,1.0,0.279097506
0.193,0.0,0.657,0.744,0.57176616
0.13,0.297,0.915,0.521,0.197663732
0.529,0.1,0.874,0.991,0.534252305
0.317,0.582,0.799,0.873,0.166082628
0.072,0.573,0.11,0.713,0.000239238
0.643,0.0,0.7,0.684,0.116269543
0.447,0.0,0.607,0.241,0.159354712
0.188,0.105,0.834,0.931,0.747504354
0.074,0.508,0.168,0.685,0.000695338
0.346,0.0,0.751,0.481,0.54167728
0.403,0.772,0.982,1.0,0.184364523
0.62,0.929,0.827,0.95,0.006986086
0.01,0.319,0.522,0.486,0.051241627
0.405,0.315,0.436,0.323,0.000380371
0.277,0.719,0.322,0.827,0.001764163
0.476,0.0,0.562,0.678,0.167783109
0.491,0.174,0.601,0.293,0.056663201
0.474,0.022,0.625,0.62,0.281016571
0.156,0.751,0.937,1.0,0.226935072
0.2,0.681,0.557,0.907,0.062220746
0.224,0.266,0.465,0.32,0.014323284
0.102,0.0,0.847,0.628,0.695455516
0.438,0.0,0.611,0.357,0.234322183
0.222,0.341,0.851,0.976,0.470379269
0.312,0.041,0.447,0.209,0.04270824
0.273,0.0,1.0,0.66,0.688772349
0.789,0.049,0.998,0.098,0.000802049
0.316,0.749,0.967,0.768,0.012151212
0.318,0.0,0.33,0.323,0.003204753
0.01,0.0,0.722,0.365,0.481910873
0.335,0.081,0.825,0.524,0.478162241
0.156,0.331,0.928,0.781,0.304640868
0.095,0.488,0.985,1.0,0.386059152
0.893,0.176,0.908,0.893,6.5403e-05
0.345,0.128,0.351,0.504,0.002225427
0.377,0.249,0.751,0.718,0.319525242
0.419,0.0,0.524,0.36,0.110973612
0.126,0.694,0.491,0.902,0.035073286
0.174,0.401,0.283,0.409,0.000163508
0.003,0.571,0.835,0.975,0.302792369
0.694,0.231,0.82,0.403,0.023879025
0.424,0.07,0.885,0.428,0.384620283
0.59,0.159,0.811,0.552,0.171240869
0.346,0.67,0.801,0.672,0.0
0.319,0.003,0.789,0.076,0.095232112
0.711,0.432,0.757,0.61,0.010147811
0.124,0.0,0.608,0.429,0.364343594
0.074,0.103,0.753,0.585,0.497839976
0.125,0.056,0.198,0.243,0.002932814
0.164,0.557,0.916,1.0,0.334196196
0.306,0.0,0.509,0.462,0.169574811
0.302,0.202,0.963,0.628,0.372339986
0.352,0.0,0.558,0.669,0.282462324
0.16,0.173,0.659,0.37,0.19449168
0.38,0.557,0.605,1.0,0.156017432
0.054,0.074,0.682,0.176,0.142694127
0.367,0.026,0.591,0.929,0.411664475
0.403,0.585,0.9,1.0,0.27508554
0.339,0.0,0.617,0.326,0.285734202
0.106,0.0,0.775,0.73,0.737067393
0.504,0.013,0.664,0.764,0.360374657
0.396,0.128,0.879,0.535,0.388427434
0.11,0.452,0.77,1.0,0.401175879
0.354,0.705,0.72,0.919,0.129735703
0.574,0.0,0.588,0.543,0.029985611
0.406,0.397,0.757,0.926,0.309515122
0.0,0.0,0.954,0.508,0.625914783
0.409,0.384,0.493,0.928,0.042188457
0.026,0.228,0.931,0.588,0.327404597
0.022,0.298,0.848,0.81,0.364343594
0.041,0.473,0.904,0.615,0.090134111
0.337,0.511,0.435,0.775,0.012331931
0.348,0.697,0.732,1.0,0.214863032
0.524,0.105,0.533,0.995,0.021183728
0.121,0.0,0.834,0.745,0.754617805
0.469,0.0,0.655,0.376,0.276255912
0.404,0.034,0.495,0.289,0.065959051
0.424,0.115,0.634,0.469,0.231620001
0.071,0.181,0.746,0.536,0.34653329
0.373,0.493,0.711,0.619,0.060503053
0.077,0.223,0.488,0.931,0.147330864
0.141,0.028,0.723,0.527,0.551026485
0.043,0.136,0.255,0.793,0.017483288
0.382,0.0,0.421,0.582,0.032978665
0.179,0.0,0.568,0.48,0.30418821
0.077,0.097,0.681,0.153,0.079757389
0.116,0.38,0.529,0.557,0.042899286
0.396,0.702,0.606,0.724,0.005640159
0.354,0.94,0.734,1.0,0.056162351
0.434,0.0,0.622,0.353,0.251366581
0.05,0.661,0.552,0.917,0.075050085
0.304,0.0,0.606,0.685,0.42037686
0.22,0.136,0.234,0.829,0.0024268
0.389,0.065,0.476,0.486,0.073535486
0.318,0.23,0.991,0.298,0.084564518
0.0,0.0,0.885,0.716,0.744862412
0.143,0.246,0.814,0.41,0.179330203
0.635,0.617,0.845,0.804,0.036593048
0.665,0.831,0.796,0.88,0.009877593
0.207,0.016,0.281,0.956,0.025483123
0.0,0.0,0.777,0.304,0.439419496
0.836,0.245,0.936,0.616,0.000526667
0.602,0.491,0.9,0.559,0.021197497
0.266,0.124,0.406,0.703,0.05658575
0.114,0.053,1.0,0.348,0.411155019
0.106,0.705,0.805,0.805,0.059991876
0.071,0.003,0.087,0.434,0.00077279
0.528,0.523,0.813,0.966,0.216430986
0.078,0.0,0.994,0.133,0.202491515
0.156,0.352,1.0,0.575,0.168342478
0.09,0.247,0.733,0.423,0.182127047
0.424,0.371,0.776,0.883,0.292527521
0.897,0.34,0.935,0.918,8.0893e-05
0.0,0.417,0.926,1.0,0.43910797
0.032,0.789,1.0,0.961,0.163490599
0.309,0.0,0.741,0.327,0.427091007
0.259,0.0,0.835,0.594,0.655227431
0.637,0.0,0.666,0.395,0.043813209
0.444,0.598,0.65,0.964,0.148991759
0.011,0.022,0.819,0.973,0.933448879
0.25,0.615,0.863,1.0,0.287629171
0.349,0.143,0.707,0.784,0.465043751
0.0,0.0,0.861,0.624,0.694727476
0.485,0.554,0.956,0.912,0.187966858
0.121,0.147,0.82,0.881,0.635930067
0.016,0.0,0.896,0.761,0.7707173
0.151,0.0,0.713,0.637,0.638134841
0.41,0.694,0.551,0.951,0.051434394
0.424,0.264,0.656,1.0,0.347612442
0.363,0.0,0.523,0.425,0.160602535
0.358,0.696,0.539,1.0,0.065236174
0.124,0.0,0.735,0.522,0.599624448
0.484,0.055,0.954,0.939,0.62659291
0.0,0.0,0.878,0.379,0.526271402
0.156,0.0,0.51,0.651,0.226818035
0.472,0.0,0.673,0.794,0.452610273
0.315,0.0,1.0,0.636,0.66514461
0.062,0.22,0.909,0.958,0.612181848
0.058,0.902,0.212,0.906,0.000342506
0.35,0.24,0.891,0.727,0.357873848
0.322,0.06,0.59,0.318,0.204205765
0.097,0.0,0.563,0.668,0.349610679
0.0,0.0,0.826,0.238,0.358971932
0.179,0.129,1.0,0.255,0.182719118
0.514,0.231,0.774,0.242,0.009146111
0.388,0.095,0.824,0.958,0.702911472
0.442,0.112,0.578,0.334,0.113715379
0.145,0.318,0.172,0.603,0.000640262
0.153,0.421,0.4,0.49,0.005184058
0.608,0.241,0.995,0.725,0.152244704
0.375,0.136,0.551,0.949,0.234203424
0.119,0.436,0.685,0.916,0.265330148
0.495,0.129,0.738,0.722,0.364211066
0.0,0.022,0.981,0.372,0.484559699
0.0,0.0,0.67,0.643,0.571480451
0.246,0.087,0.486,0.147,0.024149243
0.155,0.0,0.8,0.182,0.274080398
0.293,0.749,0.502,0.895,0.019820589
0.043,0.342,0.368,0.387,0.004727957
0.111,0.0,0.677,0.12,0.153630218
0.553,0.577,1.0,0.642,0.021512464
0.397,0.0,0.74,0.572,0.549890536
0.316,0.851,1.0,0.987,0.133410325
0.307,0.104,0.761,0.234,0.18501339
0.529,0.144,0.57,0.813,0.082316716
0.202,0.707,1.0,1.0,0.248419998
0.073,0.287,0.758,0.3,0.017299126
0.236,0.0,0.713,0.454,0.527441774
0.774,0.571,0.849,0.83,0.002645384
0.367,0.0,0.38,0.663,0.010581537
0.442,0.432,0.865,0.819,0.20102855
0.266,0.056,1.0,0.494,0.511562584
0.44,0.664,0.513,1.0,0.032269557
0.021,0.073,0.781,0.368,0.400218928
0.893,0.345,0.904,0.888,2.0654e-05
0.596,0.126,0.7,0.423,0.102669136
0.41,0.0,0.445,0.802,0.041376082
0.131,0.747,0.71,1.0,0.208954376
0.166,0.278,0.484,0.558,0.060274142
0.566,0.0,0.574,0.255,0.010541951
0.436,0.072,0.604,0.594,0.250432005
0.115,0.065,0.581,0.845,0.389960965
0.324,0.031,0.662,0.273,0.268552113
0.604,0.014,0.856,0.021,0.002796844
0.151,0.395,0.229,0.991,0.010390491
0.295,0.0,0.507,0.439,0.165333935
0.192,0.0,0.905,0.866,0.833394147
0.689,0.157,0.732,0.187,0.003400962
0.215,0.86,0.462,0.975,0.0249031
0.314,0.176,0.802,0.93,0.598092638
0.293,0.0,0.676,0.43,0.449550095
0.458,0.433,0.511,1.0,0.037414029
0.224,0.544,0.348,0.788,0.007764039
0.012,0.352,0.641,0.635,0.138893861
0.114,0.146,0.192,0.588,0.003894928
0.253,0.056,0.304,0.554,0.010485153
0.147,0.698,0.626,0.708,0.003135908
0.563,0.0,0.736,0.698,0.339736529
0.501,0.315,0.933,0.925,0.333258177
0.426,0.269,0.653,0.692,0.190744769
0.324,0.647,0.565,0.989,0.100073665
0.395,0.176,0.968,0.262,0.105899706
0.401,0.2,0.886,0.273,0.090483501
0.334,0.595,0.936,0.618,0.011152954
0.111,0.112,1.0,0.183,0.108624262
0.411,0.707,0.907,0.898,0.121095606
0.146,0.525,0.81,0.626,0.062453099
0.187,0.864,0.907,1.0,0.144403214
0.496,0.186,0.885,0.981,0.501497387
0.44,0.08,0.774,0.6,0.448348743
0.077,0.0,0.831,0.226,0.342973983
0.391,0.0,0.759,0.34,0.412988028
0.341,0.265,0.891,0.491,0.200302231
0.394,0.255,0.67,1.0,0.400370388
0.249,0.804,0.861,1.0,0.184336984
0.135,0.0,0.96,0.426,0.562327456
0.515,0.0,0.691,0.471,0.314241358
0.085,0.039,0.8,0.783,0.718138352
0.799,0.051,0.992,0.151,0.001277082
0.818,0.074,0.902,0.648,0.002137649
0.17,0.492,0.184,0.625,8.9499e-05
0.21,0.0,0.769,0.671,0.693064859
0.263,0.011,0.915,0.947,0.879035201
0.256,0.0,0.724,0.51,0.568454696
0.085,0.247,0.576,0.319,0.049439598
0.524,0.109,0.634,0.147,0.019768955
0.155,0.166,0.376,0.341,0.022133794
0.069,0.68,0.319,0.791,0.005289047
0.007,0.204,0.944,0.467,0.283694657
0.355,0.034,0.705,0.039,0.006796762
0.0,0.0,0.771,0.33,0.466112576
0.178,0.203,0.782,0.481,0.285980324
0.265,0.729,0.746,0.978,0.195224883
0.071,0.0,0.708,0.551,0.594335401
0.429,0.005,0.802,0.722,0.606667332
0.368,0.0,0.787,0.253,0.342216684
0.151,0.351,0.718,0.399,0.041852836
0.087,0.163,0.761,0.26,0.136673597
0.219,0.788,1.0,0.835,0.032574198
0.363,0.498,0.807,0.669,0.093562611
0.718,0.461,0.826,0.719,0.015567665
0.0,0.18,0.781,0.37,0.237177545
0.0,0.847,0.509,1.0,0.055687318
0.354,0.458,0.705,0.637,0.08972276
0.149,0.0,1.0,0.443,0.57358712
0.183,0.698,0.514,0.957,0.058179521
0.077,0.087,0.813,0.626,0.56372846
0.317,0.796,0.992,0.825,0.017216512
0.407,0.0,0.713,0.91,0.69114063
0.339,0.006,0.693,0.461,0.468594452
0.349,0.684,0.796,0.961,0.194940896
0.141,0.548,0.742,0.583,0.019493573
0.046,0.175,0.619,0.721,0.312683731
0.32,0.749,0.845,0.985,0.1953402
0.374,0.109,0.515,0.407,0.097357714
0.363,0.0,0.924,0.498,0.561310266
0.095,0.0,0.802,0.493,0.608662127
0.71,0.138,0.736,0.541,0.017028908
0.112,0.0,0.899,0.616,0.687801629
0.335,0.064,0.657,0.24,0.194634534
0.254,0.0,0.935,0.189,0.282467488
0.287,0.0,0.819,0.827,0.775099309
0.187,0.335,0.908,0.498,0.136308717
0.425,0.114,0.644,0.847,0.367995842
0.157,0.0,0.486,0.518,0.17130283
0.442,0.327,0.74,0.917,0.332099853
0.009,0.0,0.618,0.471,0.403010609
0.143,0.38,0.521,0.699,0.061551224
0.152,0.412,0.47,0.636,0.03007511
0.342,0.0,0.579,0.652,0.336330403
0.368,0.0,0.674,0.465,0.436722477
0.284,0.449,0.61,1.0,0.220773409
0.151,0.333,0.485,0.667,0.057232897
0.117,0.099,0.851,0.424,0.412418332
0.353,0.0,0.753,0.259,0.347559087
0.099,0.119,0.108,0.497,0.00037865
0.375,0.241,0.799,0.638,0.30380956
0.114,0.613,0.358,0.88,0.017750064
0.386,0.339,0.756,1.0,0.428557414
0.294,0.205,0.341,0.546,0.008292428
0.536,0.366,0.599,0.993,0.100498785
0.426,0.544,0.781,0.965,0.255770965
0.0,0.0,0.871,0.386,0.530710209
0.012,0.0,0.815,0.467,0.594937798
0.543,0.319,0.781,0.842,0.227998733
0.294,0.047,0.418,0.864,0.079210068
0.327,0.232,0.457,0.973,0.079476844
0.358,0.0,0.913,0.328,0.432022058
0.103,0.3,0.837,0.527,0.198405541
0.175,0.257,0.393,0.352,0.013438621
0.451,0.0,0.567,0.658,0.21014368
0.472,0.314,0.884,0.929,0.357476266
0.345,0.0,0.392,0.548,0.032278163
0.167,0.0,0.863,0.454,0.579180809
0.135,0.796,0.408,0.908,0.015121891
0.439,0.109,0.836,0.475,0.350349046
0.422,0.678,0.423,1.0,0.000261612
0.811,0.049,0.941,0.928,0.003896649
0.673,0.298,0.836,0.636,0.055673549
0.15,0.425,0.871,0.736,0.189598494
0.233,0.069,0.699,0.282,0.278374629
0.24,0.0,0.468,0.817,0.165445808
0.112,0.659,0.677,0.733,0.031360798
0.23,0.102,0.925,0.325,0.310303402
0.563,0.256,0.624,0.551,0.048942191
0.319,0.0,0.954,0.268,0.378167749
0.298,0.567,0.525,0.679,0.016073678
