0.399,0.199,0.961,0.418,0.221406787
0.172,0.0,0.665,0.444,0.459107557
0.622,0.481,0.871,0.595,0.029684413
0.286,0.248,0.803,0.539,0.260700295
0.415,0.341,0.537,0.409,0.01651601
0.414,0.452,0.787,0.538,0.051296703
0.561,0.0,0.81,0.614,0.353200967
0.268,0.2,1.0,0.272,0.097521222
0.0,0.0,0.683,0.336,0.413907114
0.205,0.31,0.938,1.0,0.532181779
0.109,0.182,0.828,0.256,0.106111406
0.37,0.0,0.478,0.627,0.114791089
0.266,0.056,1.0,0.494,0.511562584
0.385,0.346,0.518,0.71,0.049221014
0.123,0.0,0.96,0.579,0.667068839
0.38,0.557,0.605,1.0,0.156017432
0.399,0.0,0.513,0.519,0.133663332
0.249,0.832,0.645,1.0,0.117469174
0.0,0.013,0.741,0.354,0.460575685
0.46,0.122,0.608,0.407,0.153855686
0.193,0.513,0.6,0.679,0.053393045
0.376,0.249,0.78,1.0,0.54320909
0.595,0.627,0.826,0.921,0.094092721
0.367,0.828,0.815,0.981,0.137002334
0.278,0.429,0.763,1.0,0.390460094
0.209,0.135,0.871,0.467,0.383969694
0.276,0.0,0.939,0.39,0.512669274
0.538,0.813,0.608,0.98,0.037904553
0.228,0.069,0.852,0.242,0.258688289
0.186,0.778,0.85,1.0,0.208042175
0.045,0.325,0.977,0.945,0.4700316
0.064,0.024,0.826,0.459,0.552344874
0.574,0.0,0.578,0.682,0.010182234
0.596,0.259,0.776,0.707,0.144976352
0.525,0.211,0.578,0.612,0.063878199
0.033,0.179,0.857,0.294,0.155631897
0.217,0.0,0.542,0.522,0.255956848
0.333,0.869,0.655,1.0,0.094965336
0.0,0.0,0.777,0.304,0.439419496
0.5,0.491,0.59,1.0,0.103975477
0.529,0.762,0.99,0.983,0.133443027
0.353,0.229,0.96,0.671,0.343280345
0.092,0.0,0.905,0.627,0.696407303
0.187,0.081,0.925,0.622,0.563055496
0.074,0.0,0.754,0.276,0.399981412
0.464,0.142,0.721,0.174,0.032816878
0.272,0.264,0.763,0.369,0.108033913
0.11,0.167,0.735,0.511,0.347051352
0.123,0.847,0.742,1.0,0.15718264
0.0,0.0,0.921,0.397,0.541102421
0.313,0.538,0.746,1.0,0.304599561
0.155,0.375,0.748,0.681,0.196958066
0.18,-0.0,0.92,0.217,0.327144706
0.316,0.0,0.567,0.656,0.321742064
0.356,0.0,0.646,0.402,0.364405554
0.239,0.0,0.635,0.55,0.447353927
0.41,0.0,0.646,0.529,0.383172809
0.428,0.081,0.699,0.886,0.532343566
0.626,0.889,0.722,1.0,0.030331559
0.491,0.0,0.543,0.267,0.055212285
0.168,0.006,1.0,0.494,0.59271065
0.332,0.057,0.858,0.388,0.418468121
0.045,0.042,0.8,0.292,0.365162854
0.365,0.0,0.851,0.59,0.614045837
0.241,0.03,0.909,0.22,0.283854722
0.099,0.0,0.725,0.675,0.67598948
0.488,0.0,0.595,0.49,0.193863466
0.483,0.126,0.62,0.696,0.213541201
0.0,0.0,0.742,0.367,0.495044853
0.339,0.004,0.748,0.347,0.429664103
0.019,0.276,0.576,0.515,0.112195617
0.505,0.03,0.71,0.932,0.525350595
0.594,0.482,0.949,0.708,0.061731944
0.265,0.073,0.816,0.177,0.157432204
0.313,0.363,0.996,0.765,0.252387214
0.498,0.242,0.783,0.508,0.179631402
0.231,0.004,0.652,0.74,0.54568064
0.122,0.338,0.529,0.441,0.0346998
0.587,0.428,0.899,0.669,0.073877992
0.015,0.279,0.887,0.727,0.335802014
0.515,0.119,0.909,0.461,0.267281915
0.218,0.448,1.0,1.0,0.40149601
0.0,0.768,0.924,0.931,0.145071014
0.063,0.218,0.208,0.309,0.001870874
0.0,0.0,0.718,0.591,0.628876856
0.287,0.662,0.63,1.0,0.163020729
0.114,0.053,1.0,0.348,0.411155019
0.0,0.0,0.771,0.33,0.466112576
0.188,0.15,0.706,0.227,0.105519335
0.036,0.138,0.874,0.496,0.405785078
0.078,0.243,0.687,0.774,0.343813897
0.112,0.035,0.537,0.188,0.100008261
0.363,0.498,0.807,0.669,0.093562611
0.368,0.0,0.601,0.57,0.345819019
0.212,0.153,0.538,1.0,0.274624276
0.347,0.227,0.962,0.301,0.090745114
0.237,0.435,0.822,1.0,0.406177497
0.642,0.359,0.735,0.926,0.101405823
0.0,0.833,0.68,1.0,0.147709514
0.453,0.353,0.715,0.491,0.080767695
0.227,0.325,0.317,0.524,0.005075627
0.259,0.045,0.625,0.699,0.431216567
0.779,0.638,0.942,0.906,0.003201311
0.02,0.413,0.94,1.0,0.443696516
0.431,0.091,0.729,0.514,0.378830386
0.301,0.746,0.839,1.0,0.212658258
0.186,0.215,0.967,0.258,0.056639106
0.035,0.026,0.447,0.771,0.145780122
0.172,0.0,1.0,0.155,0.233167301
0.989,0.473,0.996,0.477,0.0
0.407,0.953,0.543,1.0,0.013314699
0.482,0.014,0.514,0.285,0.029921929
0.075,0.204,0.887,0.888,0.556880064
0.0,0.155,0.924,0.24,0.126945743
0.32,0.0,0.736,0.618,0.620140376
0.234,0.0,1.0,0.717,0.727516815
0.387,0.0,0.481,0.63,0.105278376
0.388,0.616,0.701,1.0,0.225251802
0.111,0.434,0.96,1.0,0.423111743
0.603,0.705,0.67,1.0,0.051745919
0.086,0.291,0.268,0.87,0.017419606
0.476,0.0,0.562,0.678,0.167783109
0.246,0.09,0.391,0.194,0.015247534
0.209,0.0,0.617,0.475,0.389547892
0.468,0.0,0.567,0.648,0.186474634
0.405,0.0,0.7,0.714,0.561145037
0.06,0.0,1.0,0.668,0.71933454
0.385,0.244,0.721,0.544,0.226883438
0.015,0.0,0.897,0.626,0.698887458
0.378,0.392,0.585,0.401,0.00338203
0.392,0.266,0.709,0.71,0.26710808
0.194,0.243,0.467,0.323,0.022465973
0.271,0.0,0.657,0.437,0.427867239
0.207,0.291,0.889,1.0,0.554093547
0.614,0.602,0.998,0.819,0.051083282
0.192,0.0,0.754,0.85,0.793475866
0.414,0.211,0.851,0.312,0.112875466
0.28,0.001,0.841,0.365,0.479236229
0.231,0.035,0.652,0.932,0.623431186
0.115,0.274,0.838,0.758,0.359111344
0.352,0.068,0.601,0.566,0.300888794
0.309,0.0,0.867,0.458,0.557193311
0.095,0.0,0.802,0.493,0.608662127
0.318,0.0,0.33,0.323,0.003204753
0.189,0.0,0.632,0.524,0.437867032
0.0,0.235,0.805,0.332,0.11949495
0.312,0.282,0.338,0.808,0.005442228
0.416,0.0,0.736,0.641,0.562589069
0.348,0.574,0.985,0.752,0.091970562
0.278,0.354,0.938,0.641,0.198723951
0.0,0.0,0.808,0.432,0.567905654
0.015,0.386,0.181,0.928,0.007629791
0.191,0.0,0.884,0.708,0.728120934
0.149,0.152,0.494,0.791,0.147690581
0.039,0.113,0.983,1.0,0.82816706
0.467,0.111,0.791,0.272,0.175803598
0.005,0.369,0.941,0.404,0.033679167
0.055,0.0,0.581,0.463,0.333199659
0.08,0.0,0.947,0.307,0.447522599
0.221,0.269,0.995,0.991,0.570404742
0.003,0.07,0.848,0.625,0.592443874
0.038,0.0,0.768,0.371,0.506924125
0.482,0.138,0.623,0.329,0.109973632
0.437,0.0,0.762,0.747,0.603708701
0.279,0.408,0.935,0.553,0.102488417
0.276,0.132,0.778,0.668,0.491447681
0.393,0.246,0.799,0.754,0.34803412
0.287,0.0,0.938,0.408,0.524846303
0.099,0.022,0.822,0.061,0.05543259
0.459,0.451,0.822,0.635,0.094047971
0.597,0.737,0.741,0.821,0.023090745
0.0,0.301,0.819,0.571,0.222193345
0.399,0.435,0.487,1.0,0.045692688
0.0,0.0,0.857,0.158,0.241303106
0.119,0.171,0.826,0.601,0.418468121
0.829,0.542,0.868,0.904,0.000347669
0.29,0.229,0.882,0.29,0.076296187
0.132,0.106,0.796,0.445,0.412850337
0.037,0.767,0.807,1.0,0.221830186
0.441,0.36,0.75,1.0,0.381942197
0.057,0.272,0.058,0.361,1.2048e-05
0.495,0.0,0.69,0.376,0.297415544
0.078,0.498,1.0,1.0,0.38014189
0.107,0.166,0.246,0.204,0.001135949
0.0,0.17,0.931,0.186,0.021737933
0.787,0.476,0.86,0.785,0.001468128
0.275,0.0,0.472,0.312,0.100252663
0.032,0.789,1.0,0.961,0.163490599
0.349,0.634,0.63,1.0,0.162167046
0.34,0.0,1.0,0.581,0.626484479
0.457,0.0,0.519,0.296,0.060033183
0.227,0.53,0.761,1.0,0.332354581
0.062,0.0,1.0,0.165,0.25450421
0.035,0.345,0.753,0.955,0.43633178
0.293,0.0,0.676,0.43,0.449550095
0.085,0.275,0.468,0.35,0.021250852
0.014,0.72,0.098,0.917,0.000977605
0.314,0.0,0.33,0.442,0.004975801
0.22,0.136,0.234,0.829,0.0024268
0.198,0.0,0.948,0.26,0.382744246
0.338,0.635,0.725,0.865,0.120013012
0.917,0.124,0.947,0.33,5.163e-06
0.138,0.0,0.92,0.666,0.712164293
0.029,0.646,0.122,0.838,0.001196189
0.504,0.0,0.645,0.498,0.260023889
0.41,0.0,0.445,0.802,0.041376082
0.44,0.0,0.804,0.471,0.478088232
0.034,0.185,1.0,0.599,0.398046856
0.29,0.445,0.716,0.84,0.207496575
0.0,0.0,0.97,0.652,0.711684096
0.033,0.032,0.888,0.041,0.011457595
0.402,0.721,0.438,0.735,0.000196209
0.092,0.0,1.0,0.514,0.628818338
0.089,0.217,0.915,0.288,0.092194309
0.077,0.097,0.681,0.153,0.079757389
0.404,0.034,0.495,0.289,0.065959051
0.432,0.507,0.954,1.0,0.308630459
0.303,0.0,0.678,0.28,0.331555975
0.143,0.353,0.988,0.747,0.259029073
0.0,0.129,0.854,0.394,0.339414676
0.051,0.196,0.907,0.368,0.212723661
0.294,0.149,0.34,0.601,0.010994609
0.21,0.0,0.769,0.671,0.693064859
0.062,0.22,0.909,0.958,0.612181848
0.494,0.0,0.599,0.619,0.216086759
0.108,0.102,1.0,0.987,0.828807322
0.407,0.0,0.831,0.609,0.589493849
0.023,0.248,0.632,0.357,0.091865572
0.292,0.582,0.975,0.852,0.152337645
0.224,0.0,0.757,0.465,0.565401403
0.443,0.0,0.872,0.476,0.481413465
0.069,0.181,0.812,0.546,0.367961419
0.375,0.995,0.568,0.999,0.000869173
0.163,0.204,0.75,0.671,0.386095296
0.196,0.15,0.436,0.289,0.034371063
0.151,0.289,0.801,0.461,0.160423537
0.193,0.0,0.754,0.35,0.471422277
0.576,0.156,0.88,0.166,0.005493862
0.169,0.0,1.0,0.664,0.709556773
0.352,0.842,0.631,0.859,0.00759881
0.301,0.716,0.849,0.845,0.07865242
0.172,0.186,0.997,1.0,0.702644696
0.054,0.074,0.682,0.176,0.142694127
0.199,0.572,0.871,1.0,0.321416769
0.12,0.399,0.796,0.469,0.053907665
0.444,0.598,0.65,0.964,0.148991759
0.035,0.0,0.68,0.539,0.544746064
0.288,0.267,0.779,0.889,0.440798125
0.403,0.585,0.9,1.0,0.27508554
0.564,0.314,0.65,0.604,0.058501373
0.203,0.57,1.0,1.0,0.321471846
0.442,0.035,0.56,0.138,0.045374278
0.382,0.48,0.758,1.0,0.328284097
0.209,0.584,0.963,0.717,0.070301474
0.161,0.051,0.483,0.822,0.181696764
0.277,0.749,0.432,1.0,0.024669026
0.039,0.0,0.911,0.506,0.625234935
0.034,0.0,0.914,0.593,0.679409375
0.109,0.0,0.837,0.408,0.545985281
0.596,0.088,0.75,0.246,0.081180767
0.08,0.338,0.234,0.457,0.002363118
0.48,0.476,0.652,1.0,0.191749912
0.0,0.877,0.793,0.935,0.061504754
0.461,0.364,0.635,0.941,0.194436604
0.287,0.0,0.487,0.623,0.165132562
0.275,0.824,0.726,0.873,0.034834048
0.407,0.197,0.628,0.437,0.151014093
0.51,0.205,0.78,0.7,0.285601674
0.029,0.0,0.613,0.467,0.393379138
0.0,0.001,0.69,0.232,0.30499198
0.13,0.462,0.937,0.899,0.287154138
0.429,0.327,0.429,0.534,0.0
0.372,0.0,0.71,0.29,0.351834386
0.563,0.0,0.736,0.698,0.339736529
0.227,0.0,0.725,0.5,0.570563086
0.434,0.203,0.483,0.619,0.032269557
0.245,0.253,0.684,0.289,0.036710085
0.389,0.067,0.934,0.516,0.466064384
0.0,0.198,0.771,0.919,0.588285612
0.352,0.359,0.533,0.541,0.039307278
0.281,0.714,0.455,0.992,0.031694698
0.219,0.0,1.0,0.477,0.589900036
0.386,0.581,0.928,0.722,0.067408246
0.292,0.0,0.801,0.403,0.517307732
0.213,0.35,0.838,0.827,0.314905716
0.299,0.0,0.548,0.875,0.319332475
0.01,0.0,0.722,0.365,0.481910873
0.263,0.0,0.593,0.659,0.397397988
0.353,0.317,0.81,0.91,0.392033211
0.134,0.0,0.924,0.636,0.696722271
0.193,0.0,0.441,0.823,0.137780287
0.0,0.0,0.768,0.466,0.584769334
0.0,0.143,0.733,0.424,0.327007015
0.504,0.07,0.878,1.0,0.620761705
0.0,0.0,0.747,0.596,0.655458063
0.178,0.0,1.0,0.553,0.646583892
0.323,0.031,0.727,0.067,0.047066154
0.22,0.0,0.978,0.835,0.803325921
0.221,0.047,1.0,0.142,0.147423805
0.443,0.0,0.9,0.407,0.438032261
0.251,0.0,0.914,0.444,0.56031545
0.344,0.145,0.95,0.83,0.549988641
0.205,0.5,0.96,1.0,0.368711834
0.354,0.458,0.705,0.637,0.08972276
0.514,0.134,0.675,0.399,0.161206653
0.204,0.555,0.8,1.0,0.329278913
0.323,0.141,0.823,0.643,0.463513662
0.167,0.007,0.816,0.338,0.459276228
0.185,0.007,0.98,0.127,0.178099592
0.468,0.0,0.855,0.647,0.535575857
0.318,0.0,0.419,0.553,0.067304978
0.346,0.253,0.947,0.421,0.163717789
0.303,0.348,0.449,1.0,0.061069307
0.011,0.0,0.743,0.227,0.334113581
0.397,0.181,0.654,0.919,0.381723613
0.0,0.0,0.897,0.517,0.632744246
0.164,0.946,0.923,0.988,0.048730491
0.251,0.14,0.865,0.46,0.365273006
0.017,0.641,0.232,0.905,0.009232167
0.322,0.0,0.616,0.432,0.348097802
0.362,0.629,0.709,0.716,0.037307319
0.316,0.851,1.0,0.987,0.133410325
0.433,0.188,0.573,0.812,0.173037734
0.377,0.264,0.539,0.739,0.09803412
0.277,0.0,0.55,0.279,0.175409458
0.428,0.603,0.658,0.998,0.180443777
0.0,0.0,0.768,0.448,0.572205049
0.157,0.436,0.938,1.0,0.41881579
0.281,0.388,0.78,0.801,0.251550742
0.584,0.554,0.585,0.652,0.000244401
0.167,0.42,0.596,0.829,0.133296731
0.367,0.259,0.725,0.364,0.100328393
0.435,0.0,0.658,0.251,0.230198344
0.504,0.483,0.614,0.532,0.010492038
0.091,0.654,1.0,0.74,0.046128135
0.074,0.07,0.721,0.219,0.214806235
0.054,0.0,0.576,0.711,0.39380598
0.106,0.0,0.775,0.73,0.737067393
0.389,0.495,0.467,0.632,0.008091055
0.118,0.018,0.656,0.174,0.186078773
0.402,0.373,0.73,0.543,0.105376481
0.441,0.0,0.901,0.115,0.13905909
0.076,0.084,0.951,0.754,0.639093513
0.322,0.0,0.883,0.416,0.523285233
0.426,0.0,0.449,0.391,0.022040853
0.342,0.092,0.919,1.0,0.786104246
0.393,0.658,0.461,1.0,0.018970348
0.385,0.025,0.782,0.454,0.479817973
0.015,0.798,0.37,0.984,0.027829029
0.089,0.0,0.585,0.69,0.409019091
0.294,0.0,0.684,0.472,0.486120769
0.043,0.342,0.368,0.387,0.004727957
0.047,0.293,1.0,0.302,0.011275154
0.438,0.293,0.514,0.341,0.008299312
0.42,0.0,0.555,0.553,0.201284999
0.47,0.104,0.961,0.614,0.403650871
0.021,0.073,0.781,0.368,0.400218928
0.076,0.918,0.636,1.0,0.066618245
0.092,0.046,1.0,0.093,0.071625027
0.213,0.151,0.302,0.653,0.013607292
0.467,0.684,0.894,1.0,0.208906184
0.311,0.632,0.772,1.0,0.262309556
0.045,0.0,0.853,0.526,0.636739
0.545,0.065,0.779,0.185,0.099738043
0.417,0.0,0.574,0.494,0.233387606
0.53,0.401,0.537,0.801,0.005411248
0.46,0.664,0.62,0.686,0.004793361
0.658,0.153,0.737,0.385,0.04848609
0.287,0.0,0.651,0.773,0.549393128
0.795,0.287,0.844,0.871,0.002459502
0.117,0.0,0.982,0.462,0.590197793
0.505,0.0,0.589,0.662,0.185266397
0.205,0.153,0.921,0.347,0.250593792
0.137,0.208,0.523,0.359,0.069211996
0.311,0.861,0.682,0.933,0.054888711
0.516,0.0,0.517,0.556,0.001538695
0.422,0.458,0.72,0.909,0.231540829
0.515,0.0,0.821,0.609,0.44940552
0.046,0.246,1.0,0.931,0.550023063
0.258,0.577,0.651,1.0,0.218093602
0.429,0.458,0.668,1.0,0.246036226
0.07,0.298,0.681,0.795,0.288185098
0.09,0.247,0.733,0.423,0.182127047
0.423,0.008,0.881,0.297,0.349357672
0.301,0.232,0.914,0.73,0.381212436
0.676,0.129,0.792,0.912,0.125307223
0.071,0.113,0.54,0.272,0.102398918
0.371,0.0,0.749,0.565,0.572853917
0.139,0.202,0.84,0.999,0.680300923
0.269,0.0,1.0,0.449,0.560380853
0.181,0.838,0.821,1.0,0.167616159
0.236,0.43,0.847,0.682,0.155446015
0.292,0.102,0.729,0.375,0.334531817
0.145,0.44,0.359,0.575,0.005791619
0.378,0.0,0.772,0.371,0.45005783
0.491,0.0,0.654,0.309,0.215895713
0.175,0.12,0.992,0.413,0.367236821
0.851,0.175,0.97,0.694,0.000428563
0.0,0.121,0.769,0.206,0.132334616
0.232,0.061,1.0,0.172,0.169006836
0.009,0.0,0.618,0.471,0.403010609
0.328,0.413,0.787,0.602,0.122730684
0.395,0.0,0.681,0.254,0.280205917
0.121,0.537,0.966,0.624,0.05012461
0.0,0.639,0.984,1.0,0.294085148
0.576,0.05,0.675,0.284,0.099159742
0.496,0.0,0.626,0.499,0.237981315
0.166,0.0,0.792,0.569,0.650411695
0.498,0.132,0.622,0.619,0.179621075
0.512,0.0,0.581,0.573,0.142892057
0.213,0.33,0.762,0.545,0.168265027
0.424,0.344,0.549,1.0,0.12261881
0.569,0.0,0.636,0.565,0.132415509
0.0,0.109,0.742,0.191,0.122491446
0.391,0.954,0.991,0.996,0.041894143
0.068,0.6,0.926,1.0,0.315740467
0.144,0.052,0.702,0.448,0.451484651
0.315,0.633,0.831,0.706,0.037016447
0.44,0.366,0.657,0.415,0.026460727
0.285,0.0,0.453,0.319,0.082327043
0.498,0.082,0.638,0.266,0.114780762
0.039,0.354,0.718,0.976,0.429739833
0.169,0.0,0.878,0.601,0.675196037
0.201,0.073,0.439,0.981,0.142601186
0.325,0.074,0.755,0.175,0.144869641
0.595,0.234,0.703,0.417,0.059571919
0.346,0.0,0.728,0.719,0.646637247
0.469,0.135,0.681,1.0,0.471071165
0.349,0.504,0.461,0.901,0.024498633
0.059,0.0,0.599,0.157,0.149752501
0.309,0.0,0.741,0.327,0.427091007
0.046,0.41,0.375,0.932,0.042006017
0.273,0.057,0.589,0.259,0.173089368
0.339,0.3,0.479,0.417,0.022615712
0.133,0.0,0.961,0.646,0.702682561
0.239,0.0,0.873,0.658,0.694285144
0.146,0.179,0.727,0.215,0.050231321
0.0,0.0,0.885,0.716,0.744862412
0.154,0.592,1.0,1.0,0.313570116
0.248,0.107,0.395,0.288,0.026052818
0.145,0.0,0.995,0.52,0.628277901
0.235,0.0,0.398,0.823,0.082122228
0.318,0.731,0.408,1.0,0.013837924
0.208,0.245,0.633,0.882,0.320303195
0.401,0.0,0.938,0.703,0.641382622
0.175,0.0,0.583,0.465,0.33015325
0.005,0.0,0.855,0.27,0.404220567
0.219,0.608,0.262,0.72,0.000884663
0.242,0.423,0.626,0.731,0.115216209
0.0,0.142,0.929,0.181,0.060501332
0.222,0.0,1.0,0.464,0.581857173
0.303,0.084,0.828,0.397,0.390620159
0.411,0.938,0.699,0.94,0.002433685
0.444,0.169,0.624,0.17,0.002037824
0.29,0.0,0.688,0.656,0.582394167
0.222,0.066,1.0,0.65,0.601176912
0.007,0.022,0.874,0.706,0.707305529
0.478,0.113,0.72,0.575,0.330075799
0.348,0.349,0.657,0.362,0.009688268
0.046,0.0,0.801,0.651,0.706546509
0.338,0.522,0.502,1.0,0.063310224
0.349,0.262,0.694,0.442,0.146819687
0.301,0.456,0.76,0.833,0.209789127
0.18,0.085,0.809,0.427,0.430944628
0.0,0.0,0.708,0.524,0.580346017
0.0,0.045,0.671,0.228,0.234797216
0.517,0.0,0.555,0.2,0.035785836
0.366,0.321,0.688,0.48,0.107228422
0.4,0.0,0.723,0.59,0.543599788
0.273,0.022,0.87,0.073,0.07220677
0.124,0.0,0.608,0.429,0.364343594
0.6,0.482,0.92,0.588,0.032145636
0.327,0.335,0.471,0.611,0.036649845
0.291,0.422,0.644,0.94,0.230635512
0.536,0.319,0.554,1.0,0.031761822
0.284,0.6,0.597,1.0,0.154568236
0.203,0.827,0.802,1.0,0.173660785
0.437,0.599,0.861,0.735,0.063189745
0.095,0.502,0.534,0.792,0.052964483
0.329,0.837,0.481,0.874,0.003772728
0.637,0.0,0.666,0.395,0.043813209
0.38,0.683,0.978,1.0,0.233366953
0.221,0.317,0.883,0.356,0.040651484
0.417,0.0,0.42,0.247,0.001760721
0.103,0.712,0.777,1.0,0.249339084
0.368,0.0,0.787,0.253,0.342216684
0.341,0.24,0.693,0.394,0.138112466
0.215,0.202,0.901,0.532,0.325692068
0.391,0.576,0.472,1.0,0.027548484
0.167,0.037,1.0,0.29,0.367618913
0.489,0.022,0.629,0.461,0.229310238
0.175,0.646,0.246,0.74,0.000929413
0.154,0.065,1.0,0.497,0.51345239
0.12,0.0,0.98,0.222,0.334974149
0.608,0.241,0.995,0.725,0.152244704
0.405,0.137,0.674,0.307,0.166125657
0.257,0.0,0.954,0.006,0.01395324
0.717,0.164,0.746,0.974,0.028190468
0.178,0.046,0.859,0.643,0.629143632
0.846,0.47,0.982,0.665,2.4096e-05
0.436,0.0,0.808,0.629,0.566616524
0.325,0.291,0.632,0.771,0.210530936
0.001,0.533,0.321,0.72,0.005258067
0.266,0.494,0.835,1.0,0.359911671
0.452,0.731,0.65,0.952,0.09677597
0.366,0.892,0.96,0.931,0.036376185
0.0,0.119,0.889,0.347,0.312905758
0.113,0.618,0.317,0.896,0.016211369
0.407,0.318,0.674,0.872,0.256027414
0.311,0.0,0.719,0.559,0.577976014
0.389,0.0,0.715,0.314,0.370422642
0.379,0.225,0.512,0.538,0.066093299
0.447,0.0,0.607,0.241,0.159354712
0.217,0.611,0.893,1.0,0.296506785
0.024,0.385,0.37,0.962,0.047856154
0.458,0.132,0.588,0.91,0.239341012
0.119,0.305,0.937,0.479,0.159158503
0.273,0.007,0.54,0.489,0.229439323
0.19,0.044,0.69,0.606,0.529419358
0.205,0.0,0.878,0.163,0.243559513
0.78,0.715,0.811,0.786,0.000354554
0.476,0.163,0.505,0.686,0.028529531
0.314,0.044,0.802,0.167,0.182120163
0.132,0.0,0.826,0.524,0.628592869
0.15,0.181,0.687,0.381,0.211670327
0.002,0.0,0.646,0.267,0.305592656
0.101,0.535,0.328,0.61,0.001891527
0.473,0.358,0.809,0.659,0.165092976
0.0,0.093,0.835,0.507,0.484375538
0.347,0.0,1.0,0.147,0.206006072
0.195,0.007,0.944,0.243,0.345889586
0.202,0.0,0.743,0.633,0.658815997
0.339,0.0,0.984,0.264,0.369572401
0.244,0.335,0.687,0.696,0.205093871
0.656,0.0,0.659,0.571,0.005757196
0.186,0.256,0.865,0.922,0.51060047
0.359,0.067,0.865,0.372,0.377658293
0.183,0.698,0.514,0.957,0.058179521
0.264,0.026,0.641,0.437,0.375665219
0.3,0.0,1.0,0.507,0.594602177
0.32,0.193,0.597,0.48,0.168827838
0.128,0.0,0.809,0.507,0.617136995
0.13,0.297,0.915,0.521,0.197663732
0.07,0.0,0.837,0.254,0.381926707
0.104,0.239,0.946,0.862,0.480418649
0.182,0.245,0.847,0.444,0.205605048
0.173,0.132,0.834,0.546,0.441175053
0.15,0.202,0.881,0.265,0.086839859
0.082,0.004,0.668,0.569,0.524517566
0.22,0.0,0.93,0.305,0.434803412
0.393,0.369,0.605,0.838,0.140065954
0.118,0.126,1.0,0.251,0.183812038
0.164,0.557,0.916,1.0,0.334196196
0.77,0.309,0.84,0.954,0.009941275
0.502,0.0,0.594,0.579,0.18733348
0.054,0.045,1.0,0.582,0.604522798
0.435,0.233,0.694,0.706,0.266577971
0.027,0.227,0.918,0.546,0.304940345
0.17,0.0,0.979,0.124,0.182275065
0.0,0.0,0.755,0.859,0.816719792
0.203,0.379,0.731,0.581,0.133924945
0.283,0.51,0.94,0.964,0.309670024
0.025,0.0,0.957,0.426,0.567673301
0.007,0.37,0.695,0.414,0.035923527
0.389,0.418,0.584,1.0,0.169772741
0.28,0.076,0.977,0.308,0.320291147
0.001,0.0,1.0,0.182,0.280885765
0.381,0.06,0.942,0.524,0.487132796
0.167,0.6,1.0,1.0,0.309282769
0.366,0.579,0.734,1.0,0.266266445
0.184,0.196,0.732,0.627,0.367352137
0.42,0.161,0.488,0.245,0.018369672
0.31,0.0,0.973,0.655,0.67600325
0.105,0.462,0.386,0.464,0.000199652
0.175,0.524,0.915,1.0,0.354243974
0.025,0.0,0.734,0.572,0.632472307
0.111,0.164,0.137,0.567,0.001084315
0.043,0.136,0.255,0.793,0.017483288
0.145,0.218,0.466,0.693,0.085197896
0.248,0.0,0.745,0.412,0.517085706
0.372,0.001,0.561,0.349,0.194662072
0.178,0.011,0.997,0.267,0.377417334
0.099,0.119,0.108,0.497,0.00037865
0.121,0.748,0.962,1.0,0.233759372
0.197,0.059,0.911,0.76,0.670905248
0.592,0.37,0.658,0.803,0.056191611
0.155,0.19,0.326,0.738,0.021961681
0.396,0.0,0.79,0.523,0.548048922
0.51,0.496,0.744,1.0,0.250795164
0.083,0.0,0.8,0.628,0.693558825
0.076,0.171,0.551,0.207,0.026951251
0.652,0.88,0.922,0.921,0.010400818
0.0,0.032,0.905,0.268,0.352765519
0.21,0.03,0.936,0.143,0.170776163
0.07,0.251,1.0,0.633,0.319277399
0.0,0.461,0.87,0.727,0.159143013
0.339,0.323,0.715,0.477,0.116608607
0.0,0.0,0.94,0.612,0.690696578
0.202,0.707,1.0,1.0,0.248419998
0.118,0.353,0.306,0.415,0.002660874
0.323,0.0,1.0,0.662,0.676089306
0.073,0.025,0.777,0.469,0.551881889
0.519,0.609,0.545,0.891,0.014426552
0.156,0.285,0.559,0.288,0.001748673
0.001,0.0,0.873,0.696,0.733852313
0.335,0.519,0.749,1.0,0.312561531
0.146,0.0,1.0,0.791,0.78233496
0.381,0.0,0.765,0.368,0.444242115
0.181,0.227,0.474,0.339,0.034484658
0.382,0.325,0.754,0.97,0.418659167
0.179,0.304,0.8,0.319,0.015574549
0.386,0.51,0.952,0.862,0.19376364
0.0,0.063,0.751,0.171,0.165302954
0.115,0.407,1.0,0.593,0.128408708
0.33,0.01,0.532,0.966,0.285069844
0.42,0.907,0.561,0.992,0.029687855
0.196,0.0,0.652,0.226,0.261564305
0.503,0.145,0.59,0.45,0.097977322
0.221,0.4,0.53,0.788,0.071835005
0.342,0.0,0.354,0.507,0.006514495
0.042,0.0,0.913,0.437,0.575137863
0.134,0.0,0.493,0.652,0.201606851
0.142,0.97,0.997,0.98,0.010078966
0.528,0.523,0.813,0.966,0.216430986
0.455,0.211,0.537,0.388,0.041298631
0.315,0.0,0.891,0.661,0.676767433
0.391,0.212,0.467,0.296,0.013646878
0.47,0.13,0.813,1.0,0.608292083
0.332,0.773,0.609,0.773,0.0
0.073,0.487,0.685,1.0,0.318151777
0.219,0.111,0.741,0.551,0.455713479
0.342,0.0,0.954,0.537,0.598588325
0.565,0.542,0.833,1.0,0.188192326
0.141,0.0,1.0,0.342,0.484213751
0.0,0.246,0.827,0.249,0.002447454
0.144,0.426,0.5,0.446,0.00371593
0.316,0.749,0.967,0.768,0.012151212
0.107,0.468,1.0,1.0,0.399158709
0.442,0.327,0.74,0.917,0.332099853
0.046,0.0,0.984,0.614,0.691687951
0.344,0.716,0.924,0.99,0.21469264
0.219,0.0,0.808,0.458,0.572561324
0.304,0.062,0.976,0.446,0.463763227
0.542,0.271,0.663,0.38,0.043716825
0.566,0.092,0.729,0.186,0.06218116
0.366,0.827,0.587,1.0,0.075828038
0.571,0.029,0.644,0.932,0.191500348
0.455,0.0,0.575,0.557,0.206105898
0.411,0.534,0.552,1.0,0.091905159
0.281,0.398,0.969,0.775,0.229642417
0.057,0.137,0.815,0.28,0.203274631
0.213,0.0,0.881,0.345,0.480423812
0.16,0.0,0.821,0.589,0.66757141
0.497,0.047,0.961,0.32,0.269923857
0.0,0.079,0.955,0.671,0.602262948
0.367,0.016,0.871,0.872,0.746841718
0.19,0.608,0.518,1.0,0.087607485
0.499,0.403,0.763,0.947,0.275758504
0.377,0.0,0.683,0.148,0.171846709
0.317,0.582,0.799,0.873,0.166082628
0.342,0.711,0.483,1.0,0.034489821
0.112,0.0,0.78,0.536,0.631221042
0.121,0.0,0.974,0.296,0.432395544
0.573,0.0,0.815,0.491,0.282663697
0.57,0.195,0.645,0.766,0.105290424
0.426,0.0,0.602,0.396,0.247865793
0.274,0.0,0.356,0.392,0.024369548
0.0,0.148,0.988,0.385,0.302403393
0.229,0.222,0.612,0.416,0.138167542
0.095,0.015,0.614,0.443,0.366231679
0.454,0.0,0.87,0.501,0.484447826
0.284,0.449,0.61,1.0,0.220773409
0.022,0.298,0.848,0.81,0.364343594
0.29,0.508,0.333,0.994,0.008607395
0.0,0.728,0.915,1.0,0.246469952
0.2,0.663,0.328,0.734,0.001993074
0.368,0.522,0.782,1.0,0.315232732
0.411,0.089,0.545,0.885,0.195928828
0.753,0.009,0.794,0.1,0.001851941
0.407,0.592,0.636,0.761,0.050699469
0.537,0.0,0.539,0.358,0.003013707
0.625,0.716,0.92,0.746,0.00635443
0.604,0.159,0.701,0.54,0.107503804
0.358,0.385,0.499,0.742,0.039968193
0.422,0.678,0.423,1.0,0.000261612
0.076,0.036,0.786,0.876,0.799923237
0.009,0.0,0.637,0.379,0.385167604
0.05,0.0,0.932,0.923,0.910667938
0.224,0.177,0.712,0.817,0.472862867
0.22,0.091,1.0,1.0,0.838275285
0.532,0.39,0.618,0.699,0.056121044
0.039,0.319,0.42,0.644,0.036050891
0.406,0.192,0.438,0.53,0.016328406
0.415,0.165,0.462,0.247,0.011003215
0.198,0.0,0.713,0.75,0.689810193
0.249,0.047,0.703,0.703,0.581926019
0.243,0.0,0.709,0.829,0.716782097
0.089,0.607,0.619,1.0,0.196030375
0.074,0.145,0.877,0.428,0.343992895
0.41,0.31,0.736,1.0,0.432505697
0.338,0.016,0.913,0.279,0.36257943
0.003,0.503,0.3,0.987,0.028930556
0.455,0.144,0.901,0.529,0.328907148
0.414,0.743,0.725,1.0,0.179349136
0.288,0.0,0.563,0.792,0.345827625
0.04,0.073,0.734,0.449,0.451586198
0.406,0.277,0.954,0.7,0.280820362
0.025,0.079,0.722,0.171,0.136640896
0.009,0.0,0.814,0.437,0.572686967
0.291,0.171,0.645,0.69,0.320361714
0.122,0.356,0.3,0.883,0.018801677
0.584,0.42,0.725,0.708,0.073265268
0.19,0.227,0.709,0.49,0.238482166
0.17,0.492,0.184,0.625,8.9499e-05
0.287,0.183,0.841,0.783,0.482669893
0.423,0.0,0.8,0.613,0.572785072
0.039,0.06,0.793,0.334,0.387584077
0.328,0.685,0.79,0.708,0.011251058
0.086,0.0,0.742,0.281,0.402396164
0.515,0.025,0.638,0.575,0.234871225
0.23,0.351,0.595,0.433,0.040171287
0.396,0.663,0.556,1.0,0.07850096
0.244,0.374,0.929,0.926,0.381277839
0.152,0.412,0.47,0.636,0.03007511
0.127,0.209,0.908,0.425,0.243988076
0.033,0.427,0.482,0.457,0.005289047
0.114,0.613,0.358,0.88,0.017750064
0.028,0.798,0.976,1.0,0.203642954
0.2,0.0,0.828,0.314,0.447443426
0.424,0.115,0.634,0.469,0.231620001
0.115,0.0,0.784,0.797,0.780102648
0.141,0.031,0.731,0.72,0.653828148
0.525,0.655,0.868,0.903,0.123419138
0.033,0.169,0.837,0.293,0.173290741
0.309,0.583,0.967,0.865,0.161998375
0.189,0.223,0.76,0.327,0.12424184
0.276,0.024,0.556,0.327,0.194178433
0.392,0.246,0.956,0.346,0.105348943
0.049,0.492,1.0,1.0,0.383883638
0.141,0.062,0.918,0.216,0.233991725
0.372,0.0,0.497,0.807,0.152191349
0.256,0.0,0.49,0.598,0.174602246
0.184,0.0,0.465,0.457,0.134298431
0.431,0.292,0.765,1.0,0.454143804
0.125,0.0,0.516,0.527,0.219386174
0.347,0.739,0.654,1.0,0.146632083
0.08,0.046,0.354,0.292,0.028994238
0.0,0.0,0.935,0.863,0.846844816
0.034,0.196,0.136,0.759,0.003456039
0.0,0.075,0.865,0.425,0.458092088
0.536,0.074,0.609,0.854,0.174221875
0.556,0.0,0.796,0.642,0.37213345
0.23,0.132,0.526,0.436,0.134126318
0.14,0.0,0.787,0.889,0.856615698
0.235,0.014,0.662,0.436,0.422375097
0.17,0.327,0.546,0.618,0.085406153
0.409,0.628,0.512,1.0,0.042401878
0.237,0.027,0.559,0.089,0.043494799
0.457,0.629,0.56,1.0,0.070957226
0.227,0.0,0.451,0.499,0.117706691
0.01,0.054,0.174,0.988,0.015755268
0.241,0.425,0.623,1.0,0.256097981
0.127,0.191,0.27,0.21,0.000612724
0.215,0.221,0.607,0.886,0.30534137
0.009,0.27,0.65,0.325,0.050186571
0.268,0.455,0.327,0.939,0.010529903
0.0,0.08,0.968,0.559,0.540327911
0.151,0.351,0.718,0.399,0.041852836
0.077,0.223,0.488,0.931,0.147330864
0.077,0.0,0.831,0.226,0.342973983
0.157,0.0,0.486,0.518,0.17130283
0.248,0.705,0.515,0.797,0.010984283
0.053,0.123,0.897,0.427,0.381579038
0.797,0.63,0.952,0.821,0.000829587
0.574,0.0,0.588,0.543,0.029985611
0.101,0.248,1.0,1.0,0.622944104
0.085,0.039,0.8,0.783,0.718138352
0.078,0.009,0.807,0.442,0.557067668
0.212,0.719,0.651,1.0,0.172371655
0.042,0.23,1.0,0.947,0.587777877
0.143,0.0,0.593,0.185,0.169380323
0.434,0.603,0.904,0.776,0.082435475
0.133,0.185,0.743,0.52,0.33110848
0.56,0.49,0.631,0.51,0.003206474
0.325,0.25,0.545,0.5,0.088832933
0.16,0.173,0.659,0.37,0.19449168
0.393,0.0,0.687,0.316,0.340836334
0.307,0.0,0.346,0.33,0.011337115
0.082,0.0,0.776,0.651,0.698766979
0.318,0.601,0.865,0.921,0.201648159
0.27,0.881,0.426,0.974,0.011707159
0.084,0.0,0.674,0.494,0.508227025
0.028,0.0,0.714,0.334,0.446150854
0.228,0.0,0.742,0.532,0.599016888
0.544,0.13,0.689,0.896,0.303117664
0.344,0.0,0.403,0.681,0.045348461
0.135,0.0,0.74,0.528,0.606631188
0.089,0.405,0.556,0.468,0.020393727
0.257,0.389,0.994,0.783,0.242151625
0.289,0.0,1.0,0.105,0.149496052
0.007,0.628,0.865,0.991,0.290303815
0.706,0.003,0.867,0.451,0.049596222
0.0,0.0,0.85,0.652,0.710276208
0.118,0.0,0.844,0.612,0.684681211
0.493,0.012,0.846,0.689,0.503099764
0.258,0.662,0.894,0.666,0.001461243
0.053,0.331,1.0,0.342,0.011820754
0.599,0.13,0.904,0.387,0.124047352
0.312,0.0,0.593,0.46,0.323433939
0.0,0.093,0.747,0.345,0.339438772
0.907,0.577,0.942,0.615,1.721e-06
0.216,0.843,0.949,0.891,0.043090332
0.331,0.836,0.533,0.914,0.019460872
0.565,0.252,0.709,0.255,0.000800328
0.341,0.089,0.531,0.194,0.055033287
0.335,0.0,0.745,0.034,0.046000771
0.132,0.0,0.814,0.78,0.773082139
0.185,0.382,0.673,0.479,0.060205297
0.0,0.025,0.8,0.498,0.577920938
0.15,0.636,0.969,0.791,0.086378595
0.382,0.512,0.794,0.538,0.014269929
0.748,0.332,0.915,0.393,0.002227148
0.34,0.0,0.753,0.572,0.598016908
0.071,0.0,0.708,0.551,0.594335401
0.347,0.319,0.761,0.403,0.077056928
0.651,0.0,0.656,0.53,0.008844912
0.446,0.213,0.851,0.253,0.046126414
0.382,0.0,0.421,0.582,0.032978665
0.222,0.201,0.672,0.215,0.016335291
0.13,0.255,0.753,0.49,0.219654672
0.396,0.909,0.842,0.975,0.06105898
0.187,0.062,0.76,0.702,0.617278129
0.363,0.0,0.715,0.547,0.541193641
0.184,0.288,0.868,1.0,0.560821463
0.543,0.694,0.706,1.0,0.132465422
0.367,0.0,0.38,0.663,0.010581537
0.235,0.522,0.872,0.769,0.13822434
0.324,0.196,0.561,0.627,0.165623085
0.461,0.59,0.576,1.0,0.092784658
0.0,0.0,0.871,0.386,0.530710209
0.145,-0.0,0.601,0.273,0.254891465
0.026,0.0,1.0,0.421,0.562608001
0.0,0.0,0.754,0.274,0.397523631
0.469,0.602,0.683,0.86,0.100188981
0.504,0.201,0.796,0.3,0.088258074
0.407,0.346,0.673,1.0,0.326542309
0.107,0.0,0.774,0.68,0.71037087
0.078,0.2,0.999,0.356,0.198822055
0.208,0.279,0.988,0.893,0.452238508
0.189,0.091,0.444,0.864,0.122205738
0.093,0.0,0.99,0.341,0.484719765
0.059,0.126,0.577,0.157,0.025687938
0.308,0.407,0.617,1.0,0.242165394
0.087,0.08,0.866,0.364,0.391017741
0.118,0.303,0.55,0.706,0.118279829
0.0,0.0,0.666,0.414,0.45236243
0.261,0.195,0.634,0.282,0.082259919
0.141,0.648,0.27,0.666,0.000237517
0.077,0.307,0.984,0.343,0.04029693
0.137,0.482,0.932,1.0,0.386575492
0.182,0.443,0.969,0.879,0.278964978
0.008,0.006,0.232,0.309,0.012306114
0.464,0.24,0.76,1.0,0.475694134
0.369,0.073,0.774,0.243,0.229546033
0.376,0.0,0.501,0.439,0.123212601
0.009,0.007,0.738,0.265,0.368820265
0.01,0.0,0.971,0.817,0.810177759
0.168,0.0,0.883,0.633,0.691839411
0.097,0.0,0.563,0.668,0.349610679
0.117,0.02,1.0,0.23,0.314105389
0.378,0.0,0.578,0.246,0.167951781
0.338,0.104,0.775,0.666,0.515280235
0.098,0.207,0.786,0.537,0.322501084
0.404,0.021,0.804,0.863,0.698429637
0.148,0.036,0.681,0.075,0.053129712
0.278,0.513,0.855,1.0,0.344070346
0.199,0.211,0.487,0.911,0.133852657
0.182,0.439,0.829,0.47,0.02176375
0.514,0.077,0.995,0.986,0.585471557
0.162,0.497,0.665,1.0,0.284085355
0.205,0.0,0.425,0.433,0.086595458
0.24,0.076,0.576,0.158,0.066304999
0.0,0.0,0.66,0.48,0.478561544
0.367,0.026,0.591,0.929,0.411664475
0.302,0.0,0.67,0.449,0.448369397
0.0,0.0,0.849,0.865,0.848001418
0.267,0.0,0.589,0.238,0.201455392
0.183,0.0,0.553,0.308,0.205477684
0.173,0.0,1.0,0.717,0.736582033
0.403,0.221,0.784,0.579,0.286002699
0.0,0.808,0.934,0.898,0.082308111
0.233,0.0,0.886,0.795,0.772514165
0.297,0.0,0.809,0.269,0.379162565
0.419,0.0,0.524,0.36,0.110973612
0.16,0.669,1.0,1.0,0.273120004
0.048,0.0,0.83,0.813,0.802795811
0.256,0.625,0.653,1.0,0.202875328
0.701,0.729,0.732,0.743,0.000514619
0.555,0.0,0.708,0.312,0.198033776
0.159,0.108,0.366,0.913,0.06404687
0.037,0.346,0.84,0.359,0.014151171
0.0,0.0,0.782,0.568,0.656912422
0.301,0.226,0.401,0.268,0.004714188
0.404,0.0,0.679,0.19,0.20873235
0.092,0.59,0.788,1.0,0.315921186
0.063,0.0,0.867,0.529,0.638201965
0.063,0.156,0.643,0.796,0.393940228
0.239,0.137,0.966,0.94,0.696044144
0.0,0.053,0.85,0.714,0.663375283
0.015,0.0,0.616,0.573,0.439245661
0.242,0.0,0.717,0.528,0.5752549
0.649,0.05,0.75,0.587,0.129642761
0.069,0.508,0.988,0.759,0.145193215
0.001,0.686,0.623,0.983,0.161655869
0.381,0.0,0.948,0.751,0.683030643
0.443,0.34,0.509,0.41,0.008404301
0.065,0.341,0.279,0.499,0.004581661
0.094,0.0,0.86,0.391,0.532822042
0.162,0.094,0.663,0.69,0.4571403
0.516,0.566,0.87,0.595,0.013142586
0.535,0.0,0.597,0.314,0.095559128
0.297,0.0,0.826,0.613,0.655716233
0.24,0.475,0.802,0.525,0.036047448
0.14,0.11,0.534,0.285,0.104278397
0.389,0.731,0.671,1.0,0.155318651
0.424,0.374,0.725,0.82,0.228122655
0.084,0.0,0.557,0.578,0.315384192
0.064,0.069,1.0,0.719,0.643719923
0.502,0.0,0.53,0.392,0.038847735
0.353,0.0,0.753,0.259,0.347559087
0.417,0.307,0.81,0.874,0.347330176
0.48,0.035,0.584,0.537,0.175254556
0.314,0.12,0.504,0.808,0.15081272
0.425,0.0,0.796,0.229,0.285815095
0.12,0.513,1.0,0.915,0.270488389
0.333,0.0,0.658,0.326,0.340643567
0.416,0.095,0.729,0.688,0.462434511
0.341,0.0,0.978,0.466,0.552659842
0.043,0.228,0.901,0.277,0.062759461
0.014,0.609,0.45,0.794,0.015667491
0.134,0.167,0.845,0.456,0.32819632
0.34,0.0,0.455,0.716,0.107970231
0.262,0.339,0.884,0.411,0.063824844
0.422,0.069,0.503,0.865,0.106075262
0.009,0.013,0.131,0.662,0.005564429
0.302,0.0,1.0,0.388,0.505514516
0.294,0.091,0.537,0.484,0.17460913
0.156,0.001,0.725,0.422,0.516192437
0.358,0.696,0.539,1.0,0.065236174
0.117,0.271,1.0,0.773,0.372758222
0.277,0.719,0.322,0.827,0.001764163
0.464,0.534,0.819,0.689,0.071938273
0.0,0.18,0.781,0.37,0.237177545
0.084,0.0,0.713,0.442,0.535013046
0.273,0.0,1.0,0.66,0.688772349
0.541,0.0,0.889,0.4,0.309348172
0.143,0.009,0.728,0.429,0.516755248
0.016,0.588,0.611,0.81,0.074325487
0.524,0.881,0.641,1.0,0.046807983
0.116,0.0,0.775,0.83,0.80018485
0.079,0.045,0.808,0.749,0.689536533
0.471,0.0,0.745,0.465,0.421867362
0.354,0.417,0.714,1.0,0.349047868
0.296,0.033,0.811,0.756,0.683932518
0.064,0.686,0.896,1.0,0.270078759
0.0,0.0,0.876,0.446,0.581433774
0.315,0.0,0.317,0.453,0.000509456
0.198,0.359,0.309,0.373,0.000521504
0.32,0.479,0.633,1.0,0.227503046
0.298,0.113,0.594,0.264,0.131864746
0.513,0.0,0.816,0.241,0.231826537
0.156,0.751,0.937,1.0,0.226935072
0.174,0.0,0.644,0.262,0.291474186
0.221,0.386,0.947,0.458,0.057978148
0.008,0.104,0.626,0.646,0.373837373
0.0,0.243,0.696,0.324,0.086924194
0.0,0.847,0.509,1.0,0.055687318
0.37,0.335,0.681,0.843,0.24793808
0.241,0.0,1.0,0.757,0.748068887
0.165,0.0,0.848,0.611,0.679151205
0.358,0.0,0.913,0.328,0.432022058
0.111,0.0,1.0,0.037,0.056133092
0.068,0.395,0.578,0.494,0.036190302
0.142,0.175,0.599,0.319,0.122000923
0.397,0.259,0.427,0.464,0.008185717
0.116,0.209,0.978,0.385,0.207997425
0.345,0.0,0.392,0.548,0.032278163
0.119,0.0,0.818,0.461,0.585046436
0.403,0.772,0.982,1.0,0.184364523
0.397,0.913,0.736,1.0,0.078239348
0.39,0.731,0.957,0.958,0.165908794
0.582,0.272,0.637,0.444,0.027625935
0.429,0.601,0.711,0.8,0.087092866
0.385,0.723,0.574,1.0,0.086588573
0.054,0.493,0.823,0.783,0.169259843
0.019,0.0,0.918,0.336,0.480336034
0.388,0.244,0.474,0.667,0.04248105
0.516,0.499,0.709,0.928,0.177746759
0.318,0.23,0.991,0.298,0.084564518
0.067,0.375,0.819,1.0,0.478656207
0.325,0.18,0.39,0.765,0.028693039
0.04,0.911,0.928,0.933,0.025319615
0.364,0.0,0.677,0.385,0.396855831
0.421,0.05,0.843,0.827,0.627389796
0.189,0.68,0.742,1.0,0.249891569
0.266,0.124,0.406,0.703,0.05658575
0.117,0.099,0.851,0.424,0.412418332
0.087,0.021,1.0,0.229,0.315249943
0.101,0.273,0.286,0.594,0.00975195
0.0,0.002,0.849,0.17,0.253934514
0.04,0.036,0.814,0.615,0.636818172
0.055,0.0,1.0,0.249,0.373321033
0.168,0.254,0.875,0.724,0.361524375
0.434,0.0,0.622,0.353,0.251366581
0.396,0.702,0.606,0.724,0.005640159
0.405,0.596,0.703,0.815,0.095584945
0.499,0.0,0.538,0.609,0.069043324
0.322,0.0,0.327,0.447,0.00166778
0.122,0.768,0.679,1.0,0.178905083
0.0,0.224,0.877,0.331,0.136109065
0.37,0.657,0.7,1.0,0.210396687
0.175,0.761,1.0,1.0,0.221689053
0.055,0.311,0.668,0.954,0.382692612
0.276,0.187,0.842,0.502,0.320394415
0.514,0.223,0.603,0.532,0.082829615
0.486,0.962,0.939,0.971,0.006949943
0.122,0.0,0.981,0.603,0.681705369
0.576,0.0,0.623,0.728,0.106455633
0.402,0.0,0.521,0.526,0.145265502
0.408,0.404,0.663,0.778,0.145539163
0.356,0.061,0.789,0.723,0.600641639
0.324,0.039,0.974,0.773,0.677242467
0.283,0.0,0.854,0.485,0.581495735
0.029,0.204,0.909,0.446,0.267681218
0.505,0.353,0.946,0.575,0.11969116
0.306,0.703,0.86,1.0,0.233012399
0.292,0.191,0.844,0.603,0.376033541
0.126,0.114,0.828,0.153,0.060957433
0.055,0.178,0.116,0.542,0.001679828
0.229,0.276,0.844,0.28,0.00315484
0.431,0.0,0.666,0.514,0.393577069
0.487,0.39,0.63,0.844,0.12084432
0.269,0.293,0.615,0.351,0.040090394
0.772,0.709,0.886,0.843,0.0018812
0.236,0.0,0.713,0.454,0.527441774
0.196,0.523,0.69,1.0,0.293703056
0.103,0.286,0.628,0.889,0.291505167
0.406,0.174,0.821,0.509,0.309492747
0.149,0.114,0.686,0.809,0.524603623
0.359,0.008,0.97,0.364,0.45237792
0.44,0.664,0.513,1.0,0.032269557
0.193,0.0,0.657,0.744,0.57176616
0.397,0.625,0.429,1.0,0.007705521
0.354,0.521,0.786,1.0,0.319557944
0.571,0.625,0.774,0.642,0.005633274
0.529,0.261,0.731,0.85,0.264736357
0.241,0.663,0.851,1.0,0.264615877
0.385,0.907,0.718,1.0,0.08104824
0.056,0.0,0.579,0.361,0.284620627
0.356,0.0,0.464,0.395,0.084907024
0.198,0.0,0.523,0.828,0.27097547
0.128,0.786,0.812,0.803,0.013116769
0.089,0.76,0.295,0.96,0.017755227
0.139,0.201,1.0,0.516,0.31829291
0.003,0.062,0.629,0.376,0.307152004
0.001,0.061,0.68,0.6,0.498808975
0.355,0.069,0.443,0.374,0.049716701
0.379,0.0,0.931,0.451,0.520872202
0.254,0.0,0.686,0.661,0.588629839
0.114,0.099,0.418,0.464,0.067769685
0.076,0.433,0.431,0.913,0.051468816
0.269,0.071,0.646,0.373,0.29675807
0.106,0.052,0.82,0.809,0.719153821
0.438,0.109,0.489,0.352,0.034720453
0.514,0.552,0.655,1.0,0.149780039
0.393,0.381,0.651,1.0,0.275651794
0.231,0.312,0.672,0.946,0.361436597
0.307,0.04,0.852,0.232,0.277119922
0.163,0.353,0.617,0.685,0.137241572
0.393,0.0,0.694,0.278,0.316786917
0.357,0.0,0.736,0.59,0.587430208
0.01,0.796,0.229,0.857,0.002860526
0.128,0.0,0.502,0.65,0.216400006
0.416,0.0,0.619,0.491,0.317213758
0.441,0.769,0.843,0.801,0.018898061
0.249,0.85,0.739,1.0,0.144799075
0.271,0.0,0.357,0.468,0.028059661
0.182,0.02,0.59,0.545,0.351794799
0.449,0.0,0.748,0.117,0.134544553
0.224,0.266,0.465,0.32,0.014323284
0.549,0.612,0.77,0.849,0.08829766
0.244,0.033,0.408,0.267,0.041018086
0.258,0.091,0.784,0.892,0.704827095
0.128,0.812,0.935,0.816,0.002163467
0.155,0.0,0.774,0.377,0.509973976
0.0,0.0,0.821,0.492,0.61288235
0.478,0.202,0.955,0.253,0.053575486
0.121,0.0,1.0,0.211,0.319463281
0.149,0.0,0.503,0.507,0.194094098
0.479,0.0,0.607,0.477,0.222902453
0.315,0.346,0.935,0.826,0.305630521
0.597,0.64,0.793,0.927,0.092004984
0.472,0.133,0.517,0.821,0.05658575
0.104,0.775,0.172,0.78,6.7124e-05
0.251,0.314,0.82,0.888,0.396515046
0.327,0.232,0.457,0.973,0.079476844
0.251,0.014,0.794,0.797,0.738292841
0.404,0.052,0.785,0.698,0.56184726
0.287,0.191,0.585,0.485,0.165602432
0.138,0.851,0.703,0.869,0.012762215
0.314,0.165,0.451,0.441,0.051499797
0.274,0.055,0.965,0.665,0.61441416
0.33,0.067,0.39,0.666,0.03642954
0.0,0.0,0.795,0.792,0.786190302
0.373,0.493,0.711,0.619,0.060503053
0.336,0.5,0.555,0.969,0.109512368
0.22,0.574,0.97,0.914,0.225315484
0.159,0.453,0.9,0.519,0.044302011
0.424,0.099,0.535,0.91,0.163043104
0.052,0.0,0.605,0.586,0.421640173
0.664,0.359,0.923,0.55,0.036772046
0.382,0.19,0.639,0.972,0.389978176
0.12,0.104,1.0,0.396,0.380300235
0.495,0.0,0.702,0.415,0.332111901
0.175,0.0,0.905,0.392,0.530013149
0.161,0.099,0.958,0.296,0.283458861
0.004,0.0,0.673,0.248,0.313003862
0.364,0.007,0.695,0.27,0.312410071
0.205,0.513,0.64,1.0,0.243015635
0.302,0.196,0.451,0.723,0.067007222
0.156,0.545,0.688,0.752,0.095868932
0.658,0.188,0.695,0.912,0.066096742
0.369,0.559,0.8,1.0,0.295064474
0.515,0.151,0.663,0.503,0.173600545
0.269,0.463,0.72,1.0,0.344750194
0.402,0.0,0.456,0.317,0.042074862
0.192,0.033,0.657,0.046,0.014898143
0.065,0.0,1.0,0.748,0.76199631
0.349,0.662,0.353,0.77,9.122e-05
0.399,0.0,0.525,0.389,0.132732198
0.033,0.321,0.123,0.777,0.001710808
0.315,0.0,0.766,0.343,0.450758332
0.25,0.32,0.42,0.518,0.020822289
0.041,0.007,0.759,0.764,0.738456349
0.229,0.0,0.831,0.79,0.768120108
0.242,0.8,0.461,1.0,0.034300496
0.06,0.517,0.644,1.0,0.256538591
0.061,0.0,1.0,0.547,0.649731847
0.406,0.397,0.757,0.926,0.309515122
0.042,0.69,0.76,0.787,0.055215727
0.491,0.108,0.593,0.286,0.081779722
0.383,0.0,0.74,0.544,0.546320902
0.488,0.056,0.662,1.0,0.460718539
0.167,0.0,0.863,0.454,0.579180809
0.003,0.162,0.631,0.189,0.031586267
0.104,0.0,0.526,0.491,0.230275795
0.117,0.0,0.933,0.376,0.521450504
0.249,0.804,0.861,1.0,0.184336984
0.0,0.0,0.68,0.306,0.383468844
0.455,0.019,0.499,0.503,0.053458448
0.0,0.853,0.823,1.0,0.159683449
0.078,0.049,0.579,0.079,0.026028722
0.416,0.501,0.439,0.782,0.003831246
0.368,0.278,0.923,0.767,0.327464837
0.577,0.0,0.673,0.523,0.177958459
0.307,0.0,0.753,0.218,0.306566818
0.27,0.228,0.555,0.317,0.049573847
0.407,0.179,0.441,0.283,0.008149574
0.236,0.684,0.916,1.0,0.254745169
0.66,0.67,0.876,0.674,0.000270218
0.052,0.0,0.608,0.652,0.449615498
0.371,0.054,0.516,0.741,0.162292689
0.417,0.0,0.64,0.547,0.371040529
0.202,0.0,0.529,0.577,0.243883087
0.041,0.013,0.101,0.877,0.00353349
0.185,0.093,0.459,0.357,0.079857215
0.782,0.007,0.81,0.734,0.005325191
0.295,0.125,1.0,0.248,0.1799326
0.088,0.35,0.884,1.0,0.502433685
0.373,0.35,0.864,0.417,0.058356798
0.562,0.0,0.761,0.809,0.398139797
0.313,0.148,0.976,0.586,0.424042877
0.504,0.429,0.563,1.0,0.072416749
0.389,0.065,0.476,0.486,0.073535486
0.339,0.894,0.732,0.983,0.083674692
0.195,0.004,0.737,0.347,0.451348681
0.355,0.034,0.705,0.039,0.006796762
0.134,0.034,0.877,0.336,0.423765774
0.582,0.168,0.857,0.881,0.284567272
0.356,0.228,0.64,0.678,0.233638892
0.386,0.339,0.756,1.0,0.428557414
0.0,0.0,0.905,0.821,0.811718174
0.071,0.003,0.087,0.434,0.00077279
0.241,0.0,0.688,0.163,0.211045555
0.218,0.315,0.802,0.951,0.468372426
0.365,0.587,0.696,0.701,0.047787309
0.005,0.284,0.711,0.999,0.517791371
0.49,0.0,0.754,0.426,0.38274941
0.249,0.191,1.0,0.487,0.309045252
0.248,0.668,0.583,1.0,0.128209056
0.0,0.068,0.739,0.343,0.371300421
0.068,0.527,0.941,0.988,0.348204512
0.269,0.014,0.741,0.313,0.396759447
0.143,0.818,0.323,0.896,0.007380226
0.196,0.797,0.673,0.986,0.144057266
0.536,0.366,0.599,0.993,0.100498785
0.345,0.0,0.762,0.457,0.531202454
0.081,0.0,0.763,0.794,0.770827453
0.325,0.0,0.403,0.449,0.045518853
0.345,0.198,0.831,0.427,0.242406353
0.489,0.391,0.599,0.676,0.059497911
0.113,0.206,0.767,0.582,0.345090979
0.201,0.768,0.775,1.0,0.209499976
0.047,0.0,0.823,0.446,0.578877889
0.24,0.0,0.496,0.604,0.187395441
0.022,0.459,0.039,0.74,1.549e-05
0.341,0.088,0.718,0.506,0.424476603
0.184,0.138,0.707,0.251,0.154339325
0.54,0.332,0.596,0.463,0.020445361
0.446,0.5,0.663,1.0,0.215914645
0.0,0.055,0.843,0.178,0.195238653
0.223,0.154,0.69,0.641,0.391556457
0.155,0.0,0.553,0.202,0.142831818
0.463,0.321,0.608,0.48,0.053682196
0.004,0.485,0.86,1.0,0.389153752
0.175,0.0,0.988,0.162,0.245796989
0.432,0.665,0.848,0.734,0.032539775
0.463,0.0,0.568,0.624,0.190348908
0.276,0.0,0.522,0.489,0.201045762
0.098,0.487,0.295,0.87,0.013917096
0.014,0.101,0.827,0.816,0.652502874
0.0,0.125,0.75,0.252,0.189934115
0.223,0.141,0.661,0.504,0.312435888
0.056,0.222,0.835,0.323,0.128937096
0.384,0.0,0.658,0.302,0.299181428
0.421,0.0,0.483,0.338,0.057312069
0.718,0.046,0.823,0.354,0.025951271
0.004,0.82,0.155,0.89,0.001495666
0.179,0.239,0.866,1.0,0.622212622
0.068,0.189,0.911,0.434,0.279267898
0.251,0.155,0.644,1.0,0.515992785
0.499,0.021,0.657,0.346,0.214202116
0.151,0.333,0.485,0.667,0.057232897
0.151,0.0,1.0,0.315,0.45334864
0.111,0.112,1.0,0.183,0.108624262
0.323,0.853,0.424,1.0,0.012485112
0.495,0.116,0.811,0.373,0.23389362
0.36,0.0,0.812,0.626,0.634802724
0.09,0.0,1.0,0.275,0.410607698
0.472,0.028,0.579,0.372,0.142797395
0.094,0.422,0.957,0.679,0.163247919
0.496,0.332,0.504,0.363,0.000633378
0.541,0.02,0.618,0.164,0.054267382
0.304,0.0,0.677,0.856,0.64603485
0.062,0.267,0.564,0.59,0.129339842
0.0,0.081,0.677,0.441,0.382448211
0.279,0.62,1.0,1.0,0.280668902
0.0,0.0,0.755,0.42,0.546916415
0.355,0.622,0.812,1.0,0.266132197
0.278,0.054,0.471,0.613,0.128437967
0.184,0.171,1.0,0.94,0.656065623
0.349,0.499,0.66,0.545,0.020488389
0.287,0.081,0.726,0.431,0.402681872
0.22,0.232,0.879,0.577,0.31107447
0.064,0.476,0.862,1.0,0.39447378
0.484,0.06,0.589,0.239,0.085700467
0.384,0.099,0.932,0.229,0.17773299
0.457,0.0,0.68,0.557,0.404946886
0.207,0.0,1.0,0.677,0.711494771
0.319,0.0,0.954,0.268,0.378167749
0.176,0.441,0.925,0.829,0.237224016
0.124,0.287,0.904,0.552,0.227814572
0.0,0.0,0.914,0.726,0.751287409
0.893,0.176,0.908,0.893,6.5403e-05
0.368,0.0,0.948,0.252,0.344142634
0.369,0.068,0.572,0.182,0.079237606
0.461,0.142,0.714,0.236,0.094252787
0.198,0.249,0.926,0.795,0.413883018
0.278,0.168,0.353,0.738,0.020347256
0.419,0.177,0.455,0.317,0.012168423
0.077,0.175,1.0,0.403,0.280429664
0.448,0.597,0.654,0.942,0.137606452
0.787,0.007,0.911,0.281,0.004225386
0.03,0.0,0.613,0.501,0.407389176
0.298,0.866,0.543,1.0,0.048288159
0.643,0.0,0.7,0.684,0.116269543
0.039,0.352,0.224,0.872,0.009347483
0.159,0.0,1.0,0.431,0.564119158
0.383,0.0,0.94,0.337,0.426734732
0.0,0.113,0.792,0.482,0.432801732
0.349,0.0,0.573,0.531,0.289973357
0.637,0.0,0.672,0.655,0.071724852
0.023,0.171,0.968,0.457,0.327106841
0.293,0.305,0.916,0.607,0.232081265
0.304,0.075,0.752,0.092,0.02867927
0.259,0.011,0.886,0.916,0.847939457
0.543,0.235,0.783,0.482,0.143065892
0.225,0.904,0.701,1.0,0.090698643
0.043,0.53,0.945,1.0,0.359145766
0.0,0.0,0.773,0.72,0.735666389
0.0,0.0,0.954,0.508,0.625914783
0.085,0.247,0.576,0.319,0.049439598
0.406,0.0,0.435,0.489,0.027643147
0.219,0.788,1.0,0.835,0.032574198
0.04,0.04,0.609,0.083,0.041028412
0.602,0.23,0.751,0.87,0.189472851
0.63,0.282,0.63,0.961,0.0
0.034,0.024,0.34,0.524,0.04196471
0.236,0.37,0.62,0.758,0.150034767
0.258,0.0,0.573,0.369,0.260955023
0.584,0.58,0.777,0.649,0.017510826
0.24,0.632,0.518,1.0,0.07604318
0.248,0.048,0.358,0.326,0.022496954
0.279,0.462,1.0,1.0,0.378992172
0.126,0.0,0.62,0.606,0.453357246
0.312,0.041,0.447,0.209,0.04270824
0.016,0.224,0.735,1.0,0.617897737
0.249,0.111,0.913,0.267,0.228348124
0.0,0.498,0.849,1.0,0.380327773
0.484,0.0,0.495,0.648,0.016545269
0.281,0.0,0.796,0.764,0.735941771
0.188,0.26,0.788,0.882,0.462921592
0.011,0.068,0.827,0.332,0.374026698
0.086,0.287,0.718,0.48,0.165690209
0.24,0.0,0.411,0.496,0.073797099
0.41,0.505,0.884,0.608,0.055176141
0.297,0.0,1.0,0.324,0.443593248
0.539,0.043,0.839,0.501,0.322881455
0.227,0.0,0.593,0.713,0.419354506
0.114,0.649,0.547,0.675,0.00520127
0.18,0.0,1.0,0.461,0.582834778
0.006,0.74,0.261,0.796,0.002116996
0.0,0.302,0.833,0.414,0.113882329
0.092,0.317,0.606,0.91,0.251008585
0.548,0.0,0.571,0.476,0.04734842
0.597,0.0,0.752,0.626,0.254943099
0.148,0.045,0.785,0.183,0.207019821
0.314,0.744,0.779,1.0,0.208876925
0.25,0.398,1.0,1.0,0.434257812
0.463,0.311,0.497,0.35,0.002950025
0.368,0.0,0.528,0.734,0.207212588
0.559,0.096,0.578,0.121,0.002445733
0.234,0.567,0.371,0.912,0.017583114
0.525,0.0,0.696,0.343,0.24798283
0.321,0.289,0.897,1.0,0.524741313
0.017,0.034,0.924,0.616,0.63993859
0.543,0.0,0.82,0.506,0.35417685
0.516,0.418,0.532,0.964,0.016300868
0.123,0.174,0.926,0.333,0.208577448
0.419,0.315,0.651,0.974,0.289431199
0.356,0.058,0.567,0.737,0.28116631
0.363,0.689,0.567,0.897,0.047190075
0.233,0.069,0.699,0.282,0.278374629
0.24,0.7,0.624,1.0,0.154411613
0.016,0.254,0.636,0.258,0.002382051
0.407,0.117,0.807,0.2,0.111567403
0.487,0.349,0.625,0.988,0.19347621
0.174,0.264,0.369,0.948,0.049990362
0.224,0.337,0.928,1.0,0.497932917
0.446,0.036,0.857,0.202,0.202026808
0.296,0.878,0.531,1.0,0.039591265
0.004,0.0,0.63,0.548,0.45510764
0.375,0.1,0.898,0.554,0.455329666
0.029,0.035,0.885,0.415,0.505469767
0.36,0.0,0.603,0.431,0.310019414
0.443,0.0,0.505,0.677,0.088175459
0.349,0.19,0.416,0.415,0.020228498
0.253,0.056,0.304,0.554,0.010485153
0.201,0.0,0.831,0.383,0.516195879
0.298,0.568,0.834,1.0,0.305183025
0.109,0.0,0.765,0.588,0.657864209
0.553,0.014,0.606,0.591,0.111598384
0.035,0.491,0.331,0.734,0.007762318
0.346,0.102,0.601,0.264,0.139819832
0.304,0.0,0.606,0.685,0.42037686
0.0,0.0,0.91,0.422,0.562377369
0.313,0.0,0.368,0.556,0.028190468
0.226,0.289,0.591,0.373,0.049976593
0.272,0.178,0.699,0.311,0.150005508
0.041,0.0,0.85,0.553,0.65446841
0.259,0.005,0.941,0.587,0.64326038
0.147,0.179,0.69,0.589,0.339369927
0.244,0.0,0.961,0.452,0.567998596
0.0,0.0,0.839,0.547,0.648921193
0.271,0.641,0.515,0.766,0.013199383
0.095,0.488,0.985,1.0,0.386059152
0.433,0.572,0.557,0.844,0.040945798
0.454,0.027,0.588,0.223,0.110558818
0.185,0.274,0.315,0.764,0.014846509
0.554,0.824,0.992,0.967,0.08300517
0.0,0.0,0.969,0.358,0.503962052
0.275,0.06,0.402,0.49,0.05054973
0.0,0.513,0.802,1.0,0.368006169
0.387,0.0,0.474,0.107,0.022689721
0.111,0.0,0.643,0.546,0.47446008
0.221,0.368,0.314,0.424,0.00153181
0.364,0.035,0.719,0.053,0.024355779
0.0,0.542,0.935,1.0,0.350588284
0.116,0.0,0.981,0.034,0.051804438
0.0,0.0,0.863,0.721,0.747449278
0.035,0.0,0.697,0.409,0.493874481
0.047,0.482,0.269,0.53,0.000524946
0.064,0.285,0.875,0.375,0.10287223
0.146,0.697,0.917,1.0,0.259696874
0.295,0.0,0.799,0.298,0.413803846
0.412,0.0,0.622,0.252,0.207121368
0.367,0.465,0.7,0.897,0.213747737
0.021,0.025,0.852,0.213,0.28874963
0.0,0.408,0.8,0.906,0.340552347
0.137,0.0,0.919,0.697,0.727855879
0.162,0.362,0.973,0.377,0.015903286
0.436,0.561,0.807,0.767,0.099720832
0.149,0.125,0.571,0.608,0.254325212
0.208,0.231,0.98,0.27,0.051076398
0.319,0.003,0.789,0.076,0.095232112
0.141,0.0,1.0,0.614,0.685799949
0.382,0.0,0.57,0.459,0.244361562
0.409,0.104,0.451,0.607,0.035744529
0.288,0.466,0.567,1.0,0.158079351
0.0,0.729,0.74,1.0,0.233015841
0.394,0.0,0.663,0.717,0.49443385
0.055,0.0,0.878,0.539,0.645737093
0.222,0.341,0.851,0.976,0.470379269
0.388,0.613,0.686,0.704,0.036364137
0.195,0.105,0.407,0.13,0.005085953
0.206,0.021,0.465,0.357,0.10757437
0.506,0.464,0.794,0.678,0.095614204
0.041,0.473,0.904,0.615,0.090134111
0.241,0.212,1.0,0.432,0.238323821
0.5,0.852,0.746,1.0,0.104240532
0.091,0.0,1.0,0.772,0.775474517
0.585,0.726,0.589,1.0,0.003175494
0.016,0.0,0.896,0.761,0.7707173
0.156,0.025,0.671,0.136,0.138799199
0.666,0.582,0.843,0.823,0.034553503
0.17,0.0,0.745,0.263,0.375143715
0.15,0.553,0.968,0.62,0.038398518
0.0,0.0,0.928,0.542,0.648860953
0.217,0.0,0.706,0.321,0.41377975
0.465,0.161,0.875,0.539,0.307158888
0.066,0.012,0.969,0.621,0.671841545
0.442,0.547,0.58,0.615,0.013397314
0.284,0.467,0.845,0.739,0.155661157
0.085,0.178,0.775,0.533,0.358292083
0.526,0.102,0.942,0.79,0.410695476
0.48,0.578,0.57,0.647,0.009980861
0.481,0.424,0.81,0.621,0.100149395
0.3,0.0,0.498,0.717,0.18634727
0.271,0.0,0.875,0.214,0.31573014
0.227,0.176,0.561,1.0,0.313330878
0.326,0.463,0.389,0.481,0.000721156
0.516,0.042,0.566,0.135,0.0212629
0.263,0.0,0.691,0.748,0.634398257
0.61,0.029,0.797,0.93,0.319012344
0.376,0.491,0.684,0.882,0.176295842
0.0,0.013,0.885,0.737,0.735241269
0.215,0.053,0.494,0.136,0.035992372
0.171,0.0,1.0,0.111,0.163967354
0.192,0.0,0.905,0.866,0.833394147
0.0,0.441,0.919,1.0,0.421235706
0.195,0.0,0.514,0.43,0.190803288
0.24,0.0,0.468,0.817,0.165445808
0.028,0.075,0.753,0.369,0.393091709
0.331,0.154,0.605,0.285,0.110505463
0.426,0.581,0.783,0.825,0.119174819
0.0,0.0,0.948,0.271,0.405148259
0.424,0.264,0.656,1.0,0.347612442
0.233,0.0,0.503,0.483,0.179848265
0.097,0.113,0.945,0.864,0.67557985
0.41,0.05,0.926,0.411,0.408609461
0.227,0.164,0.444,0.663,0.078845187
0.0,0.037,0.9,0.613,0.63414525
0.315,0.633,0.933,1.0,0.267739737
0.118,0.035,0.636,0.182,0.165459577
0.399,0.18,0.481,0.471,0.044536085
0.348,0.697,0.732,1.0,0.214863032
0.0,0.103,0.864,0.247,0.21299388
0.351,0.487,0.735,0.947,0.269266383
0.189,0.557,0.779,1.0,0.326530261
0.486,0.294,0.854,0.618,0.193878956
0.339,0.268,0.489,0.52,0.04700075
0.003,0.103,0.934,0.597,0.523622576
0.374,0.207,0.84,0.477,0.25588456
0.142,0.126,0.752,0.447,0.369044013
0.295,0.0,0.507,0.439,0.165333935
0.078,0.0,0.937,0.86,0.842166771
0.396,0.0,0.928,0.597,0.593932655
0.579,0.144,0.705,1.0,0.281646506
0.315,0.0,1.0,0.636,0.66514461
0.287,0.618,0.653,0.854,0.092884484
0.156,0.0,0.847,0.63,0.690779192
0.0,0.141,0.801,0.687,0.511929186
0.215,0.109,0.96,0.521,0.458938886
0.401,0.2,0.886,0.273,0.090483501
0.458,0.433,0.511,1.0,0.037414029
0.218,0.415,0.862,0.935,0.354882515
0.199,0.0,0.67,0.813,0.632396577
0.922,0.014,0.971,0.226,0.000104989
0.0,0.044,0.895,0.606,0.623207438
0.424,0.456,0.512,0.538,0.007755434
0.374,0.245,0.595,0.643,0.158306541
0.125,0.0,0.791,0.252,0.374660076
0.117,0.401,0.321,0.52,0.00335105
0.0,0.047,0.943,1.0,0.931168375
0.0,0.0,0.801,0.61,0.68490668
0.24,0.0,0.92,0.608,0.668519755
0.391,0.028,0.514,0.272,0.085762428
0.397,0.0,0.801,0.835,0.712277888
0.556,0.147,0.797,0.491,0.201389989
0.521,0.871,0.575,1.0,0.024142359
0.353,0.644,0.789,0.679,0.017466076
0.226,0.0,0.413,0.39,0.068962431
-0.0,0.427,0.985,0.495,0.049408618
0.175,0.064,1.0,0.419,0.455660124
0.517,0.0,0.567,0.235,0.056255292
0.3,0.0,0.921,0.529,0.608114807
0.583,0.634,0.863,0.746,0.029298879
0.429,0.098,0.786,0.863,0.57486076
0.673,0.627,0.958,0.842,0.02914914
0.455,0.0,0.92,0.333,0.368233358
0.188,0.385,0.951,0.453,0.056374051
0.163,0.027,0.765,0.261,0.338187507
0.109,0.0,0.65,0.376,0.399823067
0.109,0.633,0.604,0.966,0.14885579
0.391,0.081,0.422,0.524,0.020849828
0.501,0.742,0.514,1.0,0.006373362
0.322,0.07,1.0,0.491,0.478912656
0.4,0.738,0.606,0.934,0.070323849
0.205,0.211,0.993,0.477,0.277252449
0.201,0.529,0.869,1.0,0.347442049
0.247,0.3,0.645,0.389,0.067931471
0.042,0.0,0.852,0.421,0.56084728
0.278,0.468,1.0,1.0,0.375544739
0.288,0.06,0.959,0.402,0.436278425
0.0,0.712,0.777,1.0,0.251282245
0.238,0.898,0.561,1.0,0.048780404
0.153,0.328,0.827,0.338,0.008798441
0.451,0.0,0.567,0.658,0.21014368
0.715,0.227,0.748,0.28,0.00295691
0.166,0.277,0.527,0.485,0.069986506
0.254,0.263,0.489,0.852,0.093478276
0.454,0.312,0.593,0.604,0.080139481
0.039,0.339,0.147,0.422,0.000581744
0.141,0.028,0.723,0.527,0.551026485
0.056,0.303,0.872,0.45,0.14016578
0.475,0.054,0.675,0.696,0.372932056
0.224,0.874,0.795,1.0,0.134097058
0.337,0.178,0.505,0.902,0.13186991
0.0,0.257,0.855,0.437,0.187944483
0.301,0.207,0.882,0.487,0.279033824
0.823,0.377,0.846,0.507,5.5076e-05
0.202,0.0,0.801,0.051,0.07537538
0.222,0.988,1.0,0.99,0.003316627
0.24,0.371,0.639,0.503,0.070313522
0.303,0.0,0.451,0.414,0.092798428
0.054,0.293,0.114,0.637,0.000846798
0.159,0.707,0.821,1.0,0.251612703
0.078,0.087,0.78,0.564,0.523090745
0.166,0.0,0.984,0.609,0.680576305
0.097,0.095,0.793,0.449,0.432486764
0.152,0.114,0.928,0.592,0.499537015
0.251,0.502,0.768,1.0,0.346967016
0.125,0.0,0.807,0.373,0.510839707
0.247,0.041,0.78,0.797,0.702432996
0.093,0.457,1.0,0.865,0.258419792
0.38,0.0,0.528,0.65,0.189586446
0.286,0.119,0.569,0.68,0.25567286
0.256,0.0,0.724,0.51,0.568454696
0.127,0.0,0.875,0.764,0.767777602
0.524,0.597,0.969,0.867,0.120854647
0.301,0.0,0.888,0.754,0.729738801
0.422,0.0,0.532,0.605,0.156103488
0.291,0.816,0.822,1.0,0.171791633
0.185,0.719,0.333,0.842,0.006471467
0.0,0.0,0.879,0.528,0.63960469
0.073,0.262,0.215,0.656,0.004877696
0.19,0.0,0.454,0.527,0.129677184
0.519,0.49,0.903,0.69,0.084561076
0.251,0.0,1.0,0.175,0.257378505
0.004,0.52,0.266,0.666,0.001783096
0.118,0.715,0.984,0.969,0.215701225
0.295,0.0,0.437,0.528,0.09055751
0.0,0.0,0.747,0.436,0.553814723
0.22,0.0,0.82,0.69,0.71272194
0.804,0.455,0.884,0.498,3.6144e-05
0.195,0.174,1.0,0.349,0.22406594
0.629,0.0,0.658,0.552,0.053797512
0.125,0.056,0.198,0.243,0.002932814
0.404,0.823,0.597,1.0,0.077137822
0.447,0.0,0.611,0.722,0.328963946
0.0,0.0,0.829,0.549,0.65020688
0.327,0.35,0.744,0.372,0.019781003
0.283,0.0,0.8,0.305,0.422270108
0.278,0.065,0.599,0.479,0.293164341
0.351,0.611,0.353,1.0,0.000426841
0.334,0.0,0.513,0.543,0.179634844
0.479,0.0,0.589,0.385,0.169600628
0.291,0.871,0.699,0.892,0.018371393
0.496,0.551,0.714,0.977,0.204417465
0.035,0.167,0.822,0.96,0.692684488
0.344,0.0,0.805,0.594,0.626078291
0.358,0.047,0.84,0.453,0.473386092
0.129,0.168,1.0,0.582,0.411874454
0.299,0.003,0.926,0.336,0.444746408
0.391,0.0,0.759,0.34,0.412988028
0.586,0.057,0.737,0.216,0.090877641
0.449,0.094,0.484,0.134,0.004617805
0.101,0.263,0.995,0.33,0.079669611
0.393,0.086,0.746,0.164,0.106940993
0.595,0.0,0.715,0.612,0.224391235
0.117,0.626,0.554,1.0,0.123978506
0.01,0.319,0.522,0.486,0.051241627
0.0,0.0,0.672,0.615,0.563725018
0.338,0.0,0.859,0.304,0.413285784
0.0,0.093,0.904,0.257,0.247227252
0.441,0.638,0.969,0.664,0.01269337
0.137,0.257,0.743,0.471,0.201161078
0.02,0.0,0.892,0.58,0.67137856
0.341,0.025,0.745,0.325,0.387324186
0.3,0.0,0.909,0.14,0.203131777
0.046,0.282,0.072,0.401,0.000204815
0.0,0.0,0.825,0.539,0.644771537
0.135,0.0,0.96,0.426,0.562327456
0.11,0.452,0.77,1.0,0.401175879
0.357,0.016,0.967,0.534,0.565389355
0.594,0.0,0.638,0.54,0.080461333
0.012,0.0,0.736,0.556,0.626038705
0.498,0.089,0.528,0.997,0.061189786
0.139,0.647,0.893,0.976,0.260645219
0.363,0.0,0.924,0.498,0.561310266
0.0,0.0,0.963,0.329,0.474730298
0.257,0.434,0.624,1.0,0.249130827
0.396,0.0,0.77,0.454,0.500280545
0.12,0.078,0.442,0.611,0.106892801
0.256,0.509,0.414,1.0,0.036653288
0.111,0.0,0.677,0.12,0.153630218
0.071,0.0,1.0,0.311,0.451372777
0.75,0.222,0.816,0.568,0.012889579
0.432,0.664,0.468,0.711,0.00071255
0.0,0.0,0.969,0.441,0.578199762
0.296,0.0,0.954,0.423,0.536310782
0.401,0.0,0.494,0.698,0.116078498
0.031,0.0,0.716,0.276,0.385048846
0.097,0.0,1.0,0.747,0.759006699
0.066,0.0,0.892,0.496,0.615541503
0.221,0.0,0.607,0.471,0.369830571
0.519,0.207,0.709,0.7,0.236222316
0.359,0.302,0.586,0.471,0.071711083
0.163,0.175,0.701,0.53,0.326600828
0.155,0.058,0.687,0.58,0.496779757
0.211,0.291,0.973,0.694,0.299207245
0.442,0.236,0.866,1.0,0.521934142
0.187,0.864,0.907,1.0,0.144403214
0.156,0.331,0.928,0.781,0.304640868
0.314,0.176,0.802,0.93,0.598092638
0.122,0.258,0.236,0.604,0.00521676
0.344,0.058,0.537,0.592,0.198892622
0.299,0.0,0.876,0.537,0.61294259
0.331,0.0,0.53,0.468,0.196049307
0.244,0.104,0.852,0.373,0.349708784
0.317,0.442,0.668,0.481,0.019829195
0.0,0.022,0.981,0.372,0.484559699
0.315,0.012,0.96,0.443,0.526584649
0.021,0.0,0.97,0.402,0.546410401
0.13,0.359,0.83,0.866,0.339764067
0.215,0.0,0.846,0.729,0.735602707
0.333,0.0,0.564,0.646,0.305107296
0.181,0.42,0.909,1.0,0.426886192
0.174,0.716,0.92,0.845,0.084533538
0.145,0.384,0.782,0.478,0.073361652
0.201,0.429,0.725,0.432,0.001839893
0.142,0.473,1.0,0.954,0.341094504
0.418,0.723,0.958,0.815,0.050157312
0.318,0.116,0.636,0.725,0.375296896
0.327,0.493,0.652,1.0,0.241693803
0.146,0.0,0.707,0.403,0.495597337
0.172,0.0,0.883,0.441,0.568871211
0.639,0.301,0.715,0.449,0.029887507
0.065,0.193,0.595,0.402,0.151781719
0.123,0.0,0.88,0.101,0.151977928
0.0,0.0,0.645,0.506,0.465523948
0.405,0.315,0.436,0.323,0.000380371
0.397,0.0,0.55,0.539,0.206735833
0.285,0.637,0.67,0.741,0.040713445
0.271,0.0,0.392,0.496,0.052857772
0.026,0.0,0.939,0.81,0.803609908
0.365,0.406,0.91,0.614,0.130252043
0.091,0.0,0.54,0.618,0.283763502
0.568,0.564,0.8,1.0,0.175359545
0.286,0.419,0.812,1.0,0.408762642
0.164,0.0,0.728,0.674,0.671015401
0.1,0.042,0.975,0.575,0.600798262
0.017,0.0,0.664,0.205,0.254717631
0.311,0.409,0.798,1.0,0.408695517
0.519,0.0,0.531,0.59,0.022071833
0.202,0.0,0.876,0.325,0.461073093
0.316,0.318,0.804,1.0,0.49346313
0.363,0.652,0.562,1.0,0.092856946
0.182,0.0,0.754,0.387,0.509406002
0.339,0.027,0.637,0.06,0.031278184
0.044,0.0,0.692,0.362,0.44892016
0.119,0.0,0.683,0.045,0.057725142
0.437,0.409,0.91,0.97,0.341996379
0.552,0.0,0.569,0.676,0.042501704
0.326,0.663,0.718,0.748,0.038923465
0.538,0.632,0.947,0.869,0.101071923
0.303,0.204,0.524,0.507,0.097283705
0.803,0.516,0.846,0.901,0.001041287
0.344,0.0,0.394,0.457,0.031190406
0.568,0.0,0.805,0.383,0.247266838
0.434,0.118,0.943,0.232,0.141358526
0.175,0.848,1.0,1.0,0.160421816
0.0,0.207,0.925,0.509,0.309241461
0.422,0.059,0.842,0.74,0.563945323
0.657,0.325,0.776,0.971,0.122119681
0.248,0.436,0.987,0.564,0.088363063
0.106,0.705,0.805,0.805,0.059991876
0.209,0.261,1.0,0.584,0.279911603
0.007,0.014,0.724,0.298,0.391355084
0.0,0.0,0.85,0.807,0.800472279
0.499,0.154,0.67,0.991,0.381226205
0.078,0.0,0.994,0.133,0.202491515
0.394,0.349,0.919,0.959,0.398101932
0.291,0.227,0.553,0.379,0.076044901
0.228,0.769,0.96,1.0,0.21031063
0.214,0.69,0.293,0.786,0.002308042
0.0,0.0,0.877,0.492,0.614963202
0.319,0.218,0.991,0.909,0.52409933
0.0,0.0,0.67,0.643,0.571480451
0.542,0.491,0.649,0.508,0.00417031
0.808,0.288,0.976,0.7,0.001005143
0.172,0.0,0.656,0.14,0.164778008
0.445,0.389,0.733,0.857,0.232592442
0.133,0.0,0.752,0.558,0.630405224
0.699,0.62,0.891,0.922,0.028687876
0.575,0.633,0.746,0.764,0.035570694
0.008,0.071,0.02,0.447,5.6797e-05
0.0,0.0,0.774,0.274,0.402051937
0.296,0.0,0.954,0.359,0.480669935
0.353,0.575,0.744,1.0,0.276397045
0.454,0.0,0.673,0.562,0.397198337
0.233,0.0,1.0,0.472,0.583693624
0.395,0.0,0.547,0.171,0.083493973
0.499,0.0,0.659,0.133,0.096015229
0.28,0.0,0.399,0.519,0.057275925
0.266,0.456,0.488,0.661,0.026607024
0.294,0.57,0.358,0.602,0.00081926
0.361,0.397,0.441,0.541,0.010044543
0.129,0.0,0.85,0.131,0.200167983
0.118,0.0,0.636,0.306,0.324915837
0.19,0.161,0.311,0.199,0.001991353
0.142,0.078,0.737,0.311,0.315243059
0.422,0.065,0.425,0.435,0.002440569
0.258,0.52,0.861,1.0,0.342700323
0.479,0.0,0.697,0.475,0.37321088
0.193,0.0,1.0,0.598,0.671726229
0.268,0.854,0.7,0.99,0.120529352
0.401,0.909,0.785,1.0,0.084487067
0.0,0.751,0.738,1.0,0.218912862
0.547,0.417,0.731,0.956,0.212689239
0.322,0.504,0.608,0.603,0.032899493
0.352,0.671,0.751,0.723,0.024879004
0.274,0.0,0.763,0.342,0.457481085
0.374,0.109,0.515,0.407,0.097357714
0.297,0.849,0.628,0.957,0.067230969
0.1,0.051,0.841,0.2,0.229969433
0.51,0.0,0.806,0.581,0.445174971
0.017,0.033,0.047,0.386,0.000430284
0.19,0.312,1.0,1.0,0.531710188
0.323,0.082,0.329,0.357,0.001454359
0.15,0.425,0.871,0.736,0.189598494
0.416,0.098,0.594,0.159,0.044388068
0.53,0.725,0.695,0.794,0.023329983
0.032,0.476,1.0,1.0,0.395601124
0.543,0.0,0.573,0.259,0.040548216
0.22,0.293,0.848,1.0,0.547680599
0.42,0.0,0.733,0.644,0.557265599
0.06,0.337,0.349,0.801,0.023481443
0.37,0.0,0.659,0.783,0.528915065
0.356,0.216,0.492,0.245,0.009605654
0.063,0.0,0.86,0.374,0.516794834
0.299,0.0,0.945,0.633,0.668005136
0.354,0.75,0.727,0.85,0.058432528
0.597,0.049,0.702,0.762,0.208047338
0.416,0.625,0.989,0.815,0.098269915
0.278,0.754,0.925,0.779,0.013999711
0.491,0.174,0.601,0.293,0.056663201
0.221,0.124,0.905,0.276,0.222052212
0.073,0.51,1.0,1.0,0.371424342
0.377,0.249,0.751,0.718,0.319525242
0.637,0.003,0.662,0.436,0.039632572
0.456,0.558,0.717,0.685,0.052059166
0.162,0.565,1.0,0.885,0.20250012
0.28,0.0,0.524,0.781,0.245886488
0.181,0.0,0.562,0.332,0.23406057
0.604,0.168,0.634,0.721,0.040894164
0.352,0.0,0.558,0.669,0.282462324
0.016,0.009,0.555,0.616,0.313838613
0.368,0.0,0.674,0.465,0.436722477
0.303,0.608,0.781,0.642,0.018273289
0.244,0.479,0.374,0.504,0.001185862
0.085,0.029,0.616,0.466,0.366524271
0.343,0.626,0.774,0.819,0.098442029
0.486,0.035,0.742,0.648,0.446563926
0.279,0.566,0.714,1.0,0.279097506
0.099,0.355,0.799,0.362,0.00825112
0.384,0.147,0.926,0.381,0.269106318
0.415,0.233,0.779,0.405,0.161272056
0.407,0.0,0.713,0.91,0.69114063
0.225,0.548,0.726,0.61,0.033112913
0.226,0.229,0.459,0.459,0.048709837
0.01,0.871,0.894,1.0,0.144769815
0.072,0.089,0.295,0.68,0.024395365
0.353,0.584,0.974,0.651,0.033823742
0.185,0.193,0.69,0.545,0.296949116
0.145,0.0,0.778,0.446,0.567298094
0.619,0.477,0.987,0.743,0.061222488
0.604,0.078,0.978,0.206,0.069852258
0.242,0.251,0.492,0.741,0.08838888
0.388,0.0,0.667,0.795,0.537859803
0.532,0.0,0.792,0.667,0.435082236
0.151,0.72,0.935,1.0,0.245840017
0.346,0.0,0.751,0.481,0.54167728
0.0,0.033,0.688,0.25,0.293166062
0.367,0.094,0.586,0.655,0.270202681
0.21,0.0,0.521,0.57,0.227146771
0.689,0.157,0.732,0.187,0.003400962
0.01,0.643,1.0,1.0,0.292744384
0.573,0.0,0.587,0.544,0.029156024
0.062,0.0,1.0,0.58,0.67101368
0.0,0.0,0.748,0.881,0.832065431
0.324,0.429,0.555,1.0,0.142590859
0.0,0.849,0.883,0.979,0.142768136
0.307,0.442,0.758,1.0,0.371279767
0.339,0.389,0.671,0.947,0.275529593
0.315,0.249,1.0,0.501,0.235704254
0.078,0.106,0.553,0.332,0.150707731
0.457,0.0,0.689,0.372,0.332053383
0.151,0.395,0.229,0.991,0.010390491
0.189,0.0,0.482,0.621,0.176882749
0.08,0.301,0.303,0.408,0.006029135
0.157,0.679,0.933,0.86,0.115806558
0.07,0.539,1.0,0.778,0.136031614
0.344,0.199,0.839,1.0,0.631579038
0.428,0.0,0.693,0.372,0.364806579
0.436,0.072,0.604,0.594,0.250432005
0.453,0.0,0.495,0.373,0.04511955
0.017,0.0,0.898,0.617,0.693094119
0.225,0.0,0.712,0.548,0.582991401
0.28,0.732,0.596,0.761,0.007393995
0.213,0.463,0.89,0.709,0.14614156
0.517,0.0,0.642,0.744,0.293348502
0.406,0.064,0.527,0.164,0.039580938
0.046,0.163,0.845,0.171,0.012705417
0.005,0.004,0.133,0.061,0.000912201
0.402,0.112,0.811,0.595,0.440748212
0.464,0.095,0.972,0.174,0.091605681
0.36,0.28,0.816,0.759,0.324456294
0.143,0.285,0.949,0.338,0.060682051
0.263,0.011,0.915,0.947,0.879035201
0.167,0.0,1.0,0.3,0.437462565
0.288,0.64,0.792,1.0,0.265615856
0.427,0.0,0.602,0.795,0.351694974
0.302,0.0,0.915,0.662,0.682077134
0.061,0.169,1.0,0.403,0.289222942
0.23,0.176,0.861,0.501,0.341115158
0.317,0.463,0.725,1.0,0.338104893
0.042,0.719,0.947,0.918,0.158571596
0.124,0.0,0.735,0.522,0.599624448
0.058,0.0,0.946,0.603,0.685410973
0.379,0.0,0.684,0.649,0.525607044
0.339,0.357,0.647,0.6,0.115944249
0.028,0.123,0.775,0.538,0.452219575
0.098,0.086,0.606,0.333,0.226742305
0.821,0.11,0.993,0.116,3.9586e-05
0.158,0.0,0.485,0.551,0.175197758
0.314,0.554,0.829,0.98,0.290658369
0.414,0.186,0.889,0.546,0.31190922
0.258,0.171,0.966,0.358,0.232645797
0.273,0.604,0.421,0.791,0.008006719
0.596,0.219,0.601,0.781,0.006555803
0.386,0.052,0.437,0.315,0.028617309
0.288,0.298,0.902,0.829,0.361558797
0.241,0.0,0.402,0.503,0.066952146
0.119,0.436,0.685,0.916,0.265330148
0.363,0.0,0.523,0.425,0.160602535
0.221,0.556,0.947,0.65,0.053076356
0.03,0.0,1.0,0.299,0.439169931
0.223,0.312,0.52,0.463,0.044928504
0.051,0.049,0.995,0.133,0.130420714
0.0,0.674,0.915,1.0,0.276433189
0.379,0.318,0.688,0.371,0.040749589
0.0,0.07,0.832,0.775,0.674084184
0.565,0.263,0.627,0.509,0.042436301
0.28,0.267,0.712,0.327,0.060114077
0.284,0.821,1.0,0.929,0.095672723
0.002,0.208,0.958,0.454,0.270142441
0.143,0.153,0.515,0.247,0.048203824
0.15,0.097,0.356,0.298,0.021116603
0.146,0.163,0.507,1.0,0.219069486
0.103,0.382,0.934,0.961,0.422507625
0.055,0.0,1.0,0.383,0.528596655
0.297,0.375,0.603,0.644,0.100159721
0.346,0.0,0.869,0.973,0.884802724
0.003,0.571,0.835,0.975,0.302792369
0.233,0.353,0.868,1.0,0.478590804
0.0,0.297,0.887,0.614,0.256103144
0.227,0.236,0.571,0.914,0.248161828
0.359,0.0,0.735,0.415,0.482504664
0.345,0.448,0.545,0.491,0.009271753
0.024,0.012,0.837,0.254,0.361185311
0.07,0.932,0.642,0.991,0.050279512
0.205,0.032,0.452,0.095,0.019827473
0.472,0.0,0.673,0.794,0.452610273
0.088,0.0,0.546,0.829,0.340714133
0.064,0.07,0.816,0.652,0.602378264
0.614,0.46,0.783,0.947,0.132955946
0.456,0.518,0.552,0.871,0.045360509
0.179,0.129,1.0,0.255,0.182719118
0.227,0.0,0.674,0.403,0.442811852
0.336,0.167,0.615,0.716,0.280946005
0.456,0.0,0.686,0.534,0.4086697
0.492,0.001,0.981,0.14,0.143461753
0.401,0.18,0.416,0.481,0.006533428
0.18,0.0,0.943,0.629,0.689792982
0.265,0.0,0.377,0.556,0.046799378
0.563,0.517,0.631,0.55,0.004559286
0.379,0.338,0.895,0.947,0.399838558
0.0,0.024,0.902,0.282,0.382436163
0.352,0.164,0.403,0.758,0.026471054
0.307,0.225,0.972,0.666,0.359601867
0.193,0.567,0.985,0.71,0.076282418
0.277,0.0,0.617,0.448,0.366145622
0.357,0.056,0.625,0.4,0.28145546
0.062,0.545,0.744,0.731,0.098275079
0.0,0.0,0.829,0.74,0.756788156
0.434,0.34,0.683,0.361,0.012624524
0.149,0.0,1.0,0.443,0.57358712
0.303,0.776,1.0,1.0,0.19509752
0.392,0.58,0.535,1.0,0.07024984
0.413,0.045,0.463,0.66,0.054642589
0.195,0.406,0.983,0.871,0.297498158
0.0,0.341,0.727,0.487,0.116887431
0.1,0.015,0.727,0.773,0.704870123
0.285,0.901,1.0,0.932,0.030398684
0.138,0.003,0.513,0.436,0.192510654
0.938,0.193,0.967,0.791,0.0
0.112,0.0,0.899,0.616,0.687801629
0.272,0.252,0.592,0.298,0.032522564
0.102,0.299,0.764,0.435,0.130639298
0.033,0.059,0.935,0.829,0.729508169
0.138,0.771,0.867,0.828,0.040033597
0.265,0.0,0.497,0.577,0.179806958
0.595,0.318,0.932,0.868,0.177235582
0.071,0.181,0.746,0.536,0.34653329
0.093,0.26,0.752,0.423,0.167165222
0.228,0.0,0.821,0.511,0.608687944
0.014,0.148,0.66,0.247,0.114859934
0.183,0.072,0.474,0.156,0.034255747
0.104,0.0,0.744,0.869,0.809833532
0.0,0.417,0.926,1.0,0.43910797
0.235,0.273,0.716,0.339,0.069530406
0.253,0.0,0.517,0.327,0.155411592
0.339,0.006,0.693,0.461,0.468594452
0.094,0.0,1.0,0.42,0.560213903
0.247,0.0,0.644,0.567,0.469739007
0.13,0.116,0.505,0.208,0.047782146
0.237,0.239,0.978,0.723,0.376453498
0.227,0.207,0.687,0.243,0.042112727
0.551,0.0,0.648,0.64,0.208704812
0.059,0.895,0.9,0.905,0.008965391
0.155,0.0,0.8,0.182,0.274080398
0.508,0.0,0.834,0.588,0.452586177
0.264,0.345,0.983,0.922,0.39630851
0.63,0.352,0.759,0.695,0.07511893
0.218,0.0,0.789,0.539,0.626179838
0.165,0.007,0.661,0.459,0.450661948
0.477,0.26,0.799,0.752,0.28755172
0.18,0.0,0.85,0.19,0.287155859
0.437,0.0,0.712,0.579,0.489062188
0.528,0.764,0.829,1.0,0.143480685
0.094,0.0,0.797,0.548,0.644737114
0.057,0.72,0.655,1.0,0.185366223
0.154,0.696,0.63,0.758,0.02171728
0.317,0.0,0.327,0.554,0.003438827
0.599,0.396,0.699,0.751,0.070198206
0.442,0.563,0.625,0.593,0.008302755
0.455,0.074,0.694,0.176,0.109971911
0.292,0.0,0.409,0.694,0.071332434
0.129,0.457,0.934,1.0,0.404800589
0.173,0.004,0.927,0.185,0.268507363
0.412,0.059,0.507,0.851,0.12304393
0.148,0.746,0.692,1.0,0.196667194
0.311,0.0,0.546,0.15,0.089972324
0.044,0.23,0.912,0.499,0.269080501
0.0,0.243,0.892,0.362,0.141604648
0.042,0.0,0.777,0.765,0.762670995
0.401,0.15,0.642,0.827,0.342381913
0.431,0.397,0.556,0.564,0.030123302
0.2,0.0,0.674,0.561,0.530947726
