0.173,0.096,0.222,0.703,0.004507652
0.197,0.189,0.996,0.798,0.49446483
0.473,0.358,0.809,0.659,0.165092976
0.411,0.938,0.699,0.94,0.002433685
0.393,0.246,0.799,0.754,0.34803412
0.184,0.196,0.732,0.627,0.367352137
0.309,0.0,0.784,0.79,0.738915892
0.0,0.0,0.816,0.673,0.71978892
0.0,0.0,0.825,0.539,0.644771537
0.158,0.0,0.914,0.638,0.695770483
0.198,0.359,0.309,0.373,0.000521504
0.282,0.0,0.752,0.453,0.544069658
0.559,0.0,0.764,0.748,0.385004096
0.0,0.093,0.904,0.257,0.247227252
0.038,0.0,0.768,0.371,0.506924125
0.292,0.0,0.409,0.694,0.071332434
0.412,0.439,0.643,0.718,0.094008385
0.491,0.0,0.543,0.267,0.055212285
0.536,0.074,0.609,0.854,0.174221875
0.362,0.43,0.441,1.0,0.029992496
0.233,0.685,0.812,0.865,0.114109519
0.676,0.129,0.792,0.912,0.125307223
0.16,0.171,0.75,0.393,0.262686485
0.229,0.276,0.844,0.28,0.00315484
0.291,0.871,0.699,0.892,0.018371393
0.389,0.067,0.934,0.516,0.466064384
0.0,0.441,0.919,1.0,0.421235706
0.793,0.314,0.854,0.585,0.001099805
0.278,0.0,0.795,0.624,0.662299574
0.594,0.423,0.636,0.815,0.030489904
0.213,0.151,0.302,0.653,0.013607292
0.482,0.054,0.84,0.529,0.404552746
0.597,0.0,0.752,0.626,0.254943099
0.162,0.094,0.663,0.69,0.4571403
0.504,0.429,0.563,1.0,0.072416749
0.068,0.189,0.911,0.434,0.279267898
0.061,0.883,0.852,0.907,0.026519246
0.19,0.044,0.69,0.606,0.529419358
0.186,0.778,0.85,1.0,0.208042175
0.045,0.125,0.73,0.398,0.338628118
0.317,0.463,0.725,1.0,0.338104893
0.391,0.576,0.472,1.0,0.027548484
0.373,0.047,0.484,0.423,0.089762346
0.389,0.731,0.671,1.0,0.155318651
0.457,0.0,0.68,0.557,0.404946886
0.331,0.836,0.533,0.914,0.019460872
0.471,0.0,0.745,0.465,0.421867362
0.356,0.0,0.646,0.402,0.364405554
0.089,0.108,0.583,0.545,0.272099371
0.033,0.059,0.935,0.829,0.729508169
0.218,0.448,1.0,1.0,0.40149601
0.393,0.381,0.651,1.0,0.275651794
0.32,0.291,0.349,0.548,0.004753774
0.0,0.0,0.935,0.863,0.846844816
0.039,0.0,0.911,0.506,0.625234935
0.087,0.381,0.608,0.491,0.049000709
0.353,0.575,0.744,1.0,0.276397045
0.579,0.144,0.705,1.0,0.281646506
0.094,0.422,0.957,0.679,0.163247919
0.189,0.68,0.742,1.0,0.249891569
0.205,0.513,0.64,1.0,0.243015635
0.0,0.498,0.849,1.0,0.380327773
0.496,0.332,0.504,0.363,0.000633378
0.179,0.0,0.47,0.528,0.150757644
0.352,0.0,0.558,0.669,0.282462324
0.056,0.0,0.579,0.361,0.284620627
0.446,0.213,0.851,0.253,0.046126414
0.272,0.264,0.763,0.369,0.108033913
0.0,0.768,0.924,0.931,0.145071014
0.371,0.568,0.593,0.956,0.120918329
0.592,0.712,0.599,0.849,0.001841614
0.184,0.138,0.707,0.251,0.154339325
0.565,0.263,0.627,0.509,0.042436301
0.121,0.748,0.962,1.0,0.233759372
0.339,0.0,0.611,0.77,0.440765423
0.299,0.0,0.548,0.875,0.319332475
0.166,0.0,0.478,0.874,0.202994086
0.235,0.0,0.649,0.807,0.572769581
0.667,0.178,0.867,0.415,0.053563438
0.316,0.0,0.422,0.602,0.07413272
0.19,0.227,0.709,0.49,0.238482166
0.535,0.0,0.597,0.314,0.095559128
0.102,0.299,0.764,0.435,0.130639298
0.289,0.0,0.85,0.472,0.57056825
0.706,0.003,0.867,0.451,0.049596222
0.344,0.0,0.403,0.681,0.045348461
0.324,0.313,0.333,0.756,0.001681549
0.208,0.231,0.98,0.27,0.051076398
0.364,0.139,0.389,0.481,0.010968792
0.124,0.287,0.904,0.552,0.227814572
0.109,0.0,0.65,0.376,0.399823067
0.0,0.079,0.955,0.671,0.602262948
0.381,0.0,0.948,0.751,0.683030643
0.301,0.456,0.76,0.833,0.209789127
0.454,0.296,0.758,0.655,0.212262397
0.325,0.0,0.958,0.352,0.466654733
0.494,0.626,0.818,0.698,0.02883073
0.356,0.0,0.464,0.395,0.084907024
0.455,0.0,0.92,0.333,0.368233358
0.292,0.422,0.394,0.899,0.020770655
0.543,0.235,0.783,0.482,0.143065892
0.345,0.0,0.762,0.457,0.531202454
0.313,0.363,0.996,0.765,0.252387214
0.0,0.053,0.85,0.714,0.663375283
0.0,0.0,0.857,0.158,0.241303106
0.154,0.15,0.654,0.844,0.440703462
0.527,0.0,0.692,0.77,0.392391207
0.541,0.0,0.889,0.4,0.309348172
0.06,0.337,0.349,0.801,0.023481443
0.277,0.313,0.447,0.481,0.023946149
0.303,0.084,0.828,0.397,0.390620159
0.358,0.696,0.539,1.0,0.065236174
0.129,0.168,1.0,0.582,0.411874454
0.454,0.678,0.872,0.907,0.135518716
0.194,0.243,0.467,0.323,0.022465973
0.399,0.18,0.481,0.471,0.044536085
0.322,0.0,0.66,0.887,0.615605185
0.455,0.211,0.537,0.388,0.041298631
0.508,0.58,0.936,0.732,0.062458262
0.326,0.663,0.718,0.748,0.038923465
0.406,0.337,0.827,0.652,0.198718787
0.366,0.321,0.688,0.48,0.107228422
0.03,0.0,1.0,0.299,0.439169931
0.354,0.417,0.714,1.0,0.349047868
0.363,0.0,0.523,0.425,0.160602535
0.047,0.293,1.0,0.302,0.011275154
0.172,0.0,0.984,0.473,0.593156424
0.625,0.051,0.796,0.338,0.116994141
0.321,0.289,0.897,1.0,0.524741313
0.203,0.57,1.0,1.0,0.321471846
0.077,0.0,0.831,0.226,0.342973983
0.181,0.42,0.909,1.0,0.426886192
0.078,0.243,0.687,0.774,0.343813897
0.438,0.157,0.736,0.717,0.386701135
0.511,0.0,0.585,0.449,0.135303574
0.0,0.0,0.829,0.74,0.756788156
0.21,0.0,0.521,0.57,0.227146771
0.0,0.246,0.827,0.249,0.002447454
0.658,0.188,0.695,0.912,0.066096742
0.039,0.113,0.983,1.0,0.82816706
0.188,0.402,0.898,0.998,0.44188244
0.381,0.06,0.942,0.524,0.487132796
0.295,0.0,0.437,0.528,0.09055751
0.585,0.726,0.589,1.0,0.003175494
0.162,0.497,0.665,1.0,0.284085355
0.175,0.148,0.492,0.296,0.060997019
0.0,0.0,0.85,0.807,0.800472279
0.12,0.066,0.732,0.872,0.706636008
0.339,0.268,0.489,0.52,0.04700075
0.41,0.584,0.637,0.673,0.02692027
0.137,0.111,0.246,0.762,0.011195982
0.015,0.391,0.642,0.597,0.097712268
0.241,0.212,1.0,0.432,0.238323821
0.057,0.746,0.988,0.981,0.218394801
0.274,0.209,0.787,0.442,0.244838317
0.303,0.0,0.451,0.414,0.092798428
0.431,0.292,0.765,1.0,0.454143804
0.126,0.694,0.491,0.902,0.035073286
0.42,0.161,0.488,0.245,0.018369672
0.521,0.0,0.599,0.598,0.169469822
0.381,0.0,0.765,0.368,0.444242115
0.145,0.44,0.359,0.575,0.005791619
0.265,0.752,0.483,1.0,0.042577434
0.17,0.327,0.546,0.618,0.085406153
0.068,0.12,0.904,0.644,0.522684557
0.349,0.662,0.353,0.77,9.122e-05
0.415,0.793,0.737,1.0,0.157934776
0.407,0.197,0.628,0.437,0.151014093
0.006,0.74,0.261,0.796,0.002116996
0.461,0.142,0.714,0.236,0.094252787
0.117,0.02,1.0,0.23,0.314105389
0.221,0.317,0.883,0.356,0.040651484
0.0,0.129,0.854,0.394,0.339414676
0.397,0.181,0.654,0.919,0.381723613
0.187,0.055,0.562,0.974,0.405580263
0.076,0.918,0.636,1.0,0.066618245
0.166,0.277,0.527,0.485,0.069986506
0.287,0.0,0.651,0.773,0.549393128
0.374,0.109,0.515,0.407,0.097357714
0.135,0.727,0.792,1.0,0.241626679
0.0,0.08,0.968,0.559,0.540327911
0.469,0.602,0.683,0.86,0.100188981
0.141,0.0,1.0,0.342,0.484213751
0.146,0.0,0.707,0.403,0.495597337
0.0,0.0,0.894,0.825,0.813201793
0.406,0.397,0.757,0.926,0.309515122
0.242,0.8,0.461,1.0,0.034300496
0.264,0.345,0.983,0.922,0.39630851
0.406,0.174,0.821,0.509,0.309492747
0.269,0.0,1.0,0.449,0.560380853
0.1,0.0,1.0,0.492,0.612734333
0.127,0.191,0.27,0.21,0.000612724
0.077,0.347,0.449,0.884,0.067311863
0.382,0.136,0.594,0.451,0.187472892
0.596,0.088,0.75,0.246,0.081180767
0.235,0.0,0.41,0.492,0.073700715
0.382,0.512,0.794,0.538,0.014269929
0.119,0.106,0.682,0.595,0.432972125
0.111,0.434,0.96,1.0,0.423111743
0.449,0.778,0.91,0.968,0.141232883
0.259,0.0,0.835,0.594,0.655227431
0.492,0.143,0.927,0.745,0.392814606
0.472,0.028,0.579,0.372,0.142797395
0.083,0.102,0.177,0.207,0.001898412
0.426,0.0,0.449,0.391,0.022040853
0.3,0.0,1.0,0.507,0.594602177
0.146,0.129,0.329,0.249,0.008423234
0.109,0.633,0.604,0.966,0.14885579
0.092,0.37,0.351,0.596,0.010466221
0.335,0.081,0.825,0.524,0.478162241
0.062,0.586,0.103,0.929,0.001220285
0.175,0.12,0.992,0.413,0.367236821
0.608,0.241,0.995,0.725,0.152244704
0.106,0.052,0.82,0.809,0.719153821
0.025,0.0,0.734,0.572,0.632472307
0.276,0.833,0.947,0.969,0.129257227
0.1,0.015,0.727,0.773,0.704870123
0.246,0.141,0.904,0.947,0.695025232
0.276,0.096,0.773,0.324,0.303485987
0.224,0.177,0.712,0.817,0.472862867
0.28,0.001,0.841,0.365,0.479236229
0.364,0.007,0.695,0.27,0.312410071
0.0,0.033,0.688,0.25,0.293166062
0.254,0.0,0.65,0.338,0.354553779
0.371,0.112,0.514,0.544,0.116921854
0.966,0.085,0.984,0.614,1.0327e-05
0.212,0.719,0.651,1.0,0.172371655
0.469,0.223,0.978,0.996,0.506302796
0.01,0.0,0.722,0.365,0.481910873
0.24,0.7,0.624,1.0,0.154411613
0.797,0.951,0.934,0.961,5.8519e-05
0.47,0.299,0.718,0.562,0.150835095
0.029,0.07,0.623,0.442,0.326383965
0.0,0.703,0.821,1.0,0.259142668
0.199,0.7,0.394,0.808,0.006030857
0.662,0.685,0.746,0.946,0.040613619
0.098,0.207,0.786,0.537,0.322501084
0.457,0.0,0.519,0.296,0.060033183
0.235,0.014,0.662,0.436,0.422375097
0.0,0.833,0.68,1.0,0.147709514
0.123,0.0,0.88,0.101,0.151977928
0.239,0.294,0.578,0.741,0.156946844
0.307,0.04,0.852,0.232,0.277119922
0.085,0.247,0.576,0.319,0.049439598
0.0,0.0,0.969,0.441,0.578199762
0.249,0.832,0.645,1.0,0.117469174
0.271,0.641,0.515,0.766,0.013199383
0.042,0.69,0.76,0.787,0.055215727
0.521,0.871,0.575,1.0,0.024142359
0.108,0.275,0.784,0.956,0.532842695
0.035,0.551,0.717,0.888,0.196579417
0.645,0.195,0.755,0.337,0.038930349
0.054,0.074,0.682,0.176,0.142694127
0.22,0.381,0.824,0.931,0.379462042
0.501,0.344,0.659,0.783,0.14115199
0.031,0.149,0.995,0.842,0.600713927
0.111,0.112,1.0,0.183,0.108624262
0.295,0.125,1.0,0.248,0.1799326
0.228,0.0,0.742,0.532,0.599016888
0.222,0.0,1.0,0.464,0.581857173
0.6,0.361,0.879,0.866,0.153452941
0.324,0.031,0.662,0.273,0.268552113
0.128,0.812,0.935,0.816,0.002163467
0.26,0.094,0.531,0.802,0.221577179
0.662,0.395,0.815,0.941,0.097631374
0.227,0.325,0.317,0.524,0.005075627
0.0,0.853,0.823,1.0,0.159683449
0.57,0.195,0.645,0.766,0.105290424
0.251,0.14,0.865,0.46,0.365273006
0.292,0.0,0.801,0.403,0.517307732
0.381,0.646,0.577,0.728,0.017089148
0.027,0.0,0.65,0.49,0.466387958
0.488,0.06,0.737,0.429,0.318380687
0.125,0.0,0.791,0.252,0.374660076
0.417,0.0,0.64,0.547,0.371040529
0.414,0.186,0.889,0.546,0.31190922
0.63,0.352,0.759,0.695,0.07511893
0.244,0.0,0.961,0.452,0.567998596
0.281,0.398,0.969,0.775,0.229642417
0.0,0.0,0.914,0.726,0.751287409
0.493,0.012,0.846,0.689,0.503099764
0.147,0.044,0.496,0.351,0.132377645
0.365,0.0,0.851,0.59,0.614045837
0.097,0.333,1.0,1.0,0.519855012
0.226,0.357,0.736,0.659,0.194920243
0.263,0.0,0.691,0.748,0.634398257
0.449,0.0,0.748,0.117,0.134544553
0.081,0.045,0.461,0.886,0.174166799
0.095,0.0,0.802,0.493,0.608662127
0.157,0.298,0.505,0.938,0.130881978
0.318,0.0,0.33,0.323,0.003204753
0.457,0.629,0.56,1.0,0.070957226
0.203,0.017,0.915,0.505,0.583483646
0.573,0.0,0.587,0.544,0.029156024
0.49,0.0,0.754,0.426,0.38274941
0.798,0.296,0.817,0.688,0.000753857
0.215,0.053,0.494,0.136,0.035992372
0.0,0.226,0.762,1.0,0.634682244
0.185,0.382,0.673,0.479,0.060205297
0.145,0.384,0.782,0.478,0.073361652
0.0,0.297,0.887,0.614,0.256103144
0.12,0.078,0.442,0.611,0.106892801
0.1,0.042,0.975,0.575,0.600798262
0.087,0.08,0.866,0.364,0.391017741
0.681,0.199,0.796,0.284,0.016681239
0.232,0.491,0.852,0.62,0.080020722
0.163,0.027,0.765,0.261,0.338187507
0.0,0.0,0.897,0.517,0.632744246
0.301,0.716,0.849,0.845,0.07865242
0.29,0.138,0.973,0.151,0.021603685
0.195,0.21,0.606,0.231,0.020195796
0.672,0.758,0.898,0.9,0.026701686
0.35,0.1,0.786,0.245,0.203093912
0.118,0.715,0.984,0.969,0.215701225
0.077,0.097,0.681,0.153,0.079757389
0.206,0.021,0.465,0.357,0.10757437
0.353,0.644,0.789,0.679,0.017466076
0.419,0.648,0.749,0.898,0.139411923
0.492,0.581,0.539,1.0,0.036479453
0.358,0.0,0.913,0.328,0.432022058
0.499,0.021,0.657,0.346,0.214202116
0.134,0.167,0.845,0.456,0.32819632
0.153,0.101,0.533,0.377,0.148792108
0.13,0.255,0.753,0.49,0.219654672
0.389,0.495,0.467,0.632,0.008091055
0.0,0.002,0.854,0.693,0.723673521
0.155,0.375,0.748,0.681,0.196958066
0.563,0.0,0.736,0.698,0.339736529
0.28,0.0,0.524,0.781,0.245886488
0.368,0.712,0.549,1.0,0.069786855
0.231,0.004,0.652,0.74,0.54568064
0.0,0.0,0.878,0.379,0.526271402
0.315,0.633,0.933,1.0,0.267739737
0.103,0.171,0.651,0.946,0.492411516
0.32,0.479,0.633,1.0,0.227503046
0.393,0.658,0.461,1.0,0.018970348
0.489,0.022,0.629,0.461,0.229310238
0.151,0.395,0.229,0.991,0.010390491
0.39,0.596,0.74,1.0,0.255139309
0.088,0.488,0.128,0.923,0.002113554
0.081,0.383,0.75,0.853,0.294771881
0.407,0.182,0.653,0.601,0.246623133
0.338,0.416,0.924,0.501,0.061614906
0.104,0.0,0.744,0.869,0.809833532
0.393,0.0,0.694,0.278,0.316786917
0.528,0.523,0.813,0.966,0.216430986
0.36,0.0,0.461,0.407,0.081036192
0.293,0.305,0.916,0.607,0.232081265
0.0,0.0,0.683,0.336,0.413907114
0.094,0.43,1.0,0.998,0.428440376
0.341,0.089,0.531,0.194,0.055033287
0.434,0.203,0.483,0.619,0.032269557
0.097,0.0,1.0,0.747,0.759006699
0.149,0.0,0.491,0.398,0.157320331
0.103,0.69,0.338,0.736,0.001822682
0.602,0.418,0.661,0.702,0.03115082
0.0,0.0,0.742,0.367,0.495044853
0.403,0.585,0.9,1.0,0.27508554
0.538,0.632,0.947,0.869,0.101071923
0.205,0.153,0.921,0.347,0.250593792
0.166,0.62,0.299,0.665,0.000752136
0.393,0.086,0.746,0.164,0.106940993
0.14,0.721,0.973,1.0,0.246857208
0.342,0.0,0.579,0.652,0.336330403
0.246,0.09,0.391,0.194,0.015247534
0.0,0.545,0.969,1.0,0.349049589
0.022,0.0,0.609,0.241,0.239807439
0.455,0.942,0.665,0.991,0.031274741
0.093,0.606,0.329,0.953,0.026278287
0.121,0.0,0.701,0.266,0.357794675
0.482,0.014,0.514,0.285,0.029921929
0.202,0.707,1.0,1.0,0.248419998
0.156,0.0,0.847,0.63,0.690779192
0.128,0.0,0.809,0.507,0.617136995
0.493,0.0,0.579,0.273,0.104748267
0.071,0.0,1.0,0.311,0.451372777
0.273,0.604,0.421,0.791,0.008006719
0.154,0.592,1.0,1.0,0.313570116
0.118,0.126,1.0,0.251,0.183812038
0.043,0.228,0.901,0.277,0.062759461
0.203,0.051,0.774,0.189,0.207505181
0.424,0.053,0.68,0.547,0.384585861
0.383,0.0,0.74,0.544,0.546320902
0.114,0.053,1.0,0.348,0.411155019
0.517,0.0,0.642,0.744,0.293348502
0.352,0.671,0.751,0.723,0.024879004
0.496,0.0,0.626,0.499,0.237981315
0.089,0.217,0.915,0.288,0.092194309
0.167,0.209,1.0,0.325,0.147759427
0.484,0.0,0.495,0.648,0.016545269
0.566,0.0,0.864,0.234,0.170132459
0.397,0.625,0.429,1.0,0.007705521
0.319,0.218,0.991,0.909,0.52409933
0.334,0.133,0.378,0.618,0.021188891
0.4,0.0,0.808,0.345,0.421187514
0.437,0.599,0.861,0.735,0.063189745
0.48,0.106,0.583,0.794,0.185746594
0.406,0.192,0.438,0.53,0.016328406
0.198,0.0,0.948,0.26,0.382744246
0.063,0.0,0.57,0.823,0.409797044
0.122,0.768,0.679,1.0,0.178905083
0.089,0.0,0.585,0.69,0.409019091
0.51,0.0,0.806,0.581,0.445174971
0.015,0.223,0.843,0.639,0.363698168
0.0,0.0,0.879,0.528,0.63960469
0.516,0.499,0.709,0.928,0.177746759
0.315,0.012,0.96,0.443,0.526584649
0.196,0.523,0.69,1.0,0.293703056
0.043,0.345,0.195,0.645,0.002268456
0.111,0.111,1.0,0.256,0.219084976
0.0,0.729,0.74,1.0,0.233015841
0.543,0.0,0.82,0.506,0.35417685
0.306,0.0,0.509,0.462,0.169574811
0.304,0.016,0.395,0.366,0.038391634
0.055,0.642,0.581,0.948,0.117971746
0.456,0.0,0.686,0.534,0.4086697
0.233,0.0,1.0,0.472,0.583693624
0.348,0.086,0.405,0.952,0.043675518
0.324,0.196,0.561,0.627,0.165623085
0.169,0.0,0.878,0.601,0.675196037
0.298,0.866,0.543,1.0,0.048288159
0.033,0.179,0.857,0.294,0.155631897
0.034,0.0,0.914,0.593,0.679409375
0.184,0.171,1.0,0.94,0.656065623
0.328,0.685,0.79,0.708,0.011251058
0.372,0.0,0.71,0.29,0.351834386
0.219,0.0,1.0,0.491,0.599588305
0.472,0.0,0.673,0.794,0.452610273
0.476,0.163,0.505,0.686,0.028529531
0.468,0.0,0.855,0.647,0.535575857
0.498,0.473,0.558,0.55,0.007091076
0.803,0.516,0.846,0.901,0.001041287
0.431,0.397,0.556,0.564,0.030123302
0.481,0.561,0.671,1.0,0.185612345
0.259,0.045,0.625,0.699,0.431216567
0.425,0.0,0.61,0.14,0.102290486
0.09,0.155,0.111,0.401,0.000698781
0.303,0.0,0.678,0.28,0.331555975
0.073,0.51,1.0,1.0,0.371424342
0.372,0.001,0.561,0.349,0.194662072
0.0,0.847,0.509,1.0,0.055687318
0.36,0.519,0.972,0.733,0.111854833
0.185,0.719,0.333,0.842,0.006471467
0.12,0.513,1.0,0.915,0.270488389
0.311,0.0,0.687,0.312,0.37149663
0.457,0.0,0.689,0.372,0.332053383
0.166,0.0,0.792,0.569,0.650411695
0.021,0.479,0.381,0.723,0.013757031
0.445,0.59,0.525,0.83,0.018023724
0.303,0.204,0.524,0.507,0.097283705
0.205,0.0,0.878,0.163,0.243559513
0.388,0.07,0.949,0.546,0.480494379
0.36,0.0,0.812,0.626,0.634802724
0.301,0.207,0.882,0.487,0.279033824
0.134,0.0,0.493,0.652,0.201606851
0.247,0.3,0.645,0.389,0.067931471
0.314,0.744,0.779,1.0,0.208876925
0.183,0.698,0.514,0.957,0.058179521
0.633,0.22,0.877,0.729,0.132544595
0.195,0.105,0.407,0.13,0.005085953
0.0,0.002,0.902,0.649,0.701310816
0.106,0.0,0.574,0.516,0.333616173
0.426,0.15,0.669,0.184,0.03694416
0.19,0.0,0.454,0.527,0.129677184
0.01,0.871,0.894,1.0,0.144769815
0.385,0.907,0.718,1.0,0.08104824
0.804,0.03,0.846,0.713,0.002597192
0.0,0.316,0.329,0.467,0.008483474
0.0,0.235,0.805,0.332,0.11949495
0.236,0.719,0.757,0.915,0.140274211
0.346,0.102,0.601,0.264,0.139819832
0.77,0.309,0.84,0.954,0.009941275
0.027,0.227,0.918,0.546,0.304940345
0.059,0.126,0.577,0.157,0.025687938
0.0,0.17,0.931,0.186,0.021737933
0.341,0.025,0.745,0.325,0.387324186
0.238,0.898,0.561,1.0,0.048780404
0.349,0.634,0.63,1.0,0.162167046
0.144,0.117,1.0,0.195,0.121105932
0.121,0.147,0.82,0.881,0.635930067
0.167,0.42,0.596,0.829,0.133296731
0.126,0.0,0.62,0.606,0.453357246
0.107,0.122,0.795,0.884,0.677326802
0.391,0.081,0.422,0.524,0.020849828
0.064,0.07,0.816,0.652,0.602378264
0.251,0.0,0.914,0.444,0.56031545
0.0,0.0,0.91,0.422,0.562377369
0.058,0.107,0.971,0.426,0.404888367
0.5,0.491,0.59,1.0,0.103975477
0.024,0.385,0.37,0.962,0.047856154
0.68,0.533,0.96,0.832,0.036522481
0.334,0.104,0.872,0.132,0.041985363
0.268,0.0,0.897,0.679,0.699501904
0.228,0.769,0.96,1.0,0.21031063
0.166,0.0,0.566,0.438,0.28865841
0.487,0.018,0.709,0.34,0.286068102
0.061,0.169,1.0,0.403,0.289222942
0.132,0.0,0.826,0.524,0.628592869
0.117,0.42,0.984,1.0,0.433676069
0.639,0.301,0.715,0.449,0.029887507
0.477,0.45,0.954,0.742,0.140876608
0.311,0.207,0.795,0.399,0.210561916
0.057,0.473,0.172,0.524,0.000187604
0.02,0.0,0.892,0.58,0.67137856
0.828,0.581,0.911,0.857,0.000325294
0.228,0.241,0.536,0.871,0.16329439
0.127,0.209,0.908,0.425,0.243988076
0.189,0.0,0.482,0.621,0.176882749
0.203,0.827,0.802,1.0,0.173660785
0.188,0.385,0.951,0.453,0.056374051
0.515,0.025,0.638,0.575,0.234871225
0.349,0.499,0.66,0.545,0.020488389
0.042,0.356,0.874,0.727,0.24748198
0.344,0.058,0.537,0.592,0.198892622
0.087,0.021,1.0,0.229,0.315249943
0.536,0.0,0.614,0.431,0.142711338
0.399,0.045,0.693,0.924,0.617272965
0.063,0.0,0.86,0.374,0.516794834
0.0,0.0,0.785,0.135,0.204431234
0.129,0.361,0.697,0.786,0.238151708
0.171,0.04,0.713,0.94,0.780782497
0.063,0.0,0.867,0.529,0.638201965
0.394,0.0,0.663,0.717,0.49443385
0.133,0.0,0.752,0.558,0.630405224
0.209,0.584,0.963,0.717,0.070301474
0.04,0.0,0.764,0.816,0.788358932
0.222,0.637,0.944,0.752,0.061432466
0.399,0.199,0.961,0.418,0.221406787
0.588,0.207,0.66,0.25,0.012359469
0.092,0.317,0.606,0.91,0.251008585
0.58,0.113,0.887,0.7,0.257588484
0.276,0.0,0.522,0.489,0.201045762
0.414,0.452,0.787,0.538,0.051296703
0.047,0.0,0.823,0.446,0.578877889
0.38,0.683,0.978,1.0,0.233366953
0.544,0.845,0.709,1.0,0.079480286
0.0,0.047,0.943,1.0,0.931168375
0.331,0.154,0.605,0.285,0.110505463
0.514,0.223,0.603,0.532,0.082829615
0.182,0.0,0.754,0.387,0.509406002
0.411,0.534,0.552,1.0,0.091905159
0.348,0.349,0.657,0.362,0.009688268
0.294,0.149,0.34,0.601,0.010994609
0.207,0.291,0.889,1.0,0.554093547
0.475,0.054,0.675,0.696,0.372932056
0.363,0.652,0.562,1.0,0.092856946
0.127,0.221,1.0,0.83,0.477680323
0.328,0.642,0.821,0.919,0.176285516
0.525,0.152,0.804,0.463,0.222690753
0.064,0.0,0.917,0.42,0.561268958
0.25,0.398,1.0,1.0,0.434257812
0.0,0.0,0.963,0.329,0.474730298
0.342,0.0,0.354,0.507,0.006514495
0.135,0.0,0.74,0.528,0.606631188
0.122,0.367,0.771,0.388,0.01868464
0.294,0.57,0.358,0.602,0.00081926
0.656,0.0,0.659,0.571,0.005757196
0.26,0.374,0.936,1.0,0.456102456
0.74,0.385,0.964,0.64,0.010729555
0.005,0.004,0.133,0.061,0.000912201
0.387,0.0,0.474,0.107,0.022689721
0.0,0.063,0.751,0.171,0.165302954
0.0,0.164,0.821,0.364,0.256256325
0.061,0.0,1.0,0.547,0.649731847
0.064,0.077,0.762,0.39,0.410408047
0.057,0.325,0.175,0.486,0.001564512
0.087,0.602,0.428,0.934,0.038574074
0.366,0.827,0.587,1.0,0.075828038
0.133,0.0,0.961,0.646,0.702682561
0.064,0.069,1.0,0.719,0.643719923
0.03,0.126,0.057,0.8,0.000456101
0.068,0.0,0.914,0.483,0.606364412
0.154,0.065,1.0,0.497,0.51345239
0.356,0.931,0.728,0.975,0.039336537
0.18,0.0,0.763,0.336,0.461589434
0.0,0.849,0.883,0.979,0.142768136
0.22,0.0,0.82,0.69,0.71272194
0.292,0.145,0.815,0.525,0.394521972
0.394,0.255,0.67,1.0,0.400370388
0.219,0.0,1.0,0.477,0.589900036
0.551,0.202,0.891,0.665,0.231718106
0.482,0.138,0.623,0.329,0.109973632
0.13,0.0,0.628,0.103,0.109011518
0.465,0.008,0.816,0.885,0.655888347
0.195,0.406,0.983,0.871,0.297498158
0.313,0.0,0.368,0.556,0.028190468
0.313,0.0,0.71,0.213,0.283985529
0.424,0.456,0.512,0.538,0.007755434
0.721,0.149,0.941,0.526,0.029465829
0.159,0.0,1.0,0.431,0.564119158
0.314,0.176,0.802,0.93,0.598092638
0.0,0.639,0.984,1.0,0.294085148
0.345,0.0,0.392,0.548,0.032278163
0.279,0.62,1.0,1.0,0.280668902
0.152,0.114,0.928,0.592,0.499537015
0.333,0.333,0.858,0.44,0.094089279
0.22,0.0,0.816,0.416,0.541315842
0.238,0.838,0.489,0.887,0.009423213
0.164,0.946,0.923,0.988,0.048730491
0.398,0.348,0.838,0.419,0.056553049
0.204,0.029,0.245,0.799,0.008166785
0.222,0.988,1.0,0.99,0.003316627
0.343,0.434,0.872,0.528,0.063012468
0.007,0.014,0.724,0.298,0.391355084
0.15,0.202,0.881,0.265,0.086839859
0.56,0.506,0.825,1.0,0.207971608
0.0,0.292,0.854,0.653,0.279975285
0.109,0.0,0.765,0.588,0.657864209
0.151,0.289,0.801,0.461,0.160423537
0.524,0.881,0.641,1.0,0.046807983
0.232,0.218,0.864,1.0,0.641917895
0.467,0.111,0.791,0.272,0.175803598
0.178,0.678,0.191,0.735,2.5817e-05
0.356,0.065,0.528,0.308,0.110035593
0.149,0.401,0.425,0.62,0.020552071
0.195,0.007,0.944,0.243,0.345889586
0.014,0.101,0.827,0.816,0.652502874
0.391,0.056,0.6,0.571,0.285202371
0.092,0.046,1.0,0.093,0.071625027
0.443,0.34,0.509,0.41,0.008404301
0.193,0.567,0.985,0.71,0.076282418
0.299,0.0,0.945,0.633,0.668005136
0.397,0.0,0.74,0.572,0.549890536
0.461,0.423,0.47,1.0,0.00555066
0.524,0.0,0.554,0.584,0.062907479
0.561,0.0,0.81,0.614,0.353200967
0.433,0.572,0.557,0.844,0.040945798
0.681,0.449,0.946,0.488,0.005786455
0.282,0.36,0.658,0.973,0.314874736
0.044,0.0,0.782,0.6,0.67606521
0.455,0.144,0.901,0.529,0.328907148
0.831,0.136,0.907,0.939,0.001530089
0.385,0.0,0.459,0.741,0.080762532
0.371,0.0,0.749,0.565,0.572853917
0.416,0.625,0.989,0.815,0.098269915
0.448,0.519,0.971,0.523,0.002910439
0.091,0.0,1.0,0.772,0.775474517
0.429,0.0,0.505,0.636,0.102455715
0.367,0.828,0.815,0.981,0.137002334
0.144,0.488,1.0,1.0,0.382296751
0.354,0.75,0.727,0.85,0.058432528
0.044,0.163,0.911,0.198,0.054043634
0.349,0.19,0.416,0.415,0.020228498
0.091,0.0,0.54,0.618,0.283763502
0.04,0.04,0.609,0.083,0.041028412
0.136,0.052,0.869,0.355,0.418015463
0.196,0.045,0.583,0.768,0.378742608
0.036,0.919,0.521,0.951,0.01418043
0.383,0.209,0.734,0.48,0.236325584
0.418,0.643,0.57,1.0,0.092111695
0.004,0.773,0.922,1.0,0.219596153
0.748,0.332,0.915,0.393,0.002227148
0.08,0.301,0.303,0.408,0.006029135
0.099,0.0,0.725,0.675,0.67598948
0.237,0.027,0.559,0.089,0.043494799
0.404,0.052,0.785,0.698,0.56184726
0.344,0.0,0.822,0.181,0.256901751
0.119,0.0,0.818,0.461,0.585046436
0.365,0.587,0.696,0.701,0.047787309
0.003,0.503,0.3,0.987,0.028930556
0.326,0.463,0.389,0.481,0.000721156
0.258,0.577,0.651,1.0,0.218093602
0.439,0.14,0.591,0.582,0.179951533
0.08,0.338,0.234,0.457,0.002363118
0.051,0.847,0.836,0.853,0.006984365
0.276,0.24,0.46,0.395,0.032715331
0.626,0.889,0.722,1.0,0.030331559
0.325,0.0,0.403,0.449,0.045518853
0.173,0.004,0.927,0.185,0.268507363
0.056,0.794,0.87,0.956,0.158027717
0.45,0.131,0.939,0.158,0.03024206
0.415,0.233,0.779,0.405,0.161272056
0.577,0.0,0.673,0.523,0.177958459
0.338,0.0,0.859,0.304,0.413285784
0.502,0.571,0.641,0.912,0.099500527
0.279,0.408,0.935,0.553,0.102488417
0.132,0.068,0.286,0.222,0.007824279
0.217,0.0,0.706,0.321,0.41377975
0.026,0.0,1.0,0.421,0.562608001
0.422,0.458,0.72,0.909,0.231540829
0.2,0.681,0.557,0.907,0.062220746
0.258,0.0,0.573,0.369,0.260955023
0.441,0.0,0.901,0.115,0.13905909
0.314,0.165,0.451,0.441,0.051499797
0.205,0.31,0.938,1.0,0.532181779
0.444,0.106,0.727,0.62,0.394134717
0.0,0.025,0.75,0.526,0.581394188
0.346,0.0,0.728,0.719,0.646637247
0.548,0.0,0.571,0.476,0.04734842
0.262,0.339,0.884,0.411,0.063824844
0.318,0.731,0.408,1.0,0.013837924
0.009,0.0,0.814,0.437,0.572686967
0.145,0.0,0.995,0.52,0.628277901
0.079,0.264,1.0,1.0,0.600240615
0.454,0.436,0.5,0.899,0.021138978
0.225,0.904,0.701,1.0,0.090698643
0.1,0.051,0.841,0.2,0.229969433
0.078,0.087,0.78,0.564,0.523090745
0.0,0.243,0.696,0.324,0.086924194
0.055,0.0,0.878,0.539,0.645737093
0.268,0.0,0.478,0.41,0.128529187
0.442,0.327,0.74,0.917,0.332099853
0.043,0.591,1.0,0.876,0.183889489
0.442,0.236,0.866,1.0,0.521934142
0.279,0.215,0.736,0.508,0.267662286
0.572,0.441,0.96,0.598,0.057587451
0.199,0.207,0.817,0.993,0.65750105
0.162,0.038,0.459,0.118,0.02810269
0.388,0.0,0.667,0.795,0.537859803
0.3,0.06,0.517,0.657,0.187548622
0.25,0.32,0.42,0.518,0.020822289
0.251,0.502,0.768,1.0,0.346967016
0.024,0.012,0.837,0.254,0.361185311
0.629,0.163,0.636,0.72,0.010037658
0.36,0.0,0.603,0.431,0.310019414
0.102,0.0,0.847,0.628,0.695455516
0.368,0.0,0.528,0.734,0.207212588
0.153,0.328,0.827,0.338,0.008798441
0.0,0.542,0.935,1.0,0.350588284
0.131,0.747,0.71,1.0,0.208954376
0.224,0.0,0.757,0.465,0.565401403
0.218,0.087,0.782,0.207,0.179927437
0.173,0.132,0.834,0.546,0.441175053
0.267,0.0,0.589,0.238,0.201455392
0.426,0.0,0.602,0.396,0.247865793
0.116,0.454,0.823,0.912,0.308005687
0.209,0.536,0.856,0.964,0.305640847
0.155,0.19,0.326,0.738,0.021961681
0.343,0.371,1.0,0.412,0.035732481
0.304,0.075,0.752,0.092,0.02867927
0.007,0.022,0.874,0.706,0.707305529
0.169,0.0,0.772,0.345,0.476274156
0.372,0.0,0.497,0.807,0.152191349
0.342,0.092,0.919,1.0,0.786104246
0.016,0.254,0.636,0.258,0.002382051
0.444,0.598,0.65,0.964,0.148991759
0.434,0.0,0.622,0.353,0.251366581
0.508,0.0,0.834,0.588,0.452586177
0.049,0.635,0.149,0.886,0.002934535
0.146,0.0,1.0,0.791,0.78233496
0.23,0.102,0.925,0.325,0.310303402
0.357,0.0,0.736,0.59,0.587430208
0.099,0.022,0.822,0.061,0.05543259
0.653,0.852,0.716,0.97,0.020395448
0.056,0.0,0.725,0.497,0.580564601
0.274,0.055,0.965,0.665,0.61441416
0.086,0.287,0.718,0.48,0.165690209
0.175,0.848,1.0,1.0,0.160421816
0.0,0.0,0.747,0.596,0.655458063
0.59,0.159,0.811,0.552,0.171240869
0.551,0.709,0.898,0.79,0.031135329
0.145,0.318,0.172,0.603,0.000640262
0.339,0.0,0.617,0.326,0.285734202
0.617,0.716,0.769,0.733,0.003402684
0.219,0.521,0.621,1.0,0.217038547
0.187,0.062,0.76,0.702,0.617278129
0.357,0.016,0.967,0.534,0.565389355
0.541,0.634,0.814,0.78,0.054165835
0.65,0.416,0.718,0.57,0.02170351
0.167,0.017,0.515,0.221,0.108371256
0.01,0.0,0.971,0.817,0.810177759
0.989,0.473,0.996,0.477,0.0
0.244,0.374,0.929,0.926,0.381277839
0.338,0.635,0.725,0.865,0.120013012
0.081,0.115,0.556,0.476,0.20406119
0.211,0.0,0.965,0.405,0.53623161
0.213,0.181,0.766,0.441,0.285248842
0.25,0.254,0.503,0.297,0.014960104
0.149,0.0,0.503,0.507,0.194094098
0.0,0.417,0.926,1.0,0.43910797
0.082,0.297,0.668,0.891,0.33702402
0.556,0.0,0.796,0.642,0.37213345
0.184,0.288,0.868,1.0,0.560821463
0.645,0.071,0.716,0.682,0.11640035
0.66,0.67,0.876,0.674,0.000270218
0.01,0.796,0.229,0.857,0.002860526
0.417,0.0,0.574,0.494,0.233387606
0.308,0.407,0.617,1.0,0.242165394
0.429,0.327,0.429,0.534,0.0
0.097,0.0,0.563,0.668,0.349610679
0.397,0.913,0.736,1.0,0.078239348
0.179,0.239,0.866,1.0,0.622212622
0.469,0.0,0.655,0.376,0.276255912
0.15,0.553,0.968,0.62,0.038398518
0.353,0.0,0.753,0.259,0.347559087
0.158,0.0,0.937,0.51,0.61967739
0.607,0.0,0.795,0.767,0.285364158
0.44,0.336,0.47,0.501,0.007101402
0.311,0.0,0.719,0.559,0.577976014
0.504,0.525,0.879,0.702,0.076191197
0.085,0.029,0.616,0.466,0.366524271
0.224,0.544,0.348,0.788,0.007764039
0.284,0.281,0.853,0.681,0.296248614
0.522,0.292,0.552,0.585,0.021348957
0.0,0.877,0.793,0.935,0.061504754
0.534,0.53,0.854,0.679,0.057635643
0.13,0.462,0.937,0.899,0.287154138
0.18,0.0,0.85,0.19,0.287155859
0.242,0.0,0.717,0.528,0.5752549
0.0,0.0,0.97,0.652,0.711684096
0.359,0.0,0.735,0.415,0.482504664
0.035,0.087,0.593,0.29,0.184047834
0.153,0.0,0.927,0.293,0.426915451
0.103,0.382,0.934,0.961,0.422507625
0.0,0.106,0.827,0.738,0.593462786
0.373,0.35,0.864,0.417,0.058356798
0.0,0.024,0.902,0.282,0.382436163
0.298,0.113,0.594,0.264,0.131864746
0.343,0.121,0.857,0.527,0.422583355
0.574,0.0,0.578,0.682,0.010182234
0.426,0.07,0.581,0.644,0.230441024
0.347,0.227,0.962,0.301,0.090745114
0.355,0.622,0.812,1.0,0.266132197
0.101,0.0,0.973,0.686,0.725423916
0.396,0.0,0.928,0.597,0.593932655
0.411,0.0,0.571,0.909,0.321896966
0.116,0.209,0.978,0.385,0.207997425
0.088,0.35,0.884,1.0,0.502433685
0.148,0.746,0.692,1.0,0.196667194
0.481,0.424,0.81,0.621,0.100149395
0.402,0.0,0.676,0.652,0.491812562
0.407,0.0,0.713,0.91,0.69114063
0.036,0.166,0.467,0.808,0.121083558
0.123,0.0,0.96,0.579,0.667068839
0.208,0.279,0.988,0.893,0.452238508
0.5,0.531,0.584,0.639,0.01618211
0.0,0.045,0.671,0.228,0.234797216
0.14,0.0,0.787,0.889,0.856615698
0.352,0.842,0.631,0.859,0.00759881
0.0,0.002,0.849,0.17,0.253934514
0.586,0.057,0.737,0.216,0.090877641
0.064,0.024,0.826,0.459,0.552344874
0.205,0.211,0.993,0.477,0.277252449
0.401,0.2,0.886,0.273,0.090483501
0.117,0.626,0.554,1.0,0.123978506
0.265,0.198,0.668,0.373,0.165803804
0.126,0.091,0.741,0.881,0.687935877
0.424,0.07,0.885,0.428,0.384620283
0.003,0.162,0.631,0.189,0.031586267
0.278,0.429,0.763,1.0,0.390460094
0.37,0.657,0.7,1.0,0.210396687
0.685,0.569,0.993,0.844,0.030111254
0.409,0.628,0.512,1.0,0.042401878
0.174,0.134,0.756,0.157,0.033694657
0.241,0.0,0.402,0.503,0.066952146
0.543,0.0,0.573,0.259,0.040548216
0.428,0.603,0.658,0.998,0.180443777
0.358,0.047,0.84,0.453,0.473386092
0.445,0.816,0.571,1.0,0.055301784
0.354,0.521,0.786,1.0,0.319557944
0.138,0.0,0.92,0.666,0.712164293
0.05,0.103,0.221,0.107,0.000123922
0.389,0.065,0.476,0.486,0.073535486
0.193,0.0,0.657,0.744,0.57176616
0.249,0.191,1.0,0.487,0.309045252
0.618,0.382,0.816,0.752,0.093010127
0.322,0.0,0.489,0.412,0.130181476
0.112,0.0,0.899,0.616,0.687801629
0.104,0.0,0.99,0.598,0.679820727
0.196,0.15,0.436,0.289,0.034371063
0.028,0.075,0.753,0.369,0.393091709
0.017,0.0,0.664,0.205,0.254717631
0.297,0.288,0.423,0.467,0.019750022
0.286,0.658,0.638,1.0,0.172003332
0.409,0.0,0.684,0.563,0.467343187
0.077,0.0,1.0,0.295,0.434794806
0.29,0.251,0.594,1.0,0.308836995
0.354,0.94,0.734,1.0,0.056162351
0.0,0.0,0.755,0.42,0.546916415
0.271,0.057,0.597,0.823,0.402181022
0.475,0.92,0.605,0.99,0.028977026
0.315,0.175,0.392,0.222,0.004920725
0.302,0.202,0.963,0.628,0.372339986
0.427,0.131,0.844,0.814,0.507054932
0.0,0.0,0.872,0.646,0.707787447
0.454,0.027,0.588,0.223,0.110558818
0.122,0.0,0.981,0.603,0.681705369
0.346,0.0,0.869,0.973,0.884802724
0.443,0.757,0.822,0.905,0.097166668
0.157,0.679,0.933,0.86,0.115806558
0.294,0.047,0.418,0.864,0.079210068
0.574,0.0,0.588,0.543,0.029985611
0.295,0.24,0.622,0.583,0.186922129
0.603,0.705,0.67,1.0,0.051745919
0.169,0.487,0.612,0.544,0.020688041
0.028,0.0,0.714,0.334,0.446150854
0.035,0.167,0.822,0.96,0.692684488
0.347,0.739,0.654,1.0,0.146632083
0.212,0.153,0.538,1.0,0.274624276
0.204,0.646,0.952,0.871,0.141093471
0.079,0.669,0.628,0.687,0.006664234
0.489,0.571,0.568,1.0,0.072915878
0.574,0.453,0.631,0.624,0.018249193
0.865,0.485,0.998,0.528,3.442e-06
0.139,0.528,0.702,1.0,0.308539238
0.107,0.127,0.865,0.693,0.53385128
0.0,0.0,0.71,0.605,0.625668661
0.499,0.0,0.538,0.609,0.069043324
0.198,0.249,0.926,0.795,0.413883018
0.519,0.609,0.545,0.891,0.014426552
0.298,0.496,0.488,0.542,0.006655628
0.295,0.0,0.507,0.439,0.165333935
0.315,0.0,0.317,0.453,0.000509456
0.0,0.301,0.819,0.571,0.222193345
0.508,0.035,0.548,0.748,0.081022423
0.435,0.233,0.694,0.706,0.266577971
0.227,0.176,0.561,1.0,0.313330878
0.637,0.0,0.666,0.395,0.043813209
0.07,0.932,0.642,0.991,0.050279512
0.704,0.602,0.865,0.903,0.024923754
0.0,0.728,0.915,1.0,0.246469952
0.24,0.0,0.496,0.604,0.187395441
0.333,0.0,0.658,0.326,0.340643567
0.366,0.0,0.415,0.584,0.039426036
0.149,0.004,0.834,0.728,0.731673356
0.169,0.024,0.729,0.364,0.444519218
0.374,0.207,0.84,0.477,0.25588456
0.442,0.563,0.625,0.593,0.008302755
0.301,0.746,0.839,1.0,0.212658258
0.165,0.007,0.661,0.459,0.450661948
0.938,0.193,0.967,0.791,0.0
0.358,0.385,0.499,0.742,0.039968193
0.15,0.181,0.687,0.381,0.211670327
0.188,0.26,0.499,0.793,0.101961749
0.028,0.788,0.731,0.993,0.19183769
0.461,0.59,0.576,1.0,0.092784658
0.252,0.205,0.82,0.427,0.244504416
0.0,0.0,0.885,0.716,0.744862412
0.238,0.023,0.498,0.688,0.190202612
0.18,0.085,0.809,0.427,0.430944628
0.092,0.0,0.905,0.627,0.696407303
0.234,0.567,0.371,0.912,0.017583114
0.569,0.0,0.636,0.565,0.132415509
0.26,0.0,0.819,0.493,0.59064873
0.455,0.0,0.575,0.557,0.206105898
0.0,0.0,0.905,0.821,0.811718174
0.055,0.335,0.436,0.965,0.083435454
0.397,0.0,0.55,0.539,0.206735833
0.501,0.742,0.514,1.0,0.006373362
0.241,0.425,0.623,1.0,0.256097981
0.203,0.124,0.513,0.709,0.172557538
0.0,0.0,0.876,0.446,0.581433774
0.0,0.808,0.934,0.898,0.082308111
0.878,0.303,0.914,0.947,0.000132527
0.277,0.0,0.55,0.279,0.175409458
0.0,0.0,0.815,0.483,0.604811949
0.077,0.307,0.984,0.343,0.04029693
0.138,0.771,0.867,0.828,0.040033597
0.244,0.739,1.0,1.0,0.224427378
0.187,0.864,0.907,1.0,0.144403214
0.405,0.0,0.7,0.714,0.561145037
0.501,0.315,0.933,0.925,0.333258177
0.483,0.126,0.62,0.696,0.213541201
0.19,0.312,1.0,1.0,0.531710188
0.529,0.144,0.57,0.813,0.082316716
0.157,0.0,0.486,0.518,0.17130283
0.158,0.0,1.0,0.508,0.618255733
0.0,0.0,0.875,0.396,0.540579196
0.11,0.298,0.997,0.49,0.173936167
0.113,0.577,0.532,0.649,0.013440342
0.246,0.115,0.702,0.707,0.488046718
0.266,0.124,0.406,0.703,0.05658575
0.107,0.247,0.593,0.426,0.115085403
0.296,0.0,0.955,0.657,0.681269922
0.438,0.293,0.514,0.341,0.008299312
0.153,0.229,0.309,0.429,0.010035937
0.064,0.197,0.612,0.446,0.18175184
0.274,0.191,0.849,0.781,0.472744109
0.219,0.402,0.394,0.611,0.013788011
0.028,0.123,0.775,0.538,0.452219575
0.239,0.0,0.873,0.658,0.694285144
0.214,0.0,0.445,0.518,0.115088845
0.622,0.481,0.871,0.595,0.029684413
0.011,0.06,0.998,0.55,0.565977983
0.035,0.345,0.753,0.955,0.43633178
0.001,0.0,0.909,0.646,0.708305508
0.085,0.178,0.775,0.533,0.358292083
0.339,0.3,0.479,0.417,0.022615712
0.156,0.0,0.51,0.651,0.226818035
0.484,0.055,0.954,0.939,0.62659291
0.245,0.842,1.0,1.0,0.157981247
0.545,0.065,0.779,0.185,0.099738043
0.143,0.009,0.728,0.429,0.516755248
0.202,0.0,0.876,0.325,0.461073093
0.163,0.175,0.701,0.53,0.326600828
0.046,0.0,0.984,0.614,0.691687951
0.258,0.52,0.861,1.0,0.342700323
0.403,0.221,0.784,0.579,0.286002699
0.297,0.0,0.826,0.613,0.655716233
0.495,0.116,0.811,0.373,0.23389362
0.271,0.0,0.657,0.437,0.427867239
0.295,0.0,0.799,0.298,0.413803846
0.12,0.007,1.0,0.309,0.434371407
0.302,0.0,0.915,0.662,0.682077134
0.24,0.632,0.518,1.0,0.07604318
0.265,0.073,0.816,0.177,0.157432204
0.494,0.0,0.599,0.619,0.216086759
0.286,0.419,0.812,1.0,0.408762642
0.111,0.0,0.643,0.546,0.47446008
0.375,0.357,0.692,1.0,0.360742979
0.301,0.232,0.914,0.73,0.381212436
0.255,0.771,0.874,0.943,0.143904085
0.19,0.0,0.45,0.45,0.116130132
0.872,0.194,0.891,0.36,0.00010671
0.32,0.099,0.917,0.211,0.163645501
0.116,0.0,0.775,0.83,0.80018485
0.377,0.249,0.751,0.718,0.319525242
0.792,0.238,0.793,0.847,0.000149739
0.29,0.0,0.688,0.656,0.582394167
0.651,0.092,0.818,0.905,0.19145904
0.256,0.0,0.982,0.474,0.581065451
0.225,0.0,0.712,0.548,0.582991401
0.396,0.663,0.556,1.0,0.07850096
0.549,0.612,0.77,0.849,0.08829766
0.277,0.116,0.678,0.425,0.315045128
0.057,0.72,0.655,1.0,0.185366223
0.24,0.475,0.802,0.525,0.036047448
0.288,0.267,0.779,0.889,0.440798125
0.076,0.171,0.551,0.207,0.026951251
0.195,0.004,0.737,0.347,0.451348681
0.339,0.323,0.715,0.477,0.116608607
0.788,0.572,0.992,0.682,0.000433726
0.414,0.211,0.851,0.312,0.112875466
0.179,0.304,0.8,0.319,0.015574549
0.32,0.749,0.845,0.985,0.1953402
0.462,0.618,0.811,0.896,0.151365204
0.431,0.091,0.729,0.514,0.378830386
0.467,0.684,0.894,1.0,0.208906184
0.287,0.662,0.63,1.0,0.163020729
0.469,0.135,0.681,1.0,0.471071165
0.112,0.035,0.537,0.188,0.100008261
0.161,0.707,0.273,0.798,0.002450896
0.313,0.0,0.484,0.722,0.16082284
0.28,0.267,0.712,0.327,0.060114077
0.386,0.581,0.928,0.722,0.067408246
0.298,0.218,0.873,0.828,0.460329563
0.146,0.163,0.507,1.0,0.219069486
0.414,0.743,0.725,1.0,0.179349136
0.053,0.124,0.469,0.233,0.043188437
0.24,0.076,0.576,0.158,0.066304999
0.368,0.0,0.787,0.253,0.342216684
0.406,0.277,0.954,0.7,0.280820362
0.497,0.047,0.961,0.32,0.269923857
0.042,0.719,0.947,0.918,0.158571596
0.429,0.458,0.668,1.0,0.246036226
0.074,0.0,0.893,0.13,0.197944277
0.23,0.0,0.656,0.657,0.530390078
0.54,0.245,0.802,0.272,0.019593399
0.338,0.0,0.591,0.545,0.336724543
0.443,0.0,0.9,0.407,0.438032261
0.166,0.595,0.489,0.718,0.012280297
0.823,0.592,0.893,0.893,0.000493966
0.644,0.018,0.689,0.954,0.119901138
0.061,0.826,0.893,0.889,0.058482441
0.097,0.69,0.738,0.782,0.050251974
0.199,0.572,0.871,1.0,0.321416769
0.045,0.042,0.8,0.292,0.365162854
0.198,0.0,0.713,0.75,0.689810193
0.0,0.0,0.774,0.274,0.402051937
0.376,0.249,0.78,1.0,0.54320909
0.486,0.328,0.612,0.355,0.009450751
0.284,0.6,0.597,1.0,0.154568236
0.594,0.0,0.638,0.54,0.080461333
0.334,0.455,0.971,0.484,0.020373073
0.149,0.42,0.49,0.738,0.042907892
0.719,0.289,0.916,0.406,0.008671077
0.175,0.761,1.0,1.0,0.221689053
0.221,0.0,0.757,0.489,0.582487109
0.335,0.0,0.745,0.034,0.046000771
0.136,0.135,0.983,0.732,0.543291705
0.278,0.754,0.925,0.779,0.013999711
0.697,0.298,0.975,0.89,0.061585647
0.447,0.0,0.611,0.722,0.328963946
0.069,0.181,0.812,0.546,0.367961419
0.422,0.224,0.792,0.459,0.207505181
0.068,0.395,0.578,0.494,0.036190302
0.432,0.664,0.468,0.711,0.00071255
0.283,0.076,0.73,0.436,0.415132562
0.221,0.386,0.947,0.458,0.057978148
0.388,0.244,0.474,0.667,0.04248105
0.379,0.0,0.684,0.649,0.525607044
0.143,0.285,0.949,0.338,0.060682051
0.399,0.0,0.513,0.519,0.133663332
0.274,0.0,0.356,0.392,0.024369548
0.291,0.037,0.418,0.152,0.020601984
0.142,0.97,0.997,0.98,0.010078966
0.37,0.026,0.473,0.38,0.078988042
0.429,0.601,0.711,0.8,0.087092866
0.276,0.187,0.842,0.502,0.320394415
0.466,0.0,0.556,0.594,0.154132789
0.0,0.0,0.737,0.635,0.668638513
0.134,0.0,0.924,0.636,0.696722271
0.429,0.005,0.802,0.722,0.606667332
0.0,0.0,0.771,0.33,0.466112576
0.215,0.091,0.368,0.476,0.035691173
0.165,0.0,0.848,0.611,0.679151205
0.344,0.0,0.582,0.87,0.396131233
0.284,0.449,0.61,1.0,0.220773409
0.019,0.0,0.918,0.336,0.480336034
0.44,0.664,0.513,1.0,0.032269557
0.542,0.271,0.663,0.38,0.043716825
0.711,0.432,0.757,0.61,0.010147811
0.073,0.487,0.685,1.0,0.318151777
0.168,0.006,1.0,0.494,0.59271065
0.401,0.909,0.785,1.0,0.084487067
0.06,0.517,0.644,1.0,0.256538591
0.762,0.193,0.971,0.66,0.011894763
0.511,0.295,0.711,0.404,0.064965956
0.086,0.748,0.977,0.88,0.100813753
0.313,0.538,0.746,1.0,0.304599561
0.424,0.344,0.549,1.0,0.12261881
0.001,0.0,1.0,0.182,0.280885765
0.094,0.0,1.0,0.42,0.560213903
0.541,0.02,0.618,0.164,0.054267382
0.22,0.574,0.97,0.914,0.225315484
0.0,0.0,0.68,0.306,0.383468844
0.307,0.104,0.761,0.234,0.18501339
0.202,0.0,0.529,0.577,0.243883087
0.571,0.029,0.644,0.932,0.191500348
0.342,0.0,0.954,0.537,0.598588325
0.156,0.331,0.928,0.781,0.304640868
0.348,0.697,0.732,1.0,0.214863032
0.365,0.733,0.494,0.871,0.010824217
0.204,0.555,0.8,1.0,0.329278913
0.438,0.0,0.611,0.357,0.234322183
0.158,0.0,0.485,0.551,0.175197758
0.159,0.707,0.821,1.0,0.251612703
0.767,0.112,0.98,0.891,0.016479866
0.417,0.0,0.42,0.247,0.001760721
0.039,0.319,0.42,0.644,0.036050891
0.405,0.137,0.674,0.307,0.166125657
0.0,0.0,0.821,0.492,0.61288235
0.172,0.0,1.0,0.155,0.233167301
0.0,0.674,0.915,1.0,0.276433189
0.0,0.461,0.87,0.727,0.159143013
0.219,0.788,1.0,0.835,0.032574198
0.645,0.592,0.951,0.954,0.078967388
0.428,0.081,0.699,0.886,0.532343566
0.233,0.0,0.568,0.334,0.239415021
0.096,0.0,0.732,0.251,0.363257558
0.211,0.291,0.973,0.694,0.299207245
0.335,0.519,0.749,1.0,0.312561531
0.067,0.0,0.968,0.488,0.610613894
0.02,0.254,0.036,0.433,2.5817e-05
0.0,0.716,0.891,0.762,0.027551927
0.217,0.0,0.542,0.522,0.255956848
0.312,0.0,0.593,0.46,0.323433939
0.365,0.406,0.91,0.614,0.130252043
0.318,0.23,0.991,0.298,0.084564518
0.043,0.53,0.945,1.0,0.359145766
0.008,0.071,0.02,0.447,5.6797e-05
0.026,0.696,0.7,0.967,0.198873689
0.512,0.0,0.581,0.573,0.142892057
0.367,0.0,0.38,0.663,0.010581537
0.257,0.0,0.954,0.006,0.01395324
0.302,0.196,0.451,0.723,0.067007222
0.044,0.0,0.692,0.362,0.44892016
0.289,0.14,0.601,0.344,0.163313322
0.491,0.0,0.654,0.309,0.215895713
0.03,0.442,0.93,0.983,0.400304985
0.487,0.0,0.607,0.259,0.139442903
0.156,0.285,0.559,0.288,0.001748673
0.532,0.126,0.923,0.751,0.357302431
0.137,0.257,0.743,0.471,0.201161078
0.182,0.245,0.847,0.444,0.205605048
0.2,0.086,0.369,0.68,0.047193518
0.25,0.32,0.682,0.408,0.06974899
0.142,0.473,1.0,0.954,0.341094504
0.248,0.048,0.358,0.326,0.022496954
0.366,0.0,0.843,0.508,0.564620008
0.48,0.476,0.652,1.0,0.191749912
0.385,0.723,0.574,1.0,0.086588573
0.385,0.346,0.518,0.71,0.049221014
0.499,0.403,0.763,0.947,0.275758504
0.203,0.744,0.722,0.817,0.043164341
0.097,0.095,0.793,0.449,0.432486764
0.161,0.099,0.958,0.296,0.283458861
0.396,0.0,0.79,0.523,0.548048922
0.502,0.0,0.594,0.579,0.18733348
0.023,0.409,0.052,0.567,1.8932e-05
0.407,0.179,0.441,0.283,0.008149574
0.445,0.389,0.733,0.857,0.232592442
0.251,0.0,0.729,0.797,0.721718312
0.496,0.186,0.885,0.981,0.501497387
0.658,0.684,0.691,0.854,0.01290679
0.048,0.0,0.83,0.813,0.802795811
0.386,0.052,0.437,0.315,0.028617309
0.555,0.0,0.748,0.311,0.218825085
0.151,0.015,0.412,0.438,0.07765072
0.429,0.098,0.786,0.863,0.57486076
0.097,0.82,0.895,0.93,0.105641536
0.3,0.0,0.921,0.529,0.608114807
0.008,0.439,0.147,0.457,0.000108431
0.442,0.035,0.56,0.138,0.045374278
0.104,0.239,0.946,0.862,0.480418649
0.311,0.0,0.546,0.15,0.089972324
0.0,0.022,0.879,0.362,0.476072783
0.17,0.0,0.745,0.263,0.375143715
0.23,0.351,0.595,0.433,0.040171287
0.239,0.137,0.966,0.94,0.696044144
0.646,0.155,0.804,0.836,0.160669659
0.386,0.51,0.952,0.862,0.19376364
0.297,0.849,0.628,0.957,0.067230969
0.431,0.0,0.666,0.514,0.393577069
0.51,0.205,0.78,0.7,0.285601674
0.371,0.054,0.516,0.741,0.162292689
0.045,0.0,0.853,0.526,0.636739
0.091,0.654,1.0,0.74,0.046128135
0.235,0.0,0.398,0.823,0.082122228
0.185,0.193,0.69,0.545,0.296949116
0.0,0.013,0.885,0.737,0.735241269
0.042,0.23,1.0,0.947,0.587777877
0.799,0.051,0.992,0.151,0.001277082
0.411,0.227,0.893,0.572,0.275137174
0.514,0.552,0.655,1.0,0.149780039
0.353,0.229,0.96,0.671,0.343280345
0.589,0.146,0.862,0.446,0.145912649
0.319,0.0,0.954,0.268,0.378167749
0.487,0.39,0.63,0.844,0.12084432
0.485,0.554,0.956,0.912,0.187966858
0.046,0.246,1.0,0.931,0.550023063
0.239,0.0,0.635,0.55,0.447353927
0.412,0.0,0.622,0.252,0.207121368
0.201,0.768,0.775,1.0,0.209499976
0.277,0.0,0.617,0.448,0.366145622
0.035,0.0,0.68,0.539,0.544746064
0.177,0.051,0.768,0.287,0.335645391
0.248,0.832,0.372,0.93,0.007829442
0.004,0.0,0.673,0.248,0.313003862
0.156,0.545,0.688,0.752,0.095868932
0.317,0.0,0.327,0.554,0.003438827
0.285,0.901,1.0,0.932,0.030398684
0.464,0.24,0.76,1.0,0.475694134
0.0,0.032,0.905,0.268,0.352765519
0.357,0.945,0.817,0.974,0.028362581
0.42,0.0,0.733,0.644,0.557265599
0.287,0.191,0.585,0.485,0.165602432
0.0,0.0,0.921,0.397,0.541102421
0.115,0.0,0.784,0.797,0.780102648
0.0,0.109,0.742,0.191,0.122491446
0.161,0.051,0.483,0.822,0.181696764
0.421,0.05,0.843,0.827,0.627389796
0.285,0.0,0.453,0.319,0.082327043
0.042,0.0,0.777,0.765,0.762670995
0.227,0.0,0.593,0.713,0.419354506
0.222,0.0,0.506,0.443,0.179008351
0.114,0.099,0.418,0.464,0.067769685
0.249,0.429,0.258,0.628,0.000165229
0.0,0.388,0.912,1.0,0.465413795
0.846,0.565,0.938,0.972,0.000413072
0.289,0.0,1.0,0.105,0.149496052
0.029,0.162,0.536,0.237,0.04775805
0.0,0.119,0.889,0.347,0.312905758
0.0,0.037,0.9,0.613,0.63414525
0.108,0.25,0.434,0.496,0.042384667
0.167,0.0,1.0,0.3,0.437462565
0.436,0.017,0.598,0.41,0.225329253
0.498,0.134,0.601,0.546,0.13745155
0.755,0.262,0.788,0.29,0.00075902
0.23,0.176,0.861,0.501,0.341115158
0.0,0.0,0.708,0.524,0.580346017
0.177,0.0,0.778,0.711,0.721152059
0.54,0.332,0.596,0.463,0.020445361
0.41,0.0,0.445,0.802,0.041376082
0.026,0.0,0.939,0.81,0.803609908
0.32,0.0,0.736,0.618,0.620140376
0.415,0.165,0.462,0.247,0.011003215
0.241,0.663,0.851,1.0,0.264615877
0.202,0.0,0.743,0.633,0.658815997
0.15,0.0,1.0,0.508,0.618940745
0.193,0.513,0.6,0.679,0.053393045
0.401,0.18,0.416,0.481,0.006533428
0.335,0.568,0.379,0.634,0.001676385
0.109,0.0,0.645,0.572,0.488879748
0.148,0.045,0.785,0.183,0.207019821
0.677,0.473,0.788,0.626,0.022207803
0.315,0.346,0.935,0.826,0.305630521
0.637,0.0,0.672,0.655,0.071724852
0.438,0.109,0.489,0.352,0.034720453
0.715,0.227,0.748,0.28,0.00295691
0.209,0.135,0.871,0.467,0.383969694
0.142,0.175,0.599,0.319,0.122000923
0.248,0.107,0.395,0.288,0.026052818
0.098,0.0,0.58,0.291,0.241945089
0.06,0.0,1.0,0.668,0.71933454
0.025,0.0,0.957,0.426,0.567673301
0.484,0.153,0.635,0.242,0.058091743
0.078,0.0,0.937,0.86,0.842166771
0.47,0.554,0.542,0.749,0.017720804
0.853,0.15,0.876,0.797,0.000313247
0.458,0.666,0.506,1.0,0.021705232
0.483,0.495,0.551,1.0,0.062365321
0.5,0.852,0.746,1.0,0.104240532
0.468,0.0,0.567,0.648,0.186474634
0.0,0.0,0.782,0.568,0.656912422
0.287,0.0,0.819,0.827,0.775099309
0.139,0.201,1.0,0.516,0.31829291
0.272,0.602,0.6,0.648,0.014113306
0.228,0.069,0.852,0.242,0.258688289
0.314,0.044,0.802,0.167,0.182120163
0.516,0.042,0.566,0.135,0.0212629
0.515,0.0,0.691,0.471,0.314241358
0.477,0.546,0.61,0.888,0.083497415
0.058,0.387,0.115,0.462,0.000161787
0.787,0.007,0.911,0.281,0.004225386
0.287,0.183,0.841,0.783,0.482669893
0.241,0.03,0.909,0.22,0.283854722
0.202,0.0,0.801,0.051,0.07537538
0.227,0.164,0.444,0.663,0.078845187
0.022,0.298,0.848,0.81,0.364343594
0.054,0.057,0.635,0.232,0.196291987
0.043,0.272,0.288,0.672,0.012302672
0.367,0.465,0.7,0.897,0.213747737
0.14,0.221,0.858,0.573,0.32748377
0.0,0.171,0.933,0.335,0.217389658
0.106,0.0,0.775,0.73,0.737067393
0.247,0.041,0.78,0.797,0.702432996
0.0,0.583,0.91,1.0,0.325776404
0.246,0.087,0.486,0.147,0.024149243
0.382,0.0,0.421,0.582,0.032978665
0.084,0.0,0.557,0.578,0.315384192
0.278,0.065,0.599,0.479,0.293164341
0.318,0.0,0.419,0.553,0.067304978
0.0,0.198,0.771,0.919,0.588285612
0.504,0.0,0.645,0.498,0.260023889
0.429,0.13,0.542,0.27,0.056553049
0.177,0.0,0.651,0.462,0.445362574
0.425,0.0,0.796,0.229,0.285815095
0.21,0.508,0.805,0.842,0.198286782
0.383,0.327,0.722,0.554,0.14967505
0.218,0.0,0.789,0.539,0.626179838
0.823,0.369,0.967,0.673,0.000163508
0.068,0.498,1.0,1.0,0.380449973
0.771,0.382,0.818,0.998,0.008383648
0.0,0.0,0.768,0.466,0.584769334
0.097,0.113,0.945,0.864,0.67557985
0.476,0.015,0.502,0.079,0.005297653
0.327,0.35,0.744,0.372,0.019781003
0.315,0.0,0.766,0.343,0.450758332
0.443,0.0,0.872,0.476,0.481413465
0.11,0.452,0.77,1.0,0.401175879
0.055,0.0,0.581,0.463,0.333199659
0.46,0.664,0.62,0.686,0.004793361
0.188,0.15,0.706,0.227,0.105519335
0.148,0.109,0.831,0.847,0.65663704
0.185,0.0,0.46,0.299,0.096832768
0.347,0.0,1.0,0.147,0.206006072
0.195,0.174,1.0,0.349,0.22406594
0.38,0.123,0.908,0.343,0.270108018
0.149,0.125,0.571,0.608,0.254325212
0.136,0.461,0.931,0.874,0.261423172
0.325,0.18,0.39,0.765,0.028693039
0.083,0.327,0.803,0.663,0.244628338
0.113,0.206,0.767,0.582,0.345090979
0.268,0.854,0.7,0.99,0.120529352
0.162,0.565,1.0,0.885,0.20250012
0.189,0.557,0.779,1.0,0.326530261
0.28,0.925,0.478,1.0,0.017269867
0.505,0.809,0.934,0.815,0.00321508
0.12,0.136,0.514,0.615,0.160151598
0.442,0.547,0.58,0.615,0.013397314
0.009,0.007,0.738,0.265,0.368820265
0.117,0.0,0.933,0.376,0.521450504
0.239,0.201,0.706,0.211,0.010478269
0.057,0.905,0.508,0.998,0.036648124
0.346,0.0,0.751,0.481,0.54167728
0.004,0.485,0.86,1.0,0.389153752
0.284,0.467,0.845,0.739,0.155661157
0.536,0.04,0.547,0.115,0.003796823
0.557,0.281,0.559,0.419,0.000876058
0.046,0.51,0.376,0.886,0.027503735
0.379,0.697,0.44,0.892,0.005616063
0.673,0.298,0.836,0.636,0.055673549
0.183,0.0,1.0,0.731,0.743005308
0.281,0.388,0.78,0.801,0.251550742
0.42,0.047,0.957,0.391,0.390482469
0.0,0.0,0.748,0.881,0.832065431
0.78,0.715,0.811,0.786,0.000354554
0.368,0.0,0.674,0.465,0.436722477
0.501,0.498,0.534,0.954,0.025335105
0.144,0.426,0.5,0.446,0.00371593
0.0,0.0,0.735,0.606,0.653026099
0.463,0.311,0.497,0.35,0.002950025
0.355,0.044,0.762,0.44,0.458195356
0.0,0.0,0.85,0.652,0.710276208
0.041,0.0,0.85,0.553,0.65446841
0.395,0.395,0.583,0.636,0.063057217
0.336,0.544,0.68,0.718,0.073223961
0.065,0.341,0.279,0.499,0.004581661
0.209,0.504,0.371,0.8,0.01320971
0.236,0.0,0.713,0.454,0.527441774
0.0,0.0,0.839,0.547,0.648921193
0.082,0.0,0.776,0.651,0.698766979
0.236,0.684,0.916,1.0,0.254745169
0.012,0.0,0.736,0.556,0.626038705
0.22,0.293,0.848,1.0,0.547680599
0.427,0.0,0.602,0.795,0.351694974
0.494,0.0,0.727,0.143,0.14206247
0.065,0.193,0.595,0.402,0.151781719
0.034,0.088,0.048,0.611,0.000237517
0.0,0.689,0.935,1.0,0.267763833
0.021,0.0,0.97,0.402,0.546410401
0.12,0.0,0.98,0.222,0.334974149
0.505,0.03,0.71,0.932,0.525350595
0.039,0.312,0.99,0.477,0.148563197
0.148,0.16,0.461,0.283,0.039426036
0.221,0.0,0.607,0.471,0.369830571
0.189,0.51,0.58,0.905,0.123099007
0.0,0.0,0.645,0.506,0.465523948
0.0,0.0,0.94,0.74,0.759161601
0.4,0.0,0.723,0.59,0.543599788
0.498,0.132,0.622,0.619,0.179621075
0.138,0.893,0.488,0.938,0.013949798
0.028,0.031,0.836,0.663,0.666574873
0.0,0.0,0.824,0.185,0.283414112
0.497,0.86,0.63,0.89,0.011836244
0.064,0.0,0.673,0.319,0.384207211
0.402,0.0,0.521,0.526,0.145265502
0.397,0.0,0.801,0.835,0.712277888
0.1,0.485,0.311,0.995,0.030405568
0.66,0.211,0.768,0.733,0.093440411
0.278,0.513,0.855,1.0,0.344070346
0.409,0.104,0.451,0.607,0.035744529
0.28,0.0,0.399,0.519,0.057275925
0.408,0.404,0.663,0.778,0.145539163
0.0,0.035,0.93,0.359,0.454584415
0.344,0.0,0.805,0.594,0.626078291
0.318,0.601,0.865,0.921,0.201648159
0.07,0.0,0.582,0.6,0.378629013
0.382,0.48,0.758,1.0,0.328284097
0.0,0.093,0.747,0.345,0.339438772
0.003,0.103,0.934,0.597,0.523622576
0.139,0.647,0.893,0.976,0.260645219
0.201,0.117,0.797,0.678,0.534761761
0.315,0.249,1.0,0.501,0.235704254
0.34,0.0,0.593,0.395,0.288524161
0.276,0.0,0.939,0.39,0.512669274
0.17,0.0,0.979,0.124,0.182275065
0.322,0.655,0.779,0.961,0.211073093
0.559,0.096,0.578,0.121,0.002445733
0.272,0.252,0.592,0.298,0.032522564
0.04,0.073,0.734,0.449,0.451586198
0.322,0.07,1.0,0.491,0.478912656
0.95,0.418,0.992,0.526,0.0
0.355,0.109,0.365,0.625,0.005369941
0.702,0.325,0.807,0.863,0.048029989
0.172,0.0,0.665,0.444,0.459107557
0.12,0.104,1.0,0.396,0.380300235
0.229,0.0,0.831,0.79,0.768120108
0.079,0.045,0.808,0.749,0.689536533
0.566,0.0,0.574,0.255,0.010541951
0.227,0.0,0.451,0.499,0.117706691
0.216,0.272,0.323,0.503,0.008488637
0.18,0.0,1.0,0.461,0.582834778
0.167,0.6,1.0,1.0,0.309282769
0.104,0.0,0.526,0.491,0.230275795
0.035,0.0,0.697,0.409,0.493874481
0.488,0.056,0.662,1.0,0.460718539
0.252,0.0,0.789,0.558,0.630327773
0.205,0.032,0.452,0.095,0.019827473
0.077,0.0,0.636,0.287,0.310429044
0.713,0.283,0.813,0.414,0.010753651
0.216,0.843,0.949,0.891,0.043090332
0.3,0.0,0.498,0.717,0.18634727
0.248,0.668,0.583,1.0,0.128209056
0.48,0.035,0.584,0.537,0.175254556
0.566,0.092,0.729,0.186,0.06218116
0.285,0.119,0.384,0.72,0.039945819
0.0,0.0,0.718,0.591,0.628876856
0.202,0.442,0.936,0.613,0.109625963
0.383,0.685,0.628,1.0,0.139391269
0.324,0.039,0.974,0.773,0.677242467
0.088,0.0,0.546,0.829,0.340714133
0.023,0.39,0.24,0.691,0.003459481
0.166,0.0,0.984,0.609,0.680576305
0.514,0.231,0.774,0.242,0.009146111
0.141,0.6,1.0,1.0,0.311580484
0.214,0.0,0.715,0.721,0.67368316
0.078,0.106,0.553,0.332,0.150707731
0.078,0.049,0.579,0.079,0.026028722
0.137,0.0,0.919,0.697,0.727855879
0.103,0.3,0.837,0.527,0.198405541
0.125,0.0,0.516,0.527,0.219386174
0.384,0.099,0.932,0.229,0.17773299
0.161,0.527,0.942,0.646,0.069635395
0.449,0.094,0.484,0.134,0.004617805
0.627,0.637,0.683,0.978,0.046585957
0.029,0.646,0.122,0.838,0.001196189
0.495,0.0,0.69,0.376,0.297415544
0.01,0.643,1.0,1.0,0.292744384
0.123,0.847,0.742,1.0,0.15718264
0.37,0.0,0.659,0.783,0.528915065
0.016,0.0,0.896,0.761,0.7707173
0.062,0.601,0.863,1.0,0.313688874
0.311,0.409,0.798,1.0,0.408695517
0.406,0.0,0.435,0.489,0.027643147
0.378,0.0,0.506,0.347,0.111360867
0.065,0.0,1.0,0.748,0.76199631
0.528,0.348,0.822,0.636,0.137938631
0.076,0.084,0.951,0.754,0.639093513
0.301,0.226,0.401,0.268,0.004714188
0.243,0.0,0.709,0.829,0.716782097
0.117,0.271,1.0,0.773,0.372758222
0.479,0.0,0.607,0.477,0.222902453
0.219,0.0,0.808,0.458,0.572561324
0.0,0.093,0.835,0.507,0.484375538
0.5,0.437,0.782,0.699,0.118754862
0.228,0.0,0.609,0.353,0.314838592
0.355,0.178,0.53,0.178,0.0
0.577,0.0,0.746,0.617,0.292744384
0.04,0.911,0.928,0.933,0.025319615
0.175,0.064,1.0,0.419,0.455660124
0.008,0.104,0.626,0.646,0.373837373
0.023,0.09,0.517,0.795,0.218041968
0.209,0.0,0.819,0.4,0.531610363
0.328,0.001,0.405,0.156,0.018643333
0.833,0.871,0.953,0.89,6.024e-05
0.513,0.0,0.816,0.241,0.231826537
0.169,0.0,1.0,0.664,0.709556773
0.066,0.0,0.892,0.496,0.615541503
0.183,0.0,0.553,0.308,0.205477684
0.573,0.0,0.815,0.491,0.282663697
0.447,0.403,0.881,0.702,0.157616366
0.432,0.665,0.848,0.734,0.032539775
0.325,0.0,1.0,0.464,0.559707889
0.203,0.069,0.723,0.792,0.630649625
0.374,0.245,0.595,0.643,0.158306541
0.0,0.0,0.704,0.584,0.607491756
0.0,0.0,0.666,0.414,0.45236243
0.416,0.148,0.462,0.374,0.023753382
0.529,0.261,0.731,0.85,0.264736357
0.118,0.035,0.636,0.182,0.165459577
0.378,0.0,0.578,0.246,0.167951781
0.227,0.207,0.687,0.243,0.042112727
0.0,0.0,0.948,0.271,0.405148259
0.657,0.325,0.776,0.971,0.122119681
0.345,0.448,0.545,0.491,0.009271753
0.584,0.42,0.725,0.708,0.073265268
0.168,0.0,0.883,0.633,0.691839411
0.018,0.172,0.381,0.308,0.020199239
0.04,0.036,0.814,0.615,0.636818172
0.09,0.37,0.762,0.703,0.214985233
0.551,0.0,0.648,0.64,0.208704812
0.489,0.353,0.589,0.608,0.05121581
0.116,0.064,0.869,0.598,0.581127412
0.056,0.653,0.577,0.822,0.045706457
0.254,0.0,0.686,0.661,0.588629839
0.411,0.707,0.907,0.898,0.121095606
0.078,0.2,0.999,0.356,0.198822055
0.043,0.0,0.635,0.141,0.155416756
0.302,0.0,1.0,0.388,0.505514516
0.253,0.0,0.919,0.608,0.66591912
0.244,0.104,0.852,0.373,0.349708784
0.233,0.0,0.503,0.483,0.179848265
0.503,0.145,0.59,0.45,0.097977322
0.151,0.351,0.718,0.399,0.041852836
0.316,0.0,0.567,0.656,0.321742064
0.0,0.0,0.908,0.614,0.691930631
0.051,0.319,0.876,0.708,0.278598377
0.132,0.0,0.66,0.556,0.509442146
0.124,0.0,0.735,0.522,0.599624448
0.109,0.182,0.828,0.256,0.106111406
0.104,0.37,0.431,0.716,0.033386574
0.156,0.751,0.937,1.0,0.226935072
0.055,0.0,1.0,0.383,0.528596655
0.181,0.227,0.474,0.339,0.034484658
0.499,0.158,0.792,0.886,0.445293729
0.324,0.0,0.897,0.288,0.399451302
0.021,0.025,0.852,0.213,0.28874963
0.071,0.0,1.0,0.371,0.516287099
0.073,0.573,0.129,0.775,0.000881221
0.323,0.141,0.823,0.643,0.463513662
0.137,0.208,0.523,0.359,0.069211996
0.592,0.37,0.658,0.803,0.056191611
0.347,0.148,0.4,0.902,0.031854764
0.731,0.077,0.988,0.575,0.031300558
0.118,0.0,0.844,0.612,0.684681211
0.363,0.468,0.936,0.681,0.119393403
0.287,0.0,0.938,0.408,0.524846303
0.0,0.074,0.841,0.237,0.250769347
0.342,0.711,0.483,1.0,0.034489821
0.265,0.0,0.497,0.577,0.179806958
0.0,0.155,0.924,0.24,0.126945743
0.087,0.163,0.761,0.26,0.136673597
0.586,0.372,0.722,0.764,0.103875651
0.407,0.346,0.673,1.0,0.326542309
0.186,0.436,0.613,0.654,0.080709176
0.122,0.258,0.236,0.604,0.00521676
0.141,0.0,1.0,0.688,0.723589186
0.718,0.461,0.826,0.719,0.015567665
0.219,0.608,0.262,0.72,0.000884663
0.422,0.678,0.423,1.0,0.000261612
0.667,0.825,0.808,0.909,0.017892918
0.15,0.425,0.871,0.736,0.189598494
0.183,0.262,0.92,0.293,0.037510413
0.837,0.321,0.947,0.468,0.000161787
0.568,0.564,0.8,1.0,0.175359545
0.087,0.492,0.46,0.925,0.058046994
0.326,0.193,0.669,0.756,0.345225228
0.266,0.383,0.851,1.0,0.44434022
0.619,0.029,0.631,0.239,0.01020633
0.0,0.691,0.797,1.0,0.265627904
0.084,0.0,0.674,0.494,0.508227025
0.341,0.032,0.613,0.491,0.330428631
0.109,0.0,0.837,0.408,0.545985281
0.168,0.101,0.994,0.117,0.025269702
0.323,0.0,0.41,0.271,0.035796163
0.454,0.0,0.673,0.562,0.397198337
0.205,0.0,0.425,0.433,0.086595458
0.495,0.0,0.702,0.415,0.332111901
0.019,0.276,0.576,0.515,0.112195617
0.05,0.0,0.811,0.737,0.753049851
0.052,0.0,0.608,0.652,0.449615498
0.197,0.398,0.836,0.819,0.262013521
0.221,0.047,1.0,0.142,0.147423805
0.156,0.025,0.671,0.136,0.138799199
0.05,0.0,1.0,0.487,0.611362588
0.251,0.0,1.0,0.175,0.257378505
0.369,0.068,0.572,0.182,0.079237606
0.478,0.113,0.72,0.575,0.330075799
0.422,0.0,0.532,0.605,0.156103488
0.03,0.0,0.613,0.501,0.407389176
0.232,0.061,1.0,0.172,0.169006836
0.038,0.107,0.515,0.227,0.067609619
0.339,0.006,0.693,0.461,0.468594452
0.21,0.03,0.936,0.143,0.170776163
0.345,0.029,0.752,0.449,0.481291264
0.275,0.06,0.402,0.49,0.05054973
0.034,0.494,0.918,0.977,0.358004654
0.125,0.147,0.744,0.315,0.223029817
0.491,0.108,0.593,0.286,0.081779722
0.182,0.443,0.969,0.879,0.278964978
0.292,0.191,0.844,0.603,0.376033541
0.096,0.502,0.599,0.715,0.067886722
0.387,0.003,0.399,0.691,0.009838007
0.307,0.442,0.758,1.0,0.371279767
0.304,0.0,0.606,0.685,0.42037686
0.233,0.0,0.47,0.44,0.131295051
0.0,0.046,0.827,0.481,0.537603354
0.389,0.418,0.584,1.0,0.169772741
0.032,0.476,1.0,1.0,0.395601124
0.401,0.0,0.494,0.698,0.116078498
0.281,0.0,0.796,0.764,0.735941771
0.333,0.0,0.564,0.646,0.305107296
0.082,0.109,0.119,0.919,0.00336654
0.395,0.448,0.76,0.852,0.214566997
0.405,0.315,0.436,0.323,0.000380371
0.411,0.5,0.98,0.867,0.20201476
0.263,0.0,0.593,0.659,0.397397988
0.349,0.0,0.573,0.531,0.289973357
0.016,0.224,0.735,1.0,0.617897737
0.08,0.0,0.947,0.307,0.447522599
0.071,0.0,0.708,0.551,0.594335401
0.118,0.666,0.797,0.917,0.182968682
0.142,0.078,0.737,0.311,0.315243059
0.248,0.042,0.765,0.743,0.660118896
0.24,0.0,0.92,0.608,0.668519755
0.215,0.0,0.846,0.729,0.735602707
0.004,0.0,0.63,0.548,0.45510764
0.331,0.0,0.53,0.468,0.196049307
0.193,0.0,1.0,0.598,0.671726229
0.425,0.036,0.843,0.153,0.15166296
0.367,0.094,0.586,0.655,0.270202681
0.259,0.005,0.941,0.587,0.64326038
0.355,0.455,0.52,0.989,0.081671291
0.404,0.823,0.597,1.0,0.077137822
0.283,0.0,0.854,0.485,0.581495735
0.432,0.507,0.954,1.0,0.308630459
0.256,0.625,0.653,1.0,0.202875328
0.156,0.001,0.725,0.422,0.516192437
0.191,0.163,0.667,0.253,0.108111364
0.329,0.137,0.337,0.386,0.001950046
0.201,0.0,0.831,0.383,0.516195879
0.294,0.0,0.684,0.472,0.486120769
0.227,0.0,0.674,0.403,0.442811852
0.175,0.003,0.875,0.424,0.54420907
0.461,0.364,0.635,0.941,0.194436604
0.691,0.238,0.924,0.866,0.075908931
0.178,0.0,0.576,0.609,0.358546811
0.204,0.0,0.903,0.6,0.671793354
0.356,0.228,0.64,0.678,0.233638892
0.516,0.0,0.517,0.556,0.001538695
0.2,0.0,0.532,0.643,0.262302672
0.446,0.5,0.663,1.0,0.215914645
0.27,0.228,0.555,0.317,0.049573847
0.296,0.0,0.954,0.423,0.536310782
0.171,0.0,1.0,0.111,0.163967354
0.178,0.011,0.997,0.267,0.377417334
0.33,0.067,0.39,0.666,0.03642954
0.299,0.0,0.876,0.537,0.61294259
0.423,0.0,0.8,0.613,0.572785072
0.405,0.0,0.527,0.64,0.165724632
0.505,0.0,0.589,0.662,0.185266397
0.34,0.0,0.455,0.716,0.107970231
0.184,0.0,0.465,0.457,0.134298431
0.34,0.0,1.0,0.581,0.626484479
0.242,0.294,0.344,0.545,0.009793257
0.16,0.0,0.821,0.589,0.66757141
0.262,0.848,0.308,0.981,0.004115233
0.537,0.0,0.539,0.358,0.003013707
0.104,0.0,0.718,0.383,0.491540622
0.147,0.331,0.291,0.414,0.003244339
0.062,0.545,0.744,0.731,0.098275079
0.643,0.466,0.648,0.874,0.003855342
0.017,0.641,0.232,0.905,0.009232167
0.003,0.07,0.848,0.625,0.592443874
0.284,0.821,1.0,0.929,0.095672723
0.052,0.0,0.605,0.586,0.421640173
0.369,0.559,0.8,1.0,0.295064474
0.39,0.387,0.924,0.514,0.087404391
0.304,0.414,0.855,0.508,0.065363538
0.417,0.81,0.585,1.0,0.071506268
0.237,0.31,0.807,0.981,0.505120376
0.143,0.153,0.515,0.247,0.048203824
0.112,0.0,0.78,0.536,0.631221042
0.193,0.0,0.441,0.823,0.137780287
0.309,0.0,0.867,0.458,0.557193311
0.203,0.0,1.0,0.414,0.546759792
0.041,0.37,0.373,0.831,0.028992517
0.271,0.0,0.392,0.496,0.052857772
0.023,0.171,0.968,0.457,0.327106841
0.351,0.833,0.709,1.0,0.136301832
0.207,0.0,1.0,0.677,0.711494771
0.519,0.0,0.531,0.59,0.022071833
0.323,0.0,1.0,0.662,0.676089306
0.159,0.453,0.9,0.519,0.044302011
0.069,0.508,0.988,0.759,0.145193215
0.0,0.0,0.768,0.448,0.572205049
0.046,0.0,0.801,0.651,0.706546509
0.276,0.132,0.778,0.668,0.491447681
0.227,0.53,0.761,1.0,0.332354581
0.341,0.0,0.978,0.466,0.552659842
0.185,0.093,0.459,0.357,0.079857215
0.821,0.284,0.834,0.583,0.000223748
0.367,0.259,0.725,0.364,0.100328393
0.428,0.135,0.463,0.253,0.012732956
0.137,0.482,0.932,1.0,0.386575492
0.105,0.462,0.386,0.464,0.000199652
0.396,0.0,0.465,0.723,0.079290961
0.073,0.149,0.706,0.328,0.222661494
0.016,0.137,0.875,0.197,0.090829449
0.514,0.302,0.8,0.598,0.163220381
0.722,0.388,0.895,0.78,0.021684578
0.374,0.203,0.852,0.285,0.097022092
0.272,0.178,0.699,0.311,0.150005508
0.017,0.034,0.924,0.616,0.63993859
0.095,0.488,0.985,1.0,0.386059152
0.342,0.41,0.966,0.892,0.297785588
0.076,0.036,0.786,0.876,0.799923237
0.075,0.117,0.101,0.655,0.00113767
0.034,0.185,1.0,0.599,0.398046856
0.403,0.772,0.982,1.0,0.184364523
0.502,0.0,0.53,0.392,0.038847735
0.325,0.25,0.545,0.5,0.088832933
0.015,0.0,0.616,0.573,0.439245661
0.295,0.0,0.465,0.167,0.051313914
0.0,0.068,0.739,0.343,0.371300421
0.007,0.046,0.392,0.379,0.058580546
0.515,0.0,0.821,0.609,0.44940552
0.269,0.293,0.615,0.351,0.040090394
0.415,0.341,0.537,0.409,0.01651601
0.019,0.0,0.639,0.452,0.42906687
0.595,0.0,0.715,0.612,0.224391235
0.53,0.679,0.89,0.959,0.150263678
0.584,0.554,0.585,0.652,0.000244401
0.129,0.457,0.934,1.0,0.404800589
0.553,0.014,0.606,0.591,0.111598384
0.522,0.124,0.956,0.958,0.503803708
0.397,0.793,0.403,1.0,0.000843356
0.287,0.0,0.487,0.623,0.165132562
0.167,0.037,1.0,0.29,0.367618913
0.266,0.494,0.835,1.0,0.359911671
0.807,0.81,0.984,0.967,0.000982768
0.294,0.205,0.341,0.546,0.008292428
0.436,0.072,0.604,0.594,0.250432005
0.121,0.537,0.966,0.624,0.05012461
0.271,0.0,0.84,0.332,0.456284896
0.175,0.524,0.915,1.0,0.354243974
0.05,0.063,0.899,0.75,0.673068715
0.103,0.342,0.593,0.564,0.093703745
0.241,0.267,0.466,0.367,0.023910005
0.278,0.354,0.938,0.641,0.198723951
0.433,0.037,0.751,0.274,0.275906522
0.22,0.091,1.0,1.0,0.838275285
0.316,0.318,0.804,1.0,0.49346313
0.452,0.731,0.65,0.952,0.09677597
0.067,0.656,0.637,0.842,0.075105161
0.897,0.34,0.935,0.918,8.0893e-05
0.042,0.0,0.616,0.471,0.399427206
0.224,0.337,0.928,1.0,0.497932917
0.112,0.273,0.884,0.402,0.137215755
0.409,0.384,0.493,0.928,0.042188457
0.479,0.0,0.589,0.385,0.169600628
0.143,0.0,0.593,0.185,0.169380323
0.099,0.355,0.799,0.362,0.00825112
0.37,0.335,0.681,0.843,0.24793808
0.223,0.141,0.661,0.504,0.312435888
0.184,0.0,0.851,0.25,0.373782297
0.125,0.0,0.807,0.373,0.510839707
0.232,0.0,0.873,0.545,0.632788996
0.166,0.025,0.789,0.547,0.600003098
0.0,0.341,0.727,0.487,0.116887431
0.34,0.0,0.753,0.572,0.598016908
0.437,0.733,0.729,1.0,0.180276827
0.605,0.003,0.945,0.54,0.235618197
0.51,0.496,0.744,1.0,0.250795164
0.248,0.0,0.745,0.412,0.517085706
0.115,0.213,0.439,0.614,0.065187982
0.395,0.0,0.483,0.564,0.097646864
0.005,0.0,0.855,0.27,0.404220567
0.517,0.0,0.567,0.235,0.056255292
0.455,0.789,0.658,1.0,0.110863459
0.465,0.161,0.875,0.539,0.307158888
0.205,0.0,0.546,0.847,0.331256497
0.043,0.0,0.636,0.433,0.413559445
0.418,0.0,0.465,0.381,0.044973254
0.0,0.302,0.833,0.414,0.113882329
0.248,0.0,0.698,0.217,0.289713465
0.156,0.352,1.0,0.575,0.168342478
0.16,0.669,1.0,1.0,0.273120004
0.434,0.34,0.683,0.361,0.012624524
0.064,0.476,0.862,1.0,0.39447378
0.242,0.075,0.516,0.17,0.051890495
0.56,0.49,0.631,0.51,0.003206474
0.088,0.511,0.225,0.757,0.002425079
0.014,0.609,0.45,0.794,0.015667491
0.556,0.147,0.797,0.491,0.201389989
0.392,0.83,0.669,0.926,0.060509938
0.107,0.166,0.246,0.204,0.001135949
0.111,0.164,0.137,0.567,0.001084315
0.089,0.76,0.295,0.96,0.017755227
0.153,0.538,0.38,0.547,0.000490523
0.181,0.0,0.562,0.332,0.23406057
0.098,0.086,0.606,0.333,0.226742305
0.629,0.0,0.658,0.552,0.053797512
0.018,0.893,0.691,0.957,0.062351552
0.441,0.65,0.886,1.0,0.23459068
0.08,0.605,0.615,0.637,0.011204588
0.0,0.0,0.755,0.859,0.816719792
0.218,0.415,0.862,0.935,0.354882515
0.47,0.13,0.813,1.0,0.608292083
0.185,0.007,0.98,0.127,0.178099592
0.0,0.0,0.795,0.792,0.786190302
0.049,0.232,0.588,0.331,0.07348041
0.0,0.0,0.67,0.643,0.571480451
0.119,0.0,0.683,0.045,0.057725142
0.257,0.389,0.994,0.783,0.242151625
0.31,0.154,0.565,0.363,0.127921626
0.084,0.0,0.713,0.442,0.535013046
0.521,0.214,0.563,0.897,0.074606032
0.054,0.045,1.0,0.582,0.604522798
0.604,0.014,0.856,0.021,0.002796844
0.504,0.013,0.664,0.764,0.360374657
0.186,0.215,0.967,0.258,0.056639106
0.0,0.182,0.917,0.523,0.355944456
0.0,0.0,0.754,0.274,0.397523631
0.103,0.712,0.777,1.0,0.249339084
0.499,0.154,0.67,0.991,0.381226205
0.353,0.545,0.728,0.805,0.125649728
0.042,0.0,0.852,0.421,0.56084728
0.528,0.764,0.829,1.0,0.143480685
0.391,0.028,0.514,0.272,0.085762428
0.0,0.0,0.871,0.386,0.530710209
0.649,0.07,0.852,0.663,0.15474035
0.409,0.226,0.417,0.241,0.000230632
0.393,0.0,0.687,0.316,0.340836334
0.416,0.0,0.736,0.641,0.562589069
0.359,0.067,0.865,0.372,0.377658293
0.688,0.346,0.84,0.619,0.034625791
0.322,0.198,0.58,0.978,0.303064308
0.326,0.0,0.421,0.604,0.06967326
0.0,0.0,0.841,0.702,0.736268786
0.001,0.0,0.873,0.696,0.733852313
0.355,0.381,0.84,0.885,0.309274163
0.314,0.0,0.33,0.442,0.004975801
0.852,0.226,0.966,0.774,0.000411351
0.387,0.388,0.737,0.584,0.117312551
0.062,0.0,1.0,0.165,0.25450421
0.55,0.251,0.678,0.893,0.198321205
0.079,0.56,0.137,0.828,0.001457801
0.441,0.36,0.75,1.0,0.381942197
0.396,0.0,0.77,0.454,0.500280545
0.28,0.076,0.977,0.308,0.320291147
0.0,0.125,0.85,0.586,0.488790249
0.588,0.069,0.791,0.081,0.008836306
0.378,0.0,0.772,0.371,0.45005783
0.08,0.35,0.909,0.746,0.266521173
0.0,0.075,0.865,0.425,0.458092088
0.0,0.0,0.66,0.48,0.478561544
0.229,0.222,0.612,0.416,0.138167542
0.701,0.729,0.732,0.743,0.000514619
0.447,0.0,0.607,0.241,0.159354712
0.828,0.166,0.95,0.33,0.000777953
0.436,0.0,0.808,0.629,0.566616524
0.479,0.0,0.697,0.475,0.37321088
0.374,0.03,0.592,0.677,0.329361528
0.385,0.244,0.721,0.544,0.226883438
0.437,0.0,0.712,0.579,0.489062188
0.189,0.0,0.632,0.524,0.437867032
0.235,0.0,0.945,0.547,0.632918081
0.279,0.566,0.714,1.0,0.279097506
0.529,0.007,0.625,0.552,0.191180217
0.043,0.136,0.255,0.793,0.017483288
0.181,0.575,0.936,0.597,0.013788011
0.479,0.03,0.674,0.144,0.09815632
0.015,0.0,0.897,0.626,0.698887458
0.112,0.222,0.81,0.242,0.02971023
0.128,0.0,0.502,0.65,0.216400006
0.141,0.453,0.575,0.491,0.01160217
0.141,0.028,0.723,0.527,0.551026485
0.241,0.0,1.0,0.757,0.748068887
0.234,0.0,1.0,0.717,0.727516815
0.059,0.895,0.9,0.905,0.008965391
0.366,0.579,0.734,1.0,0.266266445
0.124,0.0,0.608,0.429,0.364343594
0.409,0.465,0.61,0.528,0.019493573
0.532,0.39,0.618,0.699,0.056121044
0.304,0.0,0.677,0.856,0.64603485
0.0,0.141,0.801,0.687,0.511929186
0.164,0.0,0.728,0.674,0.671015401
0.514,0.134,0.675,0.399,0.161206653
0.0,0.143,0.733,0.424,0.327007015
0.077,0.175,1.0,0.403,0.280429664
0.398,0.0,0.547,0.211,0.10314589
0.078,0.498,1.0,1.0,0.38014189
0.484,0.73,0.903,0.812,0.042185015
0.41,0.05,0.926,0.411,0.408609461
0.238,0.147,0.569,0.586,0.218952448
0.201,0.529,0.869,1.0,0.347442049
0.493,0.0,0.538,0.531,0.073459756
0.48,0.578,0.57,0.647,0.009980861
0.361,0.397,0.441,0.541,0.010044543
0.777,0.798,0.81,0.886,0.001172093
0.078,0.0,0.994,0.133,0.202491515
0.009,0.0,0.618,0.471,0.403010609
0.388,0.0,0.991,0.213,0.286102525
0.174,0.0,0.644,0.262,0.291474186
0.349,0.022,0.585,0.54,0.301878447
0.453,0.353,0.715,0.491,0.080767695
0.399,0.0,0.525,0.389,0.132732198
0.243,0.385,0.535,0.931,0.117933881
0.237,0.435,0.822,1.0,0.406177497
0.338,0.0,0.554,0.645,0.277340227
0.0,0.0,0.829,0.549,0.65020688
0.379,0.318,0.688,0.371,0.040749589
0.085,0.039,0.8,0.783,0.718138352
0.345,0.0,0.737,0.57,0.585013735
0.634,0.476,0.927,0.698,0.045833821
0.209,0.261,1.0,0.584,0.279911603
0.311,0.861,0.682,0.933,0.054888711
0.093,0.26,0.752,0.423,0.167165222
0.0,0.051,0.766,0.072,0.027249007
0.453,0.0,0.495,0.373,0.04511955
0.23,0.018,0.294,0.18,0.004915561
0.344,0.199,0.839,1.0,0.631579038
0.288,0.06,0.959,0.402,0.436278425
0.072,0.921,0.758,0.95,0.030322954
0.22,0.0,0.978,0.835,0.803325921
0.38,0.0,0.528,0.65,0.189586446
0.009,0.27,0.65,0.325,0.050186571
0.261,0.195,0.634,0.282,0.082259919
0.213,0.35,0.838,0.827,0.314905716
0.455,0.019,0.499,0.503,0.053458448
0.568,0.0,0.805,0.383,0.247266838
0.341,0.088,0.718,0.506,0.424476603
0.14,0.11,0.534,0.285,0.104278397
0.503,0.107,0.578,0.143,0.01298252
0.256,0.0,0.724,0.51,0.568454696
0.821,0.11,0.993,0.116,3.9586e-05
0.484,0.0,0.616,0.388,0.206933764
0.339,0.004,0.748,0.347,0.429664103
0.225,0.054,0.564,0.068,0.010127157
0.266,0.056,1.0,0.494,0.511562584
0.042,0.0,0.913,0.437,0.575137863
0.399,0.435,0.487,1.0,0.045692688
0.05,0.231,0.766,0.463,0.23519824
0.011,0.022,0.819,0.973,0.933448879
0.604,0.168,0.634,0.721,0.040894164
0.0,0.081,0.677,0.441,0.382448211
0.385,0.776,0.453,0.991,0.013701955
0.21,0.0,0.769,0.671,0.693064859
0.376,0.0,0.501,0.439,0.123212601
0.149,0.152,0.494,0.791,0.147690581
0.017,0.0,0.898,0.617,0.693094119
0.639,0.185,0.911,0.961,0.200686044
0.037,0.346,0.84,0.359,0.014151171
0.155,0.0,0.8,0.182,0.274080398
0.333,0.869,0.655,1.0,0.094965336
0.382,0.19,0.639,0.972,0.389978176
0.388,0.616,0.701,1.0,0.225251802
0.322,0.06,0.59,0.318,0.204205765
0.071,0.181,0.746,0.536,0.34653329
0.0,0.0,0.826,0.238,0.358971932
0.297,0.25,0.826,0.795,0.399218949
0.299,0.854,0.819,1.0,0.143000489
0.121,0.0,1.0,0.211,0.319463281
0.565,0.252,0.709,0.255,0.000800328
0.145,0.0,0.778,0.446,0.567298094
0.437,0.0,0.762,0.747,0.603708701
0.11,0.167,0.735,0.511,0.347051352
