0.197,0.041,0.241,0.603,0.162229389
0.236,0.067,0.495,0.901,0.159137245
0.312,0.275,0.384,0.625,0.037734085
0.13,0.207,0.272,0.721,0.384288901
0.271,0.365,0.425,0.682,0.097356523
0.0,0.402,0.332,0.435,0.223825556
0.0,0.203,0.547,0.791,0.98301706
0.408,0.473,0.801,0.532,0.007187537
0.0,0.1,0.572,0.825,0.984526751
0.04,0.123,0.493,0.959,0.978812765
0.382,0.381,0.546,0.657,0.029960598
0.426,0.111,0.734,0.962,0.018963898
0.163,0.309,0.553,0.528,0.360631613
0.245,0.069,0.376,0.823,0.11337621
0.316,0.237,0.899,0.617,0.066208603
0.317,0.115,0.812,1.0,0.06937881
0.623,0.761,0.647,0.8,9.64e-07
0.295,0.222,0.351,0.662,0.038914179
0.449,0.356,0.645,0.938,0.013625287
0.573,0.35,0.704,0.977,0.002416566
0.0,0.2,0.793,0.708,0.986383868
0.054,0.442,0.557,0.947,0.698213091
0.157,0.045,0.466,0.891,0.429857671
0.533,0.36,0.971,0.418,0.0
0.012,0.356,0.485,0.769,0.977669775
0.0,0.401,0.751,0.436,0.232032725
0.295,0.331,0.3,0.55,0.004396078
0.234,0.401,0.614,0.763,0.169957581
0.677,0.257,0.744,0.91,0.000440909
0.43,0.186,0.45,0.942,0.003847231
0.001,0.177,0.72,0.791,0.987012705
0.286,0.977,0.396,0.993,0.0
0.052,0.233,0.514,0.68,0.978969372
0.0,0.566,0.669,0.575,0.010328831
0.334,0.272,0.524,0.634,0.050305046
0.0,0.448,0.626,0.653,0.634451411
0.397,0.547,0.85,0.67,0.007307522
0.192,0.399,0.532,0.437,0.060542323
0.0,0.35,0.551,0.487,0.684029319
0.297,0.023,0.63,0.901,0.085770499
0.288,0.303,0.429,0.592,0.072464208
0.211,0.069,1.0,0.635,0.231139342
0.0,0.036,0.563,0.944,0.984109453
0.533,0.121,0.869,0.41,0.0
0.692,0.403,0.967,0.489,0.000155643
0.06,0.009,0.619,0.827,0.986063908
0.0,0.286,0.697,0.551,0.922893962
0.209,0.46,0.529,0.97,0.144726032
0.0,0.26,0.515,0.576,0.953103203
0.729,0.255,0.765,0.681,0.000150343
0.073,0.153,0.651,0.92,0.986583843
0.52,0.044,0.576,0.078,0.0
0.178,0.25,0.447,0.68,0.394908298
0.0,0.425,0.847,0.554,0.696521253
0.0,0.58,0.782,0.698,0.024530914
0.294,0.33,0.437,0.793,0.073209175
0.099,0.097,0.72,0.12,0.0
0.415,0.075,0.446,0.837,0.006848302
0.24,0.147,0.32,0.69,0.092441474
0.307,0.0,0.335,0.982,0.019925706
0.67,0.382,0.783,0.516,0.000289121
0.183,0.097,0.412,0.783,0.379155566
0.003,0.202,0.731,0.776,0.987028607
0.205,0.388,0.322,0.418,0.0
0.46,0.113,0.727,0.273,0.0
0.168,0.324,0.388,0.56,0.364154546
0.058,0.042,0.502,0.841,0.979697474
0.569,0.245,0.581,0.395,0.0
0.078,0.0,0.332,0.848,0.928116442
0.0,0.094,0.756,0.817,0.987278214
0.528,0.73,0.856,0.946,3.3249e-05
0.221,0.401,0.4,0.491,0.103800056
0.295,0.691,0.827,0.831,0.000734366
0.018,0.249,0.621,0.92,0.986156909
0.19,0.386,0.536,0.584,0.352364693
0.0,0.185,0.565,0.698,0.982941406
0.173,0.156,0.275,0.808,0.304658358
0.0,0.0,0.76,0.879,0.999868932
0.24,0.047,0.745,0.108,0.0
0.0,0.35,0.689,0.533,0.893110691
0.317,0.588,0.849,0.947,0.007403413
0.238,0.212,0.666,0.625,0.157398667
0.017,0.183,0.481,0.25,0.0
0.0,0.016,0.556,0.864,0.983696975
0.2,0.373,0.348,0.514,0.193167214
0.0,0.0,0.691,0.924,0.99948922
0.082,0.278,0.093,0.798,0.014532644
0.0,0.424,0.589,0.586,0.731641689
0.19,0.45,0.353,0.954,0.208810563
0.038,0.024,0.585,0.91,0.98511993
0.094,0.015,0.225,0.579,0.764645762
0.334,0.837,0.504,0.84,4.82e-07
0.066,0.168,0.454,0.829,0.973627388
0.382,0.472,0.452,0.612,0.011501697
0.096,0.258,0.109,0.579,0.23586839
0.0,0.203,0.878,1.0,0.987468552
0.24,0.172,0.309,0.664,0.083476809
0.261,0.266,0.287,0.57,0.028500057
0.0,0.158,0.75,0.679,0.985283765
0.115,0.316,0.613,0.521,0.49153961
0.194,0.23,0.57,0.553,0.309089612
0.09,0.212,0.607,0.691,0.978756868
0.419,0.561,0.632,0.693,0.004420653
0.044,0.091,0.686,0.866,0.986909586
0.153,0.273,0.203,0.407,0.0
0.0,0.246,0.238,0.684,0.823200381
0.079,0.393,0.697,0.879,0.986997286
0.0,0.175,0.46,0.661,0.97186809
0.251,0.174,0.358,0.923,0.09581792
0.0,0.0,0.76,0.895,0.999871823
0.402,0.122,0.945,0.668,0.025598732
0.018,0.382,0.55,0.528,0.879682488
0.405,0.4,0.464,0.726,0.012857672
0.0,0.029,0.64,0.881,0.986453739
0.489,0.066,0.71,0.471,0.002709059
0.012,0.464,0.521,0.619,0.435165924
0.075,0.0,0.478,0.872,0.977030337
0.0,0.331,0.745,0.549,0.920431618
0.27,0.196,0.427,0.706,0.099333143
0.421,0.488,0.636,0.743,0.01105356
0.0,0.212,0.578,0.706,0.983795758
0.121,0.165,0.622,0.621,0.532924324
0.173,0.409,0.549,0.427,0.081424054
0.076,0.0,0.628,0.909,0.986282194
0.211,0.023,0.482,0.88,0.226286454
0.438,0.021,0.745,0.3,0.0
0.168,0.746,0.428,0.886,0.000366219
0.061,0.739,0.659,0.937,0.000544992
0.336,0.022,0.38,0.875,0.020900042
0.0,0.699,0.187,0.823,9.6855e-05
0.432,0.17,0.801,0.966,0.017818017
0.081,0.3,0.091,0.619,0.007141277
0.195,0.741,0.889,0.803,0.00037152
0.661,0.375,0.903,0.986,0.00075846
0.058,0.56,0.456,0.609,0.034545568
0.229,0.153,0.853,0.769,0.182569983
0.704,0.025,0.851,0.927,0.000410069
0.097,0.304,0.691,0.901,0.943527049
0.0,0.072,0.529,1.0,0.982002246
0.04,0.33,0.467,0.35,0.0
0.132,0.186,0.603,0.777,0.492111587
0.121,0.778,0.88,0.871,0.000181664
0.411,0.183,0.9,0.893,0.023139762
0.283,0.605,0.539,0.784,0.005923116
0.0,0.096,0.612,0.837,0.98594055
0.063,0.384,0.825,0.97,0.987444459
0.386,0.194,0.68,0.812,0.032537144
0.234,0.0,0.322,0.896,0.105781495
0.141,0.097,0.573,0.798,0.468784378
0.109,0.265,0.701,0.762,0.713337468
0.0,0.222,0.453,0.698,0.972377906
0.286,0.24,0.373,0.617,0.056924461
0.041,0.371,0.525,0.577,0.954435085
0.215,0.07,0.314,0.197,0.0
0.088,0.366,0.863,0.888,0.987456987
0.25,0.104,0.463,0.732,0.130930163
0.568,0.164,0.666,0.856,0.002396809
0.721,0.784,0.782,0.937,0.0
0.329,0.238,0.456,0.663,0.046854393
0.029,0.244,0.681,0.592,0.967969781
0.366,0.085,0.993,0.516,0.027226963
0.962,0.195,0.991,0.957,4.82e-07
0.069,0.224,0.707,0.683,0.985205702
0.71,0.053,0.837,0.248,0.0
0.529,0.681,0.888,0.921,0.000114684
0.182,0.47,0.293,0.671,0.120262579
0.071,0.193,0.466,0.281,0.0
0.674,0.284,0.783,0.792,0.000553666
0.198,0.299,0.528,0.537,0.261599636
0.148,0.461,0.316,0.831,0.190906774
0.176,0.455,0.27,0.684,0.154288212
0.243,0.411,0.545,0.593,0.139929522
0.049,0.441,0.812,0.471,0.337789645
0.49,0.792,0.805,0.794,0.0
0.059,0.348,0.27,0.489,0.629328195
0.342,0.585,0.484,0.981,0.004713629
0.253,0.666,0.58,0.679,0.000515598
0.082,0.033,0.804,0.288,0.0
0.277,0.215,0.301,0.767,0.027212025
0.434,0.457,0.833,0.668,0.012422064
0.425,0.038,0.951,0.401,0.0
0.04,0.179,0.126,0.581,0.471504039
0.039,0.359,0.299,0.374,0.0
0.029,0.135,0.307,0.913,0.909931724
0.538,0.484,0.731,0.591,0.002320192
0.0,0.036,0.649,0.958,0.986561677
0.084,0.176,0.498,0.813,0.979274876
0.592,0.523,0.803,0.609,0.000716537
0.096,0.023,0.224,0.998,0.754985763
0.956,0.602,0.976,0.949,9.64e-07
0.0,0.032,0.532,0.864,0.982162226
0.826,0.552,0.844,0.894,2.409e-06
0.0,0.298,0.615,0.774,0.985821047
0.195,0.131,0.447,0.478,0.184389515
0.182,0.282,0.641,0.787,0.403250871
0.082,0.632,0.711,0.891,0.006832882
0.023,0.104,0.668,0.799,0.986679735
0.17,0.375,0.998,0.647,0.416619323
0.175,0.382,0.546,0.526,0.347640945
0.115,0.026,0.752,0.964,0.605336972
0.231,0.299,0.724,0.791,0.177490617
0.0,0.28,0.416,0.557,0.916674015
0.585,0.588,0.845,0.862,0.000438499
0.005,0.05,0.764,0.47,0.598762853
0.0,0.182,0.822,0.723,0.986678771
0.243,0.093,0.416,0.355,0.0
0.548,0.622,0.609,0.668,0.000122394
0.0,0.0,0.736,0.893,0.99977545
0.316,0.158,0.715,0.857,0.069829838
0.011,0.313,0.856,0.678,0.985362309
0.117,0.065,0.136,0.547,0.083847366
0.214,0.491,0.868,0.836,0.095189564
0.036,0.344,0.668,0.556,0.930935368
0.142,0.344,0.331,0.885,0.409842338
0.19,0.611,0.376,0.777,0.006608332
0.37,0.383,0.941,0.792,0.041099448
0.299,0.041,0.436,0.796,0.067898995
0.066,0.414,0.661,0.557,0.93230098
0.092,0.437,0.991,0.808,0.7552532
0.8,0.122,0.807,0.401,0.0
0.572,0.814,0.957,0.817,0.0
0.141,0.136,0.62,0.325,0.0
0.713,0.164,0.723,0.754,7.1316e-05
0.0,0.265,0.571,0.571,0.95115694
0.0,0.015,0.455,1.0,0.973816762
0.111,0.316,0.713,0.36,0.0
0.235,0.77,0.905,0.928,0.0001807
0.101,0.207,0.795,0.629,0.876223642
0.772,0.366,0.993,0.765,9.2519e-05
0.136,0.33,0.144,0.608,0.017508176
0.106,0.309,0.751,0.674,0.779616906
0.196,0.178,0.287,0.771,0.234043076
0.516,0.778,0.937,0.907,1.1565e-05
0.17,0.0,0.38,0.902,0.384824738
0.0,0.308,0.653,0.569,0.949767716
0.515,0.27,0.517,0.745,0.000176845
0.459,0.844,0.832,0.986,3.373e-06
0.181,0.314,0.456,0.757,0.392680624
0.038,0.016,0.747,0.885,0.987317728
0.346,0.269,0.908,0.759,0.051868707
0.0,0.299,0.504,0.823,0.979866128
0.157,0.091,0.561,0.112,0.0
0.0,0.021,0.305,0.987,0.908164716
0.069,0.265,0.378,0.875,0.95028235
0.31,0.79,0.676,0.893,6.2161e-05
0.709,0.138,0.898,0.338,0.0
0.0,0.32,0.552,0.517,0.838837466
0.0,0.359,0.666,0.526,0.877083776
0.74,0.339,0.86,0.386,0.0
0.335,0.381,0.678,0.825,0.056995296
0.212,0.327,0.333,0.563,0.157448781
0.078,0.318,0.143,0.583,0.517809584
0.193,0.234,0.426,0.718,0.334786164
0.0,0.167,0.714,0.717,0.986251837
0.076,0.315,0.847,0.606,0.974147323
0.503,0.355,0.88,0.874,0.007641456
0.263,0.461,0.583,0.591,0.066992602
0.648,0.336,0.736,0.68,0.00069148
0.224,0.626,0.844,0.97,0.005959738
0.072,0.087,0.291,0.649,0.892048173
0.234,0.224,0.817,1.0,0.171586775
0.0,0.398,0.447,0.533,0.883823658
0.062,0.0,0.511,0.928,0.980602903
0.17,0.03,0.192,0.861,0.059719775
0.06,0.001,0.847,0.874,0.987446386
0.0,0.079,0.694,0.821,0.986920669
0.829,0.23,0.945,0.674,2.843e-05
0.276,0.051,0.318,0.304,0.0
0.025,0.748,0.457,0.792,0.000267436
0.081,0.194,0.514,0.686,0.979188622
0.26,0.0,0.502,0.942,0.122592409
0.0,0.293,0.644,0.595,0.969149875
0.238,0.33,0.946,0.876,0.163808951
0.249,0.357,0.478,0.479,0.068238711
0.0,0.207,0.549,0.721,0.982530855
0.141,0.131,0.143,0.751,0.003967698
0.021,0.0,0.69,0.856,0.986939943
0.001,0.385,0.562,0.451,0.375607575
0.789,0.133,0.869,0.907,5.5897e-05
0.282,0.247,0.448,0.72,0.088804337
0.317,0.399,0.737,0.919,0.069209193
0.253,0.288,0.332,0.505,0.054593668
0.736,0.229,0.931,0.804,0.000214431
0.343,0.383,0.575,0.579,0.044189183
0.259,0.285,0.432,0.618,0.109261061
0.342,0.186,0.887,0.447,0.012446157
0.262,0.228,0.672,0.489,0.069971025
0.097,0.438,0.525,0.566,0.696390667
0.0,0.056,0.72,0.889,0.987149074
0.14,0.164,0.606,0.718,0.471429349
0.215,0.0,0.99,0.959,0.220943506
0.303,0.322,0.423,0.584,0.055700036
0.728,0.015,0.988,0.916,0.000266955
0.254,0.0,0.659,0.888,0.137271059
0.179,0.121,0.625,0.472,0.238789953
0.289,0.548,0.365,0.781,0.008992612
0.077,0.15,0.364,0.795,0.943605111
0.0,0.527,0.74,0.535,0.018273382
0.081,0.261,0.556,0.745,0.983256066
0.255,0.41,0.938,0.935,0.136699082
0.361,0.503,0.929,0.822,0.01928964
0.052,0.385,0.388,0.532,0.870122717
0.0,0.01,0.291,0.897,0.894172245
0.227,0.08,0.467,0.275,0.0
0.261,0.128,0.374,0.316,0.0
0.369,0.264,0.505,0.573,0.029258999
0.05,0.026,0.828,0.631,0.98041642
0.76,0.316,0.772,0.472,9.155e-06
0.124,0.108,0.757,0.805,0.524692099
0.002,0.225,0.721,0.741,0.986641667
0.651,0.0,0.785,0.85,0.000818693
0.035,0.065,0.699,0.913,0.987016078
0.013,0.003,0.865,0.498,0.733679989
0.0,0.24,0.584,0.894,0.985087163
0.219,0.69,0.368,0.934,0.000840859
0.493,0.33,0.689,0.357,0.0
0.238,0.389,0.291,0.508,0.04959911
0.002,0.083,0.058,0.958,0.0
0.182,0.85,0.892,0.952,3.0358e-05
0.273,0.418,0.619,0.869,0.113863378
0.0,0.346,0.447,0.6,0.958526622
0.0,0.377,0.712,0.606,0.973849529
0.169,0.154,0.806,0.295,0.0
0.024,0.325,0.827,0.946,0.987444459
0.042,0.516,0.668,0.549,0.083801588
0.0,0.355,0.698,0.525,0.874737081
0.223,0.253,0.296,0.388,0.0
0.0,0.125,0.71,0.712,0.986132333
0.0,0.015,0.365,0.821,0.944059031
0.149,0.214,0.192,0.644,0.094275943
0.32,0.147,0.42,0.735,0.046449624
0.228,0.064,0.493,0.84,0.176442555
0.174,0.415,0.633,0.753,0.414748713
0.88,0.278,0.882,0.473,0.0
0.237,0.285,0.422,0.594,0.136656678
0.187,0.228,0.254,0.869,0.252283691
0.053,0.007,0.239,0.053,0.0
0.0,0.0,0.484,0.942,0.99029856
0.108,0.181,0.456,0.656,0.72320467
0.414,0.127,0.499,0.607,0.012810931
0.48,0.004,0.974,0.781,0.010168369
0.227,0.808,0.602,0.847,4.385e-05
0.092,0.32,0.601,0.467,0.562942264
0.084,0.477,0.254,0.487,0.030541248
0.404,0.308,0.77,0.431,0.003024683
0.11,0.091,0.12,0.958,0.139137332
0.152,0.221,1.0,0.616,0.441010977
0.315,0.819,0.551,0.934,3.2285e-05
0.169,0.126,0.466,0.71,0.409426968
0.493,0.227,0.969,0.57,0.00678855
0.0,0.378,0.822,0.796,0.987320137
0.188,0.092,0.503,0.785,0.377975472
0.107,0.243,0.764,0.469,0.404536976
0.105,0.331,0.796,0.633,0.790775995
0.165,0.454,0.974,0.606,0.236597456
0.656,0.36,0.851,0.745,0.000805201
0.264,0.132,0.28,0.579,0.017762602
0.048,0.041,0.524,0.958,0.981623499
0.061,0.22,0.915,0.595,0.969953148
0.375,0.28,0.98,0.657,0.037707583
0.4,0.043,0.925,0.793,0.026912303
0.155,0.404,0.849,0.82,0.44539019
0.313,0.102,0.395,0.734,0.043488548
0.057,0.887,0.299,0.899,9.64e-07
0.434,0.309,0.674,0.73,0.016721286
0.331,0.174,0.904,0.357,0.0
0.359,0.479,0.44,0.481,0.000276592
0.688,0.009,0.864,0.582,0.000388385
0.069,0.239,0.249,0.597,0.835399822
0.293,0.305,0.431,0.532,0.055693289
0.012,0.586,0.333,0.837,0.015494452
0.078,0.121,0.551,0.715,0.982549648
0.806,0.134,0.896,0.228,0.0
0.573,0.096,0.865,0.596,0.002385726
0.414,0.006,0.959,0.007,0.0
0.085,0.154,0.64,0.799,0.986348692
0.121,0.03,0.173,0.868,0.125746714
0.3,0.693,0.41,0.823,0.000346945
0.256,0.132,0.688,0.644,0.131461663
0.058,0.386,0.457,0.788,0.9740071
0.013,0.018,0.494,0.879,0.978906247
0.669,0.175,0.955,0.219,0.0
0.124,0.784,0.565,0.979,0.000163835
0.0,0.018,0.644,0.865,0.986487952
0.194,0.381,0.845,0.606,0.337028294
0.0,0.342,0.636,0.494,0.713253141
0.383,0.842,0.534,0.865,2.409e-06
0.933,0.384,0.964,0.47,4.82e-07
0.601,0.825,0.793,0.926,9.64e-07
0.172,0.458,0.428,0.878,0.207330748
0.354,0.203,0.901,0.718,0.048015212
0.0,0.275,0.363,0.645,0.939809441
0.096,0.254,0.428,0.582,0.9096932
0.055,0.253,0.131,0.404,0.0
0.0,0.083,0.725,0.825,0.987132209
0.383,0.328,0.659,0.4,0.0
0.267,0.309,0.465,0.528,0.083619442
0.513,0.014,0.877,0.714,0.006630016
0.158,0.469,0.556,0.508,0.090538579
0.293,0.08,0.485,0.729,0.081301177
0.072,0.285,0.654,0.552,0.923969008
0.0,0.299,0.637,0.578,0.95892079
0.297,0.165,0.401,0.671,0.059750614
0.0,0.022,0.708,0.888,0.987069084
0.153,0.289,0.927,0.468,0.244518395
0.181,0.62,0.215,0.896,0.000829776
0.0,0.498,0.742,0.509,0.064106697
0.137,0.24,0.748,0.555,0.435815963
0.0,0.254,0.372,0.682,0.945878081
0.0,0.367,0.747,0.469,0.590852997
0.526,0.15,0.617,0.671,0.004201885
0.303,0.725,0.818,0.855,0.000307432
0.0,0.287,0.692,0.55,0.921537023
0.0,0.061,0.754,0.776,0.987144255
0.063,0.198,0.659,0.678,0.984617342
0.041,0.209,0.668,0.627,0.979000693
0.646,0.453,0.766,0.793,0.000715091
0.121,0.335,0.452,0.639,0.524134096
0.106,0.497,0.695,0.764,0.253832413
0.166,0.086,0.53,0.816,0.42094553
0.319,0.346,0.639,0.486,0.032138639
0.159,0.238,0.328,0.854,0.376398319
0.674,0.277,0.761,0.844,0.00051608
0.0,0.187,0.566,0.821,0.984206309
0.074,0.361,0.483,0.523,0.860703652
0.227,0.212,0.866,0.936,0.187506716
0.0,0.093,0.33,0.812,0.926901654
0.027,0.037,0.328,0.569,0.898409307
0.186,0.624,0.472,0.626,0.000336344
0.044,0.232,0.684,0.652,0.982895147
0.17,0.184,0.552,0.784,0.416833272
0.0,0.1,0.725,0.737,0.986619983
0.029,0.199,0.483,0.969,0.97765821
0.732,0.094,0.984,0.313,0.0
0.0,0.119,0.851,0.763,0.987170276
0.825,0.097,0.99,0.869,3.5658e-05
0.482,0.153,0.807,0.182,0.0
0.545,0.11,0.648,0.94,0.00352197
0.106,0.061,0.629,0.901,0.780895782
0.391,0.037,0.637,0.071,0.0
0.098,0.193,0.464,0.695,0.9224704
0.59,0.03,0.74,0.735,0.001968429
0.515,0.492,0.838,0.505,0.000513671
0.198,0.121,0.376,0.8,0.276515365
0.401,0.329,0.882,0.887,0.026539338
0.028,0.29,0.332,0.511,0.771469489
0.489,0.152,0.706,0.94,0.008704456
0.407,0.267,0.66,0.273,0.0
0.262,0.388,0.643,0.998,0.126996678
0.13,0.658,0.709,0.974,0.003399576
0.0,0.003,0.698,0.834,0.98696741
0.832,0.186,0.96,0.512,1.4456e-05
0.184,0.128,0.823,0.578,0.379124244
0.0,0.221,0.614,0.674,0.983748053
0.442,0.164,0.551,0.612,0.010717698
0.248,0.201,0.494,0.705,0.137385261
0.071,0.163,0.629,0.673,0.983987541
0.876,0.132,0.938,0.161,0.0
0.179,0.239,0.481,0.634,0.394831199
0.074,0.234,0.709,0.694,0.985624927
0.37,0.56,0.385,0.654,0.000712682
0.0,0.354,0.519,0.482,0.664549822
0.246,0.064,0.352,0.102,0.0
0.068,0.527,0.675,0.951,0.107346119
0.061,0.0,0.669,0.933,0.986801166
0.287,0.445,0.735,0.744,0.075821379
0.279,0.304,0.355,0.691,0.059318379
0.455,0.386,0.716,0.806,0.013294726
0.457,0.518,0.842,0.884,0.005699048
0.505,0.483,0.921,0.775,0.004777717
0.165,0.467,0.449,0.527,0.120405212
0.0,0.235,0.645,0.602,0.971879655
0.117,0.622,0.838,0.82,0.00889142
0.197,0.444,0.856,0.813,0.246934961
0.012,0.3,0.846,0.606,0.974146841
0.105,0.179,0.972,0.478,0.474371151
0.362,0.518,0.759,0.706,0.015310378
0.036,0.413,0.995,0.962,0.987480117
0.022,0.394,0.22,0.564,0.762478322
0.0,0.208,0.257,0.722,0.85318459
0.104,0.428,0.353,0.502,0.425005746
0.12,0.397,0.598,0.708,0.546555876
0.0,0.263,0.72,0.573,0.954902015
0.554,0.559,0.735,0.61,0.000567158
0.166,0.482,0.703,0.708,0.160909554
0.946,0.627,0.949,0.879,0.0
0.367,0.351,0.377,0.703,0.004734349
0.076,0.066,0.238,0.836,0.823648518
0.053,0.058,0.159,0.848,0.549319386
0.212,0.463,0.596,0.565,0.10959114
0.108,0.292,0.341,0.855,0.685329879
0.379,0.15,0.481,0.835,0.026625592
0.564,0.161,0.581,0.958,0.000824475
0.132,0.191,0.163,0.851,0.062777706
0.0,0.431,0.391,0.502,0.507677355
0.132,0.043,0.281,0.952,0.388978436
0.39,0.073,0.844,0.48,0.012381105
0.0,0.084,0.461,0.941,0.974788689
0.577,0.54,0.821,0.657,0.000911693
0.039,0.069,0.293,0.148,0.0
0.825,0.757,0.947,0.804,9.64e-07
0.503,0.609,0.709,0.805,0.000739185
0.199,0.401,0.382,0.485,0.158838487
0.257,0.078,0.475,0.881,0.123235702
0.207,0.239,0.396,0.268,0.0
0.14,0.017,0.557,0.886,0.470176976
0.019,0.162,0.531,0.734,0.981544472
0.042,0.366,0.531,0.606,0.96940912
0.0,0.233,0.548,0.659,0.980025626
0.254,0.0,0.297,0.867,0.051123739
0.164,0.247,0.57,0.716,0.425570013
0.425,0.045,0.569,0.388,0.0
0.344,0.202,0.82,0.489,0.02611674
0.355,0.037,0.983,0.838,0.047833548
0.0,0.163,0.433,0.801,0.969727634
0.6,0.074,0.839,0.24,0.0
0.529,0.573,0.726,0.584,0.000208167
0.0,0.421,0.643,0.455,0.192717632
0.353,0.0,0.383,0.935,0.014125948
0.053,0.06,0.677,0.821,0.986804539
0.307,0.348,0.369,0.729,0.035851429
0.0,0.311,0.011,0.663,0.0
0.008,0.198,0.733,0.76,0.986925006
0.851,0.11,0.965,0.196,0.0
0.142,0.459,0.48,0.672,0.242828967
0.185,0.133,0.789,0.648,0.392828558
0.113,0.101,0.622,0.812,0.633830283
0.0,0.566,0.301,0.594,0.016723214
0.834,0.12,0.969,0.613,2.4575e-05
0.297,0.116,0.892,0.806,0.086877831
0.229,0.0,0.238,0.904,0.018959561
0.017,0.364,0.886,0.473,0.624554815
0.158,0.191,0.561,0.717,0.435734046
0.343,0.233,0.384,0.722,0.019308915
0.134,0.02,0.882,0.069,0.0
0.268,0.284,0.587,0.813,0.118705183
0.416,0.459,0.669,0.514,0.006070568
0.366,0.279,0.502,0.996,0.035198498
0.232,0.258,0.288,0.777,0.079018571
0.077,0.406,0.669,0.726,0.986094748
0.615,0.017,0.653,0.77,0.000568604
0.063,0.045,0.344,0.072,0.0
0.241,0.248,0.449,0.589,0.133549595
0.296,0.191,0.604,0.302,0.0
0.05,0.738,0.245,0.964,0.000163353
0.152,0.207,0.882,0.962,0.450774096
0.0,0.125,0.465,0.712,0.974501014
0.59,0.311,0.902,0.932,0.00216744
0.233,0.02,0.465,0.857,0.161483458
0.048,0.0,0.71,0.986,0.987088359
0.017,0.124,0.56,0.787,0.983783229
0.25,0.032,0.472,0.916,0.132516953
0.504,0.088,0.855,0.85,0.007533999
0.474,0.828,0.498,0.942,1.446e-06
0.0,0.091,0.73,0.745,0.986748642
0.143,0.536,0.525,0.682,0.06175422
0.94,0.145,0.973,0.631,9.64e-07
0.0,0.474,0.578,0.591,0.336784951
0.642,0.691,0.717,0.807,1.1083e-05
0.146,0.11,0.728,0.727,0.460956922
0.108,0.038,0.459,0.733,0.726299223
0.212,0.221,0.45,0.745,0.217584408
0.163,0.406,0.599,0.566,0.398793596
0.04,0.736,0.858,0.925,0.000582096
0.128,0.248,0.514,0.488,0.319196785
0.114,0.139,0.994,0.764,0.621711314
0.173,0.079,0.555,0.893,0.413663548
0.424,0.346,0.928,0.863,0.019664052
0.12,0.02,0.458,0.996,0.536302216
0.0,0.137,0.626,0.781,0.986080774
0.274,0.474,0.99,0.52,0.028542461
0.054,0.573,0.614,0.944,0.031970949
0.0,0.28,0.779,0.792,0.98725653
0.151,0.237,0.827,0.432,0.086222973
0.337,0.382,0.37,0.454,0.004768561
0.005,0.443,0.102,0.572,0.044541428
0.0,0.31,0.583,0.703,0.983930199
0.719,0.825,0.754,0.826,0.0
0.139,0.44,0.435,0.57,0.328831245
0.171,0.483,0.549,0.807,0.152514457
0.06,0.948,0.629,0.961,4.82e-07
0.02,0.23,0.662,0.934,0.986728404
0.236,0.332,0.874,0.768,0.167388745
0.0,0.354,0.456,0.592,0.956793827
0.327,0.01,0.997,0.952,0.062490995
0.021,0.489,0.082,0.894,0.0
0.127,0.0,0.439,0.935,0.495037005
0.219,0.207,0.319,0.676,0.139896755
0.003,0.823,0.858,0.941,6.3607e-05
0.0,0.349,0.574,0.487,0.684564674
0.137,0.512,0.784,0.561,0.069213529
0.0,0.038,0.762,0.85,0.987332665
0.244,0.231,0.382,0.968,0.118218497
0.032,0.373,0.671,0.527,0.879486368
0.249,0.081,0.332,0.681,0.085172019
0.061,0.245,0.487,0.591,0.959996319
0.239,0.176,0.303,0.688,0.080335033
0.25,0.092,0.4,0.745,0.116545453
0.0,0.444,0.266,0.658,0.587595091
0.457,0.407,0.48,0.628,0.002936983
0.044,0.464,0.677,0.502,0.213051479
0.017,0.9,0.303,0.948,1.446e-06
0.162,0.177,0.475,0.409,0.0
0.888,0.52,0.947,0.898,2.409e-06
0.0,0.318,0.688,0.598,0.970573793
0.212,0.142,0.526,0.385,0.0
0.759,0.622,0.939,0.911,2.0238e-05
0.0,0.042,0.72,0.794,0.987020897
0.163,0.26,0.572,0.576,0.404482525
0.0,0.17,0.947,0.78,0.987296525
0.0,0.302,0.764,0.599,0.971239734
0.0,0.346,0.845,0.562,0.941118193
0.0,0.44,0.717,0.499,0.478595684
0.314,0.239,0.467,0.719,0.059631111
0.102,0.159,0.829,0.844,0.859442605
0.345,0.296,0.362,0.54,0.005998287
0.224,0.242,0.65,0.594,0.181710331
0.106,0.653,0.703,0.811,0.003843858
0.0,0.34,0.779,0.62,0.977851439
0.082,0.955,0.741,0.984,0.0
0.366,0.146,0.797,0.852,0.042875612
0.383,0.864,0.691,0.981,4.337e-06
0.501,0.654,0.55,0.808,0.000139742
0.049,0.318,0.645,0.585,0.964029068
0.018,0.52,0.377,0.979,0.11731114
0.0,0.348,0.61,0.54,0.905394941
0.0,0.431,0.819,0.832,0.755351019
0.266,0.023,0.608,0.814,0.12157615
0.0,0.141,0.658,0.754,0.986310142
0.628,0.057,0.629,0.238,0.0
0.432,0.1,0.537,0.736,0.012818641
0.542,0.534,0.59,0.793,0.000837004
0.399,0.633,0.609,0.839,0.001346338
0.286,0.328,0.442,0.555,0.070223042
0.067,0.202,0.56,0.711,0.982996339
0.0,0.276,0.779,0.626,0.979341856
0.269,0.129,0.554,0.913,0.116024554
0.337,0.042,0.39,0.198,0.0
0.0,0.106,0.607,0.914,0.98583984
0.311,0.261,0.603,0.576,0.063105858
0.0,0.203,0.729,0.7,0.985958861
0.175,0.283,0.338,0.337,0.0
0.02,0.452,0.091,0.53,0.0
0.402,0.006,0.633,0.762,0.025032056
0.039,0.014,0.164,0.823,0.55808263
0.62,0.346,0.642,0.499,0.000138296
0.23,0.194,0.344,0.791,0.127064622
0.572,0.142,0.753,0.263,0.0
0.067,0.393,0.496,0.5,0.738727552
0.0,0.451,0.774,0.609,0.598675153
0.735,0.588,0.944,0.608,1.4938e-05
0.125,0.339,0.476,0.978,0.509050678
0.499,0.712,0.739,0.984,7.2762e-05
0.018,0.0,0.696,0.945,0.986999695
0.0,0.057,0.752,0.978,0.987341821
0.237,0.196,0.323,0.64,0.098649373
0.217,0.338,0.302,0.499,0.08748402
0.147,0.247,0.407,0.589,0.419808323
0.0,0.337,0.389,0.649,0.952512433
0.257,0.477,0.482,0.501,0.016281341
0.301,0.311,0.488,0.613,0.069898745
0.144,0.268,0.666,0.934,0.465032557
0.0,0.0,0.69,0.911,0.999478137
0.069,0.572,0.504,0.71,0.030682917
0.756,0.552,0.85,0.687,3.614e-05
0.274,0.086,0.454,0.796,0.100182194
0.105,0.46,0.154,0.609,0.212305548
0.604,0.419,0.8,0.893,0.001515955
0.0,0.122,0.766,0.844,0.987340375
0.194,0.527,0.794,0.918,0.059932278
0.177,0.036,0.948,0.331,0.0
0.521,0.377,0.904,0.439,0.000717019
0.0,0.026,0.873,0.972,0.987465179
0.125,0.201,0.435,0.624,0.495221078
0.227,0.321,0.474,0.515,0.12648108
0.575,0.704,0.98,0.759,2.9876e-05
0.242,0.183,0.494,0.797,0.148100068
0.191,0.398,0.518,0.439,0.070765143
0.011,0.248,0.9,0.368,0.0
0.352,0.18,0.875,0.495,0.025865205
0.046,0.26,0.363,0.923,0.943276478
0.582,0.486,0.687,0.669,0.001209488
0.002,0.083,0.566,0.535,0.896208136
0.234,0.376,0.796,0.654,0.168591487
0.222,0.0,0.414,0.85,0.177897313
0.343,0.113,0.886,0.758,0.053372615
0.296,0.503,0.986,0.633,0.032280308
0.605,0.183,0.744,0.867,0.00151451
0.651,0.298,0.821,0.601,0.00071991
0.421,0.579,0.487,0.711,0.001871092
0.83,0.134,0.863,0.403,0.0
0.891,0.221,0.981,0.455,1.446e-06
0.0,0.388,0.545,0.448,0.347323876
0.133,0.405,0.541,0.559,0.446261406
0.212,0.353,0.276,0.525,0.096668416
0.363,0.231,0.775,0.944,0.044114012
0.0,0.389,0.454,0.61,0.962749228
0.536,0.656,0.884,0.832,0.000202866
0.589,0.156,0.942,0.748,0.002199244
0.126,0.285,0.406,0.658,0.487830194
0.0,0.385,0.85,0.569,0.950394625
0.054,0.282,0.663,0.655,0.983013686
0.397,0.64,0.548,0.759,0.000998911
0.265,0.727,0.864,0.757,0.000254908
0.097,0.045,0.55,0.791,0.939777637
0.342,0.404,0.381,0.475,0.008770953
0.083,0.235,0.636,0.739,0.985861042
0.0,0.214,0.428,0.707,0.967883045
0.431,0.383,0.489,0.53,0.005786266
0.226,0.26,0.52,1.0,0.18375875
0.192,0.016,0.39,0.869,0.330052297
0.0,0.313,0.736,0.582,0.962557445
0.342,0.278,0.575,0.485,0.024497183
0.15,0.69,0.771,0.732,0.00098301
0.192,0.264,0.484,0.878,0.351560456
0.0,0.0,0.598,0.931,0.998099996
0.876,0.143,0.959,0.289,0.0
0.406,0.072,0.58,0.744,0.022248789
0.071,0.192,0.651,0.645,0.981688551
0.466,0.683,0.965,0.758,0.000184073
0.556,0.029,0.723,0.964,0.003463182
0.023,0.361,0.711,0.602,0.972374533
0.441,0.017,0.599,0.172,0.0
0.114,0.181,0.388,0.712,0.589122129
0.308,0.442,0.406,0.454,0.006085505
0.106,0.381,0.388,0.74,0.749508375
0.302,0.834,0.804,0.936,2.2166e-05
0.15,0.192,0.394,0.686,0.423690248
0.256,0.855,0.825,0.915,1.6383e-05
0.735,0.157,0.741,0.277,0.0
0.05,0.415,0.061,0.541,0.0
0.389,0.627,0.443,0.874,0.000707382
0.222,0.384,0.25,0.755,0.056407417
0.372,0.542,0.682,0.715,0.010069586
0.08,0.0,0.477,0.918,0.976905051
0.022,0.362,0.606,0.474,0.629344578
0.0,0.011,0.228,0.93,0.802335998
0.109,0.895,0.328,0.941,1.927e-06
0.0,0.116,0.306,0.815,0.909013285
0.281,0.204,0.49,1.0,0.096068009
0.172,0.326,0.854,0.91,0.418634011
0.274,0.645,0.309,0.982,0.000718465
0.0,0.406,0.744,0.548,0.917801103
0.027,0.34,0.293,0.835,0.896308364
0.052,0.422,0.441,0.7,0.740201584
0.108,0.0,0.613,0.922,0.738375788
0.148,0.148,0.405,0.739,0.432252553
0.261,0.073,0.462,0.897,0.116575811
0.0,0.253,0.41,0.69,0.96271357
0.663,0.168,0.763,0.84,0.000627873
0.0,0.354,0.515,0.482,0.664430801
0.326,0.42,0.913,0.994,0.054434651
0.179,0.292,0.655,0.898,0.409245786
0.506,0.238,0.573,0.667,0.004396078
0.278,0.472,0.424,0.559,0.03575891
0.182,0.286,0.543,0.55,0.361037827
0.503,0.449,0.939,0.527,0.00312732
0.0,0.447,0.637,0.558,0.594661678
0.214,0.378,0.412,0.601,0.193045784
0.206,0.485,0.502,0.802,0.113136722
0.439,0.332,0.523,0.37,0.0
0.035,0.015,0.329,0.808,0.92631474
0.216,0.732,0.417,0.918,0.000377302
0.325,0.554,0.935,0.998,0.012833579
0.0,0.32,0.738,0.558,0.934147497
0.22,0.473,0.505,0.514,0.046266996
0.0,0.222,0.518,0.674,0.978995875
0.0,0.0,0.646,0.95,0.999046384
0.197,0.963,0.484,0.999,0.0
0.061,0.325,0.532,0.433,0.231488696
0.0,0.114,0.747,0.856,0.987300862
0.287,0.151,0.414,0.747,0.075482145
0.314,0.149,0.447,0.799,0.056764963
0.019,0.127,0.472,0.925,0.976278624
0.01,0.441,0.727,0.538,0.63389389
0.198,0.966,0.571,0.987,0.0
0.133,0.283,0.157,0.989,0.049173139
0.0,0.164,0.447,0.673,0.97056512
0.271,0.134,0.591,0.779,0.115383188
0.772,0.853,0.912,0.962,0.0
0.354,0.204,0.782,0.967,0.048210368
0.108,0.45,0.843,0.469,0.164934112
0.0,0.0,0.695,0.92,0.999510423
0.756,0.636,0.869,1.0,1.301e-05
0.385,0.028,0.83,0.208,0.0
0.619,0.391,0.937,0.848,0.001357903
0.0,0.277,0.334,0.632,0.92489564
0.685,0.199,0.698,0.938,9.3482e-05
0.134,0.193,0.313,0.643,0.413126747
0.179,0.264,0.551,0.617,0.397763364
0.855,0.881,0.88,0.966,0.0
0.492,0.198,0.818,0.535,0.005554006
0.0,0.156,0.826,0.925,0.987443013
0.618,0.216,0.822,0.405,0.0
0.784,0.287,0.923,0.955,7.4689e-05
0.0,0.202,0.721,0.808,0.987076794
0.412,0.269,0.7,0.847,0.022361546
0.0,0.085,0.696,0.752,0.98659589
0.301,0.032,0.314,0.972,0.011342199
0.263,0.353,0.639,0.557,0.106199756
0.685,0.843,0.884,0.991,0.0
0.048,0.746,0.359,0.801,0.000270328
0.162,0.16,0.307,0.717,0.354954249
0.029,0.47,0.202,0.581,0.230881543
0.0,0.115,0.676,0.773,0.986634921
0.195,0.617,0.733,0.972,0.008092484
0.0,0.004,0.53,0.876,0.982052843
0.078,0.36,0.787,0.577,0.959020055
0.102,0.263,0.825,0.584,0.835787726
0.119,0.253,0.371,0.796,0.515964031
0.027,0.657,0.678,0.882,0.003467037
0.138,0.003,0.43,0.913,0.460327602
0.147,0.282,0.578,0.678,0.455425082
0.306,0.244,0.716,0.763,0.077945452
0.108,0.198,0.356,0.611,0.683935355
0.263,0.549,0.788,0.705,0.021888834
0.168,0.416,0.556,0.42,0.082353576
0.008,0.14,0.562,0.778,0.983863701
0.28,0.098,0.621,0.853,0.10497003
0.119,0.088,0.327,0.847,0.494206747
0.15,0.243,0.446,0.844,0.439255052
0.065,0.174,0.174,0.213,0.0
0.409,0.216,0.72,0.939,0.023532484
0.0,0.413,0.635,0.567,0.947514503
0.0,0.404,0.733,0.48,0.659402995
0.0,0.288,0.739,0.623,0.978531354
0.305,0.243,0.752,0.344,0.0
0.1,0.189,0.761,0.723,0.909102912
0.525,0.05,0.909,0.554,0.004121895
0.293,0.483,0.755,0.655,0.044866207
0.669,0.668,0.963,0.669,0.0
0.229,0.399,0.7,0.705,0.181449641
0.633,0.11,0.757,0.74,0.000991202
0.678,0.013,0.912,0.041,0.0
0.142,0.525,0.911,0.732,0.079503329
0.2,0.137,0.347,0.74,0.247966157
0.095,0.45,0.544,0.672,0.614564254
0.0,0.017,0.766,0.898,0.987369769
0.037,0.444,0.154,0.985,0.362685814
0.007,0.444,0.513,0.568,0.641776761
0.259,0.239,0.598,0.743,0.129297114
0.547,0.144,0.918,0.454,0.000903502
0.205,0.161,0.488,0.813,0.256629654
0.528,0.137,0.656,0.31,0.0
0.063,0.207,0.825,0.513,0.822968603
0.335,0.053,0.855,0.3,0.0
0.0,0.395,0.516,0.638,0.975493179
0.507,0.681,0.721,0.714,7.7099e-05
0.149,0.528,0.822,0.8,0.074168092
0.351,0.366,0.575,0.682,0.046379271
0.087,0.265,0.726,0.821,0.987133654
0.079,0.258,0.782,0.928,0.987398199
0.087,0.244,0.435,0.57,0.938782581
0.117,0.242,0.617,0.736,0.575711755
0.684,0.011,0.975,0.12,0.0
0.092,0.129,0.771,0.876,0.97607142
0.671,0.4,0.877,0.6,0.000530536
0.0,0.239,0.503,0.646,0.975348619
0.19,0.291,0.322,0.384,0.0
0.041,0.421,0.089,0.819,0.0
0.241,0.123,0.48,0.824,0.148258121
0.091,0.113,0.633,0.765,0.978945279
0.085,0.0,0.472,0.934,0.976279587
0.0,0.258,0.448,0.665,0.970304911
0.091,0.0,0.558,0.872,0.976675201
0.0,0.262,0.55,0.574,0.952713854
0.284,0.109,0.54,0.278,0.0
0.565,0.858,0.835,0.942,4.82e-07
0.0,0.133,0.711,0.777,0.986896575
0.047,0.427,0.237,0.455,0.163793531
0.292,0.641,0.427,0.899,0.001752552
0.069,-0.0,0.641,0.898,0.986466268
0.639,0.361,0.691,0.579,0.000425007
0.07,0.581,0.289,0.622,0.010326904
0.0,0.394,0.706,0.442,0.285986472
0.656,0.053,0.858,0.313,0.0
0.302,0.107,0.394,0.793,0.052717275
0.196,0.05,0.245,0.29,0.0
0.0,0.213,0.816,0.869,0.987422775
0.365,0.482,0.588,0.953,0.022480086
0.0,0.429,0.583,0.607,0.7405307
0.624,0.503,0.747,0.9,0.000641366
0.0,0.039,0.462,0.88,0.974921203
0.185,0.028,0.229,0.905,0.214166521
0.063,0.373,0.462,0.52,0.84929881
0.62,0.464,0.937,0.987,0.001022523
0.34,0.723,0.723,0.936,0.000260208
0.263,0.033,0.44,0.867,0.11037032
0.016,0.189,0.536,0.688,0.980839982
0.0,0.266,0.697,0.875,0.986994394
0.0,0.0,0.745,0.895,0.999828937
0.027,0.267,0.46,0.825,0.974593533
0.283,0.358,0.397,0.76,0.074419145
0.078,0.046,0.503,0.108,0.0
0.446,0.461,0.76,0.603,0.009120789
0.0,0.163,0.6,0.751,0.985232205
0.171,0.384,0.425,0.703,0.399416169
0.43,0.004,0.894,0.173,0.0
0.0,0.057,0.653,0.879,0.986601672
0.729,0.433,0.831,0.923,0.000207203
0.213,0.454,0.652,0.659,0.14798683
0.023,0.135,0.56,0.213,0.0
0.402,0.132,0.461,0.781,0.013510121
0.279,0.317,0.855,0.462,0.040613244
0.069,0.271,0.7,0.902,0.987021379
0.137,0.481,0.177,0.542,0.022855942
0.315,0.018,0.316,0.87,0.000774361
0.127,0.035,0.291,0.873,0.418162263
0.726,0.192,0.796,0.78,0.000217804
0.888,0.046,0.974,0.403,0.0
0.381,0.248,0.933,0.767,0.035571464
0.392,0.663,0.549,0.986,0.000621127
0.014,0.239,0.733,0.643,0.982078863
0.085,0.248,0.619,0.652,0.982145361
0.573,0.034,0.954,0.9,0.00284591
0.614,0.144,0.776,0.611,0.00119455
0.335,0.487,0.613,0.583,0.022324924
0.599,0.187,0.764,0.354,0.0
0.165,0.018,0.491,0.541,0.368428712
0.491,0.066,0.505,0.71,0.001428737
0.155,0.579,0.828,0.673,0.0215549
0.047,0.439,0.582,0.495,0.466502253
0.119,0.458,0.536,0.75,0.309108887
0.475,0.352,0.709,0.36,0.0
0.143,0.409,0.163,0.713,0.036489421
0.144,0.25,1.0,0.748,0.465286983
0.393,0.398,0.586,0.818,0.027526203
-0.0,0.337,0.747,0.545,0.913882556
0.094,0.255,0.844,0.755,0.966556464
0.42,0.093,0.478,0.934,0.010228603
0.127,0.238,0.821,0.291,0.0
0.074,0.195,0.16,0.974,0.551059892
0.04,0.148,0.526,0.746,0.981332451
0.176,0.052,0.422,0.341,0.0
0.078,0.174,0.624,0.727,0.98552759
0.631,0.815,0.788,0.828,0.0
0.0,0.0,0.705,0.895,0.999568729
0.518,0.296,0.856,0.587,0.005281269
0.312,0.606,0.692,0.728,0.004801328
0.08,0.21,0.834,0.359,0.0
0.078,0.19,0.824,0.72,0.986643595
0.118,0.588,0.751,0.609,0.008616756
0.375,0.523,0.602,0.878,0.012531448
0.111,0.591,0.117,0.786,5.4451e-05
0.726,0.793,0.886,0.846,0.0
0.786,0.69,0.969,0.986,5.301e-06
0.005,0.002,0.627,0.936,0.986269666
0.0,0.208,0.663,0.681,0.984778767
0.262,0.338,0.396,0.778,0.099380848
0.242,0.494,0.504,0.779,0.061840474
0.125,0.189,0.584,0.648,0.51296296
0.22,0.357,0.974,0.791,0.205652885
0.002,0.289,0.725,0.681,0.985218712
0.0,0.0,0.575,0.888,0.997251427
0.495,0.363,0.51,0.57,0.001190213
0.0,0.096,0.736,0.74,0.986726476
0.136,0.042,0.603,0.924,0.481769263
0.0,0.207,0.45,0.629,0.96649623
0.032,0.148,0.491,0.866,0.978559303
0.37,0.152,0.49,1.0,0.03212852
0.0,0.193,0.773,0.643,0.982216196
0.249,0.138,0.39,0.141,0.0
0.335,0.753,0.832,0.759,2.1202e-05
0.212,0.064,0.736,0.198,0.0
0.268,0.462,0.785,0.832,0.073697307
0.062,0.007,0.308,0.929,0.910759091
0.69,0.373,0.892,0.839,0.000509816
0.003,0.0,0.786,0.926,0.987404464
0.342,0.0,0.362,0.883,0.00935835
0.109,0.418,0.674,0.51,0.543133652
0.339,0.285,0.369,0.707,0.013852247
0.633,0.378,0.851,0.641,0.001015295
0.067,0.411,0.383,0.735,0.952394376
0.151,0.725,0.846,0.804,0.000614381
0.136,0.347,0.872,0.722,0.482730107
0.536,0.215,0.598,0.401,0.0
0.066,0.511,0.966,0.863,0.179372792
0.009,0.223,0.533,0.655,0.97870579
0.618,0.474,0.872,0.917,0.000996502
0.005,0.45,0.652,0.534,0.529600884
0.03,0.415,0.83,0.498,0.733670833
0.102,0.383,0.633,0.453,0.315193429
0.0,0.069,0.738,0.841,0.98723581
0.244,0.081,0.354,0.621,0.101762238
0.069,0.01,0.865,0.287,0.0
0.486,0.407,0.733,0.675,0.009014778
0.694,0.163,0.914,0.476,0.000132514
0.208,0.24,0.929,0.688,0.248473082
0.086,0.395,0.151,0.949,0.534898054
0.297,0.489,0.573,0.63,0.037302332
0.832,0.518,0.91,0.864,1.4456e-05
0.467,0.403,0.757,0.701,0.011588915
0.164,0.213,0.592,0.664,0.424538817
0.28,0.136,0.449,0.74,0.091499904
0.092,0.748,0.122,0.759,0.0
0.0,0.056,0.53,0.78,0.981890453
0.086,0.205,0.129,0.722,0.483011518
0.062,0.297,0.939,0.332,0.0
0.009,0.453,0.316,0.814,0.531960589
0.262,0.469,0.48,0.511,0.027904469
0.156,0.237,0.281,0.254,0.0
0.311,0.359,0.503,0.767,0.066463029
0.285,0.225,0.439,0.611,0.079763056
0.024,0.267,0.683,0.57,0.952026229
0.61,0.467,0.69,0.557,0.000461629
0.581,0.108,0.744,0.527,0.001271167
0.101,0.168,0.521,0.767,0.877452887
0.55,0.068,0.792,0.911,0.004057325
0.178,0.466,0.896,0.855,0.188193859
0.081,0.466,0.622,0.552,0.366653512
0.416,0.823,0.86,1.0,1.3974e-05
0.0,0.099,0.593,0.905,0.985418687
0.659,0.171,0.948,0.522,0.000399468
0.43,0.0,0.466,0.898,0.006281144
0.0,0.461,0.561,0.479,0.157856441
0.059,0.435,0.522,0.55,0.686239645
0.092,0.017,0.461,0.82,0.963424324
0.262,0.802,0.83,0.916,6.7943e-05
0.0,0.236,0.616,0.861,0.986040779
0.0,0.017,0.653,0.876,0.986599263
0.0,0.293,0.821,0.588,0.966185907
0.328,0.499,0.466,0.648,0.019969556
0.178,0.356,0.802,0.746,0.410916421
0.154,0.379,0.584,0.601,0.431167387
0.525,0.682,0.682,0.828,9.541e-05
0.558,0.797,0.938,0.884,2.891e-06
0.434,0.301,0.772,0.632,0.016262548
0.243,0.026,0.311,0.86,0.080770641
0.06,0.071,0.484,0.806,0.97769435
0.681,0.153,0.801,0.19,0.0
0.141,0.244,0.266,0.648,0.346971631
0.425,0.635,0.645,0.814,0.001073601
0.2,0.083,0.397,0.706,0.270957023
0.207,0.558,0.69,0.619,0.022811611
0.179,0.58,0.199,0.589,0.000206239
0.901,0.13,0.954,0.336,0.0
0.16,0.0,0.393,0.912,0.406550219
0.139,0.297,0.158,0.636,0.036015746
0.077,0.018,0.102,0.11,0.0
0.277,0.288,0.835,0.414,0.0
0.03,0.097,0.705,0.865,0.987037281
0.228,0.021,0.674,0.929,0.1845095
0.292,0.629,0.776,0.818,0.003579312
0.0,0.132,0.521,0.705,0.980332575
0.022,0.342,0.291,0.443,0.275925559
0.137,0.245,0.59,0.8,0.478737353
0.607,0.552,0.682,0.984,0.000345981
0.0,0.161,0.704,0.744,0.986562159
0.0,0.36,0.785,0.541,0.907585993
0.355,0.051,0.847,0.293,0.0
0.0,0.358,0.629,0.643,0.981210538
0.199,0.367,0.596,0.674,0.303296119
0.344,0.693,0.605,0.724,0.000231296
0.103,0.0,0.616,0.873,0.836316334
0.517,0.691,0.668,0.926,8.1917e-05
0.176,0.179,0.876,0.82,0.413776786
0.0,0.238,0.826,0.727,0.986743341
0.095,0.065,0.472,0.863,0.949530637
0.091,0.767,0.771,0.775,5.4451e-05
0.137,0.09,0.88,0.948,0.481008876
0.246,0.033,0.314,0.164,0.0
0.255,0.062,0.775,0.923,0.136611864
0.0,0.126,0.688,0.783,0.986775627
0.0,0.217,0.5,0.718,0.97877277
0.052,0.192,0.636,0.439,0.250083002
0.197,0.193,0.544,0.766,0.317966577
0.389,0.507,0.994,0.91,0.01435869
0.21,0.323,0.978,0.376,0.0
0.7,0.019,0.721,0.372,0.0
0.158,0.109,0.615,0.431,0.084576431
0.273,0.022,0.347,0.166,0.0
0.267,0.377,0.444,0.459,0.040529399
0.892,0.151,0.908,0.433,0.0
0.121,0.36,0.547,0.537,0.46424615
0.102,0.264,0.393,0.632,0.824358791
0.0,0.0,0.668,0.884,0.999305147
0.238,0.692,0.856,0.91,0.001168529
0.012,0.446,0.557,0.471,0.28436547
0.0,0.062,0.813,0.775,0.987225691
0.387,0.405,0.719,0.77,0.032269707
0.103,0.281,0.198,0.719,0.52281667
0.03,0.894,0.638,0.948,5.782e-06
0.0,0.448,0.566,0.495,0.368522676
0.361,0.065,0.562,0.856,0.041634321
0.0,0.275,0.574,0.562,0.939137717
0.022,0.889,0.114,0.974,0.0
0.122,0.49,0.17,0.593,0.049328301
0.036,0.194,0.878,0.418,0.0
0.032,0.393,0.761,0.648,0.982846478
0.301,0.689,0.691,0.848,0.000712682
0.359,0.19,0.885,0.661,0.044984746
0.0,0.166,0.412,0.775,0.964494552
0.121,0.166,0.432,0.302,0.0
0.623,0.115,0.791,0.929,0.001209969
0.045,0.33,0.536,0.746,0.981988272
0.008,0.066,0.21,0.865,0.746977606
0.038,0.087,0.222,0.829,0.787319077
0.612,0.7,0.853,0.995,3.0358e-05
0.701,0.072,0.782,0.812,0.000365737
0.08,0.16,0.151,0.876,0.534898054
0.0,0.408,0.713,0.428,0.232015377
0.01,0.617,0.225,0.893,0.002842537
0.484,0.162,0.903,0.833,0.009691802
0.183,0.231,0.513,0.671,0.393284886
0.154,0.143,0.539,0.76,0.442087951
0.204,0.423,0.296,0.466,0.056371759
0.0,0.0,0.538,0.958,0.995078205
0.34,0.107,0.898,0.478,0.023931471
0.182,0.257,0.248,0.648,0.256829148
0.138,0.207,0.586,0.672,0.473967346
0.0,0.416,0.622,0.467,0.574367344
0.221,0.187,0.823,0.885,0.202859499
0.231,0.714,0.658,0.827,0.000654376
0.567,0.879,0.612,0.993,4.82e-07
0.351,0.242,0.974,0.594,0.04481031
0.343,0.189,0.591,0.977,0.051356963
0.0,0.393,0.397,0.537,0.881983887
0.806,0.238,0.89,0.857,4.2404e-05
0.19,0.216,0.362,0.62,0.324298798
0.194,0.526,0.575,0.535,0.008908768
0.031,0.243,0.229,0.447,0.290983921
0.058,0.182,0.457,0.705,0.973165759
0.256,0.059,0.359,0.892,0.089331018
0.132,0.417,0.413,0.461,0.229022016
0.239,0.447,0.686,0.663,0.117083699
0.334,0.125,0.715,1.0,0.057826517
0.355,0.042,0.822,0.839,0.047797407
0.311,0.052,0.451,0.873,0.05992746
0.0,0.351,0.317,0.738,0.917698947
0.038,0.082,0.941,0.924,0.987476744
0.0,0.232,0.651,0.647,0.982005138
0.075,0.454,0.139,0.494,0.174083331
0.0,0.18,0.795,0.773,0.987189551
0.014,0.244,0.397,0.846,0.959327004
0.03,0.136,0.407,0.958,0.962956431
0.0,0.018,0.826,0.939,0.987444459
0.282,0.312,0.379,0.415,0.0
0.588,0.068,0.848,0.769,0.002217555
0.298,0.183,0.626,0.737,0.084498369
0.019,0.781,0.71,0.912,0.000172509
0.543,0.103,0.71,0.791,0.004166227
0.423,0.279,0.81,0.679,0.019463113
0.052,0.431,0.207,0.656,0.540124871
0.0,0.278,0.698,0.625,0.978653267
0.0,0.453,0.731,0.618,0.572233634
0.242,0.056,0.489,0.902,0.147617719
0.0,0.017,0.784,0.961,0.987403018
0.043,0.259,0.641,0.799,0.986358811
0.0,0.208,0.1,0.808,0.077495869
0.392,0.485,0.894,0.883,0.01760455
0.036,0.017,0.861,0.381,0.0
0.211,0.019,0.329,0.863,0.175115492
0.161,0.227,0.534,0.61,0.418752551
0.025,0.266,0.682,0.632,0.980081522
0.038,0.0,0.823,0.95,0.987443977
0.008,0.016,0.895,0.217,0.0
0.135,0.393,0.614,0.527,0.404928252
0.576,0.282,0.948,0.932,0.002694603
0.847,0.38,0.947,0.626,1.5902e-05
0.0,0.164,0.731,0.729,0.986571315
0.075,0.082,0.326,0.939,0.92431017
0.0,0.0,0.535,0.905,0.994887385
0.046,0.28,0.512,0.689,0.979153445
0.0,0.316,0.609,0.589,0.965412992
0.299,0.565,0.588,0.873,0.012330509
0.561,0.011,0.916,0.568,0.002638225
0.007,0.111,0.372,0.937,0.947288507
0.0,0.25,0.689,0.765,0.986678289
0.019,0.333,0.303,0.622,0.901231605
0.274,0.228,0.311,0.788,0.039809489
0.424,0.326,0.579,0.878,0.017098589
0.0,0.362,0.699,0.474,0.629673212
0.615,0.189,0.693,0.427,8.3363e-05
0.0,0.192,0.693,0.802,0.986877301
0.663,0.225,0.909,0.401,0.0
0.0,0.042,0.846,0.858,0.987435785
0.0,0.093,0.773,0.824,0.987326401
0.399,0.112,0.63,0.874,0.026157217
0.177,0.266,0.559,0.609,0.398854312
0.027,0.349,0.306,0.36,0.0
0.044,0.111,0.465,0.805,0.97525851
0.314,0.405,1.0,0.431,0.010038747
0.463,0.013,0.733,0.675,0.0118896
0.055,0.314,0.342,0.872,0.933477219
0.0,0.315,0.649,0.573,0.954445686
0.0,0.131,0.984,0.705,0.986353029
0.223,0.218,0.346,0.411,0.0
0.698,0.14,0.91,0.54,0.000261172
0.763,0.338,0.777,0.65,2.6021e-05
0.22,0.057,0.78,0.419,0.032479801
0.085,0.3,0.479,0.61,0.965906906
0.239,0.185,0.488,0.786,0.152675883
0.074,0.052,0.141,0.892,0.515731289
0.409,0.177,0.937,0.748,0.02375848
0.407,0.087,0.845,0.114,0.0
0.025,0.381,0.915,0.849,0.987445422
0.15,0.461,0.406,0.986,0.217483215
0.03,0.625,0.97,0.822,0.008349801
0.169,0.395,0.48,0.442,0.11058186
0.0,0.337,0.64,0.609,0.974056732
0.0,0.241,0.262,0.596,0.851605992
0.171,0.395,0.295,0.697,0.32997038
0.177,0.36,0.539,0.538,0.357004596
0.095,0.621,0.36,0.981,0.006604477
0.213,0.337,0.533,0.545,0.186952086
0.293,0.066,0.725,0.467,0.036040321
0.13,0.134,0.593,0.834,0.49887508
0.342,0.416,0.385,0.467,0.008927078
0.342,0.174,0.901,0.366,0.0
0.326,0.829,0.475,0.948,2.0238e-05
0.482,0.225,0.686,0.686,0.00923451
0.302,0.395,0.934,0.433,0.011808165
0.208,0.392,0.753,0.847,0.249700881
0.075,0.188,0.513,0.464,0.536809622
0.438,0.415,0.688,0.503,0.00805538
0.742,0.066,0.819,0.99,0.000139742
0.121,0.824,0.189,0.921,1.446e-06
0.0,0.401,0.75,0.501,0.747084099
0.098,0.355,0.372,0.431,0.186696697
0.0,0.219,0.633,0.878,0.986350138
0.179,0.273,0.738,0.774,0.40967272
0.121,0.128,0.263,0.79,0.41655138
0.244,0.978,0.881,0.999,4.82e-07
0.348,0.356,0.671,0.48,0.02248635
0.135,0.146,0.396,0.47,0.257437264
0.0,0.264,0.781,1.0,0.987400609
0.04,0.131,0.586,0.802,0.985053914
0.073,0.006,0.35,0.185,0.0
0.595,0.258,0.705,0.623,0.001421027
0.468,0.132,0.847,0.68,0.011450137
0.145,0.202,0.573,0.682,0.459072337
0.326,0.204,0.373,0.698,0.023329618
0.217,0.032,0.483,0.805,0.204731072
0.622,0.62,0.627,0.752,1.2047e-05
0.178,0.673,0.592,0.908,0.002137083
0.347,0.471,0.415,0.598,0.014492649
0.301,0.884,0.516,0.894,4.82e-07
0.0,0.226,0.492,0.738,0.978183928
0.0,0.0,0.828,0.902,0.999958559
0.349,0.623,0.723,0.976,0.002644971
0.653,0.254,0.737,0.287,0.0
0.0,0.133,0.448,0.703,0.971742804
0.085,0.097,0.115,0.74,0.382004849
0.199,0.21,0.525,0.862,0.301372503
0.729,0.359,0.772,0.524,8.0472e-05
0.104,0.413,0.369,0.424,0.130901251
0.253,0.291,0.6,0.434,0.022048332
0.308,0.347,0.839,0.57,0.065586994
0.456,0.576,0.697,0.675,0.002136119
0.235,0.092,0.458,0.778,0.156308682
0.382,0.474,0.415,0.603,0.006795778
0.829,0.761,0.917,0.856,9.64e-07
0.292,0.172,0.411,0.665,0.068203535
0.326,0.225,0.942,0.488,0.030924333
0.0,0.194,0.579,0.697,0.98356687
0.739,0.026,0.792,0.944,0.000132995
0.096,0.17,0.75,0.872,0.949789882
0.298,0.039,0.68,0.967,0.085384523
0.123,0.49,0.663,0.52,0.09110911
0.031,0.26,0.71,0.97,0.987088359
0.836,0.23,0.977,0.836,2.7948e-05
0.0,0.15,0.703,0.687,0.985304003
0.0,0.121,0.779,0.716,0.986516864
0.0,0.017,0.658,0.916,0.98667588
0.0,0.288,0.837,0.664,0.984508922
0.226,0.006,0.468,0.896,0.178206672
0.015,0.352,0.452,0.408,0.0
0.334,0.51,0.45,0.603,0.012788283
0.539,0.652,0.932,0.879,0.000212504
0.0,0.378,0.577,0.521,0.858542958
0.423,0.245,0.897,0.37,0.0
0.032,0.128,0.694,0.708,0.985961752
0.261,0.717,0.409,0.809,0.000381639
0.055,0.402,0.669,0.67,0.984284371
0.267,0.135,0.53,0.278,0.0
0.259,0.2,0.433,0.716,0.113401267
0.196,0.108,0.361,0.851,0.286900575
0.068,0.123,0.656,0.714,0.985746839
0.182,0.0,0.564,0.932,0.401094032
0.623,0.244,0.992,0.564,0.000912657
0.732,0.737,0.766,0.83,4.82e-07
0.0,0.344,0.722,0.571,0.953171146
0.253,0.057,0.533,0.503,0.085514627
0.001,0.154,0.503,0.975,0.979827578
0.414,0.012,0.455,0.271,0.0
0.171,0.276,0.667,0.956,0.419063355
0.351,0.373,0.842,0.644,0.047982926
0.0,0.288,0.796,0.625,0.979019004
0.484,0.19,0.959,0.976,0.009698548
0.93,0.35,0.95,0.946,9.64e-07
0.0,0.425,0.502,0.669,0.746145421
0.169,0.284,0.88,0.917,0.422250909
0.251,0.0,0.325,0.984,0.078461532
0.222,0.365,0.779,0.534,0.158107494
0.028,0.072,0.684,0.764,0.986630584
0.449,0.014,0.739,0.605,0.012833097
0.554,0.163,0.922,0.53,0.002285498
0.023,0.49,0.355,0.565,0.233073077
0.221,0.586,0.522,0.624,0.008051043
0.583,0.54,0.73,0.816,0.000831703
0.296,0.437,0.319,0.821,0.016622504
0.074,0.192,0.645,1.0,0.986518309
0.249,0.062,0.492,0.85,0.136406588
0.226,0.525,0.884,0.569,0.025872915
0.0,0.322,0.557,0.588,0.963120748
0.0,0.057,0.539,0.871,0.982620964
0.111,0.442,0.748,0.551,0.454465684
0.417,0.318,0.816,0.464,0.006395346
0.049,0.278,0.259,0.993,0.855949065
0.011,0.22,0.699,0.719,0.986207987
0.052,0.258,0.509,0.642,0.975509081
0.532,0.606,0.939,0.857,0.000596552
0.003,0.36,0.75,0.994,0.987337002
0.0,0.082,0.705,0.933,0.987055592
0.255,0.865,0.976,0.937,1.4938e-05
0.712,0.895,0.778,0.896,0.0
0.317,0.12,0.652,0.716,0.068195343
0.179,0.2,0.527,0.526,0.342860819
0.296,0.256,0.606,0.695,0.08561341
0.257,0.495,0.795,0.759,0.055895674
0.0,0.063,0.724,0.84,0.987144737
0.205,0.199,0.413,0.412,0.0
0.0,0.317,0.707,0.73,0.986419526
0.0,0.392,0.672,0.539,0.904658647
0.647,0.524,0.791,0.703,0.000385976
0.293,0.026,0.422,0.811,0.070961745
0.0,0.307,0.748,0.595,0.9698375
0.087,0.101,0.631,0.487,0.685117376
0.546,0.589,0.765,0.876,0.000661122
0.155,0.425,0.791,0.914,0.36008132
0.514,0.15,0.736,0.165,0.0
0.0,0.0,0.753,0.973,0.999865077
0.0,0.293,0.536,0.628,0.975105276
0.451,0.155,0.688,1.0,0.013741899
0.635,0.424,0.974,0.48,0.000220695
0.183,0.587,0.766,0.699,0.015462648
0.003,0.62,0.126,0.746,2.5057e-05
0.0,0.268,0.58,0.704,0.983841535
0.126,0.067,0.715,0.9,0.514975721
0.041,0.559,0.792,0.631,0.043392174
0.0,0.344,0.796,0.492,0.703338234
0.283,0.113,0.683,0.89,0.102072561
0.112,0.284,0.321,0.378,0.0
0.116,0.226,0.565,0.72,0.586720019
0.335,0.305,0.87,0.628,0.054921819
0.0,0.02,0.637,0.989,0.986418563
0.0,0.279,0.565,0.654,0.980520504
0.0,0.213,0.712,0.68,0.985090054
0.436,0.231,0.656,0.748,0.016138708
0.041,0.726,0.604,0.857,0.000677024
0.44,0.374,0.517,0.531,0.00642715
0.411,0.261,0.481,0.572,0.010539407
0.0,0.077,0.606,0.821,0.985754549
0.0,0.563,0.638,0.58,0.019085329
0.34,0.154,0.382,0.682,0.019692964
0.2,0.228,0.265,0.785,0.175382446
0.134,0.214,0.504,0.418,0.0
0.193,0.474,0.742,0.542,0.113199365
0.097,0.292,0.994,0.893,0.944033492
0.273,0.284,0.355,0.707,0.067046571
0.0,0.108,0.75,0.792,0.987196297
0.16,0.132,0.187,0.151,0.0
0.271,0.168,0.43,0.74,0.099111966
0.025,0.435,0.365,0.663,0.715826314
0.076,0.138,0.645,0.771,0.986282194
0.011,0.38,0.303,0.53,0.8295008
0.389,0.255,0.457,0.786,0.018305667
0.051,0.839,0.565,0.886,3.4213e-05
0.0,0.305,0.795,0.664,0.984476636
0.42,0.158,0.547,0.31,0.0
0.845,0.47,0.967,0.641,1.1083e-05
0.35,0.031,0.877,0.213,0.0
0.139,0.14,0.913,1.0,0.47621574
0.69,0.144,0.84,0.274,0.0
0.169,0.237,0.376,0.812,0.383974241
0.0,0.307,0.665,0.64,0.981183072
0.095,0.509,0.579,0.761,0.187967863
0.0,0.241,0.24,0.596,0.820840676
0.039,0.745,0.435,0.808,0.000324779
0.27,0.699,0.348,0.786,0.000362364
0.281,0.07,0.935,0.964,0.105076523
0.325,0.263,0.668,0.887,0.063140071
0.117,0.505,0.403,0.533,0.072473845
0.526,0.064,0.529,0.572,0.00016769
0.204,0.121,0.714,0.881,0.271501051
0.0,0.48,0.803,0.487,0.026004465
0.063,0.302,0.783,0.74,0.986862845
0.024,0.144,0.56,0.765,0.983665653
0.925,0.349,0.944,0.788,9.64e-07
0.45,0.184,0.86,0.75,0.014351462
0.107,0.359,0.109,0.569,0.048403115
0.106,0.207,0.698,0.256,0.0
0.483,0.659,0.483,0.757,0.0
0.121,0.469,0.845,0.851,0.252540044
0.0,0.124,0.445,0.712,0.971387668
0.331,0.085,0.831,0.375,0.0
0.0,0.264,0.807,0.641,0.981905391
0.269,0.032,0.695,0.805,0.119361005
0.0,0.225,0.806,1.0,0.987432894
0.282,0.634,0.501,0.952,0.003004444
0.125,0.514,0.874,0.979,0.111335983
0.327,0.602,0.648,0.868,0.004893365
0.833,0.066,0.946,0.885,3.084e-05
0.267,0.0,0.369,0.845,0.080534526
0.023,0.048,0.433,0.979,0.969815334
0.279,0.324,0.314,0.625,0.034862636
0.376,0.223,0.422,0.826,0.018071479
0.187,0.325,0.409,0.761,0.366268018
0.313,0.747,0.607,0.87,0.000163835
0.125,0.155,0.448,0.89,0.504988052
0.088,0.16,0.175,0.657,0.572172919
0.38,0.085,0.638,0.467,0.012330991
0.218,0.107,0.503,0.769,0.203813596
0.054,0.0,0.897,0.931,0.987473371
0.643,0.119,0.788,0.598,0.000764724
0.037,0.528,0.856,0.921,0.1053854
0.138,0.802,0.824,0.845,7.1316e-05
0.442,0.222,0.864,0.682,0.015545048
0.249,0.432,0.664,0.524,0.083135647
0.144,0.0,0.558,0.899,0.462077745
0.115,0.37,0.809,0.551,0.544189906
0.282,0.673,0.451,0.756,0.000822548
0.0,0.459,0.437,0.464,0.061441488
0.541,0.11,0.913,0.874,0.004697245
0.0,0.701,0.238,0.767,0.000230333
0.196,0.369,0.342,0.513,0.220469349
0.235,0.099,0.735,0.15,0.0
0.465,0.723,0.601,0.773,5.0596e-05
0.018,0.384,0.956,0.558,0.934278083
0.245,0.526,0.427,0.754,0.031596538
0.507,0.337,0.857,0.768,0.007223195
0.376,0.135,0.522,0.815,0.032205619
0.681,0.25,0.967,0.805,0.000581132
0.027,0.597,0.582,0.622,0.007681451
0.75,0.386,0.776,0.846,5.686e-05
0.107,0.0,0.605,0.909,0.760812988
0.156,0.12,0.817,0.897,0.443620772
0.192,0.312,0.917,0.551,0.323115332
0.588,0.453,0.664,0.493,0.000269364
0.152,0.03,0.154,0.987,0.003554737
0.072,0.484,0.703,0.788,0.310164659
0.412,0.402,0.639,0.852,0.021779932
0.025,0.053,0.205,0.87,0.721535962
0.326,0.422,0.867,0.496,0.024903398
0.283,0.0,0.591,0.85,0.100497817
0.08,0.788,0.431,0.841,9.1073e-05
0.0,0.402,0.83,0.435,0.232041398
0.0,0.392,0.757,0.645,0.982411352
0.212,0.271,0.35,0.669,0.180978374
0.0,0.021,0.725,0.51,0.802780761
0.186,0.053,0.554,0.913,0.390090104
0.279,0.608,0.669,0.977,0.006187661
0.218,0.391,0.577,0.783,0.20885634
0.454,0.746,0.6,0.975,6.0715e-05
0.0,0.097,0.832,0.988,0.98744735
0.506,0.396,0.823,0.416,0.0
0.133,0.082,0.597,0.796,0.488982821
0.199,0.313,0.36,0.523,0.213186884
0.0,0.0,0.703,0.855,0.999537889
0.0,0.122,0.589,0.766,0.98500139
0.166,0.246,0.535,0.925,0.42132476
0.0,0.243,0.26,0.687,0.856593803
0.0,0.291,0.396,0.545,0.89366002
0.13,0.239,0.415,0.649,0.475547871
0.014,0.066,0.725,0.913,0.987189069
0.232,0.453,0.511,0.748,0.113800253
0.426,0.216,0.755,0.602,0.01687452
0.412,0.523,0.941,0.751,0.009028271
0.393,0.916,0.908,0.996,1.927e-06
0.0,0.086,0.603,0.801,0.985624445
0.213,0.077,0.992,0.857,0.228596527
0.448,0.119,0.724,0.76,0.014403022
0.0,0.114,0.307,0.937,0.909932206
0.0,0.137,0.658,0.756,0.986327972
0.396,0.451,0.502,0.803,0.0159715
0.153,0.638,0.813,0.838,0.005597855
0.546,0.715,0.928,0.914,3.9513e-05
0.051,0.242,0.564,0.684,0.982391114
0.057,0.635,0.861,0.967,0.006444497
0.663,0.001,0.73,0.349,0.0
0.0,0.007,0.344,0.997,0.934474203
0.039,0.405,0.552,0.521,0.857731011
0.575,0.247,0.872,0.51,0.001252374
0.361,0.039,0.58,0.36,0.0
0.0,0.332,0.701,0.576,0.958016807
0.019,0.851,0.271,0.862,3.373e-06
0.194,0.365,0.356,0.471,0.164339969
0.648,0.489,0.821,0.617,0.000506925
0.241,0.174,0.273,0.873,0.043248578
0.262,0.15,0.769,0.702,0.127048238
0.267,0.345,0.919,0.858,0.122118733
0.681,0.873,0.799,0.985,0.0
0.0,0.0,0.625,0.897,0.998752445
0.1,0.403,0.426,0.491,0.614662555
0.071,0.401,0.731,0.636,0.981089107
0.014,0.233,0.861,0.603,0.973003852
0.0,0.064,0.585,0.839,0.985082344
0.0,0.0,0.423,0.945,0.98009887
0.0,0.274,0.714,0.562,0.940886897
0.0,0.262,0.757,0.574,0.95588117
0.022,0.216,0.209,0.703,0.74220278
0.0,0.277,0.614,0.602,0.971464767
0.168,0.469,0.552,0.497,0.056300442
0.108,0.411,0.802,0.425,0.117451846
0.327,0.143,0.941,0.805,0.062446663
0.0,0.0,0.589,0.911,0.997784373
0.0,0.149,0.678,0.755,0.9865159
0.363,0.126,0.721,0.174,0.0
0.082,0.104,0.165,0.2,0.0
0.184,0.212,0.592,1.0,0.397482435
0.387,0.055,0.486,0.835,0.023180239
0.158,0.064,0.538,0.872,0.435105209
0.237,0.006,0.383,0.83,0.131007262
0.65,0.547,0.794,0.586,0.00013155
0.171,0.451,0.235,0.461,0.034430401
0.23,0.281,0.338,0.638,0.121782871
0.218,0.0,0.352,0.886,0.162419727
0.28,0.12,0.551,0.229,0.0
0.183,0.425,0.284,0.456,0.082875439
0.152,0.329,0.668,0.763,0.449814698
0.095,0.286,0.533,0.906,0.955520251
0.101,0.41,0.661,0.588,0.861924222
0.026,0.07,0.04,0.671,0.0
0.142,0.341,0.441,0.649,0.450107191
0.0,0.0,0.722,0.917,0.999690641
0.502,0.7,0.7,0.984,8.8182e-05
0.087,0.372,0.587,0.593,0.966956896
0.179,0.138,0.359,0.745,0.363724239
0.233,0.0,0.416,0.843,0.151924169
0.148,0.055,0.386,0.918,0.424720481
0.544,0.146,0.996,0.729,0.004481368
0.0,0.391,0.45,0.545,0.903954157
0.0,0.0,0.765,0.917,0.999887725
0.078,0.306,0.698,0.966,0.987015597
0.0,0.515,0.556,0.609,0.14131971
0.0,0.005,0.721,0.9,0.987162084
0.101,0.07,0.478,0.951,0.873351712
0.0,0.18,0.508,0.821,0.98025114
0.201,0.214,0.311,0.687,0.217512609
0.0,0.275,0.563,0.623,0.975621356
0.154,0.419,0.413,0.489,0.195582816
0.233,0.296,0.322,0.587,0.101321329
0.236,0.027,0.66,0.977,0.166816768
0.323,0.164,0.39,0.672,0.033594843
0.831,0.513,0.859,0.883,8.192e-06
0.163,0.0,0.653,0.932,0.430408445
0.388,0.683,0.406,0.924,5.3487e-05
0.64,0.17,0.822,0.922,0.000981564
0.586,0.009,0.644,0.81,0.001347784
0.692,0.351,0.825,0.378,0.0
0.675,0.534,0.827,0.661,0.000242861
0.489,0.849,0.49,0.895,0.0
0.368,0.647,0.737,0.983,0.001344411
0.722,0.138,0.865,0.647,0.000269846
0.109,0.056,0.472,0.929,0.702876605
0.397,0.199,0.47,0.792,0.016666835
0.757,0.254,0.931,0.544,6.7943e-05
0.304,0.0,0.665,0.874,0.079535615
0.004,0.806,0.322,0.91,4.915e-05
0.188,0.367,0.436,0.627,0.363384522
0.315,0.129,0.743,1.0,0.070799838
0.163,0.789,0.791,0.948,0.000145524
0.269,0.342,0.453,0.567,0.093380152
0.362,0.304,0.418,0.653,0.023041461
0.0,0.38,0.744,0.502,0.751720629
0.2,0.192,0.485,0.237,0.0
0.175,0.132,0.409,0.841,0.391210928
0.0,0.349,0.646,0.488,0.690930626
0.0,0.209,0.583,0.704,0.983954292
0.0,0.0,0.495,0.966,0.99154467
0.021,0.205,0.93,0.825,0.98741651
0.554,0.38,0.938,0.669,0.003765795
0.072,0.21,0.474,0.667,0.974148769
0.008,0.116,0.548,0.721,0.98247014
0.217,0.33,0.509,0.506,0.139674614
0.373,0.99,0.521,0.99,0.0
0.666,0.132,0.702,0.363,0.0
0.759,0.345,0.792,0.772,5.4933e-05
0.084,0.445,0.641,0.515,0.519461426
0.668,0.656,0.723,0.845,2.0238e-05
0.041,0.17,0.527,0.728,0.981201383
0.138,0.037,0.723,0.875,0.47829789
0.0,0.0,0.533,0.911,0.994768846
0.156,0.512,0.902,0.719,0.097788758
0.079,0.606,0.457,0.833,0.011864061
0.0,0.053,0.738,0.829,0.98722039
0.201,0.232,0.434,0.704,0.274247214
0.035,0.386,0.66,0.516,0.83625851
0.181,0.111,0.513,0.474,0.237716834
0.191,0.46,0.454,0.615,0.181349412
0.209,0.038,0.563,0.721,0.241077861
0.554,0.151,0.786,0.473,0.001125643
0.144,0.34,0.881,0.933,0.465722592
0.52,0.326,0.645,0.827,0.005199351
0.898,0.562,0.984,0.891,1.927e-06
0.108,0.156,0.382,0.78,0.704579525
0.425,0.144,0.702,0.727,0.018857887
0.367,0.46,0.395,0.512,0.004298741
0.0,0.336,0.484,0.805,0.977691459
0.254,0.35,0.512,0.667,0.129565996
0.61,0.109,0.991,0.849,0.001550168
0.533,0.666,0.829,0.894,0.000156607
0.0,0.23,0.612,0.67,0.983497482
0.095,0.182,0.684,0.513,0.795999439
0.094,0.572,0.572,0.663,0.029603534
0.0,0.24,0.371,0.678,0.94530514
0.267,0.054,0.306,0.832,0.043699124
0.0,0.064,0.602,0.859,0.985681305
0.024,0.231,0.384,0.545,0.888972413
0.076,0.128,0.627,0.752,0.985869234
0.437,0.303,0.533,0.415,0.0
0.684,0.388,0.727,0.546,0.000179737
0.209,0.156,0.592,0.369,0.0
0.13,0.074,0.595,0.762,0.498698717
0.113,0.019,0.842,0.818,0.63511446
0.499,0.386,0.773,0.595,0.006866613
0.687,0.197,0.914,0.986,0.000542101
0.358,0.417,0.365,0.551,0.002530768
0.541,0.074,0.918,0.715,0.004654359
0.95,0.184,0.981,0.466,0.0
0.492,0.162,0.622,0.481,0.002695567
0.287,0.518,0.692,0.81,0.030362957
0.438,0.117,0.486,0.934,0.007176454
0.261,0.265,0.996,0.765,0.128948724
0.588,0.215,0.608,0.721,0.000629319
0.19,0.354,0.521,0.544,0.325623452
0.051,0.159,0.173,0.781,0.569983795
0.29,0.317,0.513,0.804,0.087647373
0.048,0.383,0.449,0.743,0.972462714
0.329,0.457,0.544,0.915,0.03855326
0.057,0.097,0.342,0.659,0.931359893
0.0,0.359,0.393,0.477,0.636777867
0.169,0.314,0.448,0.576,0.387016271
0.233,0.319,0.318,0.746,0.104783547
0.264,0.172,0.43,0.731,0.106904729
0.109,0.3,0.624,0.583,0.688861005
0.071,0.376,0.281,0.724,0.88208267
0.0,0.0,0.671,0.947,0.999337432
0.0,0.322,0.366,0.605,0.934119067
0.012,0.395,0.459,0.497,0.719403217
0.0,0.448,0.421,0.633,0.617513766
0.147,0.297,0.254,0.689,0.321518904
0.121,0.378,0.742,0.535,0.4645637
0.106,0.421,0.637,0.624,0.648179818
0.112,0.132,0.451,0.762,0.635333228
0.126,0.336,0.427,0.549,0.446441143
0.211,0.889,0.518,0.972,6.746e-06
0.008,0.366,0.538,0.523,0.863600158
0.448,0.149,0.752,0.886,0.014607815
0.322,0.0,0.394,0.913,0.036487976
0.522,0.281,0.841,0.317,0.0
0.305,0.042,0.417,0.925,0.057899279
0.098,0.067,0.277,0.747,0.825501781
0.26,0.203,0.292,0.634,0.03719343
0.0,0.396,0.637,0.614,0.975486915
0.165,0.487,0.484,0.584,0.129104367
0.0,0.041,0.761,0.796,0.987239183
0.084,0.269,0.302,0.692,0.904508787
0.105,0.416,0.322,0.497,0.504950948
0.633,0.548,0.934,0.65,0.000328152
0.143,0.0,0.502,0.908,0.460031254
0.375,0.212,0.56,0.969,0.035158985
0.147,0.018,0.416,0.878,0.43835396
0.225,0.118,0.421,0.758,0.171784341
0.423,0.535,0.558,0.654,0.004865417
0.277,0.0,0.424,0.924,0.090647481
0.181,0.534,0.697,0.672,0.05243201
0.61,0.187,0.633,0.576,0.000322369
0.111,0.141,0.185,0.793,0.270435642
0.142,0.147,0.438,0.838,0.453091879
0.031,0.124,0.614,0.752,0.98562059
0.165,0.438,0.376,0.443,0.028066858
0.0,0.06,0.651,0.777,0.986389169
0.156,0.156,0.396,0.68,0.413650055
0.107,0.14,0.667,0.445,0.184483961
0.451,0.477,0.749,0.554,0.005270667
0.615,0.33,0.661,0.352,0.0
0.0,0.0,0.629,0.861,0.998800632
0.489,0.496,0.679,0.791,0.00480181
0.017,0.141,0.707,0.737,0.986496625
0.0,0.0,0.563,0.899,0.996623072
0.3,0.487,0.374,0.762,0.021085561
0.065,0.069,0.6,0.844,0.985607098
0.364,0.013,0.896,0.271,0.0
0.272,0.496,0.848,0.801,0.048560686
0.318,0.282,0.457,0.989,0.055336226
0.022,0.0,0.84,0.924,0.987452169
0.0,0.43,0.679,0.585,0.732335096
0.458,0.121,0.869,0.803,0.013128482
0.136,0.108,0.76,0.947,0.483399421
0.279,0.473,0.483,0.611,0.047982926
0.323,0.313,0.365,0.524,0.015404824
0.497,0.225,0.532,0.76,0.0029312
0.0,0.436,0.607,0.488,0.45878659
0.224,0.196,0.981,0.737,0.194522226
0.716,0.167,0.826,0.201,0.0
0.047,0.599,0.46,0.716,0.013825744
0.274,0.0,0.275,0.849,0.001240809
0.507,0.062,0.996,0.891,0.007262226
0.479,0.308,0.978,0.851,0.010308593
0.102,0.534,0.928,0.742,0.090370407
0.093,0.304,0.126,0.629,0.457588667
0.21,0.369,0.501,0.529,0.184117741
0.069,0.019,0.48,0.818,0.977229348
0.252,0.678,0.295,0.878,0.000462111
0.0,0.335,0.643,0.586,0.964489734
0.157,0.034,0.564,0.843,0.438516349
0.201,0.121,0.363,0.716,0.247776302
0.121,0.0,0.569,0.848,0.540162939
0.085,0.362,0.623,0.488,0.690813532
0.598,0.171,0.749,0.301,0.0
0.248,0.209,0.461,0.627,0.129705738
0.926,0.485,0.928,0.691,0.0
0.189,0.328,0.87,0.829,0.380189172
0.253,0.188,0.828,0.588,0.127621179
0.087,0.254,0.624,0.644,0.981238486
0.035,0.01,0.686,0.937,0.986927897
0.0,0.375,0.772,0.461,0.497733536
0.0,0.067,0.738,0.908,0.987270986
0.242,0.355,0.448,0.481,0.073507933
0.189,0.472,0.407,0.522,0.092656387
0.197,0.297,0.699,0.879,0.322238815
0.143,0.106,0.433,0.871,0.450103336
0.0,0.139,0.896,0.865,0.98745506
0.468,0.658,0.689,0.988,0.000400432
0.353,-0.0,0.357,0.837,0.001847962
0.025,0.094,0.367,0.842,0.944943258
0.356,0.563,0.967,0.565,0.000343572
0.147,0.148,0.499,0.163,0.0
0.258,0.141,0.33,0.627,0.070192203
0.163,0.574,0.675,0.71,0.024901952
0.091,0.423,0.468,0.483,0.438597303
0.012,0.205,0.914,0.52,0.856534052
0.154,0.813,0.968,0.964,7.9026e-05
0.772,0.094,0.786,0.285,0.0
0.028,0.247,0.185,0.426,0.157660321
0.157,0.309,0.408,0.597,0.405179787
0.053,0.082,0.545,0.384,0.0
0.085,0.413,0.637,0.85,0.986388205
0.301,0.85,0.549,0.967,1.4456e-05
0.275,0.59,0.384,0.694,0.004878909
0.262,0.107,0.291,0.792,0.034655915
0.0,0.04,0.406,0.904,0.962603222
0.0,0.079,0.934,0.974,0.987478189
0.0,0.15,0.669,0.829,0.986746715
0.17,0.263,0.208,0.573,0.16742874
0.0,0.402,0.629,0.481,0.662763539
0.229,0.293,0.493,0.543,0.142533053
0.143,0.18,0.564,0.656,0.460991134
0.259,0.211,0.305,0.382,0.0
0.544,0.245,0.557,0.293,0.0
0.0,0.399,0.537,0.494,0.711599853
0.044,0.056,0.112,0.136,0.0
0.348,0.064,0.38,0.82,0.01487477
0.0,0.347,0.614,0.49,0.696653285
0.12,0.453,0.172,0.517,0.059010466
0.0,0.187,0.656,0.731,0.986017649
0.159,0.088,0.534,0.59,0.415862791
0.0,0.344,0.696,0.614,0.976005886
0.138,0.216,0.445,0.723,0.462682971
0.475,0.199,0.927,0.355,0.0
0.194,0.455,0.221,0.566,0.07710652
0.02,0.128,0.855,0.538,0.902380859
0.336,0.409,0.851,0.852,0.057032881
0.372,0.133,0.672,0.76,0.039455316
0.188,0.05,0.608,0.992,0.384165061
0.103,0.044,0.835,0.554,0.778827125
0.003,0.397,0.261,0.644,0.856601513
0.0,0.015,0.301,0.821,0.904383019
0.509,0.036,0.843,0.066,0.0
0.347,0.422,0.378,0.758,0.011811056
0.816,0.467,0.902,0.555,6.746e-06
0.248,0.404,0.813,0.757,0.14640775
0.0,0.117,0.721,0.781,0.986990058
0.065,0.33,0.151,0.411,0.0
0.096,0.524,0.317,0.845,0.093514593
0.0,0.273,0.39,0.564,0.918937347
0.075,0.707,0.743,0.98,0.001070228
0.217,0.345,0.48,0.436,0.032784823
0.0,0.275,0.722,0.896,0.98716883
0.696,0.393,0.714,0.812,0.000114684
0.0,0.26,0.593,0.648,0.981014418
0.0,0.398,0.604,0.747,0.985312677
0.338,0.144,0.732,0.905,0.055760751
0.0,0.378,0.756,0.503,0.761666857
0.056,0.0,0.642,0.887,0.986473977
0.171,0.321,0.232,0.607,0.241521661
0.611,0.58,0.929,0.966,0.000345499
0.0,0.155,0.259,0.878,0.855948583
0.0,0.35,0.392,0.584,0.937927748
0.17,0.272,0.968,0.565,0.391156959
0.02,0.279,0.439,0.921,0.971042169
0.12,0.158,0.432,0.679,0.529904942
0.0,0.104,0.578,0.883,0.984854421
0.0,0.58,0.868,0.698,0.024550189
0.027,0.001,0.697,0.948,0.987005959
0.068,0.612,0.273,0.782,0.005450886
0.585,0.27,0.632,0.774,0.001220089
0.0,0.439,0.587,0.629,0.727928418
0.157,0.38,0.275,0.609,0.32380392
0.736,0.535,0.868,0.928,9.2519e-05
0.198,0.827,0.826,0.979,5.5897e-05
0.0,0.223,0.775,0.822,0.987327365
0.339,0.309,0.39,0.677,0.024063984
0.066,0.147,0.816,0.765,0.987162566
0.206,0.29,0.576,0.745,0.257278248
0.102,0.763,0.405,0.941,0.000221659
0.0,0.283,0.373,0.663,0.945622209
0.148,0.175,0.395,0.36,0.0
0.552,0.08,0.593,0.776,0.001937108
0.23,0.002,0.49,0.499,0.106323596
0.084,0.0,0.655,0.894,0.98663203
0.374,0.361,0.661,0.558,0.030714239
0.613,0.541,0.96,0.882,0.000582578
0.0,0.086,0.472,0.841,0.976243447
0.0,0.405,0.549,0.432,0.231621692
0.01,0.068,0.051,0.627,0.0
0.267,0.264,0.548,0.679,0.11662978
0.645,0.41,0.937,0.626,0.000865916
0.155,0.0,0.552,0.857,0.441459596
0.001,0.026,0.45,0.897,0.973042883
0.534,0.018,0.885,0.387,0.0
0.0,0.345,0.625,0.53,0.887368275
0.166,0.159,0.647,0.748,0.425059715
0.035,0.321,0.111,0.474,0.265828024
0.52,0.395,0.863,0.625,0.005679773
0.837,0.251,0.986,0.524,1.3974e-05
0.637,0.435,0.943,0.594,0.000780144
0.0,0.0,0.624,0.945,0.998736061
0.194,0.315,0.454,0.922,0.333739066
0.216,0.516,0.851,0.914,0.060497509
0.186,0.227,0.282,0.752,0.289930076
0.32,0.343,0.914,0.614,0.063057671
0.073,0.43,0.741,0.709,0.754258143
0.929,0.027,0.973,0.15,0.0
0.093,0.527,0.488,0.664,0.101269287
0.352,0.479,0.606,0.901,0.026426581
0.444,0.186,0.913,0.533,0.009908161
0.204,0.596,0.507,0.646,0.00811224
0.152,0.131,0.366,1.0,0.407841142
0.376,0.637,0.727,0.734,0.001426328
0.004,0.373,0.864,0.8,0.987353386
0.129,0.343,0.821,0.567,0.469535128
0.0,0.199,0.697,0.887,0.986999213
0.361,0.241,0.897,0.42,0.006132728
0.0,0.362,0.623,0.474,0.629452035
0.228,0.512,0.338,0.847,0.036341488
0.449,0.28,0.454,0.556,0.000578723
0.163,0.624,0.649,0.644,0.003046849
0.632,0.135,0.895,0.306,0.0
0.39,0.059,0.529,0.305,0.0
0.251,0.404,0.31,0.489,0.040443145
0.0,0.099,0.566,0.828,0.98421691
0.253,0.129,0.309,0.784,0.063555441
0.388,0.529,0.551,0.963,0.009326547
0.263,0.203,0.266,0.695,0.003384638
0.768,0.002,0.927,0.908,9.7337e-05
0.429,0.317,0.49,0.434,0.001176239
0.429,0.701,0.926,0.998,0.000228405
0.701,0.208,0.905,0.559,0.000292975
0.452,0.018,0.707,0.598,0.012045725
0.552,0.379,0.947,0.6,0.003464146
0.302,0.249,0.467,1.0,0.070247617
0.177,0.534,0.517,0.706,0.05232889
0.385,0.284,0.544,0.681,0.028697623
0.0,0.022,0.667,0.888,0.986780445
0.879,0.142,0.995,0.291,0.0
0.0,0.141,0.712,0.805,0.98700355
0.215,0.605,0.589,0.793,0.009816124
0.91,0.458,0.939,0.636,1.927e-06
0.154,0.129,0.458,0.922,0.434069193
0.213,0.587,0.419,0.699,0.011173063
0.486,0.204,0.652,0.632,0.008069354
0.266,0.28,0.424,0.556,0.089162365
0.147,0.393,1.0,0.604,0.446663766
0.157,0.15,0.579,0.687,0.43763935
0.626,0.321,0.626,0.536,0.0
0.236,0.315,0.494,0.901,0.159026415
0.459,0.528,0.53,0.644,0.002440659
0.082,0.888,0.296,0.919,1.446e-06
0.041,0.038,0.852,0.799,0.987347121
0.003,0.067,0.826,0.526,0.877431684
0.523,0.327,0.718,0.996,0.005592073
0.0,0.236,0.542,0.805,0.982754924
0.835,0.467,0.903,0.633,1.0119e-05
0.216,0.092,0.242,0.136,0.0
0.053,0.368,0.637,0.536,0.898946589
0.3,0.162,0.434,0.815,0.066527118
0.146,0.131,0.437,0.703,0.444119505
0.343,0.774,0.385,0.997,1.5902e-05
0.0,0.211,0.733,0.757,0.986896093
0.086,0.417,0.637,0.448,0.347954641
0.0,0.105,0.694,0.772,0.986755388
0.192,0.382,0.256,0.759,0.225812778
0.327,0.044,0.51,0.845,0.055510662
0.255,0.444,0.673,0.473,0.03196613
0.21,0.049,0.511,0.788,0.233502903
0.347,0.205,0.401,0.227,0.0
0.025,0.769,0.603,0.849,0.000218768
0.407,0.008,0.898,0.998,0.024518385
0.0,0.0,0.302,0.84,0.917873865
0.409,0.126,0.496,0.295,0.0
0.0,0.6,0.257,0.651,0.005507746
0.0,0.282,0.702,0.623,0.978310659
0.454,0.824,0.78,0.895,6.264e-06
0.0,0.348,0.761,0.673,0.9850091
0.122,0.422,0.327,0.719,0.383829681
0.381,0.699,0.587,0.982,0.000295867
0.0,0.229,0.746,0.671,0.984830327
0.685,0.463,0.843,0.533,0.000161908
0.399,0.721,0.661,0.758,0.000102156
0.0,0.407,0.515,0.506,0.774080247
0.149,0.25,0.481,0.638,0.440903521
0.295,0.125,0.826,0.871,0.089065991
0.099,0.332,0.45,0.543,0.839406069
0.115,0.156,0.58,0.779,0.602760908
0.184,0.433,0.753,0.647,0.319963436
0.0,0.47,0.49,0.671,0.380149658
0.105,0.573,0.72,0.76,0.031938664
0.414,0.161,0.968,0.824,0.022220841
0.241,0.197,0.349,0.717,0.107530193
0.0,0.339,0.656,0.537,0.900516996
0.433,0.207,0.549,0.801,0.013456634
0.0,0.284,0.371,0.625,0.940572237
0.66,0.915,0.734,0.968,0.0
0.0,0.578,0.876,0.685,0.025923029
0.254,0.25,0.495,0.942,0.129612256
0.591,0.839,0.733,0.994,1.446e-06
0.145,0.39,0.514,0.488,0.293115221
0.004,0.122,0.213,0.714,0.75869518
0.241,0.342,0.824,0.5,0.096894894
0.031,0.566,0.279,0.876,0.025511996
0.0,0.038,0.723,0.857,0.987157266
0.335,0.018,0.886,0.869,0.057609195
0.0,0.141,0.751,0.797,0.987215572
0.0,0.285,0.683,0.85,0.986881156
0.061,0.079,0.647,0.411,0.0
0.045,0.025,0.728,0.037,0.0
0.731,0.647,0.79,0.705,6.746e-06
0.0,0.436,0.582,0.611,0.741720431
0.0,0.357,0.801,0.545,0.913947608
0.36,0.188,0.362,0.71,0.000943497
0.051,0.265,0.276,0.352,0.0
0.033,0.397,0.518,0.628,0.973923255
0.092,0.26,0.301,0.649,0.890800136
0.557,0.144,0.851,0.733,0.003667976
0.0,0.045,0.552,0.792,0.983345211
0.0,0.182,0.746,0.654,0.983477243
0.306,0.255,0.475,0.477,0.030951317
0.0,0.0,0.617,0.897,0.998591983
0.363,0.118,0.421,0.807,0.023790284
0.061,0.21,0.664,0.681,0.984793223
0.009,0.534,0.94,0.674,0.088561476
0.06,0.338,0.646,0.498,0.733321479
0.789,0.563,0.828,0.836,1.8793e-05
0.084,0.046,0.476,0.33,0.0
0.215,0.022,0.327,0.857,0.158438055
0.0,0.05,0.75,0.86,0.987314354
0.416,0.375,0.508,0.546,0.010331241
0.0,0.248,0.597,0.66,0.982360274
0.055,0.811,0.089,0.968,0.0
0.481,0.446,0.532,0.647,0.003734955
0.139,0.142,0.829,0.695,0.474753754
0.044,0.206,0.593,0.682,0.983529285
0.339,0.093,0.799,0.743,0.05529623
0.1,0.318,0.622,0.647,0.904130039
0.027,0.249,0.397,0.866,0.959339533
0.811,0.109,0.879,0.457,9.637e-06
0.0,0.07,0.759,0.907,0.987353386
0.0,0.194,0.534,0.7,0.981121874
0.407,0.173,0.974,0.324,0.0
0.104,0.0,0.333,0.956,0.756412091
0.0,0.175,0.489,0.864,0.978338607
0.0,0.095,0.611,0.813,0.985875016
0.266,0.933,0.677,0.965,4.82e-07
0.381,0.592,0.63,0.953,0.003769168
0.0,0.23,0.534,0.607,0.969856775
0.167,0.177,0.529,0.726,0.418908194
0.433,0.263,0.658,0.325,0.0
0.0,0.0,0.767,0.903,0.999890616
0.112,0.338,0.593,0.498,0.431004516
0.0,0.0,0.638,0.934,0.998949529
0.535,0.074,0.868,0.859,0.005090931
0.3,0.337,0.495,0.72,0.075257594
0.072,-0.0,0.838,0.837,0.987408319
0.201,0.3,0.527,0.581,0.269924862
0.036,0.441,0.143,0.468,0.170681828
0.56,0.0,0.607,0.916,0.001911569
0.138,0.052,0.765,0.785,0.478344149
0.103,0.062,0.883,0.452,0.294606119
0.227,0.565,0.478,0.961,0.020132427
0.0,0.27,0.647,0.626,0.978564603
0.0,0.059,0.745,0.778,0.987122089
0.54,0.235,0.638,0.308,0.0
0.019,0.439,0.576,0.556,0.679626977
0.0,0.15,0.375,0.687,0.947486073
0.112,0.272,0.762,0.455,0.243408654
0.0,0.362,0.612,0.474,0.629390837
0.867,0.354,0.876,0.898,1.446e-06
0.55,0.875,0.649,0.928,0.0
