0.04,0.123,0.493,0.959,0.978812765
0.039,0.359,0.299,0.374,0.0
0.228,0.064,0.493,0.84,0.176442555
0.082,0.077,1.0,0.759,0.987156302
0.023,0.49,0.355,0.565,0.233073077
0.0,0.0,0.535,0.905,0.994887385
0.198,0.121,0.376,0.8,0.276515365
0.277,0.136,0.33,0.482,0.027446695
0.526,0.15,0.617,0.671,0.004201885
0.002,0.584,0.429,0.927,0.020607548
0.151,0.204,0.815,0.93,0.452539659
0.0,0.0,0.624,0.848,0.99870474
0.158,0.064,0.538,0.872,0.435105209
0.835,0.467,0.903,0.633,1.0119e-05
0.46,0.113,0.727,0.273,0.0
0.0,0.0,0.761,0.937,0.999880497
0.0,0.002,0.629,0.896,0.986297614
0.299,0.565,0.588,0.873,0.012330509
0.271,0.069,0.534,0.102,0.0
0.104,0.428,0.353,0.502,0.425005746
0.033,0.647,0.342,0.773,0.002809288
0.262,0.388,0.643,0.998,0.126996678
0.255,0.385,0.552,0.716,0.132104475
0.0,0.062,0.755,0.838,0.987306163
0.202,0.387,0.251,0.604,0.140480297
0.414,0.489,0.799,0.847,0.012780573
0.637,0.435,0.943,0.594,0.000780144
0.113,0.667,0.956,0.699,0.001399343
0.08,0.221,0.359,0.874,0.941440562
0.207,0.239,0.396,0.268,0.0
0.095,0.182,0.684,0.513,0.795999439
0.0,0.284,0.371,0.625,0.940572237
0.061,0.21,0.664,0.681,0.984793223
0.851,0.11,0.965,0.196,0.0
0.039,0.178,0.455,0.517,0.833227563
0.0,0.18,0.795,0.773,0.987189551
0.097,0.18,0.458,0.76,0.930612998
0.381,0.248,0.933,0.767,0.035571464
0.301,0.134,0.332,0.784,0.023697283
0.344,0.004,0.348,0.9,0.001965056
0.49,0.559,0.56,0.944,0.001328991
0.558,0.797,0.938,0.884,2.891e-06
0.669,0.175,0.955,0.219,0.0
0.41,0.501,0.99,0.791,0.011970554
0.103,0.049,0.309,0.643,0.758996829
0.0,0.065,0.583,0.771,0.984831773
0.098,0.074,0.187,0.809,0.545650447
0.0,0.263,0.72,0.573,0.954902015
0.0,0.0,0.484,0.942,0.99029856
0.308,0.31,0.381,0.526,0.030262247
0.38,0.259,0.497,0.351,0.0
0.032,0.009,0.241,0.416,0.0
0.131,0.634,0.542,0.702,0.005083703
0.325,0.263,0.668,0.887,0.063140071
0.459,0.844,0.832,0.986,3.373e-06
0.0,0.188,0.745,0.648,0.98280311
0.069,0.019,0.48,0.818,0.977229348
0.038,0.495,0.433,0.656,0.257442083
0.52,0.395,0.863,0.625,0.005679773
0.55,0.068,0.792,0.911,0.004057325
0.196,0.243,0.595,0.593,0.316348465
0.197,0.211,0.282,0.568,0.20800729
0.0,0.337,0.726,0.562,0.940946166
0.693,0.41,0.804,0.671,0.000433199
0.257,0.219,0.536,0.985,0.129021968
0.306,0.065,0.364,0.877,0.034642423
0.0,0.346,0.438,0.491,0.693107222
0.173,0.065,0.397,0.836,0.389330681
0.337,0.042,0.39,0.198,0.0
0.238,0.422,0.886,0.484,0.060006004
0.011,0.22,0.699,0.719,0.986207987
0.0,0.335,0.643,0.586,0.964489734
0.214,0.023,0.332,0.965,0.165037713
0.061,0.245,0.487,0.591,0.959996319
0.0,0.313,0.736,0.582,0.962557445
0.0,0.286,0.697,0.551,0.922893962
0.216,0.092,0.242,0.136,0.0
0.349,0.563,0.522,0.718,0.007242951
0.214,0.299,0.667,0.613,0.21530662
0.075,0.5,0.82,0.976,0.244954485
0.1,0.054,0.468,0.864,0.898255591
0.339,0.406,0.524,0.507,0.030112386
0.217,0.032,0.483,0.805,0.204731072
0.027,0.333,0.835,0.579,0.960349527
0.294,0.248,0.874,0.328,0.0
0.093,0.045,0.111,0.553,0.305098785
0.166,0.139,0.672,0.857,0.425758905
0.169,0.395,0.48,0.442,0.11058186
0.018,0.384,0.956,0.558,0.934278083
0.15,0.461,0.406,0.986,0.217483215
0.699,0.059,0.834,0.7,0.000421152
0.042,0.006,0.988,0.764,0.98719196
0.0,0.047,0.839,0.921,0.987451687
0.0,0.392,0.757,0.645,0.982411352
0.0,0.421,0.451,0.502,0.514523247
0.069,0.239,0.249,0.597,0.835399822
0.113,0.155,0.437,0.733,0.617849146
0.129,0.282,0.171,0.725,0.084692079
0.0,0.362,0.699,0.474,0.629673212
0.261,0.473,0.508,0.79,0.064539414
0.489,0.326,0.85,0.803,0.009094287
0.092,0.277,0.461,0.609,0.952223313
0.129,0.343,0.821,0.567,0.469535128
0.427,0.015,0.727,0.416,0.0
0.2,0.735,0.228,0.907,5.5897e-05
0.295,0.222,0.351,0.662,0.038914179
0.0,0.031,0.841,1.0,0.98745506
0.564,0.59,0.929,0.952,0.000555593
0.141,0.236,0.282,0.711,0.367461122
0.294,0.027,0.568,0.886,0.086998298
0.329,0.457,0.544,0.915,0.03855326
0.065,0.069,0.6,0.844,0.985607098
0.0,0.485,0.305,0.501,0.060215135
0.342,0.27,0.519,0.917,0.047768014
0.0,0.32,0.552,0.517,0.838837466
0.001,0.385,0.562,0.451,0.375607575
0.784,0.287,0.923,0.955,7.4689e-05
0.085,0.219,0.477,0.618,0.967809319
0.21,0.369,0.501,0.529,0.184117741
0.098,0.355,0.372,0.431,0.186696697
0.755,0.815,0.764,0.838,0.0
0.0,0.018,0.644,0.865,0.986487952
0.029,0.237,0.136,0.876,0.503959747
0.528,0.415,0.977,0.743,0.005524612
0.0,0.265,0.825,0.714,0.98653132
0.127,0.035,0.291,0.873,0.418162263
0.199,0.313,0.36,0.523,0.213186884
0.0,0.208,0.735,0.691,0.985666367
0.154,0.129,0.458,0.922,0.434069193
0.047,0.394,0.5,0.482,0.663920985
0.0,0.294,0.732,0.587,0.965542132
0.0,0.0,0.745,0.895,0.999828937
0.0,0.194,0.638,0.693,0.984960431
0.0,0.009,0.465,0.828,0.975293686
0.0,0.205,0.593,0.632,0.978709645
0.372,0.542,0.682,0.715,0.010069586
0.095,0.377,0.206,0.566,0.685231096
0.034,0.303,0.825,0.69,0.985820083
0.276,0.212,0.608,0.553,0.091210784
0.177,0.36,0.539,0.538,0.357004596
0.0,0.096,0.736,0.74,0.986726476
0.43,0.064,0.466,0.772,0.006269097
0.961,0.127,0.983,0.658,9.64e-07
0.0,0.221,0.829,0.749,0.987012705
0.0,0.0,0.533,0.911,0.994768846
0.08,0.788,0.431,0.841,9.1073e-05
0.304,0.743,0.895,0.995,0.000210576
0.077,0.018,0.102,0.11,0.0
0.181,0.206,0.221,0.714,0.203416537
0.0,0.351,0.317,0.738,0.917698947
0.0,0.088,0.82,0.814,0.987363987
0.0,0.11,0.578,0.774,0.984642399
0.0,0.475,0.664,0.504,0.132059179
0.159,0.31,0.569,0.574,0.409317102
0.087,0.375,0.937,0.855,0.98745265
0.0,0.273,0.39,0.564,0.918937347
0.545,0.025,0.892,0.811,0.004442337
0.61,0.467,0.69,0.557,0.000461629
0.0,0.464,0.702,0.466,0.01870128
0.292,0.006,0.398,0.108,0.0
0.975,0.203,0.991,0.986,0.0
0.438,0.415,0.688,0.503,0.00805538
0.21,0.171,0.348,0.665,0.188092185
0.65,0.813,0.721,0.863,4.82e-07
0.359,0.15,0.902,0.913,0.046024617
0.454,0.303,0.46,0.534,0.000669314
0.094,0.572,0.572,0.663,0.029603534
0.954,0.223,0.963,0.709,9.64e-07
0.132,0.043,0.281,0.952,0.388978436
0.333,0.396,0.371,0.504,0.011007301
0.341,0.049,0.528,0.764,0.048880646
0.006,0.503,0.288,0.803,0.187584779
0.013,0.003,0.865,0.498,0.733679989
0.125,0.514,0.874,0.979,0.111335983
0.0,0.079,0.934,0.974,0.987478189
0.287,0.132,0.456,0.863,0.084349953
0.138,0.211,0.637,1.0,0.477549549
0.424,0.346,0.928,0.863,0.019664052
0.061,0.029,0.497,0.854,0.979215606
0.234,0.859,0.935,0.961,1.9275e-05
0.287,0.299,0.436,0.669,0.079893642
0.262,0.107,0.291,0.792,0.034655915
0.422,0.155,0.843,0.71,0.019936789
0.078,0.38,0.316,0.54,0.853696816
0.736,0.797,0.963,0.802,0.0
0.108,0.156,0.382,0.78,0.704579525
0.114,0.181,0.388,0.712,0.589122129
0.049,0.0,0.194,0.869,0.639934582
0.0,0.193,0.773,0.643,0.982216196
0.876,0.132,0.938,0.161,0.0
0.024,0.228,0.66,0.628,0.979086466
0.126,0.336,0.427,0.549,0.446441143
0.976,0.263,0.989,0.676,0.0
0.259,0.456,0.85,0.646,0.083556799
0.363,0.588,0.723,0.905,0.004937697
0.0,0.079,0.694,0.821,0.986920669
0.162,0.16,0.307,0.717,0.354954249
0.0,0.0,0.703,0.855,0.999537889
0.082,0.278,0.093,0.798,0.014532644
0.705,0.503,0.912,0.598,0.000165762
0.101,0.07,0.478,0.951,0.873351712
0.063,0.373,0.462,0.52,0.84929881
0.362,0.304,0.418,0.653,0.023041461
0.0,0.36,0.785,0.541,0.907585993
0.442,0.401,0.611,0.487,0.005968894
0.248,0.141,0.482,0.911,0.136732813
0.181,0.111,0.513,0.474,0.237716834
0.623,0.115,0.791,0.929,0.001209969
0.399,0.467,0.495,0.496,0.002854102
0.0,0.125,0.465,0.712,0.974501014
0.525,0.323,0.858,0.905,0.005753981
0.25,0.045,0.346,1.0,0.091743247
0.179,0.264,0.551,0.617,0.397763364
0.126,0.034,0.635,0.874,0.514237982
0.23,0.356,0.472,0.48,0.087039256
0.119,0.088,0.327,0.847,0.494206747
0.0,0.25,0.689,0.765,0.986678289
0.331,0.085,0.831,0.375,0.0
0.023,0.048,0.433,0.979,0.969815334
0.041,0.421,0.089,0.819,0.0
0.516,0.746,0.57,0.753,0.0
0.728,0.015,0.988,0.916,0.000266955
0.138,0.146,0.404,0.771,0.452888531
0.017,0.9,0.303,0.948,1.446e-06
0.369,0.264,0.505,0.573,0.029258999
0.651,0.276,0.702,0.902,0.000454401
0.0,0.699,0.187,0.823,9.6855e-05
0.213,0.337,0.533,0.545,0.186952086
0.328,0.499,0.466,0.648,0.019969556
0.0,0.298,0.688,0.606,0.973722798
0.0,0.0,0.557,0.872,0.996274682
0.0,0.315,0.769,0.579,0.96030375
0.227,0.321,0.474,0.515,0.12648108
0.006,0.0,0.699,0.889,0.987013669
0.46,0.907,0.589,0.959,1.446e-06
0.399,0.721,0.661,0.758,0.000102156
0.132,0.259,0.732,0.845,0.493776921
0.436,0.231,0.656,0.748,0.016138708
0.19,0.037,0.841,0.357,0.0
0.219,0.03,0.915,0.616,0.200997562
0.095,0.382,0.364,0.505,0.719924597
0.423,0.279,0.81,0.679,0.019463113
0.498,0.33,0.849,0.884,0.008108867
0.216,0.414,0.817,0.956,0.217629221
0.309,0.307,0.487,0.734,0.066305941
0.429,0.701,0.926,0.998,0.000228405
0.425,0.045,0.569,0.388,0.0
0.0,0.24,0.768,0.643,0.982208486
0.621,0.744,0.773,0.835,3.373e-06
0.0,0.277,0.614,0.602,0.971464767
0.0,0.115,0.723,0.773,0.986952954
0.087,0.301,0.643,0.517,0.840454131
0.493,0.493,0.871,0.768,0.005070692
0.0,0.055,0.585,0.886,0.985117038
0.0,0.143,0.763,0.693,0.985877907
0.074,0.361,0.483,0.523,0.860703652
0.081,0.466,0.622,0.552,0.366653512
0.028,0.552,0.185,0.902,0.024742454
0.0,0.078,0.739,0.818,0.98720738
0.251,0.174,0.358,0.923,0.09581792
0.257,0.586,0.513,0.868,0.010739382
0.35,0.031,0.877,0.213,0.0
0.345,0.646,0.58,0.975,0.001539085
0.0,0.436,0.607,0.488,0.45878659
0.455,0.386,0.716,0.806,0.013294726
0.0,0.305,0.795,0.664,0.984476636
0.275,0.445,0.701,0.713,0.085985412
0.017,0.356,0.678,0.736,0.986296168
0.0,0.392,0.672,0.539,0.904658647
0.507,0.337,0.857,0.768,0.007223195
0.663,0.225,0.909,0.401,0.0
0.0,0.322,0.583,0.607,0.972349475
0.164,0.213,0.592,0.664,0.424538817
0.024,0.325,0.827,0.946,0.987444459
0.0,0.425,0.638,0.622,0.745615848
0.079,0.018,0.628,0.881,0.986278339
0.363,0.126,0.721,0.174,0.0
0.242,0.183,0.494,0.797,0.148100068
0.068,0.264,0.472,0.619,0.967434426
0.184,0.162,0.369,0.674,0.356521764
0.17,0.375,0.998,0.647,0.416619323
0.095,0.045,0.476,0.856,0.950036116
0.433,0.22,0.836,0.895,0.017635389
0.0,0.11,0.606,0.727,0.985131976
0.626,0.089,0.87,0.445,0.000155161
0.438,0.021,0.745,0.3,0.0
0.298,0.638,0.341,0.796,0.000722319
0.029,0.47,0.202,0.581,0.230881543
0.855,0.881,0.88,0.966,0.0
0.061,0.739,0.659,0.937,0.000544992
0.45,0.184,0.86,0.75,0.014351462
0.204,0.121,0.714,0.881,0.271501051
0.832,0.518,0.91,0.864,1.4456e-05
0.0,0.077,0.606,0.821,0.985754549
0.303,0.823,0.711,0.855,2.072e-05
0.182,0.203,0.54,0.634,0.394217782
0.13,0.207,0.272,0.721,0.384288901
0.274,0.259,0.639,0.807,0.112947348
0.212,0.327,0.333,0.563,0.157448781
0.0,0.155,0.259,0.878,0.855948583
0.0,0.287,0.692,0.55,0.921537023
0.162,0.133,0.459,0.702,0.418935661
0.0,0.036,0.763,0.801,0.987259903
0.295,0.464,0.481,0.807,0.048527919
0.244,0.053,0.456,0.784,0.139767615
0.062,0.263,0.702,0.982,0.987040172
0.514,0.15,0.736,0.165,0.0
0.0,0.426,0.57,0.46,0.254759045
0.0,0.58,0.868,0.698,0.024550189
0.457,0.518,0.842,0.884,0.005699048
0.004,0.564,0.301,0.988,0.030617865
0.305,0.442,0.982,0.941,0.064426175
0.006,0.699,0.481,0.833,0.001118896
0.137,0.24,0.748,0.555,0.435815963
0.222,0.384,0.25,0.755,0.056407417
0.692,0.351,0.825,0.378,0.0
0.43,0.004,0.894,0.173,0.0
0.956,0.602,0.976,0.949,9.64e-07
0.143,0.0,0.502,0.908,0.460031254
0.623,0.761,0.647,0.8,9.64e-07
0.046,0.341,0.678,0.733,0.986257137
0.69,0.373,0.892,0.839,0.000509816
0.601,0.636,0.934,0.678,8.4809e-05
0.076,0.0,0.628,0.909,0.986282194
0.528,0.286,0.94,0.762,0.005532322
0.335,0.487,0.613,0.583,0.022324924
0.038,0.0,0.823,0.95,0.987443977
0.383,0.328,0.659,0.4,0.0
0.392,0.485,0.894,0.883,0.01760455
0.064,0.384,0.639,0.452,0.395261507
0.081,0.023,0.484,0.882,0.977772413
0.0,0.141,0.751,0.797,0.987215572
0.001,0.154,0.503,0.975,0.979827578
0.0,0.082,0.704,0.889,0.987043063
0.115,0.007,0.137,0.254,0.0
0.178,0.673,0.592,0.908,0.002137083
0.158,0.0,0.389,0.928,0.408371678
0.0,0.31,0.583,0.703,0.983930199
0.044,0.206,0.593,0.682,0.983529285
0.182,0.0,0.564,0.932,0.401094032
0.731,0.489,0.852,0.848,0.000155161
0.171,0.293,0.841,0.581,0.399313531
0.021,0.0,0.69,0.856,0.986939943
0.107,0.237,0.399,0.4,0.0
0.0,0.413,0.635,0.567,0.947514503
0.148,0.055,0.386,0.918,0.424720481
0.21,0.323,0.978,0.376,0.0
0.351,0.242,0.974,0.594,0.04481031
0.402,0.132,0.461,0.781,0.013510121
0.036,0.017,0.861,0.381,0.0
0.38,0.06,0.381,0.865,0.000520417
0.103,0.29,0.237,0.589,0.664129634
0.13,0.134,0.593,0.834,0.49887508
0.13,0.239,0.415,0.649,0.475547871
0.248,0.473,0.864,0.581,0.064953338
0.002,0.289,0.725,0.681,0.985218712
0.243,0.273,0.396,0.614,0.121633492
0.121,0.266,0.767,0.283,0.0
0.352,0.479,0.606,0.901,0.026426581
0.307,0.0,0.335,0.982,0.019925706
0.541,0.074,0.918,0.715,0.004654359
0.373,0.653,0.933,0.666,0.000339717
0.182,0.257,0.248,0.648,0.256829148
0.685,0.463,0.843,0.533,0.000161908
0.166,0.482,0.703,0.708,0.160909554
0.021,0.489,0.082,0.894,0.0
0.0,0.222,0.453,0.698,0.972377906
0.391,0.543,0.547,0.942,0.007435217
0.021,0.109,0.51,0.335,0.0
0.335,0.053,0.855,0.3,0.0
0.375,0.462,0.77,0.936,0.02593363
0.186,0.053,0.554,0.913,0.390090104
0.148,0.0,0.415,0.907,0.435915228
0.0,0.344,0.796,0.492,0.703338234
0.167,0.65,0.38,0.781,0.002804951
0.078,0.19,0.824,0.72,0.986643595
0.113,0.249,0.673,0.438,0.113824347
0.0,0.01,0.291,0.897,0.894172245
0.306,0.244,0.716,0.763,0.077945452
0.152,0.314,0.778,0.772,0.45047052
0.472,0.651,0.972,0.855,0.000485723
0.068,0.147,0.661,0.728,0.986036442
0.0,0.124,0.445,0.712,0.971387668
0.125,0.189,0.584,0.648,0.51296296
0.058,0.302,0.238,0.684,0.823200381
0.0,0.426,0.767,0.541,0.675531102
0.475,0.352,0.709,0.36,0.0
0.298,0.211,0.44,0.48,0.033704227
0.0,0.04,0.445,0.984,0.972195278
0.205,0.491,0.355,0.802,0.088007328
0.083,0.16,0.698,0.677,0.984889115
0.0,0.416,0.622,0.467,0.574367344
0.117,0.074,0.118,0.762,0.011637584
0.0,0.224,0.369,0.741,0.945502706
0.0,0.295,0.468,0.852,0.975743751
0.28,0.355,0.49,0.923,0.09729388
0.342,0.186,0.887,0.447,0.012446157
0.184,0.168,0.648,0.702,0.397526285
0.833,0.066,0.946,0.885,3.084e-05
0.331,0.174,0.904,0.357,0.0
0.198,0.966,0.571,0.987,0.0
0.0,0.447,0.723,0.548,0.57873981
0.073,0.006,0.35,0.185,0.0
0.046,0.232,0.518,0.671,0.978842159
0.879,0.044,0.919,0.985,8.192e-06
0.203,0.306,0.29,0.614,0.180454584
0.91,0.458,0.939,0.636,1.927e-06
0.0,0.096,0.612,0.837,0.98594055
0.0,0.375,0.772,0.461,0.497733536
0.198,0.099,0.953,0.723,0.31415645
0.087,0.101,0.631,0.487,0.685117376
0.121,0.192,0.611,0.645,0.536865037
0.243,0.46,0.474,0.505,0.038986941
0.046,0.133,0.057,0.604,0.0
0.429,0.224,0.537,0.895,0.013513012
0.122,0.422,0.327,0.719,0.383829681
0.026,0.201,0.491,0.932,0.978577132
0.543,0.103,0.71,0.791,0.004166227
0.183,0.836,0.693,0.974,4.4332e-05
0.292,0.334,0.478,0.93,0.081770516
0.701,0.208,0.905,0.559,0.000292975
0.158,0.109,0.615,0.431,0.084576431
0.177,0.036,0.948,0.331,0.0
0.358,0.417,0.365,0.551,0.002530768
0.215,0.746,0.738,0.968,0.000365737
0.697,0.041,0.878,0.882,0.000461147
0.858,0.409,0.973,0.465,4.819e-06
0.0,0.1,0.572,0.825,0.984526751
0.136,0.108,0.76,0.947,0.483399421
0.17,0.0,0.38,0.902,0.384824738
0.124,0.104,0.432,0.779,0.506885165
0.284,0.109,0.54,0.278,0.0
0.075,0.454,0.139,0.494,0.174083331
0.172,0.458,0.428,0.878,0.207330748
0.653,0.254,0.737,0.287,0.0
0.269,0.342,0.453,0.567,0.093380152
0.0,0.354,0.515,0.482,0.664430801
0.0,0.248,0.597,0.66,0.982360274
0.0,0.367,0.747,0.469,0.590852997
0.117,0.622,0.838,0.82,0.00889142
0.259,0.2,0.433,0.716,0.113401267
0.229,0.24,0.243,0.75,0.027776774
0.179,0.58,0.199,0.589,0.000206239
0.012,0.446,0.557,0.471,0.28436547
0.629,0.214,0.711,0.95,0.000790263
0.0,0.245,0.39,0.591,0.940624761
0.244,0.231,0.382,0.968,0.118218497
0.186,0.227,0.282,0.752,0.289930076
0.313,0.181,0.4,0.46,0.016636478
0.005,0.335,0.214,0.598,0.758596397
0.259,0.239,0.598,0.743,0.129297114
0.249,0.432,0.664,0.524,0.083135647
0.309,0.019,0.924,0.089,0.0
0.688,0.437,0.921,0.534,0.000239488
0.0,0.329,0.737,0.555,0.929829
0.613,0.541,0.96,0.882,0.000582578
0.171,0.395,0.295,0.697,0.32997038
0.301,0.032,0.314,0.972,0.011342199
0.394,0.725,0.807,0.875,0.000169136
0.0,0.288,0.739,0.623,0.978531354
0.284,0.189,0.335,0.906,0.043787787
0.027,0.55,0.444,0.69,0.059853734
0.256,0.86,0.61,0.912,1.2529e-05
0.472,0.034,0.655,0.721,0.010279199
0.211,0.189,0.415,0.799,0.214213262
0.0,0.411,0.707,0.604,0.972980722
0.062,0.007,0.308,0.929,0.910759091
0.099,0.024,0.803,0.926,0.926558083
0.307,0.23,0.744,1.0,0.077380703
0.261,0.128,0.374,0.316,0.0
0.0,0.044,0.465,0.792,0.97521996
0.257,0.677,0.36,0.854,0.000821102
0.24,0.172,0.309,0.664,0.083476809
0.0,0.244,0.848,0.716,0.986578061
0.529,0.05,0.665,0.75,0.004744468
0.343,0.967,0.503,0.979,0.0
0.688,0.138,0.694,0.252,0.0
0.243,0.093,0.416,0.355,0.0
0.303,0.725,0.818,0.855,0.000307432
0.375,0.212,0.56,0.969,0.035158985
0.118,0.229,0.379,0.755,0.52907613
0.711,0.358,0.753,0.737,0.000252499
0.013,0.258,0.684,0.575,0.9571586
0.517,0.691,0.668,0.926,8.1917e-05
0.0,0.566,0.301,0.594,0.016723214
0.059,0.35,0.52,0.655,0.977796506
0.518,0.296,0.856,0.587,0.005281269
0.012,0.395,0.459,0.497,0.719403217
0.23,0.214,0.431,0.672,0.160641154
0.172,0.285,0.28,0.56,0.295561181
0.721,0.205,0.775,0.319,0.0
0.036,0.413,0.995,0.962,0.987480117
0.216,0.504,0.358,0.787,0.054855322
0.296,0.503,0.986,0.633,0.032280308
0.0,0.022,0.667,0.888,0.986780445
0.19,0.197,0.538,0.639,0.364526066
0.674,0.277,0.761,0.844,0.00051608
0.822,0.003,0.967,0.945,3.614e-05
0.197,0.033,0.3,0.199,0.0
0.409,0.177,0.937,0.748,0.02375848
0.0,0.091,0.641,0.842,0.986435428
0.0,0.0,0.668,0.884,0.999305147
0.442,0.222,0.864,0.682,0.015545048
0.25,0.0,0.298,0.897,0.057747491
0.196,0.516,0.551,0.654,0.068360624
0.089,0.312,0.83,0.483,0.673315957
0.226,0.006,0.468,0.896,0.178206672
0.425,0.144,0.702,0.727,0.018857887
0.0,0.139,0.896,0.865,0.98745506
0.006,0.078,0.916,0.579,0.960369284
0.327,0.17,0.743,0.998,0.062318487
0.157,0.045,0.466,0.891,0.429857671
0.201,0.121,0.363,0.716,0.247776302
0.363,0.231,0.775,0.944,0.044114012
0.306,0.255,0.475,0.477,0.030951317
0.493,0.33,0.689,0.357,0.0
0.409,0.126,0.496,0.295,0.0
0.256,0.118,0.392,0.164,0.0
0.181,0.215,0.524,0.622,0.393511846
0.084,0.0,0.655,0.894,0.98663203
0.227,0.33,0.341,0.506,0.091052731
0.217,0.33,0.509,0.506,0.139674614
0.0,0.0,0.769,0.906,0.999895917
0.051,0.0,0.647,0.894,0.986536138
0.23,0.328,0.437,0.671,0.161791372
0.099,0.513,0.122,0.632,0.045843916
0.238,0.33,0.946,0.876,0.163808951
0.061,0.22,0.915,0.595,0.969953148
0.113,0.08,0.706,0.894,0.634790645
0.165,0.03,0.524,0.806,0.421957452
0.0,0.161,0.543,0.845,0.982883582
0.6,0.719,0.723,0.794,1.2529e-05
0.0,0.057,0.653,0.879,0.986601672
0.256,0.083,0.374,0.805,0.096103185
0.0,0.207,0.549,0.721,0.982530855
0.278,0.112,0.431,0.724,0.090648444
0.01,0.441,0.727,0.538,0.63389389
0.087,0.158,0.201,0.587,0.68898629
0.0,0.131,0.984,0.705,0.986353029
0.007,0.111,0.372,0.937,0.947288507
0.225,0.102,0.698,0.818,0.191844488
0.075,0.436,0.67,0.689,0.753180687
0.0,0.337,0.389,0.649,0.952512433
0.013,0.018,0.494,0.879,0.978906247
0.092,0.748,0.122,0.759,0.0
0.018,0.52,0.377,0.979,0.11731114
0.0,0.452,0.494,0.665,0.582664622
0.464,0.2,0.537,0.987,0.007288729
0.119,0.458,0.536,0.75,0.309108887
0.0,0.25,0.675,0.637,0.980885277
0.018,0.0,0.696,0.945,0.986999695
0.417,0.318,0.816,0.464,0.006395346
0.197,0.293,0.322,0.763,0.256716872
0.342,0.116,0.989,0.641,0.052048925
0.23,0.064,0.357,1.0,0.133221926
0.111,0.34,0.486,0.617,0.648535436
0.084,0.477,0.254,0.487,0.030541248
0.0,0.0,0.794,0.913,0.999930129
0.552,0.08,0.593,0.776,0.001937108
0.144,0.25,1.0,0.748,0.465286983
0.072,0.285,0.654,0.552,0.923969008
0.624,0.503,0.747,0.9,0.000641366
0.002,0.516,0.632,0.972,0.150265581
0.648,0.336,0.736,0.68,0.00069148
0.719,0.825,0.754,0.826,0.0
0.525,0.682,0.682,0.828,9.541e-05
0.19,0.386,0.536,0.584,0.352364693
0.442,0.173,0.726,0.285,0.0
0.178,0.356,0.802,0.746,0.410916421
0.136,0.736,0.306,0.857,0.000331525
0.152,0.207,0.882,0.962,0.450774096
0.145,0.39,0.514,0.488,0.293115221
0.074,0.195,0.16,0.974,0.551059892
0.396,0.166,0.924,0.934,0.02851114
0.054,0.0,0.385,0.896,0.953856362
0.0,0.121,0.779,0.716,0.986516864
0.194,0.526,0.575,0.535,0.008908768
0.681,0.873,0.799,0.985,0.0
0.557,0.144,0.851,0.733,0.003667976
0.2,0.08,0.523,0.889,0.293833203
0.106,0.497,0.695,0.764,0.253832413
0.0,0.034,0.754,0.855,0.987322064
0.138,0.037,0.723,0.875,0.47829789
0.264,0.132,0.28,0.579,0.017762602
0.0,0.396,0.637,0.614,0.975486915
0.0,0.017,0.862,0.965,0.987464215
0.0,0.288,0.796,0.625,0.979019004
0.146,0.11,0.728,0.727,0.460956922
0.44,0.257,0.645,0.794,0.01526701
0.243,0.411,0.545,0.593,0.139929522
0.17,0.03,0.192,0.861,0.059719775
0.361,0.503,0.929,0.822,0.01928964
0.045,0.232,0.272,0.294,0.0
0.152,0.221,1.0,0.616,0.441010977
0.0,0.549,0.557,0.553,0.005276932
0.271,0.108,0.898,0.852,0.117609416
0.156,0.237,0.281,0.254,0.0
0.349,0.623,0.723,0.976,0.002644971
0.398,0.047,0.992,0.978,0.027722323
0.0,0.348,0.775,0.531,0.889807489
0.054,0.442,0.557,0.947,0.698213091
0.074,0.266,0.658,0.618,0.976800486
0.262,0.345,0.77,0.93,0.127881387
0.562,0.491,0.864,0.624,0.001896149
0.0,0.208,0.663,0.681,0.984778767
0.083,0.235,0.636,0.739,0.985861042
0.263,0.033,0.44,0.867,0.11037032
0.334,0.837,0.504,0.84,4.82e-07
0.186,0.298,0.279,0.404,0.0
0.144,0.577,0.741,0.947,0.025544763
0.058,0.003,0.475,0.822,0.976596174
0.172,0.014,0.533,0.951,0.413431287
0.0,0.0,0.725,0.906,0.999707025
0.108,0.41,0.753,0.503,0.527903264
0.449,0.146,0.701,0.63,0.013221482
0.0,0.157,0.645,0.726,0.985812855
0.014,0.239,0.733,0.643,0.982078863
0.043,0.0,0.682,0.864,0.98688501
0.001,0.026,0.45,0.897,0.973042883
0.0,0.208,0.257,0.722,0.85318459
0.143,0.536,0.525,0.682,0.06175422
0.499,0.247,0.924,0.644,0.007627482
0.334,0.123,0.985,0.243,0.0
0.166,0.282,0.303,0.648,0.343092115
0.265,0.727,0.864,0.757,0.000254908
0.0,0.076,0.476,0.803,0.976695439
0.467,0.142,0.697,0.856,0.011377857
0.075,0.188,0.513,0.464,0.536809622
0.447,0.289,0.94,0.354,0.0
0.288,0.011,0.625,0.015,0.0
0.008,0.116,0.548,0.721,0.98247014
0.268,0.201,0.462,0.766,0.10834744
0.0,0.004,0.744,0.877,0.987302308
0.057,0.887,0.299,0.899,9.64e-07
0.22,0.287,0.227,0.649,0.018173635
0.131,0.286,0.171,0.937,0.078001348
0.0,0.152,0.499,0.685,0.977770004
0.0,0.012,0.715,0.825,0.987059928
0.486,0.142,0.992,0.367,0.0
0.119,0.378,0.578,0.524,0.457082224
0.204,0.423,0.296,0.466,0.056371759
0.444,0.186,0.913,0.533,0.009908161
0.072,0.371,0.478,0.517,0.835195029
0.199,0.593,0.463,0.975,0.012184021
0.178,0.489,0.822,0.904,0.140654251
0.0,0.232,0.651,0.647,0.982005138
0.0,0.063,0.724,0.84,0.987144737
0.232,0.026,0.45,0.041,0.0
0.414,0.024,0.699,0.481,0.0083339
0.107,0.14,0.667,0.445,0.184483961
0.0,0.344,0.85,0.492,0.703350281
0.17,0.47,0.236,0.526,0.064631933
0.156,0.201,0.27,0.677,0.324152792
0.402,0.442,0.897,0.776,0.022027612
0.0,0.268,0.657,0.62,0.977196581
0.343,0.233,0.384,0.722,0.019308915
0.198,0.395,0.695,0.442,0.066889482
0.02,0.164,0.982,0.464,0.5386306
0.0,0.14,0.75,0.821,0.987269541
0.446,0.06,0.503,0.332,0.0
0.104,0.223,0.726,0.546,0.742783913
0.024,0.144,0.56,0.765,0.983665653
0.296,0.437,0.319,0.821,0.016622504
0.695,0.321,0.817,0.554,0.000284784
0.731,0.647,0.79,0.705,6.746e-06
0.046,0.28,0.512,0.689,0.979153445
0.08,0.039,0.162,0.672,0.554432965
0.344,0.693,0.605,0.724,0.000231296
0.053,0.058,0.159,0.848,0.549319386
0.0,0.0,0.598,0.931,0.998099996
0.0,0.082,0.705,0.933,0.987055592
0.043,0.597,0.792,0.601,0.001691355
0.0,0.295,0.356,0.614,0.93212558
0.565,0.032,0.59,0.742,0.001082275
0.0,0.48,0.803,0.487,0.026004465
0.066,0.18,0.379,0.452,0.386208179
0.666,0.132,0.702,0.363,0.0
0.094,0.015,0.225,0.579,0.764645762
0.0,0.459,0.437,0.464,0.061441488
0.179,0.121,0.625,0.472,0.238789953
0.0,0.262,0.55,0.574,0.952713854
0.168,0.111,0.381,0.772,0.387798824
0.076,0.283,0.579,0.717,0.984067049
0.165,0.488,0.79,0.862,0.150393276
0.118,0.246,0.483,0.932,0.55622744
0.25,0.092,0.4,0.745,0.116545453
0.661,0.375,0.903,0.986,0.00075846
0.02,0.23,0.662,0.934,0.986728404
0.0,0.195,0.648,0.878,0.986541439
0.261,0.266,0.287,0.57,0.028500057
0.121,0.094,0.627,0.305,0.0
0.224,0.496,0.913,0.755,0.078300106
0.304,0.527,0.87,0.906,0.023481888
0.106,0.06,0.471,0.921,0.770761144
0.163,0.406,0.599,0.566,0.398793596
0.352,0.18,0.875,0.495,0.025865205
0.363,0.409,0.926,0.577,0.037951889
0.23,0.002,0.49,0.499,0.106323596
0.307,0.348,0.369,0.729,0.035851429
0.353,-0.0,0.357,0.837,0.001847962
0.1,0.318,0.622,0.647,0.904130039
0.2,0.192,0.485,0.237,0.0
0.556,0.051,0.651,0.486,0.001021077
0.347,0.016,0.848,0.396,0.0
0.0,0.347,0.614,0.49,0.696653285
0.079,0.258,0.782,0.928,0.987398199
0.526,0.064,0.529,0.572,0.00016769
0.036,0.306,0.734,0.958,0.98724352
0.073,0.285,0.473,0.597,0.960991375
0.147,0.136,0.717,0.233,0.0
0.71,0.053,0.837,0.248,0.0
0.0,0.063,0.629,0.942,0.986303396
0.152,0.329,0.668,0.763,0.449814698
0.16,0.551,0.339,0.838,0.03343679
0.281,0.405,0.6,0.507,0.065912737
0.0,0.105,0.694,0.772,0.986755388
0.057,0.097,0.342,0.659,0.931359893
0.155,0.579,0.828,0.673,0.0215549
0.17,0.147,0.395,0.759,0.391824828
0.039,0.745,0.435,0.808,0.000324779
0.0,0.11,0.782,0.847,0.98736736
0.014,0.329,0.966,0.685,0.985658658
0.03,0.101,0.529,0.785,0.981849976
0.729,0.178,0.765,0.383,0.0
0.429,0.801,0.439,0.869,9.64e-07
0.07,0.581,0.289,0.622,0.010326904
0.669,0.409,0.941,0.774,0.000674615
0.633,0.548,0.934,0.65,0.000328152
0.039,0.268,0.666,0.569,0.94990553
0.867,0.39,0.937,0.591,1.0601e-05
0.276,0.316,0.357,0.963,0.064658435
0.057,0.415,0.667,0.421,0.23199273
0.0,0.199,0.762,0.689,0.985717445
0.139,0.429,0.645,0.658,0.382326254
0.116,0.185,0.603,0.651,0.584876876
0.137,0.495,0.487,0.5,0.015068962
0.0,0.26,0.515,0.576,0.953103203
0.154,0.0,0.756,0.897,0.447096965
0.052,0.385,0.388,0.532,0.870122717
0.076,0.159,0.704,0.798,0.986930306
0.005,0.022,0.198,0.814,0.672652426
0.0,0.386,0.562,0.54,0.904189308
0.603,0.096,0.822,0.163,0.0
0.169,0.126,0.466,0.71,0.409426968
0.0,0.452,0.562,0.697,0.587920833
0.523,0.327,0.718,0.996,0.005592073
0.0,0.498,0.742,0.509,0.064106697
0.071,0.273,0.699,0.99,0.987020897
0.179,0.138,0.359,0.745,0.363724239
0.134,0.193,0.313,0.643,0.413126747
0.288,0.303,0.429,0.592,0.072464208
0.277,0.288,0.835,0.414,0.0
0.0,0.466,0.759,0.599,0.413934839
0.0,0.378,0.822,0.796,0.987320137
0.687,0.21,0.934,0.944,0.000543547
0.302,0.107,0.394,0.793,0.052717275
0.503,0.609,0.709,0.805,0.000739185
0.403,0.138,0.626,0.943,0.024659091
0.403,0.543,0.999,0.644,0.00678325
0.111,0.42,0.64,0.718,0.555174559
0.177,0.244,0.2,0.267,0.0
0.39,0.008,0.821,0.682,0.030696409
0.019,0.439,0.576,0.556,0.679626977
0.739,0.026,0.792,0.944,0.000132995
0.082,0.43,0.154,0.5,0.280145755
0.115,0.122,0.461,0.856,0.592761675
0.273,0.246,0.278,0.639,0.006062376
0.37,0.35,0.49,0.635,0.03090554
0.023,0.135,0.56,0.213,0.0
0.102,0.534,0.928,0.742,0.090370407
0.268,0.45,0.374,0.74,0.056463314
0.042,0.366,0.531,0.606,0.96940912
0.76,0.075,0.885,0.968,0.000114203
0.331,0.093,0.365,0.808,0.01654685
0.745,0.071,0.919,0.262,0.0
0.172,0.148,0.99,0.226,0.0
0.0,0.016,0.556,0.864,0.983696975
0.341,0.025,0.878,0.33,0.0
0.0,0.432,0.785,0.471,0.37412005
0.488,0.207,0.791,0.786,0.009165121
0.188,0.054,0.424,0.905,0.36610081
0.108,0.198,0.356,0.611,0.683935355
0.0,0.395,0.516,0.638,0.975493179
0.005,0.083,0.296,0.587,0.88649995
0.203,0.01,0.379,0.207,0.0
0.056,0.924,0.348,0.983,9.64e-07
0.0,0.164,0.812,0.672,0.98503223
0.0,0.279,0.565,0.654,0.980520504
0.21,0.403,0.424,0.6,0.211502275
0.022,0.362,0.606,0.474,0.629344578
0.0,0.13,0.359,0.902,0.941444899
0.077,0.6,0.686,0.801,0.015609618
0.445,0.458,0.856,0.737,0.011159571
0.0,0.149,0.678,0.755,0.9865159
0.044,0.464,0.677,0.502,0.213051479
0.0,0.431,0.819,0.832,0.755351019
0.218,0.106,0.351,0.793,0.161890154
0.536,0.656,0.884,0.832,0.000202866
0.0,0.034,0.858,0.93,0.987462288
0.293,0.622,0.853,0.657,0.002381871
0.298,0.039,0.68,0.967,0.085384523
0.359,0.479,0.44,0.481,0.000276592
0.08,0.55,0.957,0.937,0.065638072
0.0,0.357,0.801,0.545,0.913947608
0.94,0.145,0.973,0.631,9.64e-07
0.0,0.232,0.791,0.604,0.973271288
0.022,0.311,0.32,0.516,0.793191597
0.147,0.148,0.499,0.163,0.0
0.332,0.091,0.686,0.749,0.058654847
0.412,0.523,0.941,0.751,0.009028271
0.082,0.272,0.242,0.626,0.828119767
0.347,0.422,0.378,0.758,0.011811056
0.321,0.205,0.869,0.955,0.066524227
0.815,0.368,0.917,0.661,3.4213e-05
0.168,0.469,0.552,0.497,0.056300442
0.165,0.454,0.974,0.606,0.236597456
0.77,0.238,0.812,0.377,0.0
0.0,0.322,0.366,0.605,0.934119067
0.2,0.228,0.265,0.785,0.175382446
0.136,0.347,0.872,0.722,0.482730107
0.008,0.14,0.562,0.778,0.983863701
0.226,0.525,0.884,0.569,0.025872915
0.089,0.199,0.818,0.638,0.981173916
0.438,0.131,0.549,0.426,0.001530411
0.23,0.281,0.338,0.638,0.121782871
0.08,0.157,0.69,0.223,0.0
0.012,0.444,0.698,0.454,0.111431874
0.049,0.441,0.812,0.471,0.337789645
0.3,0.337,0.495,0.72,0.075257594
0.285,0.007,0.432,0.889,0.082332374
0.251,0.0,0.325,0.984,0.078461532
0.01,0.068,0.051,0.627,0.0
0.0,0.439,0.587,0.629,0.727928418
0.7,0.064,0.794,0.274,0.0
0.009,0.453,0.316,0.814,0.531960589
0.772,0.853,0.912,0.962,0.0
0.317,0.115,0.812,1.0,0.06937881
0.0,0.0,0.736,0.893,0.99977545
0.658,0.628,0.825,0.636,1.1083e-05
0.0,0.366,0.49,0.58,0.954208125
0.336,0.022,0.38,0.875,0.020900042
0.069,0.224,0.707,0.683,0.985205702
0.0,0.145,0.786,0.804,0.987306163
0.588,0.068,0.848,0.769,0.002217555
0.618,0.082,0.676,0.82,0.000762314
0.0,0.106,0.599,1.0,0.985608543
0.489,0.496,0.679,0.791,0.00480181
0.0,0.061,0.754,0.776,0.987144255
0.078,0.0,0.332,0.848,0.928116442
0.0,0.0,0.629,0.861,0.998800632
0.238,0.212,0.666,0.625,0.157398667
0.436,0.776,0.46,0.798,2.409e-06
0.076,0.138,0.645,0.771,0.986282194
0.659,0.171,0.948,0.522,0.000399468
0.582,0.486,0.687,0.669,0.001209488
0.342,0.174,0.901,0.366,0.0
0.096,0.254,0.428,0.582,0.9096932
0.507,0.681,0.721,0.714,7.7099e-05
0.0,0.067,0.738,0.908,0.987270986
0.066,0.67,0.116,0.783,0.0
0.36,0.188,0.362,0.71,0.000943497
0.27,0.418,0.64,0.418,0.0
0.506,0.423,0.908,0.682,0.006423295
0.0,0.24,0.584,0.894,0.985087163
0.292,0.332,0.439,0.504,0.0476408
0.004,0.806,0.322,0.91,4.915e-05
0.206,0.158,0.415,0.757,0.238193883
0.976,0.437,0.99,0.932,0.0
0.086,0.417,0.637,0.448,0.347954641
0.061,0.06,0.708,0.271,0.0
0.0,-0.0,0.35,0.837,0.949844815
0.25,0.032,0.472,0.916,0.132516953
0.274,0.474,0.99,0.52,0.028542461
0.075,0.0,0.478,0.872,0.977030337
0.092,0.447,0.27,0.758,0.560363791
0.399,0.112,0.63,0.874,0.026157217
0.257,0.078,0.475,0.881,0.123235702
0.071,0.474,0.709,0.685,0.355582604
0.071,0.031,0.753,0.775,0.987136063
0.206,0.29,0.576,0.745,0.257278248
0.768,0.002,0.927,0.908,9.7337e-05
0.013,0.132,0.537,0.556,0.92777528
0.207,0.358,0.507,0.539,0.205239924
0.172,0.093,0.283,0.103,0.0
0.054,0.346,0.494,0.491,0.696834949
0.0,0.003,0.415,0.918,0.965524303
0.0,0.2,0.644,0.787,0.986354474
0.181,0.314,0.456,0.757,0.392680624
0.0,0.086,0.52,0.938,0.981316549
0.087,0.372,0.587,0.593,0.966956896
0.25,0.703,0.869,0.958,0.00085146
0.0,0.0,0.563,0.899,0.996623072
0.0,0.334,0.33,0.594,0.914546088
0.592,0.523,0.803,0.609,0.000716537
0.41,0.928,0.475,0.991,0.0
0.0,0.222,0.633,0.662,0.983326419
0.229,0.153,0.853,0.769,0.182569983
0.24,0.047,0.745,0.108,0.0
0.0,0.036,0.827,0.941,0.987444459
0.729,0.433,0.831,0.923,0.000207203
0.175,0.283,0.338,0.337,0.0
0.0,0.139,0.599,0.756,0.985259189
0.895,0.157,0.933,0.992,3.855e-06
0.407,0.008,0.898,0.998,0.024518385
0.0,0.266,0.645,0.571,0.952669522
0.234,0.325,0.677,0.435,0.027024579
0.002,0.083,0.058,0.958,0.0
0.102,0.383,0.633,0.453,0.315193429
0.497,0.225,0.532,0.76,0.0029312
0.0,0.116,0.306,0.815,0.909013285
0.133,0.567,0.151,0.918,0.002227674
0.061,0.474,0.266,0.571,0.272437802
0.95,0.184,0.981,0.466,0.0
0.408,0.473,0.801,0.532,0.007187537
0.247,0.347,0.593,0.761,0.145950939
0.212,0.353,0.276,0.525,0.096668416
0.476,0.945,0.677,0.962,0.0
0.206,0.485,0.502,0.802,0.113136722
0.342,0.278,0.575,0.485,0.024497183
0.1,0.471,0.758,0.947,0.373470974
0.503,0.355,0.88,0.874,0.007641456
0.1,0.189,0.761,0.723,0.909102912
0.367,0.46,0.395,0.512,0.004298741
0.241,0.209,0.952,0.325,0.0
0.282,0.634,0.501,0.952,0.003004444
0.39,0.073,0.844,0.48,0.012381105
0.843,0.393,0.92,0.922,2.2166e-05
0.637,0.325,0.687,0.585,0.000426935
0.07,0.181,0.123,0.619,0.456805632
0.0,0.35,0.392,0.584,0.937927748
0.187,0.228,0.254,0.869,0.252283691
0.0,0.311,0.773,0.526,0.877405182
0.097,0.045,0.55,0.791,0.939777637
0.404,0.767,0.661,0.85,5.3005e-05
0.572,0.142,0.753,0.263,0.0
0.133,0.283,0.157,0.989,0.049173139
0.545,0.11,0.648,0.94,0.00352197
0.0,0.113,0.478,0.882,0.977034192
0.073,0.153,0.651,0.92,0.986583843
0.15,0.243,0.446,0.844,0.439255052
0.0,0.0,0.625,0.897,0.998752445
0.077,0.15,0.364,0.795,0.943605111
0.0,0.405,0.549,0.432,0.231621692
0.062,0.31,0.327,0.978,0.924989122
0.408,0.771,0.698,0.795,2.072e-05
0.025,0.381,0.915,0.849,0.987445422
0.004,0.373,0.864,0.8,0.987353386
0.292,0.096,0.568,1.0,0.089110805
0.134,0.214,0.504,0.418,0.0
0.183,0.175,0.714,0.914,0.40173588
0.078,0.174,0.624,0.727,0.98552759
0.568,0.164,0.666,0.856,0.002396809
0.179,0.292,0.655,0.898,0.409245786
0.109,0.262,0.897,0.394,0.0
0.135,0.146,0.396,0.47,0.257437264
0.095,0.394,0.765,0.717,0.959777069
0.416,0.375,0.508,0.546,0.010331241
0.0,0.0,0.546,0.906,0.995604886
0.126,0.126,0.943,0.173,0.0
0.703,0.399,0.917,0.434,3.9031e-05
0.554,0.38,0.938,0.669,0.003765795
0.933,0.384,0.964,0.47,4.82e-07
0.423,0.245,0.897,0.37,0.0
0.12,0.158,0.432,0.679,0.529904942
0.125,0.304,0.854,0.701,0.518483717
0.531,0.158,0.746,0.697,0.005129962
0.389,0.255,0.457,0.786,0.018305667
0.058,0.042,0.502,0.841,0.979697474
0.06,0.948,0.629,0.961,4.82e-07
0.052,0.0,0.917,0.854,0.987450723
0.215,0.07,0.314,0.197,0.0
0.383,0.842,0.534,0.865,2.409e-06
0.0,0.0,0.765,0.917,0.999887725
0.0,0.207,0.45,0.629,0.96649623
0.003,0.202,0.731,0.776,0.987028607
0.158,0.469,0.556,0.508,0.090538579
0.186,0.625,0.94,0.771,0.006757711
0.323,0.115,0.391,0.721,0.0343268
0.709,0.138,0.898,0.338,0.0
0.224,0.202,0.641,0.522,0.143726638
0.901,0.44,0.977,0.454,1.446e-06
0.28,0.12,0.551,0.229,0.0
0.208,0.1,0.515,0.869,0.243292042
0.463,0.29,0.66,0.964,0.011634692
0.0,0.249,0.44,0.716,0.970499586
0.655,0.311,0.704,0.478,0.000111311
0.836,0.23,0.977,0.836,2.7948e-05
0.573,0.35,0.704,0.977,0.002416566
0.0,0.28,0.779,0.792,0.98725653
0.0,0.118,0.619,0.806,0.986026322
0.183,0.097,0.412,0.783,0.379155566
0.097,0.438,0.525,0.566,0.696390667
0.137,0.061,0.329,0.954,0.41990566
0.0,0.26,0.593,0.648,0.981014418
0.0,0.069,0.738,0.841,0.98723581
0.173,0.156,0.275,0.808,0.304658358
0.376,0.135,0.522,0.815,0.032205619
0.112,0.141,0.637,0.767,0.648532545
0.099,0.005,0.644,0.552,0.863012279
0.151,0.022,0.422,0.952,0.432424097
0.041,0.038,0.852,0.799,0.987347121
0.114,0.139,0.994,0.764,0.621711314
0.0,0.187,0.656,0.731,0.986017649
0.382,0.474,0.415,0.603,0.006795778
0.115,0.185,0.448,0.279,0.0
0.038,0.154,0.682,0.952,0.986905249
0.552,0.174,0.859,0.489,0.001463432
0.171,0.321,0.232,0.607,0.241521661
0.082,0.0,0.647,0.936,0.986541439
0.338,0.26,0.962,0.607,0.051904365
0.535,0.38,0.902,0.438,0.000558003
0.199,0.095,0.283,0.855,0.204505076
0.031,0.26,0.71,0.97,0.987088359
0.295,0.691,0.827,0.831,0.000734366
0.311,0.359,0.503,0.767,0.066463029
0.678,0.013,0.912,0.041,0.0
0.102,0.0,0.625,0.91,0.85826733
0.022,0.077,0.974,0.806,0.987385189
0.37,0.058,0.429,0.855,0.022641993
0.099,0.069,0.38,0.691,0.889269725
0.08,0.0,0.477,0.918,0.976905051
0.117,0.489,0.402,0.571,0.177275704
0.092,0.32,0.601,0.467,0.562942264
0.069,-0.0,0.641,0.898,0.986466268
0.107,0.292,0.243,0.695,0.60712952
0.218,0.376,0.553,0.632,0.202682653
0.0,0.14,0.586,0.748,0.984716125
0.0,0.04,0.851,0.797,0.987337484
0.047,0.41,0.664,0.761,0.98644892
0.254,0.431,0.617,0.978,0.114802538
0.759,0.345,0.792,0.772,5.4933e-05
0.279,0.487,0.46,0.491,0.002254176
0.268,0.462,0.785,0.832,0.073697307
0.0,0.278,0.708,0.647,0.982468212
0.561,0.011,0.916,0.568,0.002638225
0.003,0.0,0.786,0.926,0.987404464
0.651,0.0,0.785,0.85,0.000818693
0.344,0.202,0.82,0.489,0.02611674
0.087,0.265,0.726,0.821,0.987133654
0.0,0.1,0.725,0.737,0.986619983
0.038,0.016,0.747,0.885,0.987317728
0.225,0.144,0.338,0.693,0.135706435
0.184,0.076,0.325,0.461,0.175539053
0.431,0.383,0.489,0.53,0.005786266
0.139,0.297,0.158,0.636,0.036015746
0.0,0.276,0.779,0.626,0.979341856
0.208,0.543,0.499,0.794,0.039168123
0.0,0.137,0.626,0.775,0.986048488
0.249,0.138,0.39,0.141,0.0
0.779,0.316,0.981,0.978,8.3363e-05
0.088,0.366,0.863,0.888,0.987456987
0.316,0.21,0.592,0.9,0.068098006
0.031,0.115,0.245,0.819,0.835819047
0.255,0.41,0.938,0.935,0.136699082
0.0,0.053,0.738,0.829,0.98722039
0.232,0.483,0.433,0.943,0.073206766
0.0,0.298,0.615,0.774,0.985821047
0.536,0.215,0.598,0.401,0.0
0.052,0.103,0.525,0.847,0.981677468
0.48,0.31,0.965,0.92,0.010182825
0.388,0.328,0.473,0.658,0.020601284
0.056,0.764,0.626,0.869,0.000267436
0.168,0.213,0.529,0.69,0.416654981
0.735,0.157,0.741,0.277,0.0
0.082,0.632,0.711,0.891,0.006832882
0.066,0.414,0.661,0.557,0.93230098
0.611,0.58,0.929,0.966,0.000345499
0.062,0.381,0.656,0.584,0.963133276
0.089,0.066,0.64,0.928,0.986074991
0.151,0.237,0.827,0.432,0.086222973
0.066,0.168,0.454,0.829,0.973627388
0.132,0.369,0.568,0.532,0.417807609
0.19,0.1,0.762,0.608,0.363765198
0.085,0.0,0.472,0.934,0.976279587
0.286,0.394,0.48,0.786,0.088765306
0.0,0.0,0.511,0.91,0.993118449
0.081,0.319,0.63,0.579,0.959479275
0.012,0.375,0.718,0.592,0.968156264
0.52,0.326,0.645,0.827,0.005199351
0.236,0.332,0.874,0.768,0.167388745
0.117,0.505,0.403,0.533,0.072473845
0.043,0.259,0.641,0.799,0.986358811
0.068,0.527,0.675,0.951,0.107346119
0.188,0.076,0.546,0.987,0.381383721
0.205,0.199,0.413,0.412,0.0
0.0,0.25,0.74,0.587,0.965584055
0.044,0.091,0.686,0.866,0.986909586
0.288,0.033,0.432,0.803,0.078740533
0.0,0.25,0.248,0.675,0.840156337
0.0,0.0,0.748,0.886,0.999840984
0.227,0.08,0.467,0.275,0.0
0.0,0.0,0.585,0.923,0.997641258
0.161,0.237,0.474,0.405,0.0
0.0,0.0,0.691,0.924,0.99948922
0.588,0.215,0.608,0.721,0.000629319
0.034,0.13,0.52,0.811,0.981238968
0.009,0.534,0.94,0.674,0.088561476
0.845,0.47,0.967,0.641,1.1083e-05
0.588,0.112,0.738,0.309,0.0
0.0,0.056,0.53,0.78,0.981890453
0.469,0.555,0.483,0.891,0.000419707
0.0,0.219,0.633,0.878,0.986350138
0.342,0.404,0.381,0.475,0.008770953
0.312,0.286,0.477,0.92,0.062719882
0.361,0.281,0.989,0.56,0.036580976
0.0,0.094,0.756,0.817,0.987278214
0.243,0.329,0.479,0.575,0.13042613
0.158,0.327,0.895,0.41,0.0
0.626,0.273,0.682,0.282,0.0
0.205,0.161,0.488,0.813,0.256629654
0.622,0.753,0.862,0.881,3.855e-06
0.199,0.367,0.596,0.674,0.303296119
0.149,0.263,0.9,0.939,0.456088614
0.244,0.978,0.881,0.999,4.82e-07
0.468,0.658,0.689,0.988,0.000400432
0.0,0.268,0.58,0.704,0.983841535
0.124,0.108,0.757,0.805,0.524692099
0.343,0.113,0.886,0.758,0.053372615
0.082,0.073,0.116,0.211,0.0
0.0,0.182,0.822,0.723,0.986678771
0.296,0.465,0.353,0.545,0.016218217
0.235,0.211,0.482,0.753,0.159391189
0.361,0.065,0.562,0.856,0.041634321
0.365,0.171,0.646,0.936,0.042423139
0.121,0.824,0.189,0.921,1.446e-06
0.0,0.337,0.64,0.609,0.974056732
0.12,0.453,0.172,0.517,0.059010466
0.014,0.245,0.279,0.668,0.878807898
0.245,0.248,0.269,0.8,0.031725197
0.0,0.235,0.447,0.684,0.970989163
0.0,0.251,0.746,0.585,0.964672843
0.154,0.56,0.943,0.805,0.037198249
0.183,0.046,0.512,0.856,0.395294274
0.506,0.238,0.573,0.667,0.004396078
0.147,0.108,0.382,0.917,0.424912746
0.083,0.282,0.491,0.62,0.969744499
0.082,0.955,0.741,0.984,0.0
0.101,0.71,0.795,0.894,0.000984455
0.0,0.231,0.645,0.719,0.985710217
0.425,0.038,0.951,0.401,0.0
0.786,0.69,0.969,0.986,5.301e-06
0.489,0.066,0.71,0.471,0.002709059
0.375,0.523,0.602,0.878,0.012531448
0.116,0.176,0.848,0.662,0.587650023
0.255,0.296,0.284,0.587,0.032933239
0.258,0.502,0.675,0.517,0.010530734
0.094,0.417,0.297,0.549,0.830678966
0.182,0.47,0.293,0.671,0.120262579
0.067,0.393,0.496,0.5,0.738727552
0.946,0.627,0.949,0.879,0.0
0.212,0.142,0.526,0.385,0.0
0.153,0.136,0.233,0.825,0.275370448
0.147,0.297,0.254,0.689,0.321518904
0.0,0.0,0.72,0.951,0.999673776
0.347,0.118,0.354,0.86,0.003210684
0.811,0.109,0.879,0.457,9.637e-06
0.447,0.134,0.918,0.46,0.0040819
0.538,0.484,0.731,0.591,0.002320192
0.42,0.011,0.512,0.945,0.01387875
0.279,0.324,0.314,0.625,0.034862636
0.177,0.01,0.213,0.852,0.184051244
0.0,0.238,0.826,0.727,0.986743341
0.304,0.0,0.665,0.874,0.079535615
0.237,0.217,0.714,0.307,0.0
0.263,0.549,0.788,0.705,0.021888834
0.203,0.303,0.252,0.628,0.136380567
0.401,0.038,0.994,0.125,0.0
0.213,0.0,0.36,0.937,0.183034503
0.188,0.092,0.503,0.785,0.377975472
0.028,0.117,0.819,0.479,0.655868496
0.0,0.15,0.375,0.687,0.947486073
0.74,0.339,0.86,0.386,0.0
0.053,0.06,0.677,0.821,0.986804539
0.197,0.963,0.484,0.999,0.0
0.491,0.346,0.67,0.765,0.008206686
0.078,0.36,0.787,0.577,0.959020055
0.184,0.212,0.592,1.0,0.397482435
0.239,0.47,0.812,0.783,0.089980094
0.0,0.291,0.851,0.987,0.987459879
0.17,0.263,0.208,0.573,0.16742874
0.121,0.165,0.622,0.621,0.532924324
0.0,0.223,0.775,0.822,0.987327365
0.207,0.282,0.506,0.555,0.217265893
0.049,0.211,0.267,0.736,0.865138279
0.722,0.138,0.865,0.647,0.000269846
0.588,0.453,0.664,0.493,0.000269364
0.427,0.802,0.627,0.928,1.9757e-05
0.0,0.451,0.774,0.609,0.598675153
0.126,0.285,0.406,0.658,0.487830194
0.093,0.304,0.126,0.629,0.457588667
0.385,0.028,0.83,0.208,0.0
0.406,0.072,0.956,0.142,0.0
0.0,0.142,0.735,0.739,0.986702383
0.012,0.175,0.098,0.217,0.0
0.449,0.014,0.739,0.605,0.012833097
0.113,0.101,0.622,0.812,0.633830283
0.0,0.284,0.309,0.553,0.865136834
0.614,0.144,0.776,0.611,0.00119455
0.254,0.0,0.659,0.888,0.137271059
0.236,0.067,0.495,0.901,0.159137245
0.546,0.589,0.765,0.876,0.000661122
0.285,0.414,0.463,0.641,0.085540166
0.429,0.588,0.661,0.78,0.002645935
0.018,0.249,0.621,0.92,0.986156909
0.017,0.49,0.6,0.587,0.267733811
0.0,0.0,0.646,0.95,0.999046384
0.389,0.627,0.443,0.874,0.000707382
0.112,0.0,0.59,0.909,0.647679639
0.331,0.385,0.402,0.565,0.029330797
0.0,0.309,0.334,0.528,0.841639044
0.064,0.16,0.126,0.231,0.0
0.126,0.744,0.477,0.77,0.000225032
0.211,0.889,0.518,0.972,6.746e-06
0.127,0.0,0.441,0.952,0.495416717
0.0,0.1,0.584,0.736,0.984520968
0.5,0.233,0.512,0.686,0.001139617
0.0,0.444,0.266,0.658,0.587595091
0.37,0.56,0.385,0.654,0.000712682
0.0,0.017,0.658,0.916,0.98667588
0.139,0.381,0.631,0.883,0.475061667
0.0,0.017,0.766,0.898,0.987369769
0.655,0.04,0.949,0.848,0.000839895
0.192,0.13,0.676,0.45,0.120427378
0.483,0.074,0.961,0.129,0.0
0.378,0.053,0.481,0.586,0.024060611
0.202,0.794,0.314,0.934,6.3125e-05
0.0,0.394,0.706,0.442,0.285986472
0.277,0.215,0.301,0.767,0.027212025
0.153,0.086,0.392,0.796,0.418639794
0.0,0.05,0.75,0.86,0.987314354
0.064,0.127,0.681,0.677,0.984777322
0.287,0.116,0.428,0.782,0.079065794
0.062,0.353,0.839,0.598,0.970984345
0.0,0.39,0.837,0.447,0.339026117
0.0,0.057,0.539,0.871,0.982620964
0.107,0.243,0.764,0.469,0.404536976
0.041,0.726,0.604,0.857,0.000677024
0.28,0.098,0.621,0.853,0.10497003
0.135,0.376,0.357,0.896,0.439105191
0.569,0.245,0.581,0.395,0.0
0.197,0.212,0.534,0.755,0.317251485
0.142,0.525,0.911,0.732,0.079503329
0.173,0.419,0.642,0.499,0.216083872
0.547,0.074,0.611,0.839,0.002798205
0.637,0.769,0.799,0.927,2.891e-06
0.414,0.161,0.968,0.824,0.022220841
0.725,0.018,0.864,0.448,4.9632e-05
0.0,0.372,0.795,0.512,0.813172717
0.249,0.081,0.332,0.681,0.085172019
0.077,0.346,0.567,0.633,0.977826864
0.041,0.344,0.434,0.581,0.947776157
0.645,0.41,0.937,0.626,0.000865916
0.834,0.488,0.885,0.54,2.891e-06
0.161,0.236,0.645,0.53,0.367459194
0.0,0.17,0.947,0.78,0.987296525
0.0,0.45,0.768,0.515,0.465557311
0.0,0.176,0.774,0.661,0.984177397
0.252,0.678,0.295,0.878,0.000462111
0.227,0.089,0.315,0.829,0.116530033
0.19,0.369,0.348,0.514,0.263890917
0.062,0.479,0.645,0.487,0.029571249
0.0,0.179,0.511,0.757,0.980286316
0.105,0.416,0.322,0.497,0.504950948
0.179,0.273,0.738,0.774,0.40967272
0.106,0.309,0.751,0.674,0.779616906
0.0,0.401,0.75,0.501,0.747084099
0.667,0.332,0.947,0.484,0.000209131
0.087,0.487,0.897,0.929,0.301994113
0.072,0.12,0.639,0.717,0.985587823
0.397,0.547,0.85,0.67,0.007307522
0.317,0.399,0.737,0.919,0.069209193
0.163,0.309,0.553,0.528,0.360631613
0.402,0.295,0.464,0.891,0.01395103
0.0,0.43,0.679,0.585,0.732335096
0.245,0.526,0.427,0.754,0.031596538
0.0,0.051,0.73,1.0,0.987225209
0.289,0.548,0.365,0.781,0.008992612
0.135,0.288,0.789,0.633,0.479342097
0.128,0.345,0.248,0.87,0.361237802
0.429,0.225,0.67,0.377,0.0
0.507,0.397,0.637,0.996,0.006201154
0.544,0.245,0.557,0.293,0.0
0.224,0.196,0.981,0.737,0.194522226
0.176,0.179,0.876,0.82,0.413776786
0.0,0.36,0.79,0.911,0.987405909
0.3,0.099,0.358,0.56,0.032182971
0.583,0.54,0.73,0.816,0.000831703
0.39,0.455,0.874,0.518,0.010841056
0.756,0.636,0.869,1.0,1.301e-05
0.867,0.338,0.957,0.483,3.855e-06
0.107,0.0,0.605,0.909,0.760812988
0.663,0.001,0.73,0.349,0.0
0.221,0.401,0.4,0.491,0.103800056
0.0,0.164,0.731,0.729,0.986571315
0.448,0.119,0.724,0.76,0.014403022
0.218,0.306,0.365,0.714,0.167802188
0.066,0.156,0.736,0.605,0.973441869
0.012,0.356,0.485,0.769,0.977669775
0.054,0.343,0.816,0.617,0.977249587
0.511,0.055,0.933,0.71,0.006799633
0.0,0.398,0.604,0.747,0.985312677
0.273,0.529,0.447,0.843,0.023331546
0.302,0.299,0.584,0.689,0.079029654
0.322,0.135,0.591,0.217,0.0
0.311,0.052,0.451,0.873,0.05992746
0.648,0.306,0.746,0.73,0.000762796
0.731,0.184,0.808,0.703,0.000198048
0.185,0.492,0.77,0.824,0.132767524
0.0,0.372,0.766,0.589,0.966595013
0.024,0.484,0.635,0.641,0.304412606
0.221,0.586,0.522,0.624,0.008051043
0.219,0.69,0.368,0.934,0.000840859
0.0,0.266,0.697,0.875,0.986994394
0.507,0.157,0.76,0.947,0.007141759
0.197,0.444,0.856,0.813,0.246934961
0.168,0.416,0.556,0.42,0.082353576
0.0,0.096,0.672,0.74,0.986293277
0.116,0.192,0.603,0.703,0.587865418
0.257,0.041,0.638,0.947,0.133018096
0.258,0.36,0.515,0.744,0.125920668
0.219,0.281,0.237,0.649,0.042819716
0.261,0.073,0.462,0.897,0.116575811
0.17,0.272,0.968,0.565,0.391156959
0.24,0.624,0.273,0.968,0.001151182
0.0,0.448,0.421,0.633,0.617513766
0.0,0.319,0.717,0.592,0.968148554
0.04,0.251,0.135,0.99,0.5014603
0.069,0.0,0.513,0.926,0.980772039
0.213,0.647,0.639,0.755,0.003410177
0.264,0.172,0.43,0.731,0.106904729
0.323,0.164,0.39,0.672,0.033594843
0.155,0.404,0.849,0.82,0.44539019
0.0,0.362,0.623,0.474,0.629452035
0.695,0.168,0.77,0.804,0.000389349
0.399,0.494,0.492,0.527,0.003126357
0.525,0.107,0.689,0.534,0.003304648
0.0,0.453,0.731,0.618,0.572233634
0.275,0.644,0.952,0.96,0.002949993
0.23,0.194,0.344,0.791,0.127064622
0.06,0.404,0.853,0.433,0.232047181
0.0,0.211,0.733,0.757,0.986896093
0.0,0.139,0.588,0.8,0.985128603
0.157,0.034,0.564,0.843,0.438516349
0.476,0.235,0.75,0.451,0.002110098
0.068,0.123,0.656,0.714,0.985746839
0.61,0.187,0.633,0.576,0.000322369
0.397,0.112,0.54,0.989,0.023353712
0.486,0.238,0.571,0.993,0.006524005
0.185,0.147,0.37,0.77,0.355636092
0.59,0.311,0.902,0.932,0.00216744
0.292,0.495,0.382,0.856,0.023602355
0.145,0.315,0.821,0.812,0.463660199
0.493,0.079,0.7,0.857,0.008213433
0.656,0.053,0.858,0.313,0.0
0.26,0.16,0.488,0.243,0.0
0.008,0.888,0.492,0.941,6.746e-06
0.493,0.227,0.969,0.57,0.00678855
0.0,0.08,0.583,0.757,0.984727208
0.606,0.053,0.921,0.174,0.0
0.148,0.443,0.339,0.604,0.281164423
0.302,0.834,0.804,0.936,2.2166e-05
0.26,0.385,0.316,0.571,0.054923747
0.053,0.082,0.545,0.384,0.0
0.101,0.168,0.521,0.767,0.877452887
0.153,0.182,0.35,0.741,0.398530015
0.519,0.225,0.797,0.342,0.0
0.0,0.431,0.391,0.502,0.507677355
0.027,0.508,0.218,0.801,0.127057394
0.0,0.021,0.534,0.816,0.982246553
0.061,0.079,0.647,0.411,0.0
0.0,0.011,0.228,0.93,0.802335998
0.153,0.289,0.927,0.468,0.244518395
0.02,0.128,0.855,0.538,0.902380859
0.121,0.119,0.789,0.717,0.542301949
0.227,0.39,0.881,0.9,0.187506716
0.0,0.129,0.749,0.849,0.987302308
0.0,0.244,0.576,0.643,0.9797765
0.0,0.06,0.651,0.777,0.986389169
0.619,0.391,0.937,0.848,0.001357903
0.079,0.266,0.648,0.571,0.952695543
0.401,0.329,0.882,0.887,0.026539338
0.0,0.125,0.626,0.77,0.986017649
0.008,0.269,0.36,0.678,0.940435868
0.08,0.321,0.523,0.719,0.980780712
0.817,0.16,0.975,0.756,3.8549e-05
0.031,0.566,0.279,0.876,0.025511996
0.0,0.526,0.599,0.55,0.044170872
0.139,0.142,0.829,0.695,0.474753754
0.273,0.418,0.619,0.869,0.113863378
0.294,0.057,0.41,0.907,0.066622528
0.067,0.202,0.56,0.711,0.982996339
0.079,0.374,0.145,0.567,0.517128705
0.43,0.006,0.572,0.337,0.0
0.712,0.895,0.778,0.896,0.0
0.0,0.401,0.751,0.436,0.232032725
0.388,0.683,0.406,0.924,5.3487e-05
0.344,0.456,0.384,0.619,0.011307986
0.892,0.151,0.908,0.433,0.0
0.507,0.482,0.588,0.72,0.003134067
0.42,0.368,0.549,0.894,0.016473125
0.0,0.361,0.578,0.572,0.952284992
0.243,0.026,0.311,0.86,0.080770641
0.149,0.528,0.822,0.8,0.074168092
0.0,0.085,0.696,0.752,0.98659589
0.16,0.384,0.383,0.453,0.168129858
0.487,0.208,0.988,0.671,0.009110188
0.234,0.376,0.796,0.654,0.168591487
0.04,0.0,0.658,0.883,0.986672025
0.329,0.238,0.456,0.663,0.046854393
0.183,0.587,0.766,0.699,0.015462648
0.167,0.886,0.532,0.951,7.228e-06
0.0,0.02,0.679,0.897,0.986877782
0.0,0.0,0.667,0.908,0.999301292
0.102,0.264,0.393,0.632,0.824358791
0.135,0.767,0.471,0.85,0.000206721
0.295,0.331,0.3,0.55,0.004396078
0.38,0.469,0.611,0.59,0.018237242
0.0,0.406,0.744,0.548,0.917801103
0.008,0.121,0.546,0.819,0.983021878
0.096,0.233,0.543,0.346,0.0
0.0,0.227,0.723,0.709,0.986173774
0.175,0.382,0.546,0.526,0.347640945
0.62,0.464,0.937,0.987,0.001022523
0.2,0.083,0.397,0.706,0.270957023
0.0,0.228,0.538,0.685,0.980836127
0.096,0.524,0.317,0.845,0.093514593
0.546,0.715,0.928,0.914,3.9513e-05
0.165,0.438,0.376,0.443,0.028066858
0.041,0.559,0.792,0.631,0.043392174
0.067,0.105,0.64,0.771,0.986227261
0.078,0.0,0.427,0.919,0.96854995
0.148,0.148,0.405,0.739,0.432252553
0.082,0.723,0.444,0.753,0.000315141
0.053,0.368,0.637,0.536,0.898946589
0.201,0.3,0.527,0.581,0.269924862
0.0,0.35,0.551,0.487,0.684029319
0.0,0.141,0.712,0.805,0.98700355
0.061,0.135,0.663,0.938,0.986738523
0.558,0.03,0.839,0.158,0.0
0.199,0.408,0.76,0.987,0.307042639
0.0,0.203,0.547,0.791,0.98301706
0.092,0.437,0.991,0.808,0.7552532
0.139,0.206,0.4,0.676,0.447561967
0.132,0.186,0.603,0.777,0.492111587
0.681,0.409,0.824,0.681,0.000529091
0.0,0.144,0.583,0.692,0.983551451
0.502,0.032,0.691,0.747,0.007205366
0.502,0.7,0.7,0.984,8.8182e-05
0.632,0.135,0.895,0.306,0.0
0.0,0.187,0.566,0.821,0.984206309
0.04,0.01,0.551,0.776,0.983215107
0.23,0.213,0.53,0.7,0.17380433
0.188,0.05,0.608,0.992,0.384165061
0.131,0.327,0.145,0.88,0.033978409
0.008,0.016,0.895,0.217,0.0
0.683,0.355,0.857,0.778,0.000550293
0.302,0.395,0.934,0.433,0.011808165
0.487,0.004,0.908,0.132,0.0
0.566,0.567,0.738,0.97,0.00075075
0.008,0.366,0.538,0.523,0.863600158
0.213,0.213,0.26,0.427,0.015458311
0.267,0.377,0.444,0.459,0.040529399
0.43,0.186,0.45,0.942,0.003847231
0.016,0.189,0.536,0.688,0.980839982
0.306,0.391,0.719,0.463,0.028117454
0.095,0.45,0.544,0.672,0.614564254
0.079,0.393,0.697,0.879,0.986997286
0.0,0.365,0.786,0.538,0.90235532
0.095,0.279,0.488,0.732,0.950928535
0.505,0.401,0.566,0.862,0.004249108
0.064,0.0,0.796,0.953,0.987418438
0.106,0.421,0.637,0.624,0.648179818
0.506,0.0,0.513,0.885,0.000654376
0.0,0.042,0.72,0.794,0.987020897
0.449,0.356,0.645,0.938,0.013625287
0.092,0.438,0.5,0.457,0.213734768
0.0,0.404,0.733,0.48,0.659402995
0.134,0.194,0.768,0.756,0.488074501
0.0,0.527,0.74,0.535,0.018273382
0.103,0.117,0.456,0.719,0.823547808
0.848,0.024,0.96,0.579,1.4456e-05
0.0,0.517,0.58,0.536,0.058395603
0.564,0.161,0.581,0.958,0.000824475
0.087,0.386,0.619,0.433,0.231931532
0.355,0.042,0.822,0.839,0.047797407
0.201,0.232,0.434,0.704,0.274247214
0.0,0.112,0.665,0.775,0.986555895
0.042,0.139,1.0,1.0,0.987481563
0.772,0.094,0.786,0.285,0.0
0.127,0.199,0.327,0.679,0.447725802
0.0,0.307,0.851,0.53,0.888044336
0.0,0.27,0.568,0.567,0.946006739
0.101,0.209,0.623,0.745,0.88203882
0.055,0.253,0.131,0.404,0.0
0.0,0.342,0.636,0.494,0.713253141
0.246,0.033,0.314,0.164,0.0
0.0,0.192,0.693,0.802,0.986877301
0.277,0.034,0.368,0.842,0.06826666
0.053,0.315,0.54,0.975,0.982708664
0.0,0.067,0.693,0.846,0.986949099
0.162,0.177,0.475,0.409,0.0
0.025,0.094,0.367,0.842,0.944943258
0.163,0.0,0.653,0.932,0.430408445
0.194,0.455,0.221,0.566,0.07710652
0.225,0.118,0.421,0.758,0.171784341
0.463,0.013,0.733,0.675,0.0118896
0.168,0.324,0.388,0.56,0.364154546
0.0,0.045,0.552,0.792,0.983345211
0.338,0.957,0.68,0.986,0.0
0.0,0.036,0.563,0.944,0.984109453
0.689,0.005,0.894,0.841,0.000520417
0.276,0.346,0.297,0.54,0.021150613
0.047,0.221,0.491,0.662,0.975781336
0.017,0.124,0.56,0.787,0.983783229
0.0,0.466,0.625,0.475,0.077265055
0.0,0.316,0.609,0.589,0.965412992
0.257,0.001,0.293,0.894,0.042917053
0.42,0.398,0.716,0.622,0.018770669
0.182,0.149,0.545,0.824,0.399896109
0.66,0.915,0.734,0.968,0.0
0.11,0.047,0.799,0.196,0.0
0.541,0.193,0.571,0.904,0.001755925
0.252,0.16,0.524,1.0,0.13497255
0.083,0.157,0.18,0.786,0.578919547
0.092,0.079,0.111,0.757,0.308789409
0.221,0.175,0.472,0.727,0.191226252
0.169,0.237,0.376,0.812,0.383974241
0.0,0.09,0.863,0.971,0.987464215
0.34,0.266,0.359,0.635,0.00866687
0.359,0.327,0.41,0.79,0.022548029
0.0,0.358,0.821,0.59,0.967538028
0.0,0.435,0.79,0.464,0.306571854
0.147,0.417,0.42,0.48,0.268504317
0.19,0.291,0.322,0.384,0.0
0.106,0.234,0.364,0.609,0.728952386
0.16,0.315,0.287,0.826,0.338543767
0.0,0.423,0.645,0.513,0.590558094
0.0,0.114,0.307,0.937,0.909932206
0.02,0.122,0.761,0.714,0.986451812
0.298,0.444,0.301,0.746,0.002201171
0.097,0.324,0.623,0.641,0.937327341
0.205,0.432,0.372,0.497,0.106605007
0.507,0.062,0.996,0.891,0.007262226
0.229,0.0,0.238,0.904,0.018959561
0.0,0.402,0.83,0.435,0.232041398
0.315,0.129,0.743,1.0,0.070799838
0.203,0.353,0.716,0.891,0.277960486
0.143,0.18,0.564,0.656,0.460991134
0.029,0.135,0.307,0.913,0.909931724
0.2,0.354,0.859,0.529,0.243744998
0.342,0.518,0.579,0.945,0.017505285
0.142,0.344,0.331,0.885,0.409842338
0.187,0.12,0.671,0.862,0.389671843
0.206,0.449,0.287,0.672,0.112363324
0.168,0.746,0.428,0.886,0.000366219
0.249,0.062,0.492,0.85,0.136406588
0.0,0.026,0.873,0.972,0.987465179
0.062,0.478,0.763,0.495,0.065178852
0.071,0.163,0.629,0.673,0.983987541
0.0,0.106,0.607,0.914,0.98583984
0.339,0.285,0.369,0.707,0.013852247
0.148,0.175,0.395,0.36,0.0
0.184,0.433,0.753,0.647,0.319963436
0.597,0.141,0.811,0.875,0.001884102
0.3,0.365,0.395,0.538,0.043530952
0.239,0.425,0.785,0.469,0.045492635
0.123,0.49,0.663,0.52,0.09110911
0.293,0.305,0.431,0.532,0.055693289
0.011,0.313,0.856,0.678,0.985362309
0.035,0.01,0.686,0.937,0.986927897
0.222,0.365,0.779,0.534,0.158107494
0.127,0.238,0.821,0.291,0.0
0.048,0.746,0.359,0.801,0.000270328
0.231,0.075,0.337,0.843,0.121340035
0.192,0.264,0.484,0.878,0.351560456
0.67,0.382,0.783,0.516,0.000289121
0.038,0.024,0.585,0.91,0.98511993
0.073,0.43,0.741,0.709,0.754258143
0.095,0.286,0.533,0.906,0.955520251
0.159,0.088,0.534,0.59,0.415862791
0.224,0.445,0.972,0.925,0.14863976
0.729,0.255,0.765,0.681,0.000150343
0.367,0.351,0.377,0.703,0.004734349
0.789,0.563,0.828,0.836,1.8793e-05
0.192,0.382,0.256,0.759,0.225812778
0.047,0.33,0.46,0.568,0.93935263
0.0,0.052,0.611,0.832,0.985905856
0.025,0.769,0.603,0.849,0.000218768
0.407,0.267,0.66,0.273,0.0
0.0,0.213,0.816,0.869,0.987422775
0.0,0.0,0.671,0.947,0.999337432
0.323,0.642,0.903,0.961,0.00214672
0.138,0.294,0.356,0.602,0.420877587
0.0,0.246,0.238,0.684,0.823200381
0.032,0.187,0.241,0.854,0.828991466
0.121,0.107,0.369,0.915,0.501648228
0.495,0.363,0.51,0.57,0.001190213
0.219,0.363,0.474,0.54,0.162187467
0.621,0.422,0.937,0.709,0.001184912
0.0,0.166,0.777,0.788,0.98724352
0.099,0.177,0.313,0.817,0.854060626
0.069,0.069,0.624,0.835,0.986172328
0.483,0.659,0.483,0.757,0.0
0.105,0.179,0.972,0.478,0.474371151
0.189,0.175,0.331,0.594,0.312049243
0.426,0.111,0.734,0.962,0.018963898
0.0,0.376,0.642,0.461,0.497539343
0.483,0.43,0.897,0.826,0.008702528
0.238,0.174,0.959,0.472,0.075225791
0.025,0.266,0.682,0.632,0.980081522
0.069,0.28,0.476,0.394,0.0
0.0,0.293,0.821,0.588,0.966185907
0.069,0.271,0.7,0.902,0.987021379
0.255,0.444,0.673,0.473,0.03196613
0.0,0.07,0.759,0.907,0.987353386
0.212,0.221,0.45,0.745,0.217584408
0.301,0.689,0.691,0.848,0.000712682
0.22,0.473,0.505,0.514,0.046266996
0.0,0.133,0.711,0.777,0.986896575
0.305,0.042,0.417,0.925,0.057899279
0.042,0.08,0.697,0.9,0.987001141
0.237,0.196,0.323,0.64,0.098649373
0.098,0.205,0.47,0.713,0.923743976
0.145,0.318,0.56,0.518,0.371962729
0.0,0.235,0.645,0.602,0.971879655
0.129,0.373,0.167,0.935,0.079424785
0.0,0.031,0.743,0.963,0.987307126
0.213,0.784,0.322,0.968,7.5653e-05
0.051,0.265,0.276,0.352,0.0
0.035,0.18,0.809,0.624,0.978862879
0.152,0.131,0.366,1.0,0.407841142
0.217,0.388,0.494,0.448,0.057776885
0.238,0.389,0.291,0.508,0.04959911
0.111,0.141,0.185,0.793,0.270435642
0.131,0.156,0.218,0.821,0.286104048
0.0,0.225,0.806,1.0,0.987432894
0.278,0.472,0.424,0.559,0.03575891
0.157,0.091,0.561,0.112,0.0
0.009,0.28,0.211,0.621,0.749085777
0.343,0.141,0.601,0.974,0.051679333
0.077,0.242,0.38,0.686,0.949997085
0.321,0.009,0.361,0.937,0.021472501
0.533,0.071,0.816,0.752,0.005162729
0.0,0.363,0.413,0.473,0.616791446
0.129,0.078,0.429,0.897,0.485970667
0.0,0.277,0.334,0.632,0.92489564
0.109,0.056,0.472,0.929,0.702876605
0.007,0.313,0.617,0.599,0.970159869
0.032,0.277,0.465,0.559,0.927941524
0.213,0.28,0.259,0.612,0.095122103
0.651,0.07,0.654,0.749,3.9995e-05
0.285,0.311,0.656,0.346,0.0
0.569,0.489,0.789,0.733,0.001934698
0.15,0.135,0.57,0.83,0.451345591
0.032,0.148,0.491,0.866,0.978559303
0.058,0.439,0.569,0.495,0.466322517
0.0,0.222,0.518,0.674,0.978995875
0.677,0.257,0.744,0.91,0.000440909
0.077,0.406,0.669,0.726,0.986094748
0.694,0.163,0.914,0.476,0.000132514
0.699,0.397,0.715,0.822,0.00010071
0.181,0.62,0.215,0.896,0.000829776
0.0,0.046,0.598,0.871,0.985568548
0.072,0.087,0.291,0.649,0.892048173
0.124,0.784,0.565,0.979,0.000163835
0.0,0.106,0.688,0.832,0.986896093
0.062,0.0,0.511,0.928,0.980602903
0.154,0.143,0.539,0.76,0.442087951
0.642,0.691,0.717,0.807,1.1083e-05
0.438,0.365,0.539,0.903,0.011799491
0.589,0.156,0.942,0.748,0.002199244
0.216,0.516,0.851,0.914,0.060497509
0.01,0.154,0.89,0.683,0.985596497
0.169,0.284,0.88,0.917,0.422250909
0.314,0.239,0.467,0.719,0.059631111
0.088,0.16,0.175,0.657,0.572172919
0.06,0.338,0.646,0.498,0.733321479
0.246,0.492,0.539,0.675,0.061246813
0.663,0.168,0.763,0.84,0.000627873
0.343,0.383,0.575,0.579,0.044189183
0.266,0.933,0.677,0.965,4.82e-07
0.183,0.231,0.513,0.671,0.393284886
0.149,0.0,0.416,0.903,0.434404573
0.273,0.022,0.347,0.166,0.0
0.063,0.198,0.659,0.678,0.984617342
0.0,0.414,0.395,0.675,0.956817438
0.014,0.617,0.109,0.674,0.0
0.045,0.0,0.645,0.869,0.986500962
0.234,0.175,0.495,0.796,0.163087113
0.0,0.209,0.583,0.704,0.983954292
0.0,0.137,0.626,0.781,0.986080774
0.0,0.58,0.782,0.698,0.024530914
0.414,0.275,0.906,0.796,0.022200602
0.072,0.347,0.63,0.489,0.693835324
0.092,0.218,0.582,0.725,0.973022163
0.035,0.021,0.543,0.962,0.982917313
0.548,0.38,0.819,0.773,0.00420574
0.369,0.304,0.476,0.887,0.030895421
0.366,0.085,0.993,0.516,0.027226963
0.112,0.408,0.836,0.732,0.649198967
0.0,0.378,0.577,0.521,0.858542958
0.022,0.889,0.114,0.974,0.0
0.0,0.086,0.472,0.841,0.976243447
0.308,0.442,0.406,0.454,0.006085505
0.019,0.127,0.472,0.925,0.976278624
0.327,0.544,0.766,0.753,0.014736956
0.123,0.091,0.984,0.949,0.530663402
0.327,0.044,0.51,0.845,0.055510662
0.235,0.374,0.331,0.532,0.087947577
0.234,0.175,0.941,0.839,0.171588703
0.221,0.242,0.28,0.67,0.096029941
0.0,0.0,0.484,0.85,0.990269648
0.124,0.0,0.617,0.965,0.523513451
0.298,0.183,0.626,0.737,0.084498369
0.433,0.288,0.528,0.748,0.01205729
0.085,0.527,0.683,0.56,0.058531971
0.406,0.318,0.577,0.541,0.015393741
0.129,0.298,0.921,0.903,0.504460889
0.428,0.064,0.897,0.499,0.008876001
0.199,0.155,0.528,0.682,0.30006857
0.262,0.338,0.396,0.778,0.099380848
0.117,0.409,0.715,0.674,0.575015456
0.0,0.194,0.301,0.81,0.904373382
0.0,0.307,0.665,0.64,0.981183072
0.022,0.216,0.209,0.703,0.74220278
0.888,0.046,0.974,0.403,0.0
0.177,0.266,0.559,0.609,0.398854312
0.048,0.202,0.305,0.894,0.90816327
0.134,0.02,0.882,0.069,0.0
0.132,0.275,0.42,0.61,0.463302171
0.031,0.231,0.487,0.944,0.978123213
0.622,0.62,0.627,0.752,1.2047e-05
0.139,0.14,0.913,1.0,0.47621574
0.259,0.285,0.432,0.618,0.109261061
0.0,0.357,0.559,0.539,0.902778882
0.196,0.178,0.287,0.771,0.234043076
0.622,0.345,0.776,0.695,0.001191177
0.0,0.385,0.633,0.451,0.376033064
0.243,0.313,0.479,0.586,0.133325045
0.0,0.164,0.447,0.673,0.97056512
0.066,0.789,0.165,0.904,2.891e-06
0.084,0.046,0.476,0.33,0.0
0.411,0.183,0.9,0.893,0.023139762
0.015,0.298,0.511,0.642,0.975675325
0.398,0.555,0.557,0.766,0.005780483
0.168,0.385,0.599,0.451,0.160101944
0.171,0.483,0.549,0.807,0.152514457
0.59,0.03,0.74,0.735,0.001968429
0.335,0.018,0.886,0.869,0.057609195
0.0,0.18,0.47,0.744,0.9756069
0.127,0.204,0.612,0.687,0.508267161
0.197,0.193,0.544,0.766,0.317966577
0.446,0.461,0.76,0.603,0.009120789
0.533,0.666,0.829,0.894,0.000156607
0.263,0.589,0.414,0.823,0.007425097
0.261,0.717,0.409,0.809,0.000381639
0.26,0.202,0.305,0.702,0.050694877
0.481,0.446,0.532,0.647,0.003734955
0.547,0.663,0.628,0.715,6.4088e-05
0.142,0.459,0.48,0.672,0.242828967
0.319,0.346,0.639,0.486,0.032138639
0.239,0.291,0.535,0.781,0.156792477
0.328,0.088,0.776,0.482,0.028009998
0.693,0.341,0.756,0.928,0.000370556
0.4,0.043,0.925,0.793,0.026912303
0.163,0.289,0.321,0.794,0.364664362
0.0,0.125,0.71,0.712,0.986132333
0.19,0.45,0.353,0.954,0.208810563
0.674,0.058,0.796,0.321,0.0
0.707,0.647,0.811,0.758,2.072e-05
0.271,0.134,0.591,0.779,0.115383188
0.278,0.07,0.885,0.928,0.109017718
0.132,0.191,0.163,0.851,0.062777706
0.12,0.397,0.598,0.708,0.546555876
0.293,0.026,0.422,0.811,0.070961745
0.684,0.011,0.975,0.12,0.0
0.132,0.0,0.604,0.889,0.492333246
0.554,0.163,0.922,0.53,0.002285498
0.338,0.442,0.381,0.828,0.016045708
0.507,0.75,0.988,0.752,0.0
0.038,0.087,0.222,0.829,0.787319077
0.299,0.041,0.436,0.796,0.067898995
0.521,0.377,0.904,0.439,0.000717019
0.442,0.164,0.551,0.612,0.010717698
0.591,0.145,0.829,0.789,0.002096606
0.232,0.453,0.511,0.748,0.113800253
0.175,0.16,0.624,0.684,0.412117235
0.121,0.128,0.263,0.79,0.41655138
0.629,0.158,0.702,0.476,0.000199493
0.0,0.393,0.397,0.537,0.881983887
0.033,0.025,0.661,0.878,0.986706719
0.0,0.021,0.725,0.51,0.802780761
0.276,0.051,0.318,0.304,0.0
0.742,0.066,0.819,0.99,0.000139742
0.0,0.354,0.456,0.592,0.956793827
0.511,0.018,0.52,0.997,0.0007122
0.671,0.4,0.877,0.6,0.000530536
0.0,0.083,0.725,0.825,0.987132209
0.316,0.158,0.715,0.857,0.069829838
0.051,0.839,0.565,0.886,3.4213e-05
0.0,0.408,0.713,0.428,0.232015377
0.253,0.666,0.58,0.679,0.000515598
0.287,0.518,0.692,0.81,0.030362957
0.249,0.255,0.317,0.638,0.074217724
0.131,0.325,0.441,0.9,0.48169602
0.273,0.284,0.355,0.707,0.067046571
0.021,0.205,0.93,0.825,0.98741651
0.133,0.13,0.753,0.301,0.0
0.284,0.837,0.454,0.904,1.542e-05
0.292,0.26,0.435,0.62,0.071908615
0.139,0.44,0.435,0.57,0.328831245
0.564,0.238,0.986,0.451,0.000575832
0.615,0.33,0.661,0.352,0.0
0.227,0.049,0.676,0.814,0.186839329
0.465,0.723,0.601,0.773,5.0596e-05
0.147,0.215,0.837,0.57,0.430243165
0.0,0.225,0.62,0.663,0.983177521
0.017,0.161,0.781,0.488,0.691202881
0.005,0.002,0.627,0.936,0.986269666
0.0,0.388,0.545,0.448,0.347323876
0.311,0.438,0.346,0.538,0.013815625
0.103,0.044,0.835,0.554,0.778827125
0.085,0.248,0.619,0.652,0.982145361
0.0,0.436,0.582,0.611,0.741720431
0.563,0.001,0.623,0.273,0.0
0.175,0.329,0.557,0.554,0.374987411
0.267,0.345,0.919,0.858,0.122118733
0.044,0.59,0.576,0.793,0.01929735
0.09,0.364,0.889,0.641,0.976407282
0.109,0.418,0.674,0.51,0.543133652
0.025,0.108,0.253,0.943,0.848033426
0.102,0.263,0.825,0.584,0.835787726
0.005,0.313,0.7,0.651,0.98282624
0.266,0.28,0.424,0.556,0.089162365
0.294,0.33,0.437,0.793,0.073209175
0.11,0.293,0.661,0.971,0.687834627
0.172,0.326,0.854,0.91,0.418634011
0.06,0.071,0.484,0.806,0.97769435
0.227,0.808,0.602,0.847,4.385e-05
0.0,0.241,0.262,0.596,0.851605992
0.834,0.12,0.969,0.613,2.4575e-05
0.095,0.016,0.728,0.032,0.0
0.143,0.409,0.163,0.713,0.036489421
0.448,0.149,0.752,0.886,0.014607815
0.593,0.374,0.596,0.415,0.0
0.509,0.434,0.632,0.455,0.000701599
0.0,0.447,0.637,0.558,0.594661678
0.028,0.371,0.839,0.541,0.907608159
0.051,0.242,0.564,0.684,0.982391114
0.231,0.0,0.481,0.891,0.16781568
0.0,0.274,0.626,0.62,0.976830362
0.274,0.0,0.275,0.849,0.001240809
0.166,0.543,0.841,0.702,0.05039901
0.685,0.843,0.884,0.991,0.0
0.18,0.572,0.303,0.6,0.006110563
0.0,0.059,0.745,0.778,0.987122089
0.14,0.164,0.606,0.718,0.471429349
0.585,0.588,0.845,0.862,0.000438499
0.05,0.415,0.061,0.541,0.0
0.236,0.589,0.439,0.84,0.010460863
0.0,0.348,0.761,0.673,0.9850091
0.286,0.332,0.779,0.658,0.097070293
0.138,0.216,0.445,0.723,0.462682971
0.112,0.284,0.321,0.378,0.0
0.104,0.0,0.333,0.956,0.756412091
0.236,0.0,0.526,0.925,0.161892564
0.027,0.304,0.831,0.602,0.972664135
0.072,0.21,0.474,0.667,0.974148769
0.386,0.194,0.68,0.812,0.032537144
0.0,0.214,0.428,0.707,0.967883045
0.115,0.316,0.613,0.521,0.49153961
0.362,0.518,0.759,0.706,0.015310378
0.294,0.332,0.422,0.563,0.060601111
0.38,0.317,0.382,0.74,0.001024932
0.003,0.823,0.858,0.941,6.3607e-05
0.326,0.422,0.867,0.496,0.024903398
0.0,0.254,0.372,0.682,0.945878081
0.166,0.086,0.53,0.816,0.42094553
0.896,0.198,0.955,0.94,4.819e-06
0.272,0.496,0.848,0.801,0.048560686
0.576,0.282,0.948,0.932,0.002694603
0.391,0.17,0.878,0.825,0.030700264
0.017,0.138,0.89,0.699,0.986179556
0.148,0.216,0.42,0.66,0.434649844
0.241,0.197,0.349,0.717,0.107530193
0.389,0.238,0.523,0.664,0.02517228
0.31,0.171,0.626,0.869,0.073802354
0.239,0.447,0.686,0.663,0.117083699
0.09,0.212,0.607,0.691,0.978756868
0.643,0.107,0.821,0.801,0.000944942
0.024,0.231,0.384,0.545,0.888972413
0.152,0.03,0.154,0.987,0.003554737
0.102,0.159,0.829,0.844,0.859442605
0.119,0.552,0.788,0.716,0.056036379
0.228,0.319,0.486,0.56,0.153273399
0.273,0.131,0.472,0.986,0.104034243
0.052,0.351,0.914,0.652,0.98342231
0.393,0.398,0.586,0.818,0.027526203
0.361,0.241,0.897,0.42,0.006132728
0.229,0.192,0.498,0.778,0.174515566
0.146,0.131,0.437,0.703,0.444119505
0.752,0.546,0.918,0.969,5.7342e-05
0.008,0.066,0.21,0.865,0.746977606
0.0,0.389,0.454,0.61,0.962749228
0.323,0.313,0.365,0.524,0.015404824
-0.0,0.337,0.747,0.545,0.913882556
0.035,0.386,0.66,0.516,0.83625851
0.127,0.0,0.439,0.935,0.495037005
0.181,0.4,0.802,0.478,0.247366714
0.255,0.359,0.433,0.478,0.060534131
0.0,0.307,0.514,0.621,0.972242019
0.026,0.07,0.04,0.671,0.0
0.256,0.132,0.688,0.644,0.131461663
0.265,0.491,0.313,0.977,0.019490097
0.492,0.204,0.999,0.467,0.002568836
0.112,0.338,0.593,0.498,0.431004516
0.085,0.413,0.637,0.85,0.986388205
0.253,0.427,0.518,0.635,0.107702701
0.553,0.686,0.64,0.805,4.6259e-05
0.479,0.33,0.898,0.726,0.010231012
0.0,0.233,0.976,0.603,0.973016862
0.0,0.344,0.696,0.614,0.976005886
0.327,0.143,0.941,0.805,0.062446663
0.323,0.35,0.405,0.74,0.039890924
0.148,0.076,0.587,0.523,0.374776353
0.503,0.449,0.939,0.527,0.00312732
0.286,0.977,0.396,0.993,0.0
0.382,0.472,0.452,0.612,0.011501697
0.457,0.407,0.48,0.628,0.002936983
0.577,0.155,0.922,0.952,0.002653163
0.0,0.062,0.813,0.775,0.987225691
0.075,0.291,0.631,0.607,0.973460662
0.048,0.041,0.524,0.958,0.981623499
0.0,0.148,0.6,0.925,0.985640347
0.269,0.032,0.695,0.805,0.119361005
0.163,0.789,0.791,0.948,0.000145524
0.4,0.25,0.462,0.663,0.014084507
0.0,0.293,0.536,0.628,0.975105276
0.427,0.321,0.54,0.918,0.014156305
0.094,0.429,0.102,0.809,0.05083751
0.313,0.102,0.395,0.734,0.043488548
0.0,0.0,0.56,0.897,0.996444781
0.597,0.359,0.879,0.797,0.001916387
0.835,0.153,0.974,0.621,2.313e-05
0.041,0.342,0.708,0.567,0.948028174
0.236,0.434,0.478,0.462,0.037883464
0.135,0.182,0.517,0.867,0.479620134
0.0,0.259,0.494,0.578,0.952811191
0.295,0.142,0.396,0.762,0.060518229
0.094,0.67,0.532,0.917,0.002395364
0.095,0.065,0.472,0.863,0.949530637
0.253,0.129,0.309,0.784,0.063555441
0.605,0.183,0.744,0.867,0.00151451
0.651,0.379,0.89,0.899,0.000888564
0.164,0.247,0.57,0.716,0.425570013
0.255,0.062,0.775,0.923,0.136611864
0.045,0.33,0.536,0.746,0.981988272
0.303,0.322,0.423,0.584,0.055700036
0.047,0.427,0.237,0.455,0.163793531
0.442,0.364,0.676,0.601,0.013510121
0.363,0.118,0.421,0.807,0.023790284
0.025,0.346,0.697,0.491,0.700088519
0.649,0.098,0.704,0.785,0.000487168
0.179,0.17,0.369,0.667,0.366790362
0.086,0.205,0.129,0.722,0.483011518
0.127,0.196,0.662,0.938,0.510722758
0.721,0.784,0.782,0.937,0.0
0.491,0.066,0.505,0.71,0.001428737
0.567,0.879,0.612,0.993,4.82e-07
0.194,0.381,0.845,0.606,0.337028294
0.0,0.264,0.781,1.0,0.987400609
0.575,0.247,0.872,0.51,0.001252374
0.19,0.216,0.362,0.62,0.324298798
0.053,0.01,0.497,0.885,0.979233435
0.0,0.166,0.412,0.775,0.964494552
0.926,0.485,0.928,0.691,0.0
0.054,0.573,0.614,0.944,0.031970949
0.175,0.132,0.409,0.841,0.391210928
0.07,0.025,0.125,0.172,0.0
0.039,0.069,0.293,0.148,0.0
0.394,0.478,0.451,0.623,0.008204759
0.0,0.406,0.531,0.431,0.231484359
0.316,0.237,0.899,0.617,0.066208603
0.64,0.17,0.822,0.922,0.000981564
0.345,0.296,0.362,0.54,0.005998287
0.0,0.262,0.543,0.839,0.98287539
0.334,0.443,0.433,0.593,0.029010355
0.283,0.219,0.524,0.896,0.096784546
0.695,0.199,0.853,0.836,0.000468375
0.0,0.322,0.557,0.588,0.963120748
0.486,0.383,0.529,0.401,0.0
0.046,0.722,0.408,0.939,0.000604262
0.0,0.384,0.587,0.521,0.858746306
0.296,0.191,0.604,0.302,0.0
0.407,0.217,0.907,0.464,0.007410159
0.0,0.178,0.914,0.735,0.986880192
0.05,0.496,0.074,0.55,0.0
0.205,0.005,0.736,0.814,0.265652625
0.612,0.7,0.853,0.995,3.0358e-05
0.01,0.071,0.913,0.849,0.987444941
