0.167,0.136,0.569,0.701,0.42083711
0.16,0.315,0.287,0.826,0.338543767
0.0,0.35,0.689,0.533,0.893110691
0.045,0.33,0.536,0.746,0.981988272
0.0,0.0,0.374,0.897,0.96076827
0.0,0.39,0.648,0.531,0.889333813
0.052,0.0,0.917,0.854,0.987450723
0.0,0.248,0.522,0.589,0.961599974
0.008,0.294,0.719,0.678,0.985060178
0.212,0.271,0.35,0.669,0.180978374
0.1,0.054,0.468,0.864,0.898255591
0.137,0.495,0.487,0.5,0.015068962
0.345,0.185,0.376,0.651,0.013893687
0.0,0.399,0.537,0.494,0.711599853
0.279,0.304,0.355,0.691,0.059318379
0.097,0.18,0.458,0.76,0.930612998
0.0,0.299,0.637,0.578,0.95892079
0.508,0.275,0.542,0.927,0.002534623
0.0,0.315,0.649,0.573,0.954445686
0.075,0.174,0.555,0.714,0.982779981
0.066,0.147,0.816,0.765,0.987162566
0.0,0.166,0.412,0.775,0.964494552
0.0,0.163,0.433,0.801,0.969727634
0.183,0.175,0.714,0.914,0.40173588
0.15,0.135,0.57,0.83,0.451345591
0.148,0.056,1.0,0.88,0.457864295
0.268,0.284,0.587,0.813,0.118705183
0.721,0.784,0.782,0.937,0.0
0.123,0.027,0.396,0.81,0.502087691
0.0,0.307,0.773,0.529,0.886139513
0.181,0.4,0.802,0.478,0.247366714
0.0,0.346,0.438,0.491,0.693107222
0.354,0.204,0.782,0.967,0.048210368
0.139,0.297,0.158,0.636,0.036015746
0.103,0.117,0.456,0.719,0.823547808
0.0,0.069,0.738,0.841,0.98723581
0.105,0.256,0.442,0.62,0.773413824
0.353,0.0,0.383,0.935,0.014125948
0.287,0.518,0.692,0.81,0.030362957
0.182,0.286,0.543,0.55,0.361037827
0.0,0.0,0.667,0.908,0.999301292
0.301,0.261,0.427,0.619,0.061487747
0.0,0.376,0.642,0.461,0.497539343
0.352,0.18,0.875,0.495,0.025865205
0.28,0.355,0.49,0.923,0.09729388
0.0,0.307,0.665,0.64,0.981183072
0.0,0.47,0.49,0.671,0.380149658
0.0,0.264,0.781,1.0,0.987400609
0.127,0.035,0.291,0.873,0.418162263
0.0,0.37,0.611,0.552,0.923525208
0.183,0.203,0.235,0.811,0.232504473
0.337,0.382,0.37,0.454,0.004768561
0.0,0.164,0.731,0.729,0.986571315
0.441,0.017,0.599,0.172,0.0
0.141,0.097,0.573,0.798,0.468784378
0.241,0.209,0.952,0.325,0.0
0.178,0.466,0.896,0.855,0.188193859
0.251,0.104,0.509,0.803,0.135177826
0.041,0.012,0.653,0.89,0.986604082
0.051,0.097,0.386,1.0,0.954330038
0.333,0.396,0.371,0.504,0.011007301
0.023,0.361,0.711,0.602,0.972374533
0.163,0.0,0.653,0.932,0.430408445
0.597,0.141,0.811,0.875,0.001884102
0.204,0.008,0.69,0.86,0.271337698
0.151,0.725,0.846,0.804,0.000614381
0.436,0.776,0.46,0.798,2.409e-06
0.638,0.118,0.98,0.32,0.0
0.06,0.009,0.619,0.827,0.986063908
0.0,0.205,0.608,0.718,0.985057769
0.029,0.325,0.779,0.537,0.900948267
0.0,0.26,0.333,0.842,0.928699502
0.075,0.291,0.631,0.607,0.973460662
0.012,0.464,0.521,0.619,0.435165924
0.563,0.001,0.623,0.273,0.0
0.087,0.375,0.937,0.855,0.98745265
0.039,0.268,0.666,0.569,0.94990553
0.271,0.365,0.425,0.682,0.097356523
0.117,0.505,0.403,0.533,0.072473845
0.048,0.041,0.524,0.958,0.981623499
0.044,0.206,0.593,0.682,0.983529285
0.078,0.174,0.624,0.727,0.98552759
0.133,0.082,0.597,0.796,0.488982821
0.132,0.191,0.163,0.851,0.062777706
0.15,0.243,0.446,0.844,0.439255052
0.0,0.466,0.625,0.475,0.077265055
0.186,0.227,0.282,0.752,0.289930076
0.0,0.322,0.366,0.605,0.934119067
0.0,0.109,0.818,0.773,0.987213162
0.25,0.0,0.298,0.897,0.057747491
0.835,0.153,0.974,0.621,2.313e-05
0.376,0.135,0.522,0.815,0.032205619
0.742,0.066,0.819,0.99,0.000139742
0.0,0.701,0.238,0.767,0.000230333
0.211,0.019,0.329,0.863,0.175115492
0.806,0.238,0.89,0.857,4.2404e-05
0.007,0.271,0.672,0.565,0.945634256
0.225,0.118,0.421,0.758,0.171784341
0.0,0.137,0.658,0.756,0.986327972
0.0,0.348,0.761,0.673,0.9850091
0.191,0.047,0.444,0.889,0.352274584
0.0,0.043,0.858,0.926,0.987461324
0.198,0.121,0.376,0.8,0.276515365
0.0,0.131,0.565,0.751,0.983815996
0.14,0.328,0.197,0.485,0.107611146
0.0,0.116,0.306,0.815,0.909013285
0.0,0.005,0.721,0.9,0.987162084
0.548,0.622,0.609,0.668,0.000122394
0.156,0.512,0.902,0.719,0.097788758
0.217,0.33,0.509,0.506,0.139674614
0.287,0.116,0.428,0.782,0.079065794
0.031,0.169,0.518,0.713,0.980295953
0.287,0.299,0.436,0.669,0.079893642
0.087,0.254,0.624,0.644,0.981238486
0.047,0.439,0.582,0.495,0.466502253
0.175,0.132,0.409,0.841,0.391210928
0.0,0.0,0.511,0.91,0.993118449
0.157,0.309,0.408,0.597,0.405179787
0.123,0.49,0.663,0.52,0.09110911
0.434,0.256,0.903,0.481,0.00660785
0.331,0.093,0.365,0.808,0.01654685
0.017,0.49,0.6,0.587,0.267733811
0.0,0.25,0.689,0.765,0.986678289
0.0,0.378,0.776,0.886,0.987385671
0.339,0.406,0.524,0.507,0.030112386
0.316,0.038,0.387,0.722,0.037422799
0.074,0.052,0.141,0.892,0.515731289
0.121,0.36,0.547,0.537,0.46424615
0.0,0.234,0.602,0.602,0.971179983
0.876,0.005,0.943,0.609,1.0119e-05
0.053,0.181,0.496,0.655,0.975697491
0.191,0.216,0.55,0.666,0.361248403
0.0,0.258,0.448,0.665,0.970304911
0.068,0.147,0.661,0.728,0.986036442
0.0,0.064,0.602,0.859,0.985681305
0.0,0.129,0.749,0.849,0.987302308
0.159,0.31,0.569,0.574,0.409317102
0.234,0.091,0.407,0.889,0.147096338
0.433,0.263,0.658,0.325,0.0
0.46,0.732,0.872,0.845,7.4689e-05
0.283,0.113,0.683,0.89,0.102072561
0.0,0.059,0.819,0.899,0.987436267
0.294,0.535,0.476,0.744,0.018596233
0.329,0.238,0.456,0.663,0.046854393
0.138,0.211,0.637,1.0,0.477549549
0.292,0.096,0.568,1.0,0.089110805
0.029,0.263,0.869,0.991,0.987465661
0.084,0.189,0.39,0.203,0.0
0.328,0.499,0.466,0.648,0.019969556
0.151,0.106,0.756,0.731,0.451830832
0.163,0.309,0.553,0.528,0.360631613
0.0,0.026,0.873,0.972,0.987465179
0.0,0.291,0.851,0.987,0.987459879
0.061,0.474,0.266,0.571,0.272437802
0.375,0.523,0.602,0.878,0.012531448
0.721,0.274,0.832,0.506,0.000118058
0.359,0.346,0.682,0.548,0.034993704
0.48,0.31,0.965,0.92,0.010182825
0.086,0.395,0.151,0.949,0.534898054
0.0,0.25,0.248,0.675,0.840156337
-0.0,0.049,0.626,0.939,0.986256655
0.0,0.236,0.616,0.861,0.986040779
0.0,0.0,0.624,0.848,0.99870474
0.0,0.211,0.733,0.757,0.986896093
0.23,0.194,0.344,0.791,0.127064622
0.34,0.723,0.723,0.936,0.000260208
0.0,0.04,0.445,0.984,0.972195278
0.2,0.228,0.265,0.785,0.175382446
0.0,0.0,0.606,0.944,0.998338521
0.368,0.647,0.737,0.983,0.001344411
0.194,0.365,0.356,0.471,0.164339969
0.307,0.23,0.744,1.0,0.077380703
0.0,0.045,0.552,0.792,0.983345211
0.078,0.19,0.824,0.72,0.986643595
0.229,0.262,0.328,0.81,0.121002246
0.248,0.141,0.482,0.911,0.136732813
0.0,0.31,0.583,0.703,0.983930199
0.0,0.429,0.583,0.607,0.7405307
0.536,0.656,0.884,0.832,0.000202866
0.038,0.386,0.799,0.525,0.87494573
0.273,0.246,0.278,0.639,0.006062376
0.076,0.402,0.627,0.434,0.231946952
0.267,0.309,0.465,0.528,0.083619442
0.0,0.23,0.612,0.67,0.983497482
0.289,0.338,0.571,0.848,0.092532547
0.0,0.316,0.609,0.589,0.965412992
0.43,0.064,0.466,0.772,0.006269097
0.38,0.864,0.79,0.95,4.819e-06
0.129,0.282,0.171,0.725,0.084692079
0.139,0.142,0.829,0.695,0.474753754
0.0,0.452,0.753,0.599,0.575817765
0.003,0.01,0.26,0.519,0.760267995
0.182,0.062,0.528,0.775,0.398661083
0.369,0.264,0.505,0.573,0.029258999
0.0,0.298,0.688,0.606,0.973722798
0.548,0.38,0.819,0.773,0.00420574
0.163,0.406,0.599,0.566,0.398793596
0.261,0.128,0.374,0.316,0.0
0.129,0.343,0.821,0.567,0.469535128
0.038,0.082,0.941,0.924,0.987476744
0.022,0.394,0.22,0.564,0.762478322
0.342,0.404,0.381,0.475,0.008770953
0.046,0.423,0.516,0.465,0.315142351
0.399,0.112,0.63,0.874,0.026157217
0.0,0.0,0.76,0.895,0.999871823
0.164,0.247,0.57,0.716,0.425570013
0.0,0.425,0.328,0.496,0.464884142
0.0,0.118,0.619,0.806,0.986026322
0.041,0.559,0.792,0.631,0.043392174
0.162,0.162,0.619,0.674,0.429408088
0.235,0.77,0.905,0.928,0.0001807
0.251,0.174,0.358,0.923,0.09581792
0.0,0.26,0.593,0.648,0.981014418
0.0,0.139,0.896,0.865,0.98745506
0.147,0.282,0.578,0.678,0.455425082
0.378,0.053,0.481,0.586,0.024060611
0.261,0.265,0.996,0.765,0.128948724
0.009,0.534,0.94,0.674,0.088561476
0.0,0.057,0.653,0.879,0.986601672
0.0,0.358,0.629,0.643,0.981210538
0.163,0.574,0.675,0.71,0.024901952
0.161,0.386,0.419,0.588,0.398000924
0.486,0.204,0.652,0.632,0.008069354
0.0,0.304,0.917,0.532,0.891659306
0.0,0.0,0.619,0.889,0.998631978
0.564,0.226,0.854,0.394,0.0
0.565,0.032,0.59,0.742,0.001082275
0.057,0.0,0.645,0.928,0.986515418
0.179,0.023,0.515,0.88,0.4035265
0.197,0.293,0.322,0.763,0.256716872
0.0,0.36,0.785,0.541,0.907585993
0.139,0.381,0.631,0.883,0.475061667
0.0,0.392,0.672,0.539,0.904658647
0.063,0.384,0.825,0.97,0.987444459
0.0,0.404,0.721,0.482,0.666619926
0.229,0.192,0.498,0.778,0.174515566
0.0,0.139,0.588,0.8,0.985128603
0.188,0.008,0.362,0.88,0.341130914
0.449,0.28,0.454,0.556,0.000578723
0.072,0.371,0.478,0.517,0.835195029
0.0,0.098,0.763,0.866,0.987348085
0.04,0.148,0.526,0.746,0.981332451
0.0,0.127,0.553,0.859,0.983524948
0.623,0.244,0.992,0.564,0.000912657
0.082,0.723,0.444,0.753,0.000315141
0.059,0.0,0.479,0.894,0.977164296
0.511,0.018,0.52,0.997,0.0007122
0.282,0.247,0.448,0.72,0.088804337
0.0,0.082,0.807,0.883,0.987425184
0.0,0.271,0.489,0.566,0.940190116
0.25,0.032,0.472,0.916,0.132516953
0.0,0.221,0.829,0.749,0.987012705
0.127,0.204,0.612,0.687,0.508267161
0.0,0.056,0.53,0.78,0.981890453
0.0,0.39,0.837,0.447,0.339026117
0.576,0.103,0.64,0.767,0.001676417
0.226,0.26,0.52,1.0,0.18375875
0.479,0.33,0.898,0.726,0.010231012
0.052,0.431,0.207,0.656,0.540124871
0.023,0.048,0.433,0.979,0.969815334
0.0,0.142,0.653,0.888,0.9866036
0.212,0.463,0.596,0.565,0.10959114
0.234,0.06,0.487,0.843,0.162239027
0.352,0.479,0.606,0.901,0.026426581
0.092,0.437,0.991,0.808,0.7552532
0.0,0.132,0.521,0.705,0.980332575
0.0,0.104,0.578,0.883,0.984854421
0.112,0.338,0.593,0.498,0.431004516
0.732,0.094,0.984,0.313,0.0
0.493,0.468,0.848,0.996,0.006089842
0.132,0.275,0.42,0.61,0.463302171
0.098,0.193,0.464,0.695,0.9224704
0.0,0.425,0.638,0.622,0.745615848
0.0,0.425,0.847,0.554,0.696521253
0.102,0.0,0.625,0.91,0.85826733
0.323,0.642,0.903,0.961,0.00214672
0.218,0.0,0.352,0.886,0.162419727
0.0,0.018,0.826,0.939,0.987444459
0.0,0.223,0.775,0.822,0.987327365
0.269,0.027,0.27,0.855,0.001136726
0.216,0.414,0.817,0.956,0.217629221
0.406,0.318,0.577,0.541,0.015393741
0.222,0.807,0.752,0.815,1.1565e-05
0.289,0.319,0.447,0.66,0.07934865
0.535,0.38,0.902,0.438,0.000558003
0.0,0.402,0.332,0.435,0.223825556
0.0,0.045,0.634,0.908,0.986370858
0.0,0.214,0.633,0.836,0.986316407
0.0,0.298,0.615,0.774,0.985821047
0.149,0.263,0.9,0.939,0.456088614
0.334,0.272,0.524,0.634,0.050305046
0.0,0.295,0.468,0.852,0.975743751
0.3,0.099,0.358,0.56,0.032182971
0.08,0.015,0.631,0.884,0.986323153
0.479,0.308,0.978,0.851,0.010308593
0.125,0.189,0.584,0.648,0.51296296
0.141,0.244,0.266,0.648,0.346971631
0.185,0.006,0.353,0.876,0.3481816
0.0,0.336,0.578,0.5,0.741444321
0.027,0.349,0.306,0.36,0.0
0.124,0.0,0.617,0.965,0.523513451
0.226,0.255,0.498,0.636,0.177585063
0.0,0.155,0.259,0.878,0.855948583
0.0,0.105,0.694,0.772,0.986755388
0.201,0.3,0.527,0.581,0.269924862
0.454,0.824,0.78,0.895,6.264e-06
0.277,0.034,0.368,0.842,0.06826666
0.156,0.454,0.312,0.473,0.062839385
0.279,0.487,0.46,0.491,0.002254176
0.208,0.132,0.513,0.705,0.242302768
0.0,0.402,0.629,0.481,0.662763539
0.315,0.129,0.743,1.0,0.070799838
0.667,0.288,0.789,0.41,0.0
0.261,0.266,0.287,0.57,0.028500057
0.146,0.11,0.728,0.727,0.460956922
0.0,0.385,0.85,0.569,0.950394625
0.0,0.36,0.79,0.911,0.987405909
0.545,0.025,0.892,0.811,0.004442337
0.34,0.154,0.382,0.682,0.019692964
0.0,0.151,0.721,0.752,0.986762616
0.079,0.258,0.782,0.928,0.987398199
0.24,0.624,0.273,0.968,0.001151182
0.23,0.064,0.357,1.0,0.133221926
0.017,0.138,0.89,0.699,0.986179556
0.0,0.221,0.614,0.674,0.983748053
0.259,0.211,0.305,0.382,0.0
0.0,0.123,0.8,0.778,0.987229064
0.0,0.139,0.599,0.756,0.985259189
0.213,0.337,0.533,0.545,0.186952086
0.181,0.314,0.456,0.757,0.392680624
0.0,0.475,0.664,0.504,0.132059179
0.0,0.214,0.675,0.92,0.986850798
0.159,0.0,0.397,0.901,0.410031712
0.238,0.389,0.291,0.508,0.04959911
0.082,0.278,0.093,0.798,0.014532644
0.159,0.238,0.328,0.854,0.376398319
0.0,0.086,0.52,0.938,0.981316549
0.646,0.453,0.766,0.793,0.000715091
0.332,0.221,0.397,0.823,0.031210562
0.0,0.362,0.623,0.474,0.629452035
0.204,0.027,0.49,0.81,0.262788886
0.165,0.438,0.376,0.443,0.028066858
0.285,0.183,0.442,0.653,0.082824843
0.009,0.453,0.316,0.814,0.531960589
0.26,0.385,0.316,0.571,0.054923747
0.0,0.348,0.61,0.54,0.905394941
0.077,0.242,0.38,0.686,0.949997085
0.092,0.26,0.301,0.649,0.890800136
0.22,0.057,0.78,0.419,0.032479801
0.104,0.413,0.369,0.424,0.130901251
0.111,0.141,0.185,0.793,0.270435642
0.0,0.152,0.499,0.685,0.977770004
0.042,0.366,0.531,0.606,0.96940912
0.0,0.0,0.638,0.865,0.9989317
0.035,0.015,0.329,0.808,0.92631474
0.0,0.007,0.313,0.83,0.914940738
0.281,0.07,0.935,0.964,0.105076523
0.082,0.033,0.804,0.288,0.0
0.0,0.0,0.72,0.951,0.999673776
0.063,0.373,0.462,0.52,0.84929881
0.446,0.159,0.564,0.459,0.003316213
0.36,0.188,0.362,0.71,0.000943497
0.26,0.203,0.292,0.634,0.03719343
0.489,0.066,0.71,0.471,0.002709059
0.0,0.055,0.585,0.886,0.985117038
0.295,0.142,0.396,0.762,0.060518229
0.0,0.164,0.447,0.673,0.97056512
0.362,0.304,0.418,0.653,0.023041461
0.623,0.115,0.791,0.929,0.001209969
0.262,0.465,0.52,0.57,0.056956746
0.205,0.429,0.534,0.551,0.185200016
0.0,0.262,0.55,0.574,0.952713854
0.171,0.293,0.841,0.581,0.399313531
0.0,0.164,0.523,0.885,0.981543509
0.052,0.351,0.914,0.652,0.98342231
0.656,0.053,0.858,0.313,0.0
0.207,0.222,0.393,0.818,0.224987339
0.231,0.0,0.481,0.891,0.16781568
0.136,0.736,0.306,0.857,0.000331525
0.027,0.16,1.0,0.87,0.987464697
0.537,0.132,0.602,1.0,0.00320201
0.109,0.418,0.674,0.51,0.543133652
0.069,0.118,0.841,0.719,0.986637812
0.0,0.142,0.735,0.739,0.986702383
0.342,0.417,0.433,0.854,0.036324141
0.078,0.38,0.316,0.54,0.853696816
0.0,0.266,0.697,0.875,0.986994394
0.0,0.361,0.578,0.572,0.952284992
0.096,0.327,0.687,0.6,0.933682495
0.0,0.464,0.702,0.466,0.01870128
0.0,0.187,0.656,0.731,0.986017649
0.202,0.794,0.314,0.934,6.3125e-05
0.0,0.203,0.878,1.0,0.987468552
0.13,0.074,0.595,0.762,0.498698717
0.055,0.811,0.089,0.968,0.0
0.0,0.181,0.782,0.813,0.987319655
0.067,0.076,0.185,0.76,0.5905234
0.0,0.224,0.752,0.663,0.984324366
0.0,0.017,0.766,0.898,0.987369769
0.236,0.434,0.478,0.462,0.037883464
0.428,0.064,0.897,0.499,0.008876001
0.234,0.376,0.796,0.654,0.168591487
0.085,0.3,0.479,0.61,0.965906906
0.133,0.405,0.541,0.559,0.446261406
0.155,0.188,0.183,0.777,0.043372899
0.151,0.4,0.793,0.605,0.439532126
0.086,0.243,0.657,0.319,0.0
0.0,0.322,0.583,0.607,0.972349475
0.0,0.0,0.575,0.888,0.997251427
0.019,0.014,0.544,0.822,0.982907194
0.093,0.527,0.488,0.664,0.101269287
0.518,0.296,0.856,0.587,0.005281269
0.306,0.255,0.475,0.477,0.030951317
0.047,0.599,0.46,0.716,0.013825744
0.0,0.406,0.744,0.548,0.917801103
0.048,0.169,0.55,0.934,0.983355812
0.0,0.275,0.722,0.896,0.98716883
0.132,0.417,0.413,0.461,0.229022016
0.213,0.454,0.652,0.659,0.14798683
0.298,0.211,0.44,0.48,0.033704227
0.085,0.0,0.472,0.934,0.976279587
0.0,0.407,0.515,0.506,0.774080247
0.0,0.182,0.746,0.654,0.983477243
0.173,0.065,0.397,0.836,0.389330681
0.277,0.335,0.292,0.582,0.01697764
0.0,0.245,0.39,0.591,0.940624761
0.467,0.142,0.697,0.856,0.011377857
0.169,0.314,0.448,0.576,0.387016271
0.196,0.041,0.326,0.996,0.268818013
0.573,0.35,0.704,0.977,0.002416566
0.0,0.357,0.801,0.545,0.913947608
0.155,0.786,0.38,0.991,0.000113721
0.707,0.647,0.811,0.758,2.072e-05
0.038,0.154,0.682,0.952,0.986905249
0.0,0.193,0.773,0.643,0.982216196
0.0,0.0,0.753,0.973,0.999865077
0.0,0.44,0.85,0.558,0.674908048
0.166,0.086,0.53,0.816,0.42094553
0.09,0.364,0.889,0.641,0.976407282
0.284,0.837,0.454,0.904,1.542e-05
0.0,0.0,0.808,0.888,0.999944585
0.131,0.634,0.542,0.702,0.005083703
0.288,0.434,0.451,0.457,0.015745023
0.164,0.265,0.728,0.666,0.426426774
0.0,0.293,0.536,0.628,0.975105276
0.044,0.59,0.576,0.793,0.01929735
0.0,0.163,0.6,0.751,0.985232205
0.155,0.404,0.849,0.82,0.44539019
0.0,0.0,0.589,0.911,0.997784373
0.169,0.154,0.806,0.295,0.0
0.029,0.244,0.681,0.592,0.967969781
0.0,0.436,0.464,0.568,0.709190997
0.0,0.391,0.45,0.545,0.903954157
0.0,0.176,0.774,0.661,0.984177397
0.304,0.0,0.665,0.874,0.079535615
0.0,0.0,0.624,0.945,0.998736061
0.0,0.277,0.334,0.632,0.92489564
0.069,0.466,0.151,0.474,0.050120973
0.0,0.345,0.625,0.53,0.887368275
0.005,0.002,0.627,0.936,0.986269666
0.143,0.59,0.718,0.597,0.00270665
0.0,0.445,0.665,0.622,0.665593066
0.262,0.345,0.77,0.93,0.127881387
0.203,0.092,0.524,0.878,0.272454185
0.689,0.005,0.894,0.841,0.000520417
0.69,0.151,0.917,0.415,0.0
0.0,0.286,0.697,0.551,0.922893962
0.241,0.248,0.449,0.589,0.133549595
0.182,0.282,0.641,0.787,0.403250871
0.108,0.198,0.356,0.611,0.683935355
0.038,0.495,0.433,0.656,0.257442083
0.308,0.414,0.75,0.816,0.076537916
0.057,0.887,0.299,0.899,9.64e-07
0.0,0.0,0.532,0.932,0.994699457
0.056,0.0,0.642,0.887,0.986473977
0.39,0.455,0.874,0.518,0.010841056
0.448,0.119,0.724,0.76,0.014403022
0.286,0.332,0.779,0.658,0.097070293
0.0,0.461,0.561,0.479,0.157856441
0.144,0.25,1.0,0.748,0.465286983
0.156,0.555,0.573,0.96,0.041062345
0.554,0.559,0.735,0.61,0.000567158
0.296,0.503,0.986,0.633,0.032280308
0.45,0.184,0.86,0.75,0.014351462
0.187,0.228,0.254,0.869,0.252283691
0.071,0.192,0.651,0.645,0.981688551
0.156,0.156,0.396,0.68,0.413650055
0.07,0.581,0.289,0.622,0.010326904
0.529,0.05,0.665,0.75,0.004744468
0.422,0.02,0.958,0.642,0.01914508
0.168,0.111,0.381,0.772,0.387798824
0.117,0.074,0.118,0.762,0.011637584
0.0,0.04,0.851,0.797,0.987337484
0.552,0.08,0.593,0.776,0.001937108
0.069,0.019,0.48,0.818,0.977229348
0.0,0.0,0.634,0.893,0.99888785
0.241,0.174,0.273,0.873,0.043248578
0.0,0.017,0.784,0.961,0.987403018
0.0,0.042,0.72,0.794,0.987020897
0.402,0.132,0.461,0.781,0.013510121
0.215,0.022,0.327,0.857,0.158438055
0.179,0.138,0.359,0.745,0.363724239
0.165,0.239,0.556,0.597,0.409645736
0.148,0.443,0.339,0.604,0.281164423
0.0,0.208,0.257,0.722,0.85318459
0.192,0.399,0.532,0.437,0.060542323
0.0,0.357,0.559,0.539,0.902778882
0.231,0.0,0.495,0.91,0.169433309
0.415,0.075,0.446,0.837,0.006848302
0.0,0.15,0.669,0.829,0.986746715
0.006,0.0,0.699,0.889,0.987013669
0.176,0.179,0.876,0.82,0.413776786
0.04,0.736,0.858,0.925,0.000582096
0.064,0.127,0.681,0.677,0.984777322
0.0,0.0,0.563,0.899,0.996623072
0.299,0.0,0.305,0.855,0.005662908
0.516,0.115,0.977,0.796,0.006462326
0.3,0.337,0.495,0.72,0.075257594
0.0,0.194,0.301,0.81,0.904373382
0.296,0.333,0.446,0.625,0.070071254
0.253,0.129,0.309,0.784,0.063555441
0.0,0.245,0.398,0.591,0.943869175
0.184,0.212,0.592,1.0,0.397482435
0.0,0.175,0.46,0.661,0.97186809
0.0,0.426,0.57,0.46,0.254759045
0.27,0.196,0.427,0.706,0.099333143
0.219,0.363,0.474,0.54,0.162187467
0.79,0.565,0.826,0.881,1.8311e-05
0.123,0.091,0.984,0.949,0.530663402
0.127,0.0,0.439,0.935,0.495037005
0.249,0.255,0.317,0.638,0.074217724
0.0,0.018,0.582,0.879,0.985027411
0.079,0.266,0.648,0.571,0.952695543
0.201,0.214,0.311,0.687,0.217512609
0.4,0.043,0.925,0.793,0.026912303
0.048,0.746,0.359,0.801,0.000270328
0.0,0.227,0.723,0.709,0.986173774
0.544,0.146,0.996,0.729,0.004481368
0.0,0.362,0.699,0.474,0.629673212
0.482,0.225,0.686,0.686,0.00923451
0.0,0.311,0.773,0.526,0.877405182
0.162,0.263,0.487,0.574,0.399341962
0.0,0.282,0.705,0.555,0.929691186
0.37,0.56,0.385,0.654,0.000712682
0.198,0.441,0.492,0.463,0.078195541
0.259,0.285,0.432,0.618,0.109261061
0.053,0.368,0.637,0.536,0.898946589
0.065,0.174,0.174,0.213,0.0
0.0,0.1,0.725,0.737,0.986619983
0.429,0.701,0.926,0.998,0.000228405
0.183,0.097,0.412,0.783,0.379155566
0.063,0.302,0.783,0.74,0.986862845
0.113,0.155,0.437,0.733,0.617849146
0.0,0.092,0.748,0.789,0.987181359
0.167,0.385,0.734,0.566,0.394791686
0.359,0.19,0.885,0.661,0.044984746
0.158,0.0,0.536,0.914,0.434988597
0.83,0.134,0.863,0.403,0.0
0.138,0.052,0.765,0.785,0.478344149
0.215,0.591,0.823,0.7,0.012707811
0.0,0.25,0.675,0.637,0.980885277
0.194,0.381,0.845,0.606,0.337028294
0.23,0.281,0.338,0.638,0.121782871
0.379,0.15,0.481,0.835,0.026625592
0.0,0.385,0.633,0.451,0.376033064
0.011,0.22,0.699,0.719,0.986207987
0.0,0.392,0.757,0.645,0.982411352
0.072,0.087,0.291,0.649,0.892048173
0.0,0.195,0.502,0.642,0.97484314
0.279,0.473,0.483,0.611,0.047982926
0.082,0.0,0.647,0.936,0.986541439
0.0,0.448,0.421,0.633,0.617513766
0.079,0.0,0.482,0.839,0.977491002
0.249,0.357,0.478,0.479,0.068238711
0.149,0.0,0.416,0.903,0.434404573
0.342,0.416,0.385,0.467,0.008927078
0.107,0.243,0.764,0.469,0.404536976
0.064,0.16,0.126,0.231,0.0
0.149,0.419,0.749,0.835,0.369260415
0.197,0.193,0.544,0.766,0.317966577
0.243,0.273,0.396,0.614,0.121633492
0.0,0.262,0.757,0.574,0.95588117
0.226,0.005,0.509,0.832,0.182832119
0.092,0.748,0.122,0.759,0.0
0.012,0.375,0.718,0.592,0.968156264
0.06,0.404,0.853,0.433,0.232047181
0.177,0.318,0.343,0.72,0.358681977
0.206,0.158,0.415,0.757,0.238193883
0.286,0.328,0.442,0.555,0.070223042
0.429,0.224,0.537,0.895,0.013513012
0.151,0.401,0.575,0.435,0.085973847
0.0,0.0,0.535,0.905,0.994887385
0.495,0.363,0.51,0.57,0.001190213
0.0,0.389,0.454,0.61,0.962749228
0.218,0.306,0.365,0.714,0.167802188
0.101,0.168,0.521,0.767,0.877452887
0.0,0.275,0.363,0.645,0.939809441
0.249,0.138,0.39,0.141,0.0
0.271,0.108,0.898,0.852,0.117609416
0.175,0.273,0.6,0.998,0.413262634
0.295,0.222,0.351,0.662,0.038914179
0.104,0.0,0.333,0.956,0.756412091
0.128,0.248,0.514,0.488,0.319196785
0.051,0.159,0.173,0.781,0.569983795
0.058,0.386,0.457,0.788,0.9740071
0.0,0.196,0.846,0.641,0.981927075
0.0,0.14,0.586,0.748,0.984716125
0.066,0.417,0.663,0.466,0.557154553
0.0,0.28,0.779,0.792,0.98725653
0.41,0.928,0.475,0.991,0.0
0.279,0.608,0.669,0.977,0.006187661
0.336,0.129,0.444,0.708,0.041394833
0.379,0.221,0.911,0.549,0.027802795
0.309,0.036,0.922,0.746,0.075666218
0.121,0.824,0.189,0.921,1.446e-06
0.044,0.111,0.465,0.805,0.97525851
0.001,0.177,0.72,0.791,0.987012705
0.37,0.383,0.941,0.792,0.041099448
0.334,0.837,0.504,0.84,4.82e-07
0.0,0.011,0.228,0.93,0.802335998
0.0,0.046,0.598,0.871,0.985568548
0.0,0.485,0.305,0.501,0.060215135
0.0,0.377,0.712,0.606,0.973849529
0.0,0.225,0.632,0.672,0.98398224
0.789,0.133,0.869,0.907,5.5897e-05
0.0,0.175,0.847,0.782,0.987283515
0.28,0.136,0.449,0.74,0.091499904
0.0,0.179,0.511,0.757,0.980286316
0.049,0.318,0.645,0.585,0.964029068
0.087,0.012,0.624,0.886,0.986210396
0.0,0.558,0.69,0.583,0.028919282
0.221,0.401,0.4,0.491,0.103800056
0.067,0.411,0.383,0.735,0.952394376
0.0,0.324,0.702,0.58,0.961268931
0.166,0.019,0.197,0.818,0.103723921
0.121,0.352,0.348,0.575,0.47039237
0.091,0.113,0.633,0.765,0.978945279
0.446,0.06,0.503,0.332,0.0
0.157,0.15,0.579,0.687,0.43763935
0.214,0.491,0.868,0.836,0.095189564
0.17,0.272,0.968,0.565,0.391156959
0.109,0.265,0.701,0.762,0.713337468
0.343,0.103,0.379,0.865,0.016782484
0.292,0.438,0.928,0.641,0.075221936
0.013,0.331,0.757,0.742,0.986841161
0.231,0.299,0.724,0.791,0.177490617
0.173,0.419,0.642,0.499,0.216083872
0.22,0.287,0.227,0.649,0.018173635
0.122,0.49,0.17,0.593,0.049328301
0.0,0.157,0.645,0.726,0.985812855
0.079,0.124,0.307,0.837,0.909906667
0.0,0.0,0.76,0.879,0.999868932
0.165,0.0,0.716,0.953,0.427549043
0.242,0.056,0.489,0.902,0.147617719
0.311,0.577,0.965,0.724,0.009293298
0.208,0.1,0.515,0.869,0.243292042
0.0,0.124,0.445,0.712,0.971387668
0.0,0.068,0.626,0.826,0.986200277
0.0,0.0,0.69,0.911,0.999478137
0.0,0.289,0.511,0.593,0.962962213
0.177,0.242,0.377,0.594,0.364048054
0.513,0.014,0.877,0.714,0.006630016
0.34,0.66,0.425,0.812,0.000551738
0.0,0.213,0.712,0.68,0.985090054
0.11,0.0,0.357,0.943,0.64168617
0.0,0.303,0.554,0.769,0.983356294
0.099,0.307,0.466,0.586,0.894286448
0.0,0.378,0.822,0.796,0.987320137
0.0,0.27,0.568,0.567,0.946006739
0.618,0.188,0.694,0.334,0.0
0.558,0.181,0.867,0.859,0.003635691
0.044,0.071,0.285,0.86,0.887261301
0.247,0.203,0.448,0.7,0.13273283
0.423,0.587,0.578,0.598,0.000529091
0.344,0.004,0.348,0.9,0.001965056
0.031,0.115,0.245,0.819,0.835819047
0.0,0.0,0.671,0.947,0.999337432
0.712,0.895,0.778,0.896,0.0
0.132,0.186,0.603,0.777,0.492111587
0.45,0.535,0.551,0.649,0.003026128
0.229,0.399,0.7,0.705,0.181449641
0.182,0.0,0.564,0.932,0.401094032
0.005,0.313,0.7,0.651,0.98282624
0.04,0.131,0.586,0.802,0.985053914
0.113,0.0,0.43,0.918,0.616932633
0.0,0.421,0.643,0.455,0.192717632
0.23,0.214,0.431,0.672,0.160641154
0.092,0.017,0.461,0.82,0.963424324
0.0,0.096,0.612,0.837,0.98594055
0.0,0.321,0.746,0.516,0.836554377
0.047,0.284,0.814,0.628,0.979756744
0.017,0.356,0.678,0.736,0.986296168
0.078,0.0,0.427,0.919,0.96854995
0.0,0.076,0.476,0.803,0.976695439
0.0,0.249,0.846,0.588,0.966197954
0.0,0.156,0.826,0.925,0.987443013
0.0,0.414,0.395,0.675,0.956817438
0.217,0.338,0.302,0.499,0.08748402
0.296,0.256,0.606,0.695,0.08561341
0.302,0.321,0.323,0.611,0.016289533
0.0,0.268,0.58,0.704,0.983841535
0.488,0.207,0.791,0.786,0.009165121
0.132,0.369,0.568,0.532,0.417807609
0.266,0.012,0.966,0.518,0.08706865
0.115,0.219,0.443,0.751,0.589478711
0.092,0.447,0.27,0.758,0.560363791
0.0,0.285,0.683,0.85,0.986881156
0.099,0.097,0.72,0.12,0.0
0.0,0.527,0.74,0.535,0.018273382
0.061,0.245,0.487,0.591,0.959996319
0.041,0.209,0.668,0.627,0.979000693
0.0,0.022,0.667,0.888,0.986780445
0.029,0.47,0.202,0.581,0.230881543
0.729,0.359,0.772,0.524,8.0472e-05
0.0,0.239,0.58,0.597,0.968544167
0.499,0.287,0.984,0.704,0.007943587
0.0,0.363,0.413,0.473,0.616791446
0.049,0.203,0.661,0.695,0.98529292
0.133,0.117,1.0,0.841,0.4909951
0.465,0.842,0.988,0.888,2.409e-06
0.733,0.126,0.956,0.851,0.000239006
0.0,0.307,0.851,0.53,0.888044336
0.06,0.071,0.484,0.806,0.97769435
0.177,0.36,0.539,0.538,0.357004596
0.117,0.077,0.155,0.1,0.0
0.0,0.398,0.604,0.747,0.985312677
0.211,0.889,0.518,0.972,6.746e-06
0.348,0.203,0.394,0.755,0.021665248
0.0,0.278,0.698,0.625,0.978653267
0.285,0.007,0.432,0.889,0.082332374
0.101,0.209,0.623,0.745,0.88203882
0.058,0.56,0.456,0.609,0.034545568
0.118,0.588,0.751,0.609,0.008616756
0.412,0.269,0.7,0.847,0.022361546
0.171,0.384,0.425,0.703,0.399416169
0.181,0.215,0.524,0.622,0.393511846
0.0,0.189,0.567,0.687,0.982638794
0.0,0.131,0.984,0.705,0.986353029
0.553,0.686,0.64,0.805,4.6259e-05
0.0,0.024,0.616,0.919,0.986060053
0.211,0.023,0.482,0.88,0.226286454
0.001,0.385,0.562,0.451,0.375607575
0.288,0.033,0.432,0.803,0.078740533
0.18,0.208,0.793,0.229,0.0
0.0,0.078,0.739,0.818,0.98720738
0.008,0.374,0.537,0.503,0.759418945
0.43,0.186,0.45,0.942,0.003847231
0.0,0.129,0.562,0.76,0.983748535
0.339,0.093,0.799,0.743,0.05529623
0.0,0.18,0.508,0.821,0.98025114
0.239,0.185,0.488,0.786,0.152675883
0.314,0.149,0.447,0.799,0.056764963
0.196,0.369,0.342,0.513,0.220469349
0.0,0.0,0.703,0.855,0.999537889
0.255,0.296,0.284,0.587,0.032933239
0.014,0.066,0.725,0.913,0.987189069
0.611,0.58,0.929,0.966,0.000345499
0.121,0.128,0.263,0.79,0.41655138
0.0,0.133,0.448,0.703,0.971742804
0.112,0.0,0.59,0.909,0.647679639
0.407,0.267,0.66,0.273,0.0
0.197,0.033,0.3,0.199,0.0
0.416,0.375,0.508,0.546,0.010331241
0.093,0.304,0.126,0.629,0.457588667
0.086,0.35,0.435,0.687,0.968768236
0.31,0.171,0.626,0.869,0.073802354
0.423,0.535,0.558,0.654,0.004865417
0.0,0.566,0.301,0.594,0.016723214
0.533,0.071,0.816,0.752,0.005162729
0.603,0.096,0.822,0.163,0.0
0.0,0.394,0.706,0.442,0.285986472
0.197,0.444,0.856,0.813,0.246934961
0.327,0.0,0.398,0.888,0.034766745
0.239,0.176,0.303,0.688,0.080335033
0.339,0.042,0.57,0.795,0.052475378
0.2,0.137,0.347,0.74,0.247966157
0.026,0.0,0.526,0.936,0.981777214
0.126,0.336,0.427,0.549,0.446441143
0.243,0.193,0.536,0.74,0.149585184
0.0,0.0,0.625,0.897,0.998752445
0.147,0.108,0.382,0.917,0.424912746
0.0,0.431,0.391,0.502,0.507677355
0.318,0.282,0.457,0.989,0.055336226
0.147,0.018,0.416,0.878,0.43835396
0.194,0.455,0.221,0.566,0.07710652
0.172,0.458,0.428,0.878,0.207330748
0.032,0.128,0.694,0.708,0.985961752
0.0,0.187,0.698,0.827,0.986958254
0.294,0.057,0.41,0.907,0.066622528
0.397,0.64,0.548,0.759,0.000998911
0.806,0.452,0.868,0.665,2.1202e-05
0.0,0.044,0.465,0.792,0.97521996
0.0,0.335,0.643,0.586,0.964489734
0.041,0.342,0.708,0.567,0.948028174
0.0,0.309,0.334,0.528,0.841639044
0.0,0.072,0.529,1.0,0.982002246
0.316,0.158,0.715,0.857,0.069829838
0.392,0.663,0.549,0.986,0.000621127
0.0,0.392,0.813,0.491,0.700226815
0.021,0.055,0.545,0.967,0.983029588
0.113,0.101,0.622,0.812,0.633830283
0.0,0.432,0.785,0.471,0.37412005
0.081,0.466,0.622,0.552,0.366653512
0.26,0.202,0.305,0.702,0.050694877
0.246,0.52,0.427,0.558,0.017031127
0.257,0.078,0.475,0.881,0.123235702
0.037,0.444,0.154,0.985,0.362685814
0.151,0.204,0.815,0.93,0.452539659
0.253,0.48,1.0,0.513,0.025722091
0.099,0.339,0.62,0.625,0.916993011
0.019,0.381,0.533,0.684,0.980507493
0.0,0.293,0.644,0.595,0.969149875
0.0,0.0,0.725,0.906,0.999707025
0.0,0.254,0.372,0.682,0.945878081
0.0,0.093,0.773,0.824,0.987326401
0.061,0.0,0.669,0.933,0.986801166
0.304,0.743,0.895,0.995,0.000210576
0.344,0.456,0.384,0.619,0.011307986
0.138,0.037,0.723,0.875,0.47829789
0.0,0.082,0.705,0.933,0.987055592
0.0,0.117,0.721,0.781,0.986990058
0.034,0.303,0.825,0.69,0.985820083
0.0,0.064,0.585,0.839,0.985082344
0.219,0.099,0.642,0.651,0.204361962
0.025,0.769,0.603,0.849,0.000218768
0.27,0.699,0.348,0.786,0.000362364
0.274,0.228,0.311,0.788,0.039809489
0.127,0.238,0.821,0.291,0.0
0.032,0.393,0.761,0.648,0.982846478
0.256,0.083,0.374,0.805,0.096103185
0.0,0.203,0.547,0.791,0.98301706
0.251,0.404,0.31,0.489,0.040443145
0.227,0.39,0.881,0.9,0.187506716
0.147,0.417,0.42,0.48,0.268504317
0.157,0.045,0.466,0.891,0.429857671
0.342,0.116,0.989,0.641,0.052048925
0.095,0.143,0.666,0.854,0.960023303
0.028,0.146,0.299,0.277,0.0
0.088,0.366,0.863,0.888,0.987456987
0.0,0.0,0.598,0.931,0.998099996
0.048,0.383,0.449,0.743,0.972462714
0.087,0.301,0.643,0.517,0.840454131
0.097,0.045,0.55,0.791,0.939777637
0.416,0.672,0.861,0.775,0.000457774
0.018,0.249,0.621,0.92,0.986156909
0.363,0.231,0.775,0.944,0.044114012
0.631,0.815,0.788,0.828,0.0
0.19,0.353,0.371,0.596,0.324068466
0.012,0.356,0.485,0.769,0.977669775
0.03,0.097,0.705,0.865,0.987037281
0.261,0.073,0.462,0.897,0.116575811
0.0,0.0,0.302,0.84,0.917873865
0.425,0.144,0.702,0.727,0.018857887
0.127,0.0,0.441,0.952,0.495416717
0.473,0.214,0.919,0.45,0.002171295
0.157,0.313,0.771,0.896,0.441761245
0.051,0.265,0.276,0.352,0.0
0.0,0.472,0.771,0.49,0.078133862
0.102,0.264,0.393,0.632,0.824358791
0.287,0.445,0.735,0.744,0.075821379
0.234,0.24,0.368,0.636,0.126762973
0.256,0.118,0.392,0.164,0.0
0.053,0.01,0.497,0.885,0.979233435
0.298,0.039,0.68,0.967,0.085384523
0.116,0.037,0.529,0.734,0.58470244
0.458,0.121,0.869,0.803,0.013128482
0.0,0.096,0.736,0.74,0.986726476
0.138,0.34,0.249,0.964,0.333402722
0.079,0.374,0.145,0.567,0.517128705
0.069,0.224,0.707,0.683,0.985205702
0.671,0.4,0.877,0.6,0.000530536
0.313,0.102,0.395,0.734,0.043488548
0.047,0.33,0.46,0.568,0.93935263
0.408,0.253,0.571,0.752,0.021153504
0.267,0.054,0.306,0.832,0.043699124
0.158,0.469,0.556,0.508,0.090538579
0.0,0.283,0.373,0.663,0.945622209
0.109,0.056,0.472,0.929,0.702876605
0.0,0.291,0.396,0.545,0.89366002
0.302,0.107,0.394,0.793,0.052717275
0.697,0.041,0.878,0.882,0.000461147
0.145,0.318,0.56,0.518,0.371962729
0.0,0.448,0.626,0.653,0.634451411
0.535,0.074,0.868,0.859,0.005090931
0.354,0.0,0.354,0.872,0.0
0.38,0.085,0.638,0.467,0.012330991
0.02,0.122,0.761,0.714,0.986451812
0.207,0.282,0.506,0.555,0.217265893
0.0,0.017,0.653,0.876,0.986599263
0.001,0.026,0.45,0.897,0.973042883
0.059,0.35,0.52,0.655,0.977796506
0.182,0.203,0.54,0.634,0.394217782
0.0,0.032,0.532,0.864,0.982162226
0.089,0.199,0.818,0.638,0.981173916
0.0,0.263,0.72,0.573,0.954902015
0.012,0.141,0.552,0.754,0.98312307
0.222,0.0,0.414,0.85,0.177897313
0.046,0.28,0.512,0.689,0.979153445
0.626,0.195,0.799,0.974,0.001165638
0.816,0.467,0.902,0.555,6.746e-06
0.052,0.088,0.806,0.895,0.987425666
0.547,0.144,0.918,0.454,0.000903502
0.0,0.405,0.549,0.432,0.231621692
0.389,0.507,0.994,0.91,0.01435869
0.078,0.306,0.698,0.966,0.987015597
0.129,0.298,0.921,0.903,0.504460889
0.007,0.444,0.513,0.568,0.641776761
0.0,0.093,0.33,0.812,0.926901654
0.618,0.474,0.872,0.917,0.000996502
0.116,0.226,0.565,0.72,0.586720019
0.19,0.216,0.362,0.62,0.324298798
0.126,0.067,0.715,0.9,0.514975721
0.0,0.349,0.646,0.488,0.690930626
0.0,0.031,0.743,0.963,0.987307126
0.155,0.287,0.404,0.682,0.418460539
0.323,0.313,0.365,0.524,0.015404824
0.108,0.446,0.752,0.74,0.552384546
0.002,0.083,0.566,0.535,0.896208136
0.053,0.135,0.36,0.868,0.941883881
0.0,0.0,0.722,0.917,0.999690641
0.137,0.25,0.966,0.821,0.48095298
0.334,0.443,0.433,0.593,0.029010355
0.168,0.469,0.552,0.497,0.056300442
0.143,0.409,0.163,0.713,0.036489421
0.0,0.0,0.423,0.945,0.98009887
0.0,0.06,0.651,0.777,0.986389169
0.0,0.133,0.711,0.777,0.986896575
0.391,0.17,0.878,0.825,0.030700264
0.22,0.207,0.842,0.55,0.173392815
0.01,0.004,1.0,0.832,0.987430966
0.079,0.277,0.567,0.559,0.934791754
0.151,0.137,0.565,0.7,0.448120451
0.3,0.162,0.434,0.815,0.066527118
0.167,0.241,0.202,0.509,0.124965125
0.126,0.744,0.477,0.77,0.000225032
0.235,0.374,0.331,0.532,0.087947577
0.19,0.354,0.521,0.544,0.325623452
0.236,0.0,0.526,0.925,0.161892564
0.0,0.24,0.789,0.597,0.970617162
0.125,0.339,0.476,0.978,0.509050678
0.073,0.285,0.473,0.597,0.960991375
0.284,0.109,0.54,0.278,0.0
0.0,0.194,0.534,0.7,0.981121874
0.198,0.259,0.855,0.997,0.314807453
0.933,0.384,0.964,0.47,4.82e-07
0.268,0.462,0.785,0.832,0.073697307
0.0,0.276,0.779,0.626,0.979341856
0.097,0.343,0.624,0.623,0.934134486
0.238,0.212,0.666,0.625,0.157398667
0.0,0.07,0.759,0.907,0.987353386
0.012,0.446,0.557,0.471,0.28436547
0.263,0.033,0.44,0.867,0.11037032
0.111,0.42,0.64,0.718,0.555174559
0.323,0.164,0.39,0.672,0.033594843
0.37,0.058,0.429,0.855,0.022641993
0.0,0.355,0.698,0.525,0.874737081
0.0,0.067,0.693,0.846,0.986949099
0.059,0.465,0.73,0.901,0.439011709
0.005,0.335,0.214,0.598,0.758596397
0.0,0.2,0.793,0.708,0.986383868
0.0,-0.0,0.35,0.837,0.949844815
0.173,0.401,0.908,0.763,0.417201901
0.271,0.134,0.591,0.779,0.115383188
0.569,0.489,0.789,0.733,0.001934698
0.0,0.386,0.562,0.54,0.904189308
0.301,0.311,0.488,0.613,0.069898745
0.2,0.373,0.348,0.514,0.193167214
0.0,0.012,0.942,0.825,0.987417474
0.017,0.364,0.886,0.473,0.624554815
0.025,0.266,0.682,0.632,0.980081522
0.012,0.799,0.578,0.847,8.1436e-05
0.218,0.107,0.503,0.769,0.203813596
0.124,0.809,0.906,0.867,7.0353e-05
0.049,0.278,0.259,0.993,0.855949065
0.233,0.0,0.416,0.843,0.151924169
0.0,0.0,0.794,0.913,0.999930129
0.269,0.342,0.453,0.567,0.093380152
0.0,0.27,0.647,0.626,0.978564603
0.289,0.005,0.357,0.874,0.04857996
0.0,0.274,0.626,0.62,0.976830362
0.136,0.042,0.603,0.924,0.481769263
0.0,0.09,0.863,0.971,0.987464215
0.068,0.123,0.656,0.714,0.985746839
0.19,0.386,0.536,0.584,0.352364693
0.049,0.33,0.678,0.553,0.925486891
0.121,0.107,0.369,0.915,0.501648228
0.108,0.181,0.456,0.656,0.72320467
0.423,0.245,0.897,0.37,0.0
0.295,0.464,0.481,0.807,0.048527919
0.032,0.187,0.241,0.854,0.828991466
0.0,0.08,0.583,0.757,0.984727208
0.0,0.354,0.515,0.482,0.664430801
0.22,0.473,0.505,0.514,0.046266996
0.701,0.043,0.949,0.792,0.000444282
0.322,0.0,0.394,0.913,0.036487976
0.0,0.091,0.641,0.842,0.986435428
0.065,0.069,0.6,0.844,0.985607098
0.16,0.384,0.383,0.453,0.168129858
0.263,0.549,0.788,0.705,0.021888834
0.255,0.062,0.775,0.923,0.136611864
0.632,0.135,0.895,0.306,0.0
0.25,0.164,0.268,0.745,0.022662232
0.0,0.372,0.766,0.589,0.966595013
0.074,0.234,0.709,0.694,0.985624927
0.0,0.047,0.839,0.921,0.987451687
0.237,0.196,0.323,0.64,0.098649373
0.058,0.003,0.475,0.822,0.976596174
0.607,0.552,0.682,0.984,0.000345981
0.0,0.0,0.557,0.872,0.996274682
0.249,0.432,0.664,0.524,0.083135647
0.069,0.071,0.721,0.913,0.987163048
0.411,0.22,0.503,0.616,0.014236295
0.022,0.31,0.73,0.576,0.958158958
0.02,0.279,0.439,0.921,0.971042169
0.219,0.281,0.237,0.649,0.042819716
0.0,0.112,0.665,0.775,0.986555895
0.224,0.496,0.913,0.755,0.078300106
0.201,0.232,0.434,0.704,0.274247214
0.075,0.454,0.139,0.494,0.174083331
0.0,0.23,0.534,0.607,0.969856775
0.0,0.342,0.702,0.541,0.907368189
0.016,0.084,0.721,0.95,0.987166903
0.0,0.14,0.75,0.821,0.987269541
0.0,0.252,0.818,0.585,0.964765844
0.507,0.681,0.721,0.714,7.7099e-05
0.085,0.219,0.477,0.618,0.967809319
-0.0,0.351,0.516,0.696,0.979678199
0.203,0.303,0.252,0.628,0.136380567
0.0,0.176,0.895,0.807,0.987381334
0.0,0.086,0.603,0.801,0.985624445
0.187,0.325,0.409,0.761,0.366268018
0.197,0.228,0.371,0.608,0.275130478
0.101,0.35,0.24,0.859,0.723539086
0.071,0.031,0.753,0.775,0.987136063
0.367,0.351,0.377,0.703,0.004734349
0.327,0.17,0.743,0.998,0.062318487
0.197,0.212,0.534,0.755,0.317251485
0.274,0.474,0.99,0.52,0.028542461
0.501,0.425,0.885,0.484,0.001984331
0.0,0.28,0.416,0.557,0.916674015
0.433,0.207,0.549,0.801,0.013456634
0.298,0.697,0.43,0.874,0.000385012
0.248,0.209,0.461,0.627,0.129705738
0.085,0.248,0.619,0.652,0.982145361
0.169,0.645,0.947,0.66,0.001537158
0.307,0.348,0.369,0.729,0.035851429
0.0,0.149,0.678,0.755,0.9865159
0.317,0.12,0.652,0.716,0.068195343
0.389,0.238,0.523,0.664,0.02517228
0.12,0.397,0.598,0.708,0.546555876
0.542,0.534,0.59,0.793,0.000837004
0.0,0.078,0.735,0.759,0.986929342
0.253,0.427,0.518,0.635,0.107702701
0.0,0.079,0.934,0.974,0.987478189
0.0,0.194,0.638,0.693,0.984960431
0.04,0.0,0.658,0.883,0.986672025
0.14,0.164,0.606,0.718,0.471429349
0.041,0.413,0.42,0.525,0.862366577
0.069,0.239,0.249,0.597,0.835399822
0.062,0.381,0.656,0.584,0.963133276
0.0,0.161,0.463,0.777,0.974890845
0.444,0.012,0.835,0.981,0.015441928
0.0,0.246,0.238,0.684,0.823200381
0.041,0.572,0.235,0.632,0.01284948
0.19,0.369,0.348,0.514,0.263890917
0.0,0.161,0.704,0.744,0.986562159
0.08,0.221,0.359,0.874,0.941440562
0.04,0.123,0.493,0.959,0.978812765
0.148,0.291,0.594,0.615,0.445823871
0.074,0.266,0.658,0.618,0.976800486
0.348,0.356,0.671,0.48,0.02248635
0.326,0.204,0.373,0.698,0.023329618
0.233,0.296,0.322,0.587,0.101321329
0.027,0.333,0.835,0.579,0.960349527
0.213,0.222,0.513,0.747,0.221580053
0.0,0.145,0.786,0.804,0.987306163
0.176,0.052,0.422,0.341,0.0
0.014,0.244,0.397,0.846,0.959327004
0.188,0.05,0.608,0.992,0.384165061
0.0,0.329,0.737,0.555,0.929829
0.4,0.25,0.462,0.663,0.014084507
0.0,0.362,0.612,0.474,0.629390837
0.18,0.147,0.424,0.689,0.387638362
0.0,0.699,0.187,0.823,9.6855e-05
0.363,0.118,0.421,0.807,0.023790284
0.0,0.0,0.534,0.951,0.994837753
0.202,0.378,0.365,0.551,0.214658026
0.562,0.491,0.864,0.624,0.001896149
0.213,0.28,0.259,0.612,0.095122103
0.004,0.122,0.213,0.714,0.75869518
0.0,0.115,0.723,0.773,0.986952954
0.156,0.201,0.27,0.677,0.324152792
0.0,0.0,0.617,0.897,0.998591983
0.153,0.273,0.203,0.407,0.0
0.225,0.102,0.698,0.818,0.191844488
0.108,0.41,0.753,0.503,0.527903264
0.43,0.0,0.466,0.898,0.006281144
0.423,0.279,0.81,0.679,0.019463113
0.0,0.062,0.813,0.775,0.987225691
0.186,0.268,0.462,0.371,0.0
0.23,0.213,0.53,0.7,0.17380433
0.078,0.251,0.48,0.631,0.970901945
0.681,0.25,0.967,0.805,0.000581132
0.093,0.045,0.111,0.553,0.305098785
0.693,0.41,0.804,0.671,0.000433199
0.888,0.52,0.947,0.898,2.409e-06
0.317,0.115,0.812,1.0,0.06937881
0.0,0.13,0.359,0.902,0.941444899
0.11,0.293,0.661,0.971,0.687834627
0.622,0.753,0.862,0.881,3.855e-06
0.0,0.0,0.533,0.911,0.994768846
0.213,0.0,0.36,0.937,0.183034503
0.221,0.242,0.28,0.67,0.096029941
0.442,0.364,0.676,0.601,0.013510121
0.313,0.25,0.416,0.586,0.046336385
0.588,0.453,0.664,0.493,0.000269364
0.035,0.021,0.543,0.962,0.982917313
0.205,0.161,0.488,0.813,0.256629654
0.836,0.23,0.977,0.836,2.7948e-05
0.0,0.247,0.637,0.768,0.986160282
0.001,0.154,0.503,0.975,0.979827578
0.135,0.288,0.789,0.633,0.479342097
0.008,0.027,0.855,0.135,0.0
0.278,0.07,0.885,0.928,0.109017718
0.099,0.024,0.803,0.926,0.926558083
0.361,0.039,0.58,0.36,0.0
0.0,0.166,0.777,0.788,0.98724352
0.0,0.262,0.543,0.839,0.98287539
0.0,0.079,0.694,0.821,0.986920669
0.573,0.21,0.981,0.37,0.0
0.155,0.0,0.552,0.857,0.441459596
0.17,0.47,0.236,0.526,0.064631933
0.0,0.126,0.72,0.71,0.986167992
0.043,0.234,0.51,0.66,0.977482329
0.0,0.032,0.495,0.804,0.97893275
0.0,0.32,0.738,0.558,0.934147497
0.061,0.029,0.497,0.854,0.979215606
0.582,0.486,0.687,0.669,0.001209488
0.831,0.513,0.859,0.883,8.192e-06
0.1,0.189,0.761,0.723,0.909102912
0.069,0.0,0.455,0.861,0.973797006
0.0,0.217,0.5,0.718,0.97877277
0.304,0.527,0.87,0.906,0.023481888
0.215,0.0,0.99,0.959,0.220943506
0.0,0.404,0.733,0.48,0.659402995
0.308,0.31,0.381,0.526,0.030262247
0.166,0.543,0.841,0.702,0.05039901
0.256,0.059,0.359,0.892,0.089331018
0.147,0.247,0.407,0.589,0.419808323
0.0,0.159,0.602,0.924,0.985701544
0.336,0.022,0.38,0.875,0.020900042
0.0,0.053,0.738,0.829,0.98722039
0.003,0.0,0.786,0.926,0.987404464
0.264,0.172,0.43,0.731,0.106904729
0.062,0.263,0.702,0.982,0.987040172
0.041,0.038,0.852,0.799,0.987347121
0.072,0.12,0.639,0.717,0.985587823
0.491,0.066,0.505,0.71,0.001428737
0.826,0.552,0.844,0.894,2.409e-06
0.0,0.395,0.516,0.638,0.975493179
0.3,0.365,0.395,0.538,0.043530952
0.107,0.422,0.317,0.525,0.492761626
0.0,0.305,0.795,0.664,0.984476636
0.008,0.366,0.538,0.523,0.863600158
0.112,0.132,0.451,0.762,0.635333228
0.0,0.2,0.644,0.787,0.986354474
0.0,0.0,0.646,0.95,0.999046384
0.0,0.0,0.748,0.886,0.999840984
0.659,0.171,0.948,0.522,0.000399468
0.244,0.978,0.881,0.999,4.82e-07
0.17,0.198,0.385,0.698,0.386423092
0.265,0.727,0.864,0.757,0.000254908
0.0,0.02,0.637,0.989,0.986418563
0.044,0.464,0.677,0.502,0.213051479
0.083,0.282,0.491,0.62,0.969744499
0.136,0.079,0.476,0.893,0.472824356
0.227,0.446,0.495,0.5,0.06779202
0.312,0.508,0.367,0.656,0.010747092
0.0,0.346,0.447,0.6,0.958526622
0.581,0.108,0.744,0.527,0.001271167
0.083,0.27,0.493,0.826,0.97875735
0.0,0.082,0.704,0.889,0.987043063
0.138,0.003,0.43,0.913,0.460327602
0.676,0.174,0.753,0.609,0.000408624
0.157,0.034,0.564,0.843,0.438516349
0.17,0.184,0.552,0.784,0.416833272
0.484,0.19,0.959,0.976,0.009698548
0.325,0.263,0.668,0.887,0.063140071
0.0,0.158,0.32,0.785,0.920165146
0.0,0.435,0.79,0.464,0.306571854
0.212,0.221,0.45,0.745,0.217584408
0.232,0.258,0.288,0.777,0.079018571
0.084,0.0,0.655,0.894,0.98663203
0.206,0.449,0.287,0.672,0.112363324
0.876,0.132,0.938,0.161,0.0
0.0,0.448,0.262,0.591,0.536612057
0.0,0.283,0.542,0.629,0.975658942
0.293,0.026,0.422,0.811,0.070961745
0.445,0.458,0.856,0.737,0.011159571
0.0,0.057,0.752,0.978,0.987341821
0.052,0.422,0.441,0.7,0.740201584
0.309,0.404,0.955,0.953,0.075855592
0.033,0.025,0.661,0.878,0.986706719
0.048,0.0,0.71,0.986,0.987088359
0.0,0.021,0.534,0.816,0.982246553
0.154,0.0,0.756,0.897,0.447096965
0.0,0.48,0.803,0.487,0.026004465
0.051,0.0,0.647,0.894,0.986536138
0.446,0.461,0.76,0.603,0.009120789
0.698,0.046,0.907,0.057,0.0
0.271,0.069,0.534,0.102,0.0
0.0,0.18,0.47,0.744,0.9756069
0.069,0.271,0.7,0.902,0.987021379
0.03,0.101,0.529,0.785,0.981849976
0.0,0.159,0.675,0.817,0.986777072
0.121,0.378,0.742,0.535,0.4645637
0.0,0.288,0.739,0.623,0.978531354
0.168,0.416,0.556,0.42,0.082353576
0.242,0.183,0.494,0.797,0.148100068
0.041,0.344,0.434,0.581,0.947776157
0.0,0.58,0.782,0.698,0.024530914
0.427,0.321,0.54,0.918,0.014156305
0.0,0.01,0.291,0.897,0.894172245
0.0,0.195,0.648,0.878,0.986541439
0.0,0.172,0.36,0.761,0.941675232
0.074,0.192,0.645,1.0,0.986518309
0.084,0.176,0.498,0.813,0.979274876
0.385,0.284,0.544,0.681,0.028697623
0.019,0.781,0.71,0.912,0.000172509
0.083,0.157,0.18,0.786,0.578919547
0.0,0.375,0.772,0.461,0.497733536
0.147,0.393,1.0,0.604,0.446663766
0.125,0.304,0.854,0.701,0.518483717
0.144,0.577,0.741,0.947,0.025544763
0.013,0.038,0.691,0.863,0.98695199
0.0,0.114,0.531,0.722,0.981384974
0.008,0.14,0.562,0.778,0.983863701
0.281,0.405,0.6,0.507,0.065912737
0.069,0.265,0.378,0.875,0.95028235
0.036,0.306,0.734,0.958,0.98724352
0.165,0.488,0.79,0.862,0.150393276
0.183,0.046,0.512,0.856,0.395294274
0.102,0.383,0.633,0.453,0.315193429
0.114,0.545,0.747,0.641,0.065829855
0.08,0.326,0.906,0.601,0.972356222
0.095,0.427,0.135,0.623,0.359530063
0.093,0.113,0.997,0.247,0.0
0.56,0.0,0.607,0.916,0.001911569
0.104,0.428,0.353,0.502,0.425005746
0.315,0.018,0.316,0.87,0.000774361
0.0,0.0,0.787,0.894,0.99992001
0.025,0.094,0.367,0.842,0.944943258
0.0,0.037,0.704,0.866,0.987030535
0.039,0.394,0.689,0.443,0.294710202
0.106,0.653,0.703,0.811,0.003843858
0.098,0.062,0.686,0.863,0.935432638
0.374,0.361,0.661,0.558,0.030714239
0.29,0.317,0.513,0.804,0.087647373
0.172,0.326,0.854,0.91,0.418634011
0.227,0.489,0.936,0.509,0.022319624
0.027,0.34,0.293,0.835,0.896308364
0.268,0.201,0.462,0.766,0.10834744
0.0,0.24,0.768,0.643,0.982208486
0.099,0.005,0.644,0.552,0.863012279
0.181,0.206,0.221,0.714,0.203416537
0.0,0.164,0.812,0.672,0.98503223
0.225,0.144,0.338,0.693,0.135706435
0.0,0.41,0.838,0.427,0.232042362
0.03,0.136,0.407,0.958,0.962956431
0.042,0.272,0.689,0.61,0.974743875
0.0,0.0,0.555,0.904,0.996172044
0.059,0.0,0.215,0.931,0.766536611
0.113,0.019,0.842,0.818,0.63511446
0.0,0.222,0.453,0.698,0.972377906
0.031,0.124,0.614,0.752,0.98562059
0.527,0.283,0.527,0.973,0.0
0.425,0.038,0.951,0.401,0.0
0.0,0.045,0.624,0.878,0.986207987
0.162,0.16,0.307,0.717,0.354954249
0.048,0.135,0.218,0.802,0.775816416
0.0,0.164,0.744,0.672,0.984912727
0.147,0.148,0.499,0.163,0.0
0.0,0.233,0.548,0.659,0.980025626
0.372,0.542,0.682,0.715,0.010069586
0.079,0.393,0.697,0.879,0.986997286
0.0,0.0,0.699,0.946,0.999538371
0.0,0.225,0.62,0.663,0.983177521
0.026,0.201,0.491,0.932,0.978577132
0.0,0.37,0.533,0.718,0.981468819
0.0,0.284,0.309,0.553,0.865136834
0.0,0.219,0.633,0.878,0.986350138
0.729,0.433,0.831,0.923,0.000207203
0.0,0.349,0.574,0.487,0.684564674
0.0,0.067,0.738,0.908,0.987270986
0.0,0.24,0.584,0.894,0.985087163
0.0,0.077,0.606,0.821,0.985754549
0.0,0.0,0.585,0.923,0.997641258
0.036,0.413,0.995,0.962,0.987480117
0.538,0.484,0.731,0.591,0.002320192
0.0,0.212,0.687,0.773,0.986707683
0.376,0.223,0.422,0.826,0.018071479
0.64,0.448,0.804,0.88,0.000835558
0.0,0.367,0.747,0.469,0.590852997
0.71,0.817,0.81,0.933,0.0
0.045,0.0,0.645,0.869,0.986500962
0.0,0.398,0.447,0.533,0.883823658
0.018,0.0,0.696,0.945,0.986999695
0.0,0.106,0.607,0.914,0.98583984
0.326,0.42,0.913,0.994,0.054434651
0.0,0.439,0.587,0.629,0.727928418
0.127,0.196,0.662,0.938,0.510722758
0.213,0.077,0.992,0.857,0.228596527
0.0,0.012,0.715,0.825,0.987059928
0.087,0.101,0.631,0.487,0.685117376
0.0,0.339,0.656,0.537,0.900516996
0.472,0.034,0.655,0.721,0.010279199
0.353,-0.0,0.357,0.837,0.001847962
0.256,0.046,0.467,0.79,0.123434232
0.24,0.147,0.32,0.69,0.092441474
0.072,0.347,0.63,0.489,0.693835324
0.895,0.157,0.933,0.992,3.855e-06
0.43,0.004,0.894,0.173,0.0
0.312,0.46,0.389,0.712,0.026192875
0.088,0.16,0.175,0.657,0.572172919
0.274,0.324,0.419,0.578,0.084703162
0.506,0.0,0.513,0.885,0.000654376
0.09,0.477,0.574,0.546,0.266187016
0.28,0.098,0.621,0.853,0.10497003
0.0,0.273,0.39,0.564,0.918937347
0.165,0.467,0.449,0.527,0.120405212
0.234,0.0,0.322,0.896,0.105781495
0.0,0.0,0.495,0.966,0.99154467
0.083,0.235,0.636,0.739,0.985861042
0.196,0.108,0.361,0.851,0.286900575
0.348,0.064,0.38,0.82,0.01487477
0.121,0.03,0.173,0.868,0.125746714
0.288,0.303,0.429,0.592,0.072464208
0.32,0.043,0.777,0.158,0.0
0.0,0.086,0.472,0.841,0.976243447
0.001,0.102,0.784,0.798,0.987283515
0.326,0.171,0.378,0.666,0.025626681
0.177,0.444,0.581,0.684,0.289574458
0.247,0.173,0.316,0.738,0.07782643
0.168,0.324,0.388,0.56,0.364154546
0.178,0.489,0.822,0.904,0.140654251
0.307,0.0,0.335,0.982,0.019925706
0.0,0.394,0.473,0.442,0.284395345
0.161,0.227,0.534,0.61,0.418752551
0.069,-0.0,0.641,0.898,0.986466268
0.588,0.215,0.608,0.721,0.000629319
0.266,0.023,0.608,0.814,0.12157615
0.748,0.366,0.87,0.539,7.7099e-05
0.0,0.236,0.461,0.769,0.97457233
0.127,0.199,0.327,0.679,0.447725802
0.398,0.056,0.807,0.878,0.02767269
0.17,0.263,0.208,0.573,0.16742874
0.179,0.121,0.625,0.472,0.238789953
0.245,0.248,0.269,0.8,0.031725197
0.076,0.128,0.627,0.752,0.985869234
0.124,0.104,0.432,0.779,0.506885165
0.191,0.16,0.506,0.742,0.359952179
0.098,0.074,0.187,0.809,0.545650447
0.0,0.15,0.703,0.687,0.985304003
0.089,0.066,0.64,0.928,0.986074991
0.599,0.187,0.764,0.354,0.0
0.278,0.472,0.424,0.559,0.03575891
0.024,0.046,0.691,0.79,0.986826705
0.114,0.466,0.722,0.602,0.303715825
0.344,0.0,0.345,0.842,0.000547402
0.0,0.205,0.593,0.632,0.978709645
0.0,0.447,0.723,0.548,0.57873981
0.006,0.204,0.58,0.791,0.984810571
0.076,0.138,0.645,0.771,0.986282194
0.243,0.026,0.311,0.86,0.080770641
0.057,0.415,0.667,0.421,0.23199273
0.183,0.587,0.766,0.699,0.015462648
0.456,0.576,0.697,0.675,0.002136119
0.0,0.042,0.846,0.858,0.987435785
0.0,0.15,0.578,0.77,0.984623124
0.0,0.0,0.767,0.903,0.999890616
0.201,0.121,0.363,0.716,0.247776302
0.0,0.103,0.708,0.78,0.98689513
0.032,0.148,0.491,0.866,0.978559303
0.267,0.377,0.444,0.459,0.040529399
0.021,0.0,0.69,0.856,0.986939943
0.0,0.372,0.795,0.512,0.813172717
0.312,0.275,0.384,0.625,0.037734085
0.019,0.162,0.531,0.734,0.981544472
0.0,0.02,0.679,0.897,0.986877782
0.412,0.402,0.639,0.852,0.021779932
0.462,0.075,0.772,0.882,0.012456758
0.684,0.011,0.975,0.12,0.0
0.024,0.127,0.851,0.709,0.986449402
0.199,0.095,0.283,0.855,0.204505076
0.0,0.427,0.518,0.58,0.725066124
0.0,0.063,0.724,0.84,0.987144737
0.0,0.315,0.769,0.579,0.96030375
0.463,0.29,0.66,0.964,0.011634692
0.297,0.023,0.63,0.901,0.085770499
0.277,0.0,0.424,0.924,0.090647481
0.101,0.41,0.661,0.588,0.861924222
0.168,0.418,0.405,0.485,0.258883349
0.182,0.149,0.545,0.824,0.399896109
0.795,0.108,0.962,0.585,4.1441e-05
0.11,0.091,0.12,0.958,0.139137332
0.116,0.192,0.603,0.703,0.587865418
0.116,0.185,0.603,0.651,0.584876876
0.0,0.426,0.767,0.541,0.675531102
0.138,0.146,0.404,0.771,0.452888531
0.25,0.104,0.463,0.732,0.130930163
0.0,0.021,0.725,0.51,0.802780761
0.257,0.219,0.536,0.985,0.129021968
0.043,0.597,0.792,0.601,0.001691355
0.0,0.188,0.745,0.648,0.98280311
0.0,0.105,0.811,0.731,0.986795383
0.08,0.0,0.477,0.918,0.976905051
0.0,0.083,0.725,0.825,0.987132209
0.0,0.238,0.826,0.727,0.986743341
0.239,0.347,0.314,0.489,0.053312382
0.035,0.01,0.686,0.937,0.986927897
0.108,0.411,0.802,0.425,0.117451846
0.098,0.205,0.47,0.713,0.923743976
0.179,0.292,0.655,0.898,0.409245786
0.503,0.449,0.939,0.527,0.00312732
0.956,0.602,0.976,0.949,9.64e-07
0.0,0.43,0.679,0.585,0.732335096
0.0,0.425,0.502,0.669,0.746145421
0.19,0.197,0.538,0.639,0.364526066
0.274,0.0,0.275,0.849,0.001240809
0.031,0.231,0.487,0.944,0.978123213
0.517,0.236,0.657,0.24,0.0
0.112,0.141,0.637,0.767,0.648532545
0.0,0.34,0.779,0.62,0.977851439
0.133,0.321,0.636,0.655,0.486268461
0.0,0.0,0.736,0.893,0.99977545
0.171,0.451,0.235,0.461,0.034430401
0.061,0.22,0.915,0.595,0.969953148
0.312,0.094,0.681,0.217,0.0
0.0,0.043,0.604,0.832,0.985714554
0.132,0.043,0.281,0.952,0.388978436
0.0,0.515,0.556,0.609,0.14131971
0.0,0.036,0.563,0.944,0.984109453
0.517,0.691,0.668,0.926,8.1917e-05
0.102,0.159,0.829,0.844,0.859442605
0.835,0.467,0.903,0.633,1.0119e-05
0.0,0.0,0.484,0.942,0.99029856
0.0,0.359,0.728,0.536,0.899420265
0.019,0.851,0.271,0.862,3.373e-06
0.0,0.239,0.503,0.646,0.975348619
0.076,0.159,0.704,0.798,0.986930306
0.0,0.359,0.393,0.477,0.636777867
0.078,0.318,0.143,0.583,0.517809584
0.0,0.314,0.696,0.595,0.969568618
0.0,0.0,0.769,0.906,0.999895917
0.277,0.215,0.301,0.767,0.027212025
0.226,0.006,0.468,0.896,0.178206672
0.106,0.463,0.63,0.5,0.170389816
0.0,0.452,0.4,0.482,0.266879941
0.521,0.208,0.536,0.708,0.001035533
0.238,0.0,0.304,0.937,0.083564991
0.016,0.189,0.536,0.688,0.980839982
0.389,0.627,0.443,0.874,0.000707382
0.0,0.044,0.645,1.0,0.986518309
0.204,0.146,0.351,0.748,0.221937599
0.234,0.156,0.502,0.756,0.163652826
0.025,0.346,0.697,0.491,0.700088519
0.243,0.46,0.474,0.505,0.038986941
0.0,0.313,0.736,0.582,0.962557445
0.006,0.147,0.544,0.689,0.981393166
0.514,0.296,0.8,0.476,0.002119735
0.21,0.049,0.511,0.788,0.233502903
0.0,0.411,0.707,0.604,0.972980722
0.206,0.202,0.221,0.739,0.057426567
0.008,0.121,0.546,0.819,0.983021878
0.0,0.421,0.451,0.502,0.514523247
0.033,0.22,0.536,0.697,0.981119947
0.035,0.065,0.699,0.913,0.987016078
0.236,0.027,0.66,0.977,0.166816768
0.31,0.358,0.693,0.744,0.074344455
0.0,0.243,0.26,0.687,0.856593803
0.0,0.275,0.574,0.562,0.939137717
0.558,0.03,0.839,0.158,0.0
0.037,0.338,0.514,0.549,0.915936758
0.022,0.069,0.577,0.311,0.0
0.615,0.017,0.653,0.77,0.000568604
0.343,0.233,0.384,0.722,0.019308915
0.242,0.494,0.504,0.779,0.061840474
0.013,0.237,0.689,0.663,0.983950919
0.311,0.359,0.503,0.767,0.066463029
0.104,0.176,0.829,0.632,0.808261041
0.0,0.278,0.708,0.647,0.982468212
0.024,0.267,0.683,0.57,0.952026229
0.0,0.0,0.273,0.885,0.884763299
0.369,0.154,0.404,0.769,0.016041371
0.0,0.235,0.645,0.602,0.971879655
0.608,0.098,0.701,0.683,0.001129979
0.425,0.635,0.645,0.814,0.001073601
0.0,0.178,0.914,0.735,0.986880192
0.153,0.136,0.233,0.825,0.275370448
0.052,0.258,0.509,0.642,0.975509081
0.189,0.472,0.407,0.522,0.092656387
0.302,0.834,0.804,0.936,2.2166e-05
0.085,0.097,0.115,0.74,0.382004849
0.227,0.089,0.315,0.829,0.116530033
0.058,0.302,0.238,0.684,0.823200381
0.076,0.066,0.238,0.836,0.823648518
0.012,0.205,0.914,0.52,0.856534052
0.103,0.52,0.951,0.954,0.130300844
0.073,0.153,0.651,0.92,0.986583843
0.176,0.271,0.686,0.642,0.408519611
0.42,0.011,0.512,0.945,0.01387875
0.003,0.202,0.731,0.776,0.987028607
0.098,0.067,0.277,0.747,0.825501781
0.342,0.27,0.519,0.917,0.047768014
0.168,0.385,0.599,0.451,0.160101944
0.191,0.398,0.518,0.439,0.070765143
0.191,0.0,0.982,0.887,0.367743496
0.0,0.165,0.503,0.672,0.977613397
0.252,0.16,0.524,1.0,0.13497255
0.129,0.603,0.657,0.887,0.014206901
0.257,0.477,0.482,0.501,0.016281341
0.62,0.464,0.937,0.987,0.001022523
0.0,0.052,0.611,0.832,0.985905856
0.075,0.0,0.478,0.872,0.977030337
0.241,0.23,0.483,0.606,0.141189124
0.367,0.46,0.395,0.512,0.004298741
0.096,0.254,0.428,0.582,0.9096932
0.317,0.588,0.849,0.947,0.007403413
0.004,0.806,0.322,0.91,4.915e-05
0.468,0.132,0.847,0.68,0.011450137
0.049,0.211,0.267,0.736,0.865138279
0.228,0.021,0.674,0.929,0.1845095
0.0,0.258,0.339,0.778,0.931835014
0.086,0.205,0.129,0.722,0.483011518
0.0,0.436,0.582,0.611,0.741720431
0.455,0.386,0.716,0.806,0.013294726
0.214,0.023,0.332,0.965,0.165037713
0.0,0.015,0.301,0.821,0.904383019
0.04,0.251,0.135,0.99,0.5014603
0.0,0.034,0.858,0.93,0.987462288
0.283,0.0,0.591,0.85,0.100497817
0.388,0.529,0.551,0.963,0.009326547
0.298,0.375,0.349,0.461,0.01302729
0.0,0.0,0.745,0.895,0.999828937
0.177,0.416,0.39,0.482,0.244974724
0.044,0.091,0.686,0.866,0.986909586
0.054,0.613,0.162,0.752,0.000919885
0.0,0.141,0.658,0.754,0.986310142
0.0,0.337,0.726,0.562,0.940946166
0.285,0.414,0.463,0.641,0.085540166
0.0,0.227,0.325,0.812,0.923606162
0.405,0.4,0.464,0.726,0.012857672
0.314,0.239,0.467,0.719,0.059631111
0.0,0.466,0.759,0.599,0.413934839
0.256,0.166,0.917,0.696,0.134365397
0.193,0.234,0.426,0.718,0.334786164
0.236,0.589,0.439,0.84,0.010460863
0.0,0.448,0.566,0.495,0.368522676
0.076,0.283,0.579,0.717,0.984067049
0.0,0.416,0.622,0.467,0.574367344
0.212,0.353,0.276,0.525,0.096668416
0.035,0.386,0.66,0.516,0.83625851
0.0,0.563,0.638,0.58,0.019085329
0.3,0.487,0.374,0.762,0.021085561
0.505,0.401,0.566,0.862,0.004249108
0.698,0.054,0.879,0.531,0.000238524
0.436,0.267,0.717,0.524,0.010131747
0.0,0.291,0.825,0.613,0.976157675
0.114,0.139,0.994,0.764,0.621711314
0.26,0.184,0.427,0.993,0.111409227
0.13,0.239,0.415,0.649,0.475547871
0.151,0.022,0.422,0.952,0.432424097
0.097,0.292,0.994,0.893,0.944033492
0.267,0.0,0.369,0.845,0.080534526
0.343,0.618,0.818,0.735,0.002958185
0.0,0.047,0.683,0.832,0.986862363
0.204,0.043,0.811,0.442,0.057228038
0.0,0.097,0.832,0.988,0.98744735
0.032,0.009,0.241,0.416,0.0
0.0,0.228,0.538,0.685,0.980836127
0.023,0.104,0.668,0.799,0.986679735
0.061,0.21,0.664,0.681,0.984793223
0.521,0.377,0.904,0.439,0.000717019
0.194,0.526,0.575,0.535,0.008908768
-0.0,0.36,0.701,0.477,0.647979843
0.639,0.361,0.691,0.579,0.000425007
0.0,0.082,0.724,0.755,0.986825741
0.119,0.253,0.371,0.796,0.515964031
0.192,0.016,0.39,0.869,0.330052297
0.066,0.156,0.736,0.605,0.973441869
0.0,0.194,0.579,0.697,0.98356687
0.325,0.138,0.404,0.743,0.038227036
0.0,0.241,0.24,0.596,0.820840676
0.0,0.1,0.656,0.809,0.986563123
0.0,0.099,0.593,0.905,0.985418687
0.0,0.057,0.539,0.871,0.982620964
0.028,0.072,0.684,0.764,0.986630584
0.043,0.259,0.641,0.799,0.986358811
0.115,0.156,0.58,0.779,0.602760908
0.0,0.32,0.552,0.517,0.838837466
0.0,0.147,0.634,0.744,0.9858914
0.129,0.078,0.429,0.897,0.485970667
0.234,0.175,0.495,0.796,0.163087113
0.199,0.313,0.36,0.523,0.213186884
0.02,0.23,0.662,0.934,0.986728404
0.032,0.373,0.671,0.527,0.879486368
0.684,0.388,0.727,0.546,0.000179737
0.027,0.267,0.46,0.825,0.974593533
0.152,0.207,0.882,0.962,0.450774096
0.606,0.053,0.921,0.174,0.0
0.064,0.335,0.53,0.749,0.981652892
0.0,0.182,0.822,0.723,0.986678771
0.525,0.05,0.909,0.554,0.004121895
0.0,0.11,0.578,0.774,0.984642399
0.295,0.331,0.3,0.55,0.004396078
0.008,0.034,0.828,0.876,0.987433858
0.565,0.205,0.773,0.766,0.003161051
0.0,0.31,0.802,0.616,0.977034674
0.121,0.192,0.611,0.645,0.536865037
0.0,0.396,0.637,0.614,0.975486915
0.0,0.247,0.401,0.788,0.96081212
0.136,0.347,0.872,0.722,0.482730107
0.081,0.319,0.63,0.579,0.959479275
0.0,0.167,0.714,0.717,0.986251837
0.047,0.427,0.237,0.455,0.163793531
0.0,0.0,0.652,0.904,0.999111918
0.095,0.065,0.472,0.863,0.949530637
0.0,0.058,0.499,0.872,0.979431965
0.105,0.46,0.154,0.609,0.212305548
0.419,0.561,0.632,0.693,0.004420653
0.42,0.158,0.547,0.31,0.0
0.009,0.0,0.705,0.854,0.987030535
0.118,0.016,0.563,0.929,0.562678683
0.0,0.232,0.791,0.604,0.973271288
0.177,0.293,0.305,0.589,0.324663572
0.301,0.884,0.516,0.894,4.82e-07
0.0,0.056,0.72,0.889,0.987149074
0.115,0.37,0.809,0.551,0.544189906
0.674,0.277,0.761,0.844,0.00051608
0.108,0.292,0.341,0.855,0.685329879
0.0,0.406,0.531,0.431,0.231484359
0.397,0.199,0.47,0.792,0.016666835
0.022,0.362,0.606,0.474,0.629344578
0.0,0.402,0.83,0.435,0.232041398
0.064,0.0,0.796,0.953,0.987418438
0.0,0.337,0.389,0.649,0.952512433
0.0,0.106,0.599,1.0,0.985608543
0.25,0.167,0.329,0.801,0.082576681
0.414,0.012,0.455,0.271,0.0
0.0,0.059,0.745,0.778,0.987122089
0.558,0.797,0.938,0.884,2.891e-06
0.336,0.436,0.374,0.545,0.011312805
0.076,0.0,0.628,0.909,0.986282194
0.054,0.346,0.494,0.491,0.696834949
0.387,0.055,0.486,0.835,0.023180239
0.05,0.026,0.828,0.631,0.98041642
0.091,0.0,0.558,0.872,0.976675201
0.0,0.18,0.813,0.657,0.98393309
0.236,0.419,0.317,0.474,0.033045514
0.232,0.026,0.45,0.041,0.0
0.189,0.328,0.87,0.829,0.380189172
0.459,0.121,0.849,0.814,0.012977657
0.331,0.1,0.372,0.736,0.019698264
0.0,0.225,0.806,1.0,0.987432894
0.125,0.155,0.448,0.89,0.504988052
0.119,0.378,0.578,0.524,0.457082224
0.285,0.323,0.361,0.514,0.038636141
0.179,0.264,0.551,0.617,0.397763364
0.027,0.001,0.697,0.948,0.987005959
0.039,0.014,0.164,0.823,0.55808263
0.018,0.009,0.744,0.904,0.987307608
0.0,0.018,0.644,0.865,0.986487952
0.24,0.365,0.502,0.593,0.142091662
0.0,0.113,0.506,0.771,0.97990034
0.497,0.225,0.532,0.76,0.0029312
0.169,0.126,0.466,0.71,0.409426968
0.022,0.0,0.84,0.924,0.987452169
0.272,0.384,0.468,0.595,0.097520358
0.233,0.319,0.318,0.746,0.104783547
0.0,0.207,0.549,0.721,0.982530855
0.0,0.031,0.841,1.0,0.98745506
0.0,0.453,0.731,0.618,0.572233634
0.0,0.123,0.605,0.76,0.985486149
0.228,0.147,0.533,0.851,0.17989369
0.148,0.076,0.587,0.523,0.374776353
0.0,0.308,0.653,0.569,0.949767716
0.318,0.119,0.319,0.886,0.000748822
0.235,0.211,0.482,0.753,0.159391189
0.03,0.415,0.83,0.498,0.733670833
0.196,0.178,0.287,0.771,0.234043076
0.245,0.069,0.376,0.823,0.11337621
0.075,0.188,0.513,0.464,0.536809622
0.308,0.442,0.406,0.454,0.006085505
0.328,0.067,0.709,0.896,0.061343187
0.286,0.394,0.48,0.786,0.088765306
0.0,0.385,0.737,0.451,0.376164614
0.117,0.622,0.838,0.82,0.00889142
0.0,0.447,0.637,0.558,0.594661678
0.0,0.185,0.565,0.698,0.982941406
0.404,0.308,0.77,0.431,0.003024683
0.0,0.295,0.356,0.614,0.93212558
0.0,0.003,0.77,0.834,0.987335075
0.107,0.569,0.227,0.679,0.015577815
0.298,0.638,0.341,0.796,0.000722319
0.0,0.365,0.726,0.648,0.982693245
0.261,0.473,0.508,0.79,0.064539414
0.269,0.111,0.296,0.797,0.031975286
0.019,0.333,0.303,0.622,0.901231605
0.193,0.232,0.278,0.316,0.0
0.006,0.253,0.736,0.706,0.986168955
0.285,0.225,0.439,0.611,0.079763056
0.269,0.032,0.695,0.805,0.119361005
0.171,0.321,0.232,0.607,0.241521661
0.093,0.304,0.58,0.777,0.970223958
0.311,0.052,0.451,0.873,0.05992746
0.0,0.293,0.821,0.588,0.966185907
0.196,0.243,0.595,0.593,0.316348465
0.0,0.236,0.542,0.805,0.982754924
0.0,0.0,0.691,0.924,0.99948922
0.599,0.049,0.761,0.112,0.0
0.366,0.279,0.502,0.996,0.035198498
0.168,0.213,0.529,0.69,0.416654981
0.399,0.633,0.609,0.839,0.001346338
0.0,0.119,0.851,0.763,0.987170276
0.253,0.19,0.31,0.722,0.064192469
0.281,0.204,0.49,1.0,0.096068009
0.0,0.015,0.455,1.0,0.973816762
0.345,0.296,0.362,0.54,0.005998287
0.066,0.168,0.454,0.829,0.973627388
0.0,0.0,0.818,0.904,0.999954704
0.387,0.219,0.591,0.787,0.03049017
0.0,0.065,0.583,0.771,0.984831773
0.229,0.293,0.493,0.668,0.172296566
0.339,0.103,0.387,0.858,0.02285016
0.0,0.251,0.746,0.585,0.964672843
0.0,0.062,0.755,0.838,0.987306163
0.171,0.395,0.295,0.697,0.32997038
0.131,0.315,0.592,0.583,0.47277135
0.0,0.423,0.645,0.513,0.590558094
0.505,0.224,0.96,0.27,0.0
0.0,0.113,0.478,0.882,0.977034192
0.257,0.495,0.795,0.759,0.055895674
0.139,0.429,0.645,0.658,0.382326254
0.0,0.354,0.519,0.482,0.664549822
0.25,0.703,0.869,0.958,0.00085146
0.486,0.598,0.949,0.716,0.001113596
0.0,0.0,0.629,0.861,0.998800632
0.0,0.212,0.578,0.706,0.983795758
0.0,0.114,0.307,0.937,0.909932206
0.0,0.287,0.692,0.55,0.921537023
0.292,0.26,0.435,0.62,0.071908615
0.12,0.02,0.458,0.996,0.536302216
0.325,0.327,0.418,0.552,0.035097306
0.018,0.382,0.55,0.528,0.879682488
0.314,0.173,1.0,0.663,0.070419162
0.256,0.115,0.468,0.668,0.122132707
0.0,0.265,0.825,0.714,0.98653132
0.507,0.337,0.857,0.768,0.007223195
0.0,0.378,0.756,0.503,0.761666857
0.17,0.245,0.8,0.467,0.232422555
0.228,0.064,0.493,0.84,0.176442555
0.832,0.186,0.96,0.512,1.4456e-05
0.074,0.149,0.706,0.687,0.985320868
0.227,0.08,0.467,0.275,0.0
0.109,0.291,0.993,0.524,0.602264585
0.084,0.269,0.302,0.692,0.904508787
0.275,0.445,0.701,0.713,0.085985412
0.148,0.148,0.405,0.739,0.432252553
0.514,0.602,0.673,0.641,0.000378266
0.0,0.248,0.597,0.66,0.982360274
0.0,0.452,0.562,0.697,0.587920833
0.047,0.221,0.491,0.662,0.975781336
0.082,0.077,1.0,0.759,0.987156302
0.144,0.0,0.558,0.899,0.462077745
0.015,0.013,0.716,0.955,0.987126426
0.346,0.389,0.529,0.448,0.011445318
0.0,0.307,0.748,0.595,0.9698375
0.432,0.1,0.537,0.736,0.012818641
0.124,0.108,0.757,0.805,0.524692099
0.361,0.241,0.897,0.42,0.006132728
0.382,0.381,0.546,0.657,0.029960598
0.329,0.457,0.544,0.915,0.03855326
0.058,0.484,0.092,0.949,0.0
0.166,0.282,0.303,0.648,0.343092115
0.701,0.072,0.782,0.812,0.000365737
0.047,0.394,0.5,0.482,0.663920985
0.648,0.336,0.736,0.68,0.00069148
0.221,0.175,0.472,0.727,0.191226252
0.021,0.205,0.93,0.825,0.98741651
0.476,0.235,0.75,0.451,0.002110098
0.2,0.411,0.534,0.426,0.04554564
0.196,0.204,0.355,0.683,0.283117433
0.199,0.155,0.528,0.682,0.30006857
0.139,0.206,0.4,0.676,0.447561967
0.0,0.23,0.739,0.706,0.986186784
0.218,0.376,0.553,0.632,0.202682653
0.31,0.79,0.676,0.893,6.2161e-05
0.229,0.0,0.238,0.904,0.018959561
0.157,0.361,0.573,0.597,0.42404683
0.099,0.177,0.313,0.817,0.854060626
0.314,0.405,1.0,0.431,0.010038747
0.187,0.12,0.671,0.862,0.389671843
0.0,0.375,0.552,0.461,0.496784739
0.072,0.484,0.703,0.788,0.310164659
0.0,0.365,0.786,0.538,0.90235532
0.21,0.369,0.501,0.529,0.184117741
0.217,0.388,0.494,0.448,0.057776885
0.556,0.029,0.723,0.964,0.003463182
0.0,0.036,0.827,0.941,0.987444459
0.796,0.132,0.922,0.164,0.0
0.0,0.378,0.577,0.521,0.858542958
0.292,0.334,0.478,0.93,0.081770516
0.0,0.04,0.406,0.904,0.962603222
0.207,0.0,0.653,0.987,0.254033352
0.0,0.471,0.763,0.598,0.364772783
0.0,0.405,0.345,0.431,0.224723276
0.26,0.0,0.502,0.942,0.122592409
0.175,0.382,0.546,0.526,0.347640945
0.276,0.116,0.342,0.774,0.057504148
0.0,0.401,0.75,0.501,0.747084099
0.06,0.338,0.646,0.498,0.733321479
0.256,0.127,0.306,0.767,0.056880129
0.08,0.614,0.65,0.891,0.010942731
0.049,0.0,0.194,0.869,0.639934582
0.0,0.407,0.295,0.506,0.722610527
0.0,0.331,0.745,0.549,0.920431618
0.254,0.0,0.659,0.888,0.137271059
0.004,0.092,0.759,0.582,0.962631652
0.138,0.294,0.356,0.602,0.420877587
0.312,0.286,0.477,0.92,0.062719882
0.259,0.2,0.433,0.716,0.113401267
0.053,0.058,0.159,0.848,0.549319386
0.134,0.193,0.313,0.643,0.413126747
0.0,0.0,0.775,0.906,0.999906036
0.0,0.176,0.47,0.661,0.973217319
0.438,0.365,0.539,0.903,0.011799491
0.0,0.11,0.782,0.847,0.98736736
0.143,0.106,0.433,0.871,0.450103336
0.0,0.444,0.266,0.658,0.587595091
0.0,0.079,0.619,0.815,0.986043188
0.0,0.038,0.723,0.857,0.987157266
0.0,0.302,0.764,0.599,0.971239734
0.0,0.358,0.821,0.59,0.967538028
0.038,0.016,0.747,0.885,0.987317728
0.062,0.353,0.839,0.598,0.970984345
0.049,0.441,0.812,0.471,0.337789645
0.054,0.343,0.816,0.617,0.977249587
0.198,0.299,0.528,0.537,0.261599636
0.334,0.51,0.45,0.603,0.012788283
0.0,0.199,0.762,0.689,0.985717445
0.095,0.382,0.364,0.505,0.719924597
0.156,0.243,0.396,0.642,0.411316852
0.504,0.088,0.855,0.85,0.007533999
0.0,0.348,0.775,0.531,0.889807489
0.166,0.246,0.535,0.925,0.42132476
0.0,0.431,0.819,0.832,0.755351019
0.811,0.109,0.879,0.457,9.637e-06
0.152,0.221,1.0,0.616,0.441010977
0.32,0.343,0.914,0.614,0.063057671
0.302,0.299,0.584,0.689,0.079029654
0.241,0.123,0.48,0.824,0.148258121
0.554,0.151,0.786,0.473,0.001125643
0.206,0.29,0.576,0.745,0.257278248
0.177,0.052,0.237,0.953,0.247001459
0.0,0.144,0.583,0.692,0.983551451
0.006,0.187,0.787,0.89,0.987401091
0.261,0.717,0.409,0.809,0.000381639
0.0,0.0,0.74,0.94,0.99980388
0.002,0.289,0.725,0.681,0.985218712
0.0,0.015,0.365,0.821,0.944059031
0.027,0.597,0.582,0.622,0.007681451
0.0,0.244,0.576,0.643,0.9797765
0.177,0.348,0.952,0.384,0.0
0.117,0.489,0.402,0.571,0.177275704
0.041,0.726,0.604,0.857,0.000677024
0.025,0.053,0.205,0.87,0.721535962
0.262,0.107,0.291,0.792,0.034655915
0.138,0.207,0.586,0.672,0.473967346
0.0,0.353,0.718,0.568,0.949144179
0.0,0.141,0.712,0.805,0.98700355
0.058,0.439,0.569,0.495,0.466322517
0.224,0.445,0.972,0.925,0.14863976
0.0,0.299,0.504,0.823,0.979866128
0.103,0.0,0.616,0.873,0.836316334
0.106,0.105,0.591,0.797,0.779824591
0.27,0.418,0.64,0.418,0.0
0.126,0.034,0.635,0.874,0.514237982
0.34,0.266,0.359,0.635,0.00866687
0.027,0.304,0.831,0.602,0.972664135
0.331,0.385,0.402,0.565,0.029330797
0.08,0.476,0.25,0.496,0.066331961
0.203,0.309,0.521,0.639,0.26785235
0.688,0.437,0.921,0.534,0.000239488
0.705,0.503,0.912,0.598,0.000165762
0.0,0.222,0.633,0.662,0.983326419
0.377,0.327,0.79,0.509,0.022099892
0.32,0.147,0.42,0.735,0.046449624
0.375,0.212,0.56,0.969,0.035158985
0.434,0.309,0.674,0.73,0.016721286
0.059,0.435,0.522,0.55,0.686239645
0.0,0.021,0.305,0.987,0.908164716
0.143,0.0,0.502,0.908,0.460031254
0.0,0.322,0.557,0.588,0.963120748
0.0,0.17,0.947,0.78,0.987296525
0.361,0.065,0.562,0.856,0.041634321
0.361,0.281,0.989,0.56,0.036580976
0.173,0.079,0.555,0.893,0.413663548
0.0,0.26,0.515,0.576,0.953103203
0.231,0.075,0.337,0.843,0.121340035
0.276,0.183,0.418,0.484,0.048839205
0.192,0.312,0.917,0.551,0.323115332
0.0,0.203,0.729,0.7,0.985958861
0.257,0.677,0.36,0.854,0.000821102
0.254,0.0,0.297,0.867,0.051123739
0.0,0.25,0.74,0.587,0.965584055
0.364,0.013,0.896,0.271,0.0
0.008,0.116,0.548,0.721,0.98247014
0.0,0.498,0.742,0.509,0.064106697
0.177,0.266,0.559,0.609,0.398854312
0.122,0.0,0.586,0.905,0.534559301
0.066,0.414,0.661,0.557,0.93230098
0.434,0.301,0.772,0.632,0.016262548
0.072,0.11,0.223,0.479,0.555906998
0.028,0.247,0.185,0.426,0.157660321
0.152,0.131,0.366,1.0,0.407841142
0.192,0.264,0.484,0.878,0.351560456
0.359,0.479,0.44,0.481,0.000276592
0.007,0.313,0.617,0.599,0.970159869
0.238,0.692,0.856,0.91,0.001168529
0.615,0.189,0.693,0.427,8.3363e-05
0.0,0.344,0.796,0.492,0.703338234
0.107,0.359,0.109,0.569,0.048403115
0.024,0.484,0.635,0.641,0.304412606
0.0,0.317,0.707,0.73,0.986419526
0.489,0.496,0.679,0.791,0.00480181
0.595,0.258,0.705,0.623,0.001421027
0.459,0.528,0.53,0.644,0.002440659
0.0,0.183,0.491,0.741,0.978096228
0.0,0.549,0.557,0.553,0.005276932
0.231,0.047,0.473,0.917,0.166822069
0.24,0.172,0.309,0.664,0.083476809
0.0,0.265,0.571,0.571,0.95115694
0.13,0.207,0.272,0.721,0.384288901
0.0,0.215,0.797,0.667,0.984730581
0.394,0.725,0.807,0.875,0.000169136
0.0,0.229,0.746,0.671,0.984830327
0.184,0.162,0.369,0.674,0.356521764
0.183,0.425,0.284,0.456,0.082875439
0.227,0.212,0.866,0.936,0.187506716
0.1,0.229,0.24,0.458,0.348002828
0.0,0.143,0.763,0.693,0.985877907
0.278,0.112,0.431,0.724,0.090648444
0.203,0.306,0.29,0.614,0.180454584
0.0,0.233,0.976,0.603,0.973016862
0.077,0.018,0.102,0.11,0.0
0.0,0.307,0.713,0.645,0.982180537
0.091,0.038,0.988,0.243,0.0
0.272,0.496,0.848,0.801,0.048560686
0.09,0.121,0.398,0.92,0.954223063
0.818,0.037,0.871,0.92,2.4093e-05
0.305,0.042,0.417,0.925,0.057899279
0.087,0.372,0.587,0.593,0.966956896
0.0,0.241,0.642,0.712,0.985531926
0.199,0.367,0.596,0.674,0.303296119
0.0,0.11,0.606,0.727,0.985131976
0.07,0.341,0.295,0.578,0.88117965
0.0,0.281,0.631,0.741,0.985809964
0.0,0.266,0.645,0.571,0.952669522
0.263,0.353,0.639,0.557,0.106199756
0.011,0.313,0.856,0.678,0.985362309
0.0,0.288,0.837,0.664,0.984508922
0.572,0.142,0.753,0.263,0.0
0.0,0.0,0.668,0.884,0.999305147
0.218,0.106,0.351,0.793,0.161890154
0.0,0.092,0.715,0.794,0.986986203
0.009,0.223,0.533,0.655,0.97870579
0.015,0.298,0.511,0.642,0.975675325
0.456,0.24,0.516,0.596,0.006187661
0.0,0.088,0.82,0.814,0.987363987
0.111,0.217,0.496,0.595,0.642652315
0.789,0.563,0.828,0.836,1.8793e-05
0.149,0.297,0.588,0.578,0.429616737
0.292,0.332,0.439,0.504,0.0476408
0.279,0.095,0.753,0.92,0.107434301
0.153,0.182,0.35,0.741,0.398530015
0.0,0.381,0.743,0.525,0.874881159
0.0,0.062,0.829,0.846,0.987412174
0.188,0.054,0.424,0.905,0.36610081
0.169,0.153,0.468,0.853,0.410528999
0.175,0.329,0.557,0.554,0.374987411
0.626,0.273,0.682,0.282,0.0
0.092,0.32,0.601,0.467,0.562942264
0.0,0.259,0.494,0.578,0.952811191
0.022,0.039,0.692,0.798,0.986860435
0.087,0.17,0.125,0.735,0.467739207
0.0,0.45,0.768,0.515,0.465557311
0.188,0.092,0.503,0.785,0.377975472
0.547,0.074,0.611,0.839,0.002798205
0.032,0.277,0.465,0.559,0.927941524
0.359,0.103,0.382,0.803,0.010894062
