0.145,0.0,0.995,0.52,0.628277901
0.313,0.0,0.71,0.213,0.283985529
0.31,0.154,0.565,0.363,0.127921626
0.263,0.43,0.663,0.431,0.001488782
0.422,0.065,0.425,0.435,0.002440569
0.164,0.0,0.728,0.674,0.671015401
0.476,0.015,0.502,0.079,0.005297653
0.447,0.0,0.607,0.241,0.159354712
0.241,0.663,0.851,1.0,0.264615877
0.288,0.267,0.779,0.889,0.440798125
0.042,0.69,0.76,0.787,0.055215727
0.203,0.069,0.723,0.792,0.630649625
0.311,0.632,0.772,1.0,0.262309556
0.583,0.634,0.863,0.746,0.029298879
0.39,0.0,0.733,0.626,0.577612855
0.156,0.751,0.937,1.0,0.226935072
0.01,0.0,0.971,0.817,0.810177759
0.0,0.129,0.854,0.394,0.339414676
0.085,0.275,0.468,0.35,0.021250852
0.347,0.739,0.654,1.0,0.146632083
0.288,0.186,0.852,0.95,0.617241985
0.444,0.598,0.65,0.964,0.148991759
0.116,0.0,0.981,0.034,0.051804438
0.306,0.0,0.509,0.462,0.169574811
0.017,0.292,0.598,0.757,0.190527906
0.0,0.0,0.91,0.422,0.562377369
0.254,0.0,0.65,0.338,0.354553779
0.853,0.1,0.869,0.125,4.475e-05
0.511,0.0,0.585,0.449,0.135303574
0.265,0.729,0.746,0.978,0.195224883
0.28,0.076,0.977,0.308,0.320291147
0.233,0.685,0.812,0.865,0.114109519
0.264,0.026,0.641,0.437,0.375665219
0.388,0.07,0.949,0.546,0.480494379
0.0,0.044,0.895,0.606,0.623207438
0.235,0.0,0.398,0.823,0.082122228
0.327,0.35,0.744,0.372,0.019781003
0.385,0.907,0.718,1.0,0.08104824
0.26,0.0,0.819,0.493,0.59064873
0.156,0.0,0.847,0.63,0.690779192
0.094,0.0,0.86,0.391,0.532822042
0.134,0.343,0.896,0.536,0.153322134
0.114,0.099,0.418,0.464,0.067769685
0.354,0.705,0.72,0.919,0.129735703
0.421,0.05,0.843,0.827,0.627389796
0.344,0.199,0.839,1.0,0.631579038
0.473,0.013,0.55,0.625,0.130697817
0.0,0.0,0.861,0.624,0.694727476
0.351,0.611,0.353,1.0,0.000426841
0.051,0.196,0.907,0.368,0.212723661
0.122,0.258,0.236,0.604,0.00521676
0.239,0.0,0.635,0.55,0.447353927
0.17,0.0,0.979,0.124,0.182275065
0.405,0.315,0.436,0.323,0.000380371
0.325,0.357,0.979,0.652,0.198049266
0.339,0.0,0.984,0.264,0.369572401
0.215,0.091,0.368,0.476,0.035691173
0.625,0.051,0.796,0.338,0.116994141
0.249,0.111,0.913,0.267,0.228348124
0.068,0.6,0.926,1.0,0.315740467
0.009,0.27,0.65,0.325,0.050186571
0.266,0.939,0.868,1.0,0.062986651
0.368,0.278,0.923,0.767,0.327464837
0.26,0.094,0.531,0.802,0.221577179
0.233,0.0,1.0,0.472,0.583693624
0.118,0.023,0.49,0.571,0.178466193
0.364,0.007,0.695,0.27,0.312410071
0.528,0.523,0.813,0.966,0.216430986
0.077,0.438,0.784,0.819,0.231654424
0.141,0.0,1.0,0.614,0.685799949
0.214,0.326,0.794,0.966,0.471121078
0.455,0.074,0.694,0.176,0.109971911
0.195,0.174,1.0,0.349,0.22406594
0.597,0.0,0.752,0.626,0.254943099
0.047,0.293,1.0,0.302,0.011275154
0.424,0.053,0.68,0.547,0.384585861
0.545,0.0,0.572,0.779,0.074809126
0.041,0.448,0.628,0.514,0.029378051
0.399,0.0,0.513,0.519,0.133663332
0.015,0.0,0.616,0.573,0.439245661
0.335,0.081,0.825,0.524,0.478162241
0.033,0.427,0.482,0.457,0.005289047
0.0,0.0,0.857,0.158,0.241303106
0.095,0.015,0.614,0.443,0.366231679
0.634,0.476,0.927,0.698,0.045833821
0.525,0.655,0.868,0.903,0.123419138
0.585,0.726,0.589,1.0,0.003175494
0.151,0.0,0.713,0.637,0.638134841
0.437,0.733,0.729,1.0,0.180276827
0.411,0.14,0.573,0.248,0.066138049
0.562,0.0,0.761,0.809,0.398139797
0.36,0.021,0.978,0.062,0.054527273
0.427,0.0,0.602,0.795,0.351694974
0.483,0.495,0.551,1.0,0.062365321
0.499,0.0,0.659,0.133,0.096015229
0.301,0.746,0.839,1.0,0.212658258
0.312,0.25,0.71,0.788,0.349075406
0.059,0.126,0.577,0.157,0.025687938
0.007,0.022,0.874,0.706,0.707305529
0.389,0.418,0.584,1.0,0.169772741
0.353,0.644,0.789,0.679,0.017466076
0.292,0.198,0.995,0.578,0.352123536
0.399,0.435,0.487,1.0,0.045692688
0.597,0.049,0.702,0.762,0.208047338
0.19,0.312,1.0,1.0,0.531710188
0.07,0.635,0.543,0.935,0.081726367
0.05,0.0,1.0,0.487,0.611362588
0.422,0.458,0.72,0.909,0.231540829
0.044,0.0,0.692,0.362,0.44892016
0.228,0.069,0.852,0.242,0.258688289
0.466,0.0,0.556,0.594,0.154132789
0.0,0.001,0.69,0.232,0.30499198
0.17,0.0,0.745,0.263,0.375143715
0.387,0.388,0.737,0.584,0.117312551
0.345,0.029,0.752,0.449,0.481291264
0.366,0.321,0.688,0.48,0.107228422
0.227,0.0,0.451,0.499,0.117706691
0.417,0.0,0.574,0.494,0.233387606
0.0,0.022,0.879,0.362,0.476072783
0.0,0.0,0.708,0.524,0.580346017
0.241,0.0,0.402,0.503,0.066952146
0.273,0.057,0.589,0.259,0.173089368
0.68,0.357,0.808,0.469,0.016245792
0.345,0.444,0.879,0.722,0.157797085
0.042,0.0,0.777,0.765,0.762670995
0.045,0.042,0.8,0.292,0.365162854
0.0,0.079,0.955,0.671,0.602262948
0.248,0.668,0.583,1.0,0.128209056
0.304,0.062,0.976,0.446,0.463763227
0.477,0.546,0.61,0.888,0.083497415
0.002,0.0,0.646,0.267,0.305592656
0.134,0.167,0.845,0.456,0.32819632
0.403,0.554,0.508,0.729,0.012975636
0.0,0.243,0.696,0.324,0.086924194
0.151,0.395,0.229,0.991,0.010390491
0.08,0.0,0.947,0.307,0.447522599
0.3,0.0,0.909,0.14,0.203131777
0.535,0.354,0.542,0.957,0.010104783
0.117,0.401,0.321,0.52,0.00335105
0.522,0.292,0.552,0.585,0.021348957
0.263,0.011,0.915,0.947,0.879035201
0.222,0.341,0.851,0.976,0.470379269
0.36,0.0,0.603,0.431,0.310019414
0.47,0.13,0.813,1.0,0.608292083
0.381,0.571,0.814,0.988,0.276366065
0.426,0.0,0.449,0.391,0.022040853
0.298,0.568,0.834,1.0,0.305183025
0.0,0.093,0.747,0.345,0.339438772
0.0,0.0,0.85,0.807,0.800472279
0.514,0.077,0.995,0.986,0.585471557
0.094,0.43,1.0,0.998,0.428440376
0.074,0.0,0.893,0.13,0.197944277
0.256,0.625,0.653,1.0,0.202875328
0.056,0.103,0.987,0.632,0.5428597
0.185,0.093,0.459,0.357,0.079857215
0.247,0.3,0.645,0.389,0.067931471
0.01,0.319,0.522,0.486,0.051241627
0.076,0.036,0.786,0.876,0.799923237
0.187,0.062,0.76,0.702,0.617278129
0.333,0.0,0.564,0.646,0.305107296
0.088,0.073,0.831,0.123,0.075748866
0.266,0.056,1.0,0.494,0.511562584
0.003,0.07,0.848,0.625,0.592443874
0.285,0.0,0.453,0.319,0.082327043
0.405,0.0,0.527,0.64,0.165724632
0.301,0.232,0.914,0.73,0.381212436
0.448,0.519,0.971,0.523,0.002910439
0.138,0.0,0.92,0.666,0.712164293
0.589,0.0,0.774,0.565,0.268261241
0.035,0.147,1.0,0.653,0.488268745
0.255,0.393,0.922,0.517,0.092352654
0.016,0.0,0.896,0.761,0.7707173
0.429,0.092,0.483,0.285,0.031142214
0.168,0.0,0.883,0.633,0.691839411
0.61,0.675,0.831,0.797,0.030644806
0.264,0.0,1.0,0.325,0.453565503
0.173,0.936,0.444,0.944,0.001891527
0.267,0.0,0.589,0.238,0.201455392
0.178,0.678,0.191,0.735,2.5817e-05
0.367,0.016,0.871,0.872,0.746841718
0.179,0.239,0.866,1.0,0.622212622
0.258,0.577,0.651,1.0,0.218093602
0.064,0.07,0.816,0.652,0.602378264
0.149,0.0,0.503,0.507,0.194094098
0.239,0.137,0.966,0.94,0.696044144
0.035,0.087,0.593,0.29,0.184047834
0.161,0.527,0.942,0.646,0.069635395
0.209,0.261,1.0,0.584,0.279911603
0.522,0.124,0.956,0.958,0.503803708
0.453,0.353,0.715,0.491,0.080767695
0.313,0.363,0.996,0.765,0.252387214
0.42,0.0,0.555,0.553,0.201284999
0.276,0.24,0.46,0.395,0.032715331
0.179,0.0,0.47,0.528,0.150757644
0.042,0.0,0.913,0.437,0.575137863
0.237,0.31,0.807,0.981,0.505120376
0.0,0.0,0.821,0.492,0.61288235
0.035,0.345,0.753,0.955,0.43633178
0.099,0.0,0.725,0.675,0.67598948
0.055,0.0,1.0,0.249,0.373321033
0.186,0.778,0.85,1.0,0.208042175
0.384,0.099,0.932,0.229,0.17773299
0.401,0.0,0.494,0.698,0.116078498
0.046,0.516,0.956,1.0,0.368152465
0.435,0.0,0.658,0.251,0.230198344
0.028,0.031,0.836,0.663,0.666574873
0.383,0.0,0.94,0.337,0.426734732
0.332,0.22,0.44,0.603,0.04345177
0.322,0.0,0.616,0.432,0.348097802
0.579,0.144,0.705,1.0,0.281646506
0.5,0.491,0.59,1.0,0.103975477
0.222,0.066,1.0,0.65,0.601176912
0.407,0.179,0.441,0.283,0.008149574
0.437,0.0,0.762,0.747,0.603708701
0.056,0.0,0.725,0.497,0.580564601
0.107,0.0,0.774,0.68,0.71037087
0.319,0.218,0.991,0.909,0.52409933
0.081,0.0,0.763,0.794,0.770827453
0.496,0.0,0.626,0.499,0.237981315
0.499,0.158,0.792,0.886,0.445293729
0.283,0.0,0.8,0.305,0.422270108
0.038,0.385,0.287,0.623,0.004559286
0.109,0.081,0.967,0.303,0.320292868
0.329,0.137,0.337,0.386,0.001950046
0.409,0.275,0.741,0.462,0.149786924
0.0,0.046,0.827,0.481,0.537603354
0.0,0.768,0.924,0.931,0.145071014
0.203,0.017,0.915,0.505,0.583483646
0.167,0.037,1.0,0.29,0.367618913
0.388,0.0,0.667,0.795,0.537859803
0.007,0.014,0.724,0.298,0.391355084
0.389,0.0,0.715,0.314,0.370422642
0.26,0.374,0.936,1.0,0.456102456
0.12,0.292,0.855,0.51,0.193727496
0.227,0.236,0.571,0.914,0.248161828
0.328,0.642,0.821,0.919,0.176285516
0.064,0.024,0.826,0.459,0.552344874
0.338,0.635,0.725,0.865,0.120013012
0.112,0.0,0.899,0.616,0.687801629
0.51,0.0,0.806,0.581,0.445174971
0.412,0.0,0.622,0.252,0.207121368
0.379,0.333,0.979,0.742,0.254927609
0.0,0.0,0.66,0.48,0.478561544
0.076,0.918,0.636,1.0,0.066618245
0.093,0.606,0.329,0.953,0.026278287
0.297,0.0,0.809,0.269,0.379162565
0.333,0.869,0.655,1.0,0.094965336
0.043,0.122,0.442,0.897,0.128589427
0.134,0.0,0.924,0.636,0.696722271
0.054,0.0,0.576,0.711,0.39380598
0.404,0.034,0.495,0.289,0.065959051
0.079,0.264,1.0,1.0,0.600240615
0.313,0.538,0.746,1.0,0.304599561
0.191,0.0,0.884,0.708,0.728120934
0.182,0.245,0.847,0.444,0.205605048
0.171,0.0,1.0,0.111,0.163967354
0.127,0.0,0.875,0.764,0.767777602
0.331,0.0,0.53,0.468,0.196049307
0.512,0.0,0.581,0.573,0.142892057
0.645,0.195,0.755,0.337,0.038930349
0.155,0.913,0.691,0.947,0.031846158
0.13,0.255,0.753,0.49,0.219654672
0.226,0.811,0.268,0.943,0.003946562
0.368,0.0,0.674,0.465,0.436722477
0.395,0.0,0.681,0.254,0.280205917
0.088,0.35,0.884,1.0,0.502433685
0.318,0.0,0.419,0.553,0.067304978
0.01,0.0,0.722,0.365,0.481910873
0.169,0.0,1.0,0.664,0.709556773
0.0,0.0,0.748,0.881,0.832065431
0.276,0.0,0.939,0.39,0.512669274
0.041,0.013,0.101,0.877,0.00353349
0.0,0.17,0.931,0.186,0.021737933
0.531,0.281,0.617,0.472,0.047406938
0.345,0.0,0.465,0.338,0.082220333
0.0,0.0,0.815,0.483,0.604811949
0.117,0.42,0.984,1.0,0.433676069
0.121,0.147,0.82,0.881,0.635930067
0.29,0.229,0.882,0.29,0.076296187
0.619,0.029,0.631,0.239,0.01020633
0.008,0.54,0.243,0.686,0.001569675
0.368,0.522,0.782,1.0,0.315232732
0.48,0.106,0.583,0.794,0.185746594
0.219,0.488,0.294,0.889,0.00896367
0.383,0.597,0.882,0.651,0.026878963
0.294,0.57,0.358,0.602,0.00081926
0.802,0.031,0.943,0.252,0.002271898
0.195,0.11,0.438,0.841,0.106378182
0.341,0.032,0.613,0.491,0.330428631
0.454,0.027,0.588,0.223,0.110558818
0.866,0.227,0.964,0.904,0.00037865
0.471,0.0,0.745,0.465,0.421867362
0.053,0.331,1.0,0.342,0.011820754
0.335,0.519,0.749,1.0,0.312561531
0.378,0.0,0.578,0.246,0.167951781
0.486,0.035,0.742,0.648,0.446563926
0.563,0.517,0.631,0.55,0.004559286
0.004,0.485,0.86,1.0,0.389153752
0.821,0.284,0.834,0.583,0.000223748
0.41,0.098,0.492,0.516,0.07229799
0.369,0.068,0.572,0.182,0.079237606
0.099,0.119,0.108,0.497,0.00037865
0.243,0.0,0.709,0.829,0.716782097
0.467,0.685,0.794,0.72,0.016481587
0.077,0.0,0.894,0.56,0.657514819
0.121,0.537,0.966,0.624,0.05012461
0.488,0.0,0.595,0.49,0.193863466
0.046,0.246,1.0,0.931,0.550023063
0.198,0.249,0.926,0.795,0.413883018
0.292,0.0,0.801,0.403,0.517307732
0.029,0.035,0.885,0.415,0.505469767
0.0,0.833,0.68,1.0,0.147709514
0.0,0.246,0.827,0.249,0.002447454
0.371,0.112,0.514,0.544,0.116921854
0.126,0.0,0.62,0.606,0.453357246
0.276,0.375,0.936,0.927,0.375740949
0.213,0.181,0.766,0.441,0.285248842
0.316,0.0,0.422,0.602,0.07413272
0.278,0.328,0.63,0.382,0.034809952
0.396,0.909,0.842,0.975,0.06105898
0.319,0.003,0.789,0.076,0.095232112
0.325,0.0,1.0,0.464,0.559707889
0.335,0.0,0.745,0.034,0.046000771
0.577,0.0,0.746,0.617,0.292744384
0.289,0.0,1.0,0.105,0.149496052
0.29,0.001,0.575,0.549,0.316062319
0.366,0.892,0.96,0.931,0.036376185
0.48,0.476,0.652,1.0,0.191749912
0.394,0.446,0.908,0.851,0.224988468
0.233,0.0,0.886,0.795,0.772514165
0.966,0.085,0.984,0.614,1.0327e-05
0.14,0.0,0.808,0.773,0.768132156
0.295,0.163,0.821,1.0,0.700932167
0.439,0.109,0.836,0.475,0.350349046
0.368,0.712,0.549,1.0,0.069786855
0.595,0.0,0.715,0.612,0.224391235
0.275,0.06,0.402,0.49,0.05054973
0.508,0.077,0.871,0.987,0.598805188
0.355,0.455,0.52,0.989,0.081671291
0.248,0.048,0.358,0.326,0.022496954
0.266,0.494,0.835,1.0,0.359911671
0.325,0.0,0.403,0.449,0.045518853
0.055,0.0,0.878,0.539,0.645737093
0.287,0.183,0.841,0.783,0.482669893
0.718,0.046,0.823,0.354,0.025951271
0.08,0.35,0.909,0.746,0.266521173
0.274,0.0,0.763,0.342,0.457481085
0.831,0.136,0.907,0.939,0.001530089
0.339,0.323,0.715,0.477,0.116608607
0.701,0.729,0.732,0.743,0.000514619
0.174,0.716,0.92,0.845,0.084533538
0.532,0.39,0.618,0.699,0.056121044
0.549,0.612,0.77,0.849,0.08829766
0.157,0.436,0.938,1.0,0.41881579
0.331,0.836,0.533,0.914,0.019460872
0.088,0.472,0.633,0.528,0.025197414
0.318,0.428,0.96,0.858,0.254695256
0.296,0.0,0.954,0.359,0.480669935
0.251,0.0,0.914,0.444,0.56031545
0.381,0.0,0.948,0.751,0.683030643
0.314,0.044,0.802,0.167,0.182120163
0.493,0.012,0.846,0.689,0.503099764
0.23,0.176,0.861,0.501,0.341115158
0.0,0.063,0.751,0.171,0.165302954
0.433,0.037,0.751,0.274,0.275906522
0.356,0.228,0.64,0.678,0.233638892
0.416,0.501,0.439,0.782,0.003831246
0.225,0.0,0.712,0.548,0.582991401
0.338,0.0,0.859,0.304,0.413285784
0.297,0.849,0.628,0.957,0.067230969
0.318,0.23,0.991,0.298,0.084564518
0.442,0.035,0.56,0.138,0.045374278
0.239,0.201,0.706,0.211,0.010478269
0.175,0.848,1.0,1.0,0.160421816
0.548,0.0,0.571,0.476,0.04734842
0.569,0.0,0.636,0.565,0.132415509
0.26,0.061,0.85,0.837,0.709276228
0.368,0.0,0.787,0.253,0.342216684
0.493,0.0,0.538,0.531,0.073459756
0.391,0.028,0.514,0.272,0.085762428
0.032,0.476,1.0,1.0,0.395601124
0.377,0.0,0.683,0.148,0.171846709
0.269,0.463,0.72,1.0,0.344750194
0.0,0.0,0.875,0.396,0.540579196
0.25,0.254,0.503,0.297,0.014960104
0.521,0.0,0.599,0.598,0.169469822
0.173,0.004,0.927,0.185,0.268507363
0.189,0.223,0.76,0.327,0.12424184
0.451,0.0,0.567,0.658,0.21014368
0.121,0.0,0.974,0.296,0.432395544
0.123,0.0,0.96,0.579,0.667068839
0.14,0.0,0.787,0.889,0.856615698
0.201,0.0,0.831,0.383,0.516195879
0.56,0.49,0.631,0.51,0.003206474
0.187,0.081,0.925,0.622,0.563055496
0.141,0.0,1.0,0.342,0.484213751
0.141,0.6,1.0,1.0,0.311580484
0.0,0.226,0.762,1.0,0.634682244
0.39,0.387,0.924,0.514,0.087404391
0.563,0.0,0.736,0.698,0.339736529
0.382,0.19,0.639,0.972,0.389978176
0.278,0.168,0.353,0.738,0.020347256
0.113,0.206,0.767,0.582,0.345090979
0.011,0.198,0.89,0.753,0.463658238
0.307,0.04,0.852,0.232,0.277119922
0.094,0.076,0.354,0.206,0.015600366
0.347,0.695,0.959,0.982,0.215381094
0.27,0.228,0.555,0.317,0.049573847
0.38,0.683,0.978,1.0,0.233366953
0.205,0.5,0.96,1.0,0.368711834
0.3,0.0,0.498,0.717,0.18634727
0.082,0.297,0.668,0.891,0.33702402
0.043,0.591,1.0,0.876,0.183889489
0.102,0.0,0.847,0.628,0.695455516
0.17,0.327,0.546,0.618,0.085406153
0.338,0.0,0.554,0.645,0.277340227
0.398,0.0,0.547,0.211,0.10314589
0.314,0.165,0.451,0.441,0.051499797
0.238,0.11,0.546,0.513,0.1914883
0.001,0.0,1.0,0.182,0.280885765
0.104,0.37,0.431,0.716,0.033386574
0.193,0.0,0.441,0.823,0.137780287
0.37,0.0,0.478,0.627,0.114791089
0.171,0.267,0.345,0.671,0.019113202
0.413,0.045,0.463,0.66,0.054642589
0.438,0.0,0.611,0.357,0.234322183
0.0,0.0,0.894,0.825,0.813201793
0.428,0.321,0.905,0.6,0.184462627
0.021,0.0,0.838,0.665,0.716880202
0.415,0.233,0.779,0.405,0.161272056
0.133,0.322,0.996,0.673,0.256555803
0.084,0.507,0.351,0.939,0.031804851
0.292,0.422,0.394,0.899,0.020770655
0.21,0.03,0.936,0.143,0.170776163
0.424,0.264,0.656,1.0,0.347612442
0.068,0.527,0.941,0.988,0.348204512
0.188,0.26,0.788,0.882,0.462921592
0.397,0.0,0.801,0.835,0.712277888
0.2,0.0,0.532,0.643,0.262302672
0.191,0.618,0.705,0.725,0.051029927
0.139,0.647,0.893,0.976,0.260645219
0.181,0.838,0.821,1.0,0.167616159
0.231,0.035,0.652,0.932,0.623431186
0.327,0.232,0.457,0.973,0.079476844
0.303,0.0,0.678,0.28,0.331555975
0.312,0.041,0.447,0.209,0.04270824
0.189,0.0,0.482,0.621,0.176882749
0.253,0.087,0.662,0.236,0.175505842
0.467,0.111,0.791,0.272,0.175803598
0.429,0.327,0.429,0.534,0.0
0.087,0.163,0.761,0.26,0.136673597
0.316,0.851,1.0,0.987,0.133410325
0.269,0.014,0.741,0.313,0.396759447
0.443,0.34,0.509,0.41,0.008404301
0.353,0.545,0.728,0.805,0.125649728
0.14,0.11,0.534,0.285,0.104278397
0.55,0.251,0.678,0.893,0.198321205
0.269,0.071,0.646,0.373,0.29675807
0.099,0.351,0.226,0.572,0.002347628
0.388,0.244,0.474,0.667,0.04248105
0.371,0.568,0.593,0.956,0.120918329
0.411,0.534,0.552,1.0,0.091905159
0.205,0.513,0.64,1.0,0.243015635
0.129,0.165,0.507,0.504,0.11684096
0.017,0.429,0.323,0.629,0.005325191
0.188,0.15,0.706,0.227,0.105519335
0.396,0.0,0.79,0.523,0.548048922
0.309,0.0,0.784,0.79,0.738915892
0.283,0.0,0.841,0.609,0.658712729
0.454,0.436,0.5,0.899,0.021138978
0.516,0.042,0.566,0.135,0.0212629
0.137,0.0,0.919,0.697,0.727855879
0.667,0.178,0.867,0.415,0.053563438
0.0,0.171,0.933,0.335,0.217389658
0.0,0.0,0.872,0.646,0.707787447
0.237,0.239,0.978,0.723,0.376453498
0.0,0.121,0.769,0.206,0.132334616
0.017,0.033,0.047,0.386,0.000430284
0.077,0.0,1.0,0.295,0.434794806
0.24,0.0,0.496,0.604,0.187395441
0.354,0.458,0.705,0.637,0.08972276
0.0,0.0,0.829,0.74,0.756788156
0.338,0.016,0.913,0.279,0.36257943
0.501,0.498,0.534,0.954,0.025335105
0.397,0.0,0.74,0.572,0.549890536
0.0,0.808,0.934,0.898,0.082308111
0.155,0.058,0.687,0.58,0.496779757
0.0,0.853,0.823,1.0,0.159683449
0.355,0.109,0.365,0.625,0.005369941
0.297,0.0,1.0,0.324,0.443593248
0.577,0.039,0.691,0.946,0.293150572
0.145,0.384,0.782,0.478,0.073361652
0.265,0.0,0.377,0.556,0.046799378
0.161,0.051,0.483,0.822,0.181696764
0.493,0.0,0.579,0.273,0.104748267
0.248,0.0,0.745,0.412,0.517085706
0.297,0.0,0.826,0.613,0.655716233
0.078,0.009,0.807,0.442,0.557067668
0.499,0.154,0.67,0.991,0.381226205
0.186,0.355,0.96,0.787,0.2838203
0.0,0.674,0.915,1.0,0.276433189
0.232,0.0,0.873,0.545,0.632788996
0.145,0.695,0.16,0.776,0.00013597
0.218,0.087,0.782,0.207,0.179927437
0.04,0.036,0.814,0.615,0.636818172
0.071,0.0,1.0,0.371,0.516287099
0.0,0.0,0.747,0.436,0.553814723
0.02,0.254,0.036,0.433,2.5817e-05
0.251,0.502,0.768,1.0,0.346967016
0.472,0.617,0.558,0.872,0.033947664
0.254,0.189,0.764,0.856,0.514435158
0.339,0.006,0.693,0.461,0.468594452
0.333,0.0,0.658,0.326,0.340643567
0.301,0.456,0.76,0.833,0.209789127
0.0,0.441,0.919,1.0,0.421235706
0.044,0.0,0.782,0.6,0.67606521
0.364,0.035,0.719,0.053,0.024355779
0.495,0.0,0.702,0.415,0.332111901
0.07,0.251,1.0,0.633,0.319277399
0.162,0.497,0.665,1.0,0.284085355
0.288,0.466,0.567,1.0,0.158079351
0.551,0.202,0.891,0.665,0.231718106
0.138,0.129,0.505,0.865,0.18786359
0.155,0.0,0.8,0.182,0.274080398
0.01,0.871,0.894,1.0,0.144769815
0.297,0.16,0.516,0.799,0.150936642
0.015,0.386,0.181,0.928,0.007629791
0.481,0.424,0.81,0.621,0.100149395
0.303,0.057,0.471,0.286,0.071967533
0.0,0.0,0.948,0.271,0.405148259
0.403,0.0,0.723,0.524,0.509244215
0.0,0.248,0.902,0.519,0.259270032
0.401,0.15,0.642,0.827,0.342381913
0.209,0.0,0.617,0.475,0.389547892
0.069,0.508,0.988,0.759,0.145193215
0.201,0.117,0.797,0.678,0.534761761
0.298,0.113,0.594,0.264,0.131864746
0.315,0.249,1.0,0.501,0.235704254
0.292,0.226,0.899,0.547,0.291685886
0.231,0.004,0.652,0.74,0.54568064
0.138,0.036,0.418,0.503,0.08493112
0.291,0.037,0.418,0.152,0.020601984
0.286,0.419,0.812,1.0,0.408762642
0.0,0.07,0.832,0.775,0.674084184
0.21,0.0,0.769,0.671,0.693064859
0.214,0.0,0.445,0.518,0.115088845
0.241,0.425,0.623,1.0,0.256097981
0.112,0.0,0.78,0.536,0.631221042
0.0,0.0,0.683,0.336,0.413907114
0.244,0.104,0.852,0.373,0.349708784
0.397,0.625,0.429,1.0,0.007705521
0.235,0.0,0.41,0.492,0.073700715
0.362,0.43,0.441,1.0,0.029992496
0.387,0.003,0.399,0.691,0.009838007
0.213,0.33,0.762,0.545,0.168265027
0.1,0.015,0.727,0.773,0.704870123
0.309,0.0,0.741,0.327,0.427091007
0.312,0.0,0.593,0.46,0.323433939
0.208,0.245,0.633,0.882,0.320303195
0.393,0.246,0.799,0.754,0.34803412
0.157,0.679,0.933,0.86,0.115806558
0.393,0.086,0.746,0.164,0.106940993
0.066,0.0,0.892,0.496,0.615541503
0.208,0.0,1.0,0.315,0.448966631
0.123,0.847,0.742,1.0,0.15718264
0.195,0.004,0.737,0.347,0.451348681
0.514,0.231,0.774,0.242,0.009146111
0.0,0.751,0.738,1.0,0.218912862
0.438,0.293,0.514,0.341,0.008299312
0.133,0.0,0.961,0.646,0.702682561
0.075,0.74,0.988,1.0,0.239802276
0.273,0.022,0.87,0.073,0.07220677
0.024,0.012,0.837,0.254,0.361185311
0.489,0.022,0.629,0.461,0.229310238
0.807,0.81,0.984,0.967,0.000982768
0.197,0.059,0.911,0.76,0.670905248
0.341,0.089,0.531,0.194,0.055033287
0.0,0.691,0.797,1.0,0.265627904
0.185,0.382,0.673,0.479,0.060205297
0.139,0.528,0.702,1.0,0.308539238
0.072,0.131,0.114,0.924,0.003268435
0.03,0.104,0.444,0.107,0.00095523
0.045,0.125,0.73,0.398,0.338628118
0.0,0.0,0.921,0.397,0.541102421
0.381,0.06,0.942,0.524,0.487132796
0.085,0.0,0.975,0.407,0.549241668
0.28,0.0,0.399,0.519,0.057275925
0.022,0.0,0.609,0.241,0.239807439
0.0,0.0,0.863,0.721,0.747449278
0.151,0.333,0.485,0.667,0.057232897
0.482,0.534,0.812,0.538,0.001423379
0.384,0.147,0.926,0.381,0.269106318
0.311,0.0,0.719,0.559,0.577976014
0.38,0.557,0.605,1.0,0.156017432
0.34,0.0,0.593,0.395,0.288524161
0.128,0.139,0.786,0.257,0.168788252
0.411,0.019,0.544,0.201,0.083457829
0.0,0.035,0.93,0.359,0.454584415
0.352,0.546,0.781,0.634,0.048252015
0.455,0.0,0.92,0.333,0.368233358
0.326,0.663,0.718,0.748,0.038923465
0.442,0.236,0.866,1.0,0.521934142
0.028,0.123,0.775,0.538,0.452219575
0.118,0.137,0.504,0.675,0.154950328
0.104,0.0,0.744,0.869,0.809833532
0.0,0.257,0.855,0.437,0.187944483
0.01,0.643,1.0,1.0,0.292744384
0.106,0.649,0.975,0.932,0.209897558
0.423,0.008,0.881,0.297,0.349357672
0.346,0.0,0.751,0.481,0.54167728
0.244,0.033,0.408,0.267,0.041018086
0.057,0.137,0.815,0.28,0.203274631
0.1,0.051,0.841,0.2,0.229969433
0.227,0.164,0.444,0.663,0.078845187
0.281,0.714,0.455,0.992,0.031694698
0.016,0.637,0.061,0.792,7.4009e-05
0.759,0.033,0.91,0.623,0.01776039
0.12,0.136,0.514,0.615,0.160151598
0.359,0.0,0.735,0.415,0.482504664
0.293,0.0,0.676,0.43,0.449550095
0.479,0.0,0.697,0.475,0.37321088
0.339,0.268,0.489,0.52,0.04700075
0.087,0.442,0.719,0.45,0.005726216
0.631,0.084,0.673,0.151,0.012987684
0.181,0.42,0.909,1.0,0.426886192
0.302,0.528,0.731,0.932,0.23842881
0.639,0.301,0.715,0.449,0.029887507
0.37,0.065,0.905,0.526,0.487735193
0.107,0.166,0.246,0.204,0.001135949
0.178,0.011,0.997,0.267,0.377417334
0.097,0.333,1.0,1.0,0.519855012
0.205,0.0,0.425,0.433,0.086595458
0.253,0.176,0.873,0.518,0.348760439
0.203,0.827,0.802,1.0,0.173660785
0.525,0.186,0.979,0.702,0.295011119
0.196,0.0,0.652,0.226,0.261564305
0.09,0.37,0.762,0.703,0.214985233
0.198,0.353,0.648,0.657,0.147361845
0.0,0.0,0.755,0.42,0.546916415
0.434,0.203,0.483,0.619,0.032269557
0.336,0.167,0.615,0.716,0.280946005
0.263,0.0,0.691,0.748,0.634398257
0.11,0.167,0.735,0.511,0.347051352
0.342,0.0,0.354,0.507,0.006514495
0.395,0.477,0.975,0.523,0.029202495
0.438,0.109,0.489,0.352,0.034720453
0.031,0.149,0.995,0.842,0.600713927
0.249,0.804,0.861,1.0,0.184336984
0.425,0.0,0.796,0.229,0.285815095
0.128,0.0,0.502,0.65,0.216400006
0.164,0.946,0.923,0.988,0.048730491
0.441,0.36,0.75,1.0,0.381942197
0.092,0.59,0.788,1.0,0.315921186
0.091,0.0,1.0,0.772,0.775474517
0.495,0.116,0.811,0.373,0.23389362
0.257,0.389,0.994,0.783,0.242151625
0.003,0.503,0.3,0.987,0.028930556
0.189,0.091,0.444,0.864,0.122205738
0.201,0.292,0.94,0.309,0.019316296
0.193,0.0,0.754,0.35,0.471422277
0.092,0.0,1.0,0.514,0.628818338
0.01,0.45,0.037,0.819,2.4096e-05
0.014,0.101,0.827,0.816,0.652502874
0.099,0.41,0.577,0.426,0.007304496
0.077,0.0,0.831,0.226,0.342973983
0.458,0.433,0.511,1.0,0.037414029
0.8,0.373,0.903,0.784,0.001012027
0.078,0.087,0.78,0.564,0.523090745
0.209,0.536,0.856,0.964,0.305640847
0.213,0.0,0.881,0.345,0.480423812
0.165,0.007,0.661,0.459,0.450661948
0.044,0.071,0.836,0.579,0.564311925
0.279,0.62,1.0,1.0,0.280668902
0.293,0.305,0.916,0.607,0.232081265
0.345,0.0,0.737,0.57,0.585013735
0.196,0.0,0.772,0.505,0.601975519
0.355,0.622,0.812,1.0,0.266132197
0.195,0.101,0.608,0.665,0.34765547
0.071,0.0,0.708,0.551,0.594335401
0.073,0.487,0.685,1.0,0.318151777
0.146,0.179,0.727,0.215,0.050231321
0.205,0.852,0.806,0.954,0.104834324
0.117,0.626,0.554,1.0,0.123978506
0.325,0.18,0.39,0.765,0.028693039
0.399,0.0,0.525,0.389,0.132732198
0.314,0.0,0.33,0.442,0.004975801
0.0,0.131,0.831,0.713,0.539548237
0.181,0.575,0.936,0.597,0.013788011
0.151,0.08,0.258,0.998,0.026422862
0.141,0.548,0.742,0.583,0.019493573
0.881,0.03,0.893,0.968,0.000189325
0.396,0.0,0.77,0.454,0.500280545
0.476,0.0,0.562,0.678,0.167783109
0.487,0.39,0.63,0.844,0.12084432
0.485,0.554,0.956,0.912,0.187966858
0.395,0.448,0.76,0.852,0.214566997
0.343,0.371,1.0,0.412,0.035732481
0.149,0.0,1.0,0.443,0.57358712
0.22,0.293,0.848,1.0,0.547680599
0.156,0.352,1.0,0.575,0.168342478
0.156,0.001,0.725,0.422,0.516192437
0.32,0.528,0.618,0.552,0.008101382
0.158,0.0,0.914,0.638,0.695770483
0.643,0.0,0.7,0.684,0.116269543
0.341,0.025,0.745,0.325,0.387324186
0.068,0.0,0.914,0.483,0.606364412
0.341,0.24,0.693,0.394,0.138112466
0.279,0.462,1.0,1.0,0.378992172
0.244,0.374,0.929,0.926,0.381277839
0.453,0.0,0.495,0.373,0.04511955
0.178,0.0,1.0,0.553,0.646583892
0.0,0.0,0.963,0.329,0.474730298
0.046,0.41,0.375,0.932,0.042006017
0.272,0.264,0.763,0.369,0.108033913
0.229,0.0,0.831,0.79,0.768120108
0.277,0.749,0.432,1.0,0.024669026
0.162,0.094,0.663,0.69,0.4571403
0.101,0.248,1.0,1.0,0.622944104
0.274,0.0,0.356,0.392,0.024369548
0.074,0.508,0.168,0.685,0.000695338
0.584,0.158,0.861,0.792,0.250657474
0.344,0.413,0.981,0.419,0.004244319
0.023,0.053,0.671,0.542,0.46276669
0.143,0.0,0.593,0.185,0.169380323
0.506,0.004,0.642,0.484,0.243714416
0.014,0.148,0.66,0.247,0.114859934
0.094,0.0,1.0,0.42,0.560213903
0.455,0.019,0.499,0.503,0.053458448
0.409,0.0,0.684,0.563,0.467343187
0.182,0.443,0.969,0.879,0.278964978
0.28,0.267,0.712,0.327,0.060114077
0.505,0.03,0.71,0.932,0.525350595
0.324,0.196,0.561,0.627,0.165623085
0.56,0.506,0.825,1.0,0.207971608
0.488,0.06,0.737,0.429,0.318380687
0.078,0.243,0.687,0.774,0.343813897
0.001,0.0,0.873,0.696,0.733852313
0.2,0.0,0.674,0.561,0.530947726
0.029,0.0,0.613,0.467,0.393379138
0.071,0.87,0.535,0.99,0.054064288
0.515,0.025,0.638,0.575,0.234871225
0.006,0.067,0.307,0.873,0.04263251
0.451,0.197,0.968,0.389,0.183713934
0.388,0.613,0.686,0.704,0.036364137
0.123,0.086,0.359,0.561,0.041699655
0.323,0.0,1.0,0.662,0.676089306
0.118,0.498,0.869,0.98,0.355178551
0.184,0.0,0.465,0.457,0.134298431
0.291,0.227,0.553,0.379,0.076044901
0.132,0.106,0.796,0.445,0.412850337
0.0,0.0,0.655,0.566,0.509586721
0.405,0.0,0.7,0.714,0.561145037
0.486,0.291,0.618,0.899,0.171252917
0.117,0.0,0.982,0.462,0.590197793
0.392,0.83,0.669,0.926,0.060509938
0.498,0.089,0.528,0.997,0.061189786
0.097,0.113,0.945,0.864,0.67557985
0.077,0.097,0.681,0.153,0.079757389
0.0,0.0,0.735,0.606,0.653026099
0.034,0.0,0.914,0.593,0.679409375
0.24,0.475,0.802,0.525,0.036047448
0.182,0.0,0.754,0.387,0.509406002
0.257,0.434,0.624,1.0,0.249130827
0.399,0.386,0.887,0.884,0.295809725
0.24,0.412,0.954,0.706,0.181667504
0.082,0.0,0.776,0.651,0.698766979
0.174,0.0,0.644,0.262,0.291474186
0.376,0.249,0.78,1.0,0.54320909
0.57,0.195,0.645,0.766,0.105290424
0.22,0.0,0.816,0.416,0.541315842
0.367,0.259,0.725,0.364,0.100328393
0.166,0.025,0.789,0.547,0.600003098
0.604,0.014,0.856,0.021,0.002796844
0.339,0.0,0.617,0.326,0.285734202
0.378,0.0,0.506,0.347,0.111360867
0.417,0.0,0.64,0.547,0.371040529
0.252,0.408,0.768,1.0,0.415623085
0.137,0.037,0.809,0.735,0.690021893
0.76,0.149,0.912,0.262,0.004015408
0.318,0.116,0.636,0.725,0.375296896
0.227,0.0,0.593,0.713,0.419354506
0.042,0.253,0.414,0.696,0.049506723
0.566,0.0,0.574,0.255,0.010541951
0.007,0.0,0.811,0.288,0.423402615
0.437,0.409,0.91,0.97,0.341996379
0.577,0.0,0.673,0.523,0.177958459
0.004,0.82,0.155,0.89,0.001495666
0.0,0.068,0.739,0.343,0.371300421
0.446,0.036,0.857,0.202,0.202026808
0.0,0.0,0.879,0.528,0.63960469
0.406,0.064,0.527,0.164,0.039580938
0.382,0.0,0.57,0.459,0.244361562
0.735,0.198,0.926,0.972,0.040097279
0.202,0.0,0.876,0.325,0.461073093
0.341,0.16,0.812,0.312,0.19376364
0.464,0.24,0.76,1.0,0.475694134
0.497,0.765,0.521,0.849,0.002953467
0.086,0.748,0.977,0.88,0.100813753
0.386,0.339,0.756,1.0,0.428557414
0.644,0.018,0.689,0.954,0.119901138
0.156,0.0,0.51,0.651,0.226818035
0.392,0.557,0.644,0.944,0.154628476
0.0,0.0,0.793,0.482,0.602421293
0.361,0.0,0.963,0.482,0.552730408
0.033,0.179,0.857,0.294,0.155631897
0.167,0.0,1.0,0.3,0.437462565
0.077,0.246,0.553,0.488,0.107266287
0.66,0.211,0.768,0.733,0.093440411
0.15,0.0,0.811,0.658,0.703383063
0.342,0.711,0.483,1.0,0.034489821
0.795,0.287,0.844,0.871,0.002459502
0.209,0.504,0.371,0.8,0.01320971
0.089,0.0,0.585,0.69,0.409019091
0.5,0.034,0.708,0.704,0.414979381
0.129,0.168,1.0,0.582,0.411874454
0.48,0.578,0.57,0.647,0.009980861
0.401,0.909,0.785,1.0,0.084487067
0.324,0.08,0.545,0.351,0.148404852
0.418,0.058,0.817,0.16,0.133412047
0.407,0.0,0.713,0.91,0.69114063
0.365,0.406,0.91,0.614,0.130252043
0.153,0.0,0.927,0.293,0.426915451
0.0,0.0,0.768,0.466,0.584769334
0.829,0.542,0.868,0.904,0.000347669
0.001,0.0,0.909,0.646,0.708305508
0.357,0.945,0.817,0.974,0.028362581
0.395,0.0,0.7,0.578,0.512829339
0.367,0.008,0.942,0.131,0.168968971
0.205,0.153,0.921,0.347,0.250593792
0.272,0.313,0.283,0.97,0.002721114
0.44,0.08,0.774,0.6,0.448348743
0.192,0.0,0.754,0.85,0.793475866
0.089,0.607,0.619,1.0,0.196030375
0.107,0.468,1.0,1.0,0.399158709
0.295,0.24,0.622,0.583,0.186922129
0.284,0.6,0.597,1.0,0.154568236
0.068,0.0,0.9,0.446,0.580445843
0.145,0.257,0.167,0.634,0.000734925
0.339,0.0,0.611,0.77,0.440765423
0.344,0.051,0.545,0.318,0.144740556
0.492,0.143,0.927,0.745,0.392814606
0.281,0.0,0.822,0.663,0.68507363
0.246,0.09,0.391,0.194,0.015247534
0.217,0.241,0.532,0.375,0.060731964
0.429,0.098,0.786,0.863,0.57486076
0.021,0.025,0.852,0.213,0.28874963
0.06,0.517,0.644,1.0,0.256538591
0.238,0.147,0.569,0.586,0.218952448
0.264,0.345,0.983,0.922,0.39630851
0.212,0.153,0.538,1.0,0.274624276
0.32,0.749,0.845,0.985,0.1953402
0.193,0.332,0.24,0.352,0.000356275
0.587,0.163,0.842,0.643,0.199037197
0.374,0.109,0.515,0.407,0.097357714
0.348,0.349,0.657,0.362,0.009688268
0.508,0.58,0.936,0.732,0.062458262
0.367,0.465,0.7,0.897,0.213747737
0.36,0.0,0.812,0.626,0.634802724
0.249,0.832,0.645,1.0,0.117469174
0.297,0.25,0.826,0.795,0.399218949
0.484,0.73,0.903,0.812,0.042185015
0.374,0.217,0.513,0.664,0.084173821
0.13,0.462,0.937,0.899,0.287154138
0.0,0.583,0.91,1.0,0.325776404
0.497,0.047,0.961,0.32,0.269923857
0.363,0.468,0.936,0.681,0.119393403
0.0,0.207,0.925,0.509,0.309241461
0.193,0.0,0.657,0.744,0.57176616
0.551,0.0,0.648,0.64,0.208704812
0.09,0.0,1.0,0.275,0.410607698
0.248,0.0,0.698,0.217,0.289713465
0.289,0.0,0.85,0.472,0.57056825
0.178,0.0,0.576,0.609,0.358546811
0.382,0.584,0.871,0.684,0.048193497
0.16,0.171,0.75,0.393,0.262686485
0.519,0.005,0.717,0.04,0.027894432
0.322,0.07,1.0,0.491,0.478912656
0.058,0.387,0.115,0.462,0.000161787
0.185,0.193,0.69,0.545,0.296949116
0.0,0.0,0.666,0.414,0.45236243
0.0,0.847,0.509,1.0,0.055687318
0.395,0.0,0.483,0.564,0.097646864
0.203,0.124,0.513,0.709,0.172557538
0.424,0.0,0.64,0.684,0.40637887
0.102,0.026,0.811,0.263,0.349493642
0.064,0.686,0.896,1.0,0.270078759
0.076,0.0,0.934,0.672,0.7198199
0.0,0.051,0.766,0.072,0.027249007
0.423,0.325,0.516,0.866,0.055652895
0.536,0.04,0.547,0.115,0.003796823
0.187,0.335,0.908,0.498,0.136308717
0.188,0.385,0.951,0.453,0.056374051
0.342,0.0,0.579,0.652,0.336330403
0.142,0.126,0.752,0.447,0.369044013
0.457,0.629,0.56,1.0,0.070957226
0.358,0.385,0.499,0.742,0.039968193
0.443,0.0,0.9,0.407,0.438032261
0.287,0.0,0.487,0.623,0.165132562
0.53,0.158,0.576,0.189,0.008240794
0.524,0.881,0.641,1.0,0.046807983
0.233,0.0,0.47,0.44,0.131295051
0.0,0.198,0.771,0.919,0.588285612
0.01,0.82,0.69,0.968,0.128592869
0.165,0.0,0.848,0.611,0.679151205
0.415,0.165,0.462,0.247,0.011003215
0.072,0.012,0.818,0.68,0.700007917
0.318,0.731,0.408,1.0,0.013837924
0.295,0.351,0.593,0.626,0.101560725
0.555,0.0,0.748,0.311,0.218825085
0.216,0.272,0.323,0.503,0.008488637
0.521,0.871,0.575,1.0,0.024142359
0.461,0.423,0.47,1.0,0.00555066
0.019,0.097,0.971,0.534,0.498366643
0.076,0.171,0.551,0.207,0.026951251
0.164,0.024,0.706,0.905,0.754801966
0.51,0.496,0.744,1.0,0.250795164
0.004,0.0,0.673,0.248,0.313003862
0.18,-0.0,0.92,0.217,0.327144706
0.16,0.669,1.0,1.0,0.273120004
0.285,0.34,0.744,0.549,0.151301522
0.037,0.767,0.807,1.0,0.221830186
0.298,0.567,0.525,0.679,0.016073678
0.566,0.092,0.729,0.186,0.06218116
0.975,0.406,0.995,0.715,0.0
0.113,0.577,0.532,0.649,0.013440342
0.475,0.054,0.675,0.696,0.372932056
0.442,0.547,0.58,0.615,0.013397314
0.397,0.793,0.403,1.0,0.000843356
0.0,0.013,0.885,0.737,0.735241269
0.271,0.0,0.392,0.496,0.052857772
0.0,0.0,0.825,0.539,0.644771537
0.487,0.205,0.619,0.64,0.148762848
0.096,0.0,0.732,0.251,0.363257558
0.368,0.0,0.528,0.734,0.207212588
0.009,0.013,0.131,0.662,0.005564429
0.0,0.164,0.821,0.364,0.256256325
0.398,0.476,0.692,0.691,0.091151302
0.419,0.177,0.455,0.317,0.012168423
0.088,0.0,0.546,0.829,0.340714133
0.092,0.37,0.351,0.596,0.010466221
0.1,0.042,0.975,0.575,0.600798262
0.233,0.0,0.503,0.483,0.179848265
0.19,0.161,0.311,0.199,0.001991353
0.326,0.0,0.421,0.604,0.06967326
0.422,0.224,0.792,0.459,0.207505181
0.266,0.653,0.916,0.698,0.021851528
0.366,0.0,0.843,0.508,0.564620008
0.468,0.0,0.567,0.648,0.186474634
0.444,0.169,0.624,0.17,0.002037824
0.458,0.337,0.884,0.486,0.099522901
0.098,0.355,0.732,0.889,0.346452397
0.218,0.448,1.0,1.0,0.40149601
0.104,0.0,0.526,0.491,0.230275795
0.172,0.0,1.0,0.155,0.233167301
0.155,0.0,0.774,0.377,0.509973976
0.497,0.86,0.63,0.89,0.011836244
0.394,0.0,0.663,0.717,0.49443385
0.0,0.08,0.968,0.559,0.540327911
0.185,0.007,0.98,0.127,0.178099592
0.003,0.162,0.631,0.189,0.031586267
0.167,0.42,0.596,0.829,0.133296731
0.087,0.492,0.46,0.925,0.058046994
0.309,0.0,0.867,0.458,0.557193311
0.299,0.0,0.876,0.537,0.61294259
0.148,0.109,0.831,0.847,0.65663704
0.237,0.027,0.559,0.089,0.043494799
0.424,0.371,0.776,0.883,0.292527521
0.48,0.035,0.584,0.537,0.175254556
0.063,0.0,0.867,0.529,0.638201965
0.28,0.001,0.841,0.365,0.479236229
0.0,0.002,0.854,0.693,0.723673521
0.515,0.0,0.691,0.471,0.314241358
0.417,0.81,0.585,1.0,0.071506268
0.033,0.347,0.547,0.741,0.101930769
0.503,0.107,0.578,0.143,0.01298252
0.05,0.0,0.811,0.737,0.753049851
0.477,0.45,0.954,0.742,0.140876608
0.375,0.357,0.692,1.0,0.360742979
0.094,0.0,0.797,0.548,0.644737114
0.295,0.0,0.437,0.528,0.09055751
0.372,0.859,0.446,0.976,0.009078986
0.248,0.107,0.395,0.288,0.026052818
0.164,0.557,0.916,1.0,0.334196196
0.306,0.703,0.86,1.0,0.233012399
0.317,0.442,0.668,0.481,0.019829195
0.359,0.302,0.586,0.471,0.071711083
0.0,0.0,0.801,0.61,0.68490668
0.224,0.874,0.795,1.0,0.134097058
0.167,0.209,1.0,0.325,0.147759427
0.806,0.097,0.882,0.893,0.003363097
0.586,0.057,0.737,0.216,0.090877641
0.0,0.0,0.821,0.337,0.481108824
0.405,0.137,0.674,0.307,0.166125657
0.407,0.592,0.636,0.761,0.050699469
0.19,0.608,0.518,1.0,0.087607485
0.443,0.0,0.872,0.476,0.481413465
0.0,0.081,0.677,0.441,0.382448211
0.184,0.196,0.732,0.627,0.367352137
0.407,0.182,0.653,0.601,0.246623133
0.093,0.457,1.0,0.865,0.258419792
0.499,0.403,0.763,0.947,0.275758504
0.278,0.754,0.925,0.779,0.013999711
0.028,0.075,0.753,0.369,0.393091709
0.235,0.014,0.662,0.436,0.422375097
0.0,0.143,0.733,0.424,0.327007015
0.132,0.0,0.826,0.524,0.628592869
0.449,0.094,0.484,0.134,0.004617805
0.125,0.0,0.807,0.373,0.510839707
0.128,0.812,0.935,0.816,0.002163467
0.092,0.046,1.0,0.093,0.071625027
0.168,0.288,0.888,0.679,0.297159095
0.169,0.0,0.772,0.345,0.476274156
0.0,0.0,0.914,0.726,0.751287409
0.0,0.0,0.754,0.274,0.397523631
0.604,0.168,0.634,0.721,0.040894164
0.0,0.703,0.821,1.0,0.259142668
0.22,0.091,1.0,1.0,0.838275285
0.081,0.383,0.75,0.853,0.294771881
0.425,0.0,0.61,0.14,0.102290486
0.218,0.415,0.862,0.935,0.354882515
0.219,0.0,0.808,0.458,0.572561324
0.226,0.357,0.736,0.659,0.194920243
0.242,0.055,0.279,0.227,0.003141071
0.064,0.0,0.917,0.42,0.561268958
0.078,0.498,1.0,1.0,0.38014189
0.012,0.0,0.736,0.556,0.626038705
0.351,0.833,0.709,1.0,0.136301832
0.346,0.0,0.728,0.719,0.646637247
0.32,0.193,0.597,0.48,0.168827838
0.355,0.178,0.53,0.178,0.0
0.07,0.932,0.642,0.991,0.050279512
0.402,0.03,0.426,0.666,0.022450483
0.5,0.852,0.746,1.0,0.104240532
0.178,0.129,0.766,0.283,0.212573923
0.202,0.707,1.0,1.0,0.248419998
0.005,0.284,0.711,0.999,0.517791371
0.316,0.749,0.967,0.768,0.012151212
0.233,0.0,0.568,0.334,0.239415021
0.363,0.689,0.567,0.897,0.047190075
0.472,0.0,0.673,0.794,0.452610273
0.139,0.201,1.0,0.516,0.31829291
0.257,0.0,0.954,0.006,0.01395324
0.151,0.015,0.412,0.438,0.07765072
0.109,0.0,0.65,0.376,0.399823067
0.472,0.028,0.579,0.372,0.142797395
0.378,0.0,0.772,0.371,0.45005783
0.713,0.086,0.862,0.631,0.048582473
0.221,0.368,0.314,0.424,0.00153181
0.062,0.545,0.744,0.731,0.098275079
0.0,0.0,0.645,0.506,0.465523948
0.215,0.053,0.494,0.136,0.035992372
0.008,0.006,0.232,0.309,0.012306114
0.323,0.082,0.329,0.357,0.001454359
0.55,0.312,0.851,0.399,0.047906067
0.137,0.482,0.932,1.0,0.386575492
0.429,0.13,0.542,0.27,0.056553049
0.411,0.0,0.571,0.909,0.321896966
0.146,0.697,0.917,1.0,0.259696874
0.683,0.694,0.825,0.925,0.03298727
0.361,0.397,0.441,0.541,0.010044543
0.15,0.0,1.0,0.508,0.618940745
0.184,0.171,1.0,0.94,0.656065623
0.036,0.138,0.874,0.496,0.405785078
0.229,0.141,0.912,0.351,0.276190509
0.445,0.816,0.571,1.0,0.055301784
0.325,0.0,0.958,0.352,0.466654733
0.348,0.504,0.487,0.994,0.05214178
0.025,0.0,0.734,0.572,0.632472307
0.283,0.076,0.73,0.436,0.415132562
0.389,0.495,0.467,0.632,0.008091055
0.239,0.0,0.873,0.658,0.694285144
0.424,0.456,0.512,0.538,0.007755434
0.527,0.0,0.692,0.77,0.392391207
0.266,0.456,0.488,0.661,0.026607024
0.227,0.53,0.761,1.0,0.332354581
0.218,0.0,0.789,0.539,0.626179838
0.0,0.109,0.742,0.191,0.122491446
0.573,0.062,0.989,0.544,0.261039359
0.0,0.119,0.889,0.347,0.312905758
0.395,0.176,0.968,0.262,0.105899706
0.102,0.299,0.764,0.435,0.130639298
0.383,0.685,0.628,1.0,0.139391269
0.103,0.712,0.777,1.0,0.249339084
0.545,0.065,0.779,0.185,0.099738043
0.381,0.17,0.831,0.241,0.090290734
0.004,0.0,0.732,0.311,0.431460968
0.033,0.169,0.837,0.293,0.173290741
0.238,0.023,0.498,0.688,0.190202612
0.063,0.001,0.312,0.936,0.057504836
0.0,0.0,0.782,0.568,0.656912422
0.385,0.723,0.574,1.0,0.086588573
0.528,0.348,0.822,0.636,0.137938631
0.29,0.138,0.973,0.151,0.021603685
0.162,0.565,1.0,0.885,0.20250012
0.367,0.017,0.973,0.171,0.210357101
0.02,0.654,0.551,0.694,0.007426697
0.347,0.0,0.94,0.758,0.711093747
0.227,0.325,0.317,0.524,0.005075627
0.28,0.925,0.478,1.0,0.017269867
0.149,0.0,0.491,0.398,0.157320331
0.324,0.0,0.897,0.288,0.399451302
0.043,0.0,0.636,0.433,0.413559445
0.484,0.06,0.589,0.239,0.085700467
0.586,0.162,0.722,0.189,0.014708818
0.29,0.251,0.594,1.0,0.308836995
0.249,0.85,0.739,1.0,0.144799075
0.254,0.0,0.935,0.189,0.282467488
0.033,0.059,0.935,0.829,0.729508169
0.0,0.182,0.917,0.523,0.355944456
0.152,0.114,0.928,0.592,0.499537015
0.37,0.335,0.681,0.843,0.24793808
0.219,0.111,0.741,0.551,0.455713479
0.025,0.079,0.722,0.171,0.136640896
0.097,0.0,0.563,0.668,0.349610679
0.078,0.0,0.937,0.86,0.842166771
0.0,0.729,0.74,1.0,0.233015841
0.251,0.0,0.729,0.797,0.721718312
0.242,0.8,0.461,1.0,0.034300496
0.152,0.108,0.688,0.711,0.490330664
0.0,0.341,0.727,0.487,0.116887431
0.0,0.0,0.672,0.615,0.563725018
0.015,0.458,0.611,0.976,0.229296469
0.389,0.731,0.671,1.0,0.155318651
0.173,0.132,0.834,0.546,0.441175053
0.253,0.056,0.304,0.554,0.010485153
0.099,0.355,0.799,0.362,0.00825112
0.146,0.288,0.503,0.425,0.043257282
0.042,0.0,0.852,0.421,0.56084728
0.224,0.063,0.742,0.703,0.603082208
0.199,0.0,0.67,0.813,0.632396577
0.555,0.137,0.851,0.932,0.393167439
0.385,0.346,0.518,0.71,0.049221014
0.021,0.76,0.993,1.0,0.228558102
0.081,0.106,0.652,0.343,0.253001659
0.284,0.176,0.985,0.686,0.437488382
0.44,0.184,0.641,0.304,0.089182323
0.437,0.599,0.861,0.735,0.063189745
0.149,0.152,0.494,0.791,0.147690581
0.3,0.168,0.489,0.923,0.132914639
0.177,0.0,0.778,0.711,0.721152059
0.134,0.034,0.877,0.336,0.423765774
0.12,0.0,0.98,0.222,0.334974149
0.141,0.0,1.0,0.688,0.723589186
0.278,0.468,1.0,1.0,0.375544739
0.005,0.453,0.546,0.471,0.004392336
0.278,0.429,0.763,1.0,0.390460094
0.151,0.497,0.903,0.703,0.121334843
0.446,0.213,0.851,0.253,0.046126414
0.0,0.0,0.94,0.74,0.759161601
0.065,0.0,1.0,0.748,0.76199631
0.681,0.199,0.796,0.284,0.016681239
0.269,0.0,1.0,0.449,0.560380853
0.112,0.035,0.537,0.188,0.100008261
0.121,0.748,0.962,1.0,0.233759372
0.14,0.221,0.858,0.573,0.32748377
0.0,0.235,0.805,0.332,0.11949495
0.109,0.22,0.218,0.983,0.015027228
0.803,0.516,0.846,0.901,0.001041287
0.125,0.056,0.198,0.243,0.002932814
0.676,0.129,0.792,0.912,0.125307223
0.0,0.103,0.864,0.247,0.21299388
0.286,0.119,0.569,0.68,0.25567286
0.575,0.633,0.746,0.764,0.035570694
0.21,0.103,0.754,0.759,0.58125994
0.261,0.195,0.634,0.282,0.082259919
0.451,0.0,0.885,0.502,0.488205063
0.481,0.561,0.671,1.0,0.185612345
0.07,0.587,0.705,0.652,0.030514
0.354,0.94,0.734,1.0,0.056162351
0.249,0.191,1.0,0.487,0.309045252
0.366,0.368,0.793,0.727,0.216005866
0.253,0.068,0.988,0.951,0.809090002
0.486,0.328,0.612,0.355,0.009450751
0.015,0.0,0.897,0.626,0.698887458
0.404,0.052,0.785,0.698,0.56184726
0.197,0.398,0.836,0.819,0.262013521
0.212,0.719,0.651,1.0,0.172371655
0.411,0.938,0.699,0.94,0.002433685
0.287,0.0,0.938,0.408,0.524846303
0.221,0.386,0.947,0.458,0.057978148
0.097,0.0,1.0,0.747,0.759006699
0.054,0.074,0.682,0.176,0.142694127
0.13,0.056,0.465,0.309,0.088158248
0.0,0.023,0.777,0.188,0.249414814
0.433,0.296,0.948,0.601,0.206205724
0.222,0.0,1.0,0.464,0.581857173
0.292,0.102,0.729,0.375,0.334531817
0.049,0.635,0.149,0.886,0.002934535
0.407,0.346,0.673,1.0,0.326542309
0.04,0.0,0.764,0.816,0.788358932
0.717,0.099,0.822,0.376,0.024125147
0.0,0.047,0.943,1.0,0.931168375
0.058,0.0,0.946,0.603,0.685410973
0.13,0.0,0.628,0.103,0.109011518
0.262,0.848,0.308,0.981,0.004115233
0.08,0.51,0.467,0.659,0.017481567
0.373,0.35,0.864,0.417,0.058356798
0.066,0.012,0.969,0.621,0.671841545
0.227,0.0,0.674,0.403,0.442811852
0.256,0.509,0.414,1.0,0.036653288
0.325,0.25,0.545,0.5,0.088832933
0.148,0.036,0.681,0.075,0.053129712
0.597,0.495,0.763,0.726,0.056571981
0.238,0.898,0.561,1.0,0.048780404
0.0,0.0,0.908,0.614,0.691930631
0.797,0.63,0.952,0.821,0.000829587
0.0,0.032,0.905,0.268,0.352765519
0.352,0.413,0.7,0.675,0.133639236
0.191,0.163,0.667,0.253,0.108111364
0.283,0.0,0.854,0.485,0.581495735
0.599,0.13,0.904,0.387,0.124047352
0.349,0.499,0.66,0.545,0.020488389
0.432,0.507,0.954,1.0,0.308630459
0.091,0.0,0.54,0.618,0.283763502
0.541,0.02,0.618,0.164,0.054267382
0.072,0.145,0.779,0.778,0.550365569
0.082,0.109,0.119,0.919,0.00336654
0.344,0.0,0.582,0.87,0.396131233
0.536,0.0,0.614,0.431,0.142711338
0.054,0.493,0.823,0.783,0.169259843
0.006,0.461,0.591,0.487,0.010084129
0.511,0.295,0.711,0.404,0.064965956
0.204,0.0,0.903,0.6,0.671793354
0.035,0.0,0.68,0.539,0.544746064
0.233,0.069,0.699,0.282,0.278374629
0.135,0.0,0.74,0.528,0.606631188
0.32,0.291,0.349,0.548,0.004753774
0.224,0.266,0.465,0.32,0.014323284
0.0,0.148,0.988,0.385,0.302403393
0.406,0.0,0.435,0.489,0.027643147
0.345,0.0,0.392,0.548,0.032278163
0.104,0.104,0.949,0.858,0.680306087
0.384,0.0,0.658,0.302,0.299181428
0.412,0.73,0.673,0.837,0.044444865
0.095,0.488,0.985,1.0,0.386059152
0.372,0.0,0.71,0.29,0.351834386
0.569,0.35,0.701,0.885,0.153344509
0.219,0.0,1.0,0.491,0.599588305
0.104,0.0,0.99,0.598,0.679820727
0.292,0.0,0.409,0.694,0.071332434
0.011,0.068,0.827,0.332,0.374026698
0.241,0.212,1.0,0.432,0.238323821
0.366,0.827,0.587,1.0,0.075828038
0.348,0.697,0.732,1.0,0.214863032
0.154,0.696,0.63,0.758,0.02171728
0.457,0.0,0.689,0.372,0.332053383
0.529,0.486,0.828,0.949,0.221363758
0.513,0.103,0.968,0.377,0.236874626
0.568,0.0,0.805,0.383,0.247266838
0.063,0.0,0.86,0.374,0.516794834
0.287,0.0,0.819,0.827,0.775099309
0.198,0.0,0.713,0.75,0.689810193
0.274,0.209,0.787,0.442,0.244838317
0.119,0.171,0.826,0.601,0.418468121
0.068,0.12,0.904,0.644,0.522684557
0.046,0.163,0.845,0.171,0.012705417
0.0,0.106,0.827,0.738,0.593462786
0.383,0.209,0.734,0.48,0.236325584
0.05,0.0,1.0,0.015,0.025352316
0.142,0.175,0.599,0.319,0.122000923
0.456,0.518,0.552,0.871,0.045360509
0.0,0.542,0.935,1.0,0.350588284
0.515,0.0,0.821,0.609,0.44940552
0.125,0.0,0.516,0.527,0.219386174
0.158,0.0,1.0,0.508,0.618255733
0.315,0.012,0.96,0.443,0.526584649
0.499,0.021,0.657,0.346,0.214202116
0.31,0.0,0.843,0.664,0.679937764
0.091,0.654,1.0,0.74,0.046128135
0.16,0.0,0.789,0.121,0.178313012
0.028,0.798,0.976,1.0,0.203642954
0.224,0.337,0.928,1.0,0.497932917
0.601,0.316,0.85,0.508,0.070182716
0.038,0.0,0.72,0.619,0.644287898
0.209,0.0,0.819,0.4,0.531610363
0.326,0.193,0.669,0.756,0.345225228
0.465,0.0,0.74,0.428,0.406473532
0.074,0.0,0.754,0.276,0.399981412
0.134,0.169,0.179,0.364,0.001302899
0.457,0.0,0.519,0.296,0.060033183
0.227,0.0,0.725,0.5,0.570563086
0.339,0.894,0.732,0.983,0.083674692
0.287,0.662,0.63,1.0,0.163020729
0.394,0.255,0.67,1.0,0.400370388
0.141,0.028,0.723,0.527,0.551026485
0.542,0.271,0.663,0.38,0.043716825
0.29,0.445,0.716,0.84,0.207496575
0.511,0.0,0.635,0.476,0.226480692
0.308,0.407,0.617,1.0,0.242165394
0.352,0.671,0.751,0.723,0.024879004
0.016,0.254,0.636,0.258,0.002382051
0.237,0.435,0.822,1.0,0.406177497
0.529,0.261,0.731,0.85,0.264736357
0.391,0.056,0.6,0.571,0.285202371
0.552,0.0,0.569,0.676,0.042501704
0.143,0.009,0.728,0.429,0.516755248
0.418,0.643,0.57,1.0,0.092111695
0.15,0.425,0.871,0.736,0.189598494
0.588,0.069,0.791,0.081,0.008836306
0.116,0.209,0.978,0.385,0.207997425
0.488,0.031,0.608,0.263,0.123887286
0.338,0.0,0.591,0.545,0.336724543
0.602,0.23,0.751,0.87,0.189472851
0.301,0.0,0.888,0.754,0.729738801
0.399,0.199,0.961,0.418,0.221406787
0.317,0.463,0.725,1.0,0.338104893
0.662,0.395,0.815,0.941,0.097631374
0.38,0.0,0.528,0.65,0.189586446
0.573,0.0,0.587,0.544,0.029156024
0.388,0.0,0.991,0.213,0.286102525
0.111,0.164,0.137,0.567,0.001084315
0.359,0.008,0.97,0.364,0.45237792
0.277,0.719,0.322,0.827,0.001764163
0.357,0.056,0.625,0.4,0.28145546
0.0,0.0,0.885,0.716,0.744862412
0.469,0.602,0.683,0.86,0.100188981
0.204,0.555,0.8,1.0,0.329278913
0.402,0.0,0.521,0.526,0.145265502
0.221,0.047,1.0,0.142,0.147423805
0.393,0.381,0.651,1.0,0.275651794
0.057,0.72,0.655,1.0,0.185366223
0.279,0.215,0.736,0.508,0.267662286
0.322,0.0,0.327,0.447,0.00166778
0.458,0.666,0.506,1.0,0.021705232
0.383,0.0,0.74,0.544,0.546320902
0.089,0.465,0.326,0.728,0.007669377
0.228,0.0,0.742,0.532,0.599016888
0.544,0.845,0.709,1.0,0.079480286
0.089,0.405,0.556,0.468,0.020393727
0.574,0.098,0.747,0.392,0.161332296
0.185,0.0,0.46,0.299,0.096832768
0.039,0.0,0.911,0.506,0.625234935
0.482,0.014,0.514,0.285,0.029921929
0.704,0.848,0.846,0.938,0.010602191
0.399,0.18,0.481,0.471,0.044536085
0.187,0.864,0.907,1.0,0.144403214
0.213,0.35,0.838,0.827,0.314905716
0.235,0.273,0.716,0.339,0.069530406
0.501,0.742,0.514,1.0,0.006373362
0.571,0.217,0.855,0.566,0.163726395
0.03,0.044,0.652,0.702,0.508228746
0.662,0.554,0.704,0.757,0.015276793
0.174,0.134,0.756,0.157,0.033694657
0.21,0.0,0.521,0.57,0.227146771
0.784,0.725,0.81,0.917,0.001475013
0.064,0.069,1.0,0.719,0.643719923
0.649,0.05,0.75,0.587,0.129642761
0.172,0.0,0.665,0.444,0.459107557
0.273,0.673,0.825,0.998,0.253357934
0.162,0.727,0.371,0.853,0.008975718
0.679,0.12,0.926,0.356,0.048381101
0.602,0.418,0.661,0.702,0.03115082
0.183,0.698,0.514,0.957,0.058179521
0.343,0.626,0.774,0.819,0.098442029
0.429,0.005,0.802,0.722,0.606667332
0.24,0.0,0.468,0.817,0.165445808
0.064,0.077,0.762,0.39,0.410408047
0.276,0.024,0.556,0.327,0.194178433
0.358,0.047,0.84,0.453,0.473386092
0.072,0.476,0.957,0.673,0.118775516
0.39,0.731,0.957,0.958,0.165908794
0.363,0.0,0.523,0.425,0.160602535
0.491,0.0,0.543,0.267,0.055212285
0.457,0.0,0.68,0.557,0.404946886
0.005,0.004,0.133,0.061,0.000912201
0.339,0.3,0.479,0.417,0.022615712
0.3,0.0,0.921,0.529,0.608114807
0.373,0.493,0.711,0.619,0.060503053
0.392,0.58,0.535,1.0,0.07024984
0.301,0.226,0.401,0.268,0.004714188
0.051,0.847,0.836,0.853,0.006984365
0.592,0.37,0.658,0.803,0.056191611
0.118,0.303,0.55,0.706,0.118279829
0.517,0.0,0.642,0.744,0.293348502
0.151,0.351,0.718,0.399,0.041852836
0.344,0.0,0.805,0.594,0.626078291
0.425,0.036,0.843,0.153,0.15166296
0.637,0.0,0.666,0.395,0.043813209
0.221,0.556,0.947,0.65,0.053076356
0.106,0.174,0.426,0.498,0.05700915
0.118,0.715,0.984,0.969,0.215701225
0.226,0.289,0.591,0.373,0.049976593
0.124,0.0,0.608,0.429,0.364343594
0.33,0.067,0.39,0.666,0.03642954
0.146,0.0,0.707,0.403,0.495597337
0.426,0.15,0.669,0.184,0.03694416
0.217,0.0,0.542,0.522,0.255956848
0.0,0.716,0.891,0.762,0.027551927
0.629,0.0,0.658,0.552,0.053797512
0.418,0.0,0.465,0.381,0.044973254
0.403,0.221,0.784,0.579,0.286002699
0.543,0.0,0.82,0.506,0.35417685
0.244,0.0,0.961,0.452,0.567998596
0.003,0.062,0.629,0.376,0.307152004
0.032,0.789,1.0,0.961,0.163490599
0.163,0.575,0.548,0.576,0.000731482
0.036,0.456,0.491,0.739,0.038116252
0.103,0.286,0.628,0.889,0.291505167
0.043,0.53,0.945,1.0,0.359145766
0.227,0.207,0.687,0.243,0.042112727
0.893,0.345,0.904,0.888,2.0654e-05
0.108,0.102,1.0,0.987,0.828807322
0.479,0.0,0.589,0.385,0.169600628
0.143,0.285,0.949,0.338,0.060682051
0.316,0.318,0.804,1.0,0.49346313
0.434,0.118,0.943,0.232,0.141358526
0.534,0.53,0.854,0.679,0.057635643
0.153,0.328,0.827,0.338,0.008798441
0.03,0.0,0.613,0.501,0.407389176
0.159,0.453,0.9,0.519,0.044302011
0.0,0.224,0.877,0.331,0.136109065
0.0,0.093,0.835,0.507,0.484375538
0.354,0.499,0.829,0.821,0.176689982
0.389,0.065,0.476,0.486,0.073535486
0.368,0.0,0.601,0.57,0.345819019
0.441,0.0,0.901,0.115,0.13905909
0.011,0.022,0.819,0.973,0.933448879
0.504,0.429,0.563,1.0,0.072416749
0.153,0.101,0.533,0.377,0.148792108
0.061,0.826,0.893,0.889,0.058482441
0.033,0.032,0.888,0.041,0.011457595
0.203,0.57,1.0,1.0,0.321471846
0.179,0.0,0.568,0.48,0.30418821
0.341,0.0,0.978,0.466,0.552659842
0.302,0.0,0.67,0.449,0.448369397
0.003,0.103,0.934,0.597,0.523622576
0.292,0.191,0.844,0.603,0.376033541
0.221,0.317,0.883,0.356,0.040651484
0.07,0.0,0.582,0.6,0.378629013
0.039,0.339,0.147,0.422,0.000581744
0.0,0.0,0.917,0.571,0.666512912
0.302,0.0,0.915,0.662,0.682077134
0.447,0.276,0.634,0.917,0.23867149
0.268,0.854,0.7,0.99,0.120529352
0.703,0.59,0.991,1.0,0.038665294
0.206,0.021,0.465,0.357,0.10757437
0.317,0.0,0.327,0.554,0.003438827
0.158,0.0,0.937,0.51,0.61967739
0.107,0.247,0.593,0.426,0.115085403
0.294,0.149,0.34,0.601,0.010994609
0.106,0.0,0.574,0.516,0.333616173
0.404,0.019,0.962,0.391,0.434398945
0.272,0.252,0.592,0.298,0.032522564
0.196,0.15,0.436,0.289,0.034371063
0.0,0.0,0.839,0.547,0.648921193
0.495,0.0,0.69,0.376,0.297415544
0.49,0.0,0.754,0.426,0.38274941
0.111,0.0,1.0,0.037,0.056133092
0.213,0.38,0.305,0.985,0.019371373
0.34,0.0,0.455,0.716,0.107970231
0.22,0.574,0.97,0.914,0.225315484
0.0,0.0,0.773,0.72,0.735666389
0.196,0.523,0.69,1.0,0.293703056
0.503,0.559,0.994,0.664,0.044243492
0.222,0.201,0.672,0.215,0.016335291
0.484,0.153,0.635,0.242,0.058091743
0.151,0.289,0.801,0.461,0.160423537
0.231,0.306,0.897,0.762,0.316745609
0.027,0.0,0.65,0.49,0.466387958
0.123,0.0,0.88,0.101,0.151977928
0.244,0.479,0.374,0.504,0.001185862
0.474,0.453,0.556,0.871,0.051233021
0.111,0.112,1.0,0.183,0.108624262
0.489,0.571,0.568,1.0,0.072915878
0.276,0.132,0.778,0.668,0.491447681
0.0,0.461,0.87,0.727,0.159143013
0.573,0.0,0.815,0.491,0.282663697
0.24,0.267,0.843,0.451,0.178980813
0.385,0.244,0.721,0.544,0.226883438
0.234,0.167,0.676,0.428,0.251084315
0.172,0.186,0.997,1.0,0.702644696
0.382,0.0,0.421,0.582,0.032978665
0.111,0.434,0.96,1.0,0.423111743
0.285,0.196,0.357,0.215,0.001222006
0.167,0.007,0.816,0.338,0.459276228
0.146,0.163,0.507,1.0,0.219069486
0.0,0.0,0.768,0.448,0.572205049
0.191,0.0,0.716,0.342,0.446837587
0.19,0.0,0.45,0.45,0.116130132
0.134,0.0,0.493,0.652,0.201606851
0.0,0.0,0.718,0.591,0.628876856
0.419,0.0,0.524,0.36,0.110973612
0.153,0.229,0.309,0.429,0.010035937
0.183,0.156,0.568,0.818,0.269269826
0.141,0.062,0.918,0.216,0.233991725
0.143,0.153,0.515,0.247,0.048203824
0.201,0.529,0.869,1.0,0.347442049
0.747,0.263,0.902,0.295,0.001853662
0.295,0.0,0.465,0.167,0.051313914
0.109,0.182,0.828,0.256,0.106111406
0.371,0.0,0.749,0.565,0.572853917
0.161,0.099,0.958,0.296,0.283458861
0.221,0.124,0.905,0.276,0.222052212
0.284,0.449,0.61,1.0,0.220773409
0.026,0.0,0.939,0.81,0.803609908
0.514,0.302,0.8,0.598,0.163220381
0.277,0.0,0.617,0.448,0.366145622
0.249,0.429,0.258,0.628,0.000165229
0.498,0.242,0.783,0.508,0.179631402
0.195,0.406,0.983,0.871,0.297498158
0.122,0.768,0.679,1.0,0.178905083
0.607,0.0,0.795,0.767,0.285364158
0.356,0.058,0.567,0.737,0.28116631
0.359,0.067,0.865,0.372,0.377658293
0.658,0.188,0.695,0.912,0.066096742
0.311,0.861,0.682,0.933,0.054888711
0.594,0.0,0.638,0.54,0.080461333
0.553,0.014,0.606,0.591,0.111598384
0.077,0.307,0.984,0.343,0.04029693
0.246,0.087,0.486,0.147,0.024149243
0.245,0.842,1.0,1.0,0.157981247
0.153,0.483,0.796,0.635,0.094218364
0.454,0.0,0.87,0.501,0.484447826
0.63,0.282,0.63,0.961,0.0
0.42,0.0,0.733,0.644,0.557265599
0.266,0.383,0.851,1.0,0.44434022
0.339,0.004,0.748,0.347,0.429664103
0.219,0.788,1.0,0.835,0.032574198
0.287,0.0,0.651,0.773,0.549393128
0.006,0.0,0.664,0.641,0.557713094
0.416,0.136,0.754,0.717,0.441970217
0.0,0.0,0.897,0.517,0.632744246
0.106,0.052,0.82,0.809,0.719153821
0.435,0.233,0.694,0.706,0.266577971
0.211,0.0,0.965,0.405,0.53623161
0.777,0.798,0.81,0.886,0.001172093
0.099,0.022,0.822,0.061,0.05543259
0.327,0.493,0.652,1.0,0.241693803
0.532,0.0,0.792,0.667,0.435082236
0.34,0.0,0.753,0.572,0.598016908
0.0,0.025,0.8,0.498,0.577920938
0.101,0.0,0.973,0.686,0.725423916
0.301,0.207,0.882,0.487,0.279033824
0.75,0.222,0.816,0.568,0.012889579
0.414,0.211,0.851,0.312,0.112875466
0.101,0.263,0.995,0.33,0.079669611
0.514,0.223,0.603,0.532,0.082829615
0.201,0.429,0.725,0.432,0.001839893
0.004,0.773,0.922,1.0,0.219596153
0.441,0.65,0.886,1.0,0.23459068
0.034,0.088,0.048,0.611,0.000237517
0.461,0.59,0.576,1.0,0.092784658
0.284,0.281,0.853,0.681,0.296248614
0.138,0.003,0.513,0.436,0.192510654
0.349,0.634,0.63,1.0,0.162167046
0.048,0.0,0.83,0.813,0.802795811
0.157,0.298,0.505,0.938,0.130881978
0.482,0.054,0.84,0.529,0.404552746
0.339,0.389,0.671,0.947,0.275529593
0.0,0.002,0.902,0.649,0.701310816
0.18,0.0,0.943,0.629,0.689792982
0.455,0.0,0.575,0.557,0.206105898
0.0,0.0,0.97,0.652,0.711684096
0.166,0.156,0.322,0.602,0.019151067
0.0,0.007,0.832,0.559,0.643100315
0.168,0.254,0.875,0.724,0.361524375
0.301,0.716,0.849,0.845,0.07865242
0.178,0.34,0.36,0.54,0.011194261
0.272,0.888,0.367,0.898,0.000707386
0.143,0.246,0.814,0.41,0.179330203
0.0,0.689,0.935,1.0,0.267763833
0.0,0.297,0.887,0.614,0.256103144
0.209,0.584,0.963,0.717,0.070301474
0.038,0.0,0.768,0.371,0.506924125
0.08,0.242,0.866,0.53,0.271667367
0.0,0.141,0.801,0.687,0.511929186
0.322,0.0,0.883,0.416,0.523285233
0.388,0.616,0.701,1.0,0.225251802
0.295,0.0,0.507,0.439,0.165333935
0.356,0.0,0.464,0.395,0.084907024
0.16,0.173,0.659,0.37,0.19449168
0.21,0.16,0.741,0.19,0.04537772
0.109,0.0,0.645,0.572,0.488879748
0.061,0.0,1.0,0.547,0.649731847
0.041,0.0,0.85,0.553,0.65446841
0.488,0.056,0.662,1.0,0.460718539
0.421,0.0,0.483,0.338,0.057312069
0.354,0.0,0.6,0.723,0.394313715
0.179,0.304,0.8,0.319,0.015574549
0.688,0.346,0.84,0.619,0.034625791
0.199,0.211,0.487,0.911,0.133852657
0.123,0.174,0.926,0.333,0.208577448
0.243,0.0,0.431,0.546,0.097180437
0.263,0.0,0.593,0.659,0.397397988
0.324,0.429,0.555,1.0,0.142590859
0.296,0.0,0.955,0.657,0.681269922
0.23,0.132,0.526,0.436,0.134126318
0.344,0.058,0.537,0.592,0.198892622
0.797,0.951,0.934,0.961,5.8519e-05
0.453,0.39,0.671,0.655,0.102806827
0.0,0.0,0.737,0.635,0.668638513
0.037,0.531,0.412,0.676,0.010309598
0.498,0.473,0.558,0.55,0.007091076
0.284,0.467,0.845,0.739,0.155661157
0.095,0.0,0.802,0.493,0.608662127
0.132,0.0,0.66,0.556,0.509442146
0.0,0.0,0.808,0.432,0.567905654
0.251,0.314,0.82,0.888,0.396515046
0.394,0.349,0.919,0.959,0.398101932
0.651,0.095,0.711,0.36,0.05371834
0.081,0.045,0.461,0.886,0.174166799
0.503,0.145,0.59,0.45,0.097977322
0.027,0.628,0.694,0.935,0.19110965
0.085,0.178,0.775,0.533,0.358292083
0.574,0.0,0.588,0.543,0.029985611
0.146,0.0,1.0,0.791,0.78233496
0.25,0.615,0.863,1.0,0.287629171
0.429,0.0,0.505,0.636,0.102455715
0.198,0.0,0.948,0.26,0.382744246
0.382,0.48,0.758,1.0,0.328284097
0.172,0.0,0.656,0.14,0.164778008
0.094,0.422,0.957,0.679,0.163247919
0.182,0.439,0.829,0.47,0.02176375
0.286,0.658,0.638,1.0,0.172003332
0.363,0.0,0.924,0.498,0.561310266
0.046,0.175,0.619,0.721,0.312683731
0.363,0.498,0.807,0.669,0.093562611
0.22,0.0,0.978,0.835,0.803325921
0.279,0.566,0.714,1.0,0.279097506
0.353,0.317,0.81,0.91,0.392033211
0.228,0.0,0.609,0.353,0.314838592
0.222,0.637,0.944,0.752,0.061432466
0.108,0.25,0.434,0.496,0.042384667
0.251,0.14,0.865,0.46,0.365273006
0.141,0.65,0.542,0.982,0.097543596
0.484,0.123,0.878,0.344,0.216480899
0.004,0.0,0.872,0.746,0.761221799
0.125,0.147,0.744,0.315,0.223029817
0.39,0.067,0.437,0.915,0.045703015
0.314,0.554,0.829,0.98,0.290658369
0.184,0.138,0.707,0.251,0.154339325
0.525,0.211,0.578,0.612,0.063878199
0.404,0.823,0.597,1.0,0.077137822
0.401,0.2,0.886,0.273,0.090483501
0.0,0.002,0.849,0.17,0.253934514
0.201,0.768,0.775,1.0,0.209499976
0.136,0.135,0.983,0.732,0.543291705
0.322,0.06,0.59,0.318,0.204205765
0.318,0.601,0.865,0.921,0.201648159
0.71,0.138,0.736,0.541,0.017028908
0.23,0.102,0.925,0.325,0.310303402
0.241,0.0,1.0,0.757,0.748068887
0.517,0.0,0.567,0.235,0.056255292
0.217,0.611,0.893,1.0,0.296506785
0.037,0.346,0.84,0.359,0.014151171
0.004,0.0,0.63,0.548,0.45510764
0.586,0.372,0.722,0.764,0.103875651
0.568,0.564,0.8,1.0,0.175359545
0.278,0.0,0.795,0.624,0.662299574
0.351,0.487,0.735,0.947,0.269266383
0.459,0.451,0.822,0.635,0.094047971
0.198,0.0,0.523,0.828,0.27097547
0.314,0.12,0.504,0.808,0.15081272
0.131,0.226,0.231,0.277,0.000791722
0.0,0.0,0.742,0.367,0.495044853
0.379,0.0,0.684,0.649,0.525607044
0.473,0.358,0.809,0.659,0.165092976
0.275,0.0,0.472,0.312,0.100252663
0.015,0.279,0.887,0.727,0.335802014
0.247,0.0,0.644,0.567,0.469739007
0.244,0.49,0.991,0.77,0.160182578
0.608,0.725,0.786,0.988,0.09225627
0.479,0.0,0.607,0.477,0.222902453
0.22,0.0,0.82,0.69,0.71272194
0.021,0.0,0.97,0.402,0.546410401
0.063,0.0,0.57,0.823,0.409797044
0.579,0.0,0.586,0.227,0.007918941
0.0,0.0,0.841,0.702,0.736268786
0.487,0.0,0.607,0.259,0.139442903
0.0,0.142,0.929,0.181,0.060501332
0.078,0.2,0.999,0.356,0.198822055
0.171,0.083,0.849,0.555,0.525082098
0.0,0.0,0.849,0.865,0.848001418
0.156,0.331,0.928,0.781,0.304640868
0.15,0.636,0.969,0.791,0.086378595
0.247,0.041,0.78,0.797,0.702432996
0.265,0.0,0.497,0.577,0.179806958
0.242,0.0,0.717,0.528,0.5752549
0.42,0.161,0.488,0.245,0.018369672
0.325,0.074,0.755,0.175,0.144869641
0.265,0.752,0.483,1.0,0.042577434
0.821,0.11,0.993,0.116,3.9586e-05
0.035,0.167,0.822,0.96,0.692684488
0.118,0.0,0.844,0.612,0.684681211
0.193,0.0,1.0,0.598,0.671726229
0.114,0.053,1.0,0.348,0.411155019
0.689,0.157,0.732,0.187,0.003400962
0.437,0.0,0.712,0.579,0.489062188
0.334,0.259,0.495,0.858,0.084173821
0.175,0.0,0.583,0.465,0.33015325
0.064,0.0,0.673,0.319,0.384207211
0.662,0.685,0.746,0.946,0.040613619
0.279,0.408,0.935,0.553,0.102488417
0.008,0.104,0.626,0.646,0.373837373
0.175,0.064,1.0,0.419,0.455660124
0.428,0.081,0.699,0.886,0.532343566
0.434,0.34,0.683,0.361,0.012624524
0.429,0.601,0.711,0.8,0.087092866
0.335,0.568,0.379,0.634,0.001676385
0.407,0.0,0.831,0.609,0.589493849
0.175,0.003,0.875,0.424,0.54420907
0.173,0.0,1.0,0.717,0.736582033
0.24,0.7,0.624,1.0,0.154411613
0.416,0.0,0.619,0.491,0.317213758
0.273,0.0,1.0,0.66,0.688772349
0.436,0.0,0.808,0.629,0.566616524
0.052,0.0,0.608,0.652,0.449615498
0.58,0.746,0.678,0.892,0.035288428
0.658,0.0,0.699,0.392,0.05904181
0.143,0.119,0.491,0.631,0.143979815
0.504,0.07,0.878,1.0,0.620761705
0.06,0.0,1.0,0.668,0.71933454
0.602,0.608,0.623,0.781,0.005989549
0.098,0.487,0.295,0.87,0.013917096
0.334,0.104,0.872,0.132,0.041985363
0.117,0.099,0.851,0.424,0.412418332
0.513,0.0,0.816,0.241,0.231826537
0.595,0.234,0.703,0.417,0.059571919
0.166,0.0,0.478,0.874,0.202994086
0.0,0.0,0.826,0.238,0.358971932
0.391,0.576,0.472,1.0,0.027548484
0.409,0.396,0.452,0.484,0.004481835
0.193,0.567,0.985,0.71,0.076282418
0.046,0.0,0.801,0.651,0.706546509
0.516,0.0,0.517,0.556,0.001538695
0.07,0.539,1.0,0.778,0.136031614
0.0,0.191,0.665,0.225,0.042419089
0.357,0.0,0.736,0.59,0.587430208
0.166,0.0,0.792,0.569,0.650411695
0.337,0.511,0.435,0.775,0.012331931
0.0,0.0,0.71,0.605,0.625668661
0.186,0.436,0.613,0.654,0.080709176
0.559,0.096,0.578,0.121,0.002445733
0.159,0.0,1.0,0.431,0.564119158
0.41,0.0,0.445,0.802,0.041376082
0.0,0.0,0.876,0.446,0.581433774
0.0,0.0,0.935,0.863,0.846844816
0.428,0.603,0.658,0.998,0.180443777
0.163,0.31,0.835,0.96,0.492728205
0.195,0.007,0.944,0.243,0.345889586
0.092,0.0,0.905,0.627,0.696407303
0.028,0.0,0.714,0.334,0.446150854
0.397,0.0,0.55,0.539,0.206735833
0.0,0.877,0.793,0.935,0.061504754
0.026,0.696,0.7,0.967,0.198873689
0.603,0.705,0.67,1.0,0.051745919
0.367,0.094,0.586,0.655,0.270202681
0.093,0.26,0.752,0.423,0.167165222
0.501,0.315,0.933,0.925,0.333258177
0.455,0.144,0.901,0.529,0.328907148
0.0,0.053,0.85,0.714,0.663375283
0.062,0.0,1.0,0.58,0.67101368
0.496,0.243,0.867,0.835,0.33553696
0.719,0.289,0.916,0.406,0.008671077
0.15,0.181,0.687,0.381,0.211670327
0.219,0.402,0.394,0.611,0.013788011
0.354,0.417,0.714,1.0,0.349047868
0.473,0.121,0.566,0.83,0.158285887
0.484,0.0,0.495,0.648,0.016545269
0.443,0.0,0.505,0.677,0.088175459
0.469,0.135,0.681,1.0,0.471071165
0.524,0.0,0.554,0.584,0.062907479
0.129,0.0,0.85,0.131,0.200167983
0.155,0.031,0.388,0.642,0.070747248
0.273,0.604,0.421,0.791,0.008006719
0.083,0.0,0.8,0.628,0.693558825
0.258,0.52,0.861,1.0,0.342700323
0.149,0.125,0.571,0.608,0.254325212
0.222,0.988,1.0,0.99,0.003316627
0.281,0.398,0.969,0.775,0.229642417
0.372,0.0,0.497,0.807,0.152191349
0.184,0.0,0.851,0.25,0.373782297
0.382,0.325,0.754,0.97,0.418659167
0.721,0.055,0.743,0.166,0.003409568
0.584,0.42,0.725,0.708,0.073265268
0.285,0.119,0.384,0.72,0.039945819
0.0,0.0,0.785,0.135,0.204431234
0.025,0.0,0.957,0.426,0.567673301
0.078,0.106,0.553,0.332,0.150707731
0.272,0.178,0.699,0.311,0.150005508
0.346,0.102,0.601,0.264,0.139819832
0.295,0.0,0.451,0.493,0.102985825
0.118,0.035,0.636,0.182,0.165459577
0.491,0.108,0.593,0.286,0.081779722
0.401,0.0,0.938,0.703,0.641382622
0.045,0.325,0.977,0.945,0.4700316
0.22,0.0,0.93,0.305,0.434803412
0.009,0.0,0.637,0.379,0.385167604
0.409,0.104,0.451,0.607,0.035744529
0.434,0.0,0.622,0.353,0.251366581
0.052,0.0,0.605,0.586,0.421640173
0.0,0.388,0.912,1.0,0.465413795
0.288,0.64,0.792,1.0,0.265615856
0.163,0.027,0.765,0.261,0.338187507
0.189,0.0,0.632,0.524,0.437867032
0.246,0.091,0.596,0.43,0.254106628
0.269,0.293,0.615,0.351,0.040090394
0.322,0.0,0.489,0.412,0.130181476
0.043,0.0,0.635,0.141,0.155416756
0.25,0.093,0.846,0.241,0.217085017
0.087,0.08,0.866,0.364,0.391017741
0.402,0.0,0.456,0.317,0.042074862
0.233,0.353,0.868,1.0,0.478590804
0.353,0.575,0.744,1.0,0.276397045
0.374,0.245,0.595,0.643,0.158306541
0.067,0.0,0.968,0.488,0.610613894
0.085,0.247,0.576,0.319,0.049439598
0.224,0.177,0.712,0.817,0.472862867
0.256,0.0,0.982,0.474,0.581065451
0.391,0.081,0.422,0.524,0.020849828
0.324,0.039,0.974,0.773,0.677242467
0.299,0.093,0.508,0.804,0.172464596
0.339,0.027,0.637,0.06,0.031278184
0.407,0.626,0.989,0.921,0.178244167
0.297,0.54,0.819,0.973,0.29560491
0.122,0.614,0.458,0.917,0.038546536
0.491,0.174,0.601,0.293,0.056663201
0.333,0.333,0.858,0.44,0.094089279
0.145,-0.0,0.601,0.273,0.254891465
0.409,0.465,0.61,0.528,0.019493573
0.502,0.571,0.641,0.912,0.099500527
0.251,0.014,0.794,0.797,0.738292841
0.584,0.892,0.615,0.986,0.009517876
0.135,0.0,0.96,0.426,0.562327456
0.157,0.0,0.486,0.518,0.17130283
0.118,0.0,0.636,0.306,0.324915837
0.436,0.072,0.604,0.594,0.250432005
0.54,0.332,0.596,0.463,0.020445361
0.271,0.0,0.657,0.437,0.427867239
0.541,0.634,0.814,0.78,0.054165835
0.422,0.678,0.423,1.0,0.000261612
0.542,0.491,0.649,0.508,0.00417031
0.277,0.116,0.678,0.425,0.315045128
0.461,0.364,0.635,0.941,0.194436604
0.423,0.0,0.8,0.613,0.572785072
0.414,0.743,0.725,1.0,0.179349136
0.0,0.0,0.704,0.584,0.607491756
0.106,0.0,0.775,0.73,0.737067393
0.039,0.178,0.781,0.717,0.463835515
0.276,0.187,0.842,0.502,0.320394415
0.122,0.0,0.981,0.603,0.681705369
0.186,0.256,0.865,0.922,0.51060047
0.175,0.524,0.915,1.0,0.354243974
0.0,0.033,0.688,0.25,0.293166062
0.068,0.395,0.578,0.494,0.036190302
0.808,0.288,0.976,0.7,0.001005143
0.27,0.363,0.903,1.0,0.462701287
0.349,0.143,0.707,0.784,0.465043751
0.0,0.545,0.969,1.0,0.349049589
0.4,0.0,0.808,0.345,0.421187514
0.0,0.0,0.795,0.792,0.786190302
0.521,0.214,0.563,0.897,0.074606032
0.228,0.0,0.821,0.511,0.608687944
0.334,0.133,0.378,0.618,0.021188891
0.358,0.696,0.539,1.0,0.065236174
0.505,0.0,0.589,0.662,0.185266397
0.035,0.551,0.717,0.888,0.196579417
0.353,0.229,0.96,0.671,0.343280345
0.541,0.0,0.889,0.4,0.309348172
0.336,0.314,0.881,0.902,0.394100294
0.357,0.016,0.967,0.534,0.565389355
0.364,0.139,0.389,0.481,0.010968792
0.049,0.232,0.588,0.331,0.07348041
0.465,0.161,0.875,0.539,0.307158888
0.375,0.0,0.617,0.224,0.195298892
0.322,0.504,0.608,0.603,0.032899493
0.429,0.458,0.668,1.0,0.246036226
0.124,0.287,0.904,0.552,0.227814572
0.017,0.0,0.664,0.205,0.254717631
0.275,0.58,0.403,0.858,0.011545373
0.306,0.282,0.764,0.914,0.437407489
0.036,0.221,0.343,0.812,0.034415812
0.536,0.074,0.609,0.854,0.174221875
0.44,0.664,0.513,1.0,0.032269557
0.464,0.142,0.721,0.174,0.032816878
0.072,0.052,0.624,0.549,0.389625343
0.0,0.0,0.774,0.274,0.402051937
0.11,0.298,0.997,0.49,0.173936167
0.087,0.25,0.705,0.338,0.097961832
0.217,0.0,0.706,0.321,0.41377975
0.128,0.0,0.809,0.507,0.617136995
0.227,0.176,0.561,1.0,0.313330878
0.175,0.0,0.905,0.392,0.530013149
0.302,0.0,1.0,0.388,0.505514516
0.111,0.0,0.677,0.12,0.153630218
0.396,0.663,0.556,1.0,0.07850096
0.192,0.819,0.883,0.993,0.176516148
0.009,0.0,0.618,0.471,0.403010609
0.149,0.0,1.0,0.443,0.57358712
0.509,0.575,0.983,0.784,0.089917248
0.163,0.175,0.701,0.53,0.326600828
0.651,0.0,0.656,0.53,0.008844912
0.0,0.024,0.902,0.282,0.382436163
0.307,0.0,0.753,0.218,0.306566818
0.058,0.315,0.939,0.657,0.25530798
0.455,0.789,0.658,1.0,0.110863459
0.331,0.154,0.605,0.285,0.110505463
0.47,0.299,0.718,0.562,0.150835095
0.354,0.521,0.786,1.0,0.319557944
0.274,0.001,0.623,0.865,0.52224911
0.315,0.0,0.766,0.343,0.450758332
0.151,0.0,1.0,0.315,0.45334864
0.315,0.346,0.935,0.826,0.305630521
0.154,0.065,1.0,0.497,0.51345239
0.224,0.0,0.757,0.465,0.565401403
0.118,0.092,0.278,0.832,0.02399262
0.168,0.006,1.0,0.494,0.59271065
0.278,0.061,0.627,0.561,0.369820245
0.085,0.039,0.8,0.783,0.718138352
0.127,0.471,0.704,0.757,0.146077878
0.251,0.0,1.0,0.175,0.257378505
0.846,0.565,0.938,0.972,0.000413072
0.41,0.05,0.926,0.411,0.408609461
0.659,0.187,0.992,0.195,0.002476713
0.323,0.031,0.727,0.067,0.047066154
0.404,0.0,0.679,0.19,0.20873235
0.127,0.209,0.908,0.425,0.243988076
0.761,0.287,0.943,0.306,0.00074353
0.073,0.51,1.0,1.0,0.371424342
0.055,0.0,1.0,0.383,0.528596655
0.402,0.0,0.676,0.652,0.491812562
0.137,0.208,0.523,0.359,0.069211996
0.458,0.132,0.588,0.91,0.239341012
0.151,0.72,0.935,1.0,0.245840017
0.222,0.0,0.506,0.443,0.179008351
0.402,0.373,0.73,0.543,0.105376481
0.235,0.0,0.945,0.547,0.632918081
0.078,0.049,0.579,0.079,0.026028722
0.232,0.491,0.852,0.62,0.080020722
0.446,0.5,0.663,1.0,0.215914645
0.436,0.017,0.598,0.41,0.225329253
0.192,0.0,0.905,0.866,0.833394147
0.081,0.115,0.556,0.476,0.20406119
0.149,0.101,0.227,0.705,0.006679724
0.241,0.0,0.688,0.163,0.211045555
0.627,0.067,0.64,0.107,0.002175514
0.15,0.553,0.968,0.62,0.038398518
0.46,0.222,0.893,0.382,0.146972868
0.217,0.45,0.889,0.46,0.008631491
0.374,0.207,0.84,0.477,0.25588456
0.417,0.0,0.42,0.247,0.001760721
0.0,0.0,0.816,0.673,0.71978892
0.54,0.424,0.68,0.646,0.062978045
0.373,0.157,0.57,0.349,0.110872065
0.289,0.14,0.601,0.344,0.163313322
0.447,0.0,0.611,0.722,0.328963946
0.334,0.595,0.936,0.618,0.011152954
0.058,0.107,0.971,0.426,0.404888367
0.25,0.398,1.0,1.0,0.434257812
0.51,0.205,0.78,0.7,0.285601674
0.452,0.731,0.65,0.952,0.09677597
0.268,0.0,0.478,0.41,0.128529187
0.12,0.078,0.442,0.611,0.106892801
0.02,0.413,0.94,1.0,0.443696516
0.195,0.006,0.728,0.693,0.663936373
0.183,0.172,0.753,0.476,0.324809126
0.18,0.0,1.0,0.461,0.582834778
0.199,0.0,0.951,0.419,0.549183149
0.296,0.878,0.531,1.0,0.039591265
0.0,0.302,0.833,0.414,0.113882329
0.478,0.113,0.72,0.575,0.330075799
0.355,0.069,0.443,0.374,0.049716701
0.141,0.453,0.575,0.491,0.01160217
0.154,0.592,1.0,1.0,0.313570116
0.142,0.97,0.997,0.98,0.010078966
0.084,0.0,0.713,0.442,0.535013046
0.0,0.0,0.877,0.492,0.614963202
0.056,0.222,0.835,0.323,0.128937096
0.256,0.0,0.724,0.51,0.568454696
0.23,0.0,0.656,0.657,0.530390078
0.092,0.309,0.154,0.624,0.001292572
0.24,0.0,0.411,0.496,0.073797099
0.144,0.117,1.0,0.195,0.121105932
0.336,0.509,0.726,0.729,0.107440122
0.268,0.0,0.897,0.679,0.699501904
0.124,0.0,0.735,0.522,0.599624448
0.044,0.163,0.911,0.198,0.054043634
0.324,0.313,0.333,0.756,0.001681549
0.251,0.155,0.644,1.0,0.515992785
0.068,0.189,0.911,0.434,0.279267898
0.322,0.246,0.408,0.651,0.028310947
0.117,0.02,1.0,0.23,0.314105389
0.582,0.272,0.637,0.444,0.027625935
0.019,0.0,0.639,0.452,0.42906687
0.0,0.301,0.819,0.571,0.222193345
0.397,0.258,0.614,0.306,0.032751475
0.653,0.852,0.716,0.97,0.020395448
0.303,0.348,0.449,1.0,0.061069307
0.391,0.641,0.679,0.99,0.190292111
0.109,0.0,0.765,0.588,0.657864209
0.034,0.972,0.794,0.994,0.026751599
0.288,0.06,0.959,0.402,0.436278425
0.148,0.746,0.692,1.0,0.196667194
0.358,0.0,0.913,0.328,0.432022058
0.396,0.0,0.465,0.723,0.079290961
0.104,0.239,0.946,0.862,0.480418649
0.375,0.995,0.568,0.999,0.000869173
0.121,0.0,0.834,0.745,0.754617805
0.252,0.0,0.789,0.558,0.630327773
0.367,0.0,0.38,0.663,0.010581537
