0.466,0.161,0.837,0.37,0.0
0.196,0.626,0.327,0.682,0.002573173
0.143,0.344,0.338,0.924,0.41177029
0.901,0.44,0.977,0.454,1.446e-06
0.047,0.274,0.163,0.388,0.0
0.037,0.497,0.887,0.819,0.262091141
0.163,0.372,0.998,0.472,0.248620052
0.183,0.175,0.714,0.914,0.40173588
0.649,0.18,0.658,0.851,0.000118058
0.121,0.709,0.478,0.967,0.000901092
0.193,0.372,0.237,0.734,0.188811613
0.197,0.067,0.689,0.566,0.296483475
0.22,0.549,0.615,0.974,0.032393547
0.416,0.58,0.855,0.97,0.003788925
0.115,0.185,0.448,0.279,0.0
0.053,0.554,0.111,0.81,0.000439463
0.028,0.913,0.279,0.918,0.0
0.381,0.037,0.952,0.59,0.031487154
0.371,0.789,0.956,0.951,3.9031e-05
0.148,0.054,0.939,0.482,0.278414405
0.25,0.189,0.916,0.718,0.143109848
0.659,0.171,0.948,0.522,0.000399468
0.53,0.056,0.797,0.101,0.0
0.312,0.471,0.62,0.923,0.042885731
0.548,0.38,0.819,0.773,0.00420574
0.661,0.481,0.822,0.806,0.000519453
0.007,0.102,0.706,0.745,0.986587216
0.513,0.016,0.894,0.651,0.006396792
0.111,0.783,0.598,0.901,0.000163835
0.133,0.066,0.465,0.616,0.469710046
0.141,0.531,0.629,0.813,0.071763573
0.411,0.291,0.457,0.761,0.009782875
0.082,0.256,0.307,0.479,0.620932616
0.245,0.087,0.423,0.336,0.0
0.05,0.531,0.634,0.969,0.097141128
0.14,0.187,0.181,0.624,0.066403278
0.057,0.473,0.875,0.939,0.362913738
0.726,0.192,0.796,0.78,0.000217804
0.241,0.164,0.644,0.974,0.157511424
0.432,0.167,0.433,0.283,0.0
0.489,0.644,0.497,0.812,3.4213e-05
0.397,0.299,0.905,0.3,0.0
0.459,0.647,0.919,0.934,0.000604744
0.639,0.089,0.648,0.737,0.000107456
0.311,0.197,0.637,0.52,0.049311917
0.354,0.097,0.784,0.453,0.013514458
0.064,0.16,0.126,0.231,0.0
0.529,0.681,0.888,0.921,0.000114684
0.699,0.052,0.843,0.479,0.000119503
0.173,0.156,0.275,0.808,0.304658358
0.579,0.057,0.725,0.606,0.001989631
0.513,0.011,0.531,0.277,0.0
0.499,0.098,0.984,0.172,0.0
0.017,0.532,0.114,0.993,0.004089128
0.246,0.582,0.864,0.63,0.008946835
0.382,0.096,0.645,0.567,0.02795651
0.031,0.042,0.403,0.849,0.961572507
0.417,0.102,0.919,0.516,0.012122342
0.197,0.18,0.546,0.597,0.306139137
0.655,0.76,0.871,0.762,0.0
0.275,0.365,0.942,0.571,0.098975116
0.582,0.133,0.619,0.156,0.0
0.166,0.632,0.532,0.694,0.004711701
0.139,0.257,0.498,0.928,0.468087116
0.593,0.696,0.644,0.871,1.7347e-05
0.329,0.457,0.544,0.915,0.03855326
0.003,0.62,0.126,0.746,2.5057e-05
0.198,0.662,0.203,0.714,2.5539e-05
0.546,0.256,0.852,0.325,0.0
0.101,0.152,0.342,0.954,0.829793775
0.105,0.509,0.619,0.676,0.183108711
0.94,0.12,0.996,0.759,1.446e-06
0.8,0.013,0.867,0.036,0.0
0.494,0.191,0.565,0.901,0.00530488
0.298,0.444,0.828,0.68,0.067157882
0.041,0.572,0.235,0.632,0.01284948
0.101,0.044,0.219,0.231,0.0
0.422,0.559,0.955,0.761,0.004924205
0.189,0.398,0.425,0.475,0.212278082
0.604,0.732,0.886,0.873,1.2529e-05
0.19,0.067,0.712,0.128,0.0
0.267,0.37,0.584,0.937,0.11974939
0.087,0.101,0.631,0.487,0.685117376
0.615,0.388,0.747,0.691,0.001255747
0.632,0.251,0.671,0.359,0.0
0.633,0.548,0.934,0.65,0.000328152
0.231,0.354,0.799,0.963,0.17783467
0.146,0.013,0.61,0.832,0.46031411
0.05,0.104,0.869,0.343,0.0
0.099,0.116,0.479,0.138,0.0
0.589,0.402,0.649,0.827,0.001290923
0.906,0.555,0.985,0.934,1.446e-06
0.125,0.201,0.435,0.624,0.495221078
0.17,0.185,0.385,0.351,0.0
0.222,0.249,0.806,0.349,0.0
0.09,0.22,0.559,0.769,0.97810442
0.019,0.503,0.313,0.58,0.178459653
0.394,0.164,0.951,0.202,0.0
0.001,0.314,0.825,0.809,0.987355313
0.302,0.155,0.951,0.266,0.0
0.022,0.362,0.959,0.569,0.950407154
0.31,0.296,0.375,0.397,0.0
0.012,0.129,0.694,0.327,0.0
0.808,0.033,0.953,0.164,0.0
0.548,0.062,0.906,0.437,0.000435608
0.191,0.531,0.842,0.811,0.056185758
0.477,0.125,0.685,0.803,0.010005498
0.161,0.398,0.836,0.42,0.083981807
0.012,0.486,0.014,0.523,0.0
0.14,0.362,0.628,0.45,0.167292854
0.143,0.354,0.398,0.409,0.0
0.311,0.359,0.503,0.767,0.066463029
0.262,0.029,0.539,0.604,0.115831325
0.058,0.092,0.791,0.107,0.0
0.18,0.756,0.824,0.954,0.000345981
0.364,0.001,0.465,0.942,0.031646652
0.669,0.175,0.955,0.219,0.0
0.205,0.061,0.793,0.277,0.0
0.54,0.313,0.727,0.809,0.004495343
0.241,0.342,0.824,0.5,0.096894894
0.572,0.814,0.957,0.817,0.0
0.354,0.203,0.901,0.718,0.048015212
0.368,0.358,0.881,0.745,0.041905613
0.129,0.603,0.657,0.887,0.014206901
0.636,0.137,0.742,0.371,0.0
0.216,0.31,0.408,0.401,0.0
0.145,0.563,0.443,0.681,0.030747006
0.201,0.019,0.607,0.485,0.162389851
0.171,0.293,0.841,0.581,0.399313531
0.248,0.066,0.593,0.449,0.040469647
0.613,0.541,0.96,0.882,0.000582578
0.013,0.003,0.865,0.498,0.733679989
0.841,0.816,0.954,0.979,0.0
0.002,0.073,0.103,0.218,0.0
0.37,0.105,0.97,0.216,0.0
0.116,0.166,0.778,0.929,0.590669887
0.437,0.103,0.797,0.186,0.0
0.679,0.295,0.722,0.487,9.1555e-05
0.109,0.291,0.993,0.524,0.602264585
0.77,0.466,0.834,0.934,4.915e-05
0.393,0.598,0.716,0.907,0.003185145
0.131,0.062,0.319,0.921,0.429827313
0.407,0.267,0.66,0.273,0.0
0.215,0.616,0.398,0.637,0.002297063
0.218,0.306,0.365,0.714,0.167802188
0.12,0.6,0.412,0.769,0.012958864
0.554,0.791,0.9,0.871,3.855e-06
0.445,0.239,0.855,0.933,0.01526701
0.59,0.297,0.592,0.542,4.5777e-05
0.789,0.56,0.989,0.692,2.6021e-05
0.302,0.538,0.579,0.824,0.019361439
0.103,0.257,0.936,0.729,0.837079613
0.081,0.141,0.485,0.344,0.0
0.434,0.457,0.833,0.668,0.012422064
0.251,0.581,0.704,0.663,0.011437609
0.365,0.482,0.588,0.953,0.022480086
0.426,0.111,0.825,0.921,0.019164837
0.416,0.823,0.86,1.0,1.3974e-05
0.789,0.48,0.93,0.985,4.7223e-05
0.46,0.183,0.685,0.604,0.010954295
0.207,0.11,0.691,0.484,0.137909051
0.406,0.373,0.456,0.787,0.01136581
0.297,0.116,0.892,0.806,0.086877831
0.835,0.051,0.908,0.053,0.0
0.293,0.581,0.484,0.691,0.007702653
0.293,0.345,0.791,0.785,0.090997798
0.182,0.037,0.78,0.725,0.403629137
0.329,0.348,0.489,0.514,0.03391914
0.319,0.304,0.494,0.806,0.059325607
0.101,0.457,0.614,0.556,0.450835775
0.714,0.953,0.796,0.955,0.0
0.484,0.15,0.688,0.273,0.0
0.267,0.345,0.919,0.858,0.122118733
0.133,0.559,0.138,0.832,0.000960844
0.196,0.178,0.307,0.297,0.0
0.083,0.127,0.662,0.21,0.0
0.17,0.245,0.8,0.467,0.232422555
0.147,0.006,0.308,0.772,0.383203735
0.443,0.18,0.995,0.988,0.015650095
0.105,0.727,0.74,0.867,0.000681361
0.132,0.372,0.916,0.489,0.315774079
0.001,0.244,0.013,0.711,0.0
0.006,0.089,0.888,0.861,0.987452169
0.003,0.656,0.343,0.704,0.001572334
0.677,0.781,0.891,0.96,0.0
0.084,0.022,0.249,0.13,0.0
0.092,0.045,0.884,0.19,0.0
0.274,0.463,0.639,0.864,0.068626133
0.241,0.121,0.734,0.666,0.156139065
0.249,0.138,0.39,0.141,0.0
0.331,0.216,0.539,0.24,0.0
0.682,0.13,0.822,0.504,0.000225514
0.312,0.732,0.594,0.976,0.000237561
0.744,0.311,0.753,0.471,1.1083e-05
0.026,0.518,0.622,0.69,0.136131442
0.344,0.693,0.605,0.724,0.000231296
0.752,0.148,0.788,0.474,1.9275e-05
0.403,0.264,0.787,0.626,0.024152648
0.175,0.719,0.296,0.805,0.000344053
0.205,0.319,0.298,0.6,0.174678438
0.606,0.417,0.621,0.453,6.5534e-05
0.457,0.295,0.616,0.85,0.01192044
0.583,0.027,0.882,0.392,0.0
0.062,0.413,0.31,0.451,0.356436956
0.364,0.108,0.501,0.228,0.0
0.427,0.891,0.946,0.956,1.446e-06
0.879,0.044,0.919,0.985,8.192e-06
0.342,0.472,0.763,0.867,0.032114064
0.493,0.227,0.969,0.57,0.00678855
0.643,0.005,0.963,0.394,0.0
0.097,0.08,0.435,0.726,0.926192827
0.488,0.285,0.754,0.902,0.009112116
0.306,0.553,0.358,0.868,0.005530394
0.214,0.299,0.406,0.615,0.193453444
0.067,0.072,0.138,0.368,0.0
0.991,0.526,0.994,0.715,0.0
0.245,0.526,0.427,0.754,0.031596538
0.18,0.133,0.736,0.925,0.408337465
0.556,0.051,0.651,0.486,0.001021077
0.655,0.311,0.704,0.478,0.000111311
0.876,0.143,0.959,0.289,0.0
0.243,0.58,0.671,0.658,0.011978264
0.104,0.518,0.492,0.929,0.132527073
0.67,0.142,0.814,0.889,0.000628837
0.64,0.446,0.655,0.877,0.000149379
0.138,0.26,0.973,0.521,0.390131063
0.775,0.404,0.827,0.987,5.2524e-05
0.166,0.001,0.17,0.87,0.005443658
0.241,0.39,0.378,0.89,0.121291367
0.601,0.825,0.793,0.926,9.64e-07
0.692,0.403,0.967,0.489,0.000155643
0.258,0.226,0.832,0.282,0.0
0.545,0.381,0.839,0.652,0.004232725
0.475,0.482,0.717,0.664,0.006326439
0.333,0.599,0.88,0.987,0.005135745
0.496,0.779,0.659,0.823,8.192e-06
0.628,0.167,0.961,0.772,0.001188285
0.335,0.112,0.536,0.137,0.0
0.249,0.597,0.631,0.818,0.009690839
0.185,0.079,0.881,0.993,0.396937924
0.406,0.708,0.639,0.986,0.000217322
0.218,0.372,0.459,0.519,0.148078866
0.151,0.068,0.537,0.932,0.447602926
0.593,0.158,0.841,0.272,0.0
0.266,0.012,0.966,0.518,0.08706865
0.326,0.24,0.441,0.828,0.04709629
0.301,0.812,0.664,0.839,2.3612e-05
0.141,0.389,0.671,0.508,0.356820522
0.61,0.109,0.991,0.849,0.001550168
0.511,0.109,0.944,0.405,0.0
0.635,0.652,0.753,0.675,2.1684e-05
0.498,0.065,0.84,0.428,0.000875553
0.104,0.544,0.943,0.751,0.074360357
0.116,0.329,0.611,0.557,0.538542418
0.415,0.274,0.551,0.491,0.007919975
0.008,0.906,0.18,0.93,0.0
0.39,0.324,0.784,0.918,0.031127199
0.376,0.144,0.732,0.432,0.004872645
0.293,0.675,0.768,0.901,0.001138171
0.441,0.017,0.599,0.172,0.0
0.493,0.468,0.848,0.996,0.006089842
0.358,0.514,0.382,0.578,0.002107207
0.024,0.697,0.11,0.802,0.0
0.195,0.014,0.896,0.616,0.331667517
0.158,0.611,0.46,0.793,0.009583864
0.137,0.566,0.833,0.868,0.034248737
0.185,0.083,0.197,0.501,0.067681673
0.226,0.624,0.716,0.961,0.00620549
0.042,0.581,0.679,0.891,0.025143368
0.044,0.214,0.661,0.843,0.986681662
0.443,0.642,0.483,0.991,0.000308877
0.016,0.604,0.913,0.96,0.014157751
0.153,0.35,0.435,0.605,0.420737845
0.031,0.47,0.208,0.833,0.254872765
0.054,0.456,0.87,0.945,0.552437551
0.126,0.355,0.842,0.812,0.515232075
0.139,0.537,0.631,0.67,0.062898655
0.365,0.229,0.922,0.365,0.0
0.168,0.014,0.439,0.351,0.0
0.147,0.275,0.473,0.814,0.448910232
0.045,0.265,0.726,0.32,0.0
0.695,0.253,0.757,0.403,0.0
0.215,0.101,0.898,0.911,0.220932905
0.407,0.073,0.458,0.635,0.010786605
0.241,0.175,0.863,0.936,0.158467931
0.106,0.207,0.698,0.256,0.0
0.163,0.055,0.877,0.942,0.431265688
0.566,0.036,0.827,0.13,0.0
0.066,0.075,0.444,0.195,0.0
0.393,0.916,0.908,0.996,1.927e-06
0.252,0.143,0.821,0.844,0.140765562
0.683,0.355,0.857,0.778,0.000550293
0.556,0.27,0.582,0.954,0.001319835
0.453,0.199,0.754,0.401,0.0
0.079,0.295,0.553,0.749,0.983128853
0.43,0.239,0.903,0.915,0.018273864
0.717,0.292,0.996,0.669,0.000333452
0.169,0.291,0.734,0.337,0.0
0.248,0.404,0.813,0.757,0.14640775
0.431,0.457,0.488,0.939,0.006390046
0.062,0.039,0.252,0.411,0.0
0.038,0.375,0.591,0.697,0.983999106
0.018,0.384,0.956,0.558,0.934278083
0.491,0.346,0.67,0.765,0.008206686
0.172,0.148,0.99,0.226,0.0
0.117,0.75,0.732,0.909,0.000419707
0.034,0.574,0.098,0.844,0.0
0.026,0.042,0.341,0.486,0.656798983
0.458,0.427,0.943,0.883,0.01160048
0.699,0.718,0.956,0.864,6.746e-06
0.03,0.001,0.805,0.746,0.986962591
0.352,0.19,0.651,0.904,0.04832698
0.486,0.266,0.551,0.349,0.0
0.081,0.207,0.539,0.349,0.0
0.675,0.068,0.756,0.629,0.000456329
0.027,0.284,0.514,0.844,0.980819262
0.027,0.465,0.421,0.89,0.424992254
0.117,0.622,0.838,0.82,0.00889142
0.311,0.849,0.971,0.919,1.3492e-05
0.136,0.063,0.948,0.353,0.0
0.218,0.269,0.639,0.82,0.210547214
0.415,0.064,0.65,0.226,0.0
0.024,0.672,0.282,0.955,0.001061554
0.397,0.493,0.739,0.99,0.015172082
0.32,0.815,0.865,0.969,3.8549e-05
0.855,0.16,0.861,0.268,0.0
0.289,0.102,0.943,0.978,0.095493623
0.141,0.035,0.783,0.923,0.471667392
0.058,0.15,0.897,0.39,0.0
0.65,0.742,0.916,0.747,9.64e-07
0.52,0.534,0.763,0.803,0.002267669
0.039,0.583,0.402,0.589,0.002934573
0.012,0.342,0.536,0.982,0.982435445
0.046,0.526,0.789,0.702,0.108780157
0.752,0.281,0.875,0.701,0.000119985
0.278,0.245,0.327,0.755,0.046449142
0.481,0.277,0.967,0.282,0.0
0.14,0.066,0.934,0.983,0.473894102
0.269,0.252,0.839,0.355,0.0
0.791,0.65,0.952,0.807,7.71e-06
0.23,0.559,0.499,0.746,0.02241166
0.781,0.116,0.808,0.628,2.8912e-05
0.693,0.274,0.736,0.808,0.000279965
0.69,0.373,0.892,0.839,0.000509816
0.203,0.024,0.313,0.55,0.183868134
0.083,0.077,0.293,0.098,0.0
0.077,0.393,0.785,0.409,0.0
0.231,0.382,0.833,0.383,0.0
0.084,0.081,0.494,0.232,0.0
0.021,0.385,0.893,0.514,0.827593086
0.486,0.407,0.733,0.675,0.009014778
0.135,0.429,0.5,0.739,0.387222992
0.789,0.563,0.828,0.836,1.8793e-05
0.072,0.052,0.706,0.472,0.618897208
0.412,0.052,0.557,0.214,0.0
0.412,0.145,0.424,0.433,0.00036381
0.138,0.537,0.897,0.884,0.066177282
0.087,0.257,0.967,0.98,0.987480117
0.099,0.759,0.739,0.971,0.000322369
0.216,0.042,0.788,0.758,0.217333836
0.551,0.007,0.801,0.276,0.0
0.034,0.786,0.998,0.968,0.000155161
0.347,0.561,0.727,0.58,0.002704241
0.449,0.772,0.851,0.94,3.6622e-05
0.225,0.267,0.417,0.852,0.170933363
0.158,0.145,0.799,0.683,0.438154467
0.148,0.017,0.671,0.972,0.457211847
0.228,0.136,0.907,0.482,0.095538436
0.472,0.069,0.74,0.273,0.0
0.855,0.165,0.992,0.274,0.0
0.253,0.501,0.994,0.587,0.041581316
0.499,0.386,0.773,0.595,0.006866613
0.63,0.033,0.9,0.948,0.001156
0.779,0.322,0.845,0.866,5.927e-05
0.312,0.366,0.469,0.84,0.061710852
0.388,0.394,0.544,0.674,0.027178776
0.348,0.15,0.969,0.917,0.051038449
0.196,0.841,0.308,0.881,1.8311e-05
0.124,0.733,0.642,0.767,0.000353209
0.332,0.66,0.777,0.708,0.000904947
0.025,0.18,0.487,0.646,0.973721834
0.761,0.459,0.819,0.886,5.6379e-05
0.701,0.072,0.782,0.812,0.000365737
0.473,0.411,0.531,0.955,0.005706758
0.202,0.25,0.437,0.552,0.236945364
0.829,0.761,0.917,0.856,9.64e-07
0.285,0.488,0.613,0.912,0.047046176
0.257,0.104,0.638,0.149,0.0
0.67,0.36,0.701,0.693,0.000218768
0.101,0.018,0.873,0.604,0.869618684
0.816,0.518,0.901,0.813,2.0238e-05
0.514,0.034,0.642,0.514,0.00298276
0.7,0.743,0.901,0.857,2.409e-06
0.263,0.284,0.438,0.449,0.031779166
0.29,0.317,0.513,0.804,0.087647373
0.377,0.061,0.855,0.123,0.0
0.188,0.213,0.422,0.575,0.348138714
0.642,0.417,0.786,0.484,0.000281893
0.077,0.659,0.688,0.686,0.001561251
0.185,0.127,0.187,0.324,0.0
0.068,0.271,0.944,0.787,0.987325437
0.307,0.39,0.462,0.846,0.064983696
0.431,0.151,0.9,0.378,0.0
0.389,0.238,0.523,0.664,0.02517228
0.307,0.476,0.844,0.491,0.006260423
0.113,0.085,0.999,0.498,0.420707006
0.509,0.002,0.516,0.599,0.000491987
0.188,0.154,0.965,0.974,0.385772571
0.452,0.09,0.839,0.401,0.0
0.133,0.261,0.465,0.37,0.0
0.394,0.051,0.448,0.754,0.014577458
0.101,0.264,0.872,0.569,0.84670829
0.124,0.041,0.439,0.466,0.265948973
0.035,0.464,0.512,0.477,0.109080842
0.097,0.034,0.209,0.631,0.697481616
0.194,0.821,0.253,0.854,1.2047e-05
0.245,0.279,0.337,0.954,0.095108611
0.36,0.069,0.712,0.698,0.044824766
0.197,0.485,0.894,0.629,0.12991005
0.492,0.162,0.622,0.481,0.002695567
0.579,0.196,0.869,0.239,0.0
0.121,0.474,0.878,0.885,0.237342423
0.144,0.141,0.643,0.844,0.464716452
0.818,0.877,0.932,0.963,0.0
0.301,0.007,0.458,0.318,0.0
0.129,0.452,0.294,0.652,0.245991464
0.337,0.801,0.365,0.821,1.446e-06
0.131,0.156,0.218,0.821,0.286104048
0.187,0.55,0.968,0.987,0.039537234
0.186,0.215,0.201,0.233,0.0
0.215,0.006,0.826,0.463,0.091631454
0.457,0.407,0.48,0.628,0.002936983
0.107,0.14,0.667,0.445,0.184483961
0.4,0.354,0.939,0.418,0.0
0.583,0.088,0.681,0.784,0.001831579
0.176,0.161,0.203,0.91,0.135538745
0.02,0.132,0.386,0.883,0.954325219
0.673,0.521,0.713,0.944,0.000133477
0.633,0.236,0.987,0.867,0.001119378
0.106,0.054,0.731,0.09,0.0
0.121,0.329,0.924,0.63,0.535890219
0.409,0.273,0.867,0.671,0.023294924
0.371,0.764,0.594,0.989,7.228e-05
0.178,0.356,0.802,0.746,0.410916421
0.119,0.056,0.481,0.927,0.546645021
0.232,0.618,0.954,0.93,0.006993826
0.228,0.176,0.329,0.593,0.117580986
0.367,0.508,0.426,0.96,0.008082847
0.125,0.34,0.707,0.957,0.51933084
0.013,0.258,0.684,0.575,0.9571586
0.8,0.122,0.807,0.401,0.0
0.309,0.356,0.39,0.457,0.0156101
0.017,0.241,0.336,0.37,0.0
0.282,0.307,0.35,0.58,0.049223254
0.465,0.467,0.938,0.777,0.008397024
0.249,0.42,0.9,0.916,0.122132225
0.267,0.415,0.65,0.921,0.121228242
0.712,0.806,0.844,0.944,0.0
0.38,0.136,0.639,0.169,0.0
0.341,0.488,0.553,0.96,0.025410804
0.162,0.419,0.558,0.624,0.338230553
0.277,0.162,0.435,0.293,0.0
0.373,0.486,0.984,0.962,0.021558273
0.797,0.387,0.881,0.773,4.915e-05
0.061,0.06,0.708,0.271,0.0
0.226,0.158,0.981,0.859,0.18990208
0.066,0.156,0.736,0.605,0.973441869
0.581,0.108,0.744,0.527,0.001271167
0.081,0.508,0.224,0.776,0.131175434
0.685,0.265,0.982,0.812,0.000558003
0.396,0.288,0.426,0.738,0.009289925
0.363,0.614,0.646,0.999,0.002781821
0.055,0.766,0.54,0.806,0.000168654
0.13,0.319,0.908,0.535,0.42976467
0.485,0.817,0.871,0.916,5.782e-06
0.168,0.521,0.449,0.677,0.066435563
0.087,0.382,0.689,0.453,0.405022217
0.104,0.223,0.726,0.546,0.742783913
0.102,0.388,0.331,0.471,0.467149402
0.482,0.646,0.918,0.792,0.000460184
0.473,0.432,0.528,0.953,0.004842287
0.554,0.568,0.56,0.839,5.0114e-05
0.296,0.625,0.46,0.695,0.002424758
0.002,0.096,0.909,0.179,0.0
0.268,0.32,0.369,0.508,0.054818218
0.49,0.021,0.584,0.957,0.006623752
0.238,0.692,0.856,0.91,0.001168529
0.102,0.566,0.472,0.947,0.03774035
0.301,0.22,0.599,0.942,0.081192757
0.322,0.449,0.731,0.897,0.049443467
0.41,0.501,0.99,0.791,0.011970554
0.229,0.153,0.853,0.769,0.182569983
0.133,0.137,0.99,0.675,0.488760198
0.099,0.193,0.858,0.39,0.0
0.117,0.409,0.715,0.674,0.575015456
0.202,0.387,0.251,0.604,0.140480297
0.581,0.523,0.935,0.998,0.001178166
0.899,0.086,0.978,0.632,5.301e-06
0.505,0.466,0.53,0.783,0.00147066
0.304,0.189,0.31,0.691,0.005190677
0.113,0.123,0.562,0.621,0.622933812
0.454,0.824,0.78,0.895,6.264e-06
0.666,0.001,0.86,0.113,0.0
0.13,0.102,0.188,0.374,0.0
0.065,0.043,0.369,0.115,0.0
0.102,0.534,0.928,0.742,0.090370407
0.058,0.102,0.589,0.343,0.0
0.434,0.176,0.921,0.519,0.01012211
0.83,0.501,0.983,0.852,1.9757e-05
0.106,0.44,0.528,0.473,0.295501429
0.507,0.08,0.538,0.163,0.0
0.063,0.207,0.825,0.513,0.822968603
0.12,0.115,0.95,0.198,0.0
0.193,0.229,0.741,0.315,0.0
0.604,0.398,0.757,0.4,0.0
0.914,0.364,0.936,0.568,9.64e-07
0.335,0.541,0.597,0.961,0.013862366
0.444,0.294,0.98,0.537,0.010166442
0.785,0.657,0.828,0.669,4.82e-07
0.423,0.575,0.523,0.79,0.002629069
0.167,0.259,0.468,0.9,0.413329131
0.068,0.717,0.546,0.923,0.00082833
0.085,0.362,0.623,0.488,0.690813532
0.434,0.558,0.588,0.994,0.003764349
0.145,0.77,0.548,0.909,0.000226478
0.028,0.151,0.644,0.759,0.986186303
0.002,0.817,0.034,0.907,0.0
0.838,0.192,0.869,0.205,0.0
0.23,0.002,0.49,0.499,0.106323596
0.077,0.59,0.31,0.831,0.012520365
0.043,0.285,0.939,0.736,0.986893202
0.233,0.02,0.465,0.857,0.161483458
0.213,0.375,0.984,0.822,0.228557496
0.364,0.858,0.444,0.969,3.855e-06
0.31,0.594,0.549,0.828,0.00624404
0.239,0.411,0.782,0.87,0.16192774
0.328,0.008,0.92,0.657,0.060323073
0.418,0.225,0.873,0.627,0.01970742
0.504,0.174,0.881,0.514,0.003974444
0.256,0.86,0.61,0.912,1.2529e-05
0.835,0.153,0.974,0.621,2.313e-05
0.359,0.375,0.9,0.597,0.041764426
0.517,0.944,0.836,0.963,0.0
0.214,0.029,0.702,0.055,0.0
0.669,0.068,0.76,0.935,0.000557521
0.641,0.344,0.678,0.537,0.000253462
0.128,0.497,0.758,0.694,0.161442981
0.561,0.313,0.921,0.77,0.003477156
0.63,0.182,0.905,0.757,0.001152627
0.479,0.116,0.675,0.361,0.0
0.161,0.24,0.462,0.684,0.420554736
0.29,0.39,0.679,0.699,0.093172467
0.264,0.075,0.932,0.631,0.121218123
0.028,0.121,0.478,0.773,0.976838072
0.425,0.35,0.903,0.577,0.015760924
0.61,0.258,0.73,0.915,0.001294778
0.035,0.933,0.862,0.996,1.446e-06
0.037,0.6,0.276,0.744,0.007896846
0.049,0.263,0.549,0.814,0.983211734
0.728,0.124,0.966,0.794,0.000266955
0.06,0.146,0.41,0.844,0.963973172
0.394,0.005,0.951,0.727,0.029182382
0.531,0.274,0.627,0.578,0.003408731
0.625,0.463,0.844,0.893,0.000940124
0.326,0.422,0.867,0.496,0.024903398
0.051,0.171,0.443,0.984,0.971830022
0.469,0.554,0.89,0.92,0.00314274
0.025,0.819,0.36,0.933,4.7223e-05
0.528,0.286,0.94,0.762,0.005532322
0.537,0.145,0.716,0.271,0.0
0.174,0.143,0.288,0.505,0.253930714
0.062,0.057,0.512,0.059,0.0
0.295,0.169,0.442,0.963,0.073232787
0.402,0.295,0.464,0.891,0.01395103
0.123,0.495,0.496,0.947,0.172886372
0.135,0.431,0.881,0.646,0.390011078
0.324,0.11,0.52,0.671,0.057507039
0.182,0.016,0.232,0.184,0.0
0.08,0.039,0.162,0.672,0.554432965
0.607,0.577,0.682,0.789,0.00023226
0.319,0.729,0.541,0.752,8.4327e-05
0.017,0.124,0.56,0.787,0.983783229
0.152,0.429,0.217,0.718,0.183915357
0.02,0.004,0.129,0.663,0.483008627
0.192,0.539,0.932,0.839,0.048499007
0.216,0.138,0.562,0.325,0.0
0.579,0.617,0.897,0.901,0.000265991
0.538,0.522,0.994,0.617,0.00171593
0.782,0.599,0.866,0.795,1.8311e-05
0.388,0.359,0.877,0.716,0.031920835
0.374,0.407,0.425,0.534,0.01506318
0.408,0.142,0.544,0.934,0.019670798
0.479,0.308,0.978,0.851,0.010308593
0.228,0.121,0.4,0.759,0.158031841
0.374,0.52,0.6,0.679,0.012564215
0.033,0.665,0.2,0.914,0.000426453
0.458,0.132,0.661,0.957,0.012395079
0.216,0.114,0.565,0.981,0.2144089
0.644,0.249,0.685,0.349,0.0
0.533,0.131,0.572,0.409,0.0
0.64,0.149,0.992,0.629,0.000924704
0.758,0.508,0.853,0.695,5.4451e-05
0.493,0.33,0.689,0.357,0.0
0.131,0.634,0.542,0.702,0.005083703
0.57,0.109,0.952,0.187,0.0
0.385,0.015,0.824,0.571,0.027694375
0.271,0.638,0.332,0.824,0.001254301
0.811,0.101,0.878,0.529,1.4938e-05
0.132,0.796,0.807,0.95,0.000123358
0.375,0.425,0.503,0.676,0.026451638
0.168,0.746,0.428,0.886,0.000366219
0.455,0.729,0.784,0.756,3.2767e-05
0.144,0.611,0.778,0.816,0.011170654
0.235,0.77,0.905,0.928,0.0001807
0.535,0.091,0.847,0.946,0.005085148
0.17,0.375,0.998,0.647,0.416619323
0.072,0.162,0.197,0.578,0.656588407
0.543,0.141,0.695,0.409,0.0
0.561,0.432,0.705,0.653,0.002633888
0.826,0.625,0.87,0.697,1.927e-06
0.654,0.039,0.768,0.485,0.000225514
0.87,0.636,0.967,0.674,0.0
0.554,0.573,0.894,0.744,0.000821102
0.435,0.234,0.98,0.568,0.013490846
0.691,0.208,0.732,0.94,0.000262136
0.3,0.05,0.858,0.067,0.0
0.402,0.006,0.633,0.762,0.025032056
0.06,0.347,0.22,0.444,0.256203683
0.488,0.599,0.816,0.898,0.00114299
0.135,0.182,0.517,0.867,0.479620134
0.185,0.418,0.765,0.528,0.336193699
0.258,0.502,0.675,0.517,0.010530734
0.588,0.062,0.745,0.107,0.0
0.119,0.154,0.812,0.499,0.381010756
0.734,0.603,0.906,0.947,4.1441e-05
0.606,0.053,0.921,0.174,0.0
0.468,0.132,0.847,0.68,0.011450137
0.245,0.675,0.894,0.845,0.001630158
0.02,0.164,0.982,0.464,0.5386306
0.428,0.539,0.977,0.633,0.005042744
0.581,0.128,0.666,0.329,0.0
0.29,0.406,0.835,0.665,0.092870336
0.149,0.187,0.285,0.359,0.0
0.174,0.867,0.217,0.948,0.0
0.054,0.094,0.275,0.617,0.869801793
0.012,0.798,0.372,0.987,8.4809e-05
0.302,0.306,0.486,0.432,0.010748056
0.274,0.582,0.982,0.763,0.01112054
0.17,0.422,0.352,0.507,0.215747047
0.444,0.68,0.579,0.805,0.00023997
0.123,0.393,0.946,0.666,0.527847367
0.061,0.405,0.869,0.946,0.987464697
0.872,0.053,0.995,0.744,1.3974e-05
0.346,0.1,0.989,0.483,0.024048565
0.555,0.194,0.565,0.865,0.000561858
0.288,0.115,0.813,0.631,0.093084767
0.331,0.085,0.831,0.375,0.0
0.472,0.207,0.951,0.355,0.0
0.025,0.43,0.275,0.491,0.423533641
0.298,0.867,0.334,0.957,1.927e-06
0.596,0.411,0.885,0.718,0.001932771
0.053,0.482,0.086,0.729,0.0
0.815,0.562,0.973,0.715,1.4938e-05
0.338,0.088,0.542,0.58,0.045010767
0.722,0.021,0.754,0.116,0.0
0.202,0.539,0.423,0.659,0.037871417
0.184,0.127,0.343,0.975,0.346089813
0.392,0.337,0.867,0.531,0.019939198
0.224,0.028,0.407,0.734,0.170100214
0.205,0.008,0.855,0.039,0.0
0.692,0.351,0.825,0.378,0.0
0.71,0.379,0.792,0.652,0.000309841
0.065,0.076,0.829,0.325,0.0
0.42,0.238,0.771,0.513,0.011405323
0.053,0.315,0.54,0.975,0.982708664
0.055,0.321,0.724,0.653,0.983256066
0.064,0.206,0.15,0.631,0.532783619
0.056,0.037,0.641,0.875,0.986460485
0.404,0.506,0.84,0.637,0.01087816
0.303,0.844,0.752,0.938,1.6383e-05
0.042,0.106,0.918,0.446,0.321329049
0.417,0.237,0.873,0.586,0.018070997
0.34,0.914,0.566,0.969,3.373e-06
0.087,0.153,0.517,0.424,0.23137112
0.479,0.617,0.844,0.845,0.000873144
0.499,0.247,0.924,0.644,0.007627482
0.276,0.59,0.866,0.894,0.009380034
0.333,0.773,0.792,0.988,7.7581e-05
0.65,0.547,0.794,0.586,0.00013155
0.163,0.427,0.601,0.653,0.342323536
0.193,0.155,0.571,0.683,0.350034863
0.038,0.786,0.104,0.953,0.0
0.212,0.463,0.596,0.565,0.10959114
0.352,0.18,0.875,0.495,0.025865205
0.247,0.308,0.285,0.406,0.0
0.002,0.939,0.652,0.989,4.82e-07
0.544,0.867,0.944,0.967,4.82e-07
0.495,0.606,0.614,0.808,0.000715091
0.486,0.107,0.674,0.53,0.00548558
0.588,0.277,0.71,0.707,0.001825796
0.288,0.011,0.625,0.015,0.0
0.641,0.218,0.661,0.332,0.0
0.247,0.548,0.63,0.913,0.026609691
0.117,0.045,0.852,0.928,0.577667655
0.246,0.033,0.314,0.164,0.0
0.024,0.228,0.66,0.628,0.979086466
0.181,0.511,0.211,0.634,0.015638048
0.713,0.153,0.901,0.422,3.3249e-05
0.442,0.401,0.611,0.487,0.005968894
0.039,0.026,0.526,0.209,0.0
0.355,0.237,0.867,0.409,0.0
0.845,0.47,0.967,0.641,1.1083e-05
0.031,0.074,0.145,0.478,0.3771828
0.92,0.574,0.976,0.938,1.446e-06
0.244,0.081,0.354,0.621,0.101762238
0.747,0.407,0.749,0.861,8.192e-06
0.119,0.336,0.568,0.517,0.440118559
0.083,0.482,0.378,0.513,0.149665174
0.189,0.625,0.818,0.713,0.006048884
0.006,0.389,0.331,0.767,0.927372921
0.131,0.811,0.421,0.946,6.3607e-05
0.128,0.597,0.603,0.986,0.016352658
0.085,0.526,0.27,0.949,0.078851363
0.269,0.049,0.331,0.317,0.0
0.189,0.337,0.732,0.471,0.210980894
0.539,0.652,0.932,0.879,0.000212504
0.332,0.649,0.828,0.843,0.001711594
0.704,0.089,0.83,0.991,0.000396577
0.134,0.196,0.838,0.635,0.482151384
0.327,0.602,0.648,0.868,0.004893365
0.118,0.246,0.483,0.932,0.55622744
0.397,0.224,0.43,0.243,0.0
0.17,0.47,0.236,0.526,0.064631933
0.1,0.384,0.516,0.394,0.0
0.067,0.07,0.239,0.183,0.0
0.552,0.046,0.622,0.861,0.002696049
0.505,0.574,0.906,0.621,0.000956507
0.649,0.318,0.666,0.618,0.000201903
0.522,0.281,0.841,0.317,0.0
0.29,0.483,0.667,0.611,0.042504574
0.022,0.311,0.32,0.516,0.793191597
0.017,0.632,0.795,0.711,0.005892758
0.437,0.303,0.533,0.415,0.0
0.018,0.48,0.849,0.762,0.327694519
0.057,0.223,0.065,0.798,0.0
0.444,0.186,0.913,0.533,0.009908161
0.695,0.463,0.88,0.608,0.000287193
0.106,0.254,0.955,0.749,0.781641713
0.719,0.825,0.754,0.826,0.0
0.38,0.149,0.479,0.724,0.025730764
0.151,0.661,0.379,0.919,0.002269596
0.023,0.007,0.838,0.267,0.0
0.374,0.427,0.824,0.927,0.034112369
0.383,0.328,0.659,0.4,0.0
0.198,0.543,0.2,0.86,0.000375857
0.512,0.019,0.569,0.753,0.003724354
0.017,0.461,0.992,0.881,0.489711887
0.258,0.374,0.93,0.448,0.035747827
0.078,0.157,0.773,0.275,0.0
0.266,0.394,0.554,0.725,0.118888775
0.701,0.229,0.708,0.911,4.1922e-05
0.287,0.924,0.684,0.986,1.446e-06
0.006,0.038,0.013,0.787,0.0
0.195,0.617,0.733,0.972,0.008092484
0.215,0.605,0.589,0.793,0.009816124
0.099,0.507,0.632,0.643,0.199373187
0.139,0.276,0.363,0.941,0.432016437
0.648,0.172,0.674,0.175,0.0
0.581,0.49,0.835,0.732,0.001604619
0.375,0.212,0.56,0.969,0.035158985
0.354,0.278,0.963,0.36,0.0
0.435,0.238,0.932,0.53,0.010882497
0.563,0.412,0.825,0.853,0.003334042
0.067,0.026,0.305,0.246,0.0
0.132,0.288,0.973,0.331,0.0
0.336,0.064,0.913,0.323,0.0
0.284,0.267,0.37,0.471,0.027298761
0.06,0.948,0.629,0.961,4.82e-07
0.763,0.338,0.777,0.65,2.6021e-05
0.642,0.691,0.717,0.807,1.1083e-05
0.62,0.311,0.902,0.972,0.001334773
0.108,0.836,0.323,0.99,2.7466e-05
0.339,0.898,0.906,0.925,3.373e-06
0.483,0.074,0.961,0.129,0.0
0.701,0.208,0.905,0.559,0.000292975
0.181,0.214,0.342,0.398,0.0
0.091,0.368,0.72,0.561,0.932474934
0.538,0.492,0.684,0.934,0.002617986
0.237,0.217,0.714,0.307,0.0
0.09,0.171,0.261,0.407,0.0
0.027,0.505,0.039,0.924,0.0
0.195,0.568,0.807,0.605,0.01415245
0.303,0.525,0.93,0.616,0.019892939
0.5,0.016,0.793,0.364,0.0
0.508,0.175,0.976,0.632,0.006702778
0.034,0.512,0.377,0.937,0.15914881
0.135,0.146,0.396,0.47,0.257437264
0.855,0.21,0.952,0.885,1.6865e-05
0.058,0.058,0.315,0.994,0.916508253
0.034,0.266,0.837,0.455,0.42485444
0.117,0.193,0.166,0.63,0.150704081
0.5,0.213,0.841,0.319,0.0
0.184,0.072,0.863,0.408,0.0
0.606,0.048,0.736,0.11,0.0
0.295,0.053,0.554,0.366,0.0
0.747,0.478,0.948,0.523,2.6503e-05
0.537,0.345,0.636,0.733,0.003881925
0.03,0.247,0.309,0.925,0.911622597
0.446,0.293,0.928,0.588,0.012814786
0.028,0.62,0.707,0.722,0.008737223
0.061,0.36,0.143,0.85,0.519699469
0.205,0.388,0.322,0.418,0.0
0.67,0.216,0.852,0.783,0.000651967
0.105,0.087,0.253,0.119,0.0
0.214,0.574,0.992,0.865,0.020293852
0.323,0.342,0.727,0.868,0.064882022
0.43,0.03,0.787,0.513,0.010045975
0.291,0.153,0.349,0.158,0.0
0.577,0.155,0.922,0.952,0.002653163
0.35,0.031,0.877,0.213,0.0
0.387,0.305,0.62,0.989,0.031317537
0.646,0.26,0.892,0.794,0.000944942
0.178,0.223,0.539,0.935,0.406578167
0.205,0.424,0.887,0.803,0.224270802
0.522,0.601,0.892,0.635,0.000366219
0.024,0.161,0.353,0.934,0.938719938
0.138,0.253,0.947,0.801,0.478501238
0.212,0.411,0.397,0.475,0.103819812
0.065,0.54,0.912,0.906,0.081150835
0.452,0.483,0.736,0.934,0.008503517
0.057,0.736,0.368,0.999,0.000435126
0.4,0.281,0.848,0.299,0.0
0.471,0.119,0.533,0.31,0.0
0.189,0.175,0.331,0.594,0.312049243
0.333,0.048,0.361,0.731,0.013649381
0.227,0.538,0.851,0.618,0.030936861
0.257,0.105,0.797,0.47,0.059241762
0.219,0.03,0.915,0.616,0.200997562
0.334,0.153,0.853,0.267,0.0
0.258,0.122,0.781,0.969,0.132701027
0.287,0.467,0.72,0.868,0.058366691
0.726,0.303,0.809,0.767,0.00023226
0.466,0.351,0.563,0.903,0.008626875
0.113,0.57,0.3,0.641,0.020016779
0.049,0.147,0.336,0.153,0.0
0.535,0.0,0.535,0.055,0.0
0.37,0.618,0.515,0.697,0.001675935
0.23,0.379,0.533,0.389,0.0
0.596,0.063,0.873,0.157,0.0
0.204,0.42,0.717,0.426,0.0
0.265,0.848,0.524,0.933,2.072e-05
0.037,0.501,0.376,0.568,0.191308651
0.969,0.157,0.975,0.33,0.0
0.088,0.039,0.973,0.599,0.971325507
0.278,0.434,0.541,0.755,0.087990945
0.621,0.048,0.681,0.547,0.000489577
0.597,0.855,0.668,0.891,4.82e-07
0.499,0.171,0.519,0.607,0.001613774
0.007,0.216,0.872,0.809,0.987376034
0.268,0.626,0.765,0.682,0.003356689
0.097,0.468,0.705,0.895,0.400631921
0.227,0.212,0.866,0.936,0.187506716
0.347,0.205,0.401,0.227,0.0
0.094,0.126,0.54,0.961,0.962172432
0.547,0.683,0.816,0.701,3.084e-05
0.426,0.111,0.734,0.962,0.018963898
0.019,0.021,0.659,0.981,0.9866913
0.228,0.319,0.486,0.56,0.153273399
0.174,0.619,0.647,0.7,0.007202956
0.45,0.183,0.614,0.648,0.012406644
0.707,0.035,0.95,0.943,0.000408624
0.368,0.05,0.467,0.827,0.030173101
0.361,0.088,0.982,0.524,0.030466077
0.291,0.222,0.658,0.744,0.092275711
0.651,0.094,0.728,0.771,0.000626428
0.076,0.444,0.217,0.853,0.518888486
0.105,0.04,0.555,0.449,0.237283635
0.012,0.586,0.333,0.837,0.015494452
0.32,0.267,0.513,0.36,0.0
0.015,0.742,0.263,0.925,0.000170099
0.536,0.787,0.551,0.982,1.927e-06
0.276,0.107,0.724,0.51,0.073478539
0.112,0.098,0.849,0.178,0.0
0.283,0.38,0.346,0.768,0.050603804
0.51,0.321,0.989,0.859,0.006966359
0.629,0.815,0.886,0.882,9.64e-07
0.028,0.552,0.185,0.902,0.024742454
0.651,0.298,0.821,0.601,0.00071991
0.281,0.018,0.655,0.722,0.103800538
0.97,0.385,0.995,0.511,0.0
0.583,0.115,0.859,0.309,0.0
0.875,0.411,0.922,0.639,9.637e-06
0.172,0.773,0.409,0.864,0.000154679
0.022,0.183,0.721,0.591,0.967755832
0.369,0.164,0.909,0.563,0.033959617
0.414,0.142,0.513,0.724,0.015421208
0.733,0.381,0.92,0.922,0.000236597
0.261,0.134,0.559,0.401,0.0
0.033,0.038,0.392,0.721,0.956597707
0.121,0.143,0.929,0.439,0.110912421
0.309,0.027,0.453,0.407,0.0
0.261,0.613,0.993,0.947,0.006515813
0.69,0.065,0.742,0.701,0.000332007
0.416,0.196,0.808,0.446,0.003862169
0.276,0.326,0.724,0.765,0.111106614
0.203,0.198,0.863,0.74,0.277851102
0.121,0.153,0.914,0.745,0.542757796
0.528,0.281,0.873,0.725,0.005498591
0.254,0.671,0.504,0.917,0.001564142
0.07,0.18,0.945,0.359,0.0
0.156,0.229,0.763,0.785,0.443399113
0.36,0.541,0.896,0.763,0.011657822
0.054,0.383,0.607,0.423,0.231904548
0.548,0.582,0.845,0.811,0.000759423
0.201,0.486,0.706,0.62,0.120625907
0.249,0.081,0.332,0.681,0.085172019
0.266,0.815,0.886,0.836,2.2648e-05
0.212,0.043,0.309,0.347,0.0
0.555,0.544,0.778,0.63,0.00099602
0.027,0.597,0.582,0.622,0.007681451
0.409,0.625,0.698,0.888,0.001605101
0.39,0.508,0.578,0.694,0.012180648
0.393,0.611,0.946,0.648,0.001345856
0.17,0.49,0.947,0.825,0.143201403
0.034,0.092,0.564,0.774,0.983953328
0.639,0.442,0.777,0.91,0.00085146
0.466,0.187,0.548,0.602,0.006903235
0.144,0.948,0.999,0.971,4.82e-07
0.0,0.763,0.474,0.874,0.000245752
0.529,0.687,0.899,0.756,7.999e-05
0.215,0.365,0.653,0.952,0.220074217
0.007,0.238,0.831,0.909,0.987441568
0.798,0.309,0.876,0.924,4.5296e-05
0.41,0.023,0.984,0.148,0.0
0.066,0.078,0.941,0.229,0.0
0.058,0.082,0.452,0.109,0.0
0.027,0.657,0.678,0.882,0.003467037
0.567,0.218,0.909,0.537,0.001881693
0.542,0.412,0.89,0.828,0.004623519
0.071,0.219,0.631,0.863,0.986310624
0.025,0.222,0.411,0.474,0.621700231
0.46,0.634,0.761,0.852,0.000754605
0.359,0.143,0.61,0.805,0.044449873
0.028,0.228,0.046,0.366,0.0
0.936,0.102,0.989,0.204,0.0
0.642,0.033,0.965,0.596,0.000826885
0.118,0.163,0.222,0.263,0.0
0.387,0.358,0.868,0.823,0.032625325
0.302,0.087,0.878,0.663,0.080661257
0.145,0.025,0.278,0.608,0.348920303
0.771,0.064,0.84,0.561,4.0959e-05
0.407,0.333,0.696,0.658,0.023283841
0.575,0.46,0.852,0.91,0.002112989
0.544,0.302,0.822,0.928,0.004473177
0.018,0.402,0.731,0.835,0.987185696
0.138,0.346,0.965,0.609,0.466449248
0.555,0.234,0.803,0.723,0.003743629
0.232,0.574,0.283,0.921,0.005814214
0.083,0.004,0.517,0.639,0.9756946
0.098,0.723,0.65,0.86,0.000736776
0.261,0.265,0.996,0.765,0.128948724
0.701,0.043,0.949,0.792,0.000444282
0.04,0.482,0.705,0.966,0.320466987
0.626,0.273,0.682,0.282,0.0
0.728,0.723,0.773,0.993,1.446e-06
0.847,0.375,0.94,0.471,7.228e-06
0.038,0.141,0.697,0.578,0.95938001
0.103,0.054,0.111,0.993,0.170358977
0.351,0.652,0.386,0.864,0.000332489
0.755,0.386,0.843,0.388,0.0
0.416,0.015,0.496,0.127,0.0
0.284,0.227,0.346,0.883,0.04943142
0.041,0.726,0.604,0.857,0.000677024
0.409,0.315,0.537,0.758,0.018818856
0.005,0.054,0.953,0.733,0.986853689
0.443,0.12,0.911,0.359,0.0
0.068,0.527,0.675,0.951,0.107346119
0.865,0.64,0.869,0.692,0.0
0.152,0.374,0.387,0.821,0.418080346
0.399,0.467,0.495,0.496,0.002854102
0.723,0.281,0.916,0.915,0.00029683
0.286,0.453,0.947,0.906,0.069449645
0.174,0.181,0.939,0.823,0.416186606
0.126,0.463,0.325,0.877,0.217698128
0.238,0.815,0.886,0.98,6.1197e-05
0.777,0.066,0.876,0.572,4.4332e-05
0.355,0.051,0.847,0.293,0.0
0.578,0.379,0.708,0.739,0.002204544
0.188,0.009,0.77,0.163,0.0
0.024,0.201,0.801,0.583,0.963217121
0.639,0.216,0.738,0.996,0.000832667
0.051,0.185,0.254,0.897,0.849413013
0.49,0.951,0.983,0.977,0.0
0.0,0.208,0.1,0.808,0.077495869
0.109,0.034,0.896,0.496,0.469978928
0.097,0.129,0.369,0.772,0.902278704
0.251,0.522,0.44,0.876,0.032862886
0.191,0.46,0.454,0.615,0.181349412
0.459,0.74,0.551,0.925,5.0596e-05
0.071,0.247,0.758,0.304,0.0
0.592,0.111,0.935,0.218,0.0
0.351,0.181,0.416,0.661,0.027584991
0.256,0.123,0.561,0.875,0.13186595
0.295,0.001,0.955,0.542,0.068802496
0.661,0.375,0.903,0.986,0.00075846
0.207,0.381,0.339,0.517,0.152612758
0.458,0.026,0.669,0.901,0.012478924
0.834,0.327,0.945,0.778,2.7948e-05
0.0,0.756,0.95,0.827,0.000298276
0.214,0.408,0.693,0.535,0.179339543
0.566,0.3,0.826,0.897,0.00317358
0.255,0.385,0.552,0.716,0.132104475
0.134,0.011,0.943,0.875,0.488514928
0.249,0.425,0.613,1.0,0.120797934
0.212,0.032,0.827,0.841,0.232255829
0.243,0.213,0.849,0.567,0.135718
0.237,0.99,0.628,0.99,0.0
0.145,0.212,0.204,0.665,0.191473932
0.138,0.223,0.347,0.335,0.0
0.406,0.252,0.564,0.695,0.021305774
0.517,0.507,0.692,0.958,0.003031911
0.594,0.007,0.784,0.61,0.001705329
0.349,0.042,0.653,0.983,0.049714277
0.034,0.041,0.498,0.146,0.0
0.602,0.595,0.65,0.73,0.000140705
0.783,0.249,0.899,0.302,0.0
0.29,0.142,0.515,0.371,0.0
0.416,0.811,0.52,0.982,1.6383e-05
0.759,0.622,0.939,0.911,2.0238e-05
0.336,0.409,0.851,0.852,0.057032881
0.622,0.486,0.902,0.864,0.000885191
0.428,0.095,0.515,0.581,0.010083561
0.205,0.34,0.571,0.824,0.26293971
0.74,0.339,0.86,0.386,0.0
0.499,0.287,0.984,0.704,0.007943587
0.757,0.256,0.921,0.832,0.000121431
0.361,0.412,0.828,0.709,0.044728875
0.365,0.468,0.963,0.856,0.027095895
0.27,0.699,0.348,0.786,0.000362364
0.309,0.036,0.922,0.746,0.075666218
0.404,0.228,0.843,0.546,0.018049313
0.171,0.483,0.549,0.807,0.152514457
0.148,0.461,0.316,0.831,0.190906774
0.253,0.356,0.334,0.435,0.014152932
0.063,0.135,0.704,0.614,0.976046363
0.399,0.302,0.957,0.981,0.027320445
0.404,0.696,0.926,0.921,0.000308877
0.685,0.006,0.961,0.116,0.0
0.788,0.468,0.865,0.829,3.9513e-05
0.215,0.232,0.352,0.761,0.171565573
0.688,0.437,0.921,0.534,0.000239488
0.438,0.117,0.486,0.934,0.007176454
0.311,0.618,0.556,0.854,0.003667494
0.198,0.282,0.777,0.862,0.314719753
0.261,0.682,0.431,0.744,0.000733402
0.018,0.505,0.055,0.897,0.0
0.545,0.11,0.648,0.94,0.00352197
0.47,0.21,0.621,0.652,0.009710595
0.195,0.04,0.458,0.606,0.31773769
0.721,0.637,0.738,0.832,9.637e-06
0.607,0.439,0.819,0.76,0.001437893
0.146,0.456,0.474,0.481,0.080373582
0.082,0.767,0.166,0.921,5.301e-06
0.448,0.191,0.769,0.831,0.01464251
0.021,0.759,0.081,0.877,0.0
0.176,0.025,0.792,0.916,0.413789797
0.6,0.083,0.668,0.574,0.000889528
0.409,0.468,0.431,0.989,0.003864578
0.264,0.5,0.774,0.903,0.048852216
0.213,0.302,0.451,0.826,0.214294698
0.708,0.015,0.971,0.086,0.0
0.243,0.729,0.848,0.821,0.000434163
0.028,0.042,0.441,0.452,0.391820973
0.304,0.051,0.624,0.923,0.078993514
0.171,0.311,0.295,0.635,0.327824623
0.334,0.443,0.433,0.593,0.029010355
0.149,0.191,0.488,0.767,0.44661076
0.174,0.386,0.601,0.926,0.414439836
0.665,0.795,0.7,0.974,0.0
0.472,0.576,0.691,0.755,0.001968911
0.479,0.326,0.678,0.553,0.007018401
0.111,0.624,0.916,0.937,0.008579652
0.11,0.277,0.16,0.618,0.251417775
0.401,0.163,0.993,0.543,0.018474321
0.018,0.52,0.377,0.979,0.11731114
0.223,0.258,0.913,0.925,0.197554618
0.159,0.088,0.534,0.59,0.415862791
0.106,0.104,0.822,0.892,0.782034917
0.33,0.376,0.712,0.67,0.059182492
0.213,0.341,0.295,0.829,0.139485722
0.629,0.392,0.997,0.79,0.001175275
0.693,0.341,0.756,0.928,0.000370556
0.101,0.412,0.314,0.65,0.809631473
0.409,0.283,0.503,0.478,0.006292227
0.546,0.044,0.951,0.469,0.00126442
0.001,0.286,0.745,0.8,0.987205934
0.05,0.611,0.703,0.79,0.01158506
0.488,0.456,0.656,0.726,0.006369807
0.045,0.104,0.485,0.74,0.977407639
0.121,0.407,0.666,0.853,0.542510597
0.319,0.221,0.531,0.863,0.062562311
0.253,0.034,0.649,0.378,0.0
0.292,0.063,0.896,0.87,0.092193794
0.192,0.329,0.764,0.731,0.360579571
0.644,0.279,0.713,0.451,8.5291e-05
0.367,0.142,0.814,0.463,0.01459866
0.247,0.233,0.793,0.889,0.148141509
0.274,0.751,0.733,0.964,0.000256835
0.095,0.621,0.36,0.981,0.006604477
0.25,0.272,0.545,0.577,0.125124623
0.252,0.129,0.264,0.139,0.0
0.382,0.134,0.908,0.162,0.0
0.545,0.186,0.779,0.311,0.0
0.318,0.235,0.504,0.559,0.050578265
0.218,0.662,0.991,0.82,0.002434395
0.422,0.155,0.843,0.71,0.019936789
0.003,0.36,0.75,0.994,0.987337002
0.157,0.38,0.275,0.609,0.32380392
0.165,0.278,0.606,0.33,0.0
0.335,0.053,0.855,0.3,0.0
0.684,0.049,0.702,0.194,0.0
0.314,0.397,0.363,0.765,0.02747898
0.474,0.129,0.565,0.195,0.0
0.135,0.129,0.895,0.569,0.453519296
0.608,0.354,0.723,0.978,0.001307789
0.436,0.663,0.555,0.693,0.000210094
0.376,0.201,0.85,0.599,0.034634713
0.737,0.204,0.985,0.514,9.541e-05
0.653,0.254,0.737,0.287,0.0
0.153,0.293,0.456,0.315,0.0
0.789,0.072,0.973,0.403,0.0
0.59,0.101,0.591,0.394,0.0
0.266,0.501,0.49,0.594,0.034445821
0.027,0.674,0.593,0.92,0.002260441
0.09,0.018,0.297,0.566,0.86767483
0.334,0.008,0.536,0.988,0.053139873
0.175,0.402,0.729,0.778,0.414649449
0.354,0.059,0.555,0.251,0.0
0.23,0.097,0.331,0.298,0.0
0.209,0.714,0.906,0.921,0.000756532
0.273,0.022,0.347,0.166,0.0
0.2,0.845,0.7,0.887,2.6503e-05
0.676,0.549,0.938,0.979,0.000235151
0.2,0.596,0.935,0.934,0.01289333
0.073,0.62,0.174,0.754,0.001212861
0.818,0.06,0.863,0.877,2.313e-05
0.521,0.382,0.574,0.507,0.001701956
0.16,0.377,0.946,0.729,0.435769222
0.393,0.593,0.709,0.869,0.003531126
0.66,0.366,0.692,0.577,0.000221659
0.01,0.146,0.07,0.438,0.0
0.414,0.781,0.791,0.949,3.5658e-05
0.232,0.42,0.742,0.465,0.045011249
0.347,0.422,0.378,0.758,0.011811056
0.295,0.712,0.638,0.811,0.000414888
0.361,0.05,0.564,0.421,0.005826261
0.286,0.554,0.431,0.765,0.01242881
0.367,0.826,0.861,0.884,1.301e-05
0.12,0.36,0.378,0.92,0.512269071
0.461,0.106,0.632,0.676,0.011302204
0.545,0.379,0.656,0.888,0.003621717
0.273,0.529,0.447,0.843,0.023331546
0.514,0.296,0.8,0.476,0.002119735
0.225,0.182,0.445,0.74,0.176762033
0.275,0.207,0.805,0.985,0.112752191
0.075,0.843,0.38,0.952,2.7948e-05
0.34,0.106,0.779,0.58,0.047850895
0.367,0.578,0.919,0.607,0.002736526
0.028,0.247,0.978,0.527,0.879830421
0.054,0.46,0.698,0.462,0.031365242
0.217,0.18,0.87,0.263,0.0
0.013,0.322,0.843,0.582,0.962701041
0.005,0.373,0.202,0.727,0.702242467
0.167,0.873,0.399,0.877,1.446e-06
0.392,0.333,0.61,0.809,0.028714006
0.661,0.091,0.663,0.374,0.0
0.11,0.047,0.799,0.196,0.0
0.473,0.609,0.744,0.628,0.000364292
0.494,0.389,0.889,0.542,0.005675918
0.148,0.355,0.982,0.457,0.204642408
0.22,0.029,0.629,0.448,0.056453195
0.471,0.402,0.548,0.976,0.007060324
0.151,0.725,0.846,0.804,0.000614381
0.064,0.116,0.676,0.978,0.986861881
0.585,0.549,0.807,0.677,0.000725693
0.362,0.047,0.752,0.536,0.032165142
0.673,0.397,0.683,0.771,7.6135e-05
0.442,0.173,0.726,0.285,0.0
0.446,0.461,0.76,0.603,0.009120789
0.068,0.083,0.536,0.833,0.982389186
0.589,0.081,0.885,0.787,0.002202135
0.556,0.124,0.562,0.249,0.0
0.695,0.199,0.853,0.836,0.000468375
0.027,0.037,0.328,0.569,0.898409307
0.136,0.187,0.782,0.685,0.48162904
0.392,0.368,0.993,0.79,0.030253091
0.05,0.519,0.361,0.734,0.118448348
0.093,0.796,0.58,0.981,0.000122876
0.905,0.285,0.922,0.542,1.446e-06
0.25,0.159,0.674,0.619,0.137033498
0.471,0.389,0.602,0.464,0.002792904
0.709,0.497,0.942,0.583,0.000158534
0.577,0.572,0.688,0.766,0.000487168
0.791,0.379,0.888,0.927,6.3125e-05
0.633,0.536,0.861,0.778,0.000463557
0.48,0.004,0.974,0.781,0.010168369
0.133,0.215,0.464,0.918,0.478765783
0.114,0.369,0.275,0.52,0.424333059
0.671,0.4,0.877,0.6,0.000530536
0.006,0.046,0.5,0.55,0.916283702
0.057,0.635,0.861,0.967,0.006444497
0.067,0.419,0.225,0.453,0.141240202
0.269,0.27,0.56,0.771,0.116220674
0.499,0.579,0.881,0.884,0.001524629
0.596,0.548,0.703,0.625,0.000385976
0.0,0.454,0.701,0.645,0.567276663
0.269,0.129,0.554,0.913,0.116024554
0.036,0.815,0.604,0.885,6.9389e-05
0.244,0.117,0.81,0.221,0.0
0.571,0.197,0.601,0.221,0.0
0.853,0.15,0.884,0.96,9.637e-06
0.22,0.357,0.974,0.791,0.205652885
0.127,0.548,0.576,0.663,0.053280578
0.046,0.047,0.533,0.203,0.0
0.325,0.054,0.634,0.568,0.052842561
0.089,0.534,0.709,0.604,0.076610678
0.837,0.251,0.986,0.524,1.3974e-05
0.179,0.239,0.481,0.634,0.394831199
0.206,0.512,0.724,0.968,0.073866443
0.138,0.281,0.965,0.556,0.434679719
0.024,0.576,0.883,0.587,0.007384139
0.114,0.196,0.804,0.273,0.0
0.77,0.238,0.812,0.377,0.0
0.882,0.003,0.95,0.09,0.0
0.296,0.07,0.447,0.973,0.072998117
0.756,0.13,0.78,0.592,3.8549e-05
0.548,0.622,0.609,0.668,0.000122394
0.768,0.533,0.919,0.763,4.4332e-05
0.047,0.39,0.133,0.529,0.472628236
0.83,0.413,0.855,0.912,1.5902e-05
0.089,0.664,0.342,0.897,0.001872055
0.193,0.474,0.742,0.542,0.113199365
0.139,0.41,0.174,0.858,0.059967455
0.001,0.521,0.187,0.987,0.059202731
0.013,0.041,0.871,0.458,0.466190485
0.054,0.057,0.084,0.266,0.0
0.117,0.509,0.485,0.594,0.124143059
0.202,0.185,0.615,0.905,0.283695192
0.739,0.411,0.904,0.819,0.000194193
0.3,0.487,0.374,0.762,0.021085561
0.676,0.089,0.911,0.092,0.0
0.377,0.282,0.864,0.799,0.037702282
0.147,0.326,0.753,0.996,0.459916569
0.129,0.341,0.808,0.535,0.432687197
0.074,0.663,0.192,0.759,0.000321888
0.541,0.394,0.75,0.581,0.003755676
0.347,0.216,0.436,0.769,0.034426546
0.443,0.199,0.848,0.31,0.0
0.179,0.599,0.354,0.602,0.000712682
0.236,0.094,0.612,0.842,0.16606891
0.07,0.025,0.125,0.172,0.0
0.963,0.01,0.985,0.26,0.0
0.236,0.378,0.677,0.383,0.0
0.236,0.315,0.494,0.901,0.159026415
0.435,0.635,0.44,0.827,6.2161e-05
0.34,0.496,0.998,0.726,0.025572712
0.36,0.173,0.556,0.833,0.041807312
0.361,0.117,0.83,0.853,0.045025705
0.1,0.126,0.547,0.662,0.902718649
0.088,0.184,0.972,0.245,0.0
0.269,0.587,0.64,0.665,0.008580616
0.26,0.16,0.488,0.243,0.0
0.743,0.472,0.759,0.974,3.5658e-05
0.292,0.315,0.312,0.865,0.018913784
0.275,0.59,0.384,0.694,0.004878909
0.667,0.18,0.913,0.662,0.000655822
0.827,0.011,0.997,0.875,3.5176e-05
0.712,0.647,0.801,0.895,1.9757e-05
0.063,0.384,0.825,0.97,0.987444459
0.621,0.571,0.85,0.807,0.000324779
0.481,0.606,0.6,0.899,0.000826403
0.012,0.29,0.088,0.521,0.0
0.685,0.741,0.846,0.805,2.409e-06
0.62,0.172,0.728,0.746,0.001069746
0.635,0.494,0.786,0.896,0.000657749
0.766,0.005,0.84,0.701,7.5653e-05
0.665,0.762,0.766,1.0,9.64e-07
0.812,0.455,0.957,0.5,1.927e-06
0.358,0.763,0.746,0.85,7.0353e-05
0.167,0.622,0.912,0.709,0.007172117
0.318,0.288,0.977,0.377,0.0
0.057,0.318,0.768,0.991,0.987380852
0.275,0.235,0.968,0.87,0.112790259
0.082,0.723,0.444,0.753,0.000315141
0.523,0.242,0.693,0.322,0.0
0.143,0.232,0.696,0.547,0.414099156
0.457,0.372,0.77,0.619,0.012166674
0.154,0.813,0.968,0.964,7.9026e-05
0.131,0.286,0.171,0.937,0.078001348
0.183,0.524,0.942,0.634,0.05924369
0.34,0.023,0.747,0.516,0.035166213
0.269,0.357,0.986,0.372,0.0
0.221,0.58,0.321,0.73,0.008314625
0.242,0.039,0.48,0.695,0.145638689
0.541,0.21,0.673,0.401,0.0
0.77,0.014,0.794,0.262,0.0
0.75,0.914,0.779,0.997,0.0
0.547,0.267,0.65,0.409,0.0
0.207,0.695,0.453,0.981,0.000985419
0.727,0.003,0.893,0.533,0.000136369
0.528,0.036,0.693,0.956,0.005054791
0.151,0.219,0.625,0.617,0.441889422
0.195,0.048,0.644,0.309,0.0
0.35,0.007,0.432,0.322,0.0
0.132,0.181,0.802,0.261,0.0
0.449,0.356,0.645,0.938,0.013625287
0.008,0.529,0.538,0.788,0.099171236
0.374,0.511,0.595,0.586,0.010240168
0.046,0.434,0.113,0.513,0.206739014
0.586,0.266,0.913,0.913,0.002317301
0.082,0.022,0.175,0.2,0.0
0.46,0.371,0.515,0.555,0.004690981
0.129,0.063,0.235,0.116,0.0
0.156,0.589,0.759,0.665,0.015951262
0.584,0.79,0.625,0.995,4.82e-07
0.465,0.362,0.662,0.714,0.011285338
0.459,0.528,0.53,0.644,0.002440659
0.565,0.858,0.835,0.942,4.82e-07
0.109,0.113,0.502,0.525,0.599989206
0.079,0.188,0.285,0.242,0.0
0.189,0.281,0.464,0.687,0.366616408
0.576,0.443,0.701,0.495,0.000548847
0.079,0.391,0.453,0.606,0.961674181
0.13,0.123,0.619,0.629,0.492268194
0.1,0.227,0.389,0.714,0.877636478
0.758,0.554,0.986,0.831,4.6741e-05
0.19,0.724,0.991,0.997,0.000690034
0.739,0.507,0.852,0.532,1.7347e-05
0.146,0.318,0.733,0.547,0.40899136
0.05,0.738,0.245,0.964,0.000163353
0.648,0.489,0.821,0.617,0.000506925
0.503,0.609,0.709,0.805,0.000739185
0.441,0.601,0.685,0.826,0.001778573
0.062,0.866,0.697,0.893,1.301e-05
0.319,0.031,0.906,0.214,0.0
0.2,0.118,0.499,0.268,0.0
0.096,0.524,0.317,0.845,0.093514593
0.159,0.81,0.225,0.82,3.855e-06
0.576,0.382,0.837,0.627,0.002442587
0.1,0.123,0.305,0.748,0.830405265
0.805,0.573,0.97,0.86,2.0238e-05
0.11,0.35,0.151,0.85,0.236015842
0.082,0.796,0.577,0.958,0.000122876
0.082,0.278,0.093,0.798,0.014532644
0.606,0.035,0.824,0.188,0.0
0.073,0.444,0.483,0.622,0.667552821
0.23,0.105,0.272,0.39,0.0
0.147,0.65,0.578,0.92,0.004069372
0.363,0.331,0.474,0.951,0.033258499
0.388,0.529,0.551,0.963,0.009326547
0.001,0.179,0.46,0.853,0.974621963
0.706,0.339,0.829,0.89,0.000383567
0.363,0.259,0.508,0.797,0.037007911
0.279,0.247,0.704,0.574,0.094409421
0.055,0.101,0.639,0.907,0.986438319
0.494,0.326,0.642,0.519,0.00426501
0.565,0.595,0.984,0.672,0.000410069
0.109,0.209,0.238,0.311,0.0
0.488,0.061,0.546,0.962,0.004855298
0.253,0.057,0.533,0.503,0.085514627
0.688,0.555,0.811,0.582,5.5897e-05
0.19,0.141,0.277,0.82,0.263769968
0.39,0.372,0.607,0.649,0.028555472
0.29,0.013,0.942,0.513,0.062164289
0.268,0.342,0.703,0.72,0.120065977
0.688,0.275,0.796,0.788,0.000472712
0.944,0.061,0.953,0.555,4.82e-07
0.127,0.238,0.821,0.291,0.0
0.611,0.664,0.98,0.689,3.0358e-05
0.221,0.799,0.568,0.808,1.6383e-05
0.279,0.417,0.389,0.58,0.06951036
0.514,0.602,0.673,0.641,0.000378266
0.485,0.091,0.645,0.608,0.007749876
0.473,0.265,0.49,0.76,0.002049865
0.351,0.043,0.508,0.104,0.0
0.013,0.168,0.471,0.436,0.230747584
0.715,0.096,0.914,0.793,0.000355618
0.197,0.278,0.969,0.68,0.320976803
0.032,0.583,0.245,0.996,0.01048062
0.152,0.533,0.214,0.537,0.001656179
0.655,0.345,0.909,0.781,0.000836522
0.276,0.268,0.915,0.97,0.111566797
0.197,0.517,0.718,0.837,0.071491799
0.439,0.28,0.606,0.396,0.0
0.339,0.426,0.533,0.689,0.042636606
0.033,0.567,0.229,0.752,0.017554917
0.022,0.077,0.974,0.806,0.987385189
0.051,0.441,0.559,0.67,0.713482992
0.021,0.408,0.85,0.834,0.987411692
0.287,0.713,0.965,0.962,0.00050066
0.326,0.649,0.831,0.936,0.001796884
0.07,0.189,0.129,0.386,0.0
0.023,0.271,0.309,0.283,0.0
0.348,0.134,0.391,0.671,0.02007653
0.929,0.091,0.99,0.296,0.0
0.03,0.356,0.041,0.517,0.0
0.529,0.162,0.879,0.611,0.004903484
0.335,0.381,0.678,0.825,0.056995296
0.371,0.643,0.431,0.876,0.000538246
0.4,0.465,0.779,0.743,0.018434326
0.732,0.094,0.984,0.313,0.0
0.045,0.386,0.948,0.709,0.986465786
0.386,0.491,0.841,0.834,0.01785223
0.004,0.283,0.421,0.782,0.966935211
0.057,0.04,0.168,0.848,0.563869859
0.464,0.039,0.47,0.759,0.000825921
0.392,0.885,0.915,0.921,2.409e-06
0.75,0.13,0.953,0.242,0.0
0.441,0.186,0.907,0.303,0.0
0.179,0.58,0.199,0.589,0.000206239
0.419,0.25,0.974,0.465,0.006357761
0.064,0.136,0.47,0.314,0.0
0.814,0.496,0.964,0.671,2.3612e-05
0.141,0.172,0.853,0.482,0.28610453
0.861,0.093,0.949,0.483,4.337e-06
0.094,0.384,0.998,0.418,0.0
0.437,0.382,0.705,0.838,0.016415782
0.073,0.401,0.238,0.688,0.823245195
0.704,0.007,0.862,0.628,0.000372965
0.102,0.259,0.436,0.717,0.841761438
0.024,0.325,0.827,0.946,0.987444459
0.236,0.185,0.248,0.623,0.020472143
0.273,0.421,0.739,0.836,0.096997531
0.183,0.808,0.374,0.814,7.71e-06
0.149,0.254,0.494,0.795,0.447411142
0.259,0.349,0.954,0.877,0.131520451
0.37,0.899,0.693,0.973,2.409e-06
0.493,0.493,0.871,0.768,0.005070692
0.244,0.167,0.535,0.965,0.148247038
0.308,0.785,0.408,0.803,1.301e-05
0.371,0.305,0.671,0.938,0.040004163
0.129,0.966,0.992,0.978,0.0
0.451,0.105,0.769,0.354,0.0
0.009,0.789,0.726,0.807,5.5897e-05
0.062,0.263,0.702,0.982,0.987040172
0.248,0.335,0.878,0.98,0.146673259
0.62,0.018,0.998,0.951,0.001340074
0.133,0.214,0.409,0.733,0.466685845
0.084,0.041,0.601,0.738,0.985113183
0.467,0.403,0.757,0.701,0.011588915
0.125,0.277,0.776,0.302,0.0
0.055,0.209,0.425,0.954,0.968051217
0.369,0.196,0.844,0.577,0.035591702
0.097,0.031,0.1,0.102,0.0
0.131,0.415,0.227,0.426,0.063400279
0.427,0.3,0.447,0.397,0.0
0.241,0.204,0.323,0.543,0.078241318
0.602,0.49,0.685,0.687,0.000765206
0.434,0.682,0.93,0.954,0.000345981
0.079,0.202,0.796,0.259,0.0
0.164,0.054,0.708,0.742,0.428488685
0.056,0.924,0.348,0.983,9.64e-07
0.185,0.195,0.366,0.29,0.0
0.538,0.273,0.905,0.465,0.001347784
0.16,0.551,0.339,0.838,0.03343679
0.223,0.751,0.999,0.79,0.000198529
0.255,0.41,0.938,0.935,0.136699082
0.182,0.85,0.892,0.952,3.0358e-05
0.079,0.075,0.687,0.346,0.0
0.644,0.341,0.843,0.35,0.0
0.076,0.12,0.24,0.627,0.824785726
0.797,0.228,0.843,0.807,3.5176e-05
0.05,0.608,0.273,0.958,0.006193926
0.653,0.089,0.975,0.128,0.0
0.52,0.478,0.652,0.517,0.001065409
0.086,0.408,0.784,0.582,0.962668756
0.227,0.965,0.351,0.966,0.0
0.053,0.424,0.281,0.628,0.662489839
0.051,0.839,0.565,0.886,3.4213e-05
0.013,0.1,0.039,0.453,0.0
0.152,0.101,0.661,0.848,0.449989616
0.04,0.104,0.388,0.485,0.666125048
0.586,0.147,0.59,0.249,0.0
0.148,0.276,0.212,0.327,0.0
0.204,0.832,0.994,0.949,4.7705e-05
0.156,0.964,0.878,0.979,0.0
0.001,0.176,0.902,0.868,0.987456505
0.584,0.097,0.935,0.323,0.0
0.004,0.348,0.21,0.47,0.487425907
0.48,0.31,0.965,0.92,0.010182825
0.651,0.26,0.671,0.446,2.9394e-05
0.224,0.732,0.875,0.772,0.000307432
0.044,0.57,0.501,0.812,0.033263318
0.074,0.184,0.715,0.682,0.985184018
0.127,0.078,0.58,0.499,0.35442805
0.021,0.109,0.51,0.335,0.0
0.301,0.884,0.516,0.894,4.82e-07
0.139,0.381,0.31,0.727,0.400782746
0.408,0.183,0.687,0.408,0.0
0.215,0.164,0.411,0.891,0.197791215
0.33,0.843,0.635,0.923,1.2529e-05
0.592,0.523,0.803,0.609,0.000716537
0.122,0.771,0.68,0.9,0.000231296
0.049,0.278,0.259,0.993,0.855949065
0.125,0.015,0.628,0.696,0.517154726
0.5,0.139,0.604,0.929,0.006225247
0.191,0.882,0.869,0.897,2.409e-06
0.852,0.548,0.991,0.81,8.192e-06
0.103,0.52,0.951,0.954,0.130300844
0.083,0.469,0.181,0.807,0.219150477
0.283,0.037,0.76,0.885,0.102519734
0.317,0.239,0.781,0.263,0.0
0.434,0.226,0.993,0.447,0.003344643
0.399,0.0,0.803,0.439,0.00361497
0.195,0.741,0.889,0.803,0.00037152
0.283,0.528,0.605,0.799,0.02665595
0.303,0.709,0.83,0.94,0.000454883
0.338,0.26,0.962,0.607,0.051904365
0.117,0.14,0.57,0.265,0.0
0.481,0.677,0.49,0.799,2.5057e-05
0.108,0.199,0.387,0.265,0.0
0.417,0.707,0.681,0.809,0.000186483
0.775,0.211,0.871,0.747,7.2762e-05
0.12,0.089,0.49,0.22,0.0
0.022,0.211,0.048,0.712,0.0
0.825,0.32,0.962,0.99,3.5176e-05
0.357,0.005,0.775,0.402,0.0
0.263,0.092,0.962,0.705,0.12585658
0.531,0.158,0.746,0.697,0.005129962
0.037,0.004,0.591,0.271,0.0
0.918,0.508,0.932,0.609,9.64e-07
0.058,0.184,0.058,0.64,0.0
0.268,0.208,0.734,0.929,0.120798898
0.651,0.38,0.703,0.745,0.000457292
0.228,0.378,0.871,0.924,0.185127254
0.897,0.143,0.912,0.244,0.0
0.211,0.328,0.814,0.498,0.14721536
0.34,0.218,0.985,0.401,0.0
0.264,0.215,0.434,0.545,0.089130562
0.179,0.045,0.364,0.493,0.256247533
0.587,0.489,0.874,0.826,0.001498126
0.21,0.299,0.326,0.407,0.0
0.462,0.512,0.716,0.627,0.004810966
0.493,0.308,0.884,0.737,0.008611937
0.489,0.066,0.71,0.471,0.002709059
0.274,0.425,0.642,0.831,0.095351954
0.328,0.499,0.466,0.648,0.019969556
0.336,0.108,0.69,0.238,0.0
0.232,0.687,0.536,0.76,0.001038906
0.601,0.325,0.761,0.57,0.001273094
0.263,0.218,0.724,0.409,0.0
0.948,0.039,0.949,0.414,0.0
0.246,0.068,0.775,0.951,0.149672402
0.055,0.746,0.393,0.803,0.000287193
0.64,0.448,0.804,0.88,0.000835558
0.04,0.722,0.789,0.954,0.000775807
0.33,0.224,0.871,0.498,0.033079726
0.02,0.024,0.48,0.126,0.0
0.324,0.029,0.703,0.485,0.030343682
0.249,0.509,0.763,0.63,0.044084618
0.333,0.091,0.623,0.968,0.057477163
0.167,0.65,0.38,0.781,0.002804951
0.107,0.422,0.379,0.981,0.609694983
0.39,0.615,0.524,0.876,0.00178291
0.387,0.313,0.894,0.989,0.032651828
0.567,0.583,0.939,0.778,0.000599925
0.379,0.246,0.906,0.943,0.036699034
0.113,0.24,0.729,0.803,0.634849433
0.328,0.542,0.545,0.859,0.013789122
0.754,0.1,0.96,0.865,0.000131068
0.322,0.141,0.574,0.976,0.063058635
0.198,0.268,0.538,0.338,0.0
0.487,0.298,0.577,0.954,0.00670085
0.513,0.129,0.826,0.438,0.000740149
0.56,0.005,0.748,0.988,0.003397648
0.176,0.315,0.745,0.451,0.15759816
0.035,0.18,0.809,0.624,0.978862879
0.932,0.855,0.936,0.877,0.0
0.074,0.499,0.469,0.899,0.243177358
0.193,0.0,0.445,0.054,0.0
0.101,0.225,0.807,0.33,0.0
0.117,0.015,0.204,0.082,0.0
0.648,0.213,0.684,0.493,0.000126731
0.316,0.09,0.346,0.878,0.018218931
0.502,0.196,0.925,0.356,0.0
0.67,0.118,0.682,0.51,4.9632e-05
0.317,0.233,0.843,0.485,0.032965524
0.076,0.42,0.691,0.989,0.754967452
0.422,0.428,0.434,0.829,0.002385726
0.516,0.746,0.57,0.753,0.0
0.66,0.915,0.734,0.968,0.0
0.042,0.487,0.792,0.887,0.301946408
0.149,0.175,0.318,0.234,0.0
0.468,0.522,0.869,0.678,0.004639421
0.005,0.811,0.503,0.819,9.155e-06
0.256,0.13,0.883,0.629,0.130573581
0.003,0.079,0.656,0.432,0.231984056
0.257,0.665,0.442,0.781,0.001429219
0.116,0.377,0.15,0.888,0.136364666
0.259,0.2,0.433,0.716,0.113401267
0.11,0.892,0.382,0.997,3.855e-06
0.263,0.198,0.445,0.276,0.0
0.205,0.083,0.84,0.151,0.0
0.391,0.347,0.763,0.844,0.030609673
0.153,0.433,0.64,0.918,0.362299838
0.638,0.034,0.725,0.232,0.0
0.352,0.34,0.891,0.905,0.049215544
0.296,0.465,0.353,0.545,0.016218217
0.05,0.237,0.879,0.651,0.983239682
0.47,0.304,0.661,0.344,0.0
0.234,0.631,0.647,0.914,0.005026842
0.581,0.038,0.641,0.44,0.000181182
0.838,0.246,0.951,0.747,2.5057e-05
0.416,0.228,0.844,0.39,0.0
0.569,0.192,0.733,0.821,0.002803024
0.118,0.02,0.222,0.525,0.316746488
0.161,0.323,0.23,0.661,0.253935051
0.354,0.442,0.986,0.813,0.039425922
0.695,0.234,0.789,0.735,0.000413442
0.498,0.053,0.585,0.69,0.005695193
0.133,0.256,0.928,0.86,0.491010038
0.402,0.122,0.945,0.668,0.025598732
0.122,0.155,0.602,0.272,0.0
0.385,0.247,0.616,0.547,0.023893885
0.229,0.201,0.766,0.885,0.182669729
0.489,0.462,0.814,0.79,0.006630016
0.301,0.626,0.386,0.856,0.001687982
0.206,0.382,0.973,0.803,0.2602639
0.095,0.443,0.532,0.989,0.687711751
0.295,0.441,0.926,0.548,0.054979644
0.509,0.814,0.597,0.973,3.373e-06
0.087,0.158,0.201,0.587,0.68898629
0.067,0.046,0.636,0.344,0.0
0.344,0.37,0.797,0.781,0.052890266
0.01,0.693,0.266,0.938,0.000508852
0.59,0.013,0.779,0.877,0.002089378
0.101,0.353,0.637,0.98,0.882728373
0.087,0.475,0.315,0.522,0.21054625
0.06,0.147,0.139,0.361,0.0
0.309,0.564,0.661,0.629,0.009083204
0.859,0.576,0.966,0.592,1.446e-06
0.321,0.152,0.605,0.692,0.064295107
0.274,0.273,0.552,0.412,0.0
0.071,0.193,0.466,0.281,0.0
0.087,0.671,0.137,0.738,1.1083e-05
0.266,0.14,0.528,0.799,0.117615199
0.839,0.012,0.887,0.981,2.072e-05
0.3,0.005,0.7,0.144,0.0
0.898,0.562,0.984,0.891,1.927e-06
0.4,0.12,0.578,0.761,0.024262514
0.344,0.042,0.921,0.163,0.0
0.364,0.375,0.435,0.751,0.026486814
0.549,0.438,0.884,0.795,0.003734955
0.363,0.011,0.886,0.883,0.044192556
0.564,0.211,0.817,0.65,0.003107082
0.321,0.081,0.684,0.785,0.065912255
0.008,0.284,0.998,0.919,0.987477708
0.403,0.761,0.427,0.806,6.264e-06
0.176,0.062,0.266,0.153,0.0
0.441,0.932,0.963,0.943,0.0
0.723,0.366,0.966,0.868,0.000300203
0.295,0.74,0.775,0.962,0.000245752
0.359,0.282,0.365,0.373,0.0
0.737,0.0,0.904,0.74,0.000204312
0.07,0.281,0.841,0.38,0.0
0.255,0.155,0.492,0.799,0.127855848
0.019,0.451,0.746,0.677,0.609010249
0.181,0.632,0.275,0.984,0.002132746
0.2,0.365,0.934,0.456,0.108988324
0.875,0.499,0.957,0.652,6.746e-06
0.735,0.005,0.802,0.241,0.0
0.1,0.536,0.472,0.842,0.083909526
0.479,0.2,0.634,0.608,0.008292941
0.119,0.02,0.588,0.83,0.554423327
0.01,0.136,0.635,0.588,0.965343121
0.792,0.024,0.826,0.255,0.0
0.608,0.123,0.759,0.821,0.001485116
0.189,0.495,0.426,0.599,0.102905228
0.368,0.736,0.994,0.874,0.000145524
0.486,0.216,0.585,0.809,0.007107065
0.158,0.528,0.991,0.976,0.071185332
0.72,0.229,0.879,0.427,2.9876e-05
0.1,0.052,0.736,0.2,0.0
0.497,0.06,0.567,0.391,0.0
0.091,0.185,0.476,0.431,0.223715209
0.638,0.071,0.829,0.293,0.0
0.171,0.234,0.89,0.366,0.0
0.33,0.218,0.814,0.72,0.060200679
0.031,0.09,0.993,0.235,0.0
0.506,0.345,0.828,0.736,0.007285838
0.578,0.123,0.924,0.769,0.002610758
0.244,0.105,0.87,0.908,0.153333632
0.039,0.552,0.755,0.92,0.062903474
0.123,0.701,0.917,0.771,0.001003248
0.206,0.316,0.731,0.428,0.040881644
0.064,0.423,0.37,0.622,0.713114845
0.916,0.087,0.98,0.81,3.373e-06
0.468,0.494,0.544,0.691,0.003854941
0.231,0.497,0.795,0.692,0.0705271
0.106,0.421,0.637,0.624,0.648179818
0.51,0.076,0.932,0.091,0.0
0.223,0.521,0.847,0.538,0.012470251
0.728,0.129,0.857,0.566,0.000173954
0.803,0.465,0.926,0.909,3.2767e-05
0.105,0.179,0.972,0.478,0.474371151
0.185,0.028,0.229,0.905,0.214166521
0.038,0.164,0.793,0.265,0.0
0.295,0.691,0.827,0.831,0.000734366
0.264,0.45,0.444,0.621,0.073307476
0.273,0.976,0.579,0.994,0.0
0.044,0.02,0.15,0.44,0.157432879
0.128,0.498,0.801,0.611,0.145772648
0.056,0.463,0.556,0.578,0.428874179
0.161,0.237,0.474,0.405,0.0
0.453,0.148,0.616,0.429,0.001536676
0.389,0.115,0.499,0.294,0.0
0.192,0.191,0.696,0.519,0.29143784
0.77,0.284,0.982,0.833,9.6855e-05
0.363,0.157,0.459,0.795,0.031173458
0.145,0.315,0.293,0.485,0.243522375
0.185,0.471,0.755,0.896,0.171424386
0.923,0.526,0.945,0.613,4.82e-07
0.851,0.171,0.859,0.274,0.0
0.159,0.742,0.777,0.769,0.000256835
0.401,0.653,0.802,0.943,0.000932414
0.58,0.7,0.808,0.821,3.4694e-05
0.678,0.013,0.912,0.041,0.0
0.453,0.081,0.859,0.591,0.011993684
0.891,0.221,0.981,0.455,1.446e-06
0.068,0.16,0.762,0.804,0.987263277
0.179,0.169,0.259,0.235,0.0
0.441,0.28,0.468,0.311,0.0
0.448,0.296,0.524,0.653,0.008527128
0.402,0.192,0.644,0.744,0.025142404
0.146,0.297,0.986,0.412,0.0
0.196,0.108,0.361,0.851,0.286900575
0.291,0.19,0.903,0.247,0.0
0.066,0.067,0.179,0.103,0.0
0.17,0.037,0.241,0.183,0.0
0.177,0.032,0.718,0.781,0.412160121
0.022,0.259,0.202,0.51,0.597710454
0.292,0.053,0.669,0.974,0.091530744
0.138,0.094,0.255,0.424,0.068265696
0.094,0.097,0.648,0.432,0.211803442
0.836,0.122,0.907,0.679,2.072e-05
0.257,0.586,0.513,0.868,0.010739382
0.31,0.035,0.864,0.55,0.059316933
0.001,0.443,0.573,0.815,0.690154337
0.192,0.626,0.578,0.778,0.006180433
0.335,0.94,0.816,0.977,4.82e-07
0.125,0.225,0.407,0.776,0.495057243
0.8,0.15,0.955,0.649,4.8669e-05
0.173,0.006,0.722,0.182,0.0
0.163,0.898,0.765,0.956,6.264e-06
0.184,0.478,0.404,0.51,0.065883343
0.777,0.11,0.931,0.124,0.0
0.114,0.479,0.523,0.65,0.263795507
0.054,0.613,0.162,0.752,0.000919885
0.303,0.333,0.666,0.554,0.065379309
0.314,0.76,0.601,0.833,0.000107456
0.52,0.301,0.813,0.356,0.0
0.271,0.222,0.808,0.37,0.0
0.623,0.093,0.87,0.546,0.000803755
0.322,0.167,0.418,0.319,0.0
0.713,0.358,0.875,0.8,0.000358028
0.331,0.169,0.819,0.702,0.059460048
0.343,0.303,0.382,0.453,0.006112008
0.176,0.384,0.916,0.822,0.413792688
0.197,0.599,0.913,0.843,0.012297742
0.462,0.429,0.656,0.9,0.01031052
0.648,0.514,0.755,0.867,0.000412479
0.753,0.03,0.953,0.569,9.1073e-05
0.274,0.474,0.99,0.52,0.028542461
0.027,0.233,0.88,0.464,0.538628191
0.393,0.772,0.842,0.787,1.9757e-05
0.572,0.584,0.698,0.746,0.000442354
0.683,0.203,0.781,0.682,0.000475603
0.444,0.36,0.867,0.508,0.008104049
0.593,0.64,0.759,0.888,0.000133959
0.479,0.063,0.731,0.909,0.010061877
0.178,0.153,0.354,0.263,0.0
0.008,0.016,0.895,0.217,0.0
0.435,0.11,0.53,0.894,0.011842859
0.658,0.081,0.742,0.777,0.000621127
0.112,0.272,0.762,0.455,0.243408654
0.072,0.506,0.64,0.791,0.209556976
0.186,0.362,0.557,0.459,0.185197607
0.398,0.322,0.976,0.958,0.027722323
0.908,0.307,0.939,0.842,2.891e-06
0.729,0.178,0.765,0.383,0.0
0.193,0.395,0.493,0.905,0.345901885
0.152,0.314,0.778,0.772,0.45047052
0.773,0.061,0.888,0.697,8.1436e-05
0.266,0.9,0.743,0.973,4.337e-06
0.11,0.304,0.76,0.743,0.687973405
0.742,0.07,0.847,0.49,5.2524e-05
0.229,0.349,0.511,0.526,0.133551523
0.354,0.653,0.909,0.717,0.001063482
0.006,0.697,0.635,0.882,0.001353566
0.186,0.268,0.462,0.371,0.0
0.015,0.464,0.532,0.531,0.349444575
0.205,0.595,0.588,0.599,0.00086447
0.337,0.223,0.577,0.307,0.0
0.392,0.663,0.549,0.986,0.000621127
0.445,0.217,0.656,0.795,0.014435788
0.585,0.625,0.705,0.75,0.000161426
0.384,0.238,0.425,0.917,0.014690215
0.395,0.102,0.629,0.644,0.02663282
0.112,0.284,0.321,0.378,0.0
0.505,0.207,0.84,0.24,0.0
0.213,0.213,0.26,0.427,0.015458311
0.157,0.154,0.838,0.802,0.441729924
0.571,0.381,0.743,0.697,0.002733153
0.008,0.488,0.184,0.585,0.150897792
0.252,0.678,0.295,0.878,0.000462111
0.116,0.804,0.991,0.995,0.00010071
0.014,0.259,0.885,0.519,0.852943175
0.931,0.343,0.953,0.928,1.446e-06
0.486,0.142,0.992,0.367,0.0
0.027,0.057,0.082,0.167,0.0
0.117,0.449,0.921,0.897,0.390690511
0.724,0.361,0.808,0.536,0.000134441
0.04,0.612,0.739,0.753,0.011102229
0.354,0.866,0.998,0.993,6.264e-06
0.05,0.827,0.464,0.87,3.7104e-05
0.155,0.261,0.766,0.943,0.445375734
0.32,0.725,0.489,0.837,0.000199975
0.472,0.108,0.631,0.437,0.001185876
0.227,0.049,0.676,0.814,0.186839329
0.226,0.613,0.306,0.781,0.003379337
0.164,0.1,0.996,0.906,0.429391223
0.205,0.034,0.32,0.761,0.198582924
0.316,0.173,0.426,0.363,0.0
0.148,0.309,0.71,0.542,0.399706735
0.254,0.676,0.258,0.961,3.1803e-05
0.31,0.648,0.476,0.863,0.001544386
0.846,0.435,0.877,0.689,4.337e-06
0.066,0.219,0.18,0.556,0.557978064
0.25,0.195,0.692,0.631,0.138603904
0.227,0.083,0.988,0.854,0.187499488
0.801,0.729,0.9,0.978,2.409e-06
0.207,0.398,0.303,0.57,0.162622593
0.098,0.336,0.779,0.684,0.93407618
0.556,0.518,0.717,0.523,7.5171e-05
0.503,0.355,0.88,0.874,0.007641456
0.076,0.49,0.664,0.597,0.27317024
0.018,0.105,0.322,0.415,0.0
0.136,0.273,0.138,0.867,0.00491023
0.041,0.005,0.661,0.465,0.548099779
0.125,0.582,0.577,0.728,0.023018332
0.178,0.489,0.822,0.904,0.140654251
0.194,0.621,0.227,0.723,0.000664495
0.273,0.015,0.579,0.19,0.0
0.506,0.049,0.921,0.084,0.0
0.202,0.297,0.236,0.427,0.017558772
0.331,0.174,0.904,0.357,0.0
0.462,0.821,0.858,0.863,6.746e-06
0.202,0.051,0.777,0.572,0.262973441
0.382,0.067,0.45,0.755,0.020669709
0.555,0.329,0.65,0.948,0.002914817
0.023,0.393,0.606,0.608,0.973260205
0.526,0.068,0.89,0.557,0.004136351
0.076,0.77,0.26,0.799,4.3368e-05
0.184,0.305,0.425,0.917,0.380147249
0.341,0.428,0.368,0.819,0.010511459
0.167,0.012,0.223,0.166,0.0
0.349,0.276,0.778,0.418,0.0
0.208,0.015,0.974,0.076,0.0
0.286,0.24,0.373,0.617,0.056924461
0.442,0.222,0.864,0.682,0.015545048
0.354,0.721,0.76,0.933,0.000247198
0.343,0.309,0.804,0.44,0.008599409
0.788,0.698,0.949,0.729,1.927e-06
0.688,0.641,0.827,0.836,4.0477e-05
0.136,0.486,0.541,0.997,0.178748773
0.743,0.623,0.923,0.864,2.5539e-05
0.136,0.736,0.306,0.857,0.000331525
0.779,0.316,0.981,0.978,8.3363e-05
0.91,0.428,0.962,0.579,2.891e-06
0.546,0.508,0.957,0.519,0.000264545
0.602,0.327,0.722,0.963,0.001471624
0.035,0.287,0.667,0.582,0.962192671
0.758,0.793,0.963,0.904,0.0
0.679,0.264,0.73,0.362,0.0
0.66,0.277,0.884,0.553,0.000494878
0.062,0.31,0.327,0.978,0.924989122
0.056,0.936,0.657,0.999,1.446e-06
0.618,0.38,0.787,0.768,0.001306343
0.322,0.132,0.504,0.165,0.0
0.205,0.432,0.372,0.497,0.106605007
0.316,0.419,0.453,0.792,0.048063398
0.533,0.364,0.538,0.626,0.000281893
0.676,0.174,0.753,0.609,0.000408624
0.259,0.36,0.787,0.935,0.13145829
0.775,0.382,0.966,0.598,6.4088e-05
0.149,0.114,0.462,0.28,0.0
0.24,0.046,0.596,0.958,0.158287713
0.08,0.157,0.69,0.223,0.0
0.325,0.203,0.889,0.392,0.0
0.238,0.028,0.868,0.038,0.0
0.115,0.686,0.202,0.7,8.5772e-05
0.492,0.198,0.818,0.535,0.005554006
0.159,0.119,0.368,0.52,0.329635482
0.143,0.074,0.478,0.369,0.0
0.104,0.51,0.524,0.89,0.179325569
0.739,0.497,0.754,0.567,2.1684e-05
0.744,0.101,0.829,0.253,0.0
0.217,0.217,0.91,0.469,0.097379652
0.094,0.223,0.694,0.682,0.9645172
0.487,0.242,0.894,0.701,0.009233546
0.674,0.792,0.727,0.95,0.0
0.455,0.239,0.568,0.898,0.010563983
0.157,0.01,0.591,0.126,0.0
0.588,0.453,0.664,0.493,0.000269364
0.7,0.054,0.726,0.919,0.000173954
0.082,0.49,0.86,0.856,0.290301596
0.062,0.045,0.85,0.287,0.0
0.096,0.391,0.685,0.706,0.94829802
0.338,0.654,0.493,0.713,0.000867362
0.252,0.077,0.984,0.479,0.069770087
0.349,0.813,0.44,0.82,1.927e-06
0.648,0.85,0.939,0.937,4.82e-07
0.023,0.652,0.102,0.749,0.0
0.468,0.138,0.659,0.606,0.009805041
0.484,0.637,0.893,0.812,0.000540174
0.35,0.247,0.524,0.372,0.0
0.137,0.71,0.53,0.808,0.000844714
0.395,0.17,0.545,0.254,0.0
0.201,0.387,0.907,0.818,0.292403984
0.484,0.115,0.587,0.63,0.006968769
0.752,0.92,0.837,0.983,0.0
0.181,0.301,0.731,0.633,0.400383277
0.092,0.433,0.592,0.652,0.749487172
0.437,0.42,0.568,0.518,0.006426186
0.008,0.449,0.819,0.989,0.630070271
0.291,0.589,0.541,0.753,0.007819265
0.311,0.854,0.553,0.883,4.819e-06
0.2,0.048,0.375,0.621,0.256125139
0.027,0.55,0.444,0.69,0.059853734
0.749,0.534,0.915,0.874,6.7943e-05
0.522,0.311,0.993,0.785,0.006002142
0.025,0.381,0.915,0.849,0.987445422
0.713,0.164,0.723,0.754,7.1316e-05
0.18,0.181,0.961,0.467,0.22618478
0.062,0.745,0.741,0.953,0.000475603
0.109,0.265,0.701,0.762,0.713337468
0.126,0.185,0.335,0.325,0.0
0.504,0.807,0.701,0.926,5.782e-06
0.442,0.645,0.909,0.993,0.000778216
0.087,0.244,0.435,0.57,0.938782581
0.139,0.127,0.363,0.323,0.0
0.029,0.14,0.353,0.554,0.889867241
0.116,0.671,0.38,0.889,0.001818568
0.417,0.318,0.816,0.464,0.006395346
0.121,0.153,0.332,0.172,0.0
0.15,0.788,0.374,0.962,0.000112275
0.798,0.486,0.978,0.541,8.192e-06
0.52,0.044,0.576,0.078,0.0
0.179,0.485,0.633,0.59,0.131838002
0.567,0.097,0.736,0.135,0.0
0.321,0.744,0.981,0.958,0.000174918
0.376,0.718,0.639,0.941,0.000214431
0.344,0.202,0.82,0.489,0.02611674
0.615,0.178,0.911,0.737,0.001425846
0.443,0.319,0.695,0.685,0.014887298
0.156,0.237,0.281,0.254,0.0
0.145,0.315,0.821,0.812,0.463660199
0.095,0.016,0.728,0.032,0.0
0.012,0.799,0.578,0.847,8.1436e-05
0.306,0.244,0.716,0.763,0.077945452
0.186,0.127,0.598,0.362,0.0
0.735,0.772,0.746,0.83,0.0
0.873,0.158,0.884,0.69,5.301e-06
0.012,0.149,0.772,0.84,0.98734423
0.115,0.183,0.512,0.287,0.0
0.285,0.572,0.773,0.815,0.012618666
0.369,0.409,0.968,0.692,0.041156791
0.498,0.33,0.849,0.884,0.008108867
0.164,0.436,0.645,0.908,0.345111622
0.772,0.366,0.993,0.765,9.2519e-05
0.223,0.154,0.418,0.88,0.176386176
0.569,0.127,0.75,0.53,0.00163835
0.292,0.207,0.959,0.916,0.092204395
0.104,0.206,0.53,0.743,0.809273445
0.17,0.493,0.553,0.929,0.133549595
0.492,0.209,0.561,0.409,0.0
0.125,0.029,0.194,0.548,0.154992702
0.068,0.293,0.2,0.341,0.0
0.396,0.204,0.661,0.46,0.007901664
0.051,0.389,0.506,0.394,0.0
0.503,0.159,0.86,0.852,0.007635673
0.004,0.373,0.864,0.8,0.987353386
0.302,0.016,0.826,0.78,0.081981574
0.279,0.584,0.491,0.643,0.006598213
0.749,0.116,0.922,0.798,0.000144078
0.483,0.725,0.513,0.911,1.9275e-05
0.194,0.08,0.727,0.364,0.0
0.042,0.464,0.555,0.729,0.445369951
0.38,0.317,0.382,0.74,0.001024932
0.078,0.089,0.849,0.391,0.0
