0.424,0.09,0.674,0.249,0.0
0.198,0.059,0.491,0.218,0.0
0.173,0.089,0.277,0.848,0.307161178
0.265,0.613,0.913,0.959,0.006274398
0.357,0.317,0.574,0.954,0.044128468
0.089,0.167,0.49,0.424,0.230662293
0.665,0.762,0.766,1.0,9.64e-07
0.2,0.083,0.397,0.706,0.270957023
0.247,0.058,0.472,0.839,0.136986275
0.156,0.964,0.878,0.979,0.0
0.173,0.372,0.538,0.939,0.412570672
0.557,0.144,0.851,0.733,0.003667976
0.191,0.682,0.991,0.997,0.001740024
0.498,0.216,0.815,0.297,0.0
0.26,0.576,0.645,0.73,0.013458561
0.012,0.486,0.014,0.523,0.0
0.252,0.296,0.662,0.492,0.078919788
0.009,0.817,0.514,0.91,6.698e-05
0.381,0.524,0.564,0.763,0.010862259
0.169,0.433,0.518,0.716,0.333297675
0.527,0.33,0.793,0.94,0.005560752
0.788,0.698,0.949,0.729,1.927e-06
0.094,0.015,0.225,0.579,0.764645762
0.153,0.506,0.277,0.681,0.073982573
0.627,0.094,0.693,0.252,0.0
0.591,0.839,0.733,0.994,1.446e-06
0.332,0.012,0.61,0.421,0.008085738
0.749,0.076,0.801,0.728,9.2037e-05
0.404,0.206,0.544,0.805,0.021006053
0.201,0.311,0.88,0.816,0.292395311
0.334,0.51,0.45,0.603,0.012788283
0.907,0.528,0.934,0.915,1.446e-06
0.621,0.691,0.63,0.844,1.927e-06
0.679,0.728,0.834,0.879,4.337e-06
0.162,0.177,0.475,0.409,0.0
0.555,0.277,0.712,0.751,0.003428488
0.374,0.513,0.916,0.842,0.015219305
0.198,0.966,0.571,0.987,0.0
0.442,0.173,0.726,0.285,0.0
0.209,0.46,0.529,0.97,0.144726032
0.373,0.653,0.933,0.666,0.000339717
0.759,0.074,0.815,0.412,0.0
0.133,0.324,0.62,0.828,0.489639606
0.704,0.15,0.957,0.549,0.000263582
0.426,0.216,0.755,0.602,0.01687452
0.085,0.91,0.543,0.934,3.855e-06
0.341,0.592,0.473,0.932,0.003977335
0.56,0.001,0.573,0.244,0.0
0.441,0.112,0.709,0.808,0.015641421
0.605,0.829,0.613,0.989,0.0
0.256,0.636,0.268,0.781,0.000326706
0.32,0.263,0.506,0.816,0.059826749
0.004,0.092,0.759,0.582,0.962631652
0.22,0.549,0.615,0.974,0.032393547
0.739,0.411,0.904,0.819,0.000194193
0.183,0.314,0.814,0.903,0.402059213
0.052,0.727,0.567,0.768,0.000427417
0.272,0.128,0.883,0.724,0.115923844
0.22,0.296,0.446,0.413,0.0
0.25,0.395,0.47,0.734,0.131919438
0.855,0.21,0.952,0.885,1.6865e-05
0.435,0.234,0.98,0.568,0.013490846
0.047,0.031,0.489,0.399,0.0
0.05,0.531,0.634,0.969,0.097141128
0.083,0.004,0.517,0.639,0.9756946
0.372,0.536,0.899,0.844,0.011460738
0.559,0.377,0.818,0.814,0.00355811
0.474,0.991,0.85,0.992,0.0
0.298,0.551,0.785,0.573,0.005577617
0.031,0.813,0.713,0.817,4.819e-06
0.269,0.379,0.94,0.769,0.119745535
0.243,0.411,0.545,0.593,0.139929522
0.034,0.292,0.748,0.752,0.986925487
0.278,0.766,0.608,0.833,0.000136369
0.405,0.28,0.65,0.61,0.022077244
0.301,0.85,0.549,0.967,1.4456e-05
0.048,0.751,0.958,0.915,0.000412961
0.143,0.081,0.566,0.415,0.0
0.147,0.326,0.753,0.996,0.459916569
0.108,0.199,0.387,0.265,0.0
0.446,0.208,0.725,0.284,0.0
0.796,0.349,0.995,0.862,6.1679e-05
0.438,0.365,0.539,0.903,0.011799491
0.189,0.204,0.712,0.247,0.0
0.382,0.676,0.859,0.767,0.000515598
0.087,0.257,0.967,0.98,0.987480117
0.389,0.341,0.407,0.42,0.000934341
0.059,0.465,0.73,0.901,0.439011709
0.031,0.209,0.042,0.356,0.0
0.499,0.265,0.847,0.568,0.00618718
0.355,0.078,0.369,0.232,0.0
0.387,0.371,0.686,0.736,0.031973359
0.57,0.364,0.658,0.889,0.002193943
0.152,0.533,0.214,0.537,0.001656179
0.077,0.468,0.58,0.728,0.402012954
0.155,0.425,0.791,0.914,0.36008132
0.155,0.658,0.513,0.734,0.002545224
0.17,0.374,0.688,0.899,0.420449688
0.004,0.003,0.12,0.851,0.438019544
0.076,0.186,0.187,0.608,0.594682881
0.112,0.284,0.321,0.378,0.0
0.381,0.35,0.482,0.942,0.025691733
0.245,0.222,0.658,0.605,0.142358135
0.591,0.388,0.746,0.804,0.001969393
0.343,0.162,0.88,0.528,0.03711874
0.25,0.126,0.318,0.707,0.074677908
0.606,0.143,0.824,0.818,0.00162293
0.263,0.218,0.724,0.409,0.0
0.363,0.893,0.887,0.928,2.891e-06
0.302,0.193,0.607,0.482,0.037939843
0.084,0.022,0.249,0.13,0.0
0.873,0.158,0.884,0.69,5.301e-06
0.199,0.011,0.976,0.225,0.0
0.16,0.377,0.946,0.729,0.435769222
0.187,0.008,0.517,0.685,0.382428892
0.49,0.707,0.491,0.863,9.64e-07
0.009,0.088,0.713,0.23,0.0
0.068,0.083,0.536,0.833,0.982389186
0.599,0.49,0.884,0.787,0.001234545
0.047,0.173,0.314,0.973,0.915757503
0.152,0.101,0.661,0.848,0.449989616
0.008,0.185,0.663,0.217,0.0
0.152,0.382,0.401,0.613,0.415855563
0.211,0.069,1.0,0.635,0.231139342
0.039,0.113,0.075,0.797,0.0
0.353,0.42,0.834,0.43,0.0
0.783,0.696,0.957,0.715,9.64e-07
0.379,0.915,0.42,0.95,4.82e-07
0.432,0.156,0.607,0.907,0.016233636
0.054,0.038,0.177,0.767,0.57480488
0.583,0.162,0.938,0.269,0.0
0.207,0.381,0.339,0.517,0.152612758
0.34,0.128,0.667,0.432,0.007585559
0.103,0.071,0.783,0.871,0.837652553
0.376,0.637,0.727,0.734,0.001426328
0.039,0.459,0.178,0.954,0.297461666
0.659,0.865,0.814,0.972,4.82e-07
0.296,0.437,0.319,0.821,0.016622504
0.598,0.134,0.629,0.804,0.000721356
0.044,0.349,0.08,0.641,0.0
0.526,0.303,0.722,0.631,0.005047081
0.213,0.628,0.945,0.789,0.005812768
0.05,0.357,0.846,0.897,0.987452169
0.014,0.244,0.397,0.846,0.959327004
0.192,0.329,0.764,0.731,0.360579571
0.404,0.277,0.556,0.341,0.0
0.529,0.05,0.665,0.75,0.004744468
0.415,0.064,0.65,0.226,0.0
0.789,0.457,0.927,0.758,5.0114e-05
0.265,0.073,0.982,0.919,0.124340143
0.333,0.091,0.623,0.968,0.057477163
0.572,0.261,0.996,0.749,0.002883014
0.266,0.14,0.528,0.799,0.117615199
0.13,0.136,0.693,0.591,0.481527848
0.242,0.039,0.48,0.695,0.145638689
0.006,0.503,0.288,0.803,0.187584779
0.02,0.128,0.855,0.538,0.902380859
0.365,0.171,0.646,0.936,0.042423139
0.321,0.862,0.488,0.897,1.927e-06
0.111,0.217,0.496,0.595,0.642652315
0.531,0.551,0.984,0.997,0.001598355
0.576,0.619,0.907,0.835,0.000265027
0.143,0.409,0.163,0.713,0.036489421
0.497,0.285,0.817,0.454,0.001790138
0.32,0.494,0.517,0.972,0.028231657
0.149,0.451,0.483,0.528,0.210299534
0.135,0.767,0.471,0.85,0.000206721
0.95,0.184,0.981,0.466,0.0
0.236,0.007,0.391,0.013,0.0
0.198,0.543,0.2,0.86,0.000375857
0.234,0.661,0.798,0.864,0.002467162
0.41,0.023,0.984,0.148,0.0
0.213,0.454,0.652,0.659,0.14798683
0.475,0.301,0.853,0.448,0.00198674
0.47,0.626,0.687,0.945,0.000746895
0.668,0.483,0.72,0.841,0.000252017
0.184,0.12,0.294,0.947,0.30947607
0.379,0.649,0.524,0.875,0.000938196
0.1,0.126,0.547,0.662,0.902718649
0.107,0.193,0.457,0.385,0.0
0.022,0.355,0.58,0.408,0.0
0.112,0.167,0.674,0.757,0.648880453
0.4,0.731,0.668,0.927,0.000135405
0.159,0.599,0.562,0.827,0.014233886
0.32,0.724,0.784,0.784,0.000220213
0.158,0.528,0.991,0.976,0.071185332
0.307,0.183,0.497,0.906,0.069304602
0.376,0.582,0.704,0.798,0.005008531
0.009,0.453,0.316,0.814,0.531960589
0.654,0.129,0.667,0.327,0.0
0.684,0.011,0.975,0.12,0.0
0.212,0.083,0.29,0.939,0.137924953
0.105,0.291,0.447,0.324,0.0
0.411,0.24,0.557,0.498,0.009470625
0.677,0.288,0.888,0.918,0.000602816
0.471,0.466,0.856,0.725,0.007909374
0.325,0.25,0.469,0.573,0.045294105
0.242,0.052,0.337,0.85,0.100197614
0.551,0.199,0.85,0.476,0.001261529
0.016,0.184,0.067,0.431,0.0
0.375,0.631,0.743,0.672,0.001143954
0.059,0.039,0.088,0.068,0.0
0.794,0.483,0.973,0.91,4.5296e-05
0.525,0.323,0.858,0.905,0.005753981
0.161,0.236,0.645,0.53,0.367459194
0.496,0.096,0.974,0.639,0.007883353
0.619,0.574,0.808,0.714,0.000301649
0.726,0.678,0.982,0.782,1.1083e-05
0.573,0.199,0.674,0.239,0.0
0.035,0.754,0.562,0.818,0.000288157
0.288,0.561,0.397,0.64,0.007189464
0.214,0.574,0.992,0.865,0.020293852
0.648,0.514,0.755,0.867,0.000412479
0.712,0.806,0.844,0.944,0.0
0.425,0.144,0.702,0.727,0.018857887
0.021,0.429,0.589,0.857,0.753398491
0.269,0.048,0.412,0.704,0.096573006
0.699,0.071,0.758,0.744,0.000336344
0.018,0.384,0.956,0.558,0.934278083
0.293,0.105,0.402,0.951,0.064930209
0.815,0.024,0.947,0.423,7.71e-06
0.642,0.039,0.726,0.511,0.000333452
0.562,0.807,0.638,0.91,1.446e-06
0.458,0.574,0.599,0.865,0.002164549
0.061,0.739,0.659,0.937,0.000544992
0.284,0.051,0.659,0.527,0.073351326
0.799,0.365,0.985,0.837,5.7342e-05
0.258,0.004,0.832,0.466,0.055093846
0.387,0.458,0.627,0.579,0.017665747
0.058,0.102,0.589,0.343,0.0
0.351,0.373,0.842,0.644,0.047982926
0.348,0.134,0.391,0.671,0.02007653
0.341,0.453,0.514,0.78,0.033962026
0.365,0.437,0.436,0.847,0.022480086
0.328,0.28,0.439,0.407,0.0
0.399,0.721,0.661,0.758,0.000102156
0.368,0.623,0.951,0.741,0.002166477
0.734,0.603,0.906,0.947,4.1441e-05
0.466,0.351,0.563,0.903,0.008626875
0.192,0.312,0.917,0.551,0.323115332
0.96,0.138,0.97,0.27,0.0
0.261,0.03,0.804,0.67,0.127346032
0.059,0.148,0.601,0.81,0.98558445
0.544,0.221,0.893,0.729,0.004475586
0.215,0.232,0.352,0.761,0.171565573
0.286,0.332,0.779,0.658,0.097070293
0.447,0.281,0.814,0.311,0.0
0.62,0.716,0.682,0.75,6.264e-06
0.103,0.062,0.883,0.452,0.294606119
0.206,0.27,0.669,0.325,0.0
0.152,0.301,0.2,0.634,0.150069461
0.61,0.109,0.991,0.849,0.001550168
0.082,0.022,0.967,0.316,0.0
0.448,0.149,0.752,0.886,0.014607815
0.593,0.696,0.644,0.871,1.7347e-05
0.073,0.62,0.174,0.754,0.001212861
0.027,0.465,0.421,0.89,0.424992254
0.377,0.616,0.646,0.992,0.00236597
0.771,0.114,0.973,0.32,0.0
0.7,0.019,0.721,0.372,0.0
0.806,0.335,0.814,0.847,6.746e-06
0.175,0.366,0.278,0.83,0.306055774
0.781,0.151,0.94,0.82,7.9026e-05
0.621,0.303,0.913,0.372,0.0
0.427,0.174,0.744,0.271,0.0
0.108,0.619,0.802,0.844,0.009720233
0.433,0.171,0.935,0.533,0.011329188
0.276,0.107,0.724,0.51,0.073478539
0.509,0.687,0.778,0.714,5.8306e-05
0.684,0.049,0.702,0.194,0.0
0.86,0.479,0.968,0.603,8.674e-06
0.091,0.362,0.485,0.575,0.942733413
0.886,0.103,0.891,0.423,0.0
0.038,0.213,0.674,0.705,0.985732383
0.138,0.34,0.249,0.964,0.333402722
0.294,0.013,0.729,0.956,0.089840834
0.62,0.018,0.998,0.951,0.001340074
0.351,0.043,0.508,0.104,0.0
0.051,0.559,0.191,0.949,0.019403361
0.04,0.847,0.336,0.966,2.072e-05
0.442,0.364,0.676,0.601,0.013510121
0.082,0.767,0.166,0.921,5.301e-06
0.52,0.478,0.652,0.517,0.001065409
0.205,0.478,0.716,0.588,0.114404515
0.626,0.273,0.682,0.282,0.0
0.814,0.079,0.941,0.834,3.9995e-05
0.385,0.286,0.629,0.651,0.0314062
0.445,0.217,0.656,0.795,0.014435788
0.151,0.661,0.379,0.919,0.002269596
0.44,0.374,0.517,0.531,0.00642715
0.602,0.683,0.925,0.733,3.4694e-05
0.45,0.458,0.471,0.554,0.001407535
0.047,0.274,0.163,0.388,0.0
0.38,0.317,0.382,0.74,0.001024932
0.241,0.005,0.939,0.144,0.0
0.666,0.132,0.702,0.363,0.0
0.072,0.46,0.905,0.959,0.500271051
0.448,0.7,0.82,0.808,0.000174436
0.288,0.118,0.311,0.306,0.0
0.663,0.124,0.956,0.266,0.0
0.235,0.068,0.807,0.325,0.0
0.475,0.087,0.513,0.37,0.0
0.034,0.786,0.998,0.968,0.000155161
0.317,0.505,0.547,0.545,0.011477604
0.392,0.618,0.721,0.721,0.001934698
0.036,0.197,0.198,0.79,0.672645198
0.278,0.256,0.667,0.727,0.107923397
0.202,0.168,0.829,0.676,0.283229226
0.735,0.588,0.944,0.608,1.4938e-05
0.502,0.723,0.81,0.918,5.7342e-05
0.338,0.101,0.379,0.829,0.019300723
0.249,0.509,0.763,0.63,0.044084618
0.008,0.529,0.538,0.788,0.099171236
0.37,0.885,0.473,0.918,2.409e-06
0.126,0.355,0.842,0.812,0.515232075
0.177,0.244,0.2,0.267,0.0
0.425,0.663,0.79,0.753,0.000518008
0.35,0.78,0.872,0.981,4.8669e-05
0.002,0.381,0.844,0.774,0.987231955
0.189,0.592,0.484,0.774,0.013030663
0.107,0.237,0.399,0.4,0.0
0.276,0.567,0.797,0.593,0.005968412
0.43,0.715,0.51,0.753,6.0233e-05
0.335,0.487,0.613,0.583,0.022324924
0.279,0.0,0.307,0.082,0.0
0.514,0.067,0.627,0.72,0.005374751
0.343,0.665,0.442,0.783,0.000528127
0.199,0.408,0.76,0.987,0.307042639
0.763,0.424,0.96,0.92,9.6855e-05
0.381,0.592,0.63,0.953,0.003769168
0.039,0.607,0.539,0.713,0.011611563
0.83,0.39,0.871,0.429,7.228e-06
0.456,0.051,0.89,0.939,0.013488437
0.33,0.218,0.814,0.72,0.060200679
0.104,0.067,0.403,0.36,0.0
0.05,0.152,0.397,0.376,0.0
0.469,0.481,0.538,0.998,0.004138279
0.759,0.622,0.939,0.911,2.0238e-05
0.174,0.449,0.801,0.695,0.265615521
0.283,0.528,0.605,0.799,0.02665595
0.433,0.22,0.836,0.895,0.017635389
0.296,0.482,0.367,0.535,0.012449049
0.577,0.572,0.688,0.766,0.000487168
0.319,0.056,0.674,0.321,0.0
0.055,0.314,0.342,0.872,0.933477219
0.414,0.435,0.422,0.848,0.001832542
0.548,0.674,0.554,0.782,7.71e-06
0.814,0.336,0.817,0.564,4.82e-07
0.005,0.054,0.953,0.733,0.986853689
0.262,0.345,0.77,0.93,0.127881387
0.003,0.524,0.782,0.945,0.115211643
0.171,0.389,0.663,0.963,0.419014687
0.412,0.08,0.585,0.624,0.019045334
0.153,0.638,0.813,0.838,0.005597855
0.1,0.011,0.304,0.883,0.82972535
0.303,0.279,0.413,0.823,0.058618707
0.449,0.116,0.651,0.3,0.0
0.865,0.41,0.964,0.89,1.542e-05
0.733,0.126,0.956,0.851,0.000239006
0.209,0.04,0.258,0.453,0.039130537
0.259,0.405,0.718,0.476,0.062454373
0.032,0.554,0.189,0.99,0.023426474
0.276,0.326,0.724,0.765,0.111106614
0.405,0.548,0.984,0.69,0.006870468
0.075,0.214,0.283,0.28,0.0
0.355,0.042,0.822,0.839,0.047797407
0.65,0.813,0.721,0.863,4.82e-07
0.302,0.011,0.72,0.864,0.081768107
0.225,0.333,0.321,0.984,0.125831041
0.059,0.839,0.823,0.953,4.3368e-05
0.198,0.985,0.663,0.993,4.82e-07
0.161,0.125,0.19,0.385,0.0
0.428,0.364,1.0,0.404,0.0
0.35,0.363,0.722,0.644,0.048148207
0.374,0.033,0.453,0.201,0.0
0.01,0.177,0.176,0.421,0.151091984
0.194,0.027,0.887,0.151,0.0
0.635,0.652,0.753,0.675,2.1684e-05
0.301,0.271,0.72,0.649,0.080648247
0.411,0.261,0.481,0.572,0.010539407
0.08,0.076,0.46,0.918,0.974645574
0.055,0.269,0.393,0.481,0.651281599
0.511,0.539,0.816,0.619,0.00183447
0.923,0.526,0.945,0.613,4.82e-07
0.117,0.449,0.921,0.897,0.390690511
0.385,0.116,0.389,0.979,0.0019559
0.067,0.511,0.634,0.642,0.173578816
0.258,0.467,0.527,0.53,0.042043909
0.364,0.137,0.57,0.956,0.040789607
0.596,0.771,0.99,0.975,3.855e-06
0.084,0.696,0.225,0.708,9.6855e-05
0.078,0.138,0.148,0.411,0.0
0.036,0.201,0.603,0.662,0.982720229
0.035,0.6,0.522,0.78,0.014887298
0.539,0.239,0.645,0.618,0.003572084
0.088,0.637,0.642,0.859,0.005921189
0.107,0.422,0.379,0.981,0.609694983
0.206,0.161,0.8,0.71,0.259466891
0.171,0.61,0.411,0.899,0.008625911
0.257,0.366,0.568,0.741,0.130623214
0.364,0.108,0.501,0.228,0.0
0.144,0.339,0.892,0.397,0.0
0.528,0.73,0.856,0.946,3.3249e-05
0.183,0.214,0.362,0.684,0.356302033
0.248,0.335,0.878,0.98,0.146673259
0.392,0.25,0.756,0.256,0.0
0.752,0.148,0.788,0.474,1.9275e-05
0.466,0.033,0.871,0.114,0.0
0.193,0.526,0.453,0.704,0.054812435
0.517,0.129,0.636,0.461,0.001389224
0.447,0.606,0.613,0.829,0.001357421
0.39,0.324,0.784,0.918,0.031127199
0.257,0.105,0.797,0.47,0.059241762
0.483,0.074,0.961,0.129,0.0
0.57,0.156,0.844,0.977,0.002969268
0.212,0.142,0.526,0.385,0.0
0.244,0.032,0.626,0.795,0.152044636
0.044,0.38,0.832,0.396,0.0
0.33,0.008,0.435,0.43,0.006333667
0.692,0.351,0.825,0.378,0.0
0.149,0.038,0.504,0.73,0.447946497
0.225,0.132,0.539,0.63,0.182380127
0.119,0.02,0.588,0.83,0.554423327
0.381,0.564,0.442,0.883,0.003185626
0.374,0.407,0.425,0.534,0.01506318
0.173,0.279,0.946,0.911,0.417485239
0.75,0.647,0.774,0.868,3.373e-06
0.611,0.763,0.811,0.848,3.373e-06
0.196,0.108,0.361,0.851,0.286900575
0.744,0.232,0.981,0.944,0.00016769
0.286,0.257,0.718,0.764,0.098529388
0.099,0.589,0.759,0.591,0.001330918
0.002,0.083,0.566,0.535,0.896208136
0.707,0.655,0.901,0.674,7.228e-06
0.184,0.033,0.997,0.559,0.367827341
0.027,0.057,0.082,0.167,0.0
0.527,0.573,0.887,0.883,0.001188285
0.529,0.407,0.713,0.99,0.005106832
0.676,0.635,0.813,0.73,4.385e-05
0.377,0.236,0.915,0.354,0.0
0.224,0.451,0.898,0.761,0.13639936
0.013,0.236,0.623,0.507,0.781812776
0.243,0.58,0.671,0.658,0.011978264
0.303,0.013,0.761,0.824,0.081013021
0.217,0.345,0.48,0.436,0.032784823
0.606,0.195,0.996,0.498,0.000645703
0.752,0.92,0.837,0.983,0.0
0.13,0.511,0.7,0.569,0.081775335
0.031,0.35,0.576,0.944,0.984783586
0.211,0.051,0.418,0.386,0.0
0.69,0.235,0.937,0.916,0.000514153
0.047,0.828,0.592,0.921,5.3005e-05
0.719,0.867,0.836,0.937,0.0
0.631,0.815,0.788,0.828,0.0
0.182,0.571,0.834,0.958,0.024028808
0.351,0.078,0.696,0.586,0.043607087
0.466,0.408,0.865,0.825,0.011976336
0.022,0.362,0.959,0.569,0.950407154
0.36,0.365,0.908,0.458,0.014370255
0.33,0.784,0.584,0.994,5.5897e-05
0.372,0.267,0.427,0.659,0.020936182
0.2,0.192,0.485,0.237,0.0
0.24,0.392,0.92,0.865,0.160227711
0.062,0.263,0.702,0.982,0.987040172
0.353,0.01,0.583,0.276,0.0
0.507,0.169,0.649,0.77,0.006326439
0.193,0.232,0.278,0.316,0.0
0.752,0.546,0.918,0.969,5.7342e-05
0.324,0.725,0.934,0.85,0.000258281
0.148,0.725,0.88,0.933,0.000717019
0.218,0.171,0.273,0.414,0.0
0.136,0.073,0.349,0.713,0.432317123
0.053,0.315,0.54,0.975,0.982708664
0.218,0.306,0.365,0.714,0.167802188
0.269,0.27,0.56,0.771,0.116220674
0.001,0.434,0.382,0.457,0.218175177
0.256,0.123,0.561,0.875,0.13186595
0.205,0.549,0.639,0.872,0.037146689
0.098,0.807,0.488,0.892,7.9508e-05
0.058,0.827,0.159,0.844,4.82e-07
0.522,0.066,0.96,0.141,0.0
0.643,0.357,0.785,0.553,0.000607153
0.25,0.012,0.354,0.755,0.095289311
0.047,0.8,0.079,0.848,0.0
0.322,0.394,0.7,0.544,0.049948464
0.195,0.131,0.447,0.478,0.184389515
0.402,0.843,0.778,0.927,6.264e-06
0.392,0.457,0.993,0.556,0.014917174
0.682,0.007,0.725,0.949,0.000288157
0.285,0.057,0.575,0.068,0.0
0.783,0.082,0.948,0.13,0.0
0.658,0.444,0.854,0.649,0.000643293
0.471,0.508,0.48,0.801,0.000491505
0.022,0.467,0.782,0.959,0.412729688
0.731,0.184,0.808,0.703,0.000198048
0.165,0.236,0.99,0.349,0.0
0.29,0.815,0.432,0.903,2.7948e-05
0.369,0.04,0.461,0.631,0.027797012
0.067,0.531,0.873,0.963,0.09762155
0.545,0.228,0.641,0.531,0.002114435
0.032,0.057,0.549,0.082,0.0
0.406,0.01,0.781,0.386,0.0
0.195,0.741,0.889,0.803,0.00037152
0.643,0.005,0.963,0.394,0.0
0.355,0.065,0.849,0.112,0.0
0.359,0.75,0.733,0.907,0.000111793
0.694,0.162,0.748,0.459,6.698e-05
0.309,0.878,0.489,0.978,6.264e-06
0.147,0.91,0.483,0.945,3.855e-06
0.172,0.773,0.409,0.864,0.000154679
0.444,0.01,0.975,0.595,0.013439768
0.137,0.09,0.88,0.948,0.481008876
0.59,0.013,0.779,0.877,0.002089378
0.378,0.004,0.575,0.69,0.034075265
0.587,0.142,0.735,0.536,0.001204669
0.078,0.017,0.413,0.514,0.814998513
0.137,0.245,0.59,0.8,0.478737353
0.172,0.167,0.383,0.621,0.378052571
0.422,0.559,0.955,0.761,0.004924205
0.504,0.064,0.877,0.665,0.007310413
0.142,0.459,0.48,0.672,0.242828967
0.786,0.69,0.969,0.986,5.301e-06
0.343,0.23,0.887,0.36,0.0
0.446,0.156,0.751,0.463,0.004385959
0.223,0.218,0.346,0.411,0.0
0.592,0.523,0.803,0.609,0.000716537
0.302,0.353,0.598,0.969,0.080203483
0.731,0.299,0.91,0.639,0.000221177
0.7,0.433,0.867,0.461,5.8306e-05
0.008,0.267,0.164,0.641,0.557784354
0.2,0.048,0.375,0.621,0.256125139
0.037,0.6,0.276,0.744,0.007896846
0.41,0.8,0.442,0.92,8.192e-06
0.279,0.654,0.722,0.705,0.001551132
0.037,0.004,0.591,0.271,0.0
0.903,0.059,0.929,0.62,1.927e-06
0.545,0.004,0.601,0.153,0.0
0.528,0.329,0.642,0.508,0.002271524
0.025,0.029,0.262,0.425,0.211665146
0.597,0.221,0.795,0.997,0.001866755
0.317,0.852,0.806,0.921,1.0119e-05
0.255,0.502,0.582,0.517,0.010681076
0.468,0.557,0.929,0.627,0.002246948
0.873,0.196,0.971,0.908,1.4938e-05
0.857,0.113,0.871,0.396,0.0
0.396,0.099,0.956,0.999,0.028513068
0.359,0.375,0.9,0.597,0.041764426
0.069,0.616,0.513,0.942,0.009795404
0.14,0.066,0.934,0.983,0.473894102
0.593,0.712,0.997,0.992,2.5539e-05
0.863,0.187,0.936,0.426,0.0
0.617,0.24,0.855,0.742,0.001375732
0.127,0.522,0.684,0.756,0.092584106
0.263,0.289,0.424,0.764,0.106835821
0.631,0.516,0.89,0.748,0.000584505
0.069,0.621,0.853,0.837,0.009108261
0.12,0.396,0.815,0.717,0.548552735
0.259,0.692,0.287,0.954,0.000280447
0.258,0.211,0.28,0.982,0.026475731
0.731,0.647,0.79,0.705,6.746e-06
0.194,0.581,0.754,0.938,0.018298439
0.031,0.304,0.561,0.928,0.983989468
0.841,0.816,0.954,0.979,0.0
0.43,0.13,0.839,0.708,0.018059433
0.042,0.098,0.885,0.427,0.232048626
0.576,0.319,0.821,0.389,0.0
0.382,0.474,0.415,0.603,0.006795778
0.762,0.088,0.776,0.973,2.9876e-05
0.102,0.534,0.928,0.742,0.090370407
0.382,0.096,0.645,0.567,0.02795651
0.218,0.391,0.577,0.783,0.20885634
0.472,0.207,0.951,0.355,0.0
0.107,0.14,0.667,0.445,0.184483961
0.118,0.154,0.568,0.942,0.562951901
0.789,0.48,0.93,0.985,4.7223e-05
0.517,0.123,0.852,0.159,0.0
0.028,0.247,0.978,0.527,0.879830421
0.295,0.453,0.898,0.593,0.05518781
0.311,0.197,0.637,0.52,0.049311917
0.437,0.303,0.533,0.415,0.0
0.292,0.22,0.81,0.311,0.0
0.292,0.438,0.928,0.641,0.075221936
0.858,0.075,0.894,0.604,9.155e-06
0.669,0.585,0.831,0.902,0.000145042
0.164,0.265,0.728,0.666,0.426426774
0.464,0.2,0.537,0.987,0.007288729
0.113,0.131,0.286,0.797,0.53614079
0.524,0.227,0.73,0.729,0.00556798
0.547,0.074,0.611,0.839,0.002798205
0.821,0.003,0.856,0.868,1.9275e-05
0.223,0.377,0.316,0.7,0.126858864
0.385,0.365,0.545,0.402,0.0
0.025,0.222,0.411,0.474,0.621700231
0.096,0.267,0.702,0.979,0.949506544
0.014,0.329,0.966,0.685,0.985658658
0.414,0.008,0.664,0.066,0.0
0.064,0.062,0.169,0.742,0.565202223
0.143,0.409,0.816,0.496,0.316802385
0.295,0.125,0.826,0.871,0.089065991
0.715,0.685,0.852,0.769,9.155e-06
0.101,0.412,0.314,0.65,0.809631473
0.049,0.243,0.563,0.871,0.984095961
0.403,0.761,0.427,0.806,6.264e-06
0.485,0.434,0.626,0.51,0.003388493
0.37,0.618,0.515,0.697,0.001675935
0.462,0.821,0.858,0.863,6.746e-06
0.174,0.386,0.601,0.926,0.414439836
0.105,0.138,0.718,0.821,0.797150139
0.0,0.311,0.011,0.663,0.0
0.368,0.227,0.952,0.861,0.042030898
0.008,0.829,0.097,0.94,0.0
0.329,0.114,0.335,0.982,0.003492576
0.04,0.213,0.121,0.609,0.444238526
0.357,0.397,0.765,0.937,0.046803315
0.235,0.227,0.865,0.492,0.095864179
0.153,0.123,0.62,0.528,0.375167148
0.325,0.203,0.689,0.839,0.06328704
0.275,0.249,0.792,0.489,0.061062258
0.697,0.041,0.878,0.882,0.000461147
0.477,0.682,0.603,0.958,0.000157571
0.468,0.304,0.717,0.88,0.011361473
0.606,0.048,0.736,0.11,0.0
0.157,0.548,0.713,0.96,0.049578872
0.77,0.014,0.794,0.262,0.0
0.357,0.609,0.61,0.666,0.002344286
0.578,0.699,0.676,0.819,2.5539e-05
0.062,0.039,0.252,0.411,0.0
0.004,0.31,0.317,0.854,0.918042519
0.854,0.317,0.933,0.666,1.3974e-05
0.643,0.119,0.788,0.598,0.000764724
0.444,0.082,0.772,0.707,0.015206295
0.098,0.723,0.65,0.86,0.000736776
0.565,0.595,0.984,0.672,0.000410069
0.186,0.571,0.854,0.732,0.023085793
0.208,0.77,0.481,0.852,0.000155161
0.673,0.43,0.98,0.518,0.000262136
0.006,0.176,0.363,0.647,0.940060976
0.351,0.328,0.82,0.961,0.049649225
0.49,0.062,0.936,0.884,0.009008514
0.063,0.207,0.825,0.513,0.822968603
0.608,0.581,0.972,0.972,0.0003561
0.523,0.191,0.633,0.346,0.0
0.12,0.036,0.989,0.477,0.316614456
0.442,0.252,0.963,0.441,0.002271042
0.411,0.18,0.75,0.576,0.018727783
0.601,0.325,0.761,0.57,0.001273094
0.249,0.293,0.677,0.792,0.144504855
0.203,0.01,0.379,0.207,0.0
0.025,0.748,0.457,0.792,0.000267436
0.039,0.125,0.35,0.126,0.0
0.097,0.44,0.743,0.462,0.257350528
0.017,0.278,0.444,0.477,0.642487998
0.335,0.753,0.832,0.759,2.1202e-05
0.204,0.115,0.223,0.757,0.074281813
0.341,0.049,0.528,0.764,0.048880646
0.506,0.481,0.666,0.612,0.003693997
0.048,0.169,0.55,0.934,0.983355812
0.064,0.116,0.676,0.978,0.986861881
0.082,0.028,0.843,0.112,0.0
0.256,0.86,0.61,0.912,1.2529e-05
0.204,0.159,0.306,0.325,0.0
0.687,0.302,0.776,0.366,0.0
0.118,0.439,0.942,0.596,0.43526567
0.292,0.053,0.669,0.974,0.091530744
0.308,0.674,0.647,0.932,0.000972891
0.127,0.56,0.614,0.583,0.018134122
0.135,0.431,0.881,0.646,0.390011078
0.332,0.306,0.869,0.823,0.059304887
0.26,0.184,0.427,0.993,0.111409227
0.236,0.315,0.494,0.901,0.159026415
0.105,0.573,0.72,0.76,0.031938664
0.774,0.292,0.996,0.782,9.0109e-05
0.237,0.075,0.972,0.304,0.0
0.704,0.089,0.83,0.991,0.000396577
0.308,0.73,0.644,0.862,0.000257799
0.148,0.224,0.801,0.561,0.420641472
0.223,0.751,0.999,0.79,0.000198529
0.132,0.599,0.743,0.965,0.015810557
0.092,0.447,0.27,0.758,0.560363791
0.566,0.036,0.827,0.13,0.0
0.248,0.404,0.813,0.757,0.14640775
0.3,0.005,0.7,0.144,0.0
0.72,0.229,0.879,0.427,2.9876e-05
0.262,0.068,0.4,0.353,0.0
0.681,0.045,0.883,0.476,0.000158534
0.178,0.153,0.354,0.263,0.0
0.359,0.265,0.392,0.333,0.0
0.239,0.573,0.731,0.914,0.017566
0.322,0.189,0.948,0.927,0.065839493
0.465,0.467,0.938,0.777,0.008397024
0.234,0.028,0.463,0.542,0.129844034
0.633,0.255,0.795,0.309,0.0
0.468,0.132,0.847,0.68,0.011450137
0.119,0.254,0.306,0.556,0.442007961
0.054,0.442,0.557,0.947,0.698213091
0.199,0.629,0.523,0.737,0.00516803
0.109,0.265,0.701,0.762,0.713337468
0.139,0.127,0.363,0.323,0.0
0.172,0.343,0.388,0.369,0.0
0.775,0.114,0.858,0.884,7.0835e-05
0.621,0.041,0.935,0.403,0.0
0.102,0.254,0.536,0.838,0.854425881
0.899,0.232,0.944,0.638,4.337e-06
0.087,0.053,0.334,0.314,0.0
0.025,0.18,0.487,0.646,0.973721834
0.003,0.067,0.826,0.526,0.877431684
0.013,0.003,0.865,0.498,0.733679989
0.797,0.143,0.911,0.703,5.2524e-05
0.067,0.122,0.246,0.687,0.837244893
0.421,0.815,0.93,0.882,1.4938e-05
0.075,0.436,0.67,0.689,0.753180687
0.014,0.189,0.683,0.637,0.980939728
0.381,0.142,0.724,0.79,0.03530981
0.034,0.092,0.564,0.774,0.983953328
0.43,0.186,0.45,0.942,0.003847231
0.408,0.567,0.785,0.873,0.005154055
0.194,0.524,0.824,0.685,0.061174533
0.383,0.842,0.534,0.865,2.409e-06
0.605,0.183,0.744,0.867,0.00151451
0.221,0.586,0.522,0.624,0.008051043
0.189,0.281,0.464,0.687,0.366616408
0.364,0.233,0.674,0.36,0.0
0.358,0.075,0.568,0.94,0.043374345
0.309,0.356,0.39,0.457,0.0156101
0.24,0.624,0.273,0.968,0.001151182
0.311,0.359,0.503,0.767,0.066463029
0.377,0.76,0.417,0.959,1.6383e-05
0.772,0.094,0.786,0.285,0.0
0.164,0.213,0.592,0.664,0.424538817
0.033,0.647,0.342,0.773,0.002809288
0.66,0.575,0.743,0.693,0.000133959
0.2,0.199,0.771,0.566,0.274066514
0.07,0.272,0.375,0.608,0.938967618
0.278,0.112,0.601,0.371,0.0
0.096,0.338,0.513,0.385,0.0
0.499,0.579,0.881,0.884,0.001524629
0.139,0.63,0.8,0.689,0.0054957
0.394,0.725,0.807,0.875,0.000169136
0.556,0.27,0.582,0.954,0.001319835
0.061,0.06,0.708,0.271,0.0
0.407,0.073,0.458,0.635,0.010786605
0.62,0.464,0.937,0.987,0.001022523
0.708,0.726,0.888,0.978,3.855e-06
0.085,0.465,0.375,0.469,0.041712866
0.618,0.188,0.694,0.334,0.0
0.752,0.281,0.875,0.701,0.000119985
0.143,0.072,0.356,0.919,0.420400056
0.206,0.215,0.456,0.952,0.246864126
0.577,0.312,0.696,0.831,0.002174668
0.223,0.529,0.831,0.817,0.045053172
0.225,0.584,0.665,0.892,0.015265083
0.459,0.647,0.919,0.934,0.000604744
0.26,0.241,0.891,0.299,0.0
0.521,0.656,0.58,0.84,0.000117094
0.333,0.105,0.448,0.214,0.0
0.338,0.251,0.788,0.453,0.015659732
0.061,0.385,0.184,0.82,0.587900595
0.075,0.156,0.757,0.671,0.984866949
0.196,0.05,0.245,0.29,0.0
0.264,0.807,0.743,0.844,3.7586e-05
0.265,0.438,0.991,0.582,0.091489785
0.598,0.028,0.841,0.956,0.001871574
0.359,0.027,0.489,0.324,0.0
0.345,0.646,0.58,0.975,0.001539085
0.872,0.565,0.948,0.717,4.337e-06
0.363,0.331,0.474,0.951,0.033258499
0.801,0.729,0.9,0.978,2.409e-06
0.394,0.673,0.558,0.727,0.000331043
0.339,0.546,0.859,0.864,0.013049456
0.601,0.901,0.757,0.92,0.0
0.476,0.66,0.648,0.823,0.000316587
0.439,0.007,0.467,0.557,0.003436679
0.573,0.182,0.689,0.707,0.002292244
0.441,0.508,0.743,0.522,0.001054808
0.408,0.183,0.687,0.408,0.0
0.42,0.494,0.601,0.986,0.010264743
0.339,0.506,0.473,0.88,0.01728459
0.2,0.603,0.395,0.757,0.008005748
0.34,0.66,0.425,0.812,0.000551738
0.276,0.083,0.568,0.6,0.101190743
0.408,0.288,0.617,0.835,0.022772097
0.209,0.161,0.924,0.236,0.0
0.472,0.108,0.631,0.437,0.001185876
0.224,0.732,0.875,0.772,0.000307432
0.144,0.141,0.643,0.844,0.464716452
0.148,0.076,0.587,0.523,0.374776353
0.782,0.631,0.986,0.87,1.301e-05
0.43,0.004,0.894,0.173,0.0
0.113,0.789,0.4,0.848,8.7218e-05
0.839,0.501,0.869,0.908,4.819e-06
0.199,0.413,0.546,0.927,0.302772329
0.234,0.401,0.614,0.763,0.169957581
0.542,0.609,0.681,0.682,0.00032767
0.058,0.647,0.077,0.805,0.0
0.769,0.13,0.823,0.484,1.8793e-05
0.709,0.138,0.898,0.338,0.0
0.237,0.229,0.928,0.955,0.165666069
0.107,0.051,0.273,0.172,0.0
0.259,0.456,0.85,0.646,0.083556799
0.081,0.478,0.359,0.588,0.293117148
0.584,0.02,0.846,0.718,0.002344286
0.43,0.563,0.936,0.812,0.004306932
0.866,0.501,0.955,0.577,6.264e-06
0.148,0.121,0.498,0.73,0.449148757
0.591,0.145,0.829,0.789,0.002096606
0.059,0.512,0.401,0.668,0.160446961
0.224,0.306,0.984,0.692,0.193735818
0.022,0.259,0.202,0.51,0.597710454
0.214,0.757,0.853,0.758,4.337e-06
0.5,0.303,0.711,0.908,0.007556165
0.254,0.473,0.603,0.542,0.04555576
0.079,0.245,0.284,0.624,0.881774275
0.302,0.306,0.486,0.432,0.010748056
0.273,0.433,0.305,0.821,0.029213221
0.138,0.571,0.696,0.765,0.029663767
0.003,0.175,0.14,0.644,0.51347904
0.085,0.477,0.599,0.893,0.338029615
0.137,0.028,0.506,0.783,0.473498489
0.772,0.388,0.887,0.522,4.0477e-05
0.698,0.653,0.965,0.926,2.6021e-05
0.908,0.5,0.957,0.945,1.927e-06
0.015,0.08,0.484,0.473,0.621425085
0.628,0.027,0.958,0.052,0.0
0.404,0.2,0.82,0.382,0.0
0.247,0.766,0.624,0.885,0.000177809
0.486,0.467,0.5,0.856,0.001030233
0.672,0.256,0.761,0.524,0.000271291
0.149,0.265,0.678,0.948,0.455490616
0.106,0.288,0.656,0.442,0.167445124
0.158,0.676,0.331,0.859,0.001313571
0.637,0.652,0.967,0.827,5.9752e-05
0.688,0.437,0.921,0.534,0.000239488
0.629,0.392,0.997,0.79,0.001175275
0.186,0.615,0.204,0.712,0.000412961
0.286,0.423,0.987,0.774,0.08413745
0.588,0.062,0.745,0.107,0.0
0.587,0.322,0.656,0.668,0.00140368
0.743,0.253,0.958,0.802,0.000172027
0.589,0.386,0.962,0.888,0.002208881
0.114,0.43,0.937,0.623,0.50663893
0.019,0.22,0.046,0.759,0.0
0.137,0.022,0.353,0.938,0.432260262
0.209,0.723,0.443,0.734,0.000106493
0.422,0.651,0.907,0.719,0.000680397
0.454,0.142,0.858,0.854,0.013784785
0.148,0.26,0.347,0.407,0.0
0.247,0.548,0.63,0.913,0.026609691
0.373,0.131,0.994,0.612,0.036928403
0.255,0.533,0.505,0.922,0.02922575
0.543,0.141,0.695,0.409,0.0
0.036,0.004,0.364,0.457,0.442367435
0.46,0.634,0.761,0.852,0.000754605
0.304,0.068,0.545,0.974,0.07580596
0.197,0.485,0.894,0.629,0.12991005
0.137,0.37,0.309,0.672,0.403808392
0.691,0.575,0.785,0.949,0.000111793
0.434,0.457,0.833,0.668,0.012422064
0.103,0.049,0.309,0.643,0.758996829
0.018,0.569,0.156,0.781,0.006869504
0.227,0.246,0.632,0.414,0.0
0.107,0.243,0.764,0.469,0.404536976
0.648,0.213,0.684,0.493,0.000126731
0.227,0.39,0.881,0.9,0.187506716
0.313,0.303,0.793,0.986,0.072445897
0.039,0.026,0.526,0.209,0.0
0.092,0.748,0.122,0.759,0.0
0.49,0.239,0.567,0.884,0.005859028
0.294,0.703,0.932,0.844,0.000558485
0.095,0.396,0.483,0.602,0.937284455
0.159,0.146,0.456,0.333,0.0
0.395,0.221,0.927,0.595,0.025546691
0.216,0.114,0.565,0.981,0.2144089
0.855,0.881,0.88,0.966,0.0
0.554,0.559,0.735,0.61,0.000567158
0.407,0.217,0.907,0.464,0.007410159
0.351,0.814,0.528,0.977,2.4575e-05
0.237,0.623,0.92,0.767,0.005861919
0.511,0.66,0.969,0.901,0.000246234
0.013,0.058,0.11,0.618,0.298882212
0.682,0.632,0.709,0.981,1.542e-05
0.442,0.645,0.909,0.993,0.000778216
0.549,0.482,0.939,0.974,0.002766402
0.333,0.14,0.868,0.21,0.0
0.047,0.39,0.133,0.529,0.472628236
0.179,0.449,0.999,0.577,0.242043041
0.29,0.013,0.942,0.513,0.062164289
0.025,0.115,0.418,0.347,0.0
0.562,0.435,0.664,0.762,0.002430058
0.13,0.1,0.646,0.2,0.0
0.003,0.094,0.399,0.893,0.960154371
0.057,0.635,0.861,0.967,0.006444497
0.249,0.432,0.664,0.524,0.083135647
0.703,0.457,0.834,0.799,0.000325261
0.184,0.56,0.536,0.898,0.029816519
0.186,0.208,0.694,0.326,0.0
0.066,0.695,0.113,0.888,0.0
0.193,0.395,0.493,0.905,0.345901885
0.332,0.395,0.497,0.755,0.051016283
0.277,0.292,0.987,0.816,0.110270092
0.465,0.106,0.776,0.218,0.0
0.948,0.039,0.949,0.414,0.0
0.251,0.016,0.748,0.055,0.0
0.258,0.729,0.637,0.986,0.000451992
0.337,0.042,0.39,0.198,0.0
0.24,0.002,0.485,0.763,0.150485313
0.441,0.28,0.468,0.311,0.0
0.442,0.088,0.458,0.137,0.0
0.582,0.715,0.674,0.718,9.64e-07
0.69,0.13,0.837,0.62,0.000425971
0.185,0.652,0.972,0.9,0.003667012
0.065,0.233,0.727,0.356,0.0
0.699,0.718,0.956,0.864,6.746e-06
0.145,0.463,0.365,0.764,0.201403295
0.048,0.665,0.185,0.963,0.000249126
0.438,0.429,0.748,0.642,0.013702868
0.297,0.551,0.524,0.571,0.004802774
0.393,0.772,0.842,0.787,1.9757e-05
0.178,0.371,0.466,0.501,0.293162926
0.171,0.59,0.306,0.938,0.009076457
0.38,0.054,0.592,0.313,0.0
0.181,0.511,0.211,0.634,0.015638048
0.182,0.36,0.252,0.408,0.0
0.013,0.168,0.471,0.436,0.230747584
0.124,0.809,0.906,0.867,7.0353e-05
0.21,0.299,0.837,0.888,0.240467334
0.633,0.512,0.744,0.947,0.000507407
0.039,0.308,0.934,0.944,0.987477708
0.65,0.547,0.794,0.586,0.00013155
0.917,0.228,0.955,0.678,2.409e-06
0.076,0.633,0.355,0.794,0.004559913
0.711,0.327,0.895,0.462,9.0109e-05
0.936,0.102,0.989,0.204,0.0
0.176,0.315,0.745,0.451,0.15759816
0.25,0.582,0.665,0.689,0.012208597
0.286,0.279,0.64,0.522,0.069047285
0.33,0.143,0.512,0.942,0.053744617
0.334,0.015,0.928,0.66,0.056911932
0.131,0.321,0.664,0.632,0.490261697
0.158,0.119,0.398,0.971,0.412315282
0.65,0.337,0.994,0.463,0.000204794
0.096,0.159,0.204,0.326,0.0
0.59,0.297,0.592,0.542,4.5777e-05
0.247,0.451,0.468,0.498,0.042450123
0.069,0.046,0.996,0.99,0.987480599
0.491,0.346,0.67,0.765,0.008206686
0.117,0.065,0.136,0.547,0.083847366
0.004,0.662,0.211,0.969,0.000545474
0.28,0.091,0.339,0.418,0.0
0.158,0.009,0.194,0.82,0.09249207
0.24,0.15,0.92,0.275,0.0
0.06,0.512,0.35,0.899,0.155257247
0.39,0.508,0.578,0.694,0.012180648
0.528,0.386,0.691,0.703,0.004987811
0.806,0.452,0.868,0.665,2.1202e-05
0.108,0.437,0.755,0.715,0.621383162
0.75,0.386,0.776,0.846,5.686e-05
0.203,0.024,0.313,0.55,0.183868134
0.249,0.247,0.28,0.495,0.024047601
0.407,0.096,0.824,0.544,0.017108226
0.002,0.02,0.911,0.293,0.0
0.253,0.288,0.332,0.505,0.054593668
0.379,0.221,0.911,0.549,0.027802795
0.283,0.358,0.397,0.76,0.074419145
0.5,0.358,0.554,0.463,0.001160337
0.593,0.534,0.937,0.7,0.000837968
0.235,0.778,0.33,0.888,7.5171e-05
0.204,0.121,0.714,0.881,0.271501051
0.296,0.503,0.986,0.633,0.032280308
0.618,0.38,0.787,0.768,0.001306343
0.193,0.155,0.571,0.683,0.350034863
0.406,0.719,0.703,0.871,0.000180218
0.745,0.092,0.836,0.19,0.0
0.08,0.55,0.957,0.937,0.065638072
0.533,0.433,0.867,0.633,0.004325243
0.187,0.143,0.994,0.329,0.0
0.568,0.698,0.795,0.828,3.8549e-05
0.349,0.563,0.522,0.718,0.007242951
0.184,0.594,0.656,0.993,0.014179435
0.497,0.152,0.737,0.494,0.003349461
0.418,0.714,0.543,0.879,0.000140223
0.185,0.471,0.755,0.896,0.171424386
0.095,0.155,0.546,0.675,0.954187887
0.372,0.71,0.487,0.789,0.000156125
0.001,0.443,0.573,0.815,0.690154337
0.02,0.604,0.634,0.62,0.004553167
0.601,0.03,0.913,0.619,0.001616184
0.017,0.632,0.795,0.711,0.005892758
0.216,0.138,0.562,0.325,0.0
0.118,0.293,0.529,0.954,0.560572439
0.109,0.144,0.128,0.325,0.0
0.716,0.345,0.938,0.619,0.00030695
0.34,0.488,0.385,0.613,0.008563268
0.01,0.136,0.635,0.588,0.965343121
0.053,0.607,0.491,0.958,0.012077047
0.179,0.227,0.243,0.323,0.0
0.314,0.245,0.344,0.434,0.002637743
0.409,0.625,0.698,0.888,0.001605101
0.268,0.109,0.889,0.551,0.099895965
0.194,0.621,0.227,0.723,0.000664495
0.085,0.54,0.162,0.966,0.025345752
0.412,0.023,0.901,0.48,0.008615792
0.391,0.17,0.878,0.825,0.030700264
0.282,0.561,0.433,0.62,0.008193676
0.384,0.179,0.732,0.32,0.0
0.089,0.664,0.342,0.897,0.001872055
0.204,0.789,0.393,0.962,9.6374e-05
0.191,0.624,0.748,0.838,0.006921546
0.056,0.498,0.102,0.937,0.00048765
0.156,0.589,0.759,0.665,0.015951262
0.271,0.153,0.857,0.755,0.117386794
0.394,0.005,0.951,0.727,0.029182382
0.547,0.267,0.65,0.409,0.0
0.077,0.04,0.394,0.736,0.957674199
0.973,0.179,0.981,0.897,0.0
0.454,0.824,0.78,0.895,6.264e-06
0.361,0.039,0.58,0.36,0.0
0.331,0.394,0.953,0.916,0.059926496
0.19,0.16,0.668,0.416,0.0
0.214,0.681,0.793,0.782,0.001453313
0.343,0.303,0.382,0.453,0.006112008
0.225,0.033,0.737,0.404,0.0
0.164,0.296,0.504,0.786,0.421699653
0.683,0.229,0.819,0.249,0.0
0.133,0.261,0.465,0.37,0.0
0.087,0.386,0.619,0.433,0.231931532
0.241,0.75,0.469,0.919,0.000250571
0.937,0.753,0.984,0.772,0.0
0.503,0.815,0.72,0.878,4.337e-06
0.295,0.541,0.516,0.941,0.01833217
0.794,0.044,0.868,0.944,4.915e-05
0.089,0.81,0.994,0.849,5.6379e-05
0.556,0.518,0.717,0.523,7.5171e-05
0.077,0.346,0.567,0.633,0.977826864
0.165,0.487,0.484,0.584,0.129104367
0.175,0.291,0.656,0.319,0.0
0.616,0.083,0.72,0.09,0.0
0.421,0.41,0.597,0.593,0.016041853
0.645,0.642,0.677,0.875,2.072e-05
0.023,0.548,0.146,0.598,0.016794048
0.037,0.612,0.229,0.985,0.003390902
0.041,0.726,0.604,0.857,0.000677024
0.278,0.387,0.467,0.557,0.082702448
0.265,0.006,0.9,0.15,0.0
0.961,0.127,0.983,0.658,9.64e-07
0.087,0.624,0.808,0.931,0.008569533
0.264,0.025,0.941,0.917,0.125500962
0.392,0.337,0.867,0.531,0.019939198
0.309,0.07,0.694,0.195,0.0
0.709,0.497,0.942,0.583,0.000158534
0.042,0.516,0.668,0.549,0.083801588
0.713,0.164,0.723,0.754,7.1316e-05
0.623,0.115,0.791,0.929,0.001209969
0.093,0.045,0.111,0.553,0.305098785
0.21,0.046,0.84,0.525,0.184991367
0.134,0.172,0.683,0.258,0.0
0.176,0.025,0.792,0.916,0.413789797
0.215,0.006,0.826,0.463,0.091631454
0.618,0.474,0.872,0.917,0.000996502
0.629,0.214,0.711,0.95,0.000790263
0.457,0.518,0.842,0.884,0.005699048
0.28,0.456,0.302,0.544,0.011726729
0.122,0.35,0.569,0.387,0.0
0.391,0.279,0.654,0.684,0.029453673
0.282,0.659,0.561,0.919,0.001753998
0.279,0.584,0.491,0.643,0.006598213
0.256,0.13,0.883,0.629,0.130573581
0.113,0.08,0.706,0.894,0.634790645
0.062,0.632,0.354,0.762,0.004538229
0.408,0.926,0.591,0.992,0.0
0.371,0.764,0.594,0.989,7.228e-05
0.319,0.08,0.626,0.971,0.066705891
0.374,0.361,0.661,0.558,0.030714239
0.138,0.537,0.897,0.884,0.066177282
0.022,0.342,0.291,0.443,0.275925559
0.015,0.41,0.349,0.772,0.936730789
0.133,0.137,0.99,0.675,0.488760198
0.26,0.247,0.743,0.445,0.030681953
0.312,0.036,0.83,0.674,0.07228929
0.364,0.001,0.465,0.942,0.031646652
0.025,0.614,0.837,0.92,0.011057897
0.505,0.401,0.566,0.862,0.004249108
0.554,0.791,0.9,0.871,3.855e-06
0.38,0.136,0.639,0.169,0.0
0.133,0.517,0.862,0.608,0.08620177
0.892,0.151,0.908,0.433,0.0
0.299,0.254,0.431,0.443,0.013939465
0.101,0.723,0.368,0.855,0.000532464
0.529,0.681,0.888,0.921,0.000114684
0.077,0.241,0.562,0.79,0.983910924
0.563,0.001,0.623,0.273,0.0
0.142,0.583,0.353,0.817,0.016329046
0.07,0.343,0.655,0.346,0.0
0.482,0.646,0.918,0.792,0.000460184
0.246,0.117,0.825,0.983,0.149724926
0.005,0.487,0.354,0.988,0.276796776
0.273,0.976,0.579,0.994,0.0
0.792,0.575,0.793,0.69,0.0
0.146,0.297,0.986,0.412,0.0
0.195,0.103,0.815,0.612,0.33078329
0.725,0.472,0.958,0.584,0.000137814
0.333,0.454,0.411,0.853,0.024300581
0.005,0.373,0.202,0.727,0.702242467
0.49,0.792,0.805,0.794,0.0
0.572,0.415,0.87,0.895,0.002878677
0.105,0.727,0.74,0.867,0.000681361
0.399,0.577,0.542,0.713,0.003707007
0.073,0.646,0.29,0.889,0.002345731
0.59,0.414,0.846,0.517,0.00105529
0.438,0.131,0.549,0.426,0.001530411
0.408,0.042,0.892,0.121,0.0
0.037,0.165,0.691,0.53,0.887792319
0.471,0.318,0.768,0.706,0.011093073
0.214,0.338,0.567,0.587,0.20668119
0.388,0.447,0.571,0.727,0.023012549
0.841,0.153,0.928,0.751,2.2648e-05
0.022,0.311,0.32,0.516,0.793191597
0.174,0.619,0.647,0.7,0.007202956
0.31,0.699,0.836,0.767,0.00041537
0.2,0.718,0.726,0.779,0.00054692
0.527,0.516,0.657,0.901,0.002224783
0.069,0.239,0.203,0.312,0.0
0.027,0.597,0.582,0.622,0.007681451
0.23,0.097,0.331,0.298,0.0
0.729,0.627,0.792,0.718,1.301e-05
0.149,0.173,0.603,0.216,0.0
0.488,0.456,0.656,0.726,0.006369807
0.057,0.884,0.985,0.987,7.71e-06
0.07,0.251,0.815,0.981,0.987438676
0.856,0.149,0.881,0.599,4.337e-06
0.263,0.399,0.964,0.634,0.122556269
0.139,0.191,0.815,0.327,0.0
0.173,0.006,0.722,0.182,0.0
0.105,0.485,0.983,0.928,0.301339255
0.094,0.356,0.502,0.407,0.0
0.538,0.463,0.748,0.544,0.001938553
0.76,0.229,0.897,0.667,0.000106493
0.805,0.019,0.997,0.285,0.0
0.186,0.174,0.817,0.586,0.377126421
0.016,0.652,0.507,0.831,0.003690624
0.52,0.395,0.863,0.625,0.005679773
0.002,0.816,0.934,0.908,7.1798e-05
0.075,0.188,0.513,0.464,0.536809622
0.665,0.26,0.672,0.306,0.0
0.099,0.116,0.479,0.138,0.0
0.322,0.132,0.504,0.165,0.0
0.11,0.077,0.143,0.716,0.220807138
0.247,0.692,0.359,0.725,0.000342608
0.643,0.196,0.732,0.404,0.0
0.872,0.013,0.969,0.419,0.0
0.37,0.347,0.988,0.705,0.040821893
0.092,0.564,0.188,0.629,0.014245933
0.223,0.258,0.913,0.925,0.197554618
0.508,0.15,0.937,0.169,0.0
0.182,0.246,0.48,0.946,0.394222601
0.082,0.796,0.577,0.958,0.000122876
0.099,0.759,0.739,0.971,0.000322369
0.483,0.725,0.513,0.911,1.9275e-05
0.896,0.198,0.955,0.94,4.819e-06
0.49,0.013,0.971,0.966,0.009010442
0.725,0.018,0.864,0.448,4.9632e-05
0.551,0.459,0.647,0.823,0.002359224
0.125,0.015,0.628,0.696,0.517154726
0.774,0.266,0.844,0.548,3.5176e-05
0.479,0.06,0.841,0.611,0.009297635
0.221,0.215,0.42,0.478,0.094498566
0.198,0.662,0.203,0.714,2.5539e-05
0.376,0.498,0.391,0.819,0.002621841
0.055,0.004,0.932,0.248,0.0
0.049,0.278,0.259,0.993,0.855949065
0.316,0.173,0.426,0.363,0.0
0.524,0.025,0.722,0.664,0.005379088
0.046,0.484,0.899,0.655,0.306851338
0.024,0.144,0.56,0.765,0.983665653
0.404,0.308,0.77,0.431,0.003024683
0.439,0.332,0.523,0.37,0.0
0.777,0.158,0.925,0.209,0.0
0.404,0.475,0.825,0.73,0.01620617
0.325,0.203,0.889,0.392,0.0
0.11,0.122,0.579,0.373,0.0
0.581,0.035,0.76,0.5,0.000963253
0.377,0.061,0.855,0.123,0.0
0.347,0.007,0.582,0.078,0.0
0.409,0.126,0.496,0.295,0.0
0.335,0.042,0.627,0.976,0.056412236
0.546,0.589,0.765,0.876,0.000661122
0.267,0.005,0.74,0.018,0.0
0.319,0.35,0.865,0.476,0.028822427
0.416,0.862,0.939,0.986,2.409e-06
0.172,0.447,0.673,0.551,0.236668291
0.272,0.2,0.434,0.802,0.098900908
0.262,0.37,0.425,0.966,0.108549824
0.01,0.83,0.282,0.948,2.072e-05
0.441,0.614,0.567,0.692,0.000950243
0.381,0.431,0.642,0.897,0.030283931
0.544,0.245,0.557,0.293,0.0
0.173,0.22,0.552,0.715,0.412660299
0.566,0.765,0.767,0.85,6.746e-06
0.217,0.18,0.87,0.263,0.0
0.168,0.498,0.569,0.518,0.046225555
0.309,0.564,0.661,0.629,0.009083204
0.688,0.138,0.694,0.252,0.0
0.119,0.476,0.611,0.829,0.240247121
0.147,0.686,0.736,0.694,0.000317069
0.504,0.174,0.881,0.514,0.003974444
0.826,0.625,0.87,0.697,1.927e-06
0.268,0.403,0.835,0.466,0.050046765
0.678,0.128,0.69,0.433,3.855e-06
0.457,0.083,0.467,0.651,0.001425846
0.049,0.263,0.549,0.814,0.983211734
0.726,0.238,0.937,0.742,0.00027611
0.652,0.681,0.666,0.708,9.64e-07
0.141,0.556,0.763,0.634,0.036920211
0.025,0.032,0.439,0.299,0.0
0.02,0.132,0.386,0.883,0.954325219
0.008,0.269,0.36,0.678,0.940435868
0.819,0.31,0.889,0.637,2.7466e-05
0.321,0.744,0.981,0.958,0.000174918
0.349,0.276,0.778,0.418,0.0
0.72,0.22,0.796,0.814,0.000262618
0.004,0.594,0.244,0.912,0.007267045
0.087,0.382,0.689,0.453,0.405022217
0.477,0.142,0.962,0.3,0.0
0.168,0.106,0.876,0.33,0.0
0.243,0.583,0.297,0.855,0.004502571
0.359,0.282,0.365,0.373,0.0
0.388,0.124,0.677,0.476,0.012020186
0.166,0.103,0.581,0.965,0.423946601
0.077,0.6,0.686,0.801,0.015609618
0.099,0.191,0.628,0.405,0.0
0.244,0.196,0.408,0.776,0.129074491
0.194,0.59,0.953,0.983,0.01492633
0.528,0.281,0.873,0.725,0.005498591
0.071,0.289,0.259,0.359,0.0
0.832,0.052,0.902,0.852,2.7466e-05
0.15,0.69,0.771,0.732,0.00098301
0.148,0.031,0.961,0.357,0.0
0.013,0.079,0.338,0.861,0.931455785
0.215,0.746,0.738,0.968,0.000365737
0.119,0.002,0.201,0.773,0.264215214
0.231,0.362,0.9,0.619,0.170990223
0.366,0.332,0.806,0.599,0.039019226
0.013,0.563,0.223,0.646,0.019571533
0.42,0.368,0.549,0.894,0.016473125
0.123,0.404,0.311,0.541,0.406027392
0.147,0.716,0.943,0.807,0.000777252
0.181,0.534,0.697,0.672,0.05243201
0.047,0.069,0.898,0.507,0.782367406
0.832,0.344,0.926,0.493,1.301e-05
0.104,0.544,0.943,0.751,0.074360357
0.878,0.084,0.882,0.396,0.0
0.618,0.296,0.619,0.322,0.0
0.372,0.081,0.453,0.441,0.004437037
0.015,0.237,0.738,0.241,0.0
0.125,0.034,0.929,0.11,0.0
0.406,0.759,0.534,0.86,5.4451e-05
0.516,0.034,0.981,0.98,0.006470036
0.282,0.307,0.35,0.58,0.049223254
0.538,0.484,0.731,0.591,0.002320192
0.267,0.455,0.997,0.608,0.074723203
0.333,0.599,0.88,0.987,0.005135745
0.246,0.154,0.689,0.899,0.149229084
0.207,0.2,0.799,0.424,0.040194501
0.413,0.432,0.757,0.438,0.000143597
0.182,0.586,0.233,0.672,0.002744236
0.573,0.21,0.981,0.37,0.0
0.218,0.067,0.916,0.483,0.112647626
0.327,0.096,0.475,0.109,0.0
0.457,0.585,0.937,0.86,0.00211058
0.975,0.203,0.991,0.986,0.0
0.202,0.185,0.615,0.905,0.283695192
0.477,0.147,0.883,0.856,0.010562537
0.043,0.48,0.749,0.734,0.327298424
0.271,0.295,0.503,0.722,0.109535725
0.565,0.675,0.713,0.794,6.9389e-05
0.363,0.011,0.886,0.883,0.044192556
0.528,0.036,0.693,0.956,0.005054791
0.297,0.012,0.321,0.749,0.020356977
0.488,0.599,0.816,0.898,0.00114299
0.335,0.112,0.536,0.137,0.0
0.278,0.576,0.928,0.848,0.012314126
0.699,0.274,0.94,0.577,0.00034068
0.468,0.138,0.659,0.606,0.009805041
0.474,0.011,0.809,0.215,0.0
0.101,0.227,0.537,0.593,0.860885798
0.748,0.366,0.87,0.539,7.7099e-05
0.448,0.048,0.471,0.079,0.0
0.285,0.73,0.731,0.927,0.000346463
0.286,0.063,0.553,0.663,0.093572899
0.742,0.066,0.819,0.99,0.000139742
0.681,0.409,0.824,0.681,0.000529091
0.001,0.149,0.686,0.394,0.0
0.351,0.067,0.831,0.125,0.0
0.283,0.219,0.524,0.896,0.096784546
0.124,0.041,0.439,0.466,0.265948973
0.038,0.189,0.382,0.705,0.951515931
0.497,0.559,0.693,0.574,0.000396577
0.841,0.19,0.907,0.651,1.8311e-05
0.396,0.204,0.661,0.46,0.007901664
0.34,0.218,0.985,0.401,0.0
0.089,0.432,0.397,0.832,0.730609047
0.238,0.158,0.531,0.436,0.025235886
0.145,0.315,0.821,0.812,0.463660199
0.841,0.092,0.855,0.214,0.0
0.695,0.457,0.808,0.959,0.000351763
0.708,0.457,0.993,0.725,0.000316587
0.095,0.049,0.107,0.903,0.198249472
0.273,0.015,0.579,0.19,0.0
0.095,0.669,0.281,0.781,0.001040834
0.88,0.289,0.922,0.658,8.192e-06
0.152,0.872,0.816,0.926,1.0601e-05
0.08,0.367,0.747,0.389,0.0
0.064,0.588,0.879,0.792,0.021123628
0.613,0.406,0.85,0.701,0.001427292
0.056,0.764,0.626,0.869,0.000267436
0.261,0.717,0.409,0.809,0.000381639
0.402,0.006,0.633,0.762,0.025032056
0.467,0.284,0.627,0.411,0.0
0.585,0.27,0.632,0.774,0.001220089
0.068,0.058,0.555,0.217,0.0
0.568,0.537,0.89,0.769,0.001246591
0.319,0.115,0.328,0.638,0.006032018
0.1,0.229,0.24,0.458,0.348002828
0.039,0.919,0.452,0.984,1.927e-06
0.732,0.739,0.966,0.988,1.927e-06
0.057,0.176,0.618,0.987,0.986098603
0.046,0.368,0.531,0.483,0.671807712
0.622,0.501,0.646,0.888,0.000205276
0.293,0.03,0.639,0.245,0.0
0.532,0.661,0.62,0.949,0.000123358
0.328,0.133,0.409,0.826,0.0378772
0.671,0.01,0.832,0.699,0.000614863
0.828,0.358,0.934,0.954,3.2767e-05
0.571,0.024,0.905,0.237,0.0
0.066,0.326,0.575,0.792,0.98460144
0.58,0.435,0.981,0.504,0.000825439
0.185,0.863,0.314,0.978,1.2529e-05
0.156,0.229,0.763,0.785,0.443399113
0.336,0.436,0.374,0.545,0.011312805
0.091,0.259,0.553,0.891,0.97639909
0.418,0.204,0.91,0.446,0.003785552
0.541,0.473,0.594,0.756,0.001751589
0.259,0.349,0.954,0.877,0.131520451
0.045,0.104,0.485,0.74,0.977407639
0.305,0.83,0.329,0.907,2.409e-06
0.507,0.157,0.76,0.947,0.007141759
0.342,0.174,0.901,0.366,0.0
0.707,0.436,0.939,0.827,0.00037152
0.463,0.29,0.66,0.964,0.011634692
0.734,0.029,0.903,0.491,7.3244e-05
0.043,0.237,0.447,0.267,0.0
0.405,0.414,0.949,0.508,0.013477354
0.64,0.425,0.689,0.576,0.000353209
0.045,0.012,0.737,0.229,0.0
0.015,0.251,0.35,0.619,0.930507951
0.119,0.167,0.159,0.315,0.0
0.016,0.482,0.671,0.807,0.32020967
0.127,0.548,0.576,0.663,0.053280578
0.094,0.063,0.747,0.964,0.966789206
0.287,0.585,0.759,0.612,0.004198512
0.827,0.248,0.838,0.662,6.746e-06
0.235,0.459,0.643,0.86,0.106266254
0.521,0.382,0.574,0.507,0.001701956
0.137,0.384,0.213,0.611,0.249805928
0.465,0.633,0.844,0.665,0.000366219
0.237,0.39,0.585,0.431,0.02586906
0.339,0.898,0.906,0.925,3.373e-06
0.585,0.306,0.792,0.697,0.002253695
0.35,0.249,0.933,0.392,0.0
0.144,0.22,0.543,0.969,0.461171353
0.579,0.057,0.725,0.606,0.001989631
0.439,0.191,0.814,0.72,0.016254357
0.323,0.29,0.656,0.526,0.044631538
0.631,0.022,0.73,0.849,0.000892901
0.088,0.366,0.863,0.888,0.987456987
0.326,0.24,0.441,0.828,0.04709629
0.232,0.622,0.825,0.957,0.006363543
0.515,0.547,0.668,0.803,0.001820978
0.274,0.267,0.844,0.592,0.104843781
0.442,0.336,0.58,0.855,0.013347732
0.067,0.419,0.225,0.453,0.141240202
0.459,0.74,0.551,0.925,5.0596e-05
0.78,0.519,0.942,0.61,3.0358e-05
0.219,0.066,0.858,0.855,0.208655883
0.626,0.51,0.992,0.539,0.00017299
0.389,0.507,0.994,0.91,0.01435869
0.698,0.104,0.976,0.804,0.00046452
0.227,0.565,0.478,0.961,0.020132427
0.459,0.362,0.719,0.619,0.011652521
0.179,0.58,0.199,0.589,0.000206239
0.033,0.397,0.518,0.628,0.973923255
0.193,0.372,0.237,0.734,0.188811613
0.463,0.454,0.714,0.631,0.008506408
0.117,0.197,0.4,0.505,0.401641434
0.429,0.225,0.67,0.377,0.0
0.46,0.107,0.503,0.646,0.004935769
0.14,0.187,0.181,0.624,0.066403278
0.647,0.395,0.946,0.943,0.000936269
0.264,0.484,0.82,0.838,0.060010341
0.453,0.148,0.616,0.429,0.001536676
0.439,0.28,0.606,0.396,0.0
0.023,0.425,0.595,0.766,0.753350305
0.389,0.627,0.443,0.874,0.000707382
0.702,0.389,0.974,0.707,0.000431753
0.068,0.406,0.357,0.644,0.937107609
0.401,0.329,0.882,0.887,0.026539338
0.751,0.024,0.863,0.193,0.0
0.563,0.412,0.825,0.853,0.003334042
0.412,0.145,0.424,0.433,0.00036381
0.321,0.081,0.684,0.785,0.065912255
0.649,0.318,0.666,0.618,0.000201903
0.243,0.193,0.536,0.74,0.149585184
0.649,0.098,0.704,0.785,0.000487168
0.597,0.672,0.624,0.753,1.6383e-05
0.069,0.129,0.201,0.258,0.0
0.205,0.273,0.244,0.711,0.112495838
0.564,0.132,0.833,0.801,0.003276218
0.132,0.259,0.732,0.845,0.493776921
0.367,0.443,0.585,0.947,0.032547745
0.44,0.045,0.519,0.651,0.009587237
0.713,0.465,0.795,0.509,6.9871e-05
0.451,0.505,0.481,0.612,0.001528002
0.306,0.162,0.328,0.216,0.0
0.597,0.359,0.879,0.797,0.001916387
0.659,0.002,0.795,0.554,0.000484277
0.285,0.488,0.613,0.912,0.047046176
0.623,0.093,0.87,0.546,0.000803755
0.759,0.11,0.99,0.304,0.0
0.184,0.433,0.753,0.647,0.319963436
0.737,0.593,0.995,0.834,4.5296e-05
0.232,0.32,0.275,0.48,0.033127913
0.51,0.076,0.932,0.091,0.0
0.129,0.294,0.198,0.543,0.171867704
0.156,0.319,0.679,0.66,0.439899309
0.232,0.359,0.328,0.4,0.0
0.917,0.06,0.988,0.871,3.373e-06
0.077,0.335,0.263,0.872,0.860843394
0.498,0.088,0.639,0.164,0.0
0.081,0.207,0.539,0.349,0.0
0.207,0.239,0.396,0.268,0.0
0.064,0.091,0.622,0.321,0.0
0.322,0.141,0.574,0.976,0.063058635
0.614,0.144,0.776,0.611,0.00119455
0.326,0.067,0.678,0.475,0.0262613
0.758,0.554,0.986,0.831,4.6741e-05
0.323,0.093,0.755,0.988,0.065030919
0.233,0.33,0.986,0.443,0.037740831
0.05,0.063,0.623,0.349,0.0
0.576,0.382,0.837,0.627,0.002442587
0.25,0.272,0.545,0.577,0.125124623
0.26,0.723,0.777,0.796,0.000455847
0.21,0.583,0.764,0.646,0.01285719
0.41,0.599,0.482,0.903,0.001522702
0.044,0.249,0.124,0.254,0.0
0.878,0.061,0.957,0.32,0.0
0.091,0.767,0.771,0.775,5.4451e-05
0.603,0.146,0.841,0.933,0.001723158
0.579,0.491,0.767,0.66,0.001506318
0.504,0.097,0.668,0.578,0.005576171
0.337,0.373,0.415,0.786,0.034560987
0.046,0.458,0.761,0.769,0.520951361
0.12,0.115,0.95,0.198,0.0
0.048,0.202,0.305,0.894,0.90816327
0.035,0.464,0.512,0.477,0.109080842
0.203,0.353,0.716,0.891,0.277960486
0.692,0.485,0.814,0.71,0.00031996
0.443,0.096,0.81,0.287,0.0
0.268,0.427,0.519,0.892,0.096222688
0.212,0.115,0.799,0.503,0.152256658
0.019,0.539,0.038,0.763,0.0
0.493,0.331,0.546,0.407,0.0
0.708,0.015,0.971,0.086,0.0
0.279,0.836,0.713,0.971,2.5539e-05
0.062,0.31,0.327,0.978,0.924989122
0.433,0.237,0.469,0.538,0.004139724
0.128,0.616,0.705,0.711,0.009337148
0.068,0.27,0.996,0.497,0.725313322
0.168,0.172,0.548,0.961,0.419355849
0.136,0.304,0.365,0.453,0.178611441
0.97,0.195,0.996,0.497,0.0
0.747,0.394,0.943,0.953,0.000153234
0.543,0.141,0.929,0.169,0.0
0.028,0.552,0.185,0.902,0.024742454
0.263,0.075,0.704,0.855,0.126185695
0.206,0.207,0.979,0.738,0.259890934
0.176,0.597,0.592,0.876,0.013557826
0.38,0.402,0.393,0.686,0.00624934
0.153,0.273,0.203,0.407,0.0
0.109,0.232,0.401,0.426,0.111393325
0.147,0.07,0.615,0.803,0.458508071
0.655,0.311,0.704,0.478,0.000111311
0.466,0.056,0.781,0.371,0.0
0.179,0.169,0.259,0.235,0.0
0.715,0.199,0.777,0.374,0.0
0.317,0.118,0.749,0.159,0.0
0.177,0.032,0.718,0.781,0.412160121
0.168,0.262,0.683,0.83,0.422989612
0.317,0.205,0.867,0.924,0.069405795
0.373,0.125,0.867,0.817,0.039666856
0.128,0.066,0.528,0.855,0.502348382
0.021,0.461,0.753,0.796,0.489499865
0.111,0.624,0.916,0.937,0.008579652
0.181,0.716,0.929,0.779,0.000658231
0.215,0.232,0.226,0.725,0.031005287
0.49,0.567,0.76,0.765,0.001987222
0.243,0.213,0.849,0.567,0.135718
0.546,0.678,0.669,0.837,6.9871e-05
0.291,0.158,0.85,0.502,0.055222023
0.808,0.656,0.947,0.937,4.819e-06
0.58,0.239,0.842,0.69,0.002454152
0.455,0.239,0.568,0.898,0.010563983
0.52,0.656,0.728,0.903,0.000224068
0.132,0.354,0.355,0.43,0.085786883
0.55,0.198,0.908,0.987,0.004119004
0.16,0.469,0.888,0.653,0.19030733
0.509,0.434,0.632,0.455,0.000701599
0.804,0.092,0.852,0.656,2.843e-05
0.122,0.416,0.207,0.71,0.2818241
0.194,0.075,0.423,0.933,0.327644887
0.779,0.086,0.83,0.439,2.409e-06
0.732,0.276,0.777,0.283,0.0
0.09,0.059,0.564,0.12,0.0
0.392,0.663,0.549,0.986,0.000621127
0.147,0.61,0.968,0.799,0.011547474
0.101,0.71,0.795,0.894,0.000984455
0.101,0.049,0.383,0.762,0.848936928
0.417,0.165,0.817,0.738,0.021265297
0.681,0.873,0.799,0.985,0.0
0.507,0.178,0.893,0.312,0.0
0.887,0.109,0.922,0.567,2.409e-06
0.366,0.626,0.76,0.694,0.001740506
0.621,0.119,0.626,0.267,0.0
0.371,0.305,0.671,0.938,0.040004163
0.188,0.67,0.397,0.928,0.001681718
0.475,0.262,0.677,0.322,0.0
0.732,0.737,0.766,0.83,4.82e-07
0.424,0.224,0.712,0.472,0.006561591
0.426,0.111,0.825,0.921,0.019164837
0.06,0.288,0.817,0.813,0.987360132
0.256,0.115,0.468,0.668,0.122132707
0.112,0.244,0.822,0.969,0.649821058
0.171,0.171,0.422,0.828,0.399552056
0.475,0.352,0.709,0.36,0.0
0.269,0.049,0.331,0.317,0.0
0.094,0.534,0.285,0.754,0.066221132
0.597,0.619,1.0,0.896,0.000201421
0.452,0.753,0.743,0.857,5.927e-05
0.347,0.381,0.455,0.564,0.032020582
0.302,0.834,0.804,0.936,2.2166e-05
0.106,0.44,0.528,0.473,0.295501429
0.338,0.115,0.443,0.655,0.039544944
0.284,0.259,0.336,0.65,0.043628289
0.506,0.049,0.921,0.084,0.0
0.028,0.163,0.647,0.725,0.985822011
0.434,0.348,0.798,0.971,0.017401201
0.166,0.543,0.841,0.702,0.05039901
0.378,0.584,0.477,0.64,0.002208399
0.125,0.107,0.938,0.363,0.0
0.032,0.45,0.295,0.633,0.551801486
0.507,0.681,0.721,0.714,7.7099e-05
0.297,0.071,0.506,0.835,0.079554407
0.643,0.107,0.821,0.801,0.000944942
0.096,0.391,0.685,0.706,0.94829802
0.286,0.554,0.431,0.765,0.01242881
0.036,0.487,0.124,0.894,0.104260239
0.351,0.366,0.575,0.682,0.046379271
0.102,0.216,0.576,0.45,0.279049988
0.075,0.28,0.714,0.473,0.624457477
0.153,0.289,0.927,0.468,0.244518395
0.159,0.81,0.225,0.82,3.855e-06
0.227,0.049,0.676,0.814,0.186839329
0.422,0.275,0.853,0.798,0.020116043
0.282,0.634,0.501,0.952,0.003004444
0.047,0.033,0.354,0.817,0.93914109
0.101,0.414,0.71,0.923,0.883396241
0.552,0.046,0.622,0.861,0.002696049
0.168,0.314,0.554,0.588,0.402271235
0.645,0.19,0.911,0.98,0.000958435
0.499,0.56,0.617,0.835,0.001632567
0.581,0.028,0.653,0.678,0.001580526
0.538,0.082,0.648,0.565,0.003089735
0.062,0.506,0.3,0.899,0.177317626
0.457,0.295,0.616,0.85,0.01192044
0.894,0.199,0.911,0.422,0.0
0.044,0.57,0.501,0.812,0.033263318
0.518,0.665,0.901,0.699,0.000115648
0.817,0.061,0.838,0.794,1.2047e-05
0.332,0.221,0.775,0.808,0.059219114
0.873,0.624,0.978,0.705,1.446e-06
0.614,0.108,0.663,0.275,0.0
0.105,0.435,0.96,0.558,0.61498878
0.412,0.052,0.557,0.214,0.0
0.563,0.243,0.98,0.918,0.003370182
0.679,0.264,0.73,0.362,0.0
0.457,0.06,0.563,0.552,0.007311858
0.279,0.417,0.389,0.58,0.06951036
0.264,0.897,0.791,0.912,1.446e-06
0.334,0.837,0.504,0.84,4.82e-07
0.252,0.14,0.586,0.997,0.138508013
0.495,0.532,0.537,0.991,0.001286105
0.677,0.106,0.805,0.758,0.000558003
0.445,0.458,0.856,0.737,0.011159571
0.486,0.383,0.529,0.401,0.0
0.162,0.414,0.232,0.847,0.2572503
0.664,0.222,0.674,0.307,0.0
0.202,0.387,0.251,0.604,0.140480297
0.753,0.585,0.926,0.688,2.5057e-05
0.39,0.615,0.524,0.876,0.00178291
0.369,0.308,0.689,0.512,0.025180953
0.658,0.339,0.735,0.558,0.000393686
0.274,0.751,0.733,0.964,0.000256835
0.616,0.255,0.843,0.713,0.00137525
0.426,0.061,0.748,0.681,0.018685379
0.875,0.411,0.922,0.639,9.637e-06
0.1,0.123,0.305,0.748,0.830405265
0.03,0.053,0.234,0.828,0.815845637
0.181,0.62,0.215,0.896,0.000829776
0.647,0.001,0.786,0.925,0.000863989
0.393,0.518,0.756,0.576,0.006864685
0.368,0.863,0.413,0.906,1.446e-06
0.857,0.214,0.867,0.363,0.0
0.317,0.148,0.88,0.831,0.069387966
0.756,0.066,0.951,0.818,0.000124804
0.098,0.534,0.608,0.829,0.090143447
0.297,0.169,0.863,0.896,0.086915416
0.514,0.602,0.673,0.641,0.000378266
0.588,0.512,0.916,0.622,0.000986383
0.465,0.526,0.875,0.682,0.00456955
0.232,0.574,0.283,0.921,0.005814214
0.058,0.092,0.791,0.107,0.0
0.3,0.041,0.458,0.638,0.068840564
0.83,0.52,0.96,0.96,1.6865e-05
0.764,0.073,0.772,0.63,1.6383e-05
0.631,0.198,0.759,0.507,0.000448619
0.124,0.041,0.287,0.789,0.426992004
0.201,0.413,0.742,0.882,0.292292191
0.052,0.455,0.911,0.934,0.562610739
0.702,0.07,0.824,0.757,0.000402841
0.123,0.381,0.602,0.728,0.528212141
0.117,0.14,0.57,0.265,0.0
0.107,0.569,0.227,0.679,0.015577815
0.04,0.756,0.706,0.907,0.000348872
0.088,0.893,0.349,0.97,2.891e-06
0.685,0.463,0.843,0.533,0.000161908
0.569,0.127,0.75,0.53,0.00163835
0.126,0.382,0.791,0.511,0.396216087
0.507,0.062,0.996,0.891,0.007262226
0.685,0.516,0.832,0.802,0.000281893
0.267,0.37,0.584,0.937,0.11974939
0.078,0.504,0.382,0.979,0.204753238
0.384,0.44,0.494,0.795,0.021742346
0.085,0.348,0.226,0.831,0.797551053
0.804,0.496,0.926,0.561,1.0601e-05
0.085,0.28,0.784,0.724,0.986661906
0.174,0.046,0.827,0.353,0.0
0.504,0.088,0.855,0.85,0.007533999
0.882,0.008,0.911,0.825,5.782e-06
0.034,0.512,0.377,0.937,0.15914881
0.02,0.279,0.439,0.921,0.971042169
0.447,0.548,0.581,0.856,0.003522934
0.292,0.006,0.398,0.108,0.0
0.177,0.415,0.431,0.497,0.280291761
0.73,0.315,0.911,0.539,0.000135887
0.258,0.141,0.33,0.627,0.070192203
0.113,0.249,0.673,0.438,0.113824347
0.028,0.913,0.279,0.918,0.0
0.173,0.156,0.275,0.808,0.304658358
0.329,0.642,0.937,0.957,0.002055165
0.128,0.111,0.687,0.867,0.50736125
0.038,0.05,0.977,0.793,0.987343267
0.36,0.32,0.639,0.828,0.044529864
0.525,0.295,0.615,0.945,0.004331989
0.077,0.604,0.793,0.938,0.014139922
0.226,0.525,0.884,0.569,0.025872915
0.722,0.138,0.865,0.647,0.000269846
0.728,0.723,0.773,0.993,1.446e-06
0.145,0.047,0.415,0.977,0.441824852
0.26,0.331,0.366,0.706,0.086934209
0.288,0.288,0.752,0.375,0.0
0.246,0.445,0.719,0.899,0.114194421
0.247,0.302,0.518,0.933,0.141903252
0.559,0.537,0.792,0.764,0.001348747
0.055,0.471,0.718,0.8,0.380938957
0.106,0.141,0.224,0.189,0.0
0.529,0.789,0.632,0.882,5.301e-06
0.424,0.356,0.599,0.745,0.017716343
0.399,0.066,0.831,0.081,0.0
0.255,0.122,0.398,0.969,0.108978687
0.3,0.487,0.374,0.762,0.021085561
0.495,0.606,0.614,0.808,0.000715091
0.114,0.921,0.205,0.928,0.0
0.354,0.653,0.909,0.717,0.001063482
0.366,0.279,0.502,0.996,0.035198498
0.175,0.523,0.607,0.797,0.06813511
0.587,0.868,0.841,0.87,0.0
0.222,0.807,0.752,0.815,1.1565e-05
0.565,0.356,0.815,0.896,0.003218393
0.061,0.53,0.619,0.668,0.096240036
0.101,0.047,0.85,0.055,0.0
0.229,0.203,0.31,0.869,0.107741732
0.198,0.816,0.487,0.939,6.7461e-05
0.211,0.556,0.932,0.852,0.030865545
0.343,0.279,0.97,0.786,0.05344104
0.135,0.429,0.5,0.739,0.387222992
0.421,0.579,0.487,0.711,0.001871092
0.191,0.46,0.454,0.615,0.181349412
0.215,0.164,0.411,0.891,0.197791215
0.12,0.453,0.172,0.517,0.059010466
0.515,0.438,0.827,0.715,0.005739525
0.688,0.641,0.827,0.836,4.0477e-05
0.663,0.225,0.909,0.401,0.0
0.184,0.024,0.629,0.055,0.0
0.118,0.02,0.222,0.525,0.316746488
0.79,0.551,0.883,0.656,2.1684e-05
0.811,0.109,0.879,0.457,9.637e-06
0.056,0.507,0.939,0.816,0.205033203
0.238,0.692,0.856,0.91,0.001168529
0.878,0.401,0.975,0.957,1.2529e-05
0.42,0.238,0.771,0.513,0.011405323
0.701,0.592,0.796,0.659,5.686e-05
0.164,0.054,0.708,0.742,0.428488685
0.132,0.342,0.944,0.95,0.494054959
0.375,0.379,0.635,0.706,0.037336544
0.292,0.84,0.639,0.892,1.4938e-05
0.165,0.755,0.891,0.967,0.000355618
0.327,0.596,0.379,0.873,0.002011797
0.101,0.008,0.974,0.844,0.883754269
0.0,0.701,0.238,0.767,0.000230333
0.632,0.135,0.895,0.306,0.0
0.82,0.288,0.843,0.778,1.1565e-05
0.355,0.237,0.867,0.409,0.0
0.026,0.07,0.04,0.671,0.0
0.699,0.093,0.838,0.412,0.0
0.29,0.317,0.513,0.804,0.087647373
0.93,0.149,0.958,0.527,9.64e-07
0.298,0.867,0.334,0.957,1.927e-06
0.384,0.237,0.743,0.435,0.004172973
0.691,0.208,0.732,0.94,0.000262136
0.548,0.761,0.657,0.853,1.0601e-05
0.156,0.237,0.281,0.254,0.0
0.108,0.574,0.669,0.924,0.031329102
0.905,0.285,0.922,0.542,1.446e-06
0.391,0.457,0.608,0.464,0.001211415
0.147,0.006,0.308,0.772,0.383203735
0.092,0.32,0.601,0.467,0.562942264
0.572,0.814,0.957,0.817,0.0
0.796,0.253,0.913,0.88,5.7824e-05
0.25,0.845,0.494,0.893,1.9757e-05
0.635,0.015,0.638,0.528,2.5057e-05
0.386,0.194,0.68,0.812,0.032537144
0.289,0.081,0.309,0.31,0.0
0.715,0.104,0.864,0.845,0.00034309
0.52,0.596,0.533,0.849,0.000128659
0.564,0.409,0.844,0.947,0.003285855
0.25,0.189,0.916,0.718,0.143109848
0.146,0.301,0.646,0.659,0.457699979
0.331,0.223,0.858,0.471,0.023679454
0.321,0.125,0.65,0.338,0.0
0.009,0.043,0.295,0.912,0.898369794
0.228,0.136,0.907,0.482,0.095538436
0.742,0.679,0.871,0.898,7.228e-06
0.453,0.081,0.859,0.591,0.011993684
0.224,0.496,0.913,0.755,0.078300106
0.65,0.272,0.999,0.753,0.00090302
0.344,0.37,0.797,0.781,0.052890266
0.394,0.163,0.642,0.305,0.0
0.515,0.636,0.571,0.886,0.000181182
0.223,0.432,0.483,0.839,0.157631891
0.143,0.003,0.397,0.081,0.0
0.906,0.555,0.985,0.934,1.446e-06
0.444,0.056,0.52,0.619,0.008544958
0.056,0.469,0.873,0.474,0.038897795
0.899,0.769,0.927,0.974,0.0
0.727,0.036,0.778,0.829,0.00018841
0.347,0.205,0.401,0.227,0.0
0.312,0.554,0.54,0.627,0.010087897
0.359,0.301,0.925,0.358,0.0
0.379,0.347,0.906,0.964,0.036699034
0.2,0.354,0.859,0.529,0.243744998
0.207,0.72,0.958,0.922,0.000668832
0.273,0.12,0.863,0.805,0.115157192
0.251,0.241,0.424,0.588,0.11368075
0.102,0.23,0.745,0.433,0.155266885
0.376,0.201,0.85,0.599,0.034634713
0.76,0.316,0.772,0.472,9.155e-06
0.04,0.353,0.996,0.386,0.0
0.171,0.311,0.295,0.635,0.327824623
0.364,0.375,0.435,0.751,0.026486814
0.326,0.214,0.365,0.632,0.019081474
0.163,0.469,0.651,0.765,0.189721379
0.59,0.101,0.591,0.394,0.0
0.509,0.814,0.597,0.973,3.373e-06
0.074,0.663,0.192,0.759,0.000321888
0.289,0.199,0.639,0.77,0.094330394
0.453,0.832,0.806,0.837,1.446e-06
0.392,0.885,0.915,0.921,2.409e-06
0.804,0.385,0.96,0.641,4.1922e-05
0.273,0.681,0.457,0.731,0.000622091
0.051,0.265,0.276,0.352,0.0
0.26,0.173,0.265,0.278,0.0
0.264,0.5,0.774,0.903,0.048852216
0.401,0.138,0.462,0.634,0.013315928
0.209,0.205,0.978,0.592,0.231327752
0.258,0.226,0.832,0.282,0.0
0.682,0.13,0.822,0.504,0.000225514
0.155,0.261,0.766,0.943,0.445375734
0.097,0.034,0.209,0.631,0.697481616
0.188,0.009,0.77,0.163,0.0
0.284,0.755,0.409,0.906,0.000109866
0.347,0.358,0.718,0.706,0.050802815
0.281,0.018,0.655,0.722,0.103800538
0.016,0.037,0.782,0.798,0.987280624
0.117,0.005,0.854,0.009,0.0
0.012,0.342,0.536,0.982,0.982435445
0.134,0.227,0.84,0.986,0.488502399
0.747,0.478,0.948,0.523,2.6503e-05
0.412,0.264,0.493,0.309,0.0
0.362,0.556,0.958,0.643,0.007469911
0.095,0.509,0.579,0.761,0.187967863
0.252,0.143,0.821,0.844,0.140765562
0.108,0.406,0.846,0.538,0.654847901
0.154,0.436,0.364,0.644,0.320455905
0.27,0.192,0.914,0.429,0.018832348
0.797,0.38,0.944,0.846,5.927e-05
0.573,0.134,0.818,0.165,0.0
0.062,0.568,0.393,0.679,0.030640031
0.365,0.265,0.626,0.902,0.04214992
0.038,0.643,0.468,0.694,0.003293565
0.017,0.532,0.114,0.993,0.004089128
0.474,0.322,0.729,0.892,0.010681558
0.182,0.85,0.892,0.952,3.0358e-05
0.178,0.636,0.619,0.787,0.005224408
0.251,0.007,0.668,0.283,0.0
0.493,0.468,0.848,0.996,0.006089842
0.34,0.559,0.464,0.78,0.0071832
0.003,0.36,0.75,0.994,0.987337002
0.409,0.468,0.431,0.989,0.003864578
0.242,0.145,0.635,0.237,0.0
0.165,0.018,0.491,0.541,0.368428712
0.321,0.109,0.358,0.207,0.0
0.39,0.372,0.607,0.649,0.028555472
0.108,0.198,0.356,0.611,0.683935355
0.289,0.007,0.573,0.716,0.092214514
0.431,0.029,0.592,0.714,0.015829349
0.126,0.129,0.345,0.972,0.462881982
0.308,0.505,0.41,0.991,0.019587435
0.392,0.595,0.938,0.61,0.000886154
0.201,0.019,0.607,0.485,0.162389851
0.397,0.493,0.739,0.99,0.015172082
0.247,0.272,0.514,0.733,0.141179968
0.167,0.622,0.912,0.709,0.007172117
0.334,0.635,0.425,0.902,0.00117913
0.644,0.249,0.685,0.349,0.0
0.71,0.293,0.821,0.295,0.0
0.116,0.284,0.719,0.536,0.508355343
0.642,0.031,0.944,0.437,8.2399e-05
0.452,0.256,0.642,0.661,0.012686127
0.074,0.522,0.58,0.804,0.122926343
0.44,0.352,0.536,0.913,0.01120583
0.134,0.078,0.906,0.794,0.488388678
0.731,0.489,0.852,0.848,0.000155161
0.239,0.377,0.881,0.668,0.160012798
0.336,0.262,0.886,0.437,0.007912747
0.13,0.319,0.908,0.535,0.42976467
0.279,0.32,0.781,0.642,0.104555142
0.02,0.004,0.129,0.663,0.483008627
0.742,0.396,0.923,0.646,0.000160944
0.198,0.261,0.519,0.327,0.0
0.148,0.07,0.262,0.957,0.329893763
0.22,0.357,0.974,0.791,0.205652885
0.168,0.366,0.355,0.578,0.359694862
0.637,0.076,0.92,0.603,0.000898201
0.222,0.892,0.784,0.992,6.746e-06
0.513,0.019,0.655,0.843,0.005863846
0.055,0.566,0.058,0.709,0.0
0.012,0.149,0.772,0.84,0.98734423
0.725,0.371,0.938,0.695,0.00027611
0.108,0.45,0.843,0.469,0.164934112
0.743,0.403,0.973,0.778,0.000171545
0.312,0.638,0.614,0.681,0.00162293
0.006,0.038,0.013,0.787,0.0
0.274,0.326,0.733,0.565,0.098340496
0.291,0.661,0.997,0.88,0.001682682
0.183,0.52,0.514,0.933,0.067397371
0.626,0.421,0.958,0.803,0.001118896
0.134,0.711,0.483,0.811,0.000799418
0.642,0.033,0.965,0.596,0.000826885
0.7,0.496,0.716,0.976,6.1679e-05
0.275,0.235,0.968,0.87,0.112790259
0.576,0.282,0.948,0.932,0.002694603
0.267,0.135,0.53,0.278,0.0
0.076,0.84,0.215,0.95,9.64e-07
0.465,0.055,0.648,0.443,0.001794957
0.682,0.94,0.685,0.988,0.0
0.582,0.486,0.687,0.669,0.001209488
0.417,0.318,0.816,0.464,0.006395346
0.168,0.521,0.449,0.677,0.066435563
0.18,0.103,0.808,0.827,0.408453114
0.04,0.23,0.106,0.323,0.0
0.825,0.757,0.947,0.804,9.64e-07
0.43,0.239,0.903,0.915,0.018273864
0.077,0.665,0.24,0.759,0.000612454
0.102,0.11,0.154,0.169,0.0
0.258,0.231,0.912,0.275,0.0
0.145,0.069,0.189,0.533,0.069471329
0.134,0.214,0.504,0.418,0.0
0.313,0.162,0.815,0.18,0.0
0.017,0.114,0.57,0.305,0.0
0.185,0.656,0.286,0.743,0.00111456
0.772,0.366,0.993,0.765,9.2519e-05
0.258,0.453,0.885,0.874,0.090612304
0.218,0.332,0.34,0.566,0.142261279
0.74,0.2,0.942,0.222,0.0
0.251,0.522,0.44,0.876,0.032862886
0.118,0.163,0.222,0.263,0.0
0.385,0.654,0.488,0.745,0.000577759
0.21,0.414,0.624,0.948,0.239239536
0.194,0.81,0.825,0.901,7.999e-05
0.268,0.899,0.532,0.975,4.337e-06
0.769,0.012,0.991,0.842,9.7819e-05
0.197,0.491,0.464,0.877,0.118559177
0.8,0.122,0.807,0.401,0.0
0.275,0.257,0.349,0.456,0.022275292
0.094,0.572,0.572,0.663,0.029603534
0.006,0.565,0.082,0.967,0.0
0.418,0.225,0.873,0.627,0.01970742
0.355,0.317,0.388,0.613,0.01496006
0.28,0.03,0.421,0.235,0.0
0.527,0.176,0.71,0.808,0.005231154
0.954,0.223,0.963,0.709,9.64e-07
0.197,0.517,0.718,0.837,0.071491799
0.07,0.156,0.584,0.164,0.0
0.002,0.131,0.871,0.396,0.0
0.408,0.357,0.418,0.476,0.001160337
0.234,0.175,0.941,0.839,0.171588703
0.451,0.53,0.894,0.998,0.005297652
0.095,0.09,0.852,0.749,0.960297968
0.257,0.541,0.361,0.788,0.015978247
0.262,0.295,0.71,0.926,0.127585521
0.052,0.06,0.981,0.177,0.0
0.551,0.697,0.551,0.788,0.0
0.306,0.628,0.362,0.937,0.001162265
0.004,0.428,0.658,0.835,0.754648938
0.4,0.12,0.578,0.761,0.024262514
0.2,0.109,0.9,0.754,0.299442142
0.402,0.442,0.897,0.776,0.022027612
0.511,0.2,0.798,0.212,0.0
0.116,0.193,0.94,0.865,0.59073494
0.721,0.784,0.782,0.937,0.0
0.449,0.146,0.701,0.63,0.013221482
0.706,0.109,0.963,0.222,0.0
0.138,0.223,0.347,0.335,0.0
0.775,0.382,0.966,0.598,6.4088e-05
0.318,0.695,0.388,0.955,0.000207203
0.037,0.446,0.871,0.745,0.665661491
0.83,0.431,0.995,0.455,4.819e-06
0.715,0.593,0.788,0.765,5.156e-05
0.238,0.62,0.563,0.668,0.00427802
0.32,0.046,0.449,0.06,0.0
0.393,0.398,0.586,0.818,0.027526203
0.492,0.209,0.561,0.409,0.0
0.472,0.703,0.673,0.897,0.000116612
0.55,0.756,0.921,0.983,1.542e-05
0.169,0.545,0.513,0.585,0.027895795
0.532,0.13,0.771,0.414,0.0
0.128,0.225,0.17,0.971,0.086936137
0.11,0.277,0.16,0.618,0.251417775
0.511,0.364,0.56,0.733,0.003308503
0.0,0.537,0.933,0.544,0.011713719
0.096,0.501,0.32,0.583,0.194742921
0.606,0.417,0.621,0.453,6.5534e-05
0.084,0.066,0.671,0.42,0.231997066
0.058,0.381,0.505,0.975,0.980022253
0.234,0.631,0.647,0.914,0.005026842
0.446,0.461,0.76,0.603,0.009120789
0.066,0.337,0.177,0.363,0.0
0.041,0.579,0.386,0.638,0.017545762
0.365,0.427,0.737,1.0,0.037321607
0.685,0.265,0.982,0.812,0.000558003
0.173,0.401,0.908,0.763,0.417201901
0.492,0.874,0.71,0.947,4.82e-07
0.564,0.41,0.723,0.843,0.003009263
0.571,0.338,0.709,0.359,0.0
0.794,0.032,0.923,0.642,5.2524e-05
0.084,0.371,0.196,0.976,0.655492158
0.252,0.129,0.264,0.139,0.0
0.61,0.136,0.992,0.542,0.000945906
0.077,0.659,0.688,0.686,0.001561251
0.128,0.268,0.236,0.551,0.315554348
0.158,0.415,0.701,0.985,0.439591877
0.123,0.118,0.665,0.348,0.0
0.193,0.077,0.96,0.687,0.353017623
0.639,0.442,0.777,0.91,0.00085146
0.817,0.681,0.859,0.796,1.927e-06
0.77,0.547,0.865,0.755,3.4694e-05
0.025,0.03,0.966,0.961,0.987480117
0.447,0.042,0.952,0.183,0.0
0.3,0.693,0.41,0.823,0.000346945
0.125,0.201,0.435,0.624,0.495221078
0.007,0.841,0.779,0.914,3.5658e-05
0.359,0.373,0.568,0.531,0.030662679
