0.231,0.897,0.485,0.992,5.782e-06
0.469,0.481,0.538,0.998,0.004138279
0.407,0.217,0.907,0.464,0.007410159
0.133,0.137,0.99,0.675,0.488760198
0.008,0.023,0.912,0.937,0.987474816
0.13,0.509,0.219,0.956,0.0539311
0.179,0.485,0.633,0.59,0.131838002
0.417,0.277,0.838,0.383,0.0
0.173,0.42,0.268,0.865,0.23384021
0.073,0.152,0.28,0.668,0.880053526
0.106,0.141,0.224,0.189,0.0
0.578,0.169,0.798,0.274,0.0
0.185,0.195,0.366,0.29,0.0
0.401,0.696,0.705,0.843,0.000298276
0.371,0.749,0.987,0.999,0.000112757
0.275,0.044,0.69,0.826,0.112249122
0.305,0.119,0.482,0.248,0.0
0.195,0.101,0.519,0.616,0.326006537
0.268,0.899,0.532,0.975,4.337e-06
0.258,0.502,0.675,0.517,0.010530734
0.134,0.097,0.975,0.121,0.0
0.305,0.287,0.781,0.396,0.0
0.37,0.226,0.751,0.277,0.0
0.237,0.248,0.837,0.568,0.145834327
0.142,0.373,0.254,0.729,0.33151862
0.693,0.505,0.735,0.925,0.000156607
0.848,0.228,0.97,0.36,0.0
0.533,0.603,0.883,0.715,0.000568604
0.601,0.137,0.798,0.981,0.001750143
0.198,0.268,0.538,0.338,0.0
0.545,0.046,0.996,0.341,0.0
0.344,0.693,0.605,0.724,0.000231296
0.216,0.138,0.562,0.325,0.0
0.096,0.291,0.983,0.403,0.0
0.145,0.563,0.443,0.681,0.030747006
0.104,0.535,0.906,0.805,0.089216334
0.726,0.303,0.809,0.767,0.00023226
0.527,0.112,0.619,0.38,0.0
0.392,0.457,0.993,0.556,0.014917174
0.903,0.555,0.993,0.783,1.446e-06
0.337,0.148,0.484,0.858,0.046825962
0.38,0.542,0.865,0.746,0.009769383
0.353,0.445,0.657,0.991,0.037872381
0.175,0.473,0.456,0.991,0.162370576
0.207,0.398,0.303,0.57,0.162622593
0.406,0.072,0.58,0.744,0.022248789
0.322,0.394,0.7,0.544,0.049948464
0.828,0.358,0.934,0.954,3.2767e-05
0.066,0.695,0.113,0.888,0.0
0.13,0.63,0.542,0.766,0.006724462
0.284,0.837,0.454,0.904,1.542e-05
0.434,0.682,0.93,0.954,0.000345981
0.037,0.106,0.067,0.281,0.0
0.007,0.216,0.872,0.809,0.987376034
0.454,0.347,0.559,0.471,0.003541727
0.248,0.404,0.813,0.757,0.14640775
0.547,0.205,0.765,0.626,0.0039065
0.012,0.239,0.449,0.329,0.0
0.343,0.065,0.613,0.253,0.0
0.185,0.083,0.197,0.501,0.067681673
0.463,0.431,0.803,0.749,0.01086515
0.393,0.518,0.756,0.576,0.006864685
0.207,0.247,0.909,0.572,0.233162222
0.027,0.155,0.629,0.169,0.0
0.306,0.325,0.675,0.675,0.076817882
0.24,0.334,0.771,0.691,0.158966664
0.34,0.038,0.746,0.712,0.054516569
0.275,0.204,0.874,0.451,0.03236078
0.308,0.178,0.651,0.582,0.067150654
0.319,0.346,0.639,0.486,0.032138639
0.223,0.262,0.664,0.557,0.169544139
0.268,0.206,0.439,0.237,0.0
0.165,0.278,0.606,0.33,0.0
0.113,0.741,0.791,0.942,0.000526199
0.429,0.275,0.83,0.938,0.018458901
0.826,0.512,0.913,0.816,1.7829e-05
0.46,0.634,0.761,0.852,0.000754605
0.136,0.273,0.138,0.867,0.00491023
0.241,0.422,0.322,0.456,0.018198692
0.003,0.089,0.709,0.912,0.987076794
0.798,0.309,0.876,0.924,4.5296e-05
0.002,0.326,0.93,0.917,0.987474816
0.015,0.08,0.484,0.473,0.621425085
0.06,0.001,0.847,0.874,0.987446386
0.486,0.216,0.585,0.809,0.007107065
0.106,0.444,0.242,0.703,0.478000577
0.499,0.386,0.773,0.595,0.006866613
0.376,0.736,0.98,0.947,0.000144078
0.311,0.849,0.971,0.919,1.3492e-05
0.851,0.171,0.859,0.274,0.0
0.198,0.985,0.663,0.993,4.82e-07
0.492,0.023,0.572,0.472,0.001978548
0.49,0.682,0.548,0.683,5.301e-06
0.335,0.26,0.73,0.897,0.057361515
0.452,0.09,0.839,0.401,0.0
0.081,0.349,0.22,0.557,0.755255127
0.493,0.493,0.871,0.768,0.005070692
0.201,0.54,0.602,0.571,0.023396116
0.5,0.005,0.921,0.453,0.001688464
0.249,0.509,0.763,0.63,0.044084618
0.169,0.291,0.734,0.337,0.0
0.042,0.581,0.679,0.891,0.025143368
0.081,0.391,0.764,0.537,0.900928029
0.028,0.382,0.32,0.718,0.919758931
0.607,0.552,0.682,0.984,0.000345981
0.652,0.681,0.666,0.708,9.64e-07
0.147,0.038,0.349,0.685,0.408264703
0.463,0.49,0.924,0.749,0.007231868
0.078,0.089,0.849,0.391,0.0
0.311,0.197,0.637,0.52,0.049311917
0.462,0.429,0.656,0.9,0.01031052
0.135,0.701,0.923,0.912,0.001234545
0.055,0.746,0.393,0.803,0.000287193
0.003,0.524,0.782,0.945,0.115211643
0.155,0.658,0.513,0.734,0.002545224
0.39,0.455,0.874,0.518,0.010841056
0.465,0.467,0.938,0.777,0.008397024
0.368,0.358,0.881,0.745,0.041905613
0.635,0.494,0.786,0.896,0.000657749
0.337,0.427,0.479,0.714,0.039312683
0.298,0.444,0.301,0.746,0.002201171
0.194,0.81,0.825,0.901,7.999e-05
0.425,0.635,0.645,0.814,0.001073601
0.169,0.522,0.457,0.84,0.067013322
0.198,0.034,0.564,0.145,0.0
0.083,0.836,0.919,0.941,4.4332e-05
0.225,0.267,0.417,0.852,0.170933363
0.665,0.795,0.7,0.974,0.0
0.152,0.329,0.668,0.763,0.449814698
0.402,0.052,0.424,0.381,0.0
0.724,0.321,0.78,0.673,0.000205757
0.149,0.175,0.318,0.234,0.0
0.241,0.539,0.474,0.587,0.017723571
0.794,0.044,0.868,0.944,4.915e-05
0.5,0.743,0.681,0.906,3.4213e-05
0.176,0.431,0.994,0.893,0.332896761
0.284,0.109,0.54,0.278,0.0
0.47,0.237,0.956,0.726,0.011354727
0.425,0.462,0.95,0.894,0.013831045
0.69,0.235,0.937,0.916,0.000514153
0.601,0.636,0.934,0.678,8.4809e-05
0.7,0.064,0.794,0.274,0.0
0.757,0.256,0.921,0.832,0.000121431
0.237,0.032,0.333,0.18,0.0
0.804,0.385,0.96,0.641,4.1922e-05
0.401,0.24,0.931,0.364,0.0
0.138,0.325,0.191,0.77,0.11085026
0.519,0.225,0.797,0.342,0.0
0.282,0.634,0.501,0.952,0.003004444
0.18,0.08,0.499,0.747,0.400111022
0.696,0.393,0.714,0.812,0.000114684
0.231,0.636,0.694,0.808,0.004495343
0.135,0.275,0.153,0.34,0.0
0.548,0.582,0.845,0.811,0.000759423
0.547,0.074,0.611,0.839,0.002798205
0.12,0.256,0.415,0.745,0.527126494
0.212,0.335,0.714,0.958,0.231964781
0.417,0.102,0.919,0.516,0.012122342
0.513,0.092,0.61,0.806,0.005150682
0.327,0.505,0.999,0.579,0.017708633
0.094,0.015,0.225,0.579,0.764645762
0.228,0.413,0.895,0.718,0.184484925
0.055,0.081,0.298,0.878,0.901505306
0.326,0.422,0.867,0.496,0.024903398
0.205,0.199,0.413,0.412,0.0
0.069,0.616,0.513,0.942,0.009795404
0.316,0.357,0.428,0.627,0.049629468
0.451,0.521,0.795,0.919,0.005876375
0.102,0.263,0.825,0.584,0.835787726
0.742,0.396,0.923,0.646,0.000160944
0.255,0.003,0.389,0.936,0.105036528
0.347,0.346,0.721,0.395,0.0
0.198,0.612,0.288,0.78,0.003605333
0.427,0.321,0.54,0.918,0.014156305
0.171,0.543,0.982,0.914,0.049599592
0.236,0.82,0.294,0.993,1.8311e-05
0.389,0.38,0.995,0.485,0.013421939
0.044,0.641,0.443,0.688,0.003269471
0.064,0.091,0.622,0.321,0.0
0.198,0.827,0.826,0.979,5.5897e-05
0.726,0.678,0.982,0.782,1.1083e-05
0.256,0.049,0.483,0.071,0.0
0.206,0.215,0.456,0.952,0.246864126
0.536,0.215,0.598,0.401,0.0
0.831,0.429,0.906,0.869,2.1684e-05
0.829,0.761,0.917,0.856,9.64e-07
0.221,0.013,0.599,0.269,0.0
0.095,0.443,0.532,0.989,0.687711751
0.133,0.283,0.157,0.989,0.049173139
0.094,0.097,0.648,0.432,0.211803442
0.49,0.559,0.56,0.944,0.001328991
0.468,0.55,0.924,0.699,0.003244414
0.73,0.025,0.75,0.302,0.0
0.563,0.234,0.8,0.524,0.001814713
0.336,0.304,0.685,0.733,0.056306707
0.6,0.11,0.96,0.741,0.001828206
0.023,0.275,0.915,0.869,0.987459879
0.523,0.242,0.693,0.322,0.0
0.033,0.258,0.117,0.726,0.409792224
0.24,0.448,0.414,0.541,0.074307352
0.114,0.369,0.275,0.52,0.424333059
0.316,0.193,0.682,0.476,0.029761105
0.508,0.39,0.518,0.68,0.000834595
0.216,0.516,0.851,0.914,0.060497509
0.607,0.704,0.749,0.973,2.2648e-05
0.747,0.235,0.773,0.593,5.2524e-05
0.78,0.519,0.942,0.61,3.0358e-05
0.275,0.644,0.952,0.96,0.002949993
0.104,0.438,0.513,0.76,0.66514252
0.152,0.358,0.16,0.802,0.01436399
0.616,0.118,0.746,0.83,0.001255747
0.699,0.274,0.94,0.577,0.00034068
0.283,0.546,0.637,0.587,0.010930202
0.758,0.554,0.986,0.831,4.6741e-05
0.081,0.617,0.607,0.978,0.010012726
0.2,0.365,0.934,0.456,0.108988324
0.236,0.095,0.42,0.477,0.074309761
0.514,0.082,0.544,0.707,0.002091787
0.37,0.347,0.988,0.705,0.040821893
0.28,0.03,0.421,0.235,0.0
0.419,0.43,0.925,0.601,0.016044744
0.115,0.686,0.202,0.7,8.5772e-05
0.767,0.363,0.774,0.423,3.373e-06
0.114,0.627,0.458,0.873,0.006941302
0.384,0.524,0.664,0.867,0.011759014
0.298,0.856,0.565,0.934,1.0119e-05
0.735,0.798,0.898,0.911,0.0
0.091,0.362,0.485,0.575,0.942733413
0.54,0.176,0.695,0.429,0.000446691
0.041,0.124,0.506,0.472,0.616719166
0.364,0.001,0.548,0.242,0.0
0.169,0.645,0.947,0.66,0.001537158
0.465,0.629,0.803,0.918,0.000797491
0.273,0.256,0.406,0.861,0.090351132
0.135,0.431,0.881,0.646,0.390011078
0.69,0.727,0.798,0.996,2.891e-06
0.734,0.508,0.779,0.9,8.1917e-05
0.133,0.242,0.957,0.36,0.0
0.292,0.152,1.0,0.184,0.0
0.017,0.271,0.402,0.833,0.961223635
0.474,0.991,0.85,0.992,0.0
0.382,0.124,0.985,0.2,0.0
0.604,0.28,0.993,0.916,0.001716894
0.072,0.087,0.291,0.649,0.892048173
0.05,0.738,0.245,0.964,0.000163353
0.326,0.077,0.796,0.774,0.063023459
0.859,0.576,0.966,0.592,1.446e-06
0.882,0.003,0.95,0.09,0.0
0.297,0.708,0.571,0.841,0.000451992
0.036,0.374,0.92,0.57,0.952425697
0.65,0.337,0.994,0.463,0.000204794
0.101,0.693,0.845,0.746,0.001024932
0.167,0.65,0.38,0.781,0.002804951
0.385,0.239,0.781,0.349,0.0
0.268,0.32,0.369,0.508,0.054818218
0.297,0.186,0.787,0.893,0.086859038
0.821,0.003,0.856,0.868,1.9275e-05
0.637,0.652,0.967,0.827,5.9752e-05
0.619,0.574,0.808,0.714,0.000301649
0.076,0.069,0.357,0.202,0.0
0.481,0.29,0.764,0.61,0.008964182
0.116,0.061,0.516,0.371,0.0
0.33,0.376,0.712,0.67,0.059182492
0.64,0.151,0.765,0.555,0.000622091
0.025,0.676,0.55,0.988,0.002139492
0.043,0.217,0.249,0.59,0.83381496
0.5,0.358,0.554,0.463,0.001160337
0.434,0.49,0.856,0.664,0.009513029
0.17,0.043,0.499,0.521,0.343257878
0.08,0.367,0.747,0.389,0.0
0.52,0.452,0.756,0.848,0.004799401
0.084,0.078,0.897,0.697,0.98608752
0.256,0.86,0.61,0.912,1.2529e-05
0.379,0.221,0.911,0.549,0.027802795
0.007,0.102,0.706,0.745,0.986587216
0.564,0.59,0.929,0.952,0.000555593
0.008,0.185,0.663,0.217,0.0
0.858,0.492,0.964,0.933,1.2047e-05
0.397,0.632,0.899,0.838,0.001538603
0.554,0.559,0.735,0.61,0.000567158
0.014,0.329,0.966,0.685,0.985658658
0.124,0.045,0.643,0.896,0.523924966
0.243,0.093,0.416,0.355,0.0
0.235,0.593,0.75,0.68,0.010360635
0.459,0.363,0.909,0.901,0.013003678
0.802,0.301,0.804,0.79,1.927e-06
0.768,0.583,0.923,0.802,2.8912e-05
0.624,0.503,0.747,0.9,0.000641366
0.279,0.317,0.855,0.462,0.040613244
0.153,0.638,0.813,0.838,0.005597855
0.137,0.113,0.393,0.822,0.451104657
0.287,0.017,0.693,0.603,0.090823844
0.276,0.083,0.568,0.6,0.101190743
0.266,0.933,0.677,0.965,4.82e-07
0.057,0.884,0.985,0.987,7.71e-06
0.489,0.849,0.49,0.895,0.0
0.197,0.305,0.445,0.694,0.306395491
0.756,0.789,0.912,0.874,0.0
0.866,0.501,0.955,0.577,6.264e-06
0.362,0.556,0.958,0.643,0.007469911
0.52,0.249,0.827,0.858,0.006127428
0.014,0.538,0.498,0.86,0.082155047
0.418,0.013,0.448,0.273,0.0
0.777,0.158,0.925,0.209,0.0
0.055,0.343,0.599,0.708,0.98460144
0.129,0.603,0.657,0.887,0.014206901
0.841,0.521,0.876,0.563,9.64e-07
0.579,0.459,0.832,0.955,0.00198674
0.028,0.539,0.853,0.585,0.059761215
0.498,0.553,0.654,0.762,0.002037336
0.414,0.012,0.455,0.271,0.0
0.002,0.639,0.37,0.823,0.004105512
0.845,0.731,0.855,0.83,0.0
0.202,0.391,0.749,0.494,0.172766387
0.55,0.483,0.78,0.886,0.002645935
0.34,0.66,0.425,0.812,0.000551738
0.271,0.638,0.332,0.824,0.001254301
0.319,0.08,0.626,0.971,0.066705891
0.248,0.066,0.593,0.449,0.040469647
0.573,0.096,0.865,0.596,0.002385726
0.339,0.285,0.369,0.707,0.013852247
0.836,0.821,0.871,0.976,0.0
0.053,0.572,0.503,0.936,0.03158401
0.402,0.552,0.953,0.912,0.007021774
0.689,0.417,0.881,0.905,0.000515598
0.273,0.034,0.782,0.907,0.115149483
0.828,0.747,0.948,0.965,9.64e-07
0.132,0.288,0.973,0.331,0.0
0.328,0.258,0.445,0.795,0.046432759
0.171,0.293,0.841,0.581,0.399313531
0.267,0.005,0.74,0.018,0.0
0.4,0.257,0.909,0.463,0.008079955
0.194,0.381,0.845,0.606,0.337028294
0.136,0.347,0.872,0.722,0.482730107
0.178,0.636,0.619,0.787,0.005224408
0.548,0.074,0.943,0.489,0.001581971
0.581,0.038,0.641,0.44,0.000181182
0.051,0.389,0.506,0.394,0.0
0.114,0.556,0.334,0.907,0.043070287
0.136,0.176,0.45,0.318,0.0
0.209,0.237,0.349,0.418,0.0
0.106,0.104,0.822,0.892,0.782034917
0.112,0.244,0.822,0.969,0.649821058
0.492,0.416,0.829,0.691,0.008608564
0.273,0.529,0.447,0.843,0.023331546
0.115,0.723,0.154,0.953,1.542e-05
0.408,0.357,0.418,0.476,0.001160337
0.517,0.572,0.699,0.908,0.00123599
0.103,0.669,0.222,0.739,0.000404769
0.06,0.147,0.139,0.361,0.0
0.354,0.203,0.901,0.718,0.048015212
0.709,0.392,0.836,0.894,0.000370556
0.117,0.487,0.593,0.68,0.22358655
0.2,0.048,0.375,0.621,0.256125139
0.731,0.489,0.852,0.848,0.000155161
0.134,0.194,0.531,0.514,0.38192004
0.192,0.264,0.484,0.878,0.351560456
0.028,0.62,0.707,0.722,0.008737223
0.004,0.655,0.729,0.938,0.003749412
0.189,0.175,0.331,0.594,0.312049243
0.736,0.229,0.931,0.804,0.000214431
0.869,0.011,0.87,0.526,0.0
0.185,0.492,0.77,0.824,0.132767524
0.71,0.293,0.821,0.295,0.0
0.431,0.105,0.778,0.705,0.017783804
0.027,0.284,0.514,0.844,0.980819262
0.856,0.168,0.97,0.734,1.542e-05
0.111,0.624,0.916,0.937,0.008579652
0.107,0.597,0.55,0.911,0.016235564
0.891,0.046,0.896,0.955,0.0
0.108,0.238,0.807,0.349,0.0
0.026,0.042,0.341,0.486,0.656798983
0.017,0.161,0.781,0.488,0.691202881
0.076,0.186,0.187,0.608,0.594682881
0.041,0.572,0.235,0.632,0.01284948
0.585,0.549,0.875,0.584,0.000334898
0.096,0.432,0.262,0.773,0.644416914
0.304,0.718,0.939,0.974,0.000375857
0.359,0.375,0.9,0.597,0.041764426
0.311,0.581,0.393,0.629,0.002750982
0.669,0.585,0.831,0.902,0.000145042
0.673,0.71,0.737,0.788,5.301e-06
0.649,0.18,0.658,0.851,0.000118058
0.472,0.703,0.673,0.897,0.000116612
0.516,0.052,0.686,0.964,0.005918779
0.294,0.745,0.853,0.784,0.000134441
0.129,0.063,0.235,0.116,0.0
0.061,0.114,0.125,0.366,0.0
0.241,0.133,0.579,0.982,0.155916442
0.271,0.295,0.503,0.722,0.109535725
0.107,0.292,0.243,0.695,0.60712952
0.536,0.261,0.594,0.304,0.0
0.233,0.903,0.348,0.957,1.927e-06
0.482,0.36,0.768,0.68,0.009648916
0.068,0.357,0.471,0.918,0.976163457
0.108,0.183,0.846,0.259,0.0
0.202,0.168,0.829,0.676,0.283229226
0.359,0.027,0.489,0.324,0.0
0.34,0.723,0.723,0.936,0.000260208
0.295,0.125,0.826,0.871,0.089065991
0.52,0.534,0.763,0.803,0.002267669
0.515,0.492,0.838,0.505,0.000513671
0.306,0.876,0.454,0.957,5.301e-06
0.058,0.092,0.791,0.107,0.0
0.324,0.371,0.62,0.829,0.063141998
0.081,0.3,0.091,0.619,0.007141277
0.033,0.567,0.229,0.752,0.017554917
0.075,0.082,0.326,0.939,0.92431017
0.352,0.682,0.591,0.98,0.000572941
0.855,0.21,0.952,0.885,1.6865e-05
0.631,0.626,0.937,0.755,0.00010842
0.658,0.172,0.933,0.351,0.0
0.267,0.345,0.919,0.858,0.122118733
0.565,0.556,0.948,0.884,0.0009753
0.212,0.431,0.851,0.609,0.186044248
0.122,0.233,0.412,0.349,0.0
0.411,0.078,0.693,0.403,0.0
0.026,0.6,0.988,0.682,0.013871522
0.176,0.164,0.182,0.198,0.0
0.102,0.763,0.405,0.941,0.000221659
0.388,0.124,0.677,0.476,0.012020186
0.002,0.516,0.632,0.972,0.150265581
0.026,0.07,0.04,0.671,0.0
0.184,0.594,0.656,0.993,0.014179435
0.045,0.002,0.918,0.083,0.0
0.102,0.448,0.98,0.825,0.597549511
0.104,0.176,0.829,0.632,0.808261041
0.03,0.625,0.97,0.822,0.008349801
0.197,0.963,0.484,0.999,0.0
0.633,0.11,0.757,0.74,0.000991202
0.648,0.193,0.988,0.812,0.000927595
0.322,0.141,0.574,0.976,0.063058635
0.257,0.665,0.442,0.781,0.001429219
0.256,0.855,0.825,0.915,1.6383e-05
0.422,0.651,0.907,0.719,0.000680397
0.142,0.272,0.901,0.966,0.469769797
0.157,0.312,0.59,0.682,0.43784318
0.518,0.162,0.881,0.789,0.006292709
0.189,0.328,0.87,0.829,0.380189172
0.498,0.321,0.94,0.986,0.008128142
0.119,0.213,0.917,0.703,0.555543188
0.292,0.053,0.669,0.974,0.091530744
0.093,0.194,0.633,0.945,0.971827131
0.218,0.306,0.365,0.714,0.167802188
0.456,0.456,0.646,0.623,0.008479905
0.067,0.046,0.636,0.344,0.0
0.333,0.721,0.846,0.722,4.819e-06
0.426,0.216,0.755,0.602,0.01687452
0.849,0.254,0.898,0.605,1.1565e-05
0.373,0.125,0.867,0.817,0.039666856
0.521,0.267,0.737,0.757,0.005856618
0.563,0.243,0.98,0.918,0.003370182
0.929,0.091,0.99,0.296,0.0
0.447,0.548,0.581,0.856,0.003522934
0.329,0.114,0.335,0.982,0.003492576
0.273,0.433,0.305,0.821,0.029213221
0.227,0.259,0.231,0.383,0.0
0.099,0.003,0.735,0.654,0.922542198
0.11,0.277,0.16,0.618,0.251417775
0.259,0.393,0.685,0.965,0.13097305
0.347,0.471,0.415,0.598,0.014492649
0.4,0.105,0.873,0.486,0.011159571
0.667,0.332,0.947,0.484,0.000209131
0.213,0.587,0.419,0.699,0.011173063
0.435,0.062,0.572,0.27,0.0
0.067,0.277,0.399,0.829,0.960116785
0.193,0.204,0.284,0.339,0.0
0.498,0.552,0.718,0.728,0.002208881
0.857,0.214,0.867,0.363,0.0
0.77,0.238,0.812,0.377,0.0
0.797,0.143,0.911,0.703,5.2524e-05
0.759,0.078,0.875,0.128,0.0
0.0,0.164,0.003,0.325,0.0
0.037,0.426,0.739,0.984,0.755251272
0.685,0.007,0.897,0.812,0.00055222
0.084,0.081,0.494,0.232,0.0
0.559,0.377,0.818,0.814,0.00355811
0.095,0.509,0.579,0.761,0.187967863
0.364,0.04,0.89,0.376,0.0
0.151,0.163,0.362,0.513,0.32718904
0.161,0.236,0.645,0.53,0.367459194
0.3,0.301,0.649,0.845,0.083079269
0.056,0.037,0.641,0.875,0.986460485
0.335,0.303,0.905,0.682,0.056906632
0.265,0.073,0.982,0.919,0.124340143
0.097,0.468,0.705,0.895,0.400631921
0.391,0.347,0.763,0.844,0.030609673
0.328,0.302,0.879,0.979,0.061734463
0.591,0.35,0.845,0.809,0.002106243
0.211,0.242,0.527,0.441,0.045230017
0.182,0.571,0.834,0.958,0.024028808
0.672,0.103,0.734,0.639,0.000381157
0.332,0.649,0.828,0.843,0.001711594
0.069,0.195,0.822,0.934,0.987443013
0.448,0.257,0.997,0.638,0.013913926
0.008,0.221,0.074,0.306,0.0
0.658,0.628,0.825,0.636,1.1083e-05
0.505,0.061,0.775,0.992,0.007370646
0.166,0.445,0.351,0.56,0.234235823
0.565,0.595,0.984,0.672,0.000410069
0.599,0.362,0.997,0.651,0.001765563
0.334,0.008,0.536,0.988,0.053139873
0.197,0.18,0.546,0.597,0.306139137
0.642,0.691,0.717,0.807,1.1083e-05
0.253,0.057,0.533,0.503,0.085514627
0.557,0.414,0.726,0.598,0.002958667
0.396,0.166,0.924,0.934,0.02851114
0.569,0.192,0.733,0.821,0.002803024
0.415,0.23,0.536,0.967,0.016909215
0.126,0.004,0.412,0.541,0.433791156
0.244,0.153,0.708,0.231,0.0
0.516,0.143,0.735,0.366,0.0
0.67,0.216,0.852,0.783,0.000651967
0.298,0.211,0.44,0.48,0.033704227
0.31,0.594,0.549,0.828,0.00624404
0.657,0.012,0.752,0.438,5.0114e-05
0.066,0.348,0.433,0.484,0.669873977
0.126,0.744,0.477,0.77,0.000225032
0.227,0.808,0.602,0.847,4.385e-05
0.451,0.464,0.749,0.554,0.00617947
0.162,0.069,0.619,0.081,0.0
0.086,0.277,0.733,0.316,0.0
0.416,0.015,0.496,0.127,0.0
0.171,0.055,0.953,0.442,0.111639077
0.063,0.031,0.688,0.222,0.0
0.616,0.245,0.799,0.591,0.00110444
0.203,0.024,0.313,0.55,0.183868134
0.338,0.06,0.436,0.735,0.038882858
0.266,0.14,0.528,0.799,0.117615199
0.236,0.701,0.448,0.92,0.000755086
0.269,0.129,0.554,0.913,0.116024554
0.485,0.817,0.871,0.916,5.782e-06
0.263,0.093,0.624,0.31,0.0
0.241,0.464,0.796,0.947,0.094441706
0.143,0.201,0.265,0.723,0.343202463
0.025,0.343,0.991,0.65,0.983160656
0.371,0.123,0.742,0.776,0.040436399
0.227,0.08,0.467,0.275,0.0
0.033,0.397,0.518,0.628,0.973923255
0.064,0.423,0.37,0.622,0.713114845
0.648,0.064,0.671,0.108,0.0
0.789,0.457,0.927,0.758,5.0114e-05
0.395,0.221,0.927,0.595,0.025546691
0.599,0.49,0.884,0.787,0.001234545
0.39,0.624,0.615,0.78,0.001735687
0.616,0.102,0.975,0.4,0.0
0.551,0.697,0.551,0.788,0.0
0.57,0.364,0.658,0.889,0.002193943
0.477,0.157,0.984,0.253,0.0
0.196,0.178,0.307,0.297,0.0
0.064,0.088,0.173,0.583,0.565141508
0.249,0.062,0.492,0.85,0.136406588
0.204,0.517,0.364,0.776,0.052467186
0.658,0.081,0.742,0.777,0.000621127
0.814,0.412,0.95,0.526,1.7829e-05
0.735,0.204,0.844,0.889,0.000203348
0.511,0.109,0.944,0.405,0.0
0.413,0.432,0.757,0.438,0.000143597
0.825,0.706,0.898,0.74,2.409e-06
0.008,0.091,0.288,0.812,0.890794836
0.408,0.159,0.983,0.789,0.024146384
0.773,0.061,0.888,0.697,8.1436e-05
0.532,0.258,0.927,0.443,0.000774843
0.105,0.321,0.216,0.847,0.57988521
0.413,0.486,0.725,0.707,0.012959828
0.401,0.653,0.802,0.943,0.000932414
0.867,0.338,0.957,0.483,3.855e-06
0.202,0.125,0.534,0.827,0.279924578
0.125,0.332,0.94,0.421,0.096284849
0.278,0.245,0.327,0.755,0.046449142
0.606,0.904,0.805,0.908,0.0
0.482,0.646,0.918,0.792,0.000460184
0.5,0.244,0.897,0.266,0.0
0.233,0.421,0.792,0.715,0.145484009
0.013,0.089,0.233,0.906,0.813842513
0.001,0.426,0.558,0.788,0.75197891
0.477,0.354,0.814,0.685,0.010340878
0.282,0.673,0.451,0.756,0.000822548
0.01,0.693,0.266,0.938,0.000508852
0.307,0.281,0.484,0.901,0.067844544
0.272,0.501,0.829,0.667,0.043539626
0.418,0.204,0.91,0.446,0.003785552
0.514,0.091,0.97,0.223,0.0
0.097,0.438,0.525,0.566,0.696390667
0.062,0.185,0.858,0.601,0.972346102
0.374,0.513,0.916,0.842,0.015219305
0.005,0.459,0.597,0.933,0.509260772
0.17,0.749,0.849,0.908,0.000417779
0.393,0.578,0.741,0.757,0.004837468
0.348,0.135,0.918,0.232,0.0
0.692,0.21,0.802,0.292,0.0
0.907,0.528,0.934,0.915,1.446e-06
0.361,0.319,0.857,0.504,0.025946159
0.132,0.599,0.743,0.965,0.015810557
0.406,0.35,0.601,0.438,0.0029312
0.266,0.536,0.536,0.67,0.024182042
0.318,0.288,0.977,0.377,0.0
0.023,0.455,0.175,0.952,0.327589472
0.084,0.124,0.297,0.371,0.0
0.063,0.207,0.825,0.513,0.822968603
0.211,0.436,0.426,0.905,0.181866456
0.032,0.09,0.804,0.483,0.673699042
0.169,0.433,0.518,0.716,0.333297675
0.245,0.675,0.894,0.845,0.001630158
0.108,0.45,0.843,0.469,0.164934112
0.158,0.036,0.906,0.162,0.0
0.204,0.789,0.393,0.962,9.6374e-05
0.302,0.016,0.826,0.78,0.081981574
0.454,0.748,0.606,0.957,6.0233e-05
0.561,0.432,0.705,0.653,0.002633888
0.805,0.084,0.946,0.764,4.6741e-05
0.298,0.666,0.42,0.828,0.000783999
0.457,0.06,0.563,0.552,0.007311858
0.483,0.094,0.887,0.556,0.007170671
0.471,0.466,0.856,0.725,0.007909374
0.334,0.184,0.897,0.458,0.018489258
0.145,0.202,0.573,0.682,0.459072337
0.387,0.165,0.542,0.631,0.026659805
0.85,0.05,0.982,0.472,6.746e-06
0.125,0.086,0.362,0.361,0.0
0.208,0.462,0.54,0.669,0.141095642
0.297,0.009,0.481,0.807,0.076823182
0.099,0.507,0.632,0.643,0.199373187
0.344,0.472,0.959,0.582,0.024970859
0.396,0.211,0.842,0.728,0.02832803
0.514,0.15,0.736,0.165,0.0
0.688,0.138,0.694,0.252,0.0
0.246,0.459,0.386,0.67,0.070084264
0.342,0.518,0.579,0.945,0.017505285
0.292,0.386,0.963,0.813,0.092162472
0.607,0.439,0.819,0.76,0.001437893
0.0,0.311,0.011,0.663,0.0
0.033,0.077,0.953,0.701,0.98623738
0.325,0.25,0.469,0.573,0.045294105
0.038,0.229,0.707,0.841,0.987030053
0.838,0.246,0.951,0.747,2.5057e-05
0.138,0.79,0.87,0.977,0.000146006
0.14,0.854,0.669,0.937,2.5057e-05
0.23,0.097,0.331,0.298,0.0
0.503,0.127,0.772,0.434,0.000810501
0.771,0.114,0.973,0.32,0.0
0.618,0.38,0.787,0.768,0.001306343
0.1,0.593,0.582,0.857,0.018199174
0.162,0.163,0.878,0.786,0.432801882
0.069,0.393,0.591,0.549,0.919135395
0.099,0.912,0.952,0.916,9.64e-07
0.114,0.032,0.973,0.211,0.0
0.2,0.596,0.935,0.934,0.01289333
0.397,0.247,0.453,0.566,0.011418816
0.238,0.0,0.558,0.41,0.0
0.901,0.098,0.931,0.677,3.373e-06
0.196,0.58,0.431,0.942,0.015330135
0.735,0.318,0.761,0.766,0.000111311
0.344,0.307,0.496,0.733,0.044506252
0.637,0.283,0.667,0.389,0.0
0.636,0.437,0.93,0.842,0.000982046
0.102,0.242,0.172,0.989,0.440855334
0.284,0.473,0.801,0.666,0.05527551
0.068,0.614,0.841,0.618,0.001088057
0.192,0.602,0.268,0.749,0.00371809
0.34,0.484,0.378,0.749,0.00850689
0.296,0.203,0.611,0.693,0.085720385
0.07,0.339,0.433,0.886,0.96980907
0.028,0.735,0.28,0.757,0.00011613
0.182,0.037,0.78,0.725,0.403629137
0.216,0.373,0.32,0.73,0.150173545
0.017,0.55,0.112,0.643,0.000760869
0.252,0.678,0.295,0.878,0.000462111
0.341,0.025,0.878,0.33,0.0
0.505,0.574,0.906,0.621,0.000956507
0.466,0.113,0.841,0.687,0.011762387
0.527,0.573,0.887,0.883,0.001188285
0.274,0.425,0.642,0.831,0.095351954
0.021,0.528,0.768,0.696,0.103931606
0.088,0.332,0.497,0.864,0.979221389
0.066,0.111,0.974,0.967,0.987480117
0.607,0.058,0.891,0.352,0.0
0.246,0.068,0.775,0.951,0.149672402
0.317,0.191,0.559,0.285,0.0
0.126,0.925,0.163,0.98,0.0
0.328,0.088,0.776,0.482,0.028009998
0.28,0.623,0.506,0.911,0.003919993
0.205,0.092,0.735,0.901,0.265709967
0.787,0.245,0.933,0.71,6.698e-05
0.307,0.327,0.85,0.356,0.0
0.541,0.08,0.771,0.133,0.0
0.679,0.295,0.722,0.487,9.1555e-05
0.626,0.51,0.992,0.539,0.00017299
0.492,0.241,0.792,0.364,0.0
0.256,0.332,0.29,0.334,0.0
0.541,0.066,0.644,0.158,0.0
0.306,0.654,0.387,0.985,0.000785926
0.701,0.592,0.796,0.659,5.686e-05
0.465,0.055,0.648,0.443,0.001794957
0.13,0.102,0.188,0.374,0.0
0.155,0.579,0.828,0.673,0.0215549
0.168,0.498,0.569,0.518,0.046225555
0.309,0.404,0.955,0.953,0.075855592
0.806,0.134,0.896,0.228,0.0
0.478,0.343,0.797,0.806,0.010368344
0.628,0.282,0.934,0.768,0.001187322
0.114,0.008,0.457,0.756,0.608356836
0.182,0.282,0.641,0.787,0.403250871
0.728,0.041,0.741,0.344,0.0
0.613,0.406,0.85,0.701,0.001427292
0.446,0.461,0.76,0.603,0.009120789
0.521,0.656,0.58,0.84,0.000117094
0.361,0.05,0.564,0.421,0.005826261
0.387,0.313,0.894,0.989,0.032651828
0.351,0.181,0.416,0.661,0.027584991
0.028,0.913,0.279,0.918,0.0
0.282,0.312,0.379,0.415,0.0
0.181,0.582,0.57,0.906,0.018249288
0.011,0.226,0.363,0.47,0.581735099
0.55,0.324,0.659,0.586,0.002819889
0.364,0.291,0.865,0.335,0.0
0.222,0.035,0.602,0.363,0.0
0.358,0.068,0.603,0.511,0.027740152
0.326,0.221,0.391,0.943,0.032440288
0.548,0.062,0.906,0.437,0.000435608
0.146,0.58,0.414,0.75,0.019311325
0.293,0.105,0.402,0.951,0.064930209
0.176,0.087,0.943,0.963,0.413858222
0.536,0.705,0.619,0.896,3.4694e-05
0.178,0.046,0.686,0.643,0.406211466
0.153,0.427,0.804,0.507,0.250516201
0.443,0.319,0.695,0.685,0.014887298
0.263,0.589,0.414,0.823,0.007425097
0.643,0.119,0.788,0.598,0.000764724
0.103,0.218,0.165,0.831,0.40984282
0.264,0.091,0.585,0.373,0.0
0.084,0.043,0.464,0.881,0.975205986
0.043,0.146,0.723,0.442,0.285995146
0.152,0.429,0.217,0.718,0.183915357
0.125,0.196,0.139,0.621,0.043246168
0.346,0.165,0.854,0.958,0.051959298
0.064,0.052,0.496,0.457,0.453806971
0.377,0.208,0.86,0.338,0.0
0.047,0.8,0.079,0.848,0.0
0.562,0.287,0.747,0.525,0.001813268
0.152,0.314,0.778,0.772,0.45047052
0.074,0.184,0.715,0.682,0.985184018
0.165,0.238,0.971,0.568,0.39844617
0.121,0.094,0.627,0.305,0.0
0.177,0.348,0.952,0.384,0.0
0.009,0.534,0.94,0.674,0.088561476
0.685,0.463,0.843,0.533,0.000161908
0.361,0.279,0.907,0.781,0.045017032
0.1,0.471,0.758,0.947,0.373470974
0.62,0.127,0.998,0.365,0.0
0.593,0.158,0.841,0.272,0.0
0.351,0.59,0.404,0.813,0.001749661
0.598,0.171,0.749,0.301,0.0
0.068,0.271,0.944,0.787,0.987325437
0.431,0.029,0.592,0.714,0.015829349
0.676,0.089,0.911,0.092,0.0
0.45,0.779,0.776,0.932,2.6503e-05
0.164,0.21,0.331,0.684,0.36836125
0.039,0.533,0.577,0.926,0.092953217
0.343,0.169,0.482,0.919,0.04353818
0.128,0.804,0.413,0.81,9.155e-06
0.17,0.49,0.947,0.825,0.143201403
0.767,0.022,0.993,0.887,0.00010312
0.619,0.483,0.858,0.709,0.000904465
0.164,0.213,0.592,0.664,0.424538817
0.171,0.311,0.295,0.635,0.327824623
0.912,0.67,0.966,0.928,0.0
0.365,0.265,0.626,0.902,0.04214992
0.094,0.429,0.102,0.809,0.05083751
0.745,0.185,0.936,0.748,0.000159498
0.203,0.207,0.985,0.362,0.0
0.714,0.953,0.796,0.955,0.0
0.572,0.605,0.813,0.654,0.000232742
0.361,0.088,0.982,0.524,0.030466077
0.116,0.329,0.611,0.557,0.538542418
0.103,0.044,0.835,0.554,0.778827125
0.443,0.357,0.889,0.762,0.015592271
0.764,0.073,0.772,0.63,1.6383e-05
0.404,0.014,0.707,0.461,0.00718079
0.396,0.204,0.661,0.46,0.007901664
0.261,0.194,0.665,0.519,0.091463764
0.469,0.387,0.962,0.449,0.002223819
0.259,0.405,0.718,0.476,0.062454373
0.319,0.459,0.956,0.697,0.045302779
0.056,0.924,0.348,0.983,9.64e-07
0.451,0.505,0.481,0.612,0.001528002
0.075,0.075,0.85,0.27,0.0
0.705,0.646,0.754,0.88,1.8793e-05
0.462,0.256,0.533,0.541,0.005008531
0.68,0.27,0.921,0.535,0.000315623
0.416,0.811,0.52,0.982,1.6383e-05
0.289,0.521,0.691,0.735,0.028498611
0.15,0.272,0.5,0.616,0.437346375
0.324,0.029,0.703,0.485,0.030343682
0.28,0.106,0.541,0.561,0.086776638
0.343,0.279,0.97,0.786,0.05344104
0.293,0.622,0.853,0.657,0.002381871
0.762,0.034,0.923,0.762,0.000112275
0.516,0.65,0.793,0.849,0.000281893
0.254,0.431,0.617,0.978,0.114802538
0.274,0.396,0.952,0.904,0.11403685
0.211,0.069,1.0,0.635,0.231139342
0.638,0.034,0.725,0.232,0.0
0.808,0.392,0.818,0.428,0.0
0.41,0.839,0.932,0.89,5.782e-06
0.834,0.327,0.945,0.778,2.7948e-05
0.109,0.019,0.848,0.927,0.714054969
0.188,0.076,0.546,0.987,0.381383721
0.636,0.228,0.667,0.935,0.000382121
0.002,0.218,0.12,0.7,0.438019544
0.257,0.366,0.568,0.741,0.130623214
0.125,0.201,0.435,0.624,0.495221078
0.275,0.445,0.701,0.713,0.085985412
0.364,0.001,0.465,0.942,0.031646652
0.086,0.166,0.906,0.478,0.652149443
0.583,0.088,0.681,0.784,0.001831579
0.561,0.201,0.628,0.983,0.002295617
0.501,0.293,0.527,0.614,0.002014688
0.173,0.708,0.725,0.939,0.000992165
0.813,0.236,0.933,0.796,4.0959e-05
0.878,0.401,0.975,0.957,1.2529e-05
0.77,0.014,0.794,0.262,0.0
0.491,0.06,0.69,0.091,0.0
0.156,0.589,0.759,0.665,0.015951262
0.313,0.112,0.962,0.468,0.028004215
0.94,0.145,0.973,0.631,9.64e-07
0.402,0.006,0.633,0.762,0.025032056
0.233,0.188,0.926,0.283,0.0
0.132,0.796,0.807,0.95,0.000123358
0.227,0.242,0.654,0.753,0.186378182
0.184,0.168,0.648,0.702,0.397526285
0.388,0.08,0.839,0.183,0.0
0.528,0.626,0.977,0.961,0.000419225
0.058,0.189,0.834,0.716,0.986568905
0.354,0.097,0.784,0.453,0.013514458
0.148,0.26,0.347,0.407,0.0
0.681,0.153,0.801,0.19,0.0
0.13,0.532,0.636,0.699,0.073773924
0.013,0.041,0.871,0.458,0.466190485
0.075,0.701,0.238,0.968,0.000300685
0.839,0.21,0.882,0.553,9.637e-06
0.125,0.032,0.675,0.763,0.518825361
0.434,0.289,0.824,0.419,0.002055647
0.258,0.406,0.922,0.787,0.132680788
0.091,0.038,0.988,0.243,0.0
0.759,0.11,0.99,0.304,0.0
0.17,0.185,0.385,0.351,0.0
0.195,0.048,0.644,0.309,0.0
0.219,0.03,0.915,0.616,0.200997562
0.301,0.421,0.689,0.79,0.070547339
0.014,0.094,0.335,0.171,0.0
0.248,0.541,0.935,0.912,0.030044925
0.39,0.034,0.849,0.09,0.0
0.72,0.417,0.799,0.569,0.000197566
0.575,0.852,0.937,0.908,4.82e-07
0.146,0.61,0.277,0.615,0.000733402
0.258,0.778,0.721,0.826,8.5291e-05
0.789,0.56,0.989,0.692,2.6021e-05
0.106,0.349,0.404,0.376,0.0
0.273,0.022,0.347,0.166,0.0
0.275,0.207,0.805,0.985,0.112752191
0.677,0.288,0.888,0.918,0.000602816
0.196,0.007,0.842,0.781,0.331796658
0.196,0.841,0.308,0.881,1.8311e-05
0.022,0.211,0.048,0.712,0.0
0.18,0.533,0.987,0.855,0.056670517
0.014,0.259,0.885,0.519,0.852943175
0.903,0.109,0.96,0.124,0.0
0.081,0.478,0.359,0.588,0.293117148
0.423,0.465,0.802,0.557,0.00872373
0.807,0.736,0.949,0.979,1.446e-06
0.067,0.466,0.31,0.641,0.379913543
0.327,0.136,0.725,0.632,0.059612318
0.489,0.146,0.977,0.54,0.006006479
0.183,0.214,0.362,0.684,0.356302033
0.379,0.255,0.417,0.769,0.015276166
0.119,0.314,0.472,0.339,0.0
0.187,0.135,0.781,0.992,0.390272732
0.242,0.039,0.48,0.695,0.145638689
0.296,0.625,0.46,0.695,0.002424758
0.278,0.112,0.601,0.371,0.0
0.266,0.9,0.743,0.973,4.337e-06
0.214,0.299,0.406,0.615,0.193453444
0.28,0.12,0.551,0.229,0.0
0.064,0.16,0.126,0.231,0.0
0.034,0.848,0.849,0.949,3.1803e-05
0.611,0.763,0.811,0.848,3.373e-06
0.365,0.146,0.536,0.409,0.0
0.447,0.213,0.796,0.528,0.00920367
0.414,0.342,0.621,0.437,0.002503784
0.136,0.073,0.349,0.713,0.432317123
0.688,0.009,0.864,0.582,0.000388385
0.114,0.479,0.523,0.65,0.263795507
0.106,0.559,0.843,0.715,0.049535986
0.918,0.223,0.986,0.76,3.373e-06
0.238,0.261,0.404,0.773,0.138164923
0.102,0.566,0.472,0.947,0.03774035
0.131,0.286,0.171,0.937,0.078001348
0.542,0.053,0.583,0.174,0.0
0.555,0.277,0.712,0.751,0.003428488
0.256,0.123,0.561,0.875,0.13186595
0.298,0.124,0.797,0.656,0.084097455
0.259,0.143,0.41,0.499,0.068415557
0.798,0.486,0.978,0.541,8.192e-06
0.883,0.116,0.937,0.501,1.927e-06
0.26,0.249,0.705,0.406,0.0
0.137,0.254,0.697,0.79,0.480400278
0.486,0.266,0.551,0.349,0.0
0.425,0.062,0.806,0.39,0.0
0.61,0.301,0.98,0.661,0.001474033
0.071,0.165,0.91,0.396,0.0
0.649,0.098,0.704,0.785,0.000487168
0.219,0.69,0.368,0.934,0.000840859
0.379,0.347,0.906,0.964,0.036699034
0.261,0.148,0.527,0.627,0.119103688
0.082,0.022,0.967,0.316,0.0
0.422,0.39,0.919,0.591,0.017316875
0.285,0.488,0.613,0.912,0.047046176
0.1,0.227,0.389,0.714,0.877636478
0.078,0.49,0.996,0.798,0.290218715
0.008,0.529,0.538,0.788,0.099171236
0.278,0.057,0.482,0.355,0.0
0.681,0.014,0.929,0.035,0.0
0.182,0.36,0.252,0.408,0.0
0.261,0.091,0.685,0.559,0.10954729
0.585,0.27,0.632,0.774,0.001220089
0.509,0.024,0.558,0.538,0.002246948
0.057,0.095,0.057,0.677,0.0
0.431,0.626,0.976,0.759,0.001244182
0.035,0.015,0.329,0.808,0.92631474
0.148,0.371,0.24,0.726,0.297457329
0.317,0.148,0.88,0.831,0.069387966
0.556,0.124,0.562,0.249,0.0
0.796,0.349,0.995,0.862,6.1679e-05
0.004,0.003,0.12,0.851,0.438019544
0.133,0.324,0.62,0.828,0.489639606
0.084,0.177,0.086,0.728,0.0
0.292,0.84,0.639,0.892,1.4938e-05
0.034,0.329,0.117,0.392,0.0
0.028,0.192,0.65,0.913,0.986568905
0.516,0.48,0.9,0.763,0.004251036
0.816,0.518,0.901,0.813,2.0238e-05
0.053,0.554,0.111,0.81,0.000439463
0.486,0.142,0.992,0.367,0.0
0.286,0.24,0.373,0.617,0.056924461
0.274,0.691,0.374,0.789,0.000484277
0.673,0.397,0.683,0.771,7.6135e-05
0.496,0.79,0.8,0.885,9.155e-06
0.853,0.134,0.978,0.728,1.5902e-05
0.915,0.369,0.993,0.822,3.373e-06
0.006,0.312,0.055,0.851,0.0
0.279,0.188,0.881,0.921,0.107557177
0.633,0.236,0.987,0.867,0.001119378
0.608,0.121,0.744,0.498,0.000561858
0.244,0.641,0.854,0.784,0.003777842
0.14,0.427,0.724,0.657,0.380865232
0.07,0.189,0.129,0.386,0.0
0.598,0.06,0.928,0.07,0.0
0.39,0.059,0.529,0.305,0.0
0.177,0.244,0.2,0.267,0.0
0.557,0.144,0.851,0.733,0.003667976
0.222,0.471,0.693,0.767,0.107463695
0.406,0.318,0.577,0.541,0.015393741
0.293,0.066,0.725,0.467,0.036040321
0.037,0.048,0.667,0.623,0.978089482
0.359,0.485,0.738,0.656,0.023175421
0.08,0.55,0.957,0.937,0.065638072
0.564,0.238,0.986,0.451,0.000575832
0.609,0.291,0.976,0.318,0.0
0.331,0.085,0.831,0.375,0.0
0.597,0.359,0.879,0.797,0.001916387
0.267,0.387,0.734,0.946,0.121899483
0.171,0.191,0.614,0.698,0.417049631
0.333,0.454,0.411,0.853,0.024300581
0.059,0.015,0.113,0.411,0.0
0.381,0.248,0.933,0.767,0.035571464
0.471,0.402,0.548,0.976,0.007060324
0.187,0.078,0.529,0.898,0.384868587
0.074,0.001,0.35,0.556,0.891249237
0.204,0.043,0.811,0.442,0.057228038
0.303,0.333,0.666,0.554,0.065379309
0.208,0.619,0.495,0.856,0.006769757
0.835,0.094,0.864,0.364,0.0
0.199,0.593,0.463,0.975,0.012184021
0.525,0.682,0.682,0.828,9.541e-05
0.329,0.259,0.697,0.487,0.029182863
0.454,0.372,0.67,0.564,0.010159214
0.615,0.541,0.949,0.806,0.000565713
0.201,0.413,0.742,0.882,0.292292191
0.498,0.053,0.585,0.69,0.005695193
0.017,0.241,0.336,0.37,0.0
0.787,0.257,0.869,0.326,0.0
0.815,0.024,0.947,0.423,7.71e-06
0.014,0.617,0.109,0.674,0.0
0.23,0.379,0.533,0.389,0.0
0.113,0.57,0.3,0.641,0.020016779
0.556,0.601,0.771,0.936,0.000467412
0.528,0.036,0.693,0.956,0.005054791
0.243,0.729,0.848,0.821,0.000434163
0.381,0.037,0.952,0.59,0.031487154
0.425,0.725,0.634,0.897,0.000126249
0.322,0.528,0.79,0.723,0.019460222
0.122,0.485,0.498,0.758,0.202312097
0.539,0.239,0.645,0.618,0.003572084
0.379,0.021,0.505,0.824,0.029231532
0.019,0.889,0.633,0.984,6.746e-06
0.231,0.299,0.724,0.791,0.177490617
0.94,0.12,0.996,0.759,1.446e-06
0.159,0.342,0.896,0.884,0.438146757
0.521,0.173,0.653,0.782,0.00521188
0.877,0.743,0.993,0.772,0.0
0.489,0.342,0.737,0.885,0.008910695
0.202,0.185,0.615,0.905,0.283695192
0.252,0.098,0.255,0.548,0.003408249
0.678,0.128,0.69,0.433,3.855e-06
0.474,0.414,0.592,0.559,0.006717716
0.033,0.241,0.039,0.306,0.0
0.91,0.403,0.915,0.984,9.64e-07
0.076,0.84,0.215,0.95,9.64e-07
0.553,0.082,0.714,0.778,0.003561965
0.606,0.319,0.875,0.85,0.001645578
0.537,0.43,0.856,0.588,0.003673276
0.552,0.106,0.84,0.396,0.0
0.577,0.77,0.972,0.929,4.337e-06
0.805,0.092,0.892,0.558,2.313e-05
0.258,0.14,0.343,0.259,0.0
0.32,0.725,0.489,0.837,0.000199975
0.47,0.965,0.854,0.976,0.0
0.189,0.836,0.471,0.933,4.0477e-05
0.128,0.265,0.2,0.519,0.178163786
0.195,0.009,0.269,0.885,0.220046269
0.245,0.424,0.665,0.483,0.054277081
0.322,0.508,0.684,0.791,0.025563074
0.324,0.504,0.658,0.623,0.023312271
0.021,0.425,0.835,0.988,0.755408843
0.194,0.581,0.684,0.635,0.012863937
0.082,0.632,0.711,0.891,0.006832882
0.408,0.22,0.743,0.704,0.023761853
0.314,0.481,0.958,0.498,0.007013101
0.137,0.384,0.213,0.611,0.249805928
0.452,0.483,0.736,0.934,0.008503517
0.137,0.028,0.506,0.783,0.473498489
0.168,0.728,0.277,0.882,0.00025539
0.057,0.169,0.8,0.64,0.98179167
0.267,0.415,0.65,0.921,0.121228242
0.185,0.423,0.712,0.605,0.311067197
0.195,0.185,0.274,0.903,0.22591397
0.302,0.685,0.691,0.698,0.000228405
0.078,0.504,0.382,0.979,0.204753238
0.767,0.556,0.816,0.936,2.2648e-05
0.225,0.182,0.445,0.74,0.176762033
0.416,0.087,0.822,0.747,0.021558755
0.389,0.418,0.582,0.889,0.02921804
0.544,0.225,0.98,0.439,0.000524754
0.065,0.233,0.727,0.356,0.0
0.43,0.083,0.654,0.555,0.012840325
0.707,0.035,0.95,0.943,0.000408624
0.394,0.673,0.558,0.727,0.000331043
0.637,0.179,0.82,0.195,0.0
0.16,0.551,0.339,0.838,0.03343679
0.075,0.28,0.714,0.473,0.624457477
0.466,0.683,0.965,0.758,0.000184073
0.028,0.617,0.175,0.886,0.001382478
0.361,0.241,0.897,0.42,0.006132728
0.124,0.039,0.992,0.363,0.0
0.355,0.362,0.975,0.507,0.028366098
0.188,0.007,0.474,0.88,0.374821167
0.343,0.665,0.442,0.783,0.000528127
0.134,0.711,0.483,0.811,0.000799418
0.08,0.313,0.749,0.706,0.986238826
0.843,0.222,0.895,0.645,1.5902e-05
0.05,0.357,0.846,0.897,0.987452169
0.579,0.617,0.897,0.901,0.000265991
0.126,0.578,0.767,0.964,0.02676437
0.424,0.346,0.928,0.863,0.019664052
0.145,0.025,0.278,0.608,0.348920303
0.274,0.326,0.733,0.565,0.098340496
0.142,0.579,0.89,0.67,0.022232406
0.216,0.129,0.4,0.747,0.190467792
0.051,0.383,0.105,0.738,0.189925691
0.448,0.048,0.471,0.079,0.0
0.164,0.398,0.991,0.76,0.429083791
0.017,0.114,0.57,0.305,0.0
0.529,0.789,0.632,0.882,5.301e-06
0.021,0.37,0.695,0.956,0.986993913
0.192,0.017,0.402,0.523,0.28012889
0.153,0.28,0.908,0.888,0.449005642
0.4,0.073,0.876,0.976,0.026934469
0.361,0.039,0.58,0.36,0.0
0.097,0.44,0.743,0.462,0.257350528
0.466,0.031,0.765,0.959,0.011890564
0.494,0.186,0.523,0.976,0.002635816
0.321,0.744,0.981,0.958,0.000174918
0.069,0.426,0.917,0.869,0.755411252
0.187,0.366,0.307,0.809,0.312762407
0.237,0.124,0.726,0.501,0.102406977
0.648,0.213,0.684,0.493,0.000126731
0.125,0.133,0.325,0.879,0.455906468
0.438,0.031,0.721,0.364,0.0
0.26,0.723,0.777,0.796,0.000455847
0.221,0.245,0.479,0.706,0.191828104
0.297,0.551,0.524,0.571,0.004802774
0.387,0.158,0.613,0.437,0.003840484
0.699,0.052,0.843,0.479,0.000119503
0.041,0.421,0.089,0.819,0.0
0.401,0.138,0.462,0.634,0.013315928
0.19,0.611,0.376,0.777,0.006608332
0.138,0.094,0.255,0.424,0.068265696
0.494,0.326,0.642,0.519,0.00426501
0.582,0.076,0.707,0.797,0.002032517
0.326,0.649,0.831,0.936,0.001796884
0.033,0.299,0.497,0.449,0.355861606
0.116,0.728,0.653,0.816,0.000604744
0.198,0.314,0.223,0.5,0.086918789
0.232,0.194,0.682,0.969,0.175138621
0.372,0.581,0.88,0.777,0.005336683
0.338,0.144,0.732,0.905,0.055760751
0.488,0.63,0.77,0.716,0.000514153
0.124,0.38,0.769,0.416,0.0
0.071,0.33,0.837,0.4,0.0
0.792,0.228,0.814,0.445,3.855e-06
0.104,0.136,0.153,0.844,0.366150442
0.382,0.081,0.773,0.839,0.035034181
0.255,0.901,0.989,0.981,4.819e-06
0.273,0.132,0.623,0.97,0.113954933
0.549,0.415,0.708,0.951,0.003787961
0.076,0.418,0.652,0.556,0.930789362
0.05,0.591,0.275,0.924,0.010194872
0.026,0.168,0.337,0.45,0.352337708
0.434,0.137,0.695,0.773,0.016934754
0.441,0.601,0.685,0.826,0.001778573
0.494,0.42,0.677,0.969,0.00705695
0.088,0.16,0.175,0.657,0.572172919
0.443,0.642,0.483,0.991,0.000308877
0.067,0.07,0.239,0.183,0.0
0.099,0.589,0.759,0.591,0.001330918
0.019,0.499,0.347,0.783,0.226174179
0.43,0.715,0.51,0.753,6.0233e-05
0.497,0.201,0.532,0.885,0.002940838
0.358,0.514,0.382,0.578,0.002107207
0.263,0.16,0.679,0.635,0.122078738
0.548,0.639,0.822,0.867,0.000248644
0.342,0.278,0.575,0.485,0.024497183
0.529,0.687,0.899,0.756,7.999e-05
0.48,0.03,0.667,0.722,0.009419065
0.327,0.377,0.34,0.781,0.007473766
0.528,0.498,0.546,0.894,0.000629801
0.7,0.439,0.785,0.945,0.000342608
0.599,0.049,0.761,0.112,0.0
0.258,0.122,0.781,0.969,0.132701027
0.616,0.114,0.947,0.319,0.0
0.119,0.019,0.332,0.04,0.0
0.025,0.112,0.824,0.476,0.639184796
0.093,0.727,0.255,0.778,0.000140223
0.476,0.945,0.677,0.962,0.0
0.161,0.643,0.816,0.681,0.003007335
0.68,0.234,0.689,0.989,6.0715e-05
0.021,0.759,0.081,0.877,0.0
0.192,0.793,0.964,0.955,0.000131068
0.507,0.586,0.961,0.656,0.00091603
0.22,0.349,0.468,0.607,0.185771029
0.658,0.707,0.733,0.787,7.71e-06
0.488,0.346,0.813,0.657,0.008861545
0.562,0.233,0.631,0.854,0.002277306
0.042,0.359,0.528,0.71,0.980993216
0.035,0.064,0.539,0.62,0.973479937
0.402,0.167,0.687,0.449,0.005316445
0.077,0.393,0.785,0.409,0.0
0.32,0.043,0.777,0.158,0.0
0.491,0.216,0.815,0.682,0.008688554
0.028,0.228,0.046,0.366,0.0
0.33,0.028,0.821,0.851,0.060484499
0.146,0.415,0.224,0.895,0.266952703
0.164,0.416,0.231,0.835,0.251496801
0.027,0.349,0.306,0.36,0.0
0.41,0.107,0.614,0.166,0.0
0.029,0.137,0.523,0.45,0.365501366
0.826,0.552,0.844,0.894,2.409e-06
0.404,0.228,0.843,0.546,0.018049313
0.029,0.043,0.85,0.21,0.0
0.093,0.359,0.984,0.824,0.972885312
0.121,0.479,0.831,0.649,0.220661132
0.698,0.653,0.965,0.926,2.6021e-05
0.048,0.332,0.069,0.925,0.0
0.852,0.256,0.919,0.554,8.674e-06
0.312,0.213,0.768,0.999,0.073194237
0.836,0.196,0.855,0.201,0.0
0.452,0.018,0.707,0.598,0.012045725
0.187,0.143,0.994,0.329,0.0
0.38,0.649,0.515,0.951,0.000899647
0.067,0.419,0.225,0.453,0.141240202
0.701,0.072,0.782,0.812,0.000365737
0.046,0.5,0.598,0.546,0.172306686
0.008,0.46,0.152,0.677,0.263593604
0.71,0.812,0.76,0.824,0.0
0.179,0.045,0.364,0.493,0.256247533
0.707,0.672,0.831,0.768,1.0119e-05
0.357,0.609,0.61,0.666,0.002344286
0.479,0.26,0.714,0.277,0.0
0.844,0.311,0.859,0.653,7.71e-06
0.22,0.181,0.385,0.279,0.0
0.203,0.198,0.863,0.74,0.277851102
0.065,0.33,0.151,0.411,0.0
0.489,0.556,0.553,0.745,0.001342483
0.326,0.24,0.441,0.828,0.04709629
0.152,0.101,0.661,0.848,0.449989616
0.103,0.071,0.783,0.871,0.837652553
0.018,0.505,0.055,0.897,0.0
0.191,0.429,0.284,0.723,0.217666807
0.064,0.206,0.15,0.631,0.532783619
0.443,0.016,0.652,0.52,0.008677953
0.457,0.407,0.48,0.628,0.002936983
0.063,0.384,0.825,0.97,0.987444459
0.299,0.096,0.504,0.357,0.0
0.826,0.625,0.87,0.697,1.927e-06
0.026,0.194,0.413,0.687,0.963558284
0.176,0.597,0.592,0.876,0.013557826
0.498,0.216,0.815,0.297,0.0
0.429,0.801,0.439,0.869,9.64e-07
0.028,0.151,0.287,0.467,0.535456538
0.586,0.147,0.59,0.249,0.0
0.193,0.751,0.572,0.986,0.000370074
0.163,0.624,0.649,0.644,0.003046849
0.576,0.235,0.886,0.596,0.002259959
0.397,0.299,0.905,0.3,0.0
0.162,0.096,0.49,0.302,0.0
0.028,0.29,0.332,0.511,0.771469489
0.283,0.605,0.539,0.784,0.005923116
0.493,0.331,0.546,0.407,0.0
0.965,0.042,0.981,0.272,0.0
0.046,0.458,0.761,0.769,0.520951361
0.459,0.362,0.719,0.619,0.011652521
0.821,0.121,0.907,0.421,7.71e-06
0.103,0.049,0.309,0.643,0.758996829
0.4,0.731,0.668,0.927,0.000135405
0.149,0.265,0.678,0.948,0.455490616
0.222,0.249,0.806,0.349,0.0
0.175,0.741,0.85,0.747,6.7943e-05
0.046,0.341,0.678,0.733,0.986257137
0.69,0.151,0.917,0.415,0.0
0.192,0.626,0.578,0.778,0.006180433
0.496,0.005,0.694,0.666,0.007629891
0.136,0.736,0.306,0.857,0.000331525
0.075,0.816,0.357,0.825,7.71e-06
0.412,0.145,0.424,0.433,0.00036381
0.651,0.217,0.696,0.447,5.2524e-05
0.084,0.112,0.996,0.539,0.90502824
0.301,0.22,0.599,0.942,0.081192757
0.201,0.416,0.286,0.518,0.156474927
0.444,0.599,0.926,0.802,0.001884102
0.152,0.712,0.747,0.925,0.000937232
0.437,0.303,0.533,0.415,0.0
0.565,0.265,0.925,0.341,0.0
0.249,0.025,0.519,0.774,0.138840019
0.204,0.159,0.306,0.325,0.0
0.269,0.587,0.64,0.665,0.008580616
0.587,0.868,0.841,0.87,0.0
0.051,0.278,0.992,0.606,0.974163707
0.175,0.705,0.512,0.847,0.000973372
0.186,0.116,0.393,0.993,0.364108287
0.236,0.315,0.494,0.901,0.159026415
0.254,0.35,0.512,0.667,0.129565996
0.364,0.134,0.62,0.344,0.0
0.529,0.05,0.665,0.75,0.004744468
0.135,0.032,0.441,0.567,0.439609225
0.534,0.114,0.793,0.905,0.005094304
0.137,0.125,0.948,0.784,0.48085227
0.715,0.593,0.788,0.765,5.156e-05
0.173,0.716,0.503,0.72,7.0835e-05
0.406,0.708,0.639,0.986,0.000217322
0.186,0.298,0.279,0.404,0.0
0.837,0.09,0.963,0.959,2.7466e-05
0.366,0.453,0.982,0.907,0.031152738
0.796,0.014,0.839,0.632,2.7466e-05
0.233,0.491,0.411,0.664,0.061333067
0.051,0.082,0.415,0.971,0.965526231
0.193,0.085,0.51,0.262,0.0
0.246,0.038,0.774,0.263,0.0
0.572,0.261,0.996,0.749,0.002883014
0.085,0.224,0.917,0.998,0.987477226
0.244,0.167,0.535,0.965,0.148247038
0.156,0.387,0.441,0.527,0.360610892
0.363,0.893,0.887,0.928,2.891e-06
0.007,0.004,0.175,0.707,0.572338682
0.156,0.359,0.377,0.714,0.405268451
0.367,0.826,0.861,0.884,1.301e-05
0.52,0.517,0.95,0.812,0.002865666
0.742,0.679,0.871,0.898,7.228e-06
0.219,0.066,0.858,0.855,0.208655883
0.527,0.516,0.657,0.901,0.002224783
0.441,0.28,0.468,0.311,0.0
0.119,0.254,0.306,0.556,0.442007961
0.087,0.073,0.684,0.528,0.881795477
0.33,0.218,0.814,0.72,0.060200679
0.418,0.14,0.836,0.762,0.021078815
0.325,0.203,0.689,0.839,0.06328704
0.158,0.327,0.895,0.41,0.0
0.111,0.468,0.696,0.835,0.328185542
0.061,0.378,0.925,0.989,0.987477708
0.886,0.103,0.891,0.423,0.0
0.238,0.758,0.246,0.823,5.782e-06
0.679,0.647,0.702,0.77,1.1565e-05
0.39,0.008,0.821,0.682,0.030696409
0.383,0.864,0.691,0.981,4.337e-06
0.597,0.587,0.757,0.881,0.000344535
0.878,0.061,0.957,0.32,0.0
0.907,0.638,0.923,0.666,0.0
0.11,0.041,0.91,0.42,0.112213945
0.195,0.033,0.687,0.968,0.339411129
0.107,0.569,0.227,0.679,0.015577815
0.245,0.188,0.263,0.907,0.025005072
0.415,0.212,0.886,0.467,0.006925883
0.029,0.325,0.779,0.537,0.900948267
0.24,0.847,0.652,0.995,2.843e-05
0.356,0.283,0.832,0.942,0.047345898
0.28,0.038,0.402,0.068,0.0
0.161,0.421,0.759,0.708,0.349569379
0.404,0.272,0.775,0.851,0.02544598
0.805,0.096,0.873,0.8,3.4213e-05
0.497,0.152,0.737,0.494,0.003349461
0.241,0.342,0.824,0.5,0.096894894
0.112,0.309,0.253,0.993,0.510410508
0.114,0.051,0.737,0.392,0.0
0.237,0.623,0.92,0.767,0.005861919
0.604,0.298,0.982,0.69,0.001676899
0.976,0.437,0.99,0.932,0.0
0.254,0.037,0.275,0.101,0.0
0.267,0.37,0.584,0.937,0.11974939
0.683,0.229,0.819,0.249,0.0
0.509,0.635,0.612,0.666,0.000154679
0.006,0.089,0.888,0.861,0.987452169
0.616,0.499,0.754,0.94,0.000774843
0.023,0.007,0.838,0.267,0.0
0.781,0.163,0.892,0.472,2.1202e-05
0.872,0.771,0.994,0.853,9.64e-07
0.089,0.534,0.709,0.604,0.076610678
0.293,0.59,0.458,0.912,0.00641173
0.13,0.189,0.98,0.357,0.0
0.152,0.382,0.401,0.613,0.415855563
0.001,0.444,0.472,0.741,0.674136578
0.74,0.536,0.956,0.568,2.7466e-05
0.196,0.299,0.559,0.69,0.327040625
0.59,0.62,0.725,0.774,0.000179737
0.51,0.321,0.989,0.859,0.006966359
0.75,0.13,0.953,0.242,0.0
0.44,0.432,0.795,0.531,0.008381123
0.651,0.094,0.728,0.771,0.000626428
0.028,0.861,0.217,0.878,4.82e-07
0.723,0.196,0.929,0.854,0.000297794
0.639,0.089,0.648,0.737,0.000107456
0.93,0.35,0.95,0.946,9.64e-07
0.087,0.063,0.929,0.635,0.981031765
0.518,0.207,0.928,0.544,0.00422116
0.721,0.274,0.832,0.506,0.000118058
0.57,0.156,0.844,0.977,0.002969268
0.141,0.409,0.763,0.46,0.221949646
0.075,0.573,0.202,0.94,0.010645418
0.093,0.487,0.508,0.814,0.297412034
0.071,0.314,0.324,0.781,0.922863604
0.342,0.555,0.391,0.628,0.002750982
0.238,0.042,0.866,0.627,0.158325298
0.363,0.294,0.926,0.373,0.0
0.171,0.483,0.549,0.807,0.152514457
0.275,0.365,0.942,0.571,0.098975116
0.232,0.622,0.825,0.957,0.006363543
0.471,0.347,0.984,0.93,0.01131425
0.26,0.623,0.735,0.689,0.004138761
0.308,0.132,0.741,0.794,0.076473828
0.44,0.073,0.858,0.213,0.0
0.064,0.588,0.879,0.792,0.021123628
0.449,0.014,0.739,0.605,0.012833097
0.068,0.057,0.278,0.242,0.0
0.097,0.676,0.949,0.682,0.000286229
0.34,0.06,0.443,0.78,0.039328585
0.126,0.243,0.198,0.393,0.0
0.097,0.633,0.889,0.933,0.006726871
0.958,0.306,0.987,0.85,9.64e-07
0.373,0.017,0.419,0.549,0.015471804
0.161,0.792,0.783,0.85,0.000106975
0.296,0.482,0.367,0.535,0.012449049
0.176,0.179,0.876,0.82,0.413776786
0.589,0.156,0.942,0.748,0.002199244
0.62,0.346,0.642,0.499,0.000138296
0.225,0.218,0.58,0.879,0.189833654
0.537,0.345,0.636,0.733,0.003881925
0.117,0.75,0.732,0.909,0.000419707
0.108,0.885,0.484,0.997,7.228e-06
0.249,0.432,0.664,0.524,0.083135647
0.174,0.125,0.402,0.79,0.389924342
0.485,0.869,0.561,0.876,0.0
0.567,0.731,0.922,0.852,1.8311e-05
0.306,0.628,0.362,0.937,0.001162265
0.051,0.134,0.559,0.883,0.983872856
0.259,0.151,0.491,0.55,0.102043649
0.701,0.208,0.905,0.559,0.000292975
0.099,0.116,0.479,0.138,0.0
0.508,0.39,0.664,0.471,0.00197373
0.081,0.508,0.224,0.776,0.131175434
0.339,0.21,0.585,0.637,0.051191201
0.586,0.009,0.644,0.81,0.001347784
0.287,0.147,0.378,0.866,0.060658453
0.508,0.179,0.976,0.528,0.004248144
0.43,0.13,0.839,0.708,0.018059433
0.205,0.061,0.793,0.277,0.0
0.245,0.087,0.423,0.336,0.0
0.334,0.186,0.684,0.336,0.0
0.42,0.079,0.566,0.261,0.0
0.77,0.02,0.781,0.086,0.0
0.236,0.378,0.677,0.383,0.0
0.431,0.151,0.9,0.378,0.0
0.017,0.158,0.953,0.291,0.0
0.395,0.089,0.93,0.141,0.0
0.055,0.379,0.378,0.954,0.95029006
0.455,0.044,0.697,0.969,0.013189679
0.116,0.193,0.94,0.865,0.59073494
0.549,0.482,0.939,0.974,0.002766402
0.69,0.373,0.892,0.839,0.000509816
0.896,0.023,0.932,0.507,9.64e-07
0.363,0.126,0.721,0.174,0.0
0.511,0.908,0.714,0.962,0.0
0.228,0.121,0.4,0.759,0.158031841
0.774,0.156,0.926,0.343,0.0
0.318,0.235,0.504,0.559,0.050578265
0.355,0.079,0.482,0.205,0.0
0.036,0.242,0.548,0.5,0.740648276
0.628,0.536,0.987,0.747,0.000502106
0.427,0.096,0.97,0.582,0.015662141
0.464,0.26,0.746,0.386,0.0
0.2,0.208,0.947,0.694,0.298526112
0.223,0.007,0.413,0.097,0.0
0.013,0.184,0.522,0.544,0.908681278
0.103,0.608,0.741,0.912,0.012756962
0.055,0.811,0.089,0.968,0.0
0.264,0.587,0.592,0.813,0.010548081
0.381,0.043,0.679,0.396,0.0
0.732,0.542,0.855,0.594,5.0596e-05
0.453,0.081,0.859,0.591,0.011993684
0.22,0.422,0.967,0.484,0.077621155
0.3,0.531,0.85,0.852,0.022848232
0.899,0.255,0.993,0.338,0.0
0.931,0.343,0.953,0.928,1.446e-06
0.691,0.208,0.732,0.94,0.000262136
0.726,0.211,0.954,0.993,0.000278519
0.186,0.59,0.785,0.714,0.014433861
0.236,0.589,0.439,0.84,0.010460863
0.028,0.196,0.449,0.953,0.972892058
0.378,0.505,0.962,0.754,0.016279896
0.554,0.151,0.786,0.473,0.001125643
0.468,0.522,0.869,0.678,0.004639421
0.02,0.004,0.129,0.663,0.483008627
0.151,0.4,0.793,0.605,0.439532126
0.742,0.066,0.819,0.99,0.000139742
0.281,0.364,0.346,0.715,0.052885447
0.754,0.1,0.96,0.865,0.000131068
0.238,0.62,0.563,0.668,0.00427802
0.58,0.7,0.808,0.821,3.4694e-05
0.067,0.834,0.97,0.938,4.7705e-05
0.355,0.059,0.374,0.546,0.006988525
0.58,0.172,0.612,0.925,0.001031197
0.524,0.639,0.966,0.918,0.000332007
0.511,0.66,0.969,0.901,0.000246234
0.044,0.174,0.543,0.893,0.982911049
0.302,0.087,0.878,0.663,0.080661257
0.185,0.133,0.789,0.648,0.392828558
0.396,0.063,0.982,0.54,0.01969971
0.102,0.044,0.643,0.123,0.0
0.321,0.038,0.788,0.302,0.0
0.238,0.158,0.531,0.436,0.025235886
0.183,0.524,0.942,0.634,0.05924369
0.498,0.065,0.84,0.428,0.000875553
0.825,0.32,0.962,0.99,3.5176e-05
0.652,0.272,0.656,0.357,0.0
0.402,0.442,0.897,0.776,0.022027612
0.412,0.08,0.585,0.624,0.019045334
0.41,0.101,0.423,0.112,0.0
0.143,0.489,0.349,0.729,0.14177122
0.193,0.173,0.3,0.209,0.0
0.643,0.024,0.702,0.898,0.000542583
0.455,0.352,0.963,0.684,0.013404592
0.616,0.601,0.733,0.925,0.000179737
0.17,0.361,0.738,0.777,0.420592321
0.774,0.292,0.996,0.782,9.0109e-05
0.095,0.359,0.408,0.751,0.936245066
0.408,0.473,0.801,0.532,0.007187537
0.05,0.415,0.061,0.541,0.0
0.182,0.26,0.523,0.908,0.398472191
0.079,0.311,0.149,0.475,0.370689153
0.327,0.096,0.475,0.109,0.0
0.104,0.126,0.418,0.405,0.0
0.582,0.28,0.875,0.912,0.002430058
0.222,0.39,0.794,0.897,0.200083459
0.019,0.055,0.378,0.781,0.950156101
0.331,0.338,0.922,0.44,0.009552061
0.265,0.251,0.986,0.37,0.0
0.435,0.234,0.98,0.568,0.013490846
0.757,0.254,0.931,0.544,6.7943e-05
0.679,0.388,0.74,0.899,0.000401878
0.219,0.054,0.915,0.81,0.208619261
0.029,0.021,0.783,0.443,0.294756944
0.349,0.034,0.81,0.965,0.05053827
0.446,0.208,0.725,0.284,0.0
0.205,0.268,0.423,0.568,0.226165023
0.127,0.108,0.36,0.234,0.0
0.441,0.017,0.599,0.172,0.0
0.448,0.149,0.752,0.886,0.014607815
0.422,0.559,0.955,0.761,0.004924205
0.767,0.032,1.0,0.336,0.0
0.421,0.815,0.93,0.882,1.4938e-05
0.448,0.733,0.674,0.813,7.4208e-05
0.041,0.356,0.998,0.86,0.987457951
0.83,0.107,0.99,0.876,3.3731e-05
0.369,0.308,0.689,0.512,0.025180953
0.331,0.723,0.876,0.755,0.000155161
0.307,0.183,0.497,0.906,0.069304602
0.053,0.315,0.54,0.975,0.982708664
0.06,0.426,0.579,0.943,0.753106962
0.366,0.177,0.517,0.354,0.0
0.085,0.459,0.406,0.921,0.49270332
0.728,0.015,0.809,0.275,0.0
0.144,0.577,0.741,0.947,0.025544763
0.83,0.52,0.96,0.96,1.6865e-05
0.626,0.351,0.742,0.961,0.001044689
0.493,0.468,0.848,0.996,0.006089842
0.547,0.324,0.569,0.381,0.0
0.309,0.027,0.453,0.407,0.0
0.149,0.528,0.822,0.8,0.074168092
0.404,0.767,0.661,0.85,5.3005e-05
0.628,0.167,0.961,0.772,0.001188285
0.372,0.133,0.672,0.76,0.039455316
0.647,0.38,0.784,0.461,0.000184073
0.506,0.078,0.764,0.47,0.002160694
0.534,0.544,0.544,0.721,0.000190338
0.058,0.032,0.155,0.371,0.0
0.25,0.395,0.47,0.734,0.131919438
0.573,0.051,0.816,0.794,0.002804469
0.06,0.379,0.67,0.973,0.986809839
0.056,0.268,0.168,0.84,0.563869859
0.535,0.847,0.599,0.865,4.82e-07
0.04,0.482,0.705,0.966,0.320466987
0.449,0.356,0.645,0.938,0.013625287
0.679,0.011,0.986,0.026,0.0
0.017,0.461,0.992,0.881,0.489711887
0.232,0.687,0.536,0.76,0.001038906
0.498,0.088,0.639,0.164,0.0
0.365,0.482,0.588,0.953,0.022480086
0.47,0.21,0.621,0.652,0.009710595
0.785,0.657,0.828,0.669,4.82e-07
0.56,0.037,0.69,0.342,0.0
0.119,0.778,0.474,0.895,0.00017299
0.186,0.384,0.38,0.881,0.357808833
0.239,0.301,0.491,0.623,0.147813357
0.683,0.651,0.893,0.929,3.6622e-05
0.333,0.048,0.361,0.731,0.013649381
0.104,0.592,0.396,0.929,0.015471804
0.758,0.693,0.962,0.98,6.264e-06
0.509,0.518,0.986,0.708,0.003122502
0.414,0.142,0.513,0.724,0.015421208
0.839,0.421,0.987,0.768,1.9757e-05
0.211,0.889,0.518,0.972,6.746e-06
0.035,0.464,0.512,0.477,0.109080842
0.085,0.526,0.27,0.949,0.078851363
0.72,0.02,0.816,0.401,0.0
0.433,0.288,0.528,0.748,0.01205729
0.021,0.408,0.85,0.834,0.987411692
0.697,0.372,0.705,0.733,4.915e-05
0.138,0.346,0.965,0.609,0.466449248
0.726,0.192,0.796,0.78,0.000217804
0.816,0.467,0.902,0.555,6.746e-06
0.103,0.52,0.951,0.954,0.130300844
0.159,0.81,0.225,0.82,3.855e-06
0.62,0.558,0.67,0.763,0.000193711
0.61,0.467,0.69,0.557,0.000461629
0.492,0.162,0.622,0.481,0.002695567
0.234,0.859,0.935,0.961,1.9275e-05
0.27,0.632,0.328,0.966,0.001394525
0.109,0.133,0.924,0.477,0.408262294
0.061,0.325,0.532,0.433,0.231488696
0.228,0.531,0.896,0.819,0.041963919
0.198,0.048,0.536,0.477,0.16673196
0.055,0.321,0.724,0.653,0.983256066
0.082,0.272,0.242,0.626,0.828119767
0.271,0.153,0.857,0.755,0.117386794
0.535,0.38,0.902,0.438,0.000558003
0.479,0.047,0.549,0.848,0.006117791
0.654,0.383,0.912,0.685,0.000824475
0.668,0.346,0.804,0.981,0.000636065
0.359,0.75,0.733,0.907,0.000111793
0.453,0.126,0.686,0.289,0.0
0.007,0.238,0.831,0.909,0.987441568
0.191,0.081,0.446,0.586,0.338475342
0.624,0.814,0.85,0.842,0.0
0.602,0.683,0.925,0.733,3.4694e-05
0.117,0.005,0.854,0.009,0.0
0.148,0.121,0.498,0.73,0.449148757
0.031,0.209,0.042,0.356,0.0
0.547,0.683,0.816,0.701,3.084e-05
0.52,0.395,0.863,0.625,0.005679773
0.337,0.216,0.93,0.341,0.0
0.702,0.194,0.883,0.486,0.000131068
0.095,0.359,0.219,0.764,0.75198662
0.157,0.27,0.571,0.972,0.438915817
0.048,0.202,0.305,0.894,0.90816327
0.746,0.383,0.807,0.426,8.674e-06
0.502,0.387,0.885,0.968,0.007738311
0.499,0.134,0.761,0.193,0.0
0.375,0.425,0.503,0.676,0.026451638
0.147,0.215,0.837,0.57,0.430243165
0.626,0.057,0.824,0.521,0.000607153
0.149,0.038,0.504,0.73,0.447946497
0.557,0.022,0.653,0.135,0.0
0.438,0.386,0.936,0.929,0.016644188
0.288,0.561,0.397,0.64,0.007189464
0.44,0.186,0.655,0.651,0.014746111
0.728,0.197,0.786,0.534,0.000102638
0.352,0.18,0.875,0.495,0.025865205
0.232,0.32,0.275,0.48,0.033127913
0.121,0.214,0.423,0.828,0.523292755
0.031,0.49,0.782,0.742,0.289766723
0.965,0.289,0.981,0.559,0.0
0.474,0.296,0.803,0.398,0.0
0.44,0.088,0.499,0.801,0.008203795
0.312,0.226,0.388,0.862,0.04113077
0.068,0.16,0.762,0.804,0.987263277
0.445,0.595,0.869,0.692,0.001756889
0.277,0.198,0.407,0.356,0.0
0.086,0.001,0.411,0.767,0.96412496
0.802,0.305,0.975,0.673,4.6741e-05
0.633,0.512,0.744,0.947,0.000507407
0.87,0.636,0.967,0.674,0.0
0.443,0.12,0.911,0.359,0.0
0.24,0.046,0.596,0.958,0.158287713
0.224,0.028,0.407,0.734,0.170100214
0.06,0.335,0.625,0.621,0.977219711
0.397,0.717,0.994,0.909,0.000211058
0.147,0.91,0.483,0.945,3.855e-06
0.818,0.037,0.871,0.92,2.4093e-05
0.697,0.041,0.878,0.882,0.000461147
0.242,0.052,0.294,0.143,0.0
0.359,0.231,0.622,0.897,0.044725984
0.651,0.075,0.942,0.502,0.000359955
0.588,0.118,0.674,0.593,0.001344892
0.151,0.004,0.784,0.517,0.361844473
0.45,0.667,0.958,0.895,0.000411033
0.589,0.343,0.767,0.642,0.001969393
0.073,0.006,0.35,0.185,0.0
0.029,0.814,0.477,0.911,6.7943e-05
0.587,0.142,0.64,0.541,0.000773397
0.099,0.069,0.38,0.691,0.889269725
0.423,0.506,0.805,0.539,0.003123947
0.018,0.402,0.731,0.835,0.987185696
0.7,0.496,0.716,0.976,6.1679e-05
0.304,0.743,0.895,0.995,0.000210576
0.337,0.223,0.577,0.307,0.0
0.116,0.326,0.869,0.638,0.584855192
0.533,0.131,0.572,0.409,0.0
0.16,0.07,0.926,0.742,0.435911855
0.137,0.37,0.309,0.672,0.403808392
0.199,0.413,0.546,0.927,0.302772329
0.336,0.262,0.886,0.437,0.007912747
0.105,0.179,0.972,0.478,0.474371151
0.19,0.16,0.668,0.416,0.0
0.357,0.397,0.765,0.937,0.046803315
0.507,0.459,0.946,0.553,0.003350907
0.954,0.299,0.961,0.649,0.0
0.157,0.313,0.771,0.896,0.441761245
0.944,0.085,0.969,0.907,1.446e-06
0.017,0.443,0.284,0.688,0.611323695
0.647,0.526,0.959,0.726,0.00042308
0.286,0.714,0.577,0.82,0.000434163
0.131,0.325,0.441,0.9,0.48169602
0.562,0.638,0.983,0.805,0.000221659
0.417,0.165,0.817,0.738,0.021265297
0.179,0.449,0.999,0.577,0.242043041
0.085,0.368,0.3,0.422,0.21992773
0.479,0.045,0.783,0.839,0.010227639
0.663,0.001,0.73,0.349,0.0
0.699,0.397,0.715,0.822,0.00010071
0.333,0.105,0.448,0.214,0.0
0.176,0.062,0.266,0.153,0.0
0.222,0.334,0.723,0.929,0.199852163
0.007,0.429,0.763,0.551,0.691086751
0.417,0.707,0.681,0.809,0.000186483
0.468,0.138,0.659,0.606,0.009805041
0.438,0.131,0.549,0.426,0.001530411
0.36,0.414,0.903,0.612,0.042504574
0.498,0.118,0.639,0.445,0.001156964
0.118,0.293,0.529,0.954,0.560572439
0.017,0.332,0.108,0.963,0.247626923
0.177,0.415,0.431,0.497,0.280291761
0.261,0.682,0.431,0.744,0.000733402
0.411,0.24,0.557,0.498,0.009470625
0.427,0.174,0.744,0.271,0.0
0.045,0.09,0.799,0.824,0.987360614
0.096,0.28,0.49,0.385,0.0
0.311,0.493,0.595,0.949,0.034008285
0.718,0.639,0.806,0.991,2.2166e-05
0.447,0.281,0.814,0.311,0.0
0.745,0.092,0.836,0.19,0.0
0.006,0.176,0.363,0.647,0.940060976
0.616,0.56,0.64,0.723,0.000119021
0.286,0.149,0.549,0.481,0.045990886
0.52,0.311,0.531,0.332,0.0
0.301,0.85,0.549,0.967,1.4456e-05
0.234,0.085,0.844,0.605,0.16229155
0.653,0.254,0.737,0.287,0.0
0.282,0.817,0.826,0.962,4.5296e-05
0.641,0.38,0.951,0.945,0.001006139
0.103,0.281,0.198,0.719,0.52281667
0.05,0.439,0.265,0.808,0.634756433
0.029,0.184,0.374,0.806,0.948188154
0.018,0.246,0.359,0.613,0.933212192
0.249,0.081,0.332,0.681,0.085172019
0.208,0.012,0.3,0.013,0.0
0.389,0.238,0.523,0.664,0.02517228
0.343,0.381,0.495,0.615,0.042449641
0.404,0.308,0.77,0.431,0.003024683
0.081,0.384,0.542,0.891,0.982842623
0.457,0.585,0.937,0.86,0.00211058
0.342,0.174,0.565,0.961,0.050736318
0.324,0.338,0.677,0.826,0.063872028
0.287,0.585,0.759,0.612,0.004198512
0.783,0.082,0.948,0.13,0.0
0.357,0.214,0.886,0.777,0.046853911
0.673,0.416,0.689,0.463,2.7948e-05
0.198,0.282,0.777,0.862,0.314719753
0.144,0.339,0.892,0.397,0.0
0.034,0.275,0.451,0.743,0.972773037
0.328,0.008,0.92,0.657,0.060323073
0.461,0.535,0.638,0.853,0.004024076
0.218,0.332,0.34,0.566,0.142261279
0.309,0.427,0.847,0.717,0.064761555
0.032,0.554,0.189,0.99,0.023426474
0.324,0.11,0.52,0.671,0.057507039
0.454,0.824,0.78,0.895,6.264e-06
0.147,0.362,0.838,0.995,0.46002258
0.025,0.222,0.411,0.474,0.621700231
0.181,0.716,0.929,0.779,0.000658231
0.359,0.301,0.925,0.358,0.0
0.239,0.106,0.333,0.406,0.0
0.12,0.371,0.382,0.652,0.511370388
0.207,0.457,0.378,0.909,0.133593445
0.231,0.201,0.6,0.676,0.174398473
0.209,0.04,0.258,0.453,0.039130537
0.245,0.125,0.377,0.623,0.110301895
0.053,0.5,0.494,0.705,0.239266039
0.373,0.503,0.828,0.756,0.017406984
0.037,0.432,0.815,0.881,0.755389086
0.122,0.416,0.207,0.71,0.2818241
0.545,0.194,0.674,0.62,0.003522934
0.616,0.381,0.88,0.661,0.001335737
0.531,0.104,0.918,0.477,0.001765081
0.149,0.573,0.77,0.99,0.027868811
0.664,0.222,0.674,0.307,0.0
0.465,0.563,0.758,0.677,0.002573173
0.006,0.349,0.346,0.97,0.93550299
0.29,0.36,0.72,0.852,0.094066331
0.025,0.514,0.608,0.894,0.159031716
0.36,0.173,0.556,0.833,0.041807312
0.284,0.051,0.659,0.527,0.073351326
0.016,0.482,0.671,0.807,0.32020967
0.502,0.227,0.823,0.585,0.00643245
0.579,0.491,0.767,0.66,0.001506318
0.067,0.072,0.138,0.368,0.0
0.065,0.043,0.369,0.115,0.0
0.022,0.265,0.535,0.952,0.982373766
0.418,0.324,0.849,0.697,0.020883658
0.34,0.128,0.667,0.432,0.007585559
0.872,0.053,0.995,0.744,1.3974e-05
0.076,0.633,0.355,0.794,0.004559913
0.01,0.136,0.635,0.588,0.965343121
0.376,0.201,0.85,0.599,0.034634713
0.591,0.277,0.898,0.296,0.0
0.11,0.173,0.133,0.411,0.0
0.716,0.55,0.95,0.751,0.000134923
0.379,0.246,0.906,0.943,0.036699034
0.413,0.168,0.447,0.407,0.0
0.576,0.213,0.975,0.904,0.002696049
0.057,0.385,0.476,0.426,0.230837211
0.086,0.619,0.196,0.93,0.002003605
0.154,0.385,0.198,0.508,0.110358273
0.491,0.513,0.999,0.541,0.001189731
0.594,0.007,0.784,0.61,0.001705329
0.414,0.435,0.422,0.848,0.001832542
0.17,0.634,0.661,0.924,0.006006961
0.464,0.039,0.47,0.759,0.000825921
0.131,0.05,0.669,0.884,0.49707145
0.771,0.064,0.84,0.561,4.0959e-05
0.106,0.421,0.637,0.624,0.648179818
0.279,0.32,0.781,0.642,0.104555142
0.581,0.518,0.585,0.722,6.0233e-05
0.201,0.089,0.241,0.153,0.0
0.264,0.075,0.932,0.631,0.121218123
0.178,0.223,0.539,0.935,0.406578167
0.626,0.321,0.626,0.536,0.0
0.173,0.149,0.845,0.402,0.0
0.225,0.108,0.555,0.999,0.188548514
0.444,0.39,0.868,0.396,0.0
0.888,0.046,0.974,0.403,0.0
0.857,0.511,0.865,0.861,9.64e-07
0.0,0.193,0.298,0.829,0.90148314
0.471,0.001,0.609,0.471,0.003165388
0.08,0.498,0.649,0.514,0.093826361
0.181,0.214,0.342,0.398,0.0
0.544,0.302,0.822,0.928,0.004473177
0.425,0.35,0.903,0.577,0.015760924
0.514,0.034,0.642,0.514,0.00298276
0.738,0.28,0.797,0.948,0.000143597
0.274,0.751,0.733,0.964,0.000256835
0.042,0.187,0.564,0.711,0.983230527
0.459,0.309,0.946,0.78,0.012983922
0.367,0.049,0.672,0.766,0.041785146
0.4,0.547,0.693,0.582,0.003320549
0.049,0.243,0.563,0.871,0.984095961
0.423,0.535,0.558,0.654,0.004865417
0.589,0.246,0.905,0.254,0.0
0.24,0.392,0.92,0.865,0.160227711
0.113,0.789,0.4,0.848,8.7218e-05
0.407,0.211,0.961,0.35,0.0
0.431,0.397,0.851,0.523,0.010750465
0.179,0.2,0.527,0.526,0.342860819
0.809,0.609,0.831,0.737,5.301e-06
0.607,0.577,0.682,0.789,0.00023226
0.297,0.071,0.506,0.835,0.079554407
0.876,0.132,0.938,0.161,0.0
0.449,0.087,0.76,0.562,0.011044405
0.66,0.277,0.884,0.553,0.000494878
0.136,0.486,0.541,0.997,0.178748773
0.003,0.823,0.858,0.941,6.3607e-05
0.005,0.487,0.354,0.988,0.276796776
0.276,0.212,0.608,0.553,0.091210784
0.486,0.721,0.797,0.762,4.2886e-05
0.035,0.088,0.087,0.284,0.0
0.491,0.422,0.681,0.814,0.007374983
0.242,0.145,0.635,0.237,0.0
0.194,0.581,0.754,0.938,0.018298439
0.145,0.434,0.493,0.57,0.340276081
0.086,0.408,0.784,0.582,0.962668756
0.701,0.037,0.901,0.324,0.0
0.013,0.168,0.471,0.436,0.230747584
0.053,0.094,0.167,0.267,0.0
0.593,0.534,0.937,0.7,0.000837968
0.479,0.06,0.841,0.611,0.009297635
0.502,0.165,0.943,0.973,0.00774313
0.513,0.014,0.877,0.714,0.006630016
0.554,0.885,0.796,0.924,0.0
0.658,0.444,0.854,0.649,0.000643293
0.116,0.166,0.778,0.929,0.590669887
0.33,0.149,0.738,0.442,0.010956705
0.128,0.616,0.705,0.711,0.009337148
0.133,0.13,0.753,0.301,0.0
0.114,0.139,0.994,0.764,0.621711314
0.888,0.237,0.978,0.494,1.446e-06
0.19,0.1,0.762,0.608,0.363765198
0.575,0.247,0.872,0.51,0.001252374
0.735,0.588,0.944,0.608,1.4938e-05
0.17,0.072,0.827,0.881,0.42094553
0.585,0.625,0.705,0.75,0.000161426
0.018,0.569,0.156,0.781,0.006869504
0.157,0.548,0.713,0.96,0.049578872
0.344,0.456,0.384,0.619,0.011307986
0.074,0.364,0.78,0.482,0.666687387
0.016,0.604,0.913,0.96,0.014157751
0.37,0.105,0.97,0.216,0.0
0.182,0.016,0.232,0.184,0.0
0.185,0.384,0.475,0.514,0.311978408
0.171,0.267,0.839,0.566,0.390745926
0.56,0.479,0.819,0.721,0.002391509
0.976,0.149,0.994,0.844,0.0
0.202,0.297,0.236,0.427,0.017558772
0.504,0.268,0.882,0.274,0.0
0.181,0.038,0.606,0.24,0.0
0.011,0.762,0.985,0.921,0.000294903
0.226,0.158,0.981,0.859,0.18990208
0.119,0.763,0.296,0.842,0.000124322
0.458,0.427,0.943,0.883,0.01160048
0.879,0.044,0.919,0.985,8.192e-06
0.145,0.182,0.578,0.41,0.0
0.267,0.455,0.997,0.608,0.074723203
0.172,0.045,0.841,0.767,0.418369948
0.364,0.233,0.674,0.36,0.0
0.172,0.601,0.664,0.906,0.012870201
0.665,0.725,0.89,0.842,7.71e-06
0.134,0.536,0.556,0.905,0.067068737
0.32,0.648,0.489,0.686,0.00095458
0.038,0.164,0.793,0.265,0.0
0.268,0.428,0.985,0.482,0.042096432
0.065,0.264,0.288,0.578,0.874177633
0.273,0.681,0.457,0.731,0.000622091
0.642,0.031,0.944,0.437,8.2399e-05
0.138,0.314,0.65,0.953,0.477703265
0.215,0.232,0.226,0.725,0.031005287
0.258,0.007,0.909,0.115,0.0
0.058,0.184,0.058,0.64,0.0
0.32,0.07,0.429,0.473,0.021248432
0.188,0.232,0.432,0.687,0.366610144
0.462,0.275,0.88,0.866,0.012539158
0.264,0.181,0.924,0.867,0.125487951
0.022,0.183,0.721,0.591,0.967755832
0.001,0.434,0.382,0.457,0.218175177
0.544,0.168,0.966,0.999,0.004509799
0.047,0.656,0.855,0.775,0.003461737
0.433,0.088,0.503,0.958,0.010012244
0.468,0.658,0.689,0.988,0.000400432
0.055,0.624,0.265,0.97,0.003599551
0.229,0.102,0.418,0.82,0.161569713
0.556,0.518,0.717,0.523,7.5171e-05
0.606,0.143,0.824,0.818,0.00162293
0.029,0.296,0.557,0.49,0.695794597
0.796,0.729,0.819,0.803,0.0
0.382,0.622,0.54,0.921,0.001740988
0.053,0.211,0.326,0.861,0.924295233
0.227,0.965,0.351,0.966,0.0
0.112,0.89,0.451,0.903,1.927e-06
0.278,0.279,0.415,0.47,0.039532415
0.281,0.064,0.982,0.36,0.0
0.752,0.148,0.788,0.474,1.9275e-05
0.158,0.781,0.72,0.991,0.000173472
0.104,0.223,0.726,0.546,0.742783913
0.514,0.426,0.975,0.829,0.005917334
0.724,0.178,0.881,0.697,0.000273219
0.192,0.539,0.932,0.839,0.048499007
0.28,0.668,0.328,0.92,0.00047464
0.369,0.418,0.441,0.992,0.025531271
0.265,0.032,0.793,0.544,0.099940297
0.442,0.585,0.63,0.775,0.002267187
0.42,0.479,0.802,0.671,0.012439893
0.452,0.256,0.642,0.661,0.012686127
0.154,0.163,0.815,0.388,0.0
0.912,0.179,0.986,0.41,0.0
0.381,0.699,0.587,0.982,0.000295867
0.94,0.471,0.981,0.892,1.446e-06
0.505,0.134,0.538,0.818,0.002536551
0.455,0.189,0.97,0.564,0.010510977
0.546,0.298,0.692,0.648,0.003713271
0.257,0.674,0.995,0.803,0.001538121
0.624,0.782,0.665,0.926,9.64e-07
0.331,0.394,0.953,0.916,0.059926496
0.398,0.503,0.707,0.868,0.013303882
0.183,0.211,0.349,0.265,0.0
0.695,0.143,0.791,0.609,0.000357064
0.494,0.05,0.921,0.15,0.0
0.66,0.015,0.814,0.814,0.000737257
0.225,0.584,0.665,0.892,0.015265083
0.047,0.438,0.734,0.569,0.709257495
0.707,0.655,0.901,0.674,7.228e-06
0.536,0.073,0.853,0.198,0.0
0.025,0.43,0.275,0.491,0.423533641
0.208,0.77,0.481,0.852,0.000155161
0.331,0.221,0.805,0.916,0.059878309
0.067,0.03,0.653,0.9,0.986605527
0.284,0.41,0.596,0.515,0.067440739
0.44,0.657,0.784,0.807,0.000582096
0.264,0.032,0.768,0.887,0.125398324
0.497,0.285,0.817,0.454,0.001790138
0.13,0.317,0.884,0.867,0.500951929
0.25,0.126,0.318,0.707,0.074677908
0.102,0.259,0.436,0.717,0.841761438
0.149,0.173,0.603,0.216,0.0
0.061,0.53,0.619,0.668,0.096240036
0.07,0.268,0.43,0.764,0.968965801
0.141,0.389,0.671,0.508,0.356820522
0.665,0.762,0.766,1.0,9.64e-07
0.061,0.06,0.708,0.271,0.0
0.084,0.888,0.156,0.938,0.0
0.514,0.067,0.627,0.72,0.005374751
0.34,0.107,0.898,0.478,0.023931471
0.195,0.617,0.733,0.972,0.008092484
0.376,0.144,0.732,0.432,0.004872645
0.626,0.421,0.958,0.803,0.001118896
0.106,0.44,0.528,0.473,0.295501429
0.528,0.286,0.94,0.762,0.005532322
0.418,0.225,0.873,0.627,0.01970742
0.207,0.72,0.958,0.922,0.000668832
0.677,0.106,0.805,0.758,0.000558003
0.01,0.583,0.309,0.913,0.015560949
0.3,0.099,0.358,0.56,0.032182971
0.355,0.083,0.467,0.48,0.01692608
0.734,0.044,0.822,0.96,0.000200457
0.688,0.383,0.826,0.717,0.000494396
0.7,0.132,0.819,0.799,0.000414888
0.074,0.522,0.58,0.804,0.122926343
0.679,0.264,0.73,0.362,0.0
0.401,0.329,0.882,0.887,0.026539338
0.572,0.209,0.587,0.758,0.00061149
0.183,0.808,0.374,0.814,7.71e-06
0.594,0.005,0.633,0.934,0.000903984
0.381,0.592,0.63,0.953,0.003769168
0.521,0.101,0.682,0.301,0.0
0.051,0.634,0.931,0.939,0.006580383
0.205,0.073,0.387,0.212,0.0
0.306,0.065,0.364,0.877,0.034642423
0.168,0.617,0.299,0.738,0.004450047
0.153,0.072,0.616,0.142,0.0
0.409,0.091,0.719,0.324,0.0
0.375,0.104,0.674,0.223,0.0
0.541,0.477,0.636,0.954,0.002386208
0.238,0.658,0.993,0.905,0.002608831
0.37,0.741,0.436,0.979,4.5296e-05
0.694,0.585,0.716,0.775,3.7586e-05
0.317,0.205,0.867,0.924,0.069405795
