0.128,0.405,0.309,0.958,0.432068961
0.162,0.069,0.619,0.081,0.0
0.273,0.132,0.623,0.97,0.113954933
0.448,0.244,0.573,0.367,0.0
0.394,0.143,0.662,0.85,0.028595467
0.032,0.09,0.804,0.483,0.673699042
0.428,0.539,0.977,0.633,0.005042744
0.03,0.459,0.854,0.644,0.505703625
0.572,0.814,0.957,0.817,0.0
0.543,0.141,0.695,0.409,0.0
0.349,0.042,0.653,0.983,0.049714277
0.655,0.272,0.978,0.76,0.00083845
0.173,0.156,0.275,0.808,0.304658358
0.715,0.593,0.788,0.765,5.156e-05
0.054,0.325,0.604,0.695,0.984355688
0.13,0.317,0.884,0.867,0.500951929
0.658,0.444,0.854,0.649,0.000643293
0.269,0.27,0.56,0.771,0.116220674
0.367,0.049,0.672,0.766,0.041785146
0.613,0.406,0.85,0.701,0.001427292
0.758,0.693,0.962,0.98,6.264e-06
0.192,0.13,0.676,0.45,0.120427378
0.471,0.119,0.533,0.31,0.0
0.194,0.524,0.824,0.685,0.061174533
0.822,0.005,0.969,0.216,0.0
0.221,0.372,0.283,0.477,0.053527295
0.486,0.216,0.585,0.809,0.007107065
0.272,0.356,0.732,0.426,0.018275309
0.267,0.279,0.724,0.8,0.121772752
0.937,0.753,0.984,0.772,0.0
0.06,0.227,0.763,0.281,0.0
0.382,0.12,0.982,0.544,0.025770759
0.24,0.392,0.92,0.865,0.160227711
0.193,0.204,0.284,0.339,0.0
0.576,0.009,0.84,0.148,0.0
0.014,0.329,0.966,0.685,0.985658658
0.224,0.076,0.438,0.865,0.178300154
0.212,0.009,0.984,0.532,0.183870543
0.209,0.523,0.771,0.654,0.05536321
0.283,0.189,0.84,0.609,0.09662312
0.538,0.273,0.905,0.465,0.001347784
0.17,0.711,0.561,0.793,0.000775807
0.111,0.783,0.598,0.901,0.000163835
0.402,0.006,0.633,0.762,0.025032056
0.581,0.037,0.782,0.691,0.00236356
0.019,0.781,0.71,0.912,0.000172509
0.297,0.169,0.863,0.896,0.086915416
0.046,0.26,0.363,0.923,0.943276478
0.127,0.06,0.286,0.081,0.0
0.096,0.204,0.755,0.702,0.948608342
0.264,0.45,0.444,0.621,0.073307476
0.359,0.467,0.989,0.944,0.02878966
0.18,0.268,0.26,0.679,0.277710878
0.789,0.436,0.793,0.586,4.337e-06
0.006,0.818,0.518,0.885,6.2643e-05
0.176,0.572,0.946,0.897,0.02429239
0.732,0.542,0.855,0.594,5.0596e-05
0.036,0.487,0.124,0.894,0.104260239
0.14,0.328,0.197,0.485,0.107611146
0.175,0.719,0.296,0.805,0.000344053
0.305,0.243,0.752,0.344,0.0
0.414,0.342,0.621,0.437,0.002503784
0.261,0.194,0.665,0.519,0.091463764
0.435,0.238,0.932,0.53,0.010882497
0.1,0.482,0.976,0.752,0.318089453
0.601,0.825,0.793,0.926,9.64e-07
0.152,0.712,0.747,0.925,0.000937232
0.605,0.829,0.613,0.989,0.0
0.257,0.228,0.351,0.867,0.084370674
0.2,0.083,0.397,0.706,0.270957023
0.262,0.483,0.905,0.951,0.061752774
0.204,0.159,0.306,0.325,0.0
0.028,0.861,0.217,0.878,4.82e-07
0.274,0.321,0.447,0.552,0.083370317
0.735,0.798,0.898,0.911,0.0
0.168,0.057,0.607,0.546,0.375059209
0.261,0.134,0.559,0.401,0.0
0.262,0.345,0.77,0.93,0.127881387
0.144,0.577,0.741,0.947,0.025544763
0.045,0.477,0.246,0.707,0.261996695
0.245,0.847,0.508,0.859,7.228e-06
0.049,0.697,0.832,0.979,0.001383924
0.023,0.135,0.56,0.213,0.0
0.266,0.417,0.352,0.994,0.074011485
0.181,0.038,0.606,0.24,0.0
0.243,0.295,0.604,0.509,0.102188691
0.181,0.293,0.574,0.641,0.398938157
0.348,0.135,0.918,0.232,0.0
0.374,0.033,0.453,0.201,0.0
0.355,0.348,0.862,0.35,0.0
0.717,0.286,0.885,0.296,0.0
0.087,0.487,0.897,0.929,0.301994113
0.058,0.469,0.607,0.568,0.357698485
0.639,0.442,0.777,0.91,0.00085146
0.033,0.241,0.039,0.306,0.0
0.065,0.043,0.369,0.115,0.0
0.797,0.143,0.911,0.703,5.2524e-05
0.838,0.246,0.951,0.747,2.5057e-05
0.114,0.369,0.275,0.52,0.424333059
0.036,0.306,0.292,0.539,0.834417294
0.069,0.295,0.802,0.8,0.987317728
0.281,0.192,0.414,0.815,0.082817133
0.057,0.245,0.679,0.885,0.986876337
0.865,0.41,0.964,0.89,1.542e-05
0.131,0.47,0.451,0.95,0.215181334
0.353,0.113,0.573,0.831,0.045897886
0.447,0.103,0.973,0.244,0.0
0.064,0.16,0.126,0.231,0.0
0.138,0.253,0.476,0.401,0.0
0.008,0.069,0.426,0.725,0.967689334
0.234,0.078,0.539,0.538,0.132781499
0.417,0.414,0.986,0.588,0.018199174
0.604,0.418,0.804,0.539,0.00100373
0.235,0.77,0.544,0.906,0.000166726
0.728,0.723,0.773,0.993,1.446e-06
0.623,0.093,0.87,0.546,0.000803755
0.171,0.483,0.549,0.807,0.152514457
0.178,0.011,0.543,0.58,0.387845083
0.436,0.564,0.448,0.875,0.000553184
0.439,0.007,0.467,0.557,0.003436679
0.13,0.509,0.219,0.956,0.0539311
0.618,0.188,0.694,0.334,0.0
0.836,0.821,0.871,0.976,0.0
0.787,0.908,0.878,0.972,0.0
0.306,0.553,0.358,0.868,0.005530394
0.387,0.687,0.647,0.724,0.00022455
0.643,0.048,0.907,0.171,0.0
0.118,0.246,0.483,0.932,0.55622744
0.71,0.053,0.837,0.248,0.0
0.037,0.684,0.699,0.719,0.001023969
0.364,0.137,0.57,0.956,0.040789607
0.643,0.024,0.702,0.898,0.000542583
0.296,0.482,0.367,0.535,0.012449049
0.108,0.836,0.323,0.99,2.7466e-05
0.032,0.43,0.393,0.632,0.723859528
0.502,0.7,0.7,0.984,8.8182e-05
0.578,0.169,0.798,0.274,0.0
0.248,0.541,0.935,0.912,0.030044925
0.094,0.097,0.648,0.432,0.211803442
0.152,0.236,0.6,0.628,0.441822442
0.083,0.482,0.378,0.513,0.149665174
0.201,0.413,0.742,0.882,0.292292191
0.001,0.249,0.283,0.877,0.884831243
0.07,0.025,0.125,0.172,0.0
0.475,0.26,0.878,0.81,0.010802507
0.69,0.065,0.742,0.701,0.000332007
0.189,0.658,0.577,0.768,0.00271436
0.377,0.061,0.855,0.123,0.0
0.144,0.948,0.999,0.971,4.82e-07
0.585,0.346,0.95,0.619,0.002116362
0.26,0.173,0.265,0.278,0.0
0.208,0.125,0.554,0.18,0.0
0.637,0.179,0.82,0.195,0.0
0.15,0.272,0.5,0.616,0.437346375
0.725,0.018,0.864,0.448,4.9632e-05
0.026,0.05,0.696,0.685,0.985193173
0.78,0.191,0.986,0.567,4.915e-05
0.414,0.489,0.799,0.847,0.012780573
0.076,0.444,0.217,0.853,0.518888486
0.123,0.025,0.798,0.572,0.499061563
0.66,0.366,0.692,0.577,0.000221659
0.622,0.486,0.902,0.864,0.000885191
0.447,0.713,0.982,0.837,0.000142151
0.174,0.046,0.827,0.353,0.0
0.308,0.104,0.97,0.237,0.0
0.039,0.583,0.402,0.589,0.002934573
0.499,0.375,0.696,0.434,0.000826885
0.144,0.339,0.892,0.397,0.0
0.419,0.552,0.474,0.585,0.001101067
0.09,0.79,0.173,0.815,1.446e-06
0.074,0.492,0.689,0.955,0.283767472
0.267,0.691,0.885,0.879,0.001033606
0.529,0.162,0.745,0.989,0.005314517
0.832,0.186,0.96,0.512,1.4456e-05
0.747,0.235,0.773,0.593,5.2524e-05
0.511,0.2,0.798,0.212,0.0
0.791,0.379,0.888,0.927,6.3125e-05
0.138,0.487,0.407,0.573,0.139503069
0.471,0.347,0.984,0.93,0.01131425
0.181,0.263,0.224,0.96,0.211496493
0.908,0.5,0.957,0.945,1.927e-06
0.159,0.344,0.632,0.417,0.0
0.486,0.266,0.551,0.349,0.0
0.033,0.299,0.497,0.449,0.355861606
0.332,0.091,0.686,0.749,0.058654847
0.004,0.594,0.244,0.912,0.007267045
0.199,0.158,0.948,0.812,0.307082634
0.125,0.201,0.435,0.624,0.495221078
0.39,0.059,0.529,0.305,0.0
0.008,0.023,0.912,0.937,0.987474816
0.434,0.137,0.695,0.773,0.016934754
0.172,0.55,0.658,0.736,0.041354356
0.092,0.564,0.188,0.629,0.014245933
0.642,0.284,0.978,0.374,0.0
0.266,0.611,0.383,0.84,0.003827956
0.311,0.854,0.553,0.883,4.819e-06
0.409,0.126,0.496,0.295,0.0
0.069,0.314,0.333,0.665,0.92695466
0.244,0.083,0.477,0.557,0.122335574
0.621,0.041,0.935,0.403,0.0
0.235,0.168,0.567,0.219,0.0
0.379,0.246,0.906,0.943,0.036699034
0.812,0.704,0.966,0.988,3.855e-06
0.032,0.304,0.11,0.58,0.298876911
0.447,0.113,0.649,0.843,0.014002108
0.241,0.464,0.796,0.947,0.094441706
0.41,0.023,0.984,0.148,0.0
0.094,0.356,0.502,0.407,0.0
0.878,0.061,0.957,0.32,0.0
0.472,0.023,0.604,0.787,0.009470625
0.169,0.645,0.947,0.66,0.001537158
0.226,0.527,0.443,0.753,0.039477482
0.218,0.629,0.496,0.925,0.005168511
0.124,0.576,0.226,0.826,0.010138012
0.368,0.05,0.467,0.827,0.030173101
0.576,0.235,0.886,0.596,0.002259959
0.235,0.428,0.981,0.75,0.142542208
0.121,0.196,0.574,0.804,0.540356649
0.062,0.007,0.308,0.929,0.910759091
0.421,0.33,0.598,0.589,0.015832723
0.548,0.674,0.554,0.782,7.71e-06
0.524,0.227,0.73,0.729,0.00556798
0.101,0.225,0.807,0.33,0.0
0.038,0.429,0.473,0.748,0.745226499
0.335,0.7,0.718,0.931,0.000433199
0.382,0.045,0.662,0.603,0.031364278
0.331,0.216,0.539,0.24,0.0
0.858,0.732,0.887,0.75,9.64e-07
0.775,0.883,0.818,0.988,0.0
0.394,0.013,0.674,0.823,0.028703405
0.088,0.081,0.794,0.935,0.987415065
0.718,0.211,0.798,0.493,9.2519e-05
0.375,0.28,0.98,0.657,0.037707583
0.104,0.223,0.726,0.546,0.742783913
0.021,0.382,0.998,0.945,0.987479635
0.273,0.131,0.472,0.986,0.104034243
0.687,0.21,0.934,0.944,0.000543547
0.292,0.315,0.312,0.865,0.018913784
0.244,0.071,0.514,0.191,0.0
0.507,0.482,0.588,0.72,0.003134067
0.626,0.057,0.824,0.521,0.000607153
0.189,0.204,0.712,0.247,0.0
0.085,0.051,0.613,0.707,0.984954649
0.518,0.153,0.646,0.979,0.005358367
0.466,0.033,0.599,0.553,0.007400522
0.197,0.185,0.619,0.536,0.271282765
0.127,0.136,0.66,0.625,0.502387413
0.677,0.106,0.805,0.758,0.000558003
0.092,0.366,0.775,0.547,0.905223878
0.001,0.306,0.403,0.609,0.95146389
0.427,0.3,0.447,0.397,0.0
0.006,0.312,0.055,0.851,0.0
0.489,0.556,0.553,0.745,0.001342483
0.531,0.274,0.627,0.578,0.003408731
0.37,0.347,0.988,0.705,0.040821893
0.287,0.713,0.965,0.962,0.00050066
0.229,0.203,0.31,0.869,0.107741732
0.4,0.731,0.668,0.927,0.000135405
0.239,0.106,0.333,0.406,0.0
0.215,0.101,0.898,0.911,0.220932905
0.47,0.253,0.902,0.491,0.004695799
0.223,0.365,0.816,0.737,0.197081906
0.355,0.449,0.488,0.753,0.028484637
0.123,0.059,0.726,0.636,0.52425119
0.103,0.344,0.532,0.893,0.832442119
0.377,0.075,0.554,0.983,0.033870953
0.613,0.625,0.625,0.921,2.6021e-05
0.048,0.332,0.069,0.925,0.0
0.151,0.068,0.537,0.932,0.447602926
0.529,0.605,0.828,0.965,0.000630765
0.287,0.412,0.877,0.878,0.097832608
0.09,0.067,0.819,0.945,0.981908282
0.363,0.011,0.886,0.883,0.044192556
0.624,0.012,0.68,0.565,0.000503552
0.056,0.037,0.641,0.875,0.986460485
0.462,0.429,0.656,0.9,0.01031052
0.521,0.208,0.536,0.708,0.001035533
0.212,0.221,0.45,0.745,0.217584408
0.149,0.447,0.361,0.572,0.252188281
0.185,0.028,0.229,0.905,0.214166521
0.452,0.293,0.686,0.814,0.013555416
0.026,0.6,0.988,0.682,0.013871522
0.452,0.546,0.789,0.661,0.003749412
0.325,0.263,0.668,0.887,0.063140071
0.13,0.671,0.746,0.822,0.002421385
0.306,0.628,0.362,0.937,0.001162265
0.022,0.355,0.58,0.408,0.0
0.142,0.864,0.931,0.895,1.3974e-05
0.886,0.103,0.891,0.423,0.0
0.103,0.257,0.936,0.729,0.837079613
0.025,0.748,0.457,0.792,0.000267436
0.213,0.784,0.322,0.968,7.5653e-05
0.104,0.604,0.259,0.967,0.006095143
0.007,0.841,0.779,0.914,3.5658e-05
0.597,0.619,1.0,0.896,0.000201421
0.194,0.075,0.423,0.933,0.327644887
0.235,0.089,0.607,0.737,0.167534751
0.499,0.386,0.773,0.595,0.006866613
0.64,0.151,0.765,0.555,0.000622091
0.644,0.249,0.685,0.349,0.0
0.114,0.008,0.49,0.208,0.0
0.174,0.125,0.402,0.79,0.389924342
0.125,0.332,0.94,0.421,0.096284849
0.426,0.111,0.734,0.962,0.018963898
0.052,0.73,0.404,0.84,0.000476567
0.25,0.395,0.47,0.734,0.131919438
0.692,0.191,0.803,0.836,0.000450064
0.275,0.207,0.805,0.985,0.112752191
0.409,0.503,0.738,0.992,0.011722392
0.185,0.863,0.314,0.978,1.2529e-05
0.319,0.523,0.834,0.679,0.02100268
0.104,0.126,0.418,0.405,0.0
0.198,0.261,0.519,0.327,0.0
0.731,0.489,0.852,0.848,0.000155161
0.566,0.036,0.827,0.13,0.0
0.193,0.787,0.898,0.834,9.8301e-05
0.338,0.539,0.878,0.797,0.014529753
0.094,0.429,0.102,0.809,0.05083751
0.138,0.281,0.965,0.556,0.434679719
0.872,0.565,0.948,0.717,4.337e-06
0.593,0.359,0.651,0.685,0.001136244
0.071,0.33,0.837,0.4,0.0
0.287,0.445,0.735,0.744,0.075821379
0.392,0.618,0.721,0.721,0.001934698
0.381,0.431,0.642,0.897,0.030283931
0.589,0.246,0.905,0.254,0.0
0.149,0.175,0.318,0.234,0.0
0.562,0.807,0.638,0.91,1.446e-06
0.528,0.106,0.946,0.198,0.0
0.189,0.328,0.87,0.829,0.380189172
0.135,0.772,0.886,0.905,0.000229369
0.24,0.847,0.652,0.995,2.843e-05
0.388,0.425,0.908,0.643,0.026978319
0.068,0.39,0.311,0.668,0.911784505
0.215,0.042,0.861,0.905,0.220922786
0.212,0.335,0.714,0.958,0.231964781
0.206,0.874,0.249,0.959,0.0
0.087,0.386,0.619,0.433,0.231931532
0.055,0.379,0.378,0.954,0.95029006
0.157,0.856,0.908,0.987,2.4093e-05
0.115,0.185,0.448,0.279,0.0
0.399,0.467,0.495,0.496,0.002854102
0.371,0.067,0.675,0.499,0.021630071
0.102,0.566,0.472,0.947,0.03774035
0.593,0.418,0.593,0.658,0.0
0.899,0.086,0.978,0.632,5.301e-06
0.637,0.325,0.687,0.585,0.000426935
0.603,0.083,0.888,0.118,0.0
0.117,0.487,0.593,0.68,0.22358655
0.526,0.443,0.885,0.961,0.004858189
0.294,0.248,0.874,0.328,0.0
0.306,0.515,0.638,0.896,0.026786054
0.067,0.295,0.818,0.864,0.987420847
0.402,0.136,0.933,0.149,0.0
0.503,0.127,0.772,0.434,0.000810501
0.796,0.349,0.995,0.862,6.1679e-05
0.204,0.832,0.994,0.949,4.7705e-05
0.074,0.195,0.16,0.974,0.551059892
0.751,0.309,0.916,0.443,2.1202e-05
0.129,0.236,0.506,0.706,0.496092295
0.276,0.326,0.724,0.765,0.111106614
0.374,0.309,0.593,0.572,0.031360905
0.069,0.001,0.876,0.024,0.0
0.257,0.018,0.435,0.151,0.0
0.216,0.169,0.886,0.226,0.0
0.746,0.383,0.807,0.426,8.674e-06
0.787,0.396,0.871,0.622,4.2886e-05
0.488,0.179,0.571,0.871,0.006298491
0.235,0.099,0.735,0.15,0.0
0.274,0.555,0.39,0.909,0.011267991
0.641,0.58,0.743,0.638,0.000115166
0.216,0.414,0.817,0.956,0.217629221
0.271,0.403,0.914,0.541,0.093055855
0.012,0.586,0.333,0.837,0.015494452
0.018,0.075,0.227,0.412,0.0
0.392,0.663,0.549,0.986,0.000621127
0.301,0.112,0.831,0.708,0.082556924
0.284,0.227,0.346,0.883,0.04943142
0.272,0.128,0.883,0.724,0.115923844
0.545,0.228,0.641,0.531,0.002114435
0.222,0.249,0.806,0.349,0.0
0.403,0.093,0.739,0.65,0.024700531
0.669,0.664,0.747,0.956,2.1684e-05
0.814,0.496,0.964,0.671,2.3612e-05
0.732,0.081,0.873,0.882,0.000230333
0.791,0.65,0.952,0.807,7.71e-06
0.04,0.213,0.121,0.609,0.444238526
0.366,0.605,0.75,0.8,0.003380301
0.605,0.511,0.646,0.863,0.00039995
0.327,0.363,0.467,0.927,0.050636571
0.071,0.289,0.259,0.359,0.0
0.752,0.281,0.875,0.701,0.000119985
0.281,0.431,0.792,0.882,0.089189349
0.404,0.277,0.556,0.341,0.0
0.401,0.138,0.462,0.634,0.013315928
0.737,0.0,0.904,0.74,0.000204312
0.729,0.433,0.831,0.923,0.000207203
0.01,0.068,0.051,0.627,0.0
0.144,0.654,0.408,0.767,0.002714842
0.637,0.766,0.678,0.889,1.927e-06
0.632,0.031,0.746,0.79,0.000973372
0.048,0.041,0.655,0.731,0.986004638
0.526,0.645,0.694,0.671,0.000115648
0.021,0.26,0.683,0.896,0.986905731
0.389,0.238,0.523,0.664,0.02517228
0.133,0.242,0.957,0.36,0.0
0.805,0.084,0.946,0.764,4.6741e-05
0.198,0.461,0.403,0.737,0.163066875
0.046,0.434,0.113,0.513,0.206739014
0.108,0.214,0.161,0.872,0.305186003
0.206,0.485,0.502,0.802,0.113136722
0.441,0.186,0.907,0.303,0.0
0.468,0.539,0.799,0.632,0.003204419
0.212,0.043,0.309,0.347,0.0
0.851,0.448,0.989,0.596,9.637e-06
0.467,0.183,0.738,0.91,0.011647703
0.219,0.066,0.858,0.855,0.208655883
0.035,0.287,0.667,0.582,0.962192671
0.56,0.42,0.942,0.44,5.8306e-05
0.752,0.148,0.788,0.474,1.9275e-05
0.507,0.601,0.568,0.797,0.000465484
0.129,0.243,0.678,0.751,0.503450413
0.062,0.185,0.858,0.601,0.972346102
0.342,0.174,0.901,0.366,0.0
0.328,0.217,0.738,0.967,0.061541716
0.127,0.002,0.424,0.335,0.0
0.345,0.941,0.504,0.996,4.82e-07
0.187,0.082,0.861,0.989,0.390336821
0.337,0.373,0.415,0.786,0.034560987
0.128,0.616,0.705,0.711,0.009337148
0.562,0.261,0.824,0.618,0.003074315
0.465,0.842,0.988,0.888,2.409e-06
0.562,0.638,0.983,0.805,0.000221659
0.699,0.059,0.834,0.7,0.000421152
0.434,0.661,0.665,0.861,0.000551738
0.402,0.295,0.464,0.891,0.01395103
0.104,0.544,0.943,0.751,0.074360357
0.308,0.132,0.741,0.794,0.076473828
0.742,0.679,0.871,0.898,7.228e-06
0.14,0.854,0.669,0.937,2.5057e-05
0.162,0.096,0.49,0.302,0.0
0.83,0.52,0.96,0.96,1.6865e-05
0.271,0.11,0.972,0.769,0.117470157
0.557,0.414,0.726,0.598,0.002958667
0.01,0.693,0.266,0.938,0.000508852
0.092,0.045,0.884,0.19,0.0
0.325,0.4,0.65,0.669,0.061914681
0.956,0.602,0.976,0.949,9.64e-07
0.118,0.185,0.626,0.925,0.564825403
0.279,0.317,0.855,0.462,0.040613244
0.82,0.288,0.843,0.778,1.1565e-05
0.702,0.57,0.919,0.96,0.000124322
0.898,0.319,0.917,0.492,9.64e-07
0.177,0.036,0.948,0.331,0.0
0.126,0.179,0.697,0.752,0.51446205
0.499,0.615,0.899,0.994,0.000747858
0.193,0.362,0.832,0.672,0.352428781
0.298,0.867,0.334,0.957,1.927e-06
0.126,0.925,0.163,0.98,0.0
0.278,0.607,0.937,0.838,0.006417994
0.229,0.102,0.418,0.82,0.161569713
0.163,0.623,0.29,0.92,0.003882407
0.365,0.265,0.626,0.902,0.04214992
0.016,0.652,0.507,0.831,0.003690624
0.384,0.565,0.813,0.875,0.006532197
0.399,0.066,0.831,0.081,0.0
0.04,0.482,0.705,0.966,0.320466987
0.332,0.422,0.785,0.428,0.0
0.313,0.162,0.815,0.18,0.0
0.179,0.092,0.476,0.394,0.0
0.176,0.025,0.792,0.916,0.413789797
0.42,0.079,0.566,0.261,0.0
0.39,0.615,0.524,0.876,0.00178291
0.038,0.141,0.697,0.578,0.95938001
0.684,0.056,0.704,0.482,4.1441e-05
0.11,0.304,0.76,0.743,0.687973405
0.001,0.179,0.46,0.853,0.974621963
0.058,0.15,0.897,0.39,0.0
0.277,0.198,0.407,0.356,0.0
0.892,0.257,0.908,0.978,1.446e-06
0.222,0.17,0.696,0.258,0.0
0.716,0.626,0.943,0.69,2.7466e-05
0.611,0.157,0.919,0.919,0.00152222
0.268,0.912,0.821,0.958,4.337e-06
0.329,0.642,0.937,0.957,0.002055165
0.413,0.128,0.745,0.144,0.0
0.334,0.008,0.536,0.988,0.053139873
0.409,0.38,0.706,0.579,0.019326744
0.175,0.343,0.924,0.668,0.412610185
0.498,0.552,0.718,0.728,0.002208881
0.262,0.593,0.74,0.883,0.009865757
0.014,0.617,0.109,0.674,0.0
0.037,0.446,0.871,0.745,0.665661491
0.238,0.692,0.856,0.91,0.001168529
0.082,0.272,0.242,0.626,0.828119767
0.002,0.516,0.632,0.972,0.150265581
0.4,0.281,0.848,0.299,0.0
0.222,0.932,0.564,0.98,9.64e-07
0.382,0.472,0.452,0.612,0.011501697
0.767,0.032,1.0,0.336,0.0
0.261,0.128,0.374,0.316,0.0
0.37,0.058,0.429,0.855,0.022641993
0.157,0.154,0.838,0.802,0.441729924
0.586,0.136,0.639,0.377,0.0
0.054,0.606,0.883,0.748,0.012863455
0.002,0.381,0.844,0.774,0.987231955
0.093,0.432,0.89,0.6,0.739392047
0.273,0.421,0.739,0.836,0.096997531
0.401,0.044,0.473,0.939,0.015484332
0.092,0.32,0.601,0.467,0.562942264
0.782,0.599,0.866,0.795,1.8311e-05
0.385,0.365,0.545,0.402,0.0
0.039,0.382,0.442,0.632,0.965732952
0.2,0.091,0.251,0.86,0.157472874
0.309,0.356,0.39,0.457,0.0156101
0.292,0.053,0.669,0.974,0.091530744
0.047,0.092,0.696,0.862,0.986979457
0.004,0.757,0.947,0.807,0.00025298
0.374,0.361,0.661,0.558,0.030714239
0.536,0.073,0.853,0.198,0.0
0.847,0.375,0.94,0.471,7.228e-06
0.093,0.202,0.768,0.582,0.948116837
0.819,0.31,0.889,0.637,2.7466e-05
0.205,0.595,0.588,0.599,0.00086447
0.025,0.435,0.365,0.663,0.715826314
0.33,0.376,0.712,0.67,0.059182492
0.173,0.264,0.989,0.695,0.41610758
0.28,0.12,0.551,0.229,0.0
0.25,0.329,0.752,0.782,0.143464021
0.396,0.307,0.92,0.714,0.028287554
0.822,0.003,0.967,0.945,3.614e-05
0.085,0.91,0.543,0.934,3.855e-06
0.036,0.441,0.143,0.468,0.170681828
0.507,0.169,0.649,0.77,0.006326439
0.304,0.189,0.31,0.691,0.005190677
0.613,0.721,0.727,0.835,1.0601e-05
0.024,0.672,0.282,0.955,0.001061554
0.401,0.653,0.802,0.943,0.000932414
0.364,0.291,0.865,0.335,0.0
0.037,0.297,0.146,0.697,0.525549823
0.42,0.205,0.542,0.701,0.015857298
0.081,0.3,0.091,0.619,0.007141277
0.038,0.229,0.707,0.841,0.987030053
0.25,0.249,0.679,0.989,0.143124304
0.409,0.283,0.503,0.478,0.006292227
0.228,0.413,0.895,0.718,0.184484925
0.603,0.214,0.775,0.663,0.00159209
0.233,0.773,0.353,0.81,6.9389e-05
0.589,0.402,0.649,0.827,0.001290923
0.76,0.43,0.882,0.875,9.4928e-05
0.288,0.115,0.813,0.631,0.093084767
0.472,0.034,0.655,0.721,0.010279199
0.695,0.253,0.757,0.403,0.0
0.573,0.35,0.704,0.977,0.002416566
0.493,0.079,0.7,0.857,0.008213433
0.178,0.223,0.539,0.935,0.406578167
0.027,0.037,0.328,0.569,0.898409307
0.744,0.311,0.753,0.471,1.1083e-05
0.239,0.087,0.597,0.425,0.025356353
0.041,0.684,0.058,0.919,0.0
0.789,0.56,0.989,0.692,2.6021e-05
0.551,0.459,0.647,0.823,0.002359224
0.587,0.121,0.889,0.209,0.0
0.082,0.028,0.843,0.112,0.0
0.701,0.072,0.782,0.812,0.000365737
0.695,0.143,0.791,0.609,0.000357064
0.076,0.069,0.357,0.202,0.0
0.01,0.637,0.889,0.795,0.005894686
0.479,0.047,0.549,0.848,0.006117791
0.09,0.018,0.297,0.566,0.86767483
0.182,0.47,0.293,0.671,0.120262579
0.27,0.369,0.279,0.658,0.011035249
0.031,0.209,0.042,0.356,0.0
0.51,0.468,0.817,0.804,0.004915049
0.278,0.245,0.327,0.755,0.046449142
0.312,0.882,0.857,0.988,5.782e-06
0.626,0.273,0.682,0.282,0.0
0.656,0.882,0.792,0.937,0.0
0.045,0.012,0.737,0.229,0.0
0.204,0.256,0.397,0.903,0.243746925
0.301,0.407,0.387,0.568,0.044352054
0.011,0.248,0.9,0.368,0.0
0.417,0.237,0.873,0.586,0.018070997
0.567,0.097,0.736,0.135,0.0
0.479,0.045,0.783,0.839,0.010227639
0.292,0.641,0.427,0.899,0.001752552
0.097,0.633,0.889,0.933,0.006726871
0.261,0.265,0.996,0.765,0.128948724
0.23,0.105,0.272,0.39,0.0
0.086,0.408,0.784,0.582,0.962668756
0.317,0.737,0.852,0.961,0.000209612
0.052,0.263,0.919,0.294,0.0
0.171,0.171,0.422,0.828,0.399552056
0.095,0.45,0.544,0.672,0.614564254
0.063,0.135,0.704,0.614,0.976046363
0.127,0.238,0.821,0.291,0.0
0.38,0.469,0.611,0.59,0.018237242
0.274,0.463,0.639,0.864,0.068626133
0.338,0.08,0.63,0.902,0.054844239
0.648,0.213,0.684,0.493,0.000126731
0.026,0.168,0.439,0.843,0.971012293
0.424,0.617,0.921,0.804,0.00166678
0.31,0.035,0.864,0.55,0.059316933
0.607,0.436,0.671,0.555,0.000578723
0.098,0.018,0.541,0.666,0.928631077
0.568,0.038,0.958,0.324,0.0
0.169,0.237,0.376,0.812,0.383974241
0.47,0.21,0.621,0.652,0.009710595
0.298,0.638,0.341,0.796,0.000722319
0.285,0.174,0.747,0.927,0.100051608
0.493,0.308,0.884,0.737,0.008611937
0.104,0.517,0.549,0.685,0.140784837
0.221,0.142,0.562,0.825,0.199424265
0.189,0.175,0.331,0.594,0.312049243
0.04,0.548,0.093,0.658,0.0
0.436,0.164,0.954,0.956,0.017039801
0.307,0.327,0.85,0.356,0.0
0.025,0.43,0.275,0.491,0.423533641
0.918,0.041,0.92,0.974,0.0
0.326,0.357,0.357,0.837,0.016252911
0.152,0.45,0.309,0.826,0.232986341
0.163,0.067,0.575,0.13,0.0
0.279,0.584,0.491,0.643,0.006598213
0.504,0.268,0.882,0.274,0.0
0.521,0.14,0.852,0.996,0.006069604
0.793,0.423,0.917,0.595,3.5658e-05
0.232,0.453,0.511,0.748,0.113800253
0.665,0.725,0.89,0.842,7.71e-06
0.198,0.662,0.203,0.714,2.5539e-05
0.147,0.61,0.968,0.799,0.011547474
0.573,0.747,0.665,0.939,7.71e-06
0.194,0.821,0.253,0.854,1.2047e-05
0.366,0.279,0.502,0.996,0.035198498
0.167,0.259,0.468,0.9,0.413329131
0.728,0.015,0.988,0.916,0.000266955
0.326,0.659,0.369,0.793,0.000349354
0.693,0.505,0.735,0.925,0.000156607
0.375,0.201,0.568,0.475,0.014506141
0.365,0.1,0.926,0.658,0.042310863
0.143,0.232,0.696,0.547,0.414099156
0.189,0.281,0.464,0.687,0.366616408
0.685,0.215,0.914,0.596,0.000446691
0.08,0.788,0.431,0.841,9.1073e-05
0.02,0.024,0.48,0.126,0.0
0.452,0.09,0.839,0.401,0.0
0.194,0.315,0.454,0.922,0.333739066
0.326,0.2,0.583,0.551,0.048054725
0.605,0.243,0.761,0.269,0.0
0.198,0.543,0.2,0.86,0.000375857
0.355,0.078,0.369,0.232,0.0
0.484,0.896,0.819,0.972,4.82e-07
0.105,0.573,0.72,0.76,0.031938664
0.196,0.626,0.327,0.682,0.002573173
0.204,0.151,0.258,0.844,0.13908529
0.355,0.042,0.822,0.839,0.047797407
0.663,0.11,0.795,0.851,0.00067847
0.363,0.071,0.447,0.725,0.029185273
0.214,0.131,0.852,0.739,0.223928194
0.452,0.01,0.753,0.465,0.004217305
0.563,0.409,0.708,0.507,0.001329473
0.152,0.315,0.634,0.439,0.096157636
0.075,0.075,0.85,0.27,0.0
0.054,0.738,0.615,0.992,0.000559448
0.544,0.302,0.822,0.928,0.004473177
0.24,0.334,0.771,0.691,0.158966664
0.245,0.424,0.665,0.483,0.054277081
0.058,0.182,0.457,0.705,0.973165759
0.077,0.346,0.567,0.633,0.977826864
0.13,0.405,0.755,0.82,0.500777493
0.111,0.383,0.499,0.554,0.60315604
0.072,0.087,0.291,0.649,0.892048173
0.19,0.16,0.668,0.416,0.0
0.747,0.478,0.948,0.523,2.6503e-05
0.095,0.279,0.488,0.732,0.950928535
0.602,0.683,0.925,0.733,3.4694e-05
0.148,0.076,0.587,0.523,0.374776353
0.611,0.763,0.811,0.848,3.373e-06
0.366,0.932,0.751,0.99,9.64e-07
0.513,0.019,0.655,0.843,0.005863846
0.078,0.504,0.382,0.979,0.204753238
0.322,0.151,0.598,0.246,0.0
0.71,0.569,0.996,0.64,8.1436e-05
0.443,0.12,0.911,0.359,0.0
0.209,0.099,0.809,0.222,0.0
0.351,0.081,0.989,0.649,0.048176637
0.739,0.411,0.904,0.819,0.000194193
0.193,0.293,0.956,0.53,0.297839932
0.668,0.483,0.72,0.841,0.000252017
0.309,0.044,0.991,0.823,0.075825234
0.596,0.771,0.99,0.975,3.855e-06
0.137,0.113,0.393,0.822,0.451104657
0.131,0.325,0.441,0.9,0.48169602
0.724,0.361,0.808,0.536,0.000134441
0.256,0.636,0.268,0.781,0.000326706
0.388,0.394,0.544,0.674,0.027178776
0.005,0.054,0.953,0.733,0.986853689
0.351,0.078,0.696,0.586,0.043607087
0.677,0.081,0.915,0.996,0.000605226
0.391,0.347,0.763,0.844,0.030609673
0.265,0.218,0.735,0.95,0.124113183
0.465,0.723,0.601,0.773,5.0596e-05
0.434,0.242,0.786,0.351,0.0
0.29,0.464,0.378,0.577,0.028458616
0.024,0.677,0.77,0.739,0.001585826
0.394,0.163,0.642,0.305,0.0
0.347,0.205,0.401,0.227,0.0
0.17,0.245,0.8,0.467,0.232422555
0.294,0.263,0.858,0.458,0.030093593
0.63,0.043,0.798,0.253,0.0
0.465,0.633,0.844,0.665,0.000366219
0.013,0.003,0.865,0.498,0.733679989
0.688,0.383,0.826,0.717,0.000494396
0.716,0.167,0.826,0.201,0.0
0.248,0.066,0.593,0.449,0.040469647
0.564,0.41,0.723,0.843,0.003009263
0.572,0.405,0.885,0.893,0.00288735
0.708,0.726,0.888,0.978,3.855e-06
0.838,0.192,0.869,0.205,0.0
0.42,0.022,0.974,0.823,0.020655253
0.0,0.193,0.298,0.829,0.90148314
0.264,0.268,0.696,0.294,0.0
0.076,0.186,0.187,0.608,0.594682881
0.783,0.158,0.875,0.512,2.2648e-05
0.475,0.481,0.595,0.512,0.001492344
0.369,0.177,0.594,0.313,0.0
0.509,0.124,0.856,0.409,0.0
0.309,0.185,0.634,0.666,0.073551301
0.121,0.411,0.744,0.654,0.539229561
0.358,0.763,0.746,0.85,7.0353e-05
0.259,0.218,0.769,0.228,0.0
0.198,0.048,0.536,0.477,0.16673196
0.404,0.767,0.661,0.85,5.3005e-05
0.507,0.586,0.961,0.656,0.00091603
0.454,0.748,0.606,0.957,6.0233e-05
0.163,0.055,0.877,0.942,0.431265688
0.234,0.348,0.599,0.464,0.069403385
0.292,0.024,0.894,0.292,0.0
0.214,0.206,0.276,0.557,0.101114126
0.406,0.318,0.577,0.541,0.015393741
0.033,0.099,0.488,0.773,0.978028767
0.581,0.49,0.835,0.732,0.001604619
0.59,0.03,0.74,0.735,0.001968429
0.595,0.574,0.855,0.788,0.000470303
0.607,0.418,0.973,0.904,0.00163594
0.304,0.718,0.939,0.974,0.000375857
0.148,0.616,0.222,0.894,0.002263332
0.355,0.037,0.983,0.838,0.047833548
0.31,0.084,0.394,0.705,0.045478179
0.474,0.296,0.803,0.398,0.0
0.667,0.268,0.779,0.665,0.000584023
0.452,0.483,0.736,0.934,0.008503517
0.299,0.254,0.431,0.443,0.013939465
0.034,0.134,0.26,0.711,0.856860758
0.32,0.07,0.429,0.473,0.021248432
0.302,0.538,0.579,0.824,0.019361439
0.658,0.172,0.933,0.351,0.0
0.604,0.398,0.757,0.4,0.0
0.768,0.583,0.923,0.802,2.8912e-05
0.06,0.751,0.67,0.821,0.000346945
0.294,0.43,0.452,0.837,0.064459424
0.731,0.416,0.876,0.738,0.000233224
0.479,0.2,0.634,0.608,0.008292941
0.661,0.091,0.663,0.374,0.0
0.55,0.535,0.961,0.705,0.001528966
0.449,0.599,0.762,0.758,0.001698583
0.808,0.188,0.882,0.742,3.5658e-05
0.914,0.104,0.996,0.799,3.373e-06
0.232,0.42,0.742,0.465,0.045011249
0.433,0.536,0.522,0.927,0.003863614
0.577,0.312,0.696,0.831,0.002174668
0.548,0.622,0.609,0.668,0.000122394
0.14,0.427,0.724,0.657,0.380865232
0.668,0.58,0.881,0.692,0.000145524
0.513,0.129,0.826,0.438,0.000740149
0.01,0.83,0.282,0.948,2.072e-05
0.327,0.01,0.997,0.952,0.062490995
0.202,0.051,0.777,0.572,0.262973441
0.197,0.517,0.718,0.837,0.071491799
0.728,0.084,0.836,0.87,0.000239006
0.593,0.374,0.596,0.415,0.0
0.096,0.544,0.83,0.643,0.069586013
0.975,0.144,0.987,0.694,0.0
0.284,0.267,0.37,0.471,0.027298761
0.257,0.366,0.568,0.741,0.130623214
0.297,0.842,0.975,0.903,1.4456e-05
0.314,0.479,0.504,0.706,0.034379323
0.69,0.144,0.84,0.274,0.0
0.156,0.964,0.878,0.979,0.0
0.457,0.083,0.467,0.651,0.001425846
0.687,0.302,0.776,0.366,0.0
0.387,0.066,0.58,0.642,0.028981925
0.369,0.304,0.476,0.887,0.030895421
0.43,0.13,0.839,0.708,0.018059433
0.159,0.742,0.777,0.769,0.000256835
0.532,0.177,0.985,0.258,0.0
0.073,0.351,0.341,0.607,0.923955998
0.142,0.583,0.353,0.817,0.016329046
0.516,0.01,0.549,0.379,0.0
0.211,0.069,1.0,0.635,0.231139342
0.002,0.326,0.93,0.917,0.987474816
0.196,0.088,0.354,0.912,0.283695192
0.075,0.358,0.299,0.712,0.901992474
0.276,0.183,0.418,0.484,0.048839205
0.561,0.201,0.628,0.983,0.002295617
0.105,0.321,0.216,0.847,0.57988521
0.674,0.792,0.727,0.95,0.0
0.135,0.197,0.805,0.792,0.485830443
0.303,0.61,0.721,0.744,0.004854334
0.445,0.217,0.656,0.795,0.014435788
0.245,0.279,0.337,0.954,0.095108611
0.147,0.326,0.753,0.996,0.459916569
0.517,0.944,0.836,0.963,0.0
0.137,0.71,0.53,0.808,0.000844714
0.192,0.444,0.327,0.558,0.198343918
0.547,0.324,0.569,0.381,0.0
0.456,0.295,0.703,0.432,0.001562215
0.086,0.166,0.906,0.478,0.652149443
0.393,0.383,0.455,0.486,0.007141277
0.241,0.26,0.826,0.711,0.157708508
0.37,0.741,0.436,0.979,4.5296e-05
0.34,0.496,0.998,0.726,0.025572712
0.305,0.557,0.727,0.575,0.004048651
0.445,0.175,0.542,0.403,0.0
0.648,0.306,0.746,0.73,0.000762796
0.085,0.194,0.202,0.441,0.213939561
0.033,0.397,0.518,0.628,0.973923255
0.106,0.653,0.703,0.811,0.003843858
0.487,0.242,0.894,0.701,0.009233546
0.081,0.478,0.359,0.588,0.293117148
0.113,0.375,0.17,0.924,0.214224827
0.814,0.137,0.965,0.243,0.0
0.435,0.713,0.641,0.899,0.000154679
0.518,0.223,0.987,0.955,0.006310056
0.102,0.242,0.172,0.989,0.440855334
0.641,0.068,0.979,0.118,0.0
0.119,0.213,0.917,0.703,0.555543188
0.048,0.812,0.443,0.839,2.9394e-05
0.463,0.431,0.803,0.749,0.01086515
0.477,0.366,0.841,0.553,0.007582668
0.766,0.351,0.778,0.77,1.9275e-05
0.492,0.874,0.71,0.947,4.82e-07
0.221,0.215,0.42,0.478,0.094498566
0.16,0.524,0.964,0.949,0.074462031
0.137,0.028,0.506,0.783,0.473498489
0.169,0.616,0.623,0.789,0.009048027
0.631,0.626,0.937,0.755,0.00010842
0.363,0.126,0.721,0.174,0.0
0.552,0.147,0.784,0.712,0.003883371
0.186,0.268,0.462,0.371,0.0
0.592,0.612,0.989,0.814,0.000248644
0.173,0.716,0.503,0.72,7.0835e-05
0.528,0.054,0.895,0.604,0.00489192
0.237,0.248,0.837,0.568,0.145834327
0.204,0.352,0.252,0.832,0.131033765
0.509,0.814,0.597,0.973,3.373e-06
0.275,0.257,0.349,0.456,0.022275292
0.223,0.432,0.755,0.913,0.166258284
0.042,0.547,0.523,0.608,0.056867601
0.236,0.589,0.439,0.84,0.010460863
0.345,0.646,0.58,0.975,0.001539085
0.203,0.236,0.375,0.507,0.170749771
0.61,0.136,0.992,0.542,0.000945906
0.337,0.042,0.39,0.198,0.0
0.222,0.035,0.602,0.363,0.0
0.67,0.551,0.773,0.584,8.1436e-05
0.292,0.207,0.959,0.916,0.092204395
0.177,0.348,0.952,0.384,0.0
0.147,0.716,0.943,0.807,0.000777252
0.389,0.341,0.407,0.42,0.000934341
0.133,0.126,0.862,0.662,0.487942469
0.714,0.316,0.936,0.965,0.000363328
0.466,0.016,0.904,0.041,0.0
0.753,0.081,0.809,0.982,8.7218e-05
0.608,0.132,0.94,0.722,0.001590163
0.082,0.406,0.856,0.643,0.982282693
0.616,0.255,0.843,0.713,0.00137525
0.296,0.011,0.58,0.389,0.0
0.382,0.327,0.589,0.874,0.032922156
0.279,0.654,0.722,0.705,0.001551132
0.3,0.531,0.85,0.852,0.022848232
0.158,0.415,0.701,0.985,0.439591877
0.003,0.376,0.105,0.985,0.189925691
0.326,0.649,0.831,0.936,0.001796884
0.027,0.135,0.394,0.871,0.958116553
0.295,0.596,0.538,0.897,0.006540388
0.114,0.466,0.722,0.602,0.303715825
0.398,0.555,0.557,0.766,0.005780483
0.572,0.209,0.587,0.758,0.00061149
0.104,0.067,0.403,0.36,0.0
0.128,0.268,0.236,0.551,0.315554348
0.468,0.132,0.847,0.68,0.011450137
0.312,0.226,0.388,0.862,0.04113077
0.354,0.278,0.963,0.36,0.0
0.026,0.194,0.413,0.687,0.963558284
0.445,0.595,0.869,0.692,0.001756889
0.613,0.539,0.778,0.738,0.000549811
0.188,0.232,0.432,0.687,0.366610144
0.066,0.46,0.901,0.968,0.500270087
0.602,0.02,0.84,0.739,0.001742915
0.282,0.047,0.533,0.787,0.098574684
0.104,0.176,0.829,0.632,0.808261041
0.464,0.684,0.699,0.705,8.6736e-05
0.528,0.21,0.795,0.829,0.005487026
0.437,0.309,0.71,0.663,0.015931987
0.772,0.388,0.887,0.522,4.0477e-05
0.754,0.1,0.96,0.865,0.000131068
0.074,0.603,0.493,0.804,0.013358333
0.2,0.199,0.771,0.566,0.274066514
0.163,0.427,0.601,0.653,0.342323536
0.014,0.326,0.915,0.94,0.987476262
0.206,0.512,0.724,0.968,0.073866443
0.761,0.093,0.784,0.41,0.0
0.367,0.508,0.426,0.96,0.008082847
0.123,0.118,0.665,0.348,0.0
0.438,0.822,0.509,0.879,5.301e-06
0.929,0.027,0.973,0.15,0.0
0.676,0.009,0.733,0.949,0.000378266
0.269,0.252,0.839,0.355,0.0
0.049,0.278,0.259,0.993,0.855949065
0.359,0.301,0.925,0.358,0.0
0.051,0.441,0.559,0.67,0.713482992
0.006,0.167,0.642,0.968,0.986481205
0.469,0.267,0.513,0.736,0.004835541
0.6,0.083,0.668,0.574,0.000889528
0.143,0.081,0.566,0.415,0.0
0.133,0.256,0.928,0.86,0.491010038
0.172,0.285,0.28,0.56,0.295561181
0.153,0.194,0.595,0.37,0.0
0.138,0.094,0.255,0.424,0.068265696
0.022,0.069,0.577,0.311,0.0
0.831,0.513,0.859,0.883,8.192e-06
0.303,0.278,0.695,0.827,0.080646319
0.178,0.153,0.354,0.263,0.0
0.474,0.414,0.592,0.559,0.006717716
0.751,0.02,0.909,0.188,0.0
0.117,0.005,0.854,0.009,0.0
0.28,0.038,0.402,0.068,0.0
0.601,0.137,0.798,0.981,0.001750143
0.113,0.455,0.257,0.703,0.305861582
0.004,0.283,0.421,0.782,0.966935211
0.355,0.237,0.867,0.409,0.0
0.221,0.129,0.37,0.776,0.161654521
0.11,0.416,0.802,0.997,0.688546827
0.268,0.208,0.734,0.929,0.120798898
0.676,0.175,0.865,0.452,9.9265e-05
0.107,0.243,0.764,0.469,0.404536976
0.465,0.467,0.938,0.777,0.008397024
0.203,0.353,0.716,0.891,0.277960486
0.565,0.105,0.904,0.504,0.001398862
0.332,0.273,0.878,0.948,0.059331389
0.046,0.298,0.796,0.709,0.986409407
0.342,0.612,0.961,0.907,0.003571121
0.649,0.17,0.884,0.895,0.000910248
0.248,0.335,0.878,0.98,0.146673259
0.222,0.892,0.784,0.992,6.746e-06
0.205,0.034,0.32,0.761,0.198582924
0.06,0.147,0.139,0.361,0.0
0.25,0.189,0.916,0.718,0.143109848
0.374,0.023,0.622,0.701,0.037617473
0.368,0.863,0.413,0.906,1.446e-06
0.674,0.277,0.761,0.844,0.00051608
0.282,0.076,0.608,0.492,0.055977591
0.209,0.04,0.258,0.453,0.039130537
0.128,0.265,0.2,0.519,0.178163786
0.448,0.257,0.997,0.638,0.013913926
0.421,0.982,0.449,0.983,0.0
0.411,0.385,0.488,0.627,0.013008979
0.759,0.343,0.843,0.46,2.5057e-05
0.239,0.573,0.731,0.914,0.017566
0.872,0.013,0.969,0.419,0.0
0.3,0.874,0.437,0.911,2.891e-06
0.48,0.248,0.788,0.45,0.001976139
0.618,0.288,0.878,0.986,0.001368986
0.298,0.666,0.42,0.828,0.000783999
0.089,0.455,0.72,0.498,0.308764834
0.664,0.057,0.799,0.094,0.0
0.4,0.125,0.83,0.556,0.020242293
0.507,0.397,0.637,0.996,0.006201154
0.531,0.104,0.918,0.477,0.001765081
0.356,0.478,0.501,0.709,0.021373236
0.024,0.144,0.56,0.765,0.983665653
0.012,0.342,0.536,0.982,0.982435445
0.297,0.237,0.635,0.345,0.0
0.373,0.346,0.756,0.848,0.039571928
0.091,0.344,0.875,0.383,0.0
0.611,0.58,0.929,0.966,0.000345499
0.395,0.089,0.93,0.141,0.0
0.266,0.501,0.49,0.594,0.034445821
0.165,0.488,0.79,0.862,0.150393276
0.51,0.321,0.989,0.859,0.006966359
0.373,0.503,0.828,0.756,0.017406984
0.23,0.379,0.533,0.389,0.0
0.656,0.36,0.851,0.745,0.000805201
0.044,0.214,0.661,0.843,0.986681662
0.71,0.619,0.839,0.673,3.5658e-05
0.039,0.255,0.5,0.396,0.0
0.147,0.65,0.578,0.92,0.004069372
0.086,0.395,0.151,0.949,0.534898054
0.008,0.027,0.855,0.135,0.0
0.003,0.265,0.068,0.347,0.0
0.355,0.056,0.63,0.516,0.030034323
0.162,0.1,0.67,0.467,0.236476989
0.341,0.264,0.555,0.961,0.05068524
0.543,0.141,0.929,0.169,0.0
0.211,0.014,0.46,0.431,0.035909735
0.213,0.454,0.652,0.659,0.14798683
0.121,0.166,0.432,0.302,0.0
0.197,0.067,0.689,0.566,0.296483475
0.44,0.073,0.858,0.213,0.0
0.234,0.661,0.798,0.864,0.002467162
0.251,0.373,0.327,0.73,0.0795679
0.196,0.516,0.551,0.654,0.068360624
0.292,0.006,0.398,0.108,0.0
0.301,0.626,0.386,0.856,0.001687982
0.408,0.042,0.892,0.121,0.0
0.08,0.039,0.162,0.672,0.554432965
0.151,0.505,0.673,0.767,0.117885045
0.143,0.003,0.397,0.081,0.0
0.238,0.556,0.819,0.906,0.02474149
0.206,0.628,0.554,0.676,0.003998055
0.115,0.475,0.934,0.856,0.27403712
0.552,0.24,0.892,0.693,0.003933967
0.263,0.399,0.964,0.634,0.122556269
0.374,0.427,0.824,0.927,0.034112369
0.749,0.076,0.801,0.728,9.2037e-05
0.075,0.436,0.67,0.689,0.753180687
0.598,0.134,0.629,0.804,0.000721356
0.208,0.467,0.494,0.692,0.130529731
0.132,0.302,0.64,0.829,0.492984731
0.333,0.454,0.411,0.853,0.024300581
0.197,0.872,0.238,0.94,4.82e-07
0.252,0.296,0.662,0.492,0.078919788
0.897,0.17,0.938,0.794,4.337e-06
0.361,0.117,0.83,0.853,0.045025705
0.566,0.093,0.829,0.897,0.003175025
0.767,0.556,0.816,0.936,2.2648e-05
0.3,0.099,0.358,0.56,0.032182971
0.538,0.463,0.748,0.544,0.001938553
0.167,0.622,0.912,0.709,0.007172117
0.605,0.183,0.744,0.867,0.00151451
0.012,0.971,0.567,0.986,0.0
0.417,0.277,0.838,0.383,0.0
0.107,0.168,0.908,0.663,0.759469059
0.681,0.873,0.799,0.985,0.0
0.75,0.789,0.785,0.937,0.0
0.216,0.114,0.565,0.981,0.2144089
0.405,0.515,0.567,0.532,0.001725086
0.06,0.196,0.107,0.26,0.0
0.287,0.924,0.684,0.986,1.446e-06
0.109,0.113,0.502,0.525,0.599989206
0.156,0.359,0.377,0.714,0.405268451
0.417,0.165,0.817,0.738,0.021265297
0.226,0.613,0.306,0.781,0.003379337
0.326,0.225,0.942,0.488,0.030924333
0.716,0.216,0.944,0.656,0.00033297
0.344,0.307,0.496,0.733,0.044506252
0.492,0.023,0.572,0.472,0.001978548
0.05,0.42,0.448,0.984,0.742434559
0.629,0.105,0.655,0.268,0.0
0.038,0.786,0.104,0.953,0.0
0.169,0.522,0.457,0.84,0.067013322
0.397,0.547,0.85,0.67,0.007307522
0.021,0.461,0.753,0.796,0.489499865
0.125,0.032,0.675,0.763,0.518825361
0.078,0.017,0.413,0.514,0.814998513
0.005,0.328,0.855,0.956,0.987462288
0.293,0.581,0.484,0.691,0.007702653
0.01,0.466,0.109,0.802,0.067053317
0.607,0.434,0.614,0.559,0.000112757
0.331,0.174,0.904,0.357,0.0
0.709,0.177,0.941,0.225,0.0
0.179,0.485,0.633,0.59,0.131838002
0.592,0.111,0.935,0.218,0.0
0.635,0.446,0.916,0.458,8.1917e-05
0.021,0.489,0.082,0.894,0.0
0.613,0.471,0.623,0.511,3.3731e-05
0.173,0.708,0.725,0.939,0.000992165
0.067,0.531,0.873,0.963,0.09762155
0.238,0.028,0.868,0.038,0.0
0.308,0.505,0.41,0.991,0.019587435
0.198,0.059,0.491,0.218,0.0
0.378,0.086,0.905,0.439,0.005231154
0.259,0.36,0.787,0.935,0.13145829
0.244,0.55,0.256,0.731,0.002564017
0.535,0.079,0.795,0.416,0.0
0.342,0.338,0.943,0.5,0.02994566
0.082,0.767,0.166,0.921,5.301e-06
0.525,0.655,0.679,0.975,0.000200457
0.088,0.184,0.972,0.245,0.0
0.321,0.218,0.774,0.25,0.0
0.014,0.821,0.752,0.942,6.6498e-05
0.579,0.196,0.869,0.239,0.0
0.745,0.025,0.94,0.356,0.0
0.345,0.116,0.674,0.38,0.0
0.468,0.658,0.689,0.988,0.000400432
0.125,0.813,0.829,0.969,8.0472e-05
0.134,0.078,0.906,0.794,0.488388678
0.34,0.514,0.92,0.907,0.020225427
0.861,0.467,0.881,0.706,1.927e-06
0.006,0.699,0.481,0.833,0.001118896
0.292,0.192,0.321,0.769,0.025635836
0.302,0.291,0.509,0.951,0.075051355
0.811,0.101,0.878,0.529,1.4938e-05
0.564,0.226,0.854,0.394,0.0
0.137,0.37,0.309,0.672,0.403808392
0.37,0.899,0.693,0.973,2.409e-06
0.062,0.866,0.697,0.893,1.301e-05
0.541,0.11,0.913,0.874,0.004697245
0.404,0.308,0.77,0.431,0.003024683
0.16,0.377,0.946,0.729,0.435769222
0.638,0.146,0.64,0.995,3.0358e-05
0.498,0.065,0.84,0.428,0.000875553
0.449,0.234,0.724,0.453,0.003283927
0.34,0.559,0.464,0.78,0.0071832
0.09,0.212,0.529,0.712,0.975562568
0.005,0.123,0.583,0.492,0.702509904
0.745,0.071,0.919,0.262,0.0
0.051,0.634,0.931,0.939,0.006580383
0.084,0.08,0.563,0.334,0.0
0.907,0.638,0.923,0.666,0.0
0.25,0.126,0.318,0.707,0.074677908
0.334,0.123,0.985,0.243,0.0
0.344,0.472,0.959,0.582,0.024970859
0.267,0.005,0.74,0.018,0.0
0.847,0.38,0.947,0.626,1.5902e-05
0.299,0.078,0.927,0.846,0.084959998
0.485,0.075,0.549,0.273,0.0
0.91,0.403,0.915,0.984,9.64e-07
0.197,0.278,0.969,0.68,0.320976803
0.597,0.855,0.668,0.891,4.82e-07
0.749,0.116,0.922,0.798,0.000144078
0.621,0.048,0.681,0.547,0.000489577
0.157,0.729,0.761,0.803,0.00054451
0.38,0.317,0.382,0.74,0.001024932
0.006,0.52,0.127,0.612,0.034527738
0.039,0.113,0.075,0.797,0.0
0.004,0.428,0.658,0.835,0.754648938
0.38,0.542,0.865,0.746,0.009769383
0.256,0.103,0.612,0.837,0.13383968
0.157,0.396,0.958,0.58,0.419055646
0.17,0.03,0.192,0.861,0.059719775
0.762,0.339,0.827,0.373,0.0
0.141,0.248,0.514,0.814,0.465047977
0.701,0.043,0.949,0.792,0.000444282
0.171,0.191,0.614,0.698,0.417049631
0.513,0.487,0.628,0.708,0.003365363
0.34,0.107,0.898,0.478,0.023931471
0.412,0.145,0.424,0.433,0.00036381
0.032,0.57,0.226,0.907,0.014664194
0.636,0.584,0.678,0.813,8.1917e-05
0.476,0.945,0.677,0.962,0.0
0.277,0.334,0.388,0.471,0.036689396
0.326,0.829,0.475,0.948,2.0238e-05
0.283,0.38,0.346,0.768,0.050603804
0.128,0.597,0.603,0.986,0.016352658
0.648,0.85,0.939,0.937,4.82e-07
0.022,0.187,0.33,0.867,0.926935385
0.023,0.093,0.59,0.818,0.985234614
0.437,0.308,0.858,0.788,0.016802722
0.137,0.004,0.976,0.181,0.0
0.899,0.769,0.927,0.974,0.0
0.212,0.591,0.85,0.711,0.013101979
0.356,0.283,0.832,0.942,0.047345898
0.536,0.656,0.884,0.832,0.000202866
0.746,0.26,0.802,0.784,0.000109384
0.474,0.603,0.936,0.798,0.001214306
0.528,0.329,0.642,0.508,0.002271524
0.159,0.212,0.526,0.631,0.426211861
0.648,0.064,0.671,0.108,0.0
0.764,0.073,0.772,0.63,1.6383e-05
0.306,0.654,0.387,0.985,0.000785926
0.602,0.353,0.688,0.903,0.001242255
0.873,0.724,0.996,0.764,4.82e-07
0.163,0.372,0.998,0.472,0.248620052
0.214,0.093,0.672,0.109,0.0
0.339,0.1,0.364,0.425,0.001780019
0.905,0.192,0.961,0.359,0.0
0.014,0.189,0.683,0.637,0.980939728
0.111,0.624,0.916,0.937,0.008579652
0.296,0.203,0.611,0.693,0.085720385
0.25,0.012,0.354,0.755,0.095289311
0.07,0.53,0.3,0.55,0.027554151
0.284,0.103,0.446,0.998,0.086306336
0.338,0.251,0.788,0.453,0.015659732
0.364,0.04,0.89,0.376,0.0
0.381,0.35,0.482,0.942,0.025691733
0.407,0.008,0.898,0.998,0.024518385
0.021,0.528,0.768,0.696,0.103931606
0.164,0.398,0.991,0.76,0.429083791
0.487,0.627,0.548,0.891,0.000333452
0.11,0.277,0.16,0.618,0.251417775
0.589,0.343,0.767,0.642,0.001969393
0.262,0.029,0.539,0.604,0.115831325
0.158,0.528,0.991,0.976,0.071185332
0.132,0.288,0.973,0.331,0.0
0.149,0.187,0.285,0.359,0.0
0.282,0.659,0.561,0.919,0.001753998
0.284,0.41,0.596,0.515,0.067440739
0.135,0.767,0.471,0.85,0.000206721
0.076,0.49,0.664,0.597,0.27317024
0.755,0.815,0.764,0.838,0.0
0.121,0.709,0.478,0.967,0.000901092
0.323,0.093,0.755,0.988,0.065030919
0.3,0.05,0.858,0.067,0.0
0.172,0.167,0.383,0.621,0.378052571
0.672,0.103,0.734,0.639,0.000381157
0.145,0.388,0.94,0.512,0.359916521
0.243,0.213,0.849,0.567,0.135718
0.046,0.04,0.691,0.906,0.986967892
0.081,0.398,0.581,0.934,0.984992717
0.253,0.456,0.422,0.863,0.07678126
0.321,0.109,0.358,0.207,0.0
0.273,0.12,0.863,0.805,0.115157192
0.16,0.734,0.75,0.809,0.000501624
0.367,0.826,0.861,0.884,1.301e-05
0.346,0.392,0.928,0.732,0.051777152
0.151,0.219,0.625,0.617,0.441889422
0.43,0.223,0.571,0.875,0.015332544
0.052,0.468,0.447,0.891,0.394390291
0.08,0.8,0.195,1.0,5.301e-06
0.291,0.19,0.903,0.247,0.0
0.466,0.033,0.871,0.114,0.0
0.103,0.049,0.309,0.643,0.758996829
0.139,0.35,0.509,0.647,0.464945821
0.221,0.187,0.823,0.885,0.202859499
0.608,0.544,0.878,0.666,0.000531982
0.409,0.091,0.719,0.324,0.0
0.653,0.089,0.975,0.128,0.0
0.287,0.147,0.378,0.866,0.060658453
0.439,0.334,0.57,0.871,0.01344025
0.364,0.858,0.444,0.969,3.855e-06
0.344,0.456,0.384,0.619,0.011307986
0.339,0.285,0.369,0.707,0.013852247
0.137,0.512,0.784,0.561,0.069213529
0.438,0.959,0.661,0.982,0.0
0.13,0.242,0.3,0.996,0.416964822
0.258,0.007,0.909,0.115,0.0
0.31,0.293,0.568,0.615,0.067907668
0.505,0.061,0.775,0.992,0.007370646
0.713,0.042,0.761,0.37,0.0
0.719,0.825,0.754,0.826,0.0
0.412,0.042,0.575,0.475,0.007298366
0.193,0.173,0.3,0.209,0.0
0.2,0.354,0.859,0.529,0.243744998
0.175,0.402,0.729,0.778,0.414649449
0.146,0.443,0.803,0.717,0.337497151
0.566,0.567,0.738,0.97,0.00075075
0.104,0.556,0.73,0.582,0.031302117
0.158,0.781,0.72,0.991,0.000173472
0.099,0.507,0.632,0.643,0.199373187
0.264,0.025,0.941,0.917,0.125500962
0.13,0.393,0.437,0.78,0.483981999
0.028,0.735,0.28,0.757,0.00011613
0.848,0.228,0.97,0.36,0.0
0.878,0.394,0.96,0.973,1.1565e-05
0.503,0.815,0.72,0.878,4.337e-06
0.034,0.606,0.121,0.664,2.409e-06
0.722,0.138,0.865,0.647,0.000269846
0.807,0.221,0.854,0.725,2.8912e-05
0.321,0.548,0.883,0.831,0.014907055
0.231,0.354,0.799,0.963,0.17783467
0.565,0.556,0.948,0.884,0.0009753
0.403,0.543,0.999,0.644,0.00678325
0.06,0.072,0.266,0.303,0.0
0.291,0.158,0.85,0.502,0.055222023
0.142,0.373,0.254,0.729,0.33151862
0.256,0.784,0.697,0.794,2.1202e-05
0.365,0.229,0.922,0.365,0.0
0.439,0.071,0.837,0.464,0.004894811
0.307,0.122,0.978,0.728,0.077253972
0.237,0.99,0.628,0.99,0.0
0.329,0.049,0.99,0.987,0.061114299
0.118,0.154,0.568,0.942,0.562951901
0.393,0.593,0.709,0.869,0.003531126
0.091,0.593,0.273,0.719,0.009260049
0.287,0.132,0.456,0.863,0.084349953
0.552,0.132,0.924,0.693,0.00393734
0.476,0.245,0.932,0.407,0.0
0.42,0.143,0.443,0.554,0.003701225
0.0,0.899,0.39,0.945,2.891e-06
0.535,0.0,0.535,0.055,0.0
0.05,0.152,0.397,0.376,0.0
0.006,0.503,0.288,0.803,0.187584779
0.424,0.065,0.642,0.396,0.0
0.139,0.05,0.693,0.133,0.0
0.355,0.059,0.374,0.546,0.006988525
0.841,0.092,0.855,0.214,0.0
0.669,0.772,0.949,0.88,1.927e-06
0.773,0.418,0.881,0.479,2.6503e-05
0.264,0.075,0.932,0.631,0.121218123
0.225,0.033,0.737,0.404,0.0
0.901,0.147,0.952,0.886,4.819e-06
0.741,0.104,0.98,0.631,0.000162389
0.231,0.636,0.694,0.808,0.004495343
0.651,0.26,0.671,0.446,2.9394e-05
0.194,0.621,0.227,0.723,0.000664495
0.134,0.194,0.531,0.514,0.38192004
0.389,0.507,0.994,0.91,0.01435869
0.1,0.052,0.736,0.2,0.0
0.205,0.319,0.298,0.6,0.174678438
0.218,0.067,0.916,0.483,0.112647626
0.089,0.534,0.709,0.604,0.076610678
0.867,0.338,0.957,0.483,3.855e-06
0.274,0.474,0.99,0.52,0.028542461
0.209,0.46,0.529,0.97,0.144726032
0.178,0.466,0.896,0.855,0.188193859
0.24,0.716,0.245,0.88,1.3974e-05
0.199,0.339,0.732,0.929,0.30691639
0.107,0.312,0.711,0.713,0.761189326
0.097,0.034,0.209,0.631,0.697481616
0.107,0.597,0.55,0.911,0.016235564
0.855,0.245,0.975,0.485,5.782e-06
0.458,0.132,0.661,0.957,0.012395079
0.175,0.132,0.409,0.841,0.391210928
0.191,0.19,0.498,0.208,0.0
0.189,0.592,0.484,0.774,0.013030663
0.389,0.116,0.407,0.193,0.0
0.118,0.247,0.798,0.357,0.0
0.418,0.013,0.448,0.273,0.0
0.125,0.745,0.672,0.975,0.00047464
0.159,0.119,0.368,0.52,0.329635482
0.702,0.372,0.706,0.953,2.2648e-05
0.349,0.563,0.522,0.718,0.007242951
0.633,0.281,0.992,0.812,0.001118896
0.705,0.646,0.754,0.88,1.8793e-05
0.722,0.575,0.734,0.635,9.637e-06
0.089,0.285,0.646,0.557,0.931772853
0.167,0.012,0.223,0.166,0.0
0.171,0.311,0.295,0.635,0.327824623
0.113,0.359,0.257,0.589,0.491615745
0.227,0.259,0.231,0.383,0.0
0.766,0.005,0.84,0.701,7.5653e-05
0.257,0.411,0.534,0.449,0.036310648
0.286,0.257,0.718,0.764,0.098529388
0.471,0.973,0.573,0.989,0.0
0.108,0.238,0.807,0.349,0.0
0.143,0.536,0.525,0.682,0.06175422
0.098,0.259,0.36,0.707,0.889670639
0.304,0.683,0.935,0.743,0.000615345
0.004,0.416,0.604,0.824,0.985702026
0.188,0.703,0.652,0.713,0.000208167
0.318,0.288,0.977,0.377,0.0
0.506,0.147,0.67,0.964,0.006690249
0.453,0.44,0.864,0.976,0.012034642
0.011,0.35,0.385,0.701,0.952931176
0.168,0.498,0.569,0.518,0.046225555
0.045,0.09,0.799,0.824,0.987360614
0.186,0.439,0.878,0.481,0.158843788
0.691,0.208,0.732,0.94,0.000262136
0.603,0.678,0.923,0.87,5.2524e-05
0.201,0.311,0.88,0.816,0.292395311
0.109,0.034,0.896,0.496,0.469978928
0.627,0.094,0.693,0.252,0.0
0.305,0.119,0.482,0.248,0.0
0.751,0.255,0.806,0.303,0.0
0.119,0.458,0.536,0.75,0.309108887
0.38,0.223,0.841,0.358,0.0
0.756,0.552,0.85,0.687,3.614e-05
0.122,0.001,0.994,0.381,0.0
0.198,0.099,0.953,0.723,0.31415645
0.271,0.153,0.857,0.755,0.117386794
0.303,0.823,0.711,0.855,2.072e-05
0.233,0.148,0.422,0.386,0.0
0.434,0.043,0.891,0.982,0.017454207
0.617,0.464,0.935,0.739,0.001059627
0.81,0.661,0.91,0.73,2.409e-06
0.243,0.269,0.862,0.71,0.154224605
0.003,0.094,0.399,0.893,0.960154371
0.519,0.396,0.652,0.639,0.005063464
0.053,0.25,0.986,0.813,0.987399645
0.6,0.268,0.663,0.558,0.000776771
0.251,0.496,0.681,0.503,0.006277289
0.218,0.372,0.459,0.519,0.148078866
0.25,0.51,0.478,0.597,0.034227535
0.143,0.409,0.816,0.496,0.316802385
0.517,0.123,0.852,0.159,0.0
0.551,0.732,0.558,0.78,9.64e-07
0.792,0.228,0.814,0.445,3.855e-06
0.024,0.253,0.886,0.779,0.987285442
0.306,0.244,0.716,0.763,0.077945452
0.49,0.062,0.936,0.884,0.009008514
0.085,0.196,0.328,0.523,0.824700917
0.155,0.786,0.38,0.991,0.000113721
0.209,0.156,0.592,0.369,0.0
0.736,0.797,0.963,0.802,0.0
0.262,0.256,0.652,0.827,0.12705643
0.14,0.474,0.435,0.901,0.191260464
0.078,0.211,0.509,0.93,0.980429913
0.044,0.249,0.124,0.254,0.0
0.185,0.195,0.366,0.29,0.0
0.301,0.096,0.623,0.752,0.081610054
0.014,0.389,0.318,0.448,0.3316786
0.334,0.014,0.952,0.237,0.0
0.395,0.102,0.629,0.644,0.02663282
0.65,0.29,0.821,0.31,0.0
0.189,0.582,0.852,0.76,0.018000645
0.48,0.41,0.869,0.734,0.010110545
0.011,0.22,0.699,0.719,0.986207987
0.83,0.501,0.983,0.852,1.9757e-05
0.007,0.01,0.058,0.452,0.0
0.745,0.185,0.936,0.748,0.000159498
0.274,0.478,0.866,0.859,0.058884698
0.289,0.029,0.703,0.2,0.0
0.224,0.202,0.641,0.522,0.143726638
0.222,0.608,0.793,0.79,0.009128981
0.407,0.173,0.974,0.324,0.0
0.088,0.11,0.13,0.579,0.485307617
0.481,0.677,0.49,0.799,2.5057e-05
0.792,0.575,0.793,0.69,0.0
0.399,0.064,0.79,0.142,0.0
0.359,0.75,0.733,0.907,0.000111793
0.311,0.581,0.393,0.629,0.002750982
0.135,0.52,0.883,0.944,0.091323059
0.256,0.132,0.688,0.644,0.131461663
0.659,0.002,0.795,0.554,0.000484277
0.523,0.191,0.633,0.346,0.0
0.192,0.793,0.964,0.955,0.000131068
0.109,0.262,0.897,0.394,0.0
0.264,0.197,0.941,0.401,0.0
0.237,0.39,0.585,0.431,0.02586906
0.495,0.363,0.51,0.57,0.001190213
0.296,0.354,0.536,0.821,0.082843635
0.268,0.626,0.765,0.682,0.003356689
0.057,0.308,0.974,0.569,0.950407154
0.319,0.221,0.531,0.863,0.062562311
0.263,0.284,0.438,0.449,0.031779166
0.297,0.137,0.306,0.968,0.008507372
0.017,0.124,0.56,0.787,0.983783229
0.323,0.642,0.903,0.961,0.00214672
0.588,0.721,0.914,0.866,2.1202e-05
0.091,0.546,0.142,0.904,0.017650809
0.64,0.425,0.689,0.576,0.000353209
0.524,0.025,0.722,0.664,0.005379088
0.366,0.085,0.993,0.516,0.027226963
0.032,0.232,0.688,0.348,0.0
0.574,0.08,0.96,0.132,0.0
0.2,0.629,0.47,0.756,0.005000822
0.095,0.049,0.107,0.903,0.198249472
0.213,0.647,0.639,0.755,0.003410177
0.027,0.322,0.565,0.854,0.984194744
0.045,0.854,0.43,0.868,7.228e-06
0.44,0.657,0.784,0.807,0.000582096
0.079,0.295,0.553,0.749,0.983128853
0.326,0.42,0.913,0.994,0.054434651
0.392,0.885,0.915,0.921,2.409e-06
0.318,0.129,0.366,0.807,0.025720163
0.188,0.213,0.422,0.575,0.348138714
0.365,0.482,0.588,0.953,0.022480086
0.206,0.122,0.742,0.3,0.0
0.054,0.613,0.162,0.752,0.000919885
0.5,0.005,0.921,0.453,0.001688464
0.836,0.811,0.863,0.851,0.0
0.064,0.02,0.152,0.475,0.373225222
0.179,0.534,0.182,0.603,0.000465966
0.638,0.071,0.829,0.293,0.0
0.473,0.214,0.919,0.45,0.002171295
0.806,0.452,0.868,0.665,2.1202e-05
0.208,0.24,0.929,0.688,0.248473082
0.098,0.595,0.34,0.774,0.012163783
0.705,0.276,0.97,0.824,0.000423562
0.344,0.047,0.393,0.744,0.023104104
0.59,0.311,0.896,0.861,0.002166477
0.482,0.646,0.918,0.792,0.000460184
0.69,0.13,0.837,0.62,0.000425971
0.351,0.181,0.416,0.661,0.027584991
0.857,0.271,0.948,0.907,1.5902e-05
0.028,0.29,0.332,0.511,0.771469489
0.137,0.566,0.833,0.868,0.034248737
0.728,0.124,0.966,0.794,0.000266955
0.106,0.207,0.698,0.256,0.0
0.472,0.595,0.685,0.653,0.000921331
0.095,0.77,0.255,0.873,7.9026e-05
0.48,0.393,0.772,0.444,0.001594018
0.026,0.168,0.337,0.45,0.352337708
0.181,0.511,0.211,0.634,0.015638048
0.429,0.005,0.574,0.146,0.0
0.929,0.091,0.99,0.296,0.0
0.468,0.522,0.869,0.678,0.004639421
0.115,0.838,0.6,0.844,7.228e-06
0.146,0.301,0.646,0.659,0.457699979
0.044,0.857,0.116,0.928,0.0
0.113,0.08,0.706,0.894,0.634790645
0.113,0.123,0.562,0.621,0.622933812
0.596,0.063,0.873,0.157,0.0
0.895,0.135,0.916,0.278,0.0
0.125,0.196,0.139,0.621,0.043246168
0.293,0.077,0.803,0.777,0.090996353
0.226,0.537,0.645,0.953,0.038505073
0.249,0.597,0.631,0.818,0.009690839
0.359,0.623,0.57,0.776,0.002170332
0.471,0.032,0.492,0.214,0.0
0.026,0.065,0.628,0.248,0.0
0.118,0.588,0.751,0.609,0.008616756
0.238,0.33,0.946,0.876,0.163808951
0.308,0.785,0.408,0.803,1.301e-05
0.191,0.624,0.748,0.838,0.006921546
0.369,0.196,0.844,0.577,0.035591702
0.181,0.81,0.676,0.859,6.4088e-05
0.907,0.204,0.915,0.46,4.82e-07
0.582,0.076,0.707,0.797,0.002032517
0.706,0.339,0.829,0.89,0.000383567
0.404,0.228,0.843,0.546,0.018049313
0.232,0.826,0.55,0.888,4.0477e-05
0.564,0.132,0.833,0.801,0.003276218
0.263,0.093,0.624,0.31,0.0
0.637,0.652,0.967,0.827,5.9752e-05
0.501,0.654,0.55,0.808,0.000139742
0.546,0.256,0.852,0.325,0.0
0.091,0.362,0.485,0.575,0.942733413
0.388,0.434,0.94,0.517,0.015385549
0.061,0.378,0.925,0.989,0.987477708
0.003,0.079,0.656,0.432,0.231984056
0.236,0.332,0.874,0.768,0.167388745
0.415,0.212,0.886,0.467,0.006925883
0.5,0.334,0.997,0.743,0.007904556
0.421,0.269,0.495,0.92,0.011947906
0.555,0.329,0.65,0.948,0.002914817
0.461,0.535,0.638,0.853,0.004024076
0.002,0.719,0.267,0.941,0.000263582
0.432,0.06,0.985,0.281,0.0
0.86,0.479,0.968,0.603,8.674e-06
0.477,0.727,0.624,0.78,4.5777e-05
0.593,0.18,0.698,0.433,0.000141187
0.798,0.309,0.876,0.924,4.5296e-05
0.268,0.109,0.889,0.551,0.099895965
0.143,0.201,0.265,0.723,0.343202463
0.817,0.088,0.865,0.475,9.637e-06
0.857,0.113,0.871,0.396,0.0
0.046,0.339,0.16,0.977,0.551059892
0.713,0.153,0.901,0.422,3.3249e-05
0.334,0.443,0.433,0.593,0.029010355
0.138,0.044,0.302,0.283,0.0
0.073,0.302,0.805,0.765,0.987153893
0.023,0.461,0.953,0.557,0.435050758
0.069,0.28,0.476,0.394,0.0
0.425,0.144,0.702,0.727,0.018857887
0.481,0.065,0.501,0.765,0.002227192
0.135,0.431,0.881,0.646,0.390011078
0.49,0.682,0.548,0.683,5.301e-06
0.204,0.121,0.714,0.881,0.271501051
0.042,0.0,0.783,0.199,0.0
0.186,0.215,0.201,0.233,0.0
0.167,0.031,0.995,0.712,0.424107545
0.732,0.276,0.777,0.283,0.0
0.626,0.421,0.958,0.803,0.001118896
0.01,0.583,0.309,0.913,0.015560949
0.194,0.283,0.744,0.683,0.34573805
0.125,0.277,0.776,0.302,0.0
0.088,0.156,0.157,0.606,0.544636115
0.198,0.034,0.564,0.145,0.0
0.084,0.888,0.156,0.938,0.0
0.088,0.081,0.518,0.55,0.917440185
0.288,0.479,0.566,0.854,0.049219399
0.001,0.314,0.825,0.809,0.987355313
0.172,0.036,0.677,0.848,0.418016257
0.568,0.019,0.671,0.339,0.0
0.462,0.256,0.533,0.541,0.005008531
0.132,0.259,0.732,0.845,0.493776921
0.2,0.227,0.639,0.312,0.0
0.47,0.398,0.747,0.571,0.008955509
0.187,0.4,0.516,0.945,0.383882205
0.158,0.002,0.306,0.569,0.343249204
0.105,0.509,0.619,0.676,0.183108711
0.821,0.121,0.907,0.421,7.71e-06
0.021,0.12,0.955,0.391,0.0
0.164,0.296,0.504,0.786,0.421699653
0.491,0.346,0.67,0.765,0.008206686
0.753,0.585,0.926,0.688,2.5057e-05
0.293,0.08,0.485,0.729,0.081301177
0.695,0.234,0.789,0.735,0.000413442
0.684,0.049,0.702,0.194,0.0
0.266,0.524,0.472,0.63,0.02479305
0.109,0.895,0.328,0.941,1.927e-06
0.174,0.143,0.288,0.505,0.253930714
0.435,0.11,0.53,0.894,0.011842859
0.436,0.455,0.712,0.944,0.012584935
0.458,0.121,0.869,0.803,0.013128482
0.008,0.002,0.558,0.456,0.43427206
0.095,0.083,0.384,0.266,0.0
0.197,0.491,0.464,0.877,0.118559177
0.373,0.131,0.994,0.612,0.036928403
0.239,0.34,0.409,0.528,0.106999656
0.65,0.335,0.701,0.798,0.000460184
0.578,0.379,0.708,0.739,0.002204544
0.023,0.136,0.747,0.497,0.725258871
0.102,0.149,0.257,0.339,0.0
0.547,0.144,0.918,0.454,0.000903502
0.343,0.208,0.873,0.994,0.053473807
0.139,0.41,0.174,0.858,0.059967455
0.549,0.482,0.939,0.974,0.002766402
0.52,0.427,0.736,0.821,0.005309699
0.61,0.109,0.991,0.849,0.001550168
0.291,0.828,0.778,0.959,3.1803e-05
0.056,0.924,0.348,0.983,9.64e-07
0.89,0.017,0.978,0.818,5.782e-06
0.307,0.128,0.476,0.912,0.066853824
0.679,0.502,0.973,0.749,0.00034839
0.195,0.185,0.274,0.903,0.22591397
0.488,0.197,0.568,0.569,0.004875536
0.002,0.584,0.429,0.927,0.020607548
0.505,0.134,0.538,0.818,0.002536551
0.61,0.638,0.648,0.658,1.7347e-05
0.297,0.071,0.506,0.835,0.079554407
0.457,0.06,0.563,0.552,0.007311858
0.499,0.593,0.55,0.947,0.000538246
0.122,0.771,0.68,0.9,0.000231296
0.583,0.179,0.893,0.653,0.002283089
0.026,0.07,0.04,0.671,0.0
0.283,0.155,0.777,0.629,0.098704788
0.843,0.393,0.92,0.922,2.2166e-05
0.354,0.097,0.784,0.453,0.013514458
0.142,0.146,0.963,0.711,0.468809917
0.171,0.276,0.667,0.956,0.419063355
0.597,0.221,0.795,0.997,0.001866755
0.217,0.095,0.62,0.816,0.213221097
0.072,0.19,0.997,0.466,0.557332362
0.223,0.194,0.336,0.822,0.140466323
0.175,0.37,0.656,0.717,0.413445262
0.216,0.722,0.33,0.76,0.000199975
0.142,0.025,0.828,0.091,0.0
0.712,0.545,0.939,0.646,0.000122876
0.334,0.186,0.684,0.336,0.0
0.173,0.401,0.908,0.763,0.417201901
0.551,0.242,0.553,0.272,0.0
0.067,0.334,0.756,0.848,0.987321583
0.43,0.239,0.903,0.915,0.018273864
0.12,0.237,0.748,0.86,0.549288547
0.165,0.167,0.873,0.19,0.0
0.58,0.172,0.612,0.925,0.001031197
0.479,0.116,0.675,0.361,0.0
0.748,0.366,0.87,0.539,7.7099e-05
0.581,0.128,0.666,0.329,0.0
0.56,0.005,0.748,0.988,0.003397648
0.071,0.031,0.753,0.775,0.987136063
0.253,0.311,0.907,0.806,0.139377302
0.325,0.554,0.935,0.998,0.012833579
0.028,0.228,0.046,0.366,0.0
0.34,0.038,0.746,0.712,0.054516569
0.535,0.074,0.868,0.859,0.005090931
0.297,0.412,0.34,0.434,0.00499263
0.254,0.012,0.974,0.886,0.138059394
0.153,0.035,0.538,0.881,0.444088184
0.724,0.046,0.924,0.767,0.000288639
0.121,0.329,0.924,0.63,0.535890219
0.504,0.174,0.881,0.514,0.003974444
0.138,0.251,0.418,0.366,0.0
0.485,0.434,0.626,0.51,0.003388493
0.171,0.91,0.741,0.931,3.855e-06
0.244,0.093,0.348,0.957,0.102313012
0.732,0.737,0.766,0.83,4.82e-07
0.343,0.117,0.9,0.765,0.053393335
0.222,0.807,0.752,0.815,1.1565e-05
0.295,0.053,0.554,0.366,0.0
0.146,0.131,0.437,0.703,0.444119505
0.859,0.632,0.963,0.728,4.82e-07
0.01,0.146,0.07,0.438,0.0
0.509,0.009,0.565,0.356,0.0
0.089,0.432,0.397,0.832,0.730609047
0.498,0.053,0.585,0.69,0.005695193
0.092,0.129,0.771,0.876,0.97607142
0.129,0.294,0.198,0.543,0.171867704
0.644,0.174,0.781,0.716,0.000883745
0.034,0.786,0.998,0.968,0.000155161
0.312,0.732,0.594,0.976,0.000237561
0.062,0.035,0.143,0.497,0.406027874
0.35,0.71,0.587,0.772,0.00023467
0.145,0.361,0.42,0.451,0.165229979
0.417,0.461,0.432,0.869,0.002524504
0.185,0.083,0.197,0.501,0.067681673
0.236,0.464,0.85,0.994,0.099590461
0.402,0.232,0.764,0.898,0.026104693
0.14,0.54,0.49,0.682,0.056868082
0.016,0.207,0.765,0.332,0.0
0.762,0.034,0.923,0.762,0.000112275
0.529,0.681,0.888,0.921,0.000114684
0.067,0.511,0.634,0.642,0.173578816
0.318,0.46,0.844,0.583,0.037736013
0.344,0.087,0.724,0.849,0.052700892
0.704,0.15,0.957,0.549,0.000263582
0.328,0.302,0.879,0.979,0.061734463
0.35,0.247,0.524,0.372,0.0
0.607,0.058,0.891,0.352,0.0
0.361,0.503,0.929,0.822,0.01928964
0.028,0.192,0.65,0.913,0.986568905
0.75,0.386,0.776,0.846,5.686e-05
0.153,0.123,0.62,0.528,0.375167148
0.2,0.208,0.947,0.694,0.298526112
0.648,0.336,0.736,0.68,0.00069148
0.615,0.485,0.786,0.698,0.000907357
0.474,0.852,0.513,0.986,4.82e-07
0.573,0.134,0.818,0.165,0.0
0.541,0.074,0.918,0.715,0.004654359
0.075,0.5,0.82,0.976,0.244954485
0.205,0.092,0.735,0.901,0.265709967
0.295,0.691,0.827,0.831,0.000734366
0.108,0.183,0.846,0.259,0.0
0.233,0.063,0.534,0.345,0.0
0.463,0.013,0.733,0.675,0.0118896
0.173,0.008,0.57,0.023,0.0
0.571,0.524,0.789,0.858,0.001322245
0.32,0.043,0.777,0.158,0.0
0.067,0.235,0.285,0.927,0.887271902
0.287,0.017,0.693,0.603,0.090823844
0.712,0.417,0.901,0.594,0.000295867
0.264,0.132,0.28,0.579,0.017762602
0.158,0.109,0.615,0.431,0.084576431
0.608,0.273,0.74,0.937,0.001413799
0.298,0.336,0.365,0.433,0.006596767
0.448,0.149,0.752,0.886,0.014607815
0.361,0.039,0.58,0.36,0.0
0.333,0.091,0.623,0.968,0.057477163
0.158,0.611,0.46,0.793,0.009583864
0.112,0.195,0.4,0.508,0.466904131
0.764,0.694,0.904,0.911,5.782e-06
0.072,0.11,0.223,0.479,0.555906998
0.179,0.121,0.625,0.472,0.238789953
0.235,0.068,0.807,0.325,0.0
0.736,0.535,0.868,0.928,9.2519e-05
0.238,0.163,0.356,0.399,0.0
0.107,0.024,0.198,0.047,0.0
0.144,0.276,0.437,0.931,0.448888067
0.07,0.343,0.655,0.346,0.0
0.263,0.899,0.796,0.968,4.819e-06
0.03,0.001,0.805,0.746,0.986962591
0.412,0.08,0.585,0.624,0.019045334
0.246,0.027,0.728,0.205,0.0
0.185,0.127,0.187,0.324,0.0
0.257,0.677,0.36,0.854,0.000821102
0.065,0.609,0.172,0.657,0.001378623
0.208,0.462,0.54,0.669,0.141095642
0.061,0.53,0.619,0.668,0.096240036
0.118,0.163,0.222,0.263,0.0
0.071,0.314,0.324,0.781,0.922863604
0.228,0.244,0.394,0.53,0.123466517
0.185,0.652,0.972,0.9,0.003667012
0.264,0.5,0.774,0.903,0.048852216
0.329,0.348,0.489,0.514,0.03391914
0.102,0.159,0.829,0.844,0.859442605
0.891,0.56,0.896,0.748,0.0
0.578,0.053,0.69,0.469,0.000548847
0.148,0.017,0.671,0.972,0.457211847
0.644,0.45,0.899,0.722,0.000814356
0.048,0.235,0.099,0.961,0.060869993
0.055,0.004,0.932,0.248,0.0
0.179,0.552,0.383,0.87,0.030840488
0.233,0.188,0.926,0.283,0.0
0.206,0.749,0.846,0.89,0.000348872
0.183,0.587,0.766,0.699,0.015462648
0.301,0.884,0.516,0.894,4.82e-07
0.893,0.228,0.914,0.605,2.409e-06
0.317,0.399,0.737,0.919,0.069209193
0.723,0.281,0.916,0.915,0.00029683
0.055,0.811,0.089,0.968,0.0
0.363,0.294,0.926,0.373,0.0
0.026,0.332,0.823,0.584,0.963755849
0.084,0.046,0.476,0.33,0.0
0.466,0.187,0.548,0.602,0.006903235
0.451,0.505,0.481,0.612,0.001528002
0.291,0.491,0.36,0.781,0.021178561
0.216,0.31,0.408,0.401,0.0
0.35,0.078,0.686,0.777,0.049516711
0.516,0.746,0.57,0.753,0.0
0.397,0.675,0.902,0.733,0.000390313
0.714,0.421,0.884,0.996,0.000324297
0.243,0.476,0.893,0.972,0.081157581
0.077,0.04,0.394,0.736,0.957674199
0.551,0.508,0.987,0.895,0.002118772
0.406,0.072,0.58,0.744,0.022248789
0.017,0.297,0.968,0.32,0.0
0.759,0.622,0.939,0.911,2.0238e-05
0.023,0.102,0.162,0.514,0.483785397
0.099,0.003,0.735,0.654,0.922542198
0.277,0.365,0.527,0.667,0.103249763
0.047,0.328,0.675,0.474,0.629626471
0.494,0.285,0.515,0.463,0.000586433
0.034,0.029,0.045,0.077,0.0
0.231,0.28,0.479,0.715,0.166974339
0.119,0.778,0.474,0.895,0.00017299
0.113,0.085,0.127,0.702,0.123739254
0.032,0.583,0.245,0.996,0.01048062
0.224,0.626,0.844,0.97,0.005959738
0.238,0.042,0.866,0.627,0.158325298
0.216,0.036,0.712,0.593,0.204189935
0.421,0.41,0.597,0.593,0.016041853
0.242,0.231,0.736,0.427,0.024701977
0.304,0.743,0.895,0.995,0.000210576
0.432,0.267,0.941,0.551,0.012809967
0.457,0.396,0.562,0.454,0.002456079
0.228,0.266,0.71,0.633,0.179765032
0.32,0.267,0.513,0.36,0.0
0.047,0.656,0.855,0.775,0.003461737
0.261,0.091,0.685,0.559,0.10954729
0.713,0.164,0.723,0.754,7.1316e-05
0.26,0.331,0.366,0.706,0.086934209
0.182,0.36,0.252,0.408,0.0
0.301,0.85,0.549,0.967,1.4456e-05
0.04,0.23,0.106,0.323,0.0
0.545,0.186,0.779,0.311,0.0
0.635,0.79,0.758,0.829,0.0
0.602,0.156,0.765,0.894,0.001668707
0.339,0.68,0.911,0.7,0.000290566
0.535,0.38,0.902,0.438,0.000558003
0.003,0.01,0.26,0.519,0.760267995
0.014,0.244,0.397,0.846,0.959327004
0.642,0.417,0.786,0.484,0.000281893
0.287,0.527,0.395,0.696,0.016077029
0.061,0.672,0.128,0.829,2.409e-06
0.021,0.44,0.842,0.943,0.728098517
0.08,0.476,0.25,0.496,0.066331961
0.491,0.422,0.681,0.814,0.007374983
0.2,0.735,0.228,0.907,5.5897e-05
0.511,0.109,0.944,0.405,0.0
0.441,0.237,0.996,0.768,0.016012941
0.274,0.054,0.821,0.089,0.0
0.636,0.228,0.667,0.935,0.000382121
0.376,0.305,0.507,0.332,0.0
0.853,0.711,0.982,0.963,1.927e-06
0.029,0.184,0.374,0.806,0.948188154
0.869,0.188,0.972,0.996,1.4938e-05
0.016,0.037,0.782,0.798,0.987280624
0.901,0.44,0.977,0.454,1.446e-06
0.403,0.761,0.427,0.806,6.264e-06
0.279,0.247,0.704,0.574,0.094409421
0.156,0.364,0.4,0.548,0.374350864
0.177,0.711,0.946,0.831,0.000888082
0.416,0.228,0.844,0.39,0.0
0.311,0.618,0.556,0.854,0.003667494
0.207,0.695,0.453,0.981,0.000985419
0.058,0.189,0.834,0.716,0.986568905
0.469,0.555,0.483,0.891,0.000419707
0.14,0.066,0.934,0.983,0.473894102
0.078,0.011,0.276,0.264,0.0
0.311,0.462,0.508,0.798,0.04287754
0.643,0.45,0.899,0.797,0.000831703
0.055,0.314,0.342,0.872,0.933477219
0.023,0.271,0.309,0.283,0.0
0.036,0.004,0.364,0.457,0.442367435
0.423,0.224,0.98,0.685,0.019556595
0.839,0.053,0.869,0.725,1.1083e-05
0.338,0.957,0.68,0.986,0.0
0.52,0.311,0.531,0.332,0.0
0.528,0.498,0.546,0.894,0.000629801
0.069,0.218,0.809,0.884,0.987426148
0.029,0.135,0.307,0.913,0.909931724
0.169,0.728,0.222,0.865,0.000129622
0.734,0.508,0.779,0.9,8.1917e-05
0.267,0.37,0.584,0.937,0.11974939
0.66,0.309,0.91,0.987,0.000775325
0.378,0.174,0.879,0.477,0.015045833
0.324,0.064,0.779,0.908,0.064419429
0.259,0.151,0.491,0.55,0.102043649
0.067,0.608,0.377,0.867,0.009828171
0.103,0.054,0.111,0.993,0.170358977
0.39,0.28,0.826,0.804,0.031140209
0.169,0.195,0.294,0.266,0.0
0.534,0.455,0.804,0.955,0.003987936
0.318,0.093,0.738,0.187,0.0
0.653,0.157,0.761,0.817,0.000751232
0.038,0.765,0.536,0.88,0.000253944
0.228,0.531,0.896,0.819,0.041963919
0.283,0.21,0.937,0.217,0.0
0.092,0.2,0.098,0.927,0.040172335
0.291,0.222,0.658,0.744,0.092275711
0.159,0.15,0.512,0.681,0.429581079
0.04,0.179,0.126,0.581,0.471504039
0.029,0.325,0.779,0.537,0.900948267
0.626,0.351,0.742,0.961,0.001044689
0.382,0.707,0.976,0.888,0.000282856
0.182,0.235,0.632,0.769,0.403026803
0.44,0.257,0.645,0.794,0.01526701
0.14,0.146,0.629,0.461,0.226610269
0.319,0.346,0.639,0.486,0.032138639
0.279,0.836,0.713,0.971,2.5539e-05
0.247,0.272,0.514,0.733,0.141179968
0.138,0.894,0.858,0.952,6.264e-06
0.1,0.123,0.305,0.748,0.830405265
0.364,0.134,0.62,0.344,0.0
0.266,0.06,0.753,0.583,0.11135333
0.149,0.14,0.991,0.192,0.0
0.017,0.9,0.303,0.948,1.446e-06
0.927,0.576,0.993,0.61,0.0
0.196,0.007,0.842,0.781,0.331796658
0.204,0.008,0.69,0.86,0.271337698
0.286,0.164,0.875,0.524,0.070686117
0.191,0.864,0.695,0.959,1.9757e-05
0.759,0.345,0.792,0.772,5.4933e-05
0.136,0.507,0.962,0.775,0.122323045
0.148,0.175,0.395,0.36,0.0
0.135,0.129,0.895,0.569,0.453519296
0.173,0.006,0.722,0.182,0.0
0.505,0.483,0.921,0.775,0.004777717
0.121,0.407,0.666,0.853,0.542510597
0.365,0.73,0.939,0.921,0.000173472
0.273,0.258,0.943,0.607,0.108533923
0.047,0.031,0.489,0.399,0.0
0.263,0.179,0.513,0.613,0.114202613
0.689,0.005,0.894,0.841,0.000520417
0.371,0.123,0.742,0.776,0.040436399
0.044,0.237,0.47,0.968,0.97604299
0.35,0.031,0.877,0.213,0.0
0.257,0.132,0.753,0.993,0.133933644
0.381,0.564,0.442,0.883,0.003185626
0.228,0.378,0.871,0.924,0.185127254
0.293,0.105,0.402,0.951,0.064930209
0.701,0.443,0.858,0.894,0.000377302
0.25,0.159,0.674,0.619,0.137033498
0.061,0.114,0.125,0.366,0.0
0.623,0.478,0.865,0.677,0.000862061
0.817,0.257,0.953,0.521,1.7347e-05
0.814,0.471,0.887,0.776,2.2166e-05
0.021,0.122,0.774,0.321,0.0
0.958,0.306,0.987,0.85,9.64e-07
0.82,0.37,0.844,0.622,9.637e-06
0.833,0.066,0.946,0.885,3.084e-05
0.688,0.788,0.981,0.796,0.0
0.193,0.029,0.69,0.917,0.354055566
0.079,0.472,0.25,0.525,0.21579427
0.347,0.422,0.378,0.758,0.011811056
0.076,0.217,0.45,0.765,0.972814478
0.423,0.597,0.559,0.658,0.001443193
0.372,0.267,0.427,0.659,0.020936182
0.083,0.485,0.414,0.803,0.294281822
0.044,0.924,0.389,0.972,1.927e-06
0.496,0.779,0.659,0.823,8.192e-06
0.657,0.012,0.752,0.438,5.0114e-05
0.182,0.384,0.323,0.599,0.331854964
0.004,0.826,0.321,0.927,3.0358e-05
0.301,0.689,0.691,0.848,0.000712682
0.825,0.32,0.962,0.99,3.5176e-05
0.147,0.136,0.717,0.233,0.0
0.147,0.038,0.349,0.685,0.408264703
0.169,0.012,0.25,0.839,0.278532463
0.74,0.107,0.844,0.823,0.000169136
0.409,0.177,0.937,0.748,0.02375848
0.084,0.041,0.601,0.738,0.985113183
0.261,0.892,0.534,0.895,0.0
0.334,0.184,0.897,0.458,0.018489258
0.294,0.792,0.369,0.849,2.7466e-05
0.314,0.397,0.363,0.765,0.02747898
0.758,0.26,0.996,0.502,4.7705e-05
0.214,0.029,0.702,0.055,0.0
0.436,0.007,0.627,0.643,0.01505547
0.126,0.299,0.129,0.803,0.010871896
0.168,0.664,0.604,0.786,0.002601603
0.45,0.458,0.471,0.554,0.001407535
0.112,0.014,0.602,0.352,0.0
0.137,0.25,0.966,0.821,0.48095298
0.88,0.289,0.922,0.658,8.192e-06
0.198,0.612,0.288,0.78,0.003605333
0.091,0.897,0.293,0.951,9.64e-07
0.356,0.253,0.737,0.88,0.047164233
0.211,0.656,0.229,0.686,7.1798e-05
0.128,0.221,0.361,0.407,0.0
0.075,0.176,0.982,0.91,0.987475298
0.585,0.27,0.632,0.774,0.001220089
0.34,0.128,0.667,0.432,0.007585559
0.212,0.032,0.827,0.841,0.232255829
0.177,0.534,0.517,0.706,0.05232889
0.188,0.29,0.674,0.603,0.373713835
0.05,0.439,0.265,0.808,0.634756433
0.05,0.738,0.245,0.964,0.000163353
0.212,0.444,0.885,0.849,0.178378699
0.282,0.673,0.451,0.756,0.000822548
0.505,0.766,0.879,0.912,2.2166e-05
0.31,0.186,0.89,0.387,0.0
0.838,0.247,0.944,0.345,0.0
0.818,0.037,0.871,0.92,2.4093e-05
0.113,0.667,0.956,0.699,0.001399343
0.001,0.447,0.341,0.471,0.258161993
0.677,0.288,0.888,0.918,0.000602816
0.255,0.901,0.989,0.981,4.819e-06
0.321,0.152,0.605,0.692,0.064295107
0.646,0.26,0.892,0.794,0.000944942
0.203,0.415,0.321,0.436,0.033869026
0.212,0.659,0.483,0.71,0.001700029
0.459,0.74,0.551,0.925,5.0596e-05
0.142,0.459,0.48,0.672,0.242828967
0.051,0.59,0.272,0.643,0.008152717
0.251,0.056,0.815,0.781,0.142131175
0.719,0.204,0.829,0.664,0.000285266
0.156,0.478,0.583,0.955,0.176967791
0.191,0.551,0.223,0.929,0.007284392
0.178,0.489,0.822,0.904,0.140654251
0.401,0.038,0.994,0.125,0.0
0.636,0.211,0.715,0.347,0.0
0.197,0.041,0.241,0.603,0.162229389
0.478,0.314,0.67,0.643,0.009304863
0.003,0.452,0.853,0.506,0.381763433
0.051,0.559,0.191,0.949,0.019403361
0.124,0.117,0.198,0.27,0.0
0.583,0.013,0.883,0.455,0.000468375
0.245,0.207,0.749,0.416,0.0
0.675,0.191,0.821,0.39,0.0
0.281,0.114,0.339,0.682,0.049163502
0.04,0.104,0.388,0.485,0.666125048
0.368,0.149,0.431,0.785,0.023950745
0.528,0.137,0.656,0.31,0.0
0.058,0.058,0.315,0.994,0.916508253
0.06,0.001,0.847,0.874,0.987446386
0.136,0.737,0.467,0.757,0.000208167
