-0.113,0.092,-0.029,0.51471
-0.437,0.272,-0.117,0.43803
0.119,-0.27,-0.048,0.56058
0.793,0.07,0.402,0.75154
0.513,0.187,0.217,0.9423
0.802,-0.103,0.281,0.8566
0.396,0.357,0.2,0.94027
-0.987,0.871,-0.225,0.50814
0.781,-0.15,0.271,0.8193
-0.466,0.117,-0.157,0.21888
0.548,-0.121,0.182,0.81797
0.969,-0.318,0.312,0.72748
0.083,0.371,0.088,0.82443
0.237,0.288,0.123,0.94927
0.078,0.121,0.049,0.90265
-0.633,-0.489,-0.298,0.0499
-0.714,-0.173,-0.292,0.07002
-0.565,-0.944,-0.375,0.11474
0.523,0.635,0.278,0.94349
-0.334,-0.069,-0.133,0.07069
0.62,-0.735,-0.121,0.70271
-0.473,0.814,-0.066,0.64877
-0.454,0.995,-0.008,0.63897
-0.706,0.358,-0.213,0.41168
0.936,-0.005,0.412,0.80634
0.064,-0.204,-0.02,0.40232
0.613,0.801,0.362,0.91309
0.011,0.859,0.515,0.32017
0.344,0.082,0.14,0.93051
-0.498,-0.279,-0.224,0.05345
-0.85,0.926,-0.176,0.55926
-0.145,0.25,0.003,0.53189
-0.541,0.129,-0.183,0.20854
-0.49,-0.274,-0.211,0.04431
-0.221,0.593,0.095,0.49151
-0.975,-0.156,-0.315,0.03885
-0.033,-0.467,-0.064,0.14972
0.53,0.406,0.407,0.60455
-0.998,0.555,-0.267,0.39514
0.463,-0.747,0.082,0.34015
0.525,0.623,0.265,0.95406
-0.671,0.36,-0.144,0.30395
-0.445,0.366,-0.026,0.32
0.451,0.47,0.643,0.16764
-0.853,-0.06,-0.364,0.14068
0.935,-0.396,0.148,0.86884
-0.144,-0.556,-0.144,0.17944
-0.453,-0.468,-0.233,0.05676
0.379,-0.648,0.053,0.35295
-0.725,0.859,-0.089,0.50625
0.802,-0.977,0.182,0.38162
-0.922,0.687,-0.156,0.38773
0.875,0.843,0.8,0.50006
-0.579,0.346,-0.082,0.25729
-0.224,-0.619,-0.303,0.42811
-0.8,0.271,-0.383,0.63762
-0.057,-0.984,-0.174,0.22405
-0.747,-0.087,-0.395,0.27066
-0.666,-0.473,-0.356,0.09523
0.432,0.3,0.158,0.98052
0.482,0.685,0.281,0.92485
0.967,0.679,0.46,0.94285
0.035,-0.044,0.001,0.54968
0.616,0.083,0.321,0.75311
-0.756,0.321,-0.176,0.22318
0.901,-0.36,0.225,0.7758
0.377,-0.234,0.069,0.67101
0.321,0.082,0.163,0.82731
-0.528,0.604,0.301,0.06279
-0.176,0.161,-0.029,0.45285
-0.676,-0.868,-0.357,0.05208
0.729,0.732,0.395,0.92563
0.151,0.027,0.059,0.92787
-0.253,0.341,-0.015,0.49981
0.911,-0.2,0.353,0.71704
-0.471,0.398,-0.064,0.39965
-0.704,0.273,-0.121,0.11931
-0.132,0.389,0.087,0.44751
0.635,0.239,0.264,0.94777
0.085,0.879,0.202,0.72642
-0.215,0.18,-0.041,0.44857
-0.405,0.264,0.071,0.04732
-0.595,0.317,-0.145,0.34286
0.705,0.306,0.446,0.6956
0.573,0.404,0.378,0.75563
0.508,-0.783,0.117,0.30672
0.14,0.228,0.144,0.57381
0.793,0.077,0.27,0.9407
0.729,0.602,0.611,0.53127
0.696,-0.672,0.079,0.5753
-0.742,-0.217,-0.267,0.0356
-0.664,-0.432,-0.59,0.60929
-0.305,-0.121,-0.153,0.11538
-0.784,-0.208,-0.479,0.3527
0.679,-0.286,0.19,0.70401
-0.046,-0.409,-0.394,0.8898
0.988,-0.537,0.352,0.47115
-0.517,0.895,0.016,0.52674
-0.963,-0.069,-0.317,0.0592
-0.985,0.945,-0.18,0.48813
-0.354,0.082,-0.074,0.07488
-0.837,0.249,-0.256,0.2128
0.396,-0.522,-0.321,0.96124
-0.994,-0.221,-0.707,0.63394
-0.656,0.218,-0.229,0.33046
-0.712,0.387,-0.185,0.37478
0.095,-0.962,-0.152,0.32509
-0.611,-0.508,-0.412,0.23383
-0.883,-0.281,-0.48,0.19936
0.32,-0.456,0.132,0.15739
0.406,-0.343,0.107,0.46381
-0.509,-0.637,-0.449,0.38738
-0.846,-0.794,-0.566,0.20487
-0.986,0.623,-0.236,0.40611
0.056,-0.24,-0.111,0.68034
0.225,0.015,0.118,0.70415
0.702,-0.921,-0.503,0.93415
-0.198,0.132,-0.035,0.35218
0.162,-0.236,-0.013,0.56811
-0.392,0.624,0.357,0.09388
-0.907,0.542,-0.248,0.43123
-0.507,0.786,-0.166,0.78226
0.092,-0.359,-0.015,0.27745
-0.426,-0.906,-0.291,0.10245
-0.995,0.84,-0.05,0.32428
-0.835,0.061,-0.344,0.19235
0.638,0.877,0.403,0.88793
0.892,0.236,0.447,0.84015
-0.043,0.807,0.235,0.53533
0.422,-0.358,0.109,0.46905
-0.972,-0.845,-0.485,0.05836
0.433,-0.84,0.046,0.33941
0.429,-0.547,-0.0,0.56477
-0.923,0.114,-0.307,0.12145
0.347,0.224,0.362,0.2286
-0.644,-0.902,-0.483,0.22217
0.483,0.439,0.249,0.93508
0.844,-0.909,0.352,0.20083
0.061,0.138,0.071,0.59601
-0.614,-0.068,-0.33,0.29063
0.688,-0.997,-0.03,0.54746
0.551,0.544,0.385,0.76687
-0.629,-0.5,-0.516,0.45894
-0.67,-0.224,-0.296,0.07476
0.437,-0.404,-0.035,0.74214
-0.877,0.209,-0.288,0.19219
-0.868,-0.544,-0.315,0.02041
0.073,-0.96,-0.829,0.89079
-0.465,0.676,0.028,0.44351
0.054,-0.474,-0.142,0.50871
-0.299,0.05,-0.085,0.09884
-0.157,-0.536,-0.597,0.94256
-0.741,0.288,-0.292,0.48869
0.938,-0.323,0.023,0.96457
0.184,-0.749,-0.109,0.41642
-0.191,0.351,-0.01,0.60398
-0.24,-0.957,-0.208,0.12202
0.531,0.99,0.549,0.61254
-0.64,0.676,-0.167,0.61005
-0.296,0.452,0.037,0.42305
0.511,0.69,0.296,0.92333
-0.824,-0.274,-0.32,0.04319
0.979,0.164,0.371,0.93382
0.168,0.196,0.143,0.62295
-0.492,-0.208,-0.252,0.12008
0.182,0.43,0.45,0.18696
0.191,0.461,0.52,0.11148
-0.101,-0.082,-0.112,0.73126
-0.296,-0.696,-0.514,0.61714
-0.792,0.504,-0.197,0.42095
-0.538,-0.116,-0.277,0.1992
0.163,-0.966,-0.158,0.38613
-0.086,0.459,0.058,0.65182
-0.977,-0.056,-0.518,0.31523
0.067,0.905,0.762,0.20197
0.409,0.986,0.193,0.9819
0.371,0.018,0.158,0.85187
-0.246,-0.354,-0.334,0.65091
0.263,0.339,0.156,0.91005
-0.576,0.455,-0.265,0.795
0.079,-0.159,0.002,0.38398
0.864,-0.076,0.264,0.91437
0.203,-0.976,-0.016,0.19786
-0.202,0.792,0.003,0.78231
0.389,-0.558,-0.032,0.57492
-0.945,-0.825,-1.173,0.79801
-0.657,-0.991,-0.327,0.03461
0.496,-0.758,0.006,0.48921
0.913,-1.0,-0.252,0.79204
0.171,0.925,0.142,0.91986
-0.231,0.922,0.757,0.05131
0.734,-0.779,0.041,0.58902
0.028,0.886,0.027,0.97718
-0.859,-0.011,-0.292,0.07934
-0.389,0.597,0.009,0.48797
-0.07,-0.22,-0.249,0.94551
0.742,0.434,0.734,0.24018
-0.969,-0.579,-0.603,0.21874
-0.649,0.57,-0.155,0.51912
0.364,-0.402,-0.008,0.6287
0.117,-0.268,-0.079,0.64807
0.617,-0.773,0.003,0.56768
0.291,-0.977,-0.342,0.63445
0.235,-0.52,-0.102,0.58189
0.945,0.386,0.751,0.3669
0.957,-0.014,0.568,0.40056
-0.202,-0.587,-0.127,0.0531
0.488,0.642,0.197,0.98312
0.721,0.353,0.463,0.70563
0.832,-0.597,0.193,0.55811
0.779,-0.134,0.34,0.65874
-0.271,-0.955,-0.624,0.61416
0.19,-0.182,0.051,0.41339
-0.456,0.434,0.179,0.06351
0.46,0.777,0.482,0.57216
0.593,-0.145,0.214,0.74349
0.561,0.89,0.356,0.90044
0.453,0.604,0.29,0.87743
0.417,-0.432,0.021,0.60114
-0.81,-0.946,-0.611,0.26708
0.932,-0.885,0.073,0.60922
0.927,0.747,1.051,0.24707
0.868,-0.299,0.21,0.83594
0.595,0.616,0.319,0.93133
-0.028,-0.303,-0.085,0.35083
0.924,-0.806,0.148,0.56764
0.312,0.638,0.286,0.72151
-0.461,0.676,0.441,0.03646
0.113,-0.889,-0.24,0.48514
0.576,-0.267,0.19,0.575
-0.201,0.405,-0.015,0.64991
-0.19,0.728,-0.018,0.82166
0.016,0.593,0.295,0.39171
-0.041,0.419,0.036,0.78626
-0.314,0.33,-0.029,0.43634
0.703,0.436,0.29,0.96631
0.676,-0.968,0.324,0.10162
0.79,-0.493,0.35,0.27827
0.928,0.439,0.669,0.53926
-0.241,-0.19,-0.185,0.3862
-0.52,-0.86,-0.295,0.05703
-0.026,0.114,-0.003,0.852
0.64,0.399,0.64,0.25588
-0.617,-0.195,-0.372,0.30715
-0.538,0.012,-0.234,0.19622
0.012,0.154,0.055,0.54185
-0.112,0.461,0.114,0.47416
0.16,0.02,0.085,0.72992
0.032,-0.062,0.013,0.11955
0.034,0.134,0.022,0.95511
0.125,0.667,0.653,0.13636
-0.734,-0.764,-0.51,0.21794
-0.389,-0.031,-0.166,0.13709
-0.655,-0.689,-0.336,0.05515
-0.434,-0.527,-0.315,0.22483
-0.615,0.398,-0.394,0.96643
-0.6,0.753,0.026,0.40138
-0.036,0.192,0.023,0.66136
0.043,0.712,0.113,0.80731
-0.357,-0.306,-0.181,0.06366
-0.717,-0.28,-0.572,0.6528
-0.497,0.72,0.114,0.35308
-0.139,-0.701,-0.076,0.01674
-0.86,-0.419,-0.568,0.33118
-0.977,-0.188,-0.46,0.1485
-0.45,-0.324,-0.318,0.31297
0.132,-0.526,-0.113,0.49746
-0.25,-0.41,-0.177,0.15251
0.737,-0.903,0.312,0.17171
-0.066,0.857,-0.006,0.94716
0.39,0.5,0.637,0.16277
0.386,-0.368,0.239,0.03261
-0.205,-0.743,-0.166,0.11061
-0.494,-0.854,-0.63,0.54937
0.367,-0.67,-0.433,0.92966
-0.29,-0.981,-0.692,0.64439
0.893,0.811,0.914,0.38003
-0.247,0.303,0.103,0.18675
-0.502,-0.303,-0.34,0.30726
-0.919,0.753,-0.229,0.5078
-0.418,0.028,-0.129,0.08124
-0.123,-0.97,-0.061,0.00752
0.228,0.008,0.104,0.80422
-0.756,-0.578,-0.322,0.03225
-0.603,0.121,-0.242,0.29159
0.948,0.896,1.156,0.25396
-0.831,-0.184,-0.321,0.05872
0.534,-0.835,0.134,0.28376
-0.622,-0.394,-0.28,0.04849
0.121,-0.381,0.032,0.13534
0.878,-0.349,0.341,0.51544
0.598,-0.419,0.246,0.3009
0.282,-0.427,0.049,0.36273
0.019,0.608,0.07,0.8512
-0.909,0.797,-0.086,0.37673
-0.946,-0.957,-1.381,0.87289
-0.038,0.508,0.06,0.75544
-0.905,-0.072,-0.352,0.09972
-0.631,-0.398,-0.621,0.72371
0.637,-0.83,0.136,0.37344
0.435,0.426,0.248,0.90296
0.456,-0.788,0.052,0.37005
-0.764,0.038,-0.423,0.52026
0.297,-0.122,0.099,0.61802
0.763,0.611,0.981,0.12216
0.13,-0.171,0.036,0.30586
-0.023,-0.993,-0.057,0.06713
0.179,-0.113,0.058,0.47639
0.955,0.098,0.532,0.65899
0.521,0.678,0.249,0.96691
-0.128,-0.822,-0.188,0.22189
0.24,-0.662,-0.519,0.96289
-0.463,0.045,-0.291,0.8016
0.186,0.808,0.122,0.95677
-0.078,0.095,0.033,0.17916
0.633,-0.74,-0.022,0.61777
0.386,-0.913,-0.632,0.9123
-0.281,0.369,-0.038,0.55455
-0.831,0.232,-0.289,0.26847
0.387,0.837,0.234,0.94053
-0.585,0.662,-0.252,0.82257
-0.844,-0.333,-0.321,0.03448
0.787,-0.986,0.133,0.43015
-0.247,0.641,0.065,0.54696
0.972,-0.568,0.231,0.62632
0.604,-0.551,0.01,0.67081
0.99,0.682,0.65,0.7558
0.804,0.941,1.284,0.12705
-0.513,-0.513,-0.558,0.6332
0.212,0.024,0.115,0.70094
0.232,0.206,0.138,0.8708
0.277,-0.315,-0.1,0.82412
-0.896,-0.948,-1.479,0.96507
-0.861,0.973,-0.389,0.84411
-0.133,-0.412,-0.453,0.91206
-0.653,0.242,-0.294,0.597
-0.132,-0.673,-0.119,0.10578
-0.362,0.034,-0.184,0.43553
0.354,0.142,0.307,0.2414
-0.285,0.69,0.123,0.45283
0.526,-0.138,0.161,0.82057
0.7,0.307,0.58,0.33575
0.672,0.275,0.598,0.21684
-0.836,-0.309,-0.598,0.51052
0.958,0.582,0.625,0.7368
-0.873,-0.432,-0.432,0.0901
-0.162,-0.143,-0.226,0.9075
-0.878,-0.015,-0.365,0.14882
-0.134,0.631,0.135,0.52546
-0.542,-0.046,-0.264,0.21695
0.648,-0.501,0.228,0.36766
0.578,0.891,1.062,0.16959
-0.489,-0.542,-0.397,0.34828
0.708,0.95,1.195,0.16018
-0.441,-0.211,-0.459,0.90417
-0.893,-0.794,-0.53,0.12764
0.703,0.039,0.395,0.60057
-0.179,-0.291,-0.115,0.10257
-0.605,-0.013,-0.273,0.19566
0.518,-0.066,0.246,0.61491
0.21,-0.093,0.106,0.24462
0.616,-0.607,-0.38,0.98126
-0.212,-0.593,-0.196,0.20733
-0.703,-0.025,-0.229,0.06547
0.082,0.793,0.71,0.1735
0.773,0.623,0.355,0.95722
-0.847,0.717,-0.361,0.7637
0.273,0.569,0.236,0.76555
-0.319,-0.863,-0.415,0.41254
0.011,-0.891,-0.053,0.09945
-0.453,-0.064,-0.302,0.60765
-0.857,0.847,0.344,0.07353
0.18,0.239,0.329,0.07086
0.325,0.735,0.199,0.93971
0.612,0.339,0.38,0.7695
-0.096,0.894,0.249,0.51713
-0.589,0.215,-0.134,0.16349
-0.137,0.168,-0.045,0.7304
-0.497,-0.569,-0.266,0.06166
0.547,0.289,0.381,0.61945
0.765,0.007,0.404,0.64486
-0.4,-0.281,-0.201,0.07317
-0.22,-0.146,-0.228,0.75319
-0.692,0.508,-0.202,0.5265
0.633,0.739,0.908,0.2203
0.265,-0.482,0.081,0.2029
0.672,0.762,0.659,0.49452
-0.691,0.602,-0.108,0.42845
-0.932,0.646,-0.276,0.51321
-0.547,0.205,-0.133,0.19193
0.824,0.039,0.456,0.61639
-0.73,-0.101,-0.354,0.18878
0.394,0.618,0.338,0.69813
0.449,0.229,0.262,0.8127
0.126,-0.239,0.05,0.12832
0.405,0.349,0.408,0.37343
-0.133,0.95,0.148,0.64652
-0.028,-0.649,-0.237,0.48838
-0.21,0.069,-0.069,0.28541
0.989,0.802,0.528,0.91523
-0.018,0.525,0.144,0.56715
-0.193,-0.661,-0.539,0.71128
-0.421,-0.345,-0.421,0.63954
0.329,-0.72,-0.076,0.49853
-0.01,-0.32,-0.068,0.3015
-0.945,-0.168,-0.576,0.41147
0.167,0.565,0.62,0.07504
-0.102,0.224,0.038,0.43964
0.742,-0.842,0.074,0.53037
0.726,-0.605,0.119,0.57923
0.353,-0.293,-0.033,0.81159
0.404,-0.603,-0.363,0.93991
-0.421,-0.259,-0.192,0.05269
0.392,0.217,0.358,0.30338
-0.612,-0.524,-0.747,0.79202
0.051,-0.165,0.024,0.04877
0.084,-0.746,-0.548,0.79669
-0.183,0.235,-0.014,0.49562
0.315,0.824,0.306,0.74969
-0.028,-0.289,-0.065,0.26593
-0.99,0.021,-0.356,0.10613
-0.64,-0.458,-0.512,0.46652
0.269,0.23,0.135,0.93899
-0.828,-0.379,-0.509,0.25882
0.328,0.507,0.608,0.16323
-0.211,-0.177,-0.17,0.42154
-0.056,-0.475,-0.192,0.4859
-0.767,0.776,-0.047,0.39893
0.883,-0.308,0.432,0.3302
-0.473,-0.751,-0.415,0.31586
-0.129,-0.979,-0.256,0.2926
0.069,-0.818,-0.515,0.7255
0.409,0.083,0.264,0.52021
-0.559,-0.656,-0.416,0.25404
-0.212,0.111,-0.106,0.78041
0.338,-0.658,-0.124,0.60251
0.687,-0.589,-0.039,0.76218
-0.407,-0.864,-0.42,0.34647
0.177,0.83,0.83,0.12906
-0.105,0.743,0.099,0.67753
0.935,-0.277,0.267,0.81994
0.228,0.695,0.302,0.61619
-0.913,0.276,-0.376,0.43806
0.061,-0.556,-0.183,0.5356
0.422,-0.918,-0.368,0.71648
-0.885,0.438,-0.45,0.78432
-0.706,-0.431,-0.622,0.6227
0.487,0.061,0.288,0.58846
-0.198,0.678,0.162,0.45695
0.6,0.598,0.895,0.09538
0.666,0.462,0.576,0.44004
0.274,0.07,0.212,0.2532
0.825,0.686,0.476,0.88146
-0.304,0.583,-0.139,0.91134
0.69,0.845,0.62,0.59063
0.744,0.946,0.797,0.46431
0.874,-0.57,0.495,0.09791
0.15,0.541,0.247,0.55502
0.46,-0.071,0.255,0.34317
-0.271,0.426,-0.115,0.86715
-0.364,0.298,0.101,0.06162
0.701,0.037,0.274,0.88991
-0.67,-0.768,-0.456,0.18439
-0.768,0.262,-0.328,0.51867
0.31,-0.703,-0.033,0.4233
-0.794,0.974,-0.371,0.87085
-0.087,-0.165,-0.152,0.69607
0.645,-0.163,0.187,0.85028
0.472,0.011,0.194,0.85875
0.803,0.658,0.372,0.95607
0.311,0.047,0.203,0.44459
0.7,0.785,0.749,0.42163
-0.518,-0.36,-0.547,0.75164
-0.563,0.166,-0.116,0.0976
-0.14,0.785,-0.038,0.9262
0.126,0.122,0.08,0.84021
0.363,0.543,0.679,0.13184
0.067,-0.338,-0.09,0.52097
-0.216,0.483,0.065,0.47713
0.029,-0.275,-0.17,0.72577
-0.397,0.34,0.126,0.0596
-0.129,0.71,0.325,0.33925
-0.566,0.985,0.07,0.47256
-0.615,-0.832,-0.638,0.49127
-0.562,-0.768,-0.262,0.02849
-0.188,-0.48,-0.559,0.93555
0.847,0.219,0.63,0.3243
0.712,-0.4,-0.143,0.97497
0.532,-0.125,0.206,0.69991
-0.052,0.109,0.077,0.05347
0.103,0.629,0.075,0.95279
-0.558,0.322,-0.082,0.24652
-0.063,-0.789,-0.339,0.53214
0.77,-0.512,0.153,0.62315
-0.074,0.648,0.595,0.02235
-0.413,-0.729,-0.642,0.65674
0.273,-0.441,-0.254,0.90524
-0.654,0.519,-0.392,0.94729
-0.59,-0.138,-0.33,0.26363
0.58,-0.759,0.042,0.50069
0.457,-0.152,0.283,0.09061
0.327,0.294,0.292,0.49849
0.597,-0.954,-0.145,0.61964
-0.679,0.943,-0.184,0.70311
0.134,-0.081,0.006,0.84725
0.784,0.492,0.589,0.56769
0.635,-0.84,0.068,0.4675
0.067,-0.359,-0.096,0.51579
-0.932,-0.155,-0.467,0.19977
-0.823,0.714,-0.238,0.57943
0.324,0.264,0.455,0.04611
0.761,0.869,1.086,0.21415
0.553,0.905,0.418,0.80435
0.558,-0.831,0.001,0.50612
-0.662,0.466,-0.141,0.41436
-0.635,-0.144,-0.392,0.3921
-0.299,0.603,-0.184,0.98261
0.25,-0.793,-0.007,0.27534
-0.117,0.743,0.608,0.11033
0.939,-0.568,-0.001,0.88736
0.519,0.582,0.418,0.66247
0.266,0.922,0.139,0.98029
0.359,0.07,0.192,0.76041
0.178,-0.115,0.063,0.42188
0.546,-0.111,0.175,0.84753
0.363,0.76,0.292,0.81165
-0.632,-0.386,-0.419,0.27967
-0.851,0.643,-0.376,0.76179
-0.101,0.058,-0.034,0.51344
-0.665,-0.31,-0.494,0.50537
-0.105,-0.366,-0.141,0.34841
0.066,-0.792,-0.424,0.67415
-0.217,-0.77,-0.344,0.43064
-0.991,-0.412,-0.525,0.14278
0.695,0.31,0.469,0.61665
0.605,0.026,0.354,0.50851
0.812,-0.657,-0.007,0.74931
-0.141,0.49,0.012,0.72318
0.225,-0.613,-0.48,0.96358
-0.609,0.826,0.103,0.35911
0.985,0.733,0.637,0.78386
-0.534,-0.69,-0.284,0.0534
0.408,-0.11,0.118,0.83827
0.482,-0.605,0.145,0.29331
-0.569,-0.115,-0.367,0.47937
-0.509,0.994,0.081,0.49601
-0.404,-0.622,-0.214,0.04454
0.841,0.726,0.96,0.26937
-0.13,-0.873,-0.548,0.64863
0.278,0.541,0.191,0.88592
0.193,0.349,0.144,0.83122
-0.758,-0.229,-0.441,0.27213
-0.36,0.778,-0.028,0.67371
-0.757,0.043,-0.356,0.28664
0.771,-0.491,0.367,0.22123
0.691,-0.731,0.005,0.62435
0.937,0.054,0.549,0.5268
0.852,0.132,0.305,0.94448
-0.552,0.901,0.673,0.01684
-0.534,0.902,-0.009,0.54974
-0.183,0.673,0.339,0.28506
0.621,0.344,0.477,0.49934
0.487,-0.221,0.107,0.76757
0.293,-0.245,0.047,0.58145
-0.116,-0.107,-0.103,0.48775
0.119,-0.871,0.031,0.05908
-0.733,0.396,-0.067,0.15075
-0.815,0.257,-0.376,0.57569
0.019,-0.48,-0.455,0.9656
0.108,0.552,0.187,0.64683
-0.178,-0.975,-0.203,0.16545
-0.538,-0.217,-0.343,0.33078
-0.804,0.751,-0.232,0.60373
0.302,0.52,0.367,0.47928
0.076,-0.697,-0.228,0.53338
0.04,0.787,0.124,0.80008
-0.092,-0.844,-0.092,0.07497
0.31,-0.669,-0.497,0.9645
-0.472,-0.64,-0.43,0.39027
-0.795,0.698,-0.18,0.50458
0.415,0.537,0.664,0.18638
0.043,-0.926,0.001,0.03788
0.699,0.218,0.414,0.71236
-0.991,0.425,-0.263,0.27968
-0.659,0.054,-0.365,0.56358
-0.59,-0.35,-0.518,0.62913
-0.258,0.069,-0.139,0.72676
-0.348,0.516,-0.109,0.75974
-0.517,-0.265,-0.441,0.64656
-0.659,0.676,-0.222,0.69463
0.382,0.381,0.501,0.21829
0.352,-0.661,0.041,0.34194
-0.693,0.228,-0.288,0.47868
0.493,0.045,0.289,0.56824
0.793,0.323,0.575,0.49323
-0.582,0.676,-0.097,0.54022
-0.232,0.77,0.104,0.56012
0.337,-0.196,0.036,0.80046
0.08,0.385,0.13,0.65731
0.593,-0.756,0.321,0.06647
0.166,-0.568,-0.107,0.4931
-0.483,0.997,0.535,0.1883
-0.419,-0.504,-0.22,0.05401
-0.62,0.189,-0.214,0.29121
-0.174,-0.798,-0.137,0.08059
-0.22,-0.584,-0.2,0.20969
0.174,-0.508,-0.441,0.99256
-0.06,0.75,0.013,0.90905
0.664,-0.021,0.242,0.88524
-0.422,-0.026,-0.251,0.49673
-0.362,0.954,0.34,0.33405
-0.234,0.512,0.36,0.06271
-0.57,-0.358,-0.344,0.1835
0.674,0.755,1.068,0.1065
0.101,0.69,0.656,0.14303
0.897,0.003,0.528,0.43914
0.233,0.526,0.432,0.33615
0.23,0.133,0.162,0.63066
0.842,-0.69,0.394,0.18871
-0.794,-0.839,-0.398,0.04961
0.935,0.766,0.866,0.43118
0.326,0.417,0.409,0.35608
-0.003,0.003,-0.002,0.98648
0.219,-0.889,-0.079,0.33982
-0.675,-0.771,-0.794,0.64194
-0.56,0.972,-0.303,0.95057
-0.922,-0.52,-0.904,0.76598
0.979,0.25,0.551,0.74042
-0.357,-0.116,-0.183,0.15135
0.164,0.158,0.124,0.68475
0.926,0.581,0.5,0.89013
-0.908,0.542,0.06,0.06839
-0.545,0.77,0.031,0.43509
0.741,0.113,0.414,0.69267
0.192,-0.879,-0.725,0.93404
0.536,-0.618,-0.082,0.68976
0.974,0.981,0.758,0.66693
-0.7,0.377,-0.221,0.45731
0.474,-0.477,0.039,0.58683
0.716,0.444,0.491,0.68457
0.161,-0.027,0.065,0.74104
0.32,0.51,0.238,0.81051
0.236,0.04,0.093,0.9226
0.512,-0.159,0.244,0.39119
0.785,-0.509,0.234,0.50584
-0.56,0.513,0.161,0.0991
-0.924,-0.31,-0.585,0.35867
-0.974,-0.092,-0.391,0.10642
-0.11,-0.196,-0.134,0.51089
-0.453,0.743,-0.002,0.53088
0.609,-0.158,0.356,0.17572
-0.393,0.169,-0.116,0.33136
0.078,0.02,0.049,0.60313
-0.289,0.218,0.057,0.07036
-0.803,0.169,-0.492,0.8539
0.904,0.405,0.646,0.53778
-0.815,0.532,-0.029,0.18007
0.439,0.957,0.611,0.47571
0.238,0.348,0.138,0.9288
-0.47,0.501,0.036,0.32564
0.875,-0.279,0.433,0.3393
0.379,-0.581,-0.209,0.76237
-0.848,0.436,-0.227,0.3631
-0.921,-0.156,-0.571,0.44611
0.633,0.624,0.846,0.19635
0.009,-0.82,-0.587,0.74918
-0.211,-0.677,-0.49,0.65029
-0.842,-0.445,-0.582,0.36973
-0.341,-0.397,-0.229,0.17194
0.94,-0.978,-0.152,0.74325
-0.075,0.915,0.605,0.25844
-0.119,0.901,0.019,0.8596
0.374,-0.943,-0.082,0.44321
-0.611,-0.831,-0.569,0.40666
-0.161,0.33,0.051,0.43734
0.426,-0.936,0.151,0.13646
-0.918,0.348,-0.39,0.54828
-0.091,-0.883,-0.192,0.24935
0.327,0.571,0.234,0.85051
0.291,0.244,0.224,0.62842
0.991,-0.301,0.234,0.87316
-0.789,0.15,-0.226,0.11102
-0.473,0.345,-0.157,0.58216
-0.268,0.35,-0.134,0.90513
-0.443,-0.351,-0.557,0.86068
0.529,0.461,0.308,0.88122
0.629,0.536,0.508,0.58073
-0.032,0.745,0.685,0.0662
0.22,-0.986,0.067,0.08213
0.879,-0.758,0.41,0.18212
-0.719,0.487,-0.102,0.31874
-0.937,0.845,-0.233,0.53995
0.829,-0.999,-0.372,0.84231
0.331,-0.31,-0.175,0.97404
-0.574,-0.879,-0.702,0.56378
0.299,-0.2,0.083,0.52425
-0.056,-0.909,-0.439,0.58387
-0.849,-0.905,-1.033,0.6946
0.439,-0.482,-0.094,0.75132
0.419,0.39,0.279,0.79749
-0.923,-0.308,-0.535,0.25323
-0.008,-0.206,-0.051,0.34573
0.071,0.513,0.185,0.57718
0.054,-0.512,-0.024,0.15802
-0.09,-0.195,-0.123,0.51558
0.95,-0.191,0.369,0.736
-0.942,0.073,-0.37,0.16772
-0.348,0.585,0.205,0.26612
-0.372,-0.811,-0.836,0.78882
0.627,0.654,0.474,0.7043
-0.2,-0.087,-0.084,0.04847
-0.593,0.402,0.07,0.07605
0.848,0.0,0.36,0.8326
-0.363,0.746,0.517,0.0593
-0.704,0.209,-0.233,0.25574
0.444,-0.723,-0.454,0.93919
0.524,0.238,0.275,0.87378
0.993,0.7,1.035,0.26622
0.532,-0.889,0.148,0.24351
-0.294,0.234,-0.099,0.61813
0.499,-0.963,0.115,0.24766
-0.644,0.572,0.087,0.19182
0.768,-0.198,0.258,0.77589
-0.61,0.958,-0.287,0.90127
-0.605,-0.607,-0.601,0.55828
-0.814,0.839,-0.145,0.50868
0.448,-0.234,0.068,0.79712
0.163,-0.275,0.059,0.1722
-0.559,0.486,0.157,0.07972
0.426,-0.651,0.08,0.34743
0.162,0.46,0.088,0.97198
0.822,-0.536,0.24,0.51276
-0.344,0.813,0.609,0.04207
0.027,-0.495,-0.101,0.35575
-0.705,0.087,-0.226,0.11016
-0.866,-0.647,-0.509,0.14137
-0.09,-0.018,-0.037,0.08224
0.424,0.873,0.652,0.40104
0.406,0.457,0.251,0.87645
0.261,-0.731,0.149,0.02284
-0.842,-0.623,-1.051,0.89012
-0.598,-0.523,-0.451,0.3371
-0.312,-0.933,-0.973,0.84952
-0.672,-0.649,-0.476,0.25014
0.003,-0.701,-0.211,0.44594
0.561,-0.624,-0.19,0.82308
-0.902,-0.054,-0.401,0.16727
-0.867,0.563,0.141,0.05025
-0.497,0.679,-0.251,0.91286
0.636,-0.752,0.036,0.55062
-0.544,-0.052,-0.366,0.68736
0.685,0.328,0.433,0.71894
-0.31,0.58,0.371,0.08046
0.217,0.898,0.184,0.88923
-0.213,-0.139,-0.115,0.10639
-0.205,-0.379,-0.437,0.84711
-0.463,-0.188,-0.265,0.20772
0.909,0.597,0.513,0.87009
0.903,-0.472,0.136,0.79828
-0.313,-0.483,-0.275,0.32464
-0.283,0.76,0.246,0.35595
0.116,0.679,0.225,0.63834
0.903,-0.699,-0.283,0.96029
-0.386,0.149,-0.152,0.48564
-0.349,0.475,0.095,0.31353
-0.869,0.135,-0.383,0.33116
-0.629,-0.891,-0.772,0.59326
0.279,-0.523,-0.082,0.5855
0.703,-0.048,0.336,0.68402
-0.206,-0.712,-0.222,0.23697
-0.539,-0.847,-0.613,0.50735
-0.328,-0.537,-0.248,0.19577
0.864,-0.835,0.097,0.57608
-0.481,0.138,-0.219,0.53143
-0.995,-0.153,-0.65,0.5537
0.573,-0.871,0.275,0.09518
-0.373,0.726,0.417,0.14709
-0.666,0.09,-0.368,0.62757
-0.364,0.628,0.053,0.45682
-0.832,0.22,-0.391,0.5443
0.946,0.98,1.141,0.30021
-0.128,0.456,-0.012,0.80743
0.345,0.416,0.339,0.51282
0.522,-0.754,0.074,0.40668
0.011,0.453,0.037,0.89709
0.87,-0.282,0.509,0.1458
0.424,-0.878,-0.099,0.52027
0.285,-0.711,-0.162,0.58552
0.18,-0.958,-0.048,0.23355
0.206,-0.864,-0.226,0.53729
-0.309,0.307,-0.078,0.5793
0.534,0.718,0.375,0.82028
0.553,0.246,0.335,0.75148
0.308,-0.397,-0.001,0.56313
0.889,0.278,0.613,0.5059
0.824,-0.534,0.391,0.22015
-0.45,-0.954,-0.407,0.25976
0.725,0.761,0.485,0.81405
-0.293,0.527,-0.133,0.9035
-0.495,-0.028,-0.261,0.30961
-0.404,0.043,-0.202,0.42773
0.191,0.454,0.538,0.06169
-0.676,0.063,-0.22,0.10244
-0.085,-0.152,-0.071,0.24791
0.564,0.483,0.463,0.56497
0.541,0.263,0.414,0.46709
-0.0,0.178,0.132,0.2406
0.161,-0.604,-0.228,0.64064
0.183,0.313,0.319,0.26084
-0.408,0.022,-0.184,0.2462
-0.148,0.629,0.025,0.7429
-0.856,0.392,-0.094,0.10976
0.022,0.169,0.106,0.34492
-0.261,-0.855,-0.893,0.86596
-0.884,0.331,-0.257,0.26551
0.416,0.741,0.655,0.33918
0.18,-0.446,0.05,0.16498
-0.391,-0.311,-0.42,0.71318
0.952,-0.121,0.551,0.3036
-0.269,0.641,0.074,0.51206
0.143,-0.359,-0.165,0.73123
0.771,0.805,0.621,0.64275
-0.404,-0.418,-0.318,0.33703
-0.959,-0.657,-0.6,0.20045
0.154,0.811,0.143,0.88993
-0.075,0.84,0.317,0.43173
-0.655,-0.098,-0.321,0.19115
0.006,-0.37,-0.009,0.05018
-0.948,0.242,-0.457,0.56687
-0.827,0.154,-0.237,0.10921
0.555,-0.904,0.062,0.39154
0.945,0.138,0.602,0.48349
0.383,0.278,0.403,0.26941
0.603,-0.81,0.098,0.41264
-0.043,-0.938,-0.941,0.97648
-0.011,-0.721,-0.097,0.19459
-0.638,0.699,-0.127,0.55267
0.242,0.183,0.252,0.29369
-0.644,0.393,-0.284,0.71272
0.853,-0.946,0.227,0.36835
-0.535,0.233,-0.162,0.3501
-0.187,0.748,0.177,0.48107
-0.327,-0.815,-0.254,0.14079
-0.079,-0.588,-0.243,0.48574
-0.664,-0.344,-0.321,0.0784
0.408,-0.583,0.046,0.43539
-0.8,0.697,-0.423,0.89005
-0.872,0.997,0.482,0.0694
-0.765,-0.639,-0.608,0.40814
-0.495,-0.881,-0.593,0.50066
0.142,0.083,0.108,0.52866
-0.459,0.195,-0.054,0.09698
0.297,-0.174,0.143,0.22848
0.101,-0.513,-0.062,0.3477
0.109,0.853,0.829,0.10988
0.349,0.939,0.18,0.97642
-0.377,-0.89,-0.359,0.26467
-0.641,0.628,-0.07,0.42598
0.482,0.409,0.37,0.6348
0.617,0.446,0.304,0.93472
0.565,-0.916,-0.048,0.53128
-0.679,-0.413,-0.642,0.69806
-0.107,-0.777,-0.187,0.25601
-0.917,-0.556,-0.523,0.146
-0.309,-0.558,-0.608,0.79515
0.604,0.607,0.476,0.65393
0.545,0.425,0.375,0.73396
-0.18,0.636,0.127,0.50038
0.672,-0.03,0.341,0.63592
-0.668,0.26,-0.169,0.219
-0.202,-0.392,-0.2,0.34553
-0.737,0.352,-0.262,0.48424
-0.8,-0.331,-0.611,0.57472
-0.232,-0.11,-0.117,0.10139
-0.292,-0.535,-0.219,0.16975
0.869,0.863,0.712,0.61173
-0.131,-0.356,-0.181,0.44585
-0.704,-0.733,-0.646,0.47785
-0.884,0.509,-0.177,0.31683
0.686,0.094,0.392,0.65145
0.213,-0.751,0.044,0.14513
-0.949,0.14,-0.495,0.54859
0.575,0.52,0.839,0.06133
-0.164,0.124,-0.042,0.48879
0.52,0.136,0.266,0.82458
0.075,0.052,0.05,0.74177
-0.855,0.077,-0.351,0.20179
0.206,-0.953,0.075,0.06217
-0.985,0.352,-0.233,0.16828
0.373,0.751,0.851,0.14898
-0.66,-0.739,-0.368,0.07671
0.877,0.611,0.631,0.65687
0.138,0.772,0.332,0.52288
-0.515,0.55,-0.267,0.90119
-0.669,0.97,0.361,0.21555
0.597,0.462,0.562,0.39542
-0.567,-0.149,-0.369,0.44343
0.256,0.347,0.273,0.489
0.375,-0.538,-0.311,0.93406
-0.27,0.69,0.229,0.3444
0.518,-0.527,0.228,0.18544
-0.265,0.619,-0.049,0.7659
0.563,-0.888,0.091,0.3602
0.573,-0.529,0.238,0.23248
0.846,-0.387,0.38,0.34812
0.939,-0.478,0.312,0.53523
-0.437,-0.335,-0.362,0.48153
0.79,0.527,0.587,0.60248
0.75,-0.38,0.163,0.71906
0.158,-0.498,-0.045,0.39485
0.862,0.215,0.424,0.84644
0.125,-0.674,-0.096,0.36952
0.728,-0.125,0.418,0.2654
0.294,-0.966,0.031,0.2034
-0.982,0.461,-0.359,0.49734
-0.448,-0.725,-0.344,0.20946
-0.775,-0.222,-0.546,0.54985
0.816,-0.223,0.168,0.91191
-0.014,-0.519,-0.131,0.36116
-0.751,-0.206,-0.315,0.0704
0.234,0.828,0.425,0.49791
0.206,0.614,0.144,0.91917
-0.202,0.087,-0.1,0.73091
-0.317,-0.677,-0.326,0.34232
0.234,0.538,0.237,0.68861
-0.457,0.104,-0.144,0.16299
-0.639,0.989,-0.154,0.70437
0.759,0.819,0.648,0.59734
0.046,-0.041,0.021,0.18875
-0.231,-0.1,-0.174,0.54376
0.187,-0.77,-0.234,0.57726
0.857,0.327,0.544,0.66314
0.773,-0.493,0.259,0.456
-0.451,0.68,0.003,0.49257
0.733,0.525,0.766,0.27027
-0.843,0.993,-0.278,0.722
-0.555,0.903,-0.043,0.58073
0.365,-0.83,0.157,0.08887
-0.808,-0.977,-1.252,0.82388
0.51,-0.579,-0.277,0.92963
0.456,0.002,0.194,0.8335
-0.37,-0.93,-1.006,0.8535
0.186,-0.338,-0.246,0.9723
-0.945,0.641,-0.089,0.26479
-0.522,0.998,-0.078,0.68818
-0.958,-0.215,-0.506,0.2157
-0.25,-0.878,-0.339,0.35115
0.473,0.113,0.284,0.65449
0.036,0.602,0.164,0.63615
0.244,-0.929,-0.019,0.24984
0.971,0.314,0.363,0.96207
-0.47,0.301,-0.171,0.59181
-0.544,-0.468,-0.452,0.44616
0.702,-0.291,-0.012,0.96217
-0.007,-0.781,-0.669,0.83737
0.542,0.568,0.27,0.95141
-0.596,-0.6,-0.314,0.06508
0.703,-0.59,0.193,0.45191
0.479,0.889,0.605,0.4799
-0.074,-0.205,-0.082,0.31175
0.386,-0.002,0.15,0.87099
-0.042,-0.254,-0.056,0.20029
-0.042,0.702,0.158,0.61114
0.314,-0.135,0.17,0.18239
-0.489,-0.679,-0.551,0.54221
-0.562,-0.039,-0.295,0.29471
0.186,0.766,0.203,0.79628
-0.141,0.811,0.719,0.02462
-0.315,0.674,-0.157,0.94075
-0.15,0.58,-0.041,0.89387
-0.444,-0.19,-0.199,0.065
0.373,-0.346,-0.162,0.95636
-0.912,0.612,-0.627,0.98777
0.982,-0.638,0.321,0.46288
0.791,0.059,0.506,0.38178
0.105,-0.764,-0.129,0.37011
-0.539,0.068,-0.204,0.17866
-0.027,0.088,-0.006,0.84987
0.567,0.467,0.382,0.76512
-0.224,0.468,0.043,0.50365
0.431,-0.904,0.046,0.3156
0.146,-0.038,0.053,0.72226
-0.671,0.955,-0.002,0.47764
0.453,0.718,0.568,0.43189
0.503,0.185,0.401,0.32776
0.936,0.957,0.574,0.8695
0.437,-0.661,-0.417,0.95187
0.649,-0.59,0.333,0.12175
0.892,0.123,0.436,0.80554
-0.944,0.033,-0.342,0.11385
-0.752,0.265,-0.136,0.10631
0.611,0.793,1.066,0.10439
-0.17,-0.209,-0.119,0.19335
-0.524,-0.334,-0.409,0.47585
0.204,-0.203,0.038,0.49562
0.845,-0.473,0.411,0.22931
-0.586,0.053,-0.307,0.47931
-0.166,-0.348,-0.135,0.19458
0.454,0.478,0.548,0.30628
0.965,0.9,1.414,0.0738
-0.587,0.096,-0.286,0.46631
0.263,-0.781,-0.084,0.42967
-0.034,-0.831,-0.638,0.76186
-0.277,-0.855,-0.846,0.80882
-0.212,0.236,-0.067,0.69126
0.486,-0.859,-0.009,0.45801
0.361,-0.472,0.005,0.54622
0.134,0.569,0.112,0.8963
-0.432,0.395,-0.074,0.45928
-0.954,-0.689,-0.565,0.15028
0.307,0.904,0.421,0.58537
0.479,-0.003,0.261,0.57389
-0.457,-0.456,-0.578,0.75212
0.978,0.378,0.609,0.68967
-0.577,0.865,0.277,0.25828
-0.899,0.171,-0.278,0.13198
-0.819,0.603,-0.292,0.62423
0.838,-0.511,0.364,0.29891
0.166,-0.575,-0.251,0.68291
-0.764,0.952,0.039,0.3942
-0.671,0.943,0.007,0.46334
0.94,0.965,1.253,0.21836
-0.991,-0.605,-0.571,0.15224
-0.225,-0.775,-0.275,0.30238
-0.085,0.286,0.061,0.47891
-0.742,0.382,-0.173,0.31163
0.516,0.055,0.203,0.90485
0.073,0.579,0.321,0.39156
0.242,0.021,0.123,0.74834
-0.286,0.546,0.094,0.40613
0.322,-0.348,-0.096,0.81385
-0.347,0.191,-0.108,0.45813
-0.941,-0.838,-0.986,0.64845
0.651,0.499,0.51,0.58114
0.086,-0.923,-0.391,0.60454
0.885,-0.177,0.344,0.7366
0.041,-0.657,-0.064,0.20206
-0.022,0.72,0.006,0.96107
0.775,0.174,0.356,0.87734
-0.197,0.091,-0.064,0.41445
0.734,0.478,0.482,0.74466
-0.855,0.672,0.36,0.02157
-0.757,0.833,0.242,0.18272
-0.923,-0.783,-0.624,0.23247
0.34,0.888,1.09,0.01372
-0.81,0.486,-0.016,0.12701
0.907,-0.217,0.22,0.90101
0.805,-0.269,0.329,0.53251
-0.068,0.56,0.069,0.70853
-0.496,-0.734,-0.303,0.09029
-0.172,-0.706,-0.167,0.1576
-0.147,-0.294,-0.163,0.41263
0.374,-0.362,0.175,0.16224
-0.776,-0.391,-0.563,0.45262
0.998,0.347,0.682,0.54222
0.425,-0.802,-0.566,0.95997
0.375,-0.902,-0.282,0.65213
-0.359,0.7,0.502,0.03804
0.049,0.029,0.03,0.79479
-0.98,-0.096,-0.575,0.42605
0.503,0.958,0.995,0.22861
0.78,0.174,0.407,0.79374
0.825,-0.59,0.155,0.60775
0.839,0.426,0.371,0.94643
0.032,-0.233,-0.204,0.94198
-0.619,-0.812,-0.693,0.55712
-0.831,-0.523,-0.466,0.13056
-0.181,0.548,0.19,0.35616
0.912,0.253,0.627,0.48332
-0.969,-0.533,-0.483,0.0856
-0.803,0.306,-0.39,0.68307
-0.529,0.984,-0.016,0.59241
-0.2,-0.75,-0.644,0.74327
0.016,0.14,0.058,0.50151
0.894,-0.23,0.168,0.92844
0.499,0.893,0.866,0.28414
0.917,-0.085,0.346,0.84351
-0.631,0.151,-0.306,0.55603
0.142,0.17,0.162,0.39785
0.733,0.302,0.744,0.0687
-0.473,0.488,0.018,0.33833
-0.096,-0.652,-0.238,0.42216
-0.027,-0.871,-0.214,0.34921
-0.82,0.681,-0.118,0.40114
-0.016,0.859,0.661,0.21578
-0.286,0.689,0.058,0.54874
0.92,0.806,0.898,0.4078
-0.537,-0.904,-0.298,0.05062
0.434,0.964,1.137,0.08266
0.999,0.813,0.556,0.89793
-0.274,0.997,-0.105,0.92801
0.746,-0.417,0.416,0.1243
0.884,0.362,0.674,0.42464
0.002,-0.196,-0.039,0.31511
0.519,-0.945,0.092,0.3044
-0.455,-0.617,-0.288,0.11464
0.874,0.326,0.414,0.90615
0.143,-0.002,0.063,0.80012
-0.345,0.206,-0.077,0.36354
-0.63,0.407,-0.212,0.55062
0.406,-0.65,0.081,0.32323
0.711,0.503,0.455,0.78461
0.052,-0.159,-0.032,0.52495
-0.058,0.735,0.613,0.13806
-0.671,-0.787,-0.57,0.37365
0.664,-0.423,0.181,0.54732
0.864,-0.409,0.407,0.29525
-0.565,0.411,-0.197,0.60757
-0.836,-0.487,-0.583,0.35335
-0.824,0.099,-0.378,0.33194
0.128,-0.578,-0.156,0.53661
0.139,-0.021,0.051,0.82091
-0.812,-0.598,-0.865,0.7357
-0.341,-0.403,-0.3,0.40202
-0.082,0.861,0.099,0.74278
0.989,-0.357,0.538,0.20665
-0.625,0.51,-0.146,0.48768
-0.107,0.079,-0.001,0.2189
-0.057,0.133,0.024,0.44304
-0.167,0.513,0.379,0.0956
0.478,-0.588,-0.201,0.81358
0.524,0.954,0.294,0.95064
0.007,-0.233,-0.039,0.28377
-0.585,-0.029,-0.267,0.18863
0.034,-0.858,-0.124,0.2562
0.682,-0.03,0.433,0.24527
0.809,0.295,0.461,0.77831
0.117,0.029,0.066,0.73441
0.596,-0.089,0.206,0.85033
0.69,-0.7,-0.1,0.74417
0.389,0.174,0.267,0.59398
0.398,0.138,0.236,0.72851
0.694,-0.099,0.335,0.57456
-0.279,-0.09,-0.15,0.18804
-0.649,0.88,-0.214,0.75534
-0.507,0.875,0.535,0.08387
-0.403,-0.183,-0.319,0.59395
0.832,-0.816,0.217,0.41482
0.796,-0.52,0.43,0.12923
0.279,-0.728,-0.014,0.34492
0.593,0.2,0.398,0.56147
0.96,-0.705,-0.283,0.96404
-0.598,-0.735,-0.61,0.51005
0.384,-0.527,0.165,0.14777
-0.208,-0.74,-0.278,0.33972
0.004,-0.96,-0.081,0.13156
0.266,-0.88,-0.21,0.54797
-0.259,0.944,0.29,0.40607
0.783,-0.93,0.403,0.0922
-0.117,-0.497,-0.157,0.28938
-0.406,-0.823,-0.53,0.51075
-0.355,-0.933,-0.853,0.74044
0.996,0.071,0.53,0.69164
0.202,0.658,0.63,0.20857
0.834,-0.235,0.092,0.95283
0.838,-0.606,-0.118,0.91492
-0.41,-0.278,-0.261,0.21784
-0.891,-0.473,-0.484,0.12945
-0.363,-0.124,-0.258,0.52014
0.967,-0.993,0.301,0.33757
-0.462,0.541,-0.151,0.71717
-0.461,-0.757,-1.001,0.95531
0.556,0.689,0.524,0.5547
0.102,0.144,0.192,0.08332
0.511,0.439,0.332,0.80436
-0.006,0.566,0.235,0.43695
-0.233,0.077,-0.042,0.09521
-0.971,-0.812,-0.739,0.35966
-0.545,0.302,-0.287,0.83129
0.881,-0.552,0.351,0.35559
0.025,0.329,0.132,0.49342
0.268,0.401,0.263,0.58195
0.613,0.902,1.141,0.12531
-0.414,0.961,0.465,0.24237
0.189,-0.589,-0.468,0.95662
-0.039,-0.709,-0.182,0.34623
0.382,0.03,0.242,0.4053
0.125,-0.653,-0.088,0.3632
-0.206,0.312,-0.036,0.63821
-0.352,-0.617,-0.433,0.52261
-0.627,-0.114,-0.297,0.1562
0.252,0.208,0.298,0.21971
-0.452,-0.672,-0.45,0.43094
-0.409,0.582,0.047,0.40356
0.053,-0.233,-0.1,0.65914
-0.525,-0.332,-0.313,0.17286
0.152,-0.161,0.021,0.52062
0.422,-0.275,0.15,0.41638
0.19,-0.375,-0.041,0.52943
-0.998,0.996,-0.563,0.93394
0.314,-0.738,0.03,0.29013
-0.339,0.731,-0.068,0.75739
0.264,-0.372,0.161,0.02594
0.826,-0.734,0.159,0.52873
-0.431,0.281,-0.162,0.61747
-0.239,-0.564,-0.352,0.52942
0.993,-0.353,0.47,0.36219
-0.622,-0.082,-0.404,0.57016
0.378,-0.325,-0.052,0.82899
-0.965,-0.167,-0.446,0.14506
-0.654,-0.317,-0.588,0.7299
-0.088,-0.115,-0.057,0.13153
-0.494,0.454,-0.067,0.42739
-0.278,0.893,0.165,0.5002
0.024,-0.249,-0.23,0.97341
-0.331,0.092,-0.112,0.24957
-0.733,-0.822,-0.482,0.16296
-0.085,0.741,0.189,0.53834
-0.154,-0.912,-0.62,0.67414
0.118,0.68,0.244,0.60403
0.721,0.22,0.401,0.77443
-0.109,-0.313,-0.13,0.34323
-0.361,-0.353,-0.219,0.12955
0.791,-0.272,0.24,0.74461
0.456,0.609,0.866,0.03854
0.455,0.66,0.4,0.65796
0.227,-0.881,-0.678,0.89698
0.607,-0.765,0.251,0.17664
0.354,-0.963,-0.133,0.48266
0.297,-0.577,-0.322,0.84049
0.579,0.788,0.539,0.59389
0.839,-0.056,0.4,0.68869
-0.232,-0.922,-0.115,0.01381
0.17,-0.986,-0.799,0.88992
-0.297,0.673,0.006,0.62641
0.193,-0.602,-0.329,0.75585
-0.676,0.263,-0.2,0.29068
-0.581,-0.542,-0.237,0.02295
-0.761,0.193,-0.337,0.45948
-0.541,-0.562,-0.678,0.72778
0.633,0.367,0.717,0.09036
0.167,-0.708,-0.461,0.78886
0.343,-0.061,0.166,0.52414
0.841,-0.872,0.336,0.22777
0.756,0.646,0.311,0.9745
-0.931,0.743,-0.276,0.56064
-0.847,0.658,-0.42,0.83798
-0.714,-0.923,-0.493,0.17435
0.837,-0.854,-0.378,0.93525
-0.18,0.508,0.039,0.59729
-0.918,-0.997,-0.58,0.14082
-0.946,0.212,-0.504,0.67405
-0.172,0.044,-0.058,0.2243
-0.04,-0.692,-0.283,0.52427
0.628,0.616,0.873,0.15764
0.415,-0.389,-0.021,0.7123
-0.463,0.881,0.258,0.32508
-0.504,0.386,-0.213,0.73796
-0.732,-0.615,-0.422,0.11705
-0.749,-0.022,-0.403,0.36001
0.6,-0.128,0.243,0.68492
0.376,-0.133,0.114,0.73439
-0.078,-0.059,-0.082,0.71416
0.11,0.107,0.077,0.76235
-0.835,-0.437,-0.415,0.08785
0.015,-0.601,-0.144,0.38339
-0.678,-0.895,-0.698,0.49362
-0.83,-0.601,-0.485,0.14114
-0.91,0.296,-0.304,0.29248
-0.881,0.266,-0.351,0.40503
0.534,0.966,0.25,0.97729
0.934,-0.062,0.593,0.21689
0.988,0.351,0.708,0.47701
-0.258,-0.864,-0.295,0.2755
-0.469,-0.246,-0.311,0.31715
-0.856,-0.932,-0.752,0.42569
0.557,0.701,0.448,0.69373
0.599,0.666,0.351,0.90199
0.195,-0.082,0.111,0.13939
-0.696,0.967,-0.051,0.52233
-0.875,0.357,-0.339,0.49192
-0.812,-0.939,-1.19,0.80065
-0.327,-0.211,-0.242,0.40284
0.767,0.564,0.531,0.71477
0.991,-0.428,0.337,0.58402
0.758,0.028,0.33,0.83505
-0.383,-0.311,-0.333,0.51088
0.143,0.073,0.112,0.45235
0.381,-0.006,0.257,0.16514
-0.793,0.314,-0.401,0.73425
-0.388,0.95,0.314,0.33973
0.876,0.263,0.335,0.95585
0.21,0.033,0.12,0.66688
-0.973,-0.816,-0.544,0.10158
0.732,0.545,0.518,0.69328
-0.638,0.073,-0.355,0.61345
0.944,-0.939,0.077,0.59136
-0.748,-0.522,-0.592,0.46223
0.75,0.445,0.838,0.11515
0.955,-0.429,0.303,0.61062
-0.102,0.964,0.218,0.57797
-0.472,-0.018,-0.283,0.54693
0.039,0.865,0.239,0.61993
0.867,0.031,0.431,0.73512
-0.577,-0.608,-0.725,0.7238
-0.224,0.118,-0.083,0.54379
0.246,-0.206,0.084,0.35831
-0.751,0.973,0.4,0.1546
-0.393,-0.192,-0.265,0.3579
0.117,0.637,0.273,0.52753
0.078,-0.48,-0.027,0.22174
-0.989,-0.395,-0.801,0.66617
0.453,0.769,0.459,0.59751
-0.527,0.862,0.542,0.06114
-0.573,-0.111,-0.396,0.61219
-0.857,0.225,-0.31,0.27774
-0.291,-0.227,-0.177,0.15888
0.519,-0.401,0.074,0.62553
0.1,0.19,0.091,0.70643
-0.745,-0.937,-0.67,0.40205
-0.711,0.74,-0.173,0.5845
0.036,0.61,0.217,0.53195
-0.44,0.281,-0.211,0.78456
0.42,-0.505,-0.137,0.77311
-0.261,0.246,-0.067,0.56577
-0.047,-0.518,-0.113,0.26075
0.741,0.847,1.128,0.15971
-0.759,0.74,-0.035,0.37534
-0.859,-0.501,-0.705,0.56101
0.601,0.447,0.362,0.84168
-0.299,0.203,0.017,0.1165
0.468,-0.529,0.207,0.16566
-0.584,-0.041,-0.277,0.20486
0.353,0.013,0.191,0.63966
0.261,-0.862,-0.178,0.51733
-0.019,-0.029,-0.015,0.24353
0.198,0.03,0.098,0.80272
0.131,0.639,0.264,0.5583
-0.758,0.974,0.489,0.08662
-0.394,-0.08,-0.303,0.79984
-0.294,0.626,0.269,0.26167
0.574,-0.958,0.163,0.23908
-0.813,-0.554,-0.748,0.62866
0.931,-0.962,0.415,0.17654
0.748,0.486,0.948,0.03964
0.838,-0.939,0.214,0.37741
-0.137,-0.694,-0.287,0.44691
0.078,0.971,0.907,0.12333
0.992,0.443,0.427,0.94719
-0.096,-0.396,-0.175,0.45073
0.218,-0.255,0.073,0.27414
-0.297,-0.038,-0.188,0.52712
0.922,-0.193,0.53,0.23043
-0.813,0.512,-0.293,0.58089
0.2,0.655,0.225,0.727
-0.553,-0.749,-0.477,0.34596
-0.468,-0.539,-0.608,0.71085
-0.153,0.14,-0.044,0.59583
0.45,0.788,0.556,0.47437
-0.937,0.812,-0.463,0.85149
-0.115,-0.392,-0.439,0.94831
-0.937,-0.881,-0.721,0.33967
0.548,-0.234,0.145,0.7236
0.572,-0.926,-0.191,0.6533
0.501,0.073,0.289,0.64503
-0.305,0.084,-0.137,0.50212
-0.65,0.038,-0.274,0.19779
0.014,-0.227,-0.196,0.88228
-0.397,0.58,-0.16,0.83821
-0.499,0.342,-0.152,0.5215
-0.58,0.656,-0.304,0.91127
0.725,-0.219,0.323,0.47665
0.653,0.067,0.326,0.77299
0.361,-0.429,-0.207,0.92138
-0.966,0.864,-0.555,0.93477
-0.002,0.497,0.0,0.9911
0.753,0.273,0.417,0.80386
-0.876,-0.218,-0.438,0.1646
0.974,-0.353,0.444,0.39676
0.486,0.773,0.503,0.56181
-0.427,-0.869,-0.861,0.75174
-0.147,0.238,-0.071,0.91258
-0.022,0.68,0.511,0.22229
0.111,0.75,0.348,0.47182
-0.157,0.355,0.267,0.03536
-0.569,0.48,-0.175,0.59531
0.378,0.386,0.221,0.89493
-0.37,-0.072,-0.254,0.598
0.735,-0.97,0.26,0.22678
0.759,-0.311,0.294,0.50662
-0.736,-0.714,-0.335,0.03478
0.288,0.241,0.238,0.55022
-0.716,0.63,-0.395,0.91372
-0.66,0.111,-0.259,0.2366
-0.476,-0.11,-0.229,0.14672
-0.65,0.879,-0.123,0.61487
0.232,-0.305,-0.156,0.91347
-0.884,0.84,-0.173,0.49811
-0.761,-0.417,-0.387,0.09369
0.764,-0.829,0.204,0.37435
0.697,-0.262,0.307,0.42043
-0.037,0.904,0.157,0.6981
-0.502,-0.849,-0.262,0.03815
0.228,0.859,0.337,0.62617
-0.864,-0.814,-0.92,0.63949
-0.327,0.192,-0.12,0.57014
0.793,-0.919,0.366,0.14243
0.488,-0.254,0.185,0.445
-0.09,-0.605,-0.62,0.93609
-0.755,0.69,-0.349,0.82228
-0.412,0.483,-0.206,0.89457
0.709,0.564,0.79,0.25638
0.901,-0.86,0.277,0.36481
-0.863,0.299,-0.441,0.71679
-0.324,-0.858,-0.456,0.46507
-0.658,-0.953,-0.458,0.16113
-0.785,-0.509,-0.722,0.6469
0.055,0.784,0.149,0.7655
0.564,0.478,0.638,0.26942
-0.721,-0.153,-0.361,0.18034
0.145,0.97,0.463,0.46055
0.626,-0.695,0.209,0.28841
0.078,-0.022,0.03,0.65024
0.543,-0.853,0.149,0.26178
0.107,-0.834,-0.125,0.3361
1.0,-0.641,0.495,0.19254
0.61,-0.787,0.176,0.2991
0.191,0.87,0.233,0.77173
-0.299,0.468,-0.125,0.8615
0.455,-0.188,0.218,0.31164
0.23,-0.336,-0.064,0.66477
-0.223,-0.568,-0.339,0.52118
-0.374,-0.166,-0.24,0.31714
-0.518,-0.414,-0.329,0.18843
0.903,0.577,0.78,0.41407
-0.865,0.723,-0.472,0.9033
0.654,-0.513,0.095,0.61734
-0.326,-0.83,-0.272,0.17251
0.538,-0.328,0.288,0.14383
0.764,-0.733,0.19,0.43785
-0.961,-0.911,-1.337,0.86259
0.161,-0.552,0.022,0.18068
-0.228,0.364,-0.114,0.92226
-0.897,-0.329,-0.63,0.48548
-0.928,-0.777,-0.559,0.14374
0.126,-0.442,-0.102,0.53168
0.097,0.387,0.417,0.0692
-0.888,0.013,-0.403,0.22261
0.922,-0.587,0.532,0.08831
-0.265,0.368,-0.008,0.48851
0.162,-0.118,0.076,0.20711
-0.582,0.032,-0.268,0.26508
-0.193,-0.548,-0.174,0.19127
-0.627,-0.242,-0.6,0.89441
0.434,-0.951,0.003,0.36777
-0.578,-0.64,-0.896,0.87808
-0.875,0.587,-0.295,0.56347
-0.931,-0.799,-0.704,0.3451
-0.93,-0.979,-0.683,0.26591
-0.034,0.19,0.047,0.50919
0.116,-0.779,-0.1,0.32127
0.851,0.915,0.711,0.61602
-0.964,-0.633,-0.556,0.14387
-0.314,0.04,-0.1,0.11007
0.156,-0.538,-0.383,0.85874
0.677,0.69,0.552,0.62401
0.006,-0.999,-0.274,0.41392
0.926,0.515,0.597,0.73031
-0.763,-0.451,-0.79,0.80358
-0.029,-0.839,-0.205,0.34449
-0.352,0.136,-0.147,0.53836
0.067,-0.856,-0.129,0.29778
0.653,-0.616,0.107,0.53709
0.515,0.495,0.222,0.97204
-0.627,-0.973,-1.169,0.83961
0.733,-0.031,0.37,0.64629
-0.878,0.875,-0.452,0.89052
-0.674,-0.343,-0.695,0.86746
-0.609,0.056,-0.172,0.07389
-0.645,-0.412,-0.557,0.5858
0.794,0.673,0.447,0.89602
-0.112,-0.954,-0.442,0.54309
-0.026,0.885,0.136,0.73826
0.489,0.054,0.224,0.83594
-0.602,0.905,-0.229,0.82306
0.4,0.097,0.234,0.69049
-0.982,0.954,0.197,0.19221
-0.972,-0.419,-0.463,0.08506
0.07,-0.559,-0.108,0.39394
-0.589,0.832,-0.041,0.5254
-0.543,-0.782,-0.367,0.14366
0.772,0.817,0.549,0.76492
0.923,0.632,0.965,0.25167
0.83,-0.726,0.08,0.62259
0.111,0.771,0.174,0.77275
0.429,0.23,0.224,0.89283
0.129,0.567,0.499,0.23196
-0.043,-0.029,-0.034,0.47258
0.377,-0.233,0.159,0.31745
-0.487,-0.365,-0.362,0.36264
-0.051,-0.177,-0.052,0.20986
-0.025,0.678,0.167,0.60004
0.917,-0.115,0.506,0.38699
-0.15,0.433,-0.092,0.98667
-0.197,-0.869,-0.368,0.43948
-0.815,-0.95,-0.682,0.36211
0.896,-0.534,0.451,0.19222
-0.545,0.615,-0.233,0.81873
-0.614,0.229,-0.091,0.093
0.572,-0.452,0.263,0.20529
0.43,-0.967,0.193,0.08001
0.211,-0.187,0.079,0.29446
0.579,-0.504,0.221,0.28897
-0.26,-0.454,-0.429,0.69538
-0.987,-0.704,-0.65,0.24036
-0.615,-0.256,-0.535,0.74897
-0.839,-0.707,-0.529,0.17461
0.177,-0.245,-0.057,0.70302
0.25,-0.651,0.021,0.26889
0.627,-0.237,0.103,0.89302
-0.491,-0.928,-0.384,0.19061
-0.152,-0.659,-0.338,0.52987
0.381,-0.398,0.088,0.42881
-0.779,-0.17,-0.515,0.50463
-0.917,0.175,-0.335,0.20932
0.832,-0.234,0.369,0.50575
0.209,0.018,0.095,0.83066
0.643,-0.428,0.171,0.54135
0.369,-0.472,-0.174,0.8193
-0.489,0.113,-0.284,0.79917
0.401,-0.49,0.089,0.38594
0.999,-0.299,0.449,0.46984
0.032,-0.624,-0.603,0.99401
-0.458,0.531,0.26,0.06936
0.69,-0.728,0.021,0.60934
-0.426,0.544,0.221,0.15327
-0.163,0.102,-0.081,0.80642
-0.889,-0.37,-0.677,0.56903
0.078,0.463,0.15,0.64672
-0.641,-0.189,-0.495,0.69842
-0.486,0.689,-0.194,0.82982
-0.567,-0.879,-0.562,0.41462
-0.62,0.839,-0.175,0.70743
0.873,-0.985,0.177,0.43278
0.528,0.344,0.33,0.79225
-0.572,-0.233,-0.307,0.1539
0.304,-0.646,-0.11,0.56829
-0.385,0.759,-0.115,0.80763
-0.212,-0.76,-0.199,0.1668
0.783,0.945,0.685,0.60898
-0.525,-0.313,-0.423,0.53476
0.701,-0.518,0.428,0.04803
-0.537,-0.89,-1.003,0.80274
-0.755,0.911,-0.456,0.96726
0.764,-0.094,0.322,0.75098
-0.794,0.507,-0.237,0.48966
-0.095,0.951,0.562,0.29042
-0.163,0.688,0.11,0.57203
0.679,-0.024,0.456,0.14993
0.293,-0.104,0.115,0.54837
-0.459,0.332,-0.072,0.36361
0.769,-0.584,0.287,0.33972
-0.599,0.778,-0.14,0.64621
-0.517,-0.152,-0.427,0.80204
0.306,-0.812,-0.233,0.62111
0.97,-0.471,0.208,0.74383
0.147,-0.804,-0.639,0.87982
-0.245,-0.858,-0.24,0.18946
-0.356,-0.268,-0.221,0.17931
-0.783,-0.065,-0.378,0.21127
0.379,-0.177,0.18,0.29094
-0.744,-0.056,-0.346,0.18889
-0.669,0.728,-0.117,0.52489
0.37,0.996,0.403,0.68982
0.839,-0.129,0.475,0.30785
-0.52,0.176,-0.182,0.33903
0.964,-0.551,0.107,0.80387
-0.778,-0.903,-0.593,0.27796
0.358,-0.008,0.183,0.65346
-0.639,0.888,-0.347,0.94012
0.66,-0.411,0.249,0.39439
0.225,-0.67,-0.082,0.44673
-0.244,-0.207,-0.113,0.04237
0.193,0.354,0.144,0.8336
0.917,-0.99,0.247,0.37319
0.212,0.516,0.625,0.03458
0.082,0.24,0.132,0.49528
-0.666,-0.233,-0.336,0.13229
-0.339,0.734,0.342,0.24198
0.029,0.867,0.24,0.61016
0.877,-0.266,0.39,0.47732
0.542,-0.737,0.038,0.48827
0.874,-0.588,0.278,0.46477
-0.658,0.174,-0.29,0.46694
0.435,0.339,0.264,0.84249
-0.942,-0.772,-0.621,0.21618
0.834,-0.295,0.132,0.90897
0.08,-0.354,-0.188,0.71577
-0.244,0.202,-0.077,0.60014
-0.919,0.851,0.417,0.03877
0.177,-0.485,-0.071,0.48992
0.783,0.328,0.431,0.83104
-0.09,0.679,0.522,0.16977
0.597,0.062,0.362,0.5225
-0.857,0.532,-0.45,0.84467
0.985,0.835,0.855,0.50544
0.116,0.214,0.079,0.88397
-0.293,-0.721,-0.269,0.23253
-0.702,0.825,-0.189,0.65355
0.948,0.478,0.489,0.89343
0.335,0.376,0.215,0.85354
0.143,-0.06,0.035,0.76359
0.485,0.237,0.291,0.78009
0.934,0.703,0.679,0.66515
0.811,-0.376,0.232,0.65225
0.449,-0.079,0.248,0.32225
0.269,0.086,0.163,0.6886
0.803,0.101,0.481,0.56782
0.059,-0.564,-0.045,0.20984
0.213,0.861,0.246,0.76771
0.314,-0.999,0.023,0.22565
-0.029,0.592,0.162,0.55797
-0.512,0.78,-0.107,0.67065
-0.873,-0.232,-0.471,0.21552
-0.861,-0.366,-0.847,0.88975
-0.991,-0.659,-1.053,0.7768
-0.788,-0.509,-0.45,0.13929
-0.667,0.325,-0.245,0.51347
0.357,-0.749,0.002,0.38312
-0.542,0.677,-0.008,0.43808
0.249,-0.378,0.055,0.31973
0.372,-0.105,0.11,0.81798
-0.649,-0.416,-0.49,0.43195
0.746,-0.954,0.182,0.34798
-0.888,0.071,-0.486,0.53985
0.031,-0.347,-0.038,0.24344
0.571,-0.318,0.125,0.67281
-0.147,0.548,0.115,0.4982
-0.767,-0.249,-0.592,0.66583
0.301,0.178,0.162,0.88671
0.868,-0.153,0.356,0.71731
-0.707,0.874,0.356,0.14075
-0.86,-0.673,-0.615,0.30665
0.059,-0.121,-0.083,0.93594
-0.239,0.736,0.068,0.59745
-0.134,-0.728,-0.14,0.13942
-0.636,-0.265,-0.49,0.58447
0.229,0.206,0.167,0.70526
0.125,-0.799,-0.325,0.61865
-0.536,-0.093,-0.252,0.15502
-0.881,-0.097,-0.379,0.12999
-0.214,0.702,-0.092,0.93781
-0.519,0.454,-0.264,0.86884
0.952,0.064,0.439,0.81302
-0.966,-0.872,-0.566,0.11863
0.575,0.553,0.471,0.60255
-0.496,-0.359,-0.293,0.14839
-0.577,0.006,-0.262,0.22021
-0.106,0.908,0.815,0.04483
-0.499,0.835,0.12,0.39766
-0.339,-0.803,-0.879,0.85324
0.603,-0.115,0.191,0.85976
-0.813,0.733,-0.175,0.50108
0.64,0.464,0.407,0.79456
-0.886,0.159,-0.389,0.35691
0.462,-0.51,0.124,0.36718
0.873,0.756,0.388,0.96542
-0.694,-0.558,-0.498,0.3039
0.436,-0.939,0.028,0.33638
0.206,0.696,0.743,0.10527
0.09,-0.807,-0.092,0.26948
0.993,0.341,0.7,0.49373
0.003,-0.891,-0.382,0.57097
-0.702,-0.096,-0.43,0.45813
-0.983,-0.16,-0.348,0.05171
0.521,-0.133,0.22,0.59169
0.057,0.56,0.353,0.33242
-0.412,0.921,-0.082,0.76485
0.622,-0.517,0.183,0.42859
-0.16,0.24,-0.016,0.57054
0.926,0.418,0.833,0.24113
0.552,0.793,0.733,0.36207
0.871,0.642,0.54,0.81862
-0.196,-0.819,-0.296,0.35146
-0.228,-0.267,-0.175,0.28221
-0.944,0.301,-0.481,0.69533
0.517,0.073,0.363,0.28623
-0.712,0.973,0.339,0.2148
-0.372,-0.956,-0.432,0.362
-0.776,0.143,-0.256,0.15184
-0.579,0.035,-0.308,0.46393
0.281,-0.237,-0.065,0.90593
-0.661,0.376,0.041,0.06045
0.579,-0.815,0.099,0.38914
-0.897,-0.345,-0.392,0.06351
-0.422,-0.473,-0.29,0.19551
-0.749,0.486,-0.348,0.76509
-0.755,-0.43,-0.41,0.12185
-0.088,-0.125,-0.086,0.43105
-0.41,0.303,-0.145,0.6207
0.642,-0.777,0.041,0.53672
0.799,0.356,0.462,0.79884
0.844,-0.647,0.175,0.56332
0.61,0.138,0.492,0.1557
-0.739,-0.153,-0.389,0.22045
-0.644,-0.302,-0.578,0.74126
0.297,0.912,0.336,0.706
0.217,0.627,0.196,0.81121
0.341,-0.983,-0.685,0.87466
0.345,-0.868,0.051,0.23963
0.868,0.186,0.514,0.65744
0.386,0.38,0.233,0.87408
-0.787,0.027,-0.424,0.44795
0.378,0.683,0.379,0.62464
0.711,0.291,0.445,0.69553
-0.078,0.462,0.046,0.70586
-0.137,-0.264,-0.139,0.36417
-0.052,-0.307,-0.103,0.36825
0.485,0.346,0.323,0.74851
0.787,0.731,0.582,0.69851
-0.74,-0.608,-0.409,0.09822
0.437,0.044,0.314,0.19122
0.901,0.5,0.58,0.73152
0.879,-0.107,0.411,0.64212
0.209,-0.569,-0.453,0.97146
0.509,0.931,1.153,0.08108
0.355,0.464,0.255,0.79807
0.934,0.583,0.567,0.81061
-0.108,-0.824,-0.774,0.8537
-0.851,0.748,-0.449,0.88982
0.433,-0.597,-0.108,0.6718
-0.625,-0.542,-0.781,0.80786
0.295,-0.44,0.058,0.34698
0.811,0.741,0.476,0.8816
-0.087,-0.608,-0.255,0.4871
0.441,-0.557,-0.2,0.81679
0.159,-0.87,-0.383,0.65037
0.592,0.038,0.256,0.85013
0.576,0.904,1.158,0.09097
-0.808,0.105,-0.441,0.6001
0.068,-0.722,-0.6,0.86714
-0.487,-0.566,-0.384,0.30883
-0.595,0.612,0.022,0.33791
-0.995,0.341,-0.486,0.66364
-0.81,0.534,-0.272,0.55593
0.794,-0.134,0.514,0.102
0.375,0.243,0.25,0.72765
-0.873,0.377,-0.468,0.80882
-0.105,-0.977,-0.158,0.15691
-0.241,-0.238,-0.218,0.48232
0.32,-0.751,0.18,0.02942
-0.275,0.475,-0.028,0.6201
0.733,-0.017,0.377,0.64413
-0.917,0.326,-0.395,0.54086
-0.418,-0.639,-0.847,0.93687
-0.154,0.574,-0.046,0.89938
-0.07,-0.333,-0.065,0.12182
0.39,-0.459,0.137,0.25426
-0.36,-0.207,-0.384,0.8494
-0.269,-0.466,-0.493,0.76678
-0.625,-0.182,-0.321,0.16633
-0.85,0.122,-0.349,0.24749
0.127,0.894,0.305,0.60456
-0.13,0.774,0.099,0.6649
-0.568,-0.662,-0.36,0.13355
0.301,-0.748,-0.521,0.9054
0.25,-0.88,-0.072,0.3589
-0.128,0.593,0.058,0.67103
-0.732,-0.188,-0.405,0.24219
0.469,-0.148,0.201,0.5043
0.147,-0.955,-0.414,0.63559
-0.193,-0.143,-0.132,0.27053
0.167,-0.512,-0.019,0.32677
-0.915,-0.814,-0.597,0.19335
-0.612,-0.828,-0.729,0.5894
-0.101,0.445,0.295,0.20677
0.948,-0.071,0.507,0.50693
-0.147,-0.498,-0.2,0.36431
0.914,-0.983,-0.058,0.66252
0.625,0.473,0.437,0.71046
0.386,0.376,0.38,0.43869
0.84,0.489,0.838,0.22923
-0.235,-0.434,-0.124,0.03689
-0.038,-0.585,-0.168,0.38002
-0.039,0.389,0.238,0.27914
0.542,0.961,0.359,0.89248
-0.083,-0.906,-0.05,0.01357
-0.96,0.812,-0.55,0.92968
0.873,0.078,0.428,0.78038
0.803,-0.734,-0.034,0.71755
0.651,0.684,0.338,0.94171
0.417,0.267,0.39,0.33138
0.307,-0.349,0.058,0.44484
-0.309,-0.964,-0.403,0.36755
0.029,0.127,0.123,0.16713
-0.318,-0.168,-0.14,0.05093
-0.255,-0.384,-0.247,0.4063
0.198,-0.868,0.043,0.1121
-0.479,0.996,-0.034,0.65721
0.142,0.725,0.252,0.63503
0.602,0.669,0.422,0.78692
-0.618,0.153,-0.385,0.8889
-0.035,-0.025,-0.025,0.3278
0.509,0.365,0.314,0.81859
-0.919,0.247,-0.372,0.38123
0.655,-0.706,0.061,0.55422
0.5,0.195,0.419,0.27629
-0.74,-0.03,-0.426,0.4629
0.635,-0.621,0.07,0.57373
-0.231,-0.549,-0.254,0.35288
0.609,-0.725,-0.219,0.7968
-0.117,0.204,0.089,0.21897
-0.949,-0.92,-0.886,0.51622
0.729,-0.853,0.357,0.11472
0.104,0.947,0.147,0.85514
-0.718,-0.876,-0.295,0.01906
0.064,-0.069,0.015,0.41352
-0.517,0.584,0.145,0.2215
0.451,-0.712,0.209,0.10317
0.552,0.832,0.478,0.68023
-0.501,-0.451,-0.43,0.46382
-0.056,-0.42,-0.434,0.95512
-0.098,-0.66,-0.561,0.77606
0.456,-0.74,-0.365,0.83745
-0.418,0.358,-0.164,0.72154
0.282,0.453,0.251,0.67662
0.733,-0.749,0.256,0.29104
-0.028,-0.059,-0.024,0.22654
0.18,-0.713,-0.456,0.78772
-0.897,0.97,-0.177,0.54616
-0.384,-0.66,-0.214,0.05059
0.637,-0.076,0.254,0.7957
-0.607,-0.858,-0.576,0.40985
0.685,0.815,0.57,0.64873
-0.237,0.14,-0.005,0.1218
-0.124,-0.843,-0.88,0.9582
-0.275,-0.173,-0.193,0.34017
0.045,-0.404,-0.356,0.93216
0.231,-0.265,0.055,0.38918
0.622,-0.941,-0.191,0.66488
-0.516,-0.631,-0.732,0.74996
0.618,0.668,0.34,0.92557
-0.192,0.873,0.047,0.73388
0.258,0.501,0.213,0.77936
0.209,-0.844,0.01,0.18713
0.455,-0.226,0.165,0.48877
0.447,0.152,0.254,0.76978
0.173,0.446,0.38,0.29871
-0.397,-0.193,-0.213,0.13204
-0.559,-0.248,-0.302,0.14749
-0.353,-0.627,-0.502,0.6058
0.046,0.973,0.109,0.86948
0.527,-0.072,0.227,0.71625
0.389,0.53,0.262,0.85047
0.457,0.708,0.933,0.06498
-0.173,-0.184,-0.132,0.3
0.91,-0.943,0.229,0.40711
-0.478,0.63,-0.116,0.65999
-0.389,0.955,-0.093,0.81019
-0.112,-0.885,-0.296,0.39795
-0.497,0.133,-0.231,0.53443
0.331,-0.837,-0.363,0.71456
-0.069,0.236,0.013,0.67337
0.645,-0.562,0.315,0.15451
0.909,0.717,0.563,0.82929
0.428,0.938,0.374,0.77039
-0.207,-0.155,-0.148,0.31698
0.505,0.42,0.311,0.84077
-0.221,-0.632,-0.152,0.07883
-0.401,-0.494,-0.276,0.18035
-0.427,0.804,-0.031,0.62668
-0.856,0.656,-0.387,0.77892
0.318,-0.114,0.15,0.36368
0.679,-0.445,-0.077,0.93073
0.659,0.002,0.443,0.19612
-0.847,0.184,-0.354,0.35041
-0.957,-0.398,-0.788,0.6747
0.257,-0.365,0.057,0.33824
-0.028,0.742,0.179,0.60589
-0.777,-0.645,-0.909,0.76764
0.342,-0.431,0.072,0.38757
-0.198,0.705,0.506,0.14075
0.719,-0.393,-0.303,0.99913
-0.966,-0.717,-0.856,0.56112
-0.032,0.661,0.065,0.80868
0.295,0.549,0.239,0.78262
-0.027,-0.769,-0.196,0.35845
0.236,-0.942,-0.142,0.42587
0.896,0.398,0.763,0.30463
-0.076,-0.769,-0.121,0.15741
-0.68,-0.863,-1.052,0.79708
0.3,-0.846,-0.182,0.55219
0.441,-0.836,0.057,0.32964
-0.17,0.252,0.115,0.16393
-0.047,0.192,0.165,0.02123
0.095,-0.832,-0.003,0.09818
-0.086,0.749,0.49,0.25192
-0.942,0.109,-0.409,0.26827
-0.973,0.733,0.078,0.14599
-0.962,-0.363,-0.492,0.13191
0.888,-0.862,0.201,0.46046
-0.841,-0.469,-0.543,0.27068
0.459,-0.477,-0.218,0.93748
0.177,0.988,0.273,0.72434
0.025,-0.528,-0.064,0.22629
-0.163,0.062,-0.043,0.22671
-0.295,-0.353,-0.265,0.41613
0.982,-0.852,0.287,0.41634
-0.926,0.9,-0.287,0.64385
0.619,0.976,0.604,0.60206
0.833,0.844,0.653,0.6614
0.713,-0.133,0.377,0.38087
0.94,0.88,1.212,0.20218
0.555,0.683,0.429,0.72319
-0.916,0.786,-0.382,0.75451
0.517,-0.476,0.285,0.08272
0.205,0.067,0.086,0.939
-0.424,-0.112,-0.172,0.06297
0.219,0.773,0.234,0.772
-0.568,-0.969,-0.432,0.19189
0.24,-0.361,-0.202,0.91152
-0.607,0.173,-0.174,0.17154
0.194,0.055,0.095,0.86246
-0.642,0.063,-0.272,0.23117
0.123,0.698,0.101,0.92591
0.996,0.705,0.629,0.79677
-0.832,-0.713,-0.608,0.30841
-0.81,0.375,-0.27,0.43099
0.616,0.767,0.641,0.47894
-0.081,-0.698,-0.15,0.23421
-0.991,0.068,-0.571,0.61568
-0.092,-0.489,-0.394,0.73753
0.368,-0.729,-0.015,0.43225
0.621,0.872,1.169,0.07936
0.294,-0.33,-0.12,0.86255
0.776,-0.615,0.396,0.14182
0.704,0.241,0.474,0.56006
-0.749,0.115,-0.427,0.70347
0.311,-0.549,-0.013,0.47319
-0.538,-0.338,-0.585,0.82844
-0.507,-0.524,-0.38,0.28942
0.61,0.638,0.365,0.88563
-0.51,-0.207,-0.278,0.16583
-0.091,-0.731,-0.301,0.49012
-0.77,-0.493,-0.844,0.82781
-0.83,0.187,-0.388,0.49001
-0.555,-0.497,-0.498,0.5073
0.206,-0.94,-0.486,0.70584
-0.044,0.398,0.037,0.76448
0.726,0.023,0.406,0.57924
-0.104,-0.498,-0.185,0.3874
0.158,-0.111,0.054,0.41472
0.675,-0.434,0.131,0.64228
-0.664,-0.043,-0.306,0.18777
0.526,-0.989,0.202,0.13847
-0.776,-0.537,-1.041,0.97695
-0.131,-0.537,-0.248,0.47184
0.531,0.407,0.545,0.31075
0.184,0.508,0.255,0.55776
-0.739,0.435,-0.243,0.50889
-0.855,-0.606,-0.37,0.03677
0.046,-0.309,-0.25,0.87516
-0.066,-0.675,-0.045,0.02328
0.068,0.012,0.041,0.60431
0.219,0.103,0.226,0.09787
-0.641,-0.526,-0.509,0.41263
-0.351,-0.029,-0.24,0.73579
0.066,-0.861,-0.48,0.68461
0.871,0.856,1.098,0.24385
0.435,0.417,0.526,0.26611
-0.166,-0.615,-0.15,0.14675
0.395,0.126,0.19,0.88493
0.057,0.803,0.77,0.09071
0.177,-0.159,0.082,0.17933
-0.65,-0.931,-0.388,0.08362
0.198,-0.969,-0.871,0.9902
0.19,0.624,0.211,0.73475
0.165,0.453,0.202,0.62776
0.154,-0.935,-0.211,0.45925
0.868,-0.208,0.521,0.15519
-0.644,0.802,0.396,0.08368
-0.305,0.351,-0.047,0.52451
-0.297,-0.548,-0.315,0.40837
-0.391,0.027,-0.153,0.16102
0.154,0.253,0.081,0.95943
0.493,0.215,0.351,0.53609
-0.455,0.107,-0.152,0.19852
0.284,-0.749,-0.511,0.87853
0.752,0.324,0.459,0.73685
0.177,0.211,0.149,0.63889
-0.558,0.758,-0.102,0.61021
-0.297,-0.823,-0.534,0.57949
-0.875,-0.316,-0.568,0.37807
0.48,0.649,0.636,0.34118
0.481,0.447,0.724,0.0479
-0.264,-0.686,-0.41,0.52589
-0.415,-0.281,-0.311,0.40393
0.749,0.012,0.396,0.65072
-0.739,0.703,-0.044,0.37702
-0.916,0.445,-0.499,0.84091
0.079,-0.151,-0.008,0.48017
0.017,0.174,0.044,0.69228
0.934,-0.945,0.087,0.57633
0.448,0.048,0.238,0.71895
-0.09,-0.315,-0.269,0.73464
0.817,0.932,0.709,0.59926
0.708,-0.04,0.36,0.61691
-0.002,-0.656,-0.116,0.27178
-0.239,0.518,0.055,0.49844
0.084,0.349,0.229,0.36722
-0.179,0.549,-0.033,0.82163
0.33,0.913,0.337,0.73524
-0.739,0.487,0.013,0.13468
0.678,0.095,0.485,0.2483
0.293,0.55,0.259,0.72389
0.548,-0.081,0.271,0.53318
-0.046,-0.636,-0.053,0.06636
0.487,-0.819,-0.463,0.88551
0.34,-0.91,0.053,0.22116
0.081,0.143,0.165,0.16389
-0.894,-0.391,-0.926,0.9309
-0.517,-0.34,-0.378,0.38081
0.597,0.289,0.333,0.84102
-0.232,0.508,0.067,0.47463
0.193,0.965,0.272,0.73327
0.04,0.587,0.6,0.01605
0.493,-0.873,0.03,0.40253
0.538,-0.749,0.225,0.15588
0.605,-0.677,0.168,0.3519
-0.755,0.556,0.158,0.05976
-0.916,-0.209,-0.44,0.14692
-0.384,0.91,0.159,0.45163
0.788,-0.497,0.153,0.65036
-0.746,0.38,-0.229,0.42199
0.698,-0.268,0.252,0.58876
-0.239,-0.042,-0.147,0.42792
-0.417,0.737,-0.07,0.67936
0.064,-0.783,-0.591,0.79833
-0.707,-0.235,-0.456,0.38596
-0.658,0.79,-0.216,0.72502
0.911,0.043,0.393,0.84453
-0.403,0.424,-0.098,0.58801
0.558,0.645,0.312,0.92468
-0.108,0.105,0.052,0.04206
0.826,-0.94,0.258,0.30702
-0.488,-0.658,-0.052,0.00032
-0.461,0.411,0.011,0.28575
-0.171,0.371,0.136,0.30359
0.608,-0.522,0.126,0.52485
0.086,0.091,0.056,0.83518
0.215,0.651,0.733,0.06667
0.052,0.222,0.095,0.56017
-0.186,-0.71,-0.417,0.5761
-0.15,-0.881,-0.431,0.53945
-0.187,0.83,0.157,0.54497
-0.564,0.633,0.182,0.19214
0.809,0.945,1.142,0.23278
0.418,0.879,0.895,0.22539
0.674,0.981,1.243,0.12714
-0.476,0.243,-0.184,0.56248
0.438,0.3,0.235,0.90049
-0.562,0.16,-0.296,0.71079
0.659,0.237,0.386,0.74789
0.351,-0.858,0.02,0.30316
-0.56,0.366,-0.253,0.74657
0.998,-0.86,0.297,0.41127
0.99,0.456,0.572,0.80515
0.175,-0.781,0.054,0.08122
0.992,-0.533,0.322,0.5287
-0.563,0.626,0.137,0.23636
-0.62,-0.813,-0.419,0.15734
0.391,0.134,0.224,0.76281
0.806,0.256,0.409,0.85278
0.544,0.279,0.45,0.39014
-0.77,0.751,-0.173,0.53933
-0.048,0.814,0.376,0.38181
0.706,-0.491,0.214,0.47577
-0.73,0.202,-0.32,0.47565
-0.189,0.942,0.109,0.65691
0.652,0.8,0.312,0.96484
0.14,-0.307,-0.017,0.44296
-0.912,0.06,-0.37,0.17847
-0.767,0.123,-0.379,0.48273
0.352,0.812,0.337,0.72563
0.843,-0.124,0.528,0.159
0.25,0.932,0.224,0.8574
0.803,0.542,0.897,0.17776
-0.115,-0.898,-0.629,0.69946
0.469,-0.314,-0.135,0.97354
0.253,0.338,0.477,0.0449
0.91,0.491,0.553,0.78561
-0.063,0.13,0.045,0.30782
0.014,-0.158,-0.021,0.27945
-0.314,-0.739,-0.917,0.97876
-0.15,0.862,0.05,0.76582
0.265,-0.951,-0.679,0.8548
-0.097,0.422,0.359,0.03283
0.532,0.186,0.404,0.38354
-0.878,0.806,-0.336,0.72523
0.314,-0.84,-0.645,0.95535
-0.334,0.822,0.522,0.14924
0.326,0.569,0.722,0.06864
-0.891,0.982,-0.224,0.61265
-0.359,0.276,-0.156,0.75512
0.485,-0.485,-0.012,0.66462
-0.074,0.403,0.042,0.6868
0.402,0.584,0.459,0.46381
-0.499,0.49,-0.077,0.46783
-0.322,-0.096,-0.244,0.66364
0.234,0.167,0.131,0.88306
-0.224,0.282,-0.002,0.43687
