0.716,-0.089,0.175,0.93553
-0.762,0.422,0.077,0.04474
-0.217,-0.312,-0.791,1.0
0.857,0.067,1.945,0.0
-0.709,-0.506,-1.375,1.0
-0.238,-0.453,-0.209,0.26763
-0.31,-0.689,-1.399,1.0
-0.722,0.54,1.639,0.0
-0.705,0.064,1.168,0.0
0.831,-0.958,1.099,0.0
-0.761,0.831,1.814,0.0
0.437,-0.994,0.405,0.00011
-0.498,-0.701,-0.781,0.75823
-0.192,-0.385,-1.301,1.0
0.563,0.324,1.166,0.0
-0.866,-0.148,-1.566,1.0
-0.938,0.535,0.091,0.04953
0.145,-0.769,0.008,0.13899
-0.293,0.621,1.758,0.0
-0.412,-0.115,-1.593,1.0
-0.529,-0.317,-0.977,1.0
-0.827,-0.435,-1.534,1.0
-0.723,0.708,1.746,0.0
-0.544,-0.513,-0.584,0.64627
0.002,0.587,0.594,0.0
-0.863,-0.842,-0.457,0.06871
0.026,-0.473,1.82,0.0
0.947,0.045,1.196,0.0
-0.983,-0.387,-0.544,0.18272
0.116,0.231,0.477,0.0
-0.645,0.286,1.361,0.0
0.195,-0.034,1.049,0.0
-0.534,-0.232,-0.608,0.98921
0.174,-0.516,1.887,0.0
0.93,-0.953,0.572,0.03249
-0.688,0.514,1.566,0.0
0.956,-0.137,0.673,0.03245
0.211,-0.96,1.44,0.0
-0.376,0.12,0.858,0.0
0.743,-0.081,1.462,0.0
-0.085,-0.109,-1.421,1.0
-0.334,-0.621,-1.158,1.0
0.413,-0.689,0.101,0.27264
-0.032,-0.828,-1.013,1.0
-0.96,0.485,0.093,0.03609
0.178,0.604,0.628,0.13307
-0.193,-0.136,-1.248,1.0
-0.377,0.924,0.131,0.49095
0.047,0.209,1.687,0.0
-0.578,-0.74,-0.695,0.61474
0.641,-0.757,1.144,0.0
0.855,-0.677,0.081,0.66199
-0.333,0.676,0.87,0.0
0.258,0.211,1.595,0.0
0.564,-0.455,0.042,0.67347
-0.777,-0.221,-1.653,1.0
-0.802,0.623,1.957,0.0
0.468,-0.8,1.234,0.0
0.782,0.815,0.314,0.98014
0.363,-0.184,0.828,0.0
-0.069,0.325,0.075,0.50767
-0.069,-0.252,-0.648,1.0
0.463,0.486,0.523,0.3556
0.723,-0.625,0.074,0.62162
0.492,0.85,1.947,0.0
0.947,-0.549,1.899,0.0
-0.643,0.727,1.204,0.0
0.81,-0.441,1.57,0.0
0.105,0.24,0.008,0.99992
0.91,-0.292,0.085,0.95014
-0.749,-0.831,-1.927,1.0
0.423,-0.9,0.739,0.0
-0.988,0.257,1.82,0.0
-0.768,0.67,0.868,0.0
0.783,-0.553,1.552,0.0
0.312,-0.284,0.813,0.0
-0.332,-0.458,-1.758,1.0
-0.978,-0.547,-1.617,1.0
0.625,0.924,0.036,0.99994
-0.778,0.595,0.167,0.067
-0.533,-0.499,-1.593,1.0
0.41,0.251,1.931,0.0
0.431,-0.977,0.131,0.1638
-0.558,0.012,1.532,0.0
0.42,0.561,0.135,0.99152
-0.484,0.85,0.936,0.0
-0.286,-0.464,-0.789,1.0
0.236,-0.313,0.381,0.0
0.498,0.439,1.657,0.0
0.861,-0.039,1.593,0.0
-0.801,0.682,0.236,0.06609
0.021,-0.784,0.966,0.0
0.826,0.056,0.074,0.99815
0.102,-0.03,1.405,0.0
0.738,0.52,0.211,0.98986
0.844,0.437,0.918,0.08325
0.644,-0.527,1.126,0.0
-0.635,-0.032,-1.73,1.0
-0.473,0.171,1.961,0.0
0.848,0.015,0.411,0.74569
-0.106,0.47,1.424,0.0
0.947,0.945,0.572,0.87522
-0.143,-0.812,-1.51,1.0
-0.82,0.081,0.672,0.0
0.052,-0.39,1.868,0.0
-0.22,0.278,1.887,0.0
-0.352,-0.197,-1.717,1.0
0.436,-0.19,0.817,0.0
0.489,-0.211,0.795,0.0
-0.306,-0.383,-1.581,1.0
-0.771,-0.325,-0.834,0.97074
-0.706,0.731,0.977,0.0
0.047,0.544,0.33,0.34185
0.189,0.742,1.162,0.0
-0.948,-0.871,-0.435,0.03788
-0.005,-0.294,-1.639,1.0
0.341,0.693,0.606,0.32055
-0.541,0.713,0.145,0.30297
-0.889,0.832,1.089,0.0
-0.727,-0.096,-0.524,0.77565
0.428,-0.585,1.347,0.0
-0.31,-0.597,-1.697,1.0
0.705,0.091,0.737,0.00035
0.042,-0.546,1.546,0.0
0.975,0.101,0.811,0.02062
-0.329,0.828,0.234,0.37395
0.342,0.87,0.387,0.65042
-0.722,0.142,1.325,0.0
-0.678,0.202,0.735,0.0
0.73,0.922,0.817,0.43015
-0.571,0.681,0.064,0.34543
0.409,-0.479,1.762,0.0
-0.785,0.623,1.677,0.0
-0.154,0.645,1.728,0.0
-0.45,-0.435,-0.979,1.0
0.586,0.638,1.47,0.0
0.738,-0.362,0.556,0.00327
0.007,0.176,0.157,0.14527
-0.362,0.291,1.538,0.0
0.632,0.449,0.805,0.06898
0.547,-0.813,1.105,0.0
-0.423,0.276,1.103,0.0
-0.783,0.63,1.697,0.0
-0.57,0.994,1.639,0.0
-0.737,0.967,1.774,0.0
-0.176,0.617,1.232,0.0
-0.373,0.99,1.943,0.0
0.595,-0.973,1.538,0.0
0.852,-0.11,0.475,0.36492
0.761,-0.377,0.511,0.02333
-0.1,-0.521,-0.747,1.0
0.418,-0.89,0.602,0.0
-0.773,0.012,1.236,0.0
0.088,0.109,0.181,0.00048
-0.02,-0.245,-1.351,1.0
-0.355,0.294,1.957,0.0
0.61,-0.542,0.975,0.0
0.902,-0.724,1.774,0.0
-0.168,0.317,0.085,0.33745
-0.288,0.251,0.773,0.0
0.598,0.019,0.888,0.0
-0.818,0.503,0.96,0.0
-0.595,0.538,0.256,0.03969
0.69,0.883,1.262,0.047
-0.29,0.1,1.329,0.0
0.8,-0.836,1.577,0.0
-0.053,0.601,0.584,0.00087
0.922,-0.998,0.115,0.52509
-0.69,0.074,1.941,0.0
0.402,0.577,0.256,0.88867
-0.908,-0.909,-1.208,0.79195
0.747,-0.906,0.675,0.00027
0.279,0.624,1.162,0.0
-0.752,-0.705,-0.836,0.67732
0.502,-0.549,0.675,0.0
0.137,-0.186,0.578,0.0
-0.49,-0.178,-0.139,0.01472
0.618,0.411,1.24,0.0
0.003,0.706,0.832,0.0
-0.284,0.129,0.004,0.04633
-0.834,-0.438,-1.55,1.0
-0.027,0.903,0.777,0.13811
-0.474,0.285,0.745,0.0
-0.551,0.915,0.789,0.0025
0.586,-0.269,1.019,0.0
0.265,0.935,1.299,0.0
-0.135,-0.943,-1.313,1.0
0.551,-0.957,0.858,0.0
-0.486,-0.866,-0.284,0.06104
-0.722,0.433,1.17,0.0
0.873,0.547,1.307,0.00041
-0.338,-0.727,-1.933,1.0
0.757,-0.916,1.224,0.0
-0.817,0.495,0.399,0.00067
-0.554,-0.414,-0.489,0.55493
0.022,0.928,1.713,0.0
-0.66,0.301,1.611,0.0
-0.79,0.255,1.403,0.0
-0.106,0.879,1.22,0.0
0.902,-0.616,0.467,0.15235
0.748,-0.707,1.27,0.0
0.295,0.872,0.439,0.54106
-0.959,0.062,0.064,0.0
-0.378,-0.44,-1.705,1.0
0.353,-0.496,1.657,0.0
-0.353,0.219,1.234,0.0
-0.295,0.773,0.513,0.13702
0.509,0.217,0.979,0.0
0.897,-0.09,0.683,0.00853
0.368,0.57,1.099,0.0
-0.854,-0.182,-0.356,0.08327
-0.019,-0.28,-0.948,1.0
0.448,0.455,1.011,0.0
0.429,0.225,1.373,0.0
0.775,0.992,0.679,0.62497
0.82,0.025,1.577,0.0
0.294,0.549,1.806,0.0
0.825,-0.635,0.526,0.02982
0.967,-0.514,1.311,0.0
0.368,0.26,0.091,0.99299
-0.643,-0.142,-0.417,0.47151
0.148,0.455,0.588,8e-05
-0.508,0.894,1.546,0.0
0.241,-0.96,0.264,0.0
-0.08,-0.85,-1.456,1.0
0.637,0.323,1.26,0.0
0.18,-0.706,0.689,0.0
-0.176,0.044,1.113,0.0
0.458,-0.807,0.135,0.21835
0.22,-0.53,0.352,0.0
0.747,-0.937,1.512,0.0
-0.475,-0.202,-1.931,1.0
0.847,0.486,0.912,0.13956
0.522,0.996,1.289,0.02799
0.163,0.343,0.368,0.1876
0.179,0.142,1.943,0.0
-0.028,0.416,1.812,0.0
0.045,0.103,1.234,0.0
0.609,0.388,0.509,0.44708
-0.197,0.999,0.33,0.42146
0.729,0.181,1.828,0.0
0.468,0.047,1.156,0.0
0.396,-0.182,1.44,0.0
-0.67,-0.675,-0.34,0.05472
0.035,0.322,0.473,0.0
-0.931,-0.508,-1.115,0.97253
-0.673,-0.01,-0.362,0.37607
0.337,-0.795,0.479,0.0
-0.755,0.855,1.415,0.0
-0.571,-0.569,-0.55,0.53393
-0.296,-0.127,-1.766,1.0
0.88,0.881,0.944,0.37837
-0.67,-0.489,-0.964,0.99415
-0.988,0.542,0.008,0.07701
-0.165,0.739,0.042,0.7263
-0.29,-0.826,-1.325,1.0
-0.752,0.791,1.719,0.0
-0.321,0.53,0.966,0.0
0.558,0.773,1.627,0.0
0.079,-0.917,0.334,0.0
0.963,0.848,1.77,6e-05
-0.016,0.116,0.425,0.0
0.818,0.164,0.018,0.99996
-0.76,-0.405,-0.27,0.02134
-0.038,0.596,1.724,0.0
0.333,0.016,0.223,0.26138
0.129,0.377,1.536,0.0
0.05,0.49,0.099,0.77403
0.744,-0.783,1.353,0.0
0.982,0.176,0.598,0.59126
-0.959,-0.282,-1.625,1.0
-0.551,-0.082,-1.901,1.0
-0.516,0.916,1.631,0.0
0.218,-0.882,1.566,0.0
-0.606,0.427,0.149,0.04113
0.297,0.598,0.856,0.00021
0.172,0.415,1.349,0.0
0.137,0.542,0.729,0.0
0.13,-0.815,0.503,0.0
-0.512,0.577,1.87,0.0
0.811,0.685,0.819,0.36344
0.218,0.023,1.003,0.0
-0.921,-0.232,-1.508,1.0
0.476,0.782,0.983,0.09718
0.084,-0.391,0.358,0.0
-0.694,0.544,1.293,0.0
-0.476,0.655,0.866,0.0
0.401,0.12,1.053,0.0
0.994,-0.933,0.511,0.11687
-0.973,0.864,0.854,0.0
-0.589,0.083,1.508,0.0
-0.305,0.705,0.056,0.54351
0.146,-0.95,0.308,0.0
0.306,0.155,0.147,0.92253
-0.478,0.471,1.945,0.0
-0.351,0.508,1.029,0.0
0.778,0.863,1.534,0.00031
-0.344,0.49,0.04,0.40317
-0.795,0.188,1.828,0.0
-0.82,-0.033,-0.27,0.06618
-0.999,-0.276,-0.594,0.31107
-0.746,0.392,1.218,0.0
-0.144,-0.804,-1.828,1.0
0.694,-0.581,1.488,0.0
-0.145,-0.713,-1.462,1.0
0.514,0.784,1.973,0.0
0.818,0.421,0.292,0.97778
0.584,-0.274,0.892,0.0
-0.864,-0.078,-0.032,0.00025
-0.381,0.025,1.661,0.0
-0.693,0.841,1.79,0.0
0.905,0.505,0.97,0.13139
0.968,-0.016,1.117,0.0
-0.063,0.853,0.59,0.24424
0.531,-0.042,1.605,0.0
-0.844,0.504,0.672,0.0
0.48,-0.575,1.854,0.0
0.493,-0.517,0.634,0.0
0.39,0.493,0.095,0.99582
0.274,0.538,1.812,0.0
0.959,-0.861,1.353,0.0
0.257,-0.891,0.29,0.0
0.488,-0.076,0.348,0.02366
-0.855,-0.511,-0.0,0.0
0.842,0.548,1.488,0.0
0.975,0.896,1.061,0.332
-0.146,0.566,0.989,0.0
-0.034,0.066,1.558,0.0
-0.836,-0.094,-0.916,0.99995
0.909,-0.502,1.198,0.0
-0.726,0.633,1.536,0.0
-0.7,0.137,0.024,0.0046
-0.31,-0.604,-1.901,1.0
-0.058,-0.795,-0.405,0.59832
-0.549,0.39,1.287,0.0
-0.757,0.832,1.273,0.0
0.873,-0.94,1.715,0.0
-0.455,0.081,0.673,0.0
-0.224,0.547,1.927,0.0
-0.25,0.999,1.844,0.0
0.33,-0.498,1.566,0.0
0.111,0.392,0.926,0.0
0.886,-0.897,1.357,0.0
0.98,0.723,1.003,0.29925
-0.588,0.605,1.705,0.0
0.879,-0.784,0.711,0.00082
0.488,0.771,1.228,7e-05
-0.239,-0.358,-1.579,1.0
0.888,-0.496,1.627,0.0
0.783,-0.282,0.842,0.0
-0.289,0.827,0.201,0.42518
0.081,0.145,1.484,0.0
0.606,-0.435,0.175,0.48539
0.531,-0.228,0.604,0.0
-0.296,-0.733,-1.665,1.0
0.957,-0.498,1.76,0.0
0.008,-0.154,1.168,0.0
0.468,-0.824,1.629,0.0
-0.281,-0.759,-1.351,1.0
0.968,-0.979,0.294,0.35189
0.479,-0.79,0.813,0.0
0.757,-0.628,0.441,0.06364
-0.903,-0.63,-0.026,1e-05
0.522,0.274,1.722,0.0
0.682,0.64,0.37,0.92002
0.098,0.03,1.782,0.0
0.687,0.112,0.32,0.8464
0.441,0.87,0.948,0.18759
0.006,0.753,1.923,0.0
0.016,-0.009,1.204,0.0
0.138,-0.458,0.288,0.0
0.285,-0.615,0.687,0.0
-0.776,-0.28,-0.977,0.99964
1.0,0.662,1.573,0.00023
-0.002,0.997,1.254,0.0
0.393,-0.747,0.819,0.0
0.27,-0.033,1.17,0.0
0.378,0.758,1.939,0.0
0.566,-0.226,1.693,0.0
0.954,-0.685,1.353,0.0
0.135,0.765,1.764,0.0
-0.616,-0.388,-0.505,0.53627
-0.877,-0.4,-0.795,0.76399
0.077,-0.554,0.846,0.0
0.792,0.893,1.347,0.04086
0.268,0.328,0.298,0.42391
-0.292,-0.046,-0.03,0.00168
0.38,-0.552,1.806,0.0
0.318,-0.055,0.991,0.0
0.52,0.62,0.183,0.98807
-0.377,0.015,1.611,0.0
0.054,0.129,0.624,0.0
0.984,-0.819,0.133,0.60607
0.254,0.036,0.491,0.0
-0.901,0.549,0.211,0.02649
0.886,-0.49,0.022,0.89947
0.872,0.641,1.033,0.16007
0.362,0.757,0.141,0.98983
0.019,0.055,1.14,0.0
-0.415,-0.341,-0.59,0.9596
-0.299,0.519,1.397,0.0
-0.422,-0.4,-0.334,0.3667
-0.973,-0.637,-1.633,1.0
0.259,0.544,0.018,0.99993
-0.924,-0.072,-0.999,1.0
-0.888,-0.526,-1.194,0.99794
-0.715,-0.514,-1.291,1.0
-0.414,-0.531,-0.552,0.68386
-0.344,-0.242,-0.062,0.00284
-0.528,0.787,0.53,0.03104
-0.226,0.563,1.371,0.0
0.247,-0.5,0.244,1e-05
-0.463,0.984,1.051,0.0
-0.352,0.706,1.353,0.0
0.087,0.577,1.407,0.0
0.694,-0.247,1.74,0.0
-0.303,0.704,0.244,0.32387
-0.773,0.593,0.284,0.02767
0.855,-0.172,1.095,0.0
-0.526,-0.232,-1.089,1.0
-0.486,-0.827,-1.299,0.99999
-0.858,-0.018,-1.039,1.0
0.821,-0.37,0.407,0.25802
0.139,-0.095,0.578,0.0
-0.431,0.119,1.703,0.0
0.286,-0.255,1.228,0.0
-0.721,0.432,0.393,6e-05
-0.397,-0.071,-0.538,1.0
0.72,0.991,1.581,0.00044
-0.618,-0.607,-0.332,0.07299
0.79,0.249,0.866,0.00137
-0.456,0.366,1.625,0.0
-0.585,-0.328,-0.107,0.00359
0.136,0.574,0.012,0.99994
0.681,-0.386,1.848,0.0
-0.905,0.046,1.86,0.0
-0.642,-0.245,-1.838,1.0
-0.61,0.367,1.47,0.0
0.779,-0.769,0.934,0.0
-0.909,0.024,1.468,0.0
-0.955,-0.228,-0.441,0.12034
0.942,-0.142,0.797,0.00109
-0.759,-0.006,-0.068,0.00354
0.139,-0.472,1.105,0.0
-0.54,-0.31,-1.784,1.0
0.215,0.467,0.548,0.09383
-0.952,0.232,1.858,0.0
-0.829,-0.588,-1.786,1.0
-0.201,0.491,1.542,0.0
0.104,-0.417,0.538,0.0
-0.116,0.009,0.358,0.0
0.936,0.886,0.133,0.99899
-0.392,-0.909,-1.981,1.0
0.928,-0.9,0.944,0.0
0.906,-0.19,1.724,0.0
0.757,0.083,1.266,0.0
-0.989,-0.035,-1.027,1.0
0.234,0.362,1.214,0.0
-0.047,0.33,0.425,0.0
-0.045,0.833,1.367,0.0
0.157,0.578,1.258,0.0
-0.878,-0.201,-1.846,1.0
-0.655,0.275,0.828,0.0
0.428,0.625,1.17,0.0
-0.992,0.285,1.494,0.0
0.051,-0.137,0.673,0.0
0.841,-0.84,1.079,0.0
0.496,0.146,1.424,0.0
0.442,-0.45,0.554,0.0
0.284,-0.226,1.347,0.0
0.339,-0.759,1.719,0.0
0.597,-0.8,0.612,0.0
0.742,-0.526,0.858,0.0
0.09,0.654,1.744,0.0
-0.845,-0.248,-1.78,1.0
0.776,0.59,0.223,0.99025
0.306,-0.371,1.683,0.0
0.197,0.488,0.501,0.19409
-0.933,0.75,1.023,0.0
0.065,-0.106,1.56,0.0
0.004,0.998,1.091,0.0
-0.447,-0.82,-0.61,0.57021
-0.127,0.413,0.735,0.0
0.786,0.922,0.501,0.86385
0.349,0.5,0.296,0.68306
-0.998,0.007,0.572,0.0
0.125,0.292,0.634,0.0
0.468,0.744,0.24,0.96254
0.624,0.855,0.495,0.72679
-0.151,-0.118,-0.638,1.0
-0.48,-0.871,-1.689,1.0
0.171,0.527,1.055,0.0
0.911,-0.228,0.63,0.02736
-0.079,0.335,0.489,0.0
-0.217,-0.787,-1.164,1.0
-0.789,-0.407,-0.221,0.01181
0.626,0.904,0.048,0.99988
0.979,0.458,0.813,0.35491
0.52,-0.901,0.918,0.0
0.032,-0.374,1.868,0.0
-0.483,0.545,0.791,0.0
0.715,0.237,0.433,0.69543
-0.84,-0.871,-0.975,0.67049
0.674,-0.113,0.596,0.00054
-0.755,-0.236,-1.607,1.0
0.037,-0.422,0.93,0.0
-0.404,-0.095,-1.434,1.0
-0.454,0.123,1.822,0.0
0.021,0.67,1.377,0.0
-0.174,-0.919,-0.578,0.63443
-0.314,0.737,0.151,0.42266
0.26,0.069,1.289,0.0
-0.043,0.676,1.778,0.0
0.095,-0.57,1.311,0.0
0.592,-0.552,1.444,0.0
-0.948,-0.522,-0.221,0.00719
0.953,-0.966,1.48,0.0
0.753,0.457,1.516,0.0
-0.195,-0.343,-0.675,1.0
-0.871,-0.124,-1.562,1.0
-0.486,-0.065,-1.103,1.0
-0.155,0.255,1.532,0.0
-0.641,-0.692,-1.502,1.0
0.991,-0.109,0.389,0.81203
0.064,0.197,1.45,0.0
-0.587,-0.831,-0.703,0.5773
-0.926,-0.218,-1.16,1.0
-0.35,0.874,0.96,0.0
0.102,-0.038,0.878,0.0
-0.544,-0.794,-0.908,0.78527
-0.956,0.275,1.039,0.0
0.471,-0.297,1.097,0.0
0.701,-0.318,0.344,0.26614
0.564,0.87,1.647,0.0
-0.952,-0.603,-1.417,0.99953
-0.304,-0.405,-1.409,1.0
-0.339,-0.458,-0.793,1.0
-0.839,0.571,0.542,2e-05
-0.688,-0.26,-1.238,1.0
-0.407,-0.765,-0.813,0.78516
0.582,0.049,0.644,0.0
-0.425,0.936,0.797,0.00607
-0.632,0.094,0.473,0.0
-0.2,0.052,1.351,0.0
-0.272,0.634,1.911,0.0
-0.638,0.449,0.278,0.00962
0.448,-0.067,0.048,0.97687
0.198,-0.155,1.005,0.0
0.086,-0.423,0.993,0.0
0.048,0.177,1.78,0.0
-0.156,0.509,1.091,0.0
-0.448,-0.169,-0.141,0.01872
0.874,-0.544,1.293,0.0
0.024,-0.59,0.997,0.0
-0.803,0.008,0.574,0.0
0.104,-0.086,0.654,0.0
-0.498,0.966,0.761,0.01408
0.294,-0.139,0.898,0.0
-0.419,0.552,0.374,0.02255
0.272,0.58,1.822,0.0
-0.171,0.773,0.268,0.39839
0.527,0.805,0.087,0.99897
-0.232,-0.214,-1.168,1.0
-0.494,-0.817,-1.542,1.0
-0.193,-0.947,-1.891,1.0
0.352,-0.242,0.66,0.0
0.46,0.852,1.327,0.0
0.133,-0.698,0.352,0.0
0.048,-0.761,0.975,0.0
-0.55,-0.182,-1.532,1.0
-0.517,0.153,1.568,0.0
0.925,-0.508,0.534,0.1013
-0.578,0.615,0.145,0.20823
0.024,0.544,1.426,0.0
-0.991,-0.07,-0.699,0.81158
-0.78,0.967,0.32,0.19684
-0.326,0.346,1.643,0.0
-0.131,0.861,0.554,0.24584
0.148,-0.121,1.419,0.0
-0.652,0.016,0.874,0.0
-0.853,-0.668,-0.938,0.73853
0.283,-0.135,1.802,0.0
0.355,0.357,0.809,0.0
-0.456,0.775,1.397,0.0
0.394,0.324,1.248,0.0
-0.987,-0.558,-0.819,0.58213
0.821,-0.775,0.985,0.0
0.496,0.198,0.04,0.99951
0.155,0.297,0.614,0.0
0.642,-0.638,1.196,0.0
0.006,-0.699,0.455,0.0
-0.569,0.457,0.97,0.0
-0.156,-0.565,-1.055,1.0
0.802,0.706,0.819,0.36983
0.501,0.976,0.048,0.99986
0.722,0.147,1.953,0.0
-0.963,-0.319,-1.343,1.0
0.401,0.295,0.691,0.0
0.351,0.326,1.973,0.0
0.244,0.473,1.468,0.0
-0.348,0.609,0.636,0.0
-0.424,0.658,0.389,0.074
-0.573,-0.811,-0.149,0.0046
0.286,0.323,1.059,0.0
0.773,0.73,0.368,0.95651
0.422,0.954,1.025,0.17325
-0.492,0.833,0.079,0.44159
0.613,0.651,1.184,0.0003
-0.857,-0.378,-0.217,0.01021
0.389,-0.826,1.722,0.0
0.329,-0.269,0.944,0.0
-0.169,0.769,0.054,0.70894
0.41,-0.166,1.619,0.0
-0.367,-0.54,-0.781,0.99068
0.951,-0.794,0.968,0.0
0.907,0.942,1.522,0.01836
-0.997,0.859,1.587,0.0
-0.361,-0.842,-1.19,0.99999
-0.738,0.011,1.19,0.0
0.939,0.775,0.888,0.41457
-0.573,0.882,0.133,0.37226
-0.269,0.256,0.223,0.00049
0.204,0.344,1.031,0.0
0.983,0.443,0.459,0.92504
0.371,0.018,1.279,0.0
0.893,-0.117,1.063,0.0
0.386,0.441,0.679,0.02384
-0.697,-0.449,-0.882,0.96191
-0.295,0.586,0.509,0.00326
0.382,-0.18,1.063,0.0
0.748,0.404,0.091,0.99893
0.797,-0.967,1.637,0.0
-0.116,0.255,0.228,0.00193
-0.84,-0.792,-0.024,1e-05
-0.81,0.815,0.105,0.26263
0.735,0.091,1.377,0.0
0.413,-0.509,0.201,0.1115
-0.834,-0.419,-0.074,0.00051
0.527,0.241,0.856,0.0
-0.446,0.727,0.121,0.3747
-0.455,0.623,1.661,0.0
-0.497,-0.904,-1.734,1.0
0.699,0.008,0.048,0.99823
0.666,0.141,0.052,0.99929
-0.665,0.74,0.703,4e-05
0.227,0.642,0.014,0.99997
0.773,0.647,1.901,0.0
0.221,-0.447,1.707,0.0
-0.996,-0.513,-0.862,0.66206
0.334,0.03,0.582,0.0
0.257,0.172,1.226,0.0
0.731,0.119,0.624,0.03552
-0.688,-0.057,-0.34,0.22929
0.82,0.257,0.86,0.00631
-0.535,-0.734,-0.896,0.81928
-0.484,0.372,1.881,0.0
-0.068,-0.609,-1.136,1.0
-0.43,-0.933,-0.636,0.55956
-0.269,0.129,1.357,0.0
-0.948,0.861,1.023,0.0
0.504,-0.955,0.256,0.06155
0.143,-0.988,1.707,0.0
-0.397,-0.596,-1.538,1.0
0.128,-0.753,0.028,0.08304
-0.244,-0.516,-1.671,1.0
-0.694,-0.723,-1.152,0.97446
0.369,0.815,1.728,0.0
0.052,-0.944,1.617,0.0
-0.855,-0.317,-0.578,0.42873
0.551,-0.932,0.342,0.01884
0.209,0.67,1.144,0.0
-0.586,-0.571,-1.039,0.99938
0.181,-0.462,1.808,0.0
-0.833,0.82,1.097,0.0
0.137,0.907,1.178,0.0
-0.317,0.577,1.734,0.0
-0.567,0.826,0.328,0.20072
-0.607,-0.62,-0.737,0.71084
0.126,-0.443,1.945,0.0
-0.112,-0.867,-0.191,0.23137
-0.55,0.175,0.817,0.0
-0.116,-0.454,-0.807,1.0
-0.824,-0.593,-0.962,0.83569
-0.941,0.531,0.173,0.02854
0.931,0.022,1.774,0.0
0.069,0.65,1.331,0.0
0.151,-0.093,1.454,0.0
-0.752,0.53,0.588,0.0
0.73,0.664,1.625,0.0
-0.863,0.017,1.858,0.0
0.683,0.384,0.503,0.55937
0.954,0.276,1.808,0.0
0.224,-0.631,1.132,0.0
0.556,-0.717,0.155,0.30955
0.797,-0.782,1.943,0.0
0.916,-0.89,0.26,0.3893
-0.555,0.856,1.222,0.0
0.514,-0.345,0.415,0.00098
-0.05,-0.078,-1.399,1.0
0.457,0.513,0.155,0.98875
0.182,-0.069,0.274,0.0
0.562,0.417,0.056,0.9995
0.642,-0.87,0.405,0.01971
-0.446,0.251,0.761,0.0
0.893,0.027,0.121,0.99188
0.205,-0.09,1.186,0.0
-0.831,0.891,0.199,0.22001
-0.479,0.028,0.952,0.0
0.647,-0.136,0.413,0.0998
-0.08,-0.441,-0.175,0.43786
0.74,0.558,0.113,0.99844
0.535,-0.114,0.475,0.00051
0.231,-0.396,0.451,0.0
-0.304,0.493,0.348,0.02715
0.682,0.615,0.56,0.58078
-0.156,-0.149,-0.042,0.00692
-0.796,-0.788,-1.81,1.0
-0.034,0.026,0.892,0.0
0.379,0.693,1.448,0.0
-0.85,-0.599,-1.055,0.90952
0.017,-0.837,1.796,0.0
-0.268,-0.952,-0.817,0.73837
-0.182,-0.264,-1.035,1.0
0.798,-0.28,0.173,0.86064
-0.351,-0.778,-0.741,0.74107
-0.575,0.844,1.44,0.0
0.374,0.826,0.338,0.75107
-0.957,0.944,1.373,0.0
0.578,-0.239,0.834,0.0
0.052,0.585,0.493,0.20728
0.767,-0.157,0.04,0.98107
0.251,-0.784,0.517,0.0
-0.488,-0.932,-1.667,1.0
0.083,0.685,1.788,0.0
0.605,-0.544,1.657,0.0
0.628,0.562,0.403,0.82086
0.313,0.171,0.521,0.0
-0.234,0.681,1.158,0.0
-0.847,-0.92,-1.981,1.0
0.189,0.489,0.346,0.38897
-0.545,-0.333,-0.523,0.71105
-0.591,0.6,0.421,0.01025
0.288,-0.819,1.818,0.0
0.051,0.126,0.916,0.0
-0.268,0.023,1.617,0.0
-0.665,0.831,1.474,0.0
-0.681,-0.626,-1.871,1.0
-0.089,-0.795,-0.379,0.557
-0.425,-0.509,-0.461,0.56551
-0.369,0.027,1.985,0.0
0.136,0.235,1.323,0.0
0.713,-0.346,0.298,0.39341
0.93,0.237,1.824,0.0
0.479,0.362,0.664,0.02903
0.215,0.711,0.056,0.99798
-0.012,0.859,1.854,0.0
0.682,0.561,1.911,0.0
-0.157,-0.516,-0.215,0.37767
-0.797,-0.129,-0.511,0.50979
-0.898,0.424,0.366,0.00012
0.808,-0.274,0.821,0.0
0.816,-0.847,1.778,0.0
-0.752,0.008,0.952,0.0
-0.059,-0.76,-0.981,1.0
0.831,-0.497,0.511,0.05583
0.281,0.575,1.24,0.0
-0.213,0.67,1.532,0.0
0.003,-0.512,1.585,0.0
0.936,-0.406,0.095,0.90963
-0.444,-0.139,-1.115,1.0
0.361,-0.724,1.653,0.0
0.985,-0.236,0.203,0.92431
-0.315,0.614,1.653,0.0
-0.368,-0.377,-0.791,1.0
0.375,-0.524,0.129,0.22427
0.98,0.017,1.226,0.0
-0.658,-0.745,-0.155,0.00418
-0.037,0.749,0.719,0.01338
-0.043,0.268,1.669,0.0
0.322,0.608,0.23,0.86284
0.251,-0.311,0.139,0.05979
0.399,-0.16,0.83,0.0
-0.704,-0.175,-1.331,1.0
0.529,-0.09,0.099,0.94959
-0.112,0.069,0.163,0.0
0.85,-0.205,1.76,0.0
-0.667,0.612,0.35,0.02376
-0.467,0.965,1.136,0.0
0.807,0.859,0.63,0.67808
-0.892,-0.412,-1.526,1.0
-0.609,-0.589,-0.411,0.2069
-0.169,0.244,1.295,0.0
-0.681,-0.807,-1.226,0.97656
-0.228,-0.08,-0.699,1.0
-0.567,0.976,1.754,0.0
0.837,-0.063,0.795,0.00021
-0.404,-0.775,-0.016,1e-05
-0.146,-0.705,-1.949,1.0
-0.33,-0.825,-0.308,0.23832
-0.721,-0.568,-1.291,1.0
0.665,0.714,0.387,0.90194
-0.026,0.777,0.419,0.34088
-0.348,0.801,0.528,0.11294
0.308,-0.864,0.9,0.0
0.116,0.551,0.729,0.0
-0.082,0.032,0.989,0.0
-0.953,0.759,1.651,0.0
-0.892,0.745,0.628,0.00071
-0.338,0.718,1.013,0.0
-0.895,-0.42,-1.744,1.0
-0.662,-0.194,-0.201,0.01998
-0.156,-0.85,-0.038,0.001
0.22,-0.869,1.516,0.0
0.375,-0.482,1.699,0.0
-1.0,-0.376,-1.011,0.95219
-0.722,0.548,1.148,0.0
-0.581,-0.491,-0.469,0.42127
0.76,-0.477,0.912,0.0
0.383,0.895,1.655,0.0
0.473,-0.865,0.089,0.29448
-0.198,0.966,1.919,0.0
0.401,0.993,1.877,0.0
0.56,-0.547,1.583,0.0
-0.609,0.757,0.473,0.03119
0.697,-0.488,1.045,0.0
-0.931,-0.467,-1.283,0.99959
0.187,-0.439,1.436,0.0
0.651,0.462,1.905,0.0
0.303,-0.25,1.548,0.0
0.329,0.259,0.606,0.0
0.046,-0.23,1.971,0.0
-0.604,-0.011,-0.109,0.01717
0.265,-0.453,0.624,0.0
-0.244,-0.707,-0.962,1.0
-0.244,-0.054,-0.715,1.0
-0.468,-0.906,-0.032,7e-05
0.589,0.154,1.371,0.0
-0.186,0.832,1.722,0.0
0.267,-0.494,0.002,0.42493
-0.623,-0.629,-1.913,1.0
0.541,-0.009,0.173,0.92583
-0.965,-0.7,-0.97,0.6915
0.577,0.873,1.222,0.02122
-0.373,0.255,0.185,0.00304
-0.263,-0.012,-1.86,1.0
-0.623,-0.172,-1.214,1.0
0.065,-0.442,1.822,0.0
0.425,0.226,0.54,0.00342
0.114,-0.513,0.06,0.02377
-0.09,0.357,0.972,0.0
-0.115,0.92,0.705,0.17515
-0.802,-0.867,-0.729,0.45783
0.651,0.308,1.107,0.0
-0.94,-0.793,-1.305,0.92811
0.648,0.903,0.354,0.9438
0.267,0.583,1.297,0.0
0.975,0.264,1.796,0.0
0.408,0.162,0.012,0.99996
0.971,-0.258,0.773,0.00207
-0.529,0.818,0.691,0.00318
-0.5,-0.811,-1.911,1.0
-0.136,0.085,1.017,0.0
-0.114,-0.043,-1.643,1.0
-0.009,-0.337,-0.705,1.0
-0.154,0.056,0.701,0.0
0.826,-0.903,0.673,0.00072
0.711,0.913,1.56,0.00014
-0.28,-0.692,-0.523,0.63637
0.602,0.964,1.814,0.0
-0.497,-0.701,-1.937,1.0
-0.176,0.746,0.326,0.3335
-0.877,0.428,1.218,0.0
0.752,-0.879,0.393,0.08709
-0.812,0.567,0.938,0.0
0.954,0.888,0.777,0.59856
0.188,-0.609,1.979,0.0
-0.676,0.997,1.939,0.0
0.295,0.668,0.07,0.99781
-0.189,0.302,1.802,0.0
0.362,-0.598,0.207,0.03669
-0.913,-0.006,-1.522,1.0
-0.645,0.481,1.943,0.0
0.116,0.047,0.252,0.0
0.387,0.233,1.301,0.0
0.364,-0.042,0.044,0.97896
-0.359,-0.192,-0.495,0.99947
-0.622,-0.323,-0.356,0.16908
0.082,-0.131,0.31,0.0
-0.469,-0.608,-1.115,1.0
0.781,0.145,1.138,0.0
0.317,-0.841,0.763,0.0
0.107,-0.447,1.301,0.0
-0.863,0.7,1.711,0.0
-0.001,-0.349,-1.085,1.0
0.742,-0.578,1.134,0.0
0.761,-0.764,0.538,0.00544
-0.446,0.866,1.369,0.0
-0.011,0.764,1.905,0.0
-0.707,0.549,0.928,0.0
-0.808,-0.733,-1.84,1.0
0.809,0.535,0.672,0.46561
-0.68,-0.274,-1.518,1.0
-0.835,0.433,0.473,0.0
0.665,0.888,1.252,0.04591
-0.042,-0.915,-1.981,1.0
-0.499,0.611,1.798,0.0
-0.825,0.76,1.895,0.0
-0.949,0.662,1.568,0.0
0.55,0.316,0.856,2e-05
-0.928,0.486,1.434,0.0
0.706,0.276,1.329,0.0
0.276,0.092,1.019,0.0
0.292,0.861,0.94,0.10529
-0.118,-0.758,-1.268,1.0
0.277,-0.225,1.621,0.0
-0.529,0.798,1.254,0.0
-0.514,-0.161,-0.54,0.99403
-0.162,-0.669,-0.638,0.814
-0.164,0.449,0.01,0.66445
0.541,-0.263,1.701,0.0
0.345,-0.181,0.956,0.0
0.359,0.303,1.317,0.0
0.969,-0.595,1.983,0.0
0.968,0.241,1.083,0.0005
0.2,0.226,0.511,0.0
-0.947,-0.733,-0.077,0.00029
-0.109,-0.641,-1.909,1.0
0.108,-0.363,0.354,0.0
-0.105,0.075,0.906,0.0
0.781,-0.398,1.947,0.0
0.126,-0.482,1.009,0.0
-0.333,0.23,0.387,0.0
-0.098,-0.797,-1.653,1.0
0.661,-0.249,1.246,0.0
0.077,0.164,0.338,0.0
-0.933,-0.814,-0.06,0.00013
0.948,0.638,1.065,0.17043
-0.859,0.564,1.462,0.0
0.173,0.784,1.746,0.0
0.456,-0.661,0.292,0.01591
0.111,0.742,0.67,0.1876
-0.281,0.005,1.271,0.0
-0.393,0.0,-0.375,0.99962
0.943,0.653,1.156,0.09432
-0.514,0.201,1.389,0.0
0.377,-0.06,1.679,0.0
-0.029,0.838,1.597,0.0
0.013,-0.513,0.536,0.0
0.079,0.474,0.179,0.57548
-0.563,-0.767,-0.002,0.0
0.109,-0.318,0.787,0.0
-0.63,0.063,1.202,0.0
-0.821,0.641,1.657,0.0
-0.439,-0.271,-1.172,1.0
-0.337,-0.328,-1.542,1.0
-0.499,-0.608,-0.294,0.09205
-0.841,-0.938,-1.667,0.9997
-0.905,-0.295,-0.342,0.0393
-0.774,-0.061,-0.892,1.0
-0.757,0.625,1.512,0.0
-0.403,0.496,0.403,0.00352
0.41,0.852,0.381,0.71648
-0.277,0.782,0.544,0.12242
0.798,0.48,1.83,0.0
-0.618,0.904,1.357,0.0
-0.506,0.961,0.91,0.00014
0.216,0.271,0.324,0.22026
0.745,0.46,1.78,0.0
0.848,-0.829,1.754,0.0
-0.274,-0.439,-1.226,1.0
-0.637,0.171,1.715,0.0
0.143,0.987,1.377,0.0
-0.59,0.676,0.016,0.38021
-0.996,-0.749,-1.083,0.74536
-0.064,-0.639,-0.56,0.8124
-0.631,-0.239,-1.568,1.0
-0.93,-0.233,-0.972,0.9989
-0.771,0.362,1.343,0.0
0.477,0.497,0.37,0.67885
-0.206,-0.562,-0.797,1.0
-0.929,0.874,0.924,0.0
0.484,-0.764,1.528,0.0
-0.849,0.811,1.393,0.0
0.856,-0.458,0.302,0.48195
0.264,-0.864,0.767,0.0
-0.434,0.49,0.769,0.0
0.437,0.955,1.575,0.0
-0.601,-0.56,-1.083,0.99968
-0.08,0.213,1.784,0.0
0.259,0.141,1.597,0.0
0.54,0.075,1.639,0.0
-0.5,0.194,1.275,0.0
-0.207,0.722,0.374,0.27232
0.2,-0.788,1.677,0.0
0.188,0.574,1.508,0.0
-0.216,-0.104,-1.514,1.0
0.025,-0.182,0.864,0.0
-0.673,0.948,0.761,0.00574
0.573,-0.125,1.122,0.0
0.132,0.741,1.693,0.0
0.733,0.157,0.775,0.00061
-0.386,-0.647,-1.317,1.0
0.178,-0.556,0.087,0.0444
-0.399,-0.675,-0.356,0.31132
-0.696,-0.722,-0.375,0.07021
-0.184,-0.896,-1.424,1.0
-0.625,-0.963,-0.924,0.67791
-0.221,0.524,0.709,0.0
-0.367,0.845,0.393,0.25247
0.673,0.866,1.152,0.11867
-0.256,0.781,0.228,0.39509
-0.837,0.886,0.832,7e-05
-0.127,0.408,1.848,0.0
0.053,0.087,1.264,0.0
0.784,-0.823,0.304,0.23871
-0.176,0.847,0.946,0.0
0.002,0.95,0.081,0.8719
-0.442,0.324,0.457,0.0
-0.449,0.488,1.109,0.0
-0.192,0.912,1.784,0.0
-0.687,0.55,1.409,0.0
-0.774,0.46,0.099,0.04675
0.788,-0.679,0.224,0.42961
-0.356,0.792,1.772,0.0
-0.868,0.79,1.85,0.0
0.148,0.004,1.697,0.0
-0.691,-0.489,-1.031,0.99917
-0.946,-0.495,-1.973,1.0
0.587,0.461,1.923,0.0
0.777,-0.82,1.45,0.0
-0.491,0.634,0.689,0.0
0.203,0.428,0.666,0.0
-0.512,-0.952,-1.617,1.0
0.76,0.646,0.391,0.93138
0.876,0.184,1.842,0.0
0.756,0.135,1.939,0.0
0.414,-0.589,1.232,0.0
-0.075,-0.343,-0.495,1.0
0.257,-0.921,1.899,0.0
-0.03,-0.267,-1.655,1.0
0.477,-0.783,1.828,0.0
-0.246,-0.326,-0.119,0.03433
0.653,-0.661,1.693,0.0
-0.977,0.706,0.151,0.07734
-0.904,-0.235,-0.824,0.94968
0.189,-0.665,1.178,0.0
0.912,0.57,0.312,0.98274
0.924,0.975,0.628,0.8027
-0.798,-0.968,-1.212,0.80525
-0.326,0.144,1.275,0.0
-0.589,0.323,1.361,0.0
-0.567,-0.484,-0.066,0.00063
-0.04,-0.117,-1.701,1.0
0.221,0.541,0.312,0.50674
-0.689,-0.563,-0.0,0.0
0.094,0.934,0.433,0.44865
0.718,0.69,1.887,0.0
-0.443,0.988,0.465,0.24401
0.382,0.947,1.877,0.0
0.431,0.475,1.037,0.0
-0.594,-0.441,-1.421,1.0
0.568,-0.321,0.997,0.0
-0.145,-0.026,-1.007,1.0
-0.673,0.624,0.497,0.00229
-0.066,0.338,1.508,0.0
-0.778,0.309,1.822,0.0
-0.051,-0.854,-0.405,0.57826
-0.341,0.992,0.775,0.04535
-0.37,0.929,0.205,0.42186
-0.981,-0.202,-0.918,0.98954
-0.572,-0.102,-1.56,1.0
0.902,-0.429,0.87,9e-05
0.36,0.098,0.813,0.0
-0.904,0.051,1.385,0.0
0.141,0.772,1.595,0.0
-0.557,-0.806,-1.236,0.99929
-0.048,-0.912,-1.965,1.0
0.788,0.979,1.087,0.27845
0.328,-0.117,1.752,0.0
0.125,-0.143,1.691,0.0
-0.477,-0.458,-1.444,1.0
0.858,0.881,1.119,0.23602
-0.779,-0.481,-0.503,0.24917
0.803,0.551,0.248,0.98735
0.029,-0.61,1.776,0.0
-0.195,0.424,1.051,0.0
0.22,-0.735,1.577,0.0
-0.704,0.526,0.97,0.0
-0.837,-0.829,-0.634,0.31025
0.316,0.002,0.187,0.43328
-0.406,-0.823,-0.64,0.61735
0.079,0.221,1.975,0.0
0.013,-0.727,1.695,0.0
0.949,-0.892,0.507,0.09679
0.393,-0.21,0.445,0.0
-0.254,-0.025,-1.967,1.0
-0.565,0.806,1.693,0.0
0.447,-0.413,1.633,0.0
-0.423,0.204,0.975,0.0
-0.803,0.613,0.234,0.04276
0.371,0.698,0.469,0.48404
0.281,0.979,0.028,0.9999
-0.168,-0.159,-1.776,1.0
-0.899,-0.033,-1.679,1.0
-0.48,-0.772,-0.421,0.31219
-0.249,0.375,0.119,0.26154
-0.759,0.537,0.771,0.0
0.297,-0.238,0.858,0.0
0.871,0.253,0.499,0.73877
-0.214,-0.081,-1.232,1.0
0.571,-0.37,1.401,0.0
0.986,-0.427,0.395,0.46071
0.754,-0.945,1.128,0.0
-0.947,0.87,0.868,0.0
-0.363,0.733,1.844,0.0
0.654,0.686,1.045,0.05697
-0.826,-0.934,-0.63,0.28481
0.343,0.42,1.577,0.0
-0.011,-0.909,-0.868,0.94025
-0.228,0.533,1.653,0.0
-0.342,0.107,0.139,0.0
0.471,0.742,1.808,0.0
-0.147,0.262,1.951,0.0
-0.582,0.188,0.856,0.0
0.339,0.546,0.624,0.19307
-0.64,0.246,0.107,0.00776
-0.137,-0.844,-0.528,0.64266
0.115,-0.874,0.789,0.0
-0.091,-0.144,-0.26,1.0
-0.498,0.626,1.5,0.0
0.339,0.778,1.651,0.0
-0.655,-0.758,-1.641,1.0
0.039,0.838,0.467,0.35865
-0.258,-0.753,-1.037,1.0
-0.328,-0.361,-1.23,1.0
0.932,-0.821,0.397,0.22882
-0.153,0.532,1.329,0.0
-0.11,-0.885,-0.606,0.69203
0.817,-0.17,1.687,0.0
0.638,-0.407,0.626,2e-05
-0.912,-0.76,-0.598,0.20834
-0.915,-0.267,-1.351,1.0
0.583,-0.875,0.405,0.00542
-0.221,-0.098,-1.345,1.0
-0.631,0.835,1.786,0.0
-0.972,0.703,1.905,0.0
-0.414,0.324,1.891,0.0
-0.26,0.315,1.939,0.0
0.549,0.894,1.889,0.0
-0.71,0.265,0.342,0.0
-0.819,-0.658,-1.802,1.0
0.573,0.216,0.9,0.0
0.029,0.336,0.105,0.60171
-0.801,-0.879,-1.496,0.99914
0.362,-0.423,0.964,0.0
0.804,-0.633,1.47,0.0
0.765,-0.332,0.789,0.0
-0.735,-0.732,-0.173,0.00464
-0.274,-0.503,-1.562,1.0
-0.362,0.352,0.948,0.0
0.744,-0.412,1.635,0.0
-0.327,-0.137,-1.953,1.0
0.164,0.103,1.244,0.0
0.07,-0.56,0.715,0.0
-0.744,-0.016,-1.381,1.0
-0.885,-0.451,-1.901,1.0
0.478,0.513,1.015,0.0
0.918,0.481,1.617,0.0
-0.991,0.664,1.927,0.0
-0.08,-0.017,-0.828,1.0
0.871,-0.527,1.522,0.0
-0.913,-0.979,-0.159,0.00169
-0.21,0.204,0.97,0.0
-0.283,0.241,1.194,0.0
0.466,0.533,0.936,0.00031
-0.629,-0.274,-0.886,0.99996
0.337,0.375,0.463,0.23142
0.779,0.088,1.281,0.0
-0.496,-0.425,-1.953,1.0
-0.008,0.298,0.912,0.0
0.962,0.931,1.244,0.216
-0.659,0.602,1.415,0.0
0.36,0.835,1.548,0.0
0.972,-0.397,1.858,0.0
-0.846,0.905,1.919,0.0
-0.053,0.349,1.069,0.0
0.853,-0.002,1.707,0.0
-0.514,-0.156,-0.286,0.22663
-0.214,0.032,1.321,0.0
-0.134,-0.465,-1.51,1.0
-0.41,0.953,0.399,0.28275
-0.144,-0.607,-0.173,0.23998
0.201,-0.836,1.462,0.0
0.572,-0.17,0.232,0.58329
0.302,-0.308,0.606,0.0
0.899,-0.901,0.513,0.06088
0.958,0.655,1.79,0.0
0.133,-0.586,0.574,0.0
-0.526,0.679,1.301,0.0
-0.206,0.316,1.16,0.0
-0.639,-0.805,-0.552,0.36792
0.07,0.918,1.019,0.0
-0.744,-0.684,-1.244,0.99858
0.046,-0.707,1.325,0.0
0.109,-0.044,0.675,0.0
-0.548,0.683,0.137,0.28825
0.271,-0.465,1.085,0.0
0.603,0.653,0.556,0.53031
0.205,-0.234,0.143,0.00621
0.943,-0.719,0.817,0.00048
-0.424,-0.89,-0.916,0.78168
-0.385,0.896,1.345,0.0
0.921,0.098,1.258,0.0
-0.343,-0.825,-0.153,0.0145
-0.712,-0.764,-0.763,0.59511
-0.995,0.493,0.618,0.0
-0.769,-0.961,-1.883,1.0
-0.431,0.729,0.143,0.36233
-0.641,0.135,1.059,0.0
-0.694,0.88,0.31,0.18922
-0.162,0.353,1.234,0.0
-0.57,-0.205,-1.474,1.0
0.784,-0.855,1.409,0.0
0.6,-0.437,1.136,0.0
-0.149,0.729,1.86,0.0
-0.693,0.134,0.721,0.0
-0.426,-0.236,-1.842,1.0
-0.332,-0.869,-1.442,1.0
-0.763,-0.119,-1.349,1.0
0.122,-0.732,0.3,0.0
0.716,0.957,0.944,0.34002
-0.948,-0.537,-0.236,0.0084
0.906,0.673,1.111,0.13048
-0.226,0.667,1.188,0.0
0.725,0.635,0.145,0.99677
0.065,-0.353,1.593,0.0
-0.851,-0.125,-0.179,0.0118
0.955,0.069,1.393,0.0
-0.543,0.917,1.633,0.0
0.41,-0.548,0.139,0.23855
0.761,-0.042,0.662,0.00124
-0.284,-0.635,-1.719,1.0
-0.297,-0.997,-0.095,0.00364
0.23,-0.405,1.923,0.0
-0.055,0.733,0.689,0.02085
0.546,-0.665,0.733,0.0
0.587,0.148,1.655,0.0
-0.557,0.29,1.168,0.0
0.562,-0.33,0.449,0.00119
-0.02,-0.653,-1.603,1.0
-0.759,-0.787,-1.206,0.94413
0.773,0.935,0.397,0.95128
-0.634,-0.124,-1.415,1.0
-0.393,-0.855,-0.693,0.6512
0.908,-0.712,0.57,0.03453
0.11,0.181,0.173,0.31006
-0.088,0.379,0.624,0.0
0.691,0.481,0.618,0.40748
0.342,-0.408,0.147,0.16969
-0.441,0.099,0.064,0.00042
0.775,0.267,0.868,0.00151
0.885,0.415,1.496,0.0
-0.22,0.131,1.836,0.0
0.125,0.357,1.041,0.0
-0.197,-0.155,-1.317,1.0
-0.885,-0.094,-0.242,0.02985
0.926,0.13,1.164,0.0
-0.684,-0.415,-0.586,0.5942
-0.555,-0.42,-0.328,0.14348
0.492,0.0,0.02,0.99933
-0.923,-0.807,-0.435,0.04468
-0.787,0.775,0.515,0.0135
-0.544,0.578,0.189,0.14297
-0.942,-0.199,-0.36,0.05815
0.693,0.455,0.787,0.14729
0.473,-0.655,0.072,0.41178
-0.349,-0.359,-1.516,1.0
-0.86,0.801,1.053,0.0
-0.104,-0.55,-1.105,1.0
0.223,0.03,0.519,0.0
0.424,0.633,1.391,0.0
0.551,0.936,0.993,0.23505
-0.075,0.518,0.769,0.0
-0.348,-0.216,-1.713,1.0
-0.987,0.593,0.075,0.06566
0.59,0.298,1.075,0.0
0.952,-0.101,0.095,0.98475
0.725,0.825,0.614,0.62018
0.587,-0.405,0.364,0.04444
0.152,-0.615,0.048,0.08702
0.016,-0.493,1.816,0.0
-0.618,0.675,1.311,0.0
-0.517,-0.096,-0.364,0.65956
-0.637,-0.917,-1.943,1.0
-0.615,0.312,1.238,0.0
0.434,0.165,1.069,0.0
0.94,-0.5,0.687,0.00498
0.162,-0.803,0.318,0.0
-0.455,0.214,1.816,0.0
-0.331,0.602,1.055,0.0
-0.97,-0.38,-0.648,0.39981
-0.614,0.041,1.577,0.0
-0.409,-0.979,-1.24,0.99203
0.17,0.914,0.459,0.45706
0.717,-0.107,0.548,0.00632
0.082,0.52,1.973,0.0
0.856,0.649,1.204,0.0215
-0.121,0.799,0.914,0.0
0.022,0.721,0.447,0.31429
0.156,0.044,1.144,0.0
-0.991,-0.996,-0.153,0.00124
-0.69,0.538,0.123,0.09221
-0.671,0.421,0.409,0.0
-0.656,-0.488,-0.848,0.92301
-0.269,0.279,1.687,0.0
0.141,-0.501,0.735,0.0
0.776,0.51,1.446,0.0
0.075,-0.296,0.443,0.0
-0.705,0.784,0.296,0.12429
-0.145,0.55,1.468,0.0
-0.03,-0.179,-1.671,1.0
0.317,-0.912,0.004,0.2818
-0.899,-0.555,-1.981,1.0
0.288,0.576,1.019,0.0
-0.824,0.116,0.664,0.0
-0.024,-0.119,-1.19,1.0
-0.914,0.982,0.066,0.33145
-0.413,0.795,1.367,0.0
-0.574,0.085,0.66,0.0
-0.321,-0.132,-1.524,1.0
0.191,-0.34,0.173,0.0002
-0.593,-0.188,-1.393,1.0
0.731,-0.752,0.763,0.0
0.917,0.693,1.417,0.00076
-0.209,-0.85,-0.954,0.97657
0.435,0.636,1.482,0.0
0.328,0.224,0.66,0.0
0.783,0.022,1.252,0.0
0.118,0.295,1.299,0.0
0.582,-0.681,0.485,0.00057
-0.603,-0.749,-0.84,0.72891
-0.978,0.718,0.205,0.05895
-0.327,-0.331,-1.202,1.0
0.34,0.904,1.659,0.0
0.983,-0.59,0.956,5e-05
0.211,0.296,1.001,0.0
-0.495,0.199,0.795,0.0
0.774,0.531,0.894,0.15147
-0.591,0.448,1.701,0.0
0.411,-0.624,1.494,0.0
0.997,-0.533,1.047,0.0
0.562,0.074,1.802,0.0
-0.732,0.857,1.015,0.0
0.347,-0.478,0.159,0.12215
-0.484,0.67,1.546,0.0
0.459,0.675,0.115,0.99605
0.879,-0.761,1.746,0.0
-0.229,-0.408,-0.25,0.4392
0.829,0.413,0.228,0.98849
-0.195,0.502,0.598,0.0
-0.638,-0.607,-1.101,0.99914
-0.144,-0.914,-1.609,1.0
-0.155,-0.139,-0.139,0.50624
0.678,-0.926,1.979,0.0
0.864,0.713,0.894,0.332
-0.289,0.026,1.498,0.0
0.008,0.56,0.064,0.83802
0.575,0.133,0.183,0.97165
0.604,0.957,1.526,6e-05
0.104,0.176,0.755,0.0
0.63,-0.749,0.127,0.4158
0.03,-0.105,1.873,0.0
-0.898,-0.25,-1.518,1.0
-0.784,-0.562,-1.144,0.99763
-0.563,-0.372,-0.586,0.75936
0.997,0.212,0.477,0.84971
-0.421,-0.235,-1.577,1.0
-0.668,0.45,1.864,0.0
-0.609,0.511,1.474,0.0
-0.948,0.762,0.03,0.22539
0.875,-0.015,1.591,0.0
-0.762,-0.326,-1.655,1.0
-0.861,0.831,0.709,0.00079
0.367,-0.911,0.515,0.0
-0.275,-0.171,-1.542,1.0
-0.517,-0.015,-0.195,0.10517
0.486,-0.624,0.328,0.00926
-0.372,-0.755,-0.999,0.99312
0.65,-0.837,1.21,0.0
0.969,0.781,1.589,0.0005
0.196,-0.544,0.507,0.0
0.4,-0.056,1.736,0.0
-0.273,-0.927,-1.458,1.0
0.709,0.048,0.081,0.99639
0.902,0.321,0.864,0.07908
-0.154,0.869,0.997,0.0
0.972,0.658,0.06,0.99983
-0.407,0.987,0.346,0.32694
0.299,0.721,1.784,0.0
0.312,-0.607,1.603,0.0
0.74,0.511,1.697,0.0
0.519,-0.061,0.517,0.0
-0.004,0.419,1.579,0.0
0.37,-0.603,1.564,0.0
-0.84,0.961,1.601,0.0
-0.025,0.691,1.164,0.0
-0.254,-0.078,-1.981,1.0
-0.045,0.974,1.268,0.0
-0.31,0.681,0.683,0.0
-0.835,-0.957,-0.266,0.00938
0.98,-0.035,1.824,0.0
0.058,0.281,1.526,0.0
0.193,0.301,1.353,0.0
0.348,-0.406,1.079,0.0
-0.736,-0.017,-1.778,1.0
-0.952,-0.258,-0.731,0.71619
-0.734,0.163,0.648,0.0
0.54,0.102,1.776,0.0
0.763,-0.71,1.273,0.0
0.44,0.795,0.165,0.98979
0.621,-0.018,1.897,0.0
-0.044,-0.136,-1.647,1.0
-0.199,0.855,1.391,0.0
0.007,0.861,1.977,0.0
0.532,0.84,1.035,0.13034
-0.968,0.377,1.234,0.0
0.552,-0.001,1.707,0.0
-0.03,-0.371,-0.91,1.0
-0.459,0.175,1.693,0.0
0.863,0.322,1.24,0.0
0.863,-0.572,1.657,0.0
0.941,-0.787,1.774,0.0
-0.862,0.92,0.608,0.01653
-0.785,-0.244,-0.403,0.158
-0.185,-0.9,-1.051,0.99985
0.548,-0.24,1.522,0.0
0.96,-0.716,0.602,0.03673
-0.62,-0.541,-0.189,0.01028
0.923,-0.301,0.413,0.44774
0.53,0.46,1.285,0.0
0.002,0.689,0.34,0.38491
-0.166,-0.519,-0.219,0.37339
-0.943,-0.581,-1.325,0.99917
0.707,-0.456,0.449,0.03719
-0.329,-0.601,-1.808,1.0
0.901,0.331,1.52,0.0
-0.768,0.852,0.646,0.00653
-0.172,0.375,1.023,0.0
0.524,-0.079,0.217,0.73737
0.864,0.035,1.701,0.0
-0.785,-0.526,-1.804,1.0
-0.981,-0.582,-1.464,0.99972
-0.651,0.673,1.536,0.0
-0.614,0.555,1.828,0.0
-0.81,0.865,1.462,0.0
0.021,0.767,1.172,0.0
0.55,0.652,1.699,0.0
0.482,-0.124,1.921,0.0
-0.02,0.329,1.915,0.0
0.786,0.185,1.577,0.0
-0.002,0.94,0.642,0.27109
-0.361,0.853,0.256,0.35304
0.418,0.763,0.04,0.99984
-0.809,0.027,0.278,0.0
-0.922,-0.518,-0.352,0.0265
0.862,0.616,0.584,0.73161
0.01,-0.818,1.154,0.0
0.683,0.338,0.215,0.98394
-0.458,0.353,1.472,0.0
-0.419,-0.841,-0.852,0.7637
-0.689,-0.982,-0.975,0.68109
-0.957,0.944,1.834,0.0
0.77,-0.9,0.54,0.00559
-0.297,0.971,0.556,0.23394
0.746,-0.001,0.226,0.93687
0.16,-0.633,1.166,0.0
0.857,0.609,1.943,0.0
-0.7,-0.529,-0.052,0.00024
0.345,0.52,0.429,0.41961
0.162,0.347,1.498,0.0
0.754,-0.906,0.528,0.00563
0.039,-0.223,1.166,0.0
0.03,-0.309,0.395,0.0
0.481,-0.415,0.672,0.0
-0.364,-0.356,-0.828,1.0
0.235,-0.754,1.651,0.0
-0.236,0.754,1.224,0.0
-0.003,0.452,0.588,0.0
0.63,-0.638,1.033,0.0
-0.305,0.944,0.59,0.19383
0.39,-0.218,0.977,0.0
0.183,0.394,0.679,0.0
0.326,0.181,1.645,0.0
-0.301,0.134,1.645,0.0
0.153,0.067,0.236,0.0
-0.889,-0.284,-0.461,0.16175
-0.82,0.261,0.435,0.0
0.261,-0.181,1.168,0.0
-0.043,-0.04,-1.921,1.0
0.808,0.443,0.435,0.87926
0.311,0.671,0.735,0.16541
-0.415,-0.193,-1.693,1.0
0.415,0.032,1.424,0.0
-0.344,-0.828,-0.821,0.77703
-0.998,-0.152,-1.81,1.0
-0.899,0.871,0.141,0.22314
-0.544,0.073,0.848,0.0
-0.399,0.643,1.426,0.0
-0.417,0.595,1.76,0.0
-0.206,0.793,1.005,0.0
-0.316,0.011,0.437,0.0
-0.638,0.216,0.131,0.00163
-0.613,0.913,0.733,0.00644
-0.896,-0.817,-1.953,1.0
-0.805,0.02,1.309,0.0
0.482,-0.883,0.799,0.0
0.114,0.47,0.121,0.8084
-0.186,-0.823,-1.748,1.0
-0.934,0.2,1.361,0.0
0.829,0.283,1.224,0.0
0.646,0.302,0.964,0.0
0.969,-0.432,0.352,0.52563
0.047,0.778,0.673,0.17933
0.822,0.243,1.542,0.0
0.347,0.144,0.862,0.0
-0.255,0.569,1.907,0.0
-0.123,0.643,0.054,0.71136
-0.411,0.158,1.285,0.0
-0.777,-0.517,-1.335,1.0
-0.691,0.33,1.119,0.0
0.806,-0.756,0.809,0.0
-0.747,0.035,0.419,0.0
0.502,0.518,0.735,0.13634
-0.265,0.208,0.266,0.0
0.872,-0.312,0.377,0.45348
-0.468,-0.794,-1.562,1.0
-0.856,0.11,1.409,0.0
-0.811,-0.321,-1.885,1.0
0.544,-0.389,1.675,0.0
0.861,0.093,1.383,0.0
0.275,-0.595,0.791,0.0
-0.984,0.246,1.546,0.0
0.339,-0.821,0.912,0.0
-0.316,-0.745,-0.785,0.81827
0.208,-0.181,0.344,0.0
-0.679,-0.805,-1.319,0.99896
0.456,-0.582,1.838,0.0
0.765,0.572,0.552,0.67226
0.428,0.582,0.59,0.31737
-0.19,-0.058,-1.095,1.0
0.998,0.785,1.571,0.00077
-0.605,0.529,0.02,0.26901
0.765,-0.056,0.568,0.01863
-0.819,-0.222,-0.203,0.0124
0.404,-0.737,1.631,0.0
-0.375,-0.108,-1.172,1.0
0.74,-0.545,1.969,0.0
0.906,0.073,1.778,0.0
-0.992,0.422,0.578,0.0
-0.285,0.984,0.646,0.18572
-0.245,-0.959,-1.873,1.0
0.431,-0.945,1.341,0.0
0.718,-0.839,0.471,0.01462
0.579,0.158,0.727,3e-05
-0.233,-0.296,-1.295,1.0
-0.07,0.367,1.754,0.0
-0.125,0.523,1.885,0.0
-0.558,0.942,1.633,0.0
0.637,-0.924,1.484,0.0
0.516,-0.967,1.536,0.0
-0.374,0.865,0.832,8e-05
0.585,-0.081,0.211,0.83781
-0.117,0.138,0.077,0.04511
-0.165,-0.962,-1.14,1.0
-0.724,0.611,0.165,0.09641
-0.927,-0.091,-0.183,0.01304
-0.168,0.446,0.582,0.0
0.273,-0.682,1.079,0.0
0.067,0.532,1.317,0.0
-0.076,0.184,0.954,0.0
0.552,-0.546,1.156,0.0
-0.34,-0.208,-1.258,1.0
0.963,-0.971,1.651,0.0
-0.671,0.701,0.23,0.13547
0.965,-0.912,0.264,0.41146
0.932,-0.992,0.312,0.29824
0.68,0.082,0.209,0.96048
0.821,0.702,0.524,0.81824
-0.438,0.434,1.107,0.0
0.41,-0.61,1.836,0.0
0.85,-0.519,1.744,0.0
-0.984,-0.388,-1.643,1.0
-0.707,-0.8,-1.095,0.86351
-0.643,0.309,0.973,0.0
0.863,-0.226,1.291,0.0
0.322,0.933,0.882,0.22956
-0.815,-0.554,-1.343,0.99997
-0.288,-0.812,-1.411,1.0
0.404,-0.858,0.942,0.0
-0.447,-0.514,-0.552,0.67436
0.02,-0.097,1.871,0.0
0.148,0.267,0.721,0.0
0.364,-0.227,0.23,0.04058
0.161,0.309,1.834,0.0
-0.72,-0.464,-1.369,1.0
-0.987,-0.506,-0.399,0.03627
-0.505,0.642,1.478,0.0
0.069,0.361,1.178,0.0
0.029,-0.476,1.564,0.0
0.23,-0.186,0.995,0.0
-0.366,-0.935,-1.222,0.9996
0.052,0.249,0.415,0.0
-0.942,0.329,1.742,0.0
0.388,0.072,1.627,0.0
-0.127,0.33,1.653,0.0
-0.024,0.487,1.075,0.0
-0.7,-0.994,-1.824,1.0
0.256,0.608,1.933,0.0
0.999,-0.605,0.354,0.44105
-0.85,-0.489,-0.366,0.04328
0.345,-0.376,1.357,0.0
0.477,0.714,1.657,0.0
0.206,-0.184,1.337,0.0
0.194,-0.572,1.941,0.0
0.566,-0.749,1.53,0.0
0.468,0.115,1.419,0.0
0.329,0.018,0.578,0.0
0.493,0.548,1.887,0.0
0.622,-0.391,0.258,0.32527
0.276,0.337,0.374,0.2839
0.385,-0.977,1.009,0.0
-0.907,-0.116,-1.53,1.0
0.819,-0.791,0.675,0.00068
-0.413,-0.918,-1.442,1.0
0.735,0.019,1.327,0.0
0.228,-0.993,1.57,0.0
0.551,0.345,0.745,0.00428
-0.684,0.598,1.48,0.0
-0.401,-0.095,-1.021,1.0
-0.57,-0.443,-1.407,1.0
0.816,0.29,0.727,0.16163
-0.853,-0.817,-0.775,0.49634
-0.678,-0.624,-0.149,0.00407
0.71,-0.969,1.693,0.0
-0.16,0.567,1.077,0.0
0.855,-0.642,0.932,0.0
0.05,-0.184,0.35,0.0
0.119,0.551,1.061,0.0
-0.25,0.883,1.661,0.0
-0.292,-0.481,-0.608,0.90981
-0.789,0.185,0.548,0.0
0.874,-0.484,1.744,0.0
0.323,-0.161,1.45,0.0
-0.46,0.836,0.326,0.25697
0.007,-0.979,0.763,0.0
-0.176,-0.281,-1.51,1.0
-0.356,0.697,1.905,0.0
-0.338,-0.453,-1.122,1.0
0.284,0.161,0.586,0.0
-0.543,0.837,1.8,0.0
0.848,-0.84,0.524,0.0321
0.78,0.808,1.609,0.0
-0.657,0.28,1.126,0.0
0.856,-0.885,0.658,0.00157
-0.381,-0.152,-0.169,0.06571
-0.077,0.103,1.311,0.0
0.948,-0.537,1.365,0.0
-0.509,-0.815,-1.438,1.0
0.823,-0.251,0.848,0.0
-0.437,0.525,0.509,1e-05
0.869,-0.679,1.734,0.0
0.865,-0.838,1.331,0.0
0.435,0.611,0.566,0.36681
-0.792,0.651,1.726,0.0
0.327,0.138,1.655,0.0
-0.0,0.604,1.571,0.0
0.54,-0.922,0.401,0.00185
0.787,0.381,0.695,0.29122
0.85,-0.962,0.07,0.54593
0.507,-0.174,1.719,0.0
0.822,-0.203,0.074,0.96502
-0.411,-0.166,-1.434,1.0
-0.517,-0.45,-0.364,0.26602
0.893,0.138,0.803,0.00886
0.638,-0.013,0.785,0.0
0.695,-0.846,0.185,0.33919
-0.33,-0.692,-0.513,0.59863
-0.361,0.502,1.639,0.0
0.758,0.243,0.773,0.01593
0.993,0.67,1.369,0.00725
0.531,-0.775,0.215,0.16028
-0.631,-0.142,-1.695,1.0
0.137,-0.726,1.405,0.0
0.396,-0.344,0.592,0.0
0.41,-0.597,0.789,0.0
-0.875,0.86,1.736,0.0
-0.561,0.74,1.732,0.0
0.636,0.465,1.583,0.0
0.371,-0.58,0.044,0.39958
0.952,-0.997,1.756,0.0
-0.958,0.657,0.558,0.00039
-0.231,-0.501,-1.21,1.0
-0.274,-0.122,-1.538,1.0
0.35,0.406,1.933,0.0
0.405,-0.758,1.071,0.0
0.009,0.718,0.94,0.0
0.9,0.853,1.488,0.00488
0.698,-0.587,0.815,0.0
0.231,0.062,0.471,0.0
-0.851,-0.371,-0.145,0.00357
-0.706,0.831,1.208,0.0
0.653,-0.497,1.562,0.0
-0.161,-0.451,-0.61,1.0
0.369,0.761,0.268,0.8662
-0.269,0.594,0.681,0.0
0.462,0.936,1.083,0.12634
-0.165,-0.768,-1.444,1.0
-0.396,0.157,0.683,0.0
0.823,0.76,0.707,0.54338
-0.564,-0.146,-0.157,0.01703
-0.734,-0.291,-1.814,1.0
0.92,-0.204,0.767,0.00111
-0.917,0.374,1.003,0.0
0.399,-0.926,1.84,0.0
-0.206,0.802,0.805,0.0
-0.842,-0.271,-1.838,1.0
0.184,0.836,1.818,0.0
-0.377,0.499,1.492,0.0
-0.656,0.521,0.799,0.0
0.363,-0.086,0.304,0.00102
0.95,0.799,0.256,0.99232
0.026,0.848,0.121,0.80693
-0.546,0.352,1.117,0.0
0.155,-0.557,1.927,0.0
-0.742,-0.879,-1.468,0.99941
-0.516,-0.006,-1.305,1.0
-0.496,-0.805,-0.789,0.70264
-0.785,0.725,0.507,0.00854
-0.721,-0.816,-0.375,0.0548
0.708,0.355,1.208,0.0
-0.754,0.518,0.147,0.05045
-0.502,-0.711,-1.224,1.0
-0.978,-0.303,-0.741,0.65119
0.011,-0.009,0.592,0.0
0.3,-0.831,0.753,0.0
0.829,0.751,1.164,0.10091
-0.6,-0.622,-1.17,0.99984
-0.688,0.612,0.842,0.0
-0.052,0.661,0.777,0.0
-0.033,0.816,1.512,0.0
0.355,-0.318,1.558,0.0
0.397,0.203,1.182,0.0
-0.116,-0.722,-0.453,0.64442
-0.244,0.599,0.413,0.09889
0.12,0.22,0.377,0.0
-0.616,0.538,0.842,0.0
-0.042,-0.441,-1.462,1.0
-0.663,0.187,0.048,0.00836
0.288,0.462,0.878,0.0
0.354,0.849,0.133,0.99199
0.928,0.852,0.427,0.96164
-0.012,-0.001,-1.262,1.0
0.989,-0.666,0.898,0.0003
-0.31,-0.422,-0.638,0.99571
-0.861,0.283,0.572,0.0
0.862,-0.975,0.151,0.46086
0.587,0.291,1.76,0.0
0.193,-0.015,0.874,0.0
-0.673,-0.85,-1.252,0.9721
-0.485,-0.09,-0.695,1.0
0.892,-0.527,1.933,0.0
-0.438,0.588,1.395,0.0
0.684,-0.373,1.705,0.0
-0.42,0.939,1.226,0.0
-0.894,-0.592,-1.585,1.0
0.406,0.157,1.119,0.0
-0.613,0.073,1.617,0.0
0.554,-0.651,1.393,0.0
0.504,0.516,1.158,0.0
0.515,-0.913,1.478,0.0
0.482,-0.362,0.834,0.0
-0.207,0.398,0.213,0.17412
-0.791,-0.396,-0.455,0.17845
0.212,-0.23,1.72,0.0
0.54,-0.023,1.619,0.0
-0.223,-0.232,-0.23,0.57635
0.968,0.254,1.258,0.0
0.05,-0.19,0.232,0.0
-0.118,0.251,0.479,0.0
0.555,-0.566,0.509,0.00024
-0.942,0.814,1.379,0.0
-0.333,-0.681,-1.951,1.0
0.233,-0.104,0.252,0.0
0.082,-0.571,0.892,0.0
0.277,-0.817,1.877,0.0
0.178,0.907,1.846,0.0
-0.657,-0.653,-1.794,1.0
-0.181,-0.648,-0.195,0.22866
-0.112,0.983,0.675,0.23311
-0.148,-0.309,-1.53,1.0
-0.147,-0.982,-1.562,1.0
-0.408,-0.596,-0.701,0.80576
0.106,-0.666,1.182,0.0
0.596,0.451,0.038,0.99983
-0.9,0.398,0.054,0.03289
0.12,-0.964,1.21,0.0
-0.765,-0.925,-0.429,0.0731
0.617,0.843,1.448,0.0
0.6,0.973,1.953,0.0
-0.442,0.262,1.953,0.0
0.211,-0.16,0.813,0.0
0.681,0.027,0.179,0.96254
0.956,0.43,0.733,0.44354
-0.207,0.768,0.334,0.32394
0.571,-0.624,1.468,0.0
-0.874,-0.486,-0.864,0.78066
0.175,-0.439,1.53,0.0
0.645,0.555,0.834,0.15541
-0.702,-0.559,-0.266,0.01989
-0.04,0.214,0.205,0.00059
-0.73,-0.44,-0.894,0.96015
0.766,0.981,0.679,0.61526
0.093,0.786,1.107,0.0
0.963,0.962,1.629,0.00642
0.152,-0.203,0.842,0.0
-0.28,0.399,0.403,0.0
-0.859,-0.327,-0.721,0.73489
0.922,0.047,1.124,0.0
-0.345,-0.25,-1.077,1.0
0.685,-0.516,0.288,0.26885
-0.893,0.987,1.663,0.0
0.743,-0.393,1.182,0.0
0.396,-0.551,1.792,0.0
0.823,-0.416,1.778,0.0
-0.017,0.381,0.074,0.66527
-0.837,0.473,1.442,0.0
0.604,-0.105,0.87,0.0
-0.975,0.723,0.217,0.05689
-0.657,-0.409,-1.047,0.99997
0.526,-0.933,0.449,0.00038
-0.557,0.941,0.002,0.53594
0.301,-0.914,0.423,0.0
-0.271,-0.77,-0.238,0.17815
-0.433,-0.282,-1.862,1.0
0.725,-0.718,1.196,0.0
-0.589,-0.976,-1.132,0.82505
-0.612,0.301,0.54,0.0
-0.484,-0.501,-1.8,1.0
0.857,0.38,0.252,0.98552
0.487,-0.438,0.381,0.0013
0.115,0.335,1.357,0.0
0.555,-0.414,0.668,0.0
-0.862,-0.46,-1.834,1.0
0.506,0.809,1.339,0.0
-0.168,-0.802,-0.59,0.69307
-0.881,0.905,0.6,0.01504
-0.513,0.731,1.74,0.0
0.406,0.775,0.558,0.43907
-0.673,0.261,1.268,0.0
0.401,0.505,0.348,0.62816
0.273,-0.6,0.769,0.0
0.439,-0.822,1.919,0.0
-0.121,-0.742,-1.917,1.0
0.651,-0.544,0.377,0.06598
-0.533,0.937,0.964,0.0
-0.171,-0.77,-1.816,1.0
0.177,0.608,1.945,0.0
0.269,-0.115,0.477,0.0
-0.164,0.358,1.641,0.0
0.622,0.242,1.432,0.0
-0.883,0.968,1.685,0.0
0.712,0.888,0.707,0.51545
0.357,0.584,1.558,0.0
-0.383,0.611,1.44,0.0
0.128,0.21,1.424,0.0
-0.738,0.746,0.904,0.0
-0.505,0.078,1.528,0.0
-0.143,-0.628,-0.387,0.61081
0.492,-0.429,0.578,0.0
0.96,-0.551,1.963,0.0
-0.31,0.526,1.095,0.0
-0.515,0.438,0.276,0.0132
-0.939,-0.165,-0.058,0.00048
0.31,-0.504,1.836,0.0
0.719,0.45,0.793,0.15487
0.629,-0.564,1.115,0.0
-0.883,0.37,1.689,0.0
0.771,-0.904,1.705,0.0
-0.71,-0.475,-0.685,0.68331
-0.99,0.47,0.042,0.04316
0.827,0.604,0.54,0.77177
0.547,-0.807,0.201,0.19168
0.154,-0.447,0.554,0.0
0.976,0.205,1.732,0.0
-0.372,0.775,0.944,0.0
0.124,-0.549,0.642,0.0
0.077,0.177,0.103,0.5169
-0.034,-0.119,-1.19,1.0
0.744,-0.727,0.352,0.15506
-0.32,-0.393,-0.791,1.0
-0.042,-0.737,-0.608,0.79254
0.732,-0.491,0.556,0.00241
0.444,-0.001,1.218,0.0
-0.745,0.451,0.848,0.0
0.856,-0.583,0.956,0.0
0.295,-0.539,0.185,0.01602
-0.179,0.375,0.081,0.39137
0.388,0.85,0.181,0.98115
-0.893,0.356,0.215,0.00266
-0.642,0.249,0.697,0.0
0.066,-0.142,1.154,0.0
0.788,-0.132,0.479,0.18584
0.63,-0.756,0.066,0.50551
0.853,-0.139,1.452,0.0
-0.381,-0.051,-1.518,1.0
0.293,-0.131,0.221,0.00343
-0.457,-0.037,-1.279,1.0
-0.182,0.981,0.719,0.17406
0.293,-0.208,0.161,0.10864
0.371,0.267,1.953,0.0
-0.573,0.874,1.224,0.0
0.599,0.671,1.132,0.00086
0.639,0.654,1.484,0.0
-0.014,-0.894,-1.609,1.0
-0.413,0.843,0.175,0.39271
-0.123,0.706,1.468,0.0
0.38,0.309,0.431,0.25043
0.571,-0.833,1.389,0.0
0.08,-0.603,0.542,0.0
0.609,-0.025,1.832,0.0
-0.751,0.075,1.315,0.0
0.848,-0.798,1.254,0.0
-0.208,0.617,1.786,0.0
-0.562,0.119,1.184,0.0
0.423,-0.385,1.258,0.0
-0.785,0.518,1.206,0.0
-0.62,-0.163,-1.371,1.0
-0.69,-0.682,-0.928,0.80802
0.46,0.923,1.943,0.0
-0.884,-0.024,-0.399,0.19283
0.74,0.15,1.373,0.0
-0.547,0.682,1.061,0.0
-0.481,-0.418,-0.393,0.4255
-0.2,-0.683,-0.755,0.93443
-0.343,0.818,1.524,0.0
-0.929,-0.381,-0.912,0.90075
-0.372,0.717,0.29,0.25949
0.611,-0.512,1.806,0.0
0.333,0.259,1.323,0.0
0.774,-0.565,0.441,0.08424
0.641,0.638,1.86,0.0
0.827,-0.211,0.06,0.96817
-0.258,-0.558,-0.461,0.65994
-0.17,-0.203,-1.599,1.0
-0.423,-0.832,-0.135,0.00602
0.829,0.02,1.697,0.0
-0.415,-0.89,-0.284,0.10233
0.182,-0.142,1.508,0.0
0.607,-0.445,1.041,0.0
0.219,-0.344,1.885,0.0
0.739,-0.31,0.538,0.00672
-0.706,-0.71,-0.066,0.00031
-0.135,0.178,0.538,0.0
-0.079,0.066,1.53,0.0
0.382,0.102,1.421,0.0
-0.472,-0.803,-1.462,1.0
0.68,0.463,1.301,0.0
0.826,0.318,0.868,0.02832
0.946,-0.623,1.387,0.0
-0.013,-0.565,-1.27,1.0
0.547,-0.253,1.089,0.0
-0.899,-0.858,-1.174,0.79961
-0.774,0.826,0.286,0.13086
0.988,-0.926,1.842,0.0
0.816,-0.063,0.046,0.9949
-0.347,-0.429,-1.536,1.0
-0.51,0.426,1.663,0.0
0.439,-0.429,1.659,0.0
0.638,-0.832,0.948,0.0
0.086,0.915,0.395,0.47345
-0.94,0.428,0.288,0.00191
0.025,-0.929,0.681,0.0
0.852,0.568,0.894,0.23679
0.839,0.054,0.618,0.10567
-0.476,-0.297,-0.374,0.49086
-0.188,0.343,0.01,0.53148
-0.285,0.211,1.756,0.0
0.617,0.858,1.973,0.0
0.032,0.901,0.848,0.08947
0.115,0.3,0.213,0.38601
0.921,-0.074,1.663,0.0
0.77,-0.274,0.932,0.0
0.629,-0.232,0.352,0.17348
-0.756,0.449,0.173,0.02505
-0.069,0.138,1.752,0.0
0.414,-0.606,0.246,0.03109
0.04,-0.257,1.774,0.0
0.986,-0.919,0.606,0.03583
0.668,-0.355,0.058,0.86002
0.603,0.352,1.232,0.0
0.334,-0.713,1.709,0.0
-0.163,0.157,1.589,0.0
0.325,-0.719,0.358,0.0
0.057,-0.717,0.683,0.0
-0.114,-0.111,-0.449,1.0
-0.799,-0.194,-1.013,1.0
-0.775,-0.362,-1.796,1.0
0.138,-0.217,1.373,0.0
0.998,-0.136,0.238,0.93537
-0.865,-0.602,-1.381,0.99975
0.649,0.382,0.687,0.16981
0.77,-0.335,0.852,0.0
0.059,0.117,0.491,0.0
0.868,0.946,0.338,0.9827
0.526,-0.5,1.287,0.0
-0.878,-0.979,-1.575,0.99207
0.648,-0.452,1.315,0.0
-0.884,0.741,0.127,0.15126
-0.754,-0.328,-0.799,0.95043
0.268,-0.421,1.959,0.0
-0.184,0.861,0.701,0.08113
-0.737,0.632,1.452,0.0
-0.728,-0.195,-0.876,0.99982
-0.651,0.428,0.938,0.0
-0.421,0.196,0.813,0.0
-0.439,-0.417,-0.455,0.61333
0.975,0.515,1.347,0.0005
0.448,0.586,1.802,0.0
-0.109,-0.176,-1.955,1.0
0.409,0.107,1.722,0.0
-0.527,-0.168,-1.758,1.0
0.912,-0.762,0.574,0.03156
0.892,0.085,1.009,0.0
0.133,0.013,1.466,0.0
-0.311,0.377,1.462,0.0
-0.457,-0.343,-1.917,1.0
-0.441,-0.262,-0.83,1.0
-0.949,-0.354,-1.363,1.0
-0.357,-0.011,-0.407,1.0
-0.751,-0.072,-1.504,1.0
0.754,-0.476,0.377,0.18789
0.917,-0.267,1.277,0.0
-0.57,0.791,1.802,0.0
0.387,0.709,1.822,0.0
0.152,0.853,1.256,0.0
-0.642,-0.019,-1.359,1.0
0.905,0.808,1.941,0.0
0.079,0.132,1.238,0.0
-0.595,0.88,1.361,0.0
-0.642,-0.626,-0.431,0.20113
-0.861,0.578,0.425,0.00256
-0.319,0.306,0.209,0.01087
0.087,0.903,1.138,0.0
0.562,0.921,0.67,0.47515
-0.259,0.798,0.113,0.53836
0.644,0.4,0.294,0.94747
-0.599,-0.666,-0.679,0.62462
0.979,-0.353,0.01,0.9652
-0.134,-0.288,-0.749,1.0
-0.323,0.01,0.058,0.0
0.306,0.978,0.745,0.32665
0.185,-0.465,0.375,0.0
-0.273,0.552,1.593,0.0
-0.938,-0.304,-1.647,1.0
-0.422,-0.067,-0.195,0.15046
0.014,0.357,1.983,0.0
-0.372,0.797,0.201,0.36918
-0.471,-0.812,-0.457,0.36633
0.843,0.582,1.003,0.12362
0.344,0.065,1.087,0.0
-0.21,-0.616,-1.027,1.0
-0.031,0.339,1.081,0.0
0.155,-0.383,1.647,0.0
-0.756,-0.505,-1.017,0.98642
0.105,0.069,0.874,0.0
-0.517,0.47,0.729,0.0
0.988,-0.896,1.514,0.0
0.744,0.629,0.223,0.98994
-0.99,0.684,0.119,0.08082
-0.13,0.248,0.377,0.0
0.377,0.622,1.699,0.0
0.112,-0.298,0.596,0.0
-0.355,-0.494,-0.121,0.00954
0.986,-0.678,1.858,0.0
0.585,0.941,0.59,0.58417
-0.351,-0.918,-0.115,0.00496
0.072,0.464,1.502,0.0
-0.831,-0.558,-1.899,1.0
-0.345,0.069,0.507,0.0
0.451,0.417,1.162,0.0
0.147,0.595,0.149,0.82378
0.386,0.907,1.285,0.0
0.649,0.464,0.008,1.0
-0.351,-0.229,-0.908,1.0
0.735,-0.688,0.699,0.0001
0.845,-0.628,1.132,0.0
0.768,-0.872,1.611,0.0
0.55,-0.368,0.469,0.00057
0.557,0.697,0.375,0.83782
-0.331,-0.64,-0.866,0.99586
