-0.905,-0.793,0.697,0.227,1.855,0.0
0.188,0.664,-0.29,-0.493,1.802,0.0
0.505,-0.93,0.889,0.53,2.86,0.0
0.668,0.455,-0.258,0.245,1.011,0.00338
-0.956,0.134,-0.417,-0.219,0.928,0.0
-0.632,-0.111,0.865,-0.875,0.788,0.0
0.069,-0.584,0.756,-0.317,1.546,0.0
0.081,-0.478,0.283,0.226,0.161,0.04126
-0.485,-0.798,-0.936,0.144,2.099,0.0
0.846,0.945,-0.488,-0.245,2.914,0.0
-0.125,0.948,0.435,-0.528,1.353,0.0
0.048,-0.848,-0.491,-0.187,0.205,0.0
0.542,-0.026,-0.971,-0.149,1.817,0.0
0.93,-0.841,0.04,0.286,0.36,0.36145
0.907,-0.178,-0.256,-0.28,2.5,0.0
0.525,-0.446,-0.357,-0.022,1.275,0.0
0.39,0.324,-0.687,0.721,0.928,0.0032
0.988,0.113,-0.621,-0.132,0.003,0.97738
-0.094,0.77,-0.956,-0.195,2.173,0.0
-0.91,-0.825,-0.795,0.214,0.407,0.0
0.266,0.231,0.028,-0.492,1.629,0.0
0.042,-0.671,0.199,0.414,1.733,0.0
-0.925,-0.89,-0.575,-0.002,-1.43,0.87268
-0.703,-0.916,0.319,0.663,2.554,0.0
-0.244,0.525,0.479,0.176,0.41,0.20777
-0.414,0.151,-0.407,0.244,0.193,0.0
-0.119,0.888,0.973,-0.483,1.707,0.0
-0.113,-0.522,-0.406,-0.979,-1.668,1.0
0.115,0.168,0.345,-0.479,0.318,0.00759
0.64,0.831,-0.105,0.083,2.625,0.0
-0.24,0.437,-0.102,-0.758,2.013,0.0
0.992,-0.748,0.262,0.47,0.595,0.22587
-0.098,0.51,-0.831,-0.027,0.592,0.0
0.893,0.248,-0.278,0.974,0.529,0.80231
0.96,0.013,0.739,-0.708,0.44,0.77607
-0.016,0.012,-0.615,0.426,1.852,0.0
0.791,0.692,0.268,-0.933,0.131,0.9774
0.738,0.965,0.76,-0.936,0.827,0.43872
0.255,-0.002,0.896,-0.054,1.992,0.0
0.332,-0.489,0.311,-0.75,1.448,0.0
0.79,0.678,-0.612,-0.118,2.825,0.0
0.338,-0.519,-0.691,-0.262,1.278,0.0
0.818,0.68,0.91,-0.209,1.927,0.0
-0.565,-0.462,0.292,-0.926,0.981,0.0
-0.725,0.615,-0.65,0.63,0.919,0.0
-0.134,0.818,0.411,-0.886,1.029,0.0
0.077,0.53,-0.742,0.687,0.428,0.20917
-0.232,0.903,0.579,0.649,2.167,0.0
0.3,-0.166,0.257,-0.097,1.965,0.0
0.247,0.988,0.491,0.872,2.911,0.0
0.434,0.421,-0.404,-0.16,2.613,0.0
0.977,0.225,0.921,0.132,0.904,0.39647
0.871,0.41,-0.244,0.134,1.436,0.0
-0.092,0.102,0.802,-0.78,0.009,0.54016
-0.412,-0.465,-0.616,0.957,0.838,0.0
0.314,-0.555,0.726,-0.149,2.958,0.0
-0.116,-0.915,0.037,-0.953,2.56,0.0
-0.034,0.203,-0.211,-0.568,1.145,0.0
-0.103,0.474,-0.579,0.034,2.688,0.0
0.696,-0.193,0.984,-0.592,2.373,0.0
0.353,0.495,-0.283,-0.08,2.043,0.0
-0.825,0.9,0.58,-0.606,0.479,0.07187
-0.239,-0.701,0.201,-0.222,1.614,0.0
-0.509,0.687,0.024,0.521,1.061,0.0
-0.867,-0.437,0.206,0.409,1.576,0.0
0.964,0.952,0.513,0.236,0.749,0.84169
-0.468,-0.443,0.537,0.834,2.536,0.0
-0.368,0.82,0.656,-0.394,2.486,0.0
-0.859,0.807,-0.063,-0.881,2.084,0.0
0.946,-0.05,0.438,0.564,1.733,0.0
-0.062,-0.055,0.454,0.183,0.164,0.08343
0.844,-0.223,0.443,-0.57,0.226,0.8236
0.862,-0.295,0.861,-0.642,2.575,0.0
0.268,0.113,-0.643,-0.042,0.398,0.0
-0.147,-0.52,-0.018,-0.538,-2.506,1.0
-0.035,-0.539,0.903,0.869,0.363,0.1294
0.133,-0.203,-0.48,0.532,0.922,0.0
0.805,-0.902,0.995,-0.686,1.308,0.0
-0.573,0.777,0.06,-0.549,2.747,0.0
0.395,-0.773,-0.696,-0.888,0.889,0.0
-0.959,0.467,-0.126,-0.853,0.913,0.0
0.297,0.556,-0.701,0.671,0.782,0.04854
-0.478,0.874,0.441,0.239,1.1,9e-05
0.463,-0.68,0.375,-0.538,2.144,0.0
-0.042,-0.77,-0.875,0.342,2.848,0.0
0.442,-0.427,0.293,-0.709,0.092,0.30071
-0.799,-0.675,0.338,0.685,2.013,0.0
0.906,0.868,-0.166,-0.278,0.113,0.9951
-0.869,0.97,-0.935,0.508,2.851,0.0
0.055,0.661,-0.421,-0.381,2.283,0.0
-0.404,0.057,0.569,0.21,0.832,0.0
-0.514,0.718,-0.076,0.303,2.72,0.0
0.81,0.405,0.072,-0.134,0.282,0.97992
-0.662,0.121,0.186,-0.082,0.485,0.0
-0.696,0.951,0.007,0.468,0.517,0.14837
0.631,0.168,0.089,-0.885,0.065,0.90958
-0.93,-0.704,0.342,0.063,2.643,0.0
-0.653,-0.631,0.408,0.808,1.873,0.0
-0.34,-0.505,-0.992,-0.207,-2.723,1.0
0.817,0.23,-0.177,0.828,1.085,0.03495
-0.737,-0.435,-0.807,0.198,0.238,0.0
0.498,-0.989,0.789,-0.891,0.143,0.21474
-0.753,0.584,0.959,-0.223,1.573,0.0
0.084,0.246,0.903,0.952,0.731,0.15322
-0.733,0.265,0.713,0.022,0.175,0.05719
0.775,0.001,-0.506,-0.402,1.837,0.0
-0.038,-0.271,0.713,-0.674,0.803,0.0
-0.852,0.324,0.393,-0.598,1.186,0.0
0.2,0.718,0.539,-0.508,0.381,0.52321
-0.402,-0.018,0.075,-0.591,1.62,0.0
0.252,0.034,0.072,-0.249,2.028,0.0
0.016,0.41,-0.835,0.921,0.36,0.19374
0.157,0.514,0.274,-0.357,1.097,0.0
-0.666,0.146,-0.249,0.859,0.797,0.0
0.211,-0.796,-0.448,0.86,2.23,0.0
0.169,-0.396,0.731,-0.961,2.456,0.0
-0.063,-0.996,0.179,0.063,1.852,0.0
-0.842,-0.716,0.682,-0.726,2.938,0.0
-0.922,0.273,0.454,-0.831,0.107,0.01582
0.096,-0.979,-0.887,-0.431,2.072,0.0
0.94,0.444,-0.631,0.805,2.792,0.0
0.573,-0.097,0.806,0.748,1.855,0.0
-0.256,0.838,-0.897,-0.919,1.692,0.0
-0.907,0.755,-0.595,-0.981,2.691,0.0
-0.808,0.815,0.741,-0.233,1.95,0.0
-0.84,0.259,-0.595,0.624,1.079,0.0
-0.495,0.122,-0.491,0.563,2.744,0.0
-0.402,-0.511,-0.732,0.632,1.814,0.0
-0.966,-0.455,0.003,0.969,1.225,0.0
0.069,0.289,-0.092,0.608,1.106,0.0
-0.31,-0.8,-0.66,-0.048,-0.494,0.34012
-0.884,0.295,-0.414,0.27,2.349,0.0
0.28,0.122,0.04,0.054,2.56,0.0
0.418,-0.479,-0.537,-0.314,1.085,0.0
-0.163,0.316,-0.26,0.352,0.717,0.0
-0.588,0.176,-0.576,0.398,2.37,0.0
-0.412,0.471,-0.475,-0.875,2.468,0.0
0.677,-0.542,0.522,0.915,1.368,0.00056
0.61,-0.005,-0.722,0.082,2.346,0.0
-0.497,0.698,-0.987,-0.84,2.738,0.0
-0.44,-0.206,-0.811,-0.143,-0.321,0.03403
-0.105,0.818,-0.281,-0.19,2.078,0.0
-0.562,-0.064,0.478,-0.469,2.215,0.0
-0.305,0.002,-0.153,-0.015,1.338,0.0
0.565,-0.116,0.845,0.094,2.768,0.0
-0.136,0.947,-0.376,-0.951,2.429,0.0
-0.319,-0.353,-0.004,-0.224,-1.579,1.0
-0.174,0.821,0.504,0.841,1.552,1e-05
-0.095,-0.211,0.842,0.937,2.807,0.0
-0.303,0.458,-0.062,0.435,1.082,0.0
-0.339,0.483,0.064,-0.96,0.627,0.0
-0.365,-0.833,0.129,-0.734,2.929,0.0
0.062,-0.751,-0.567,-0.28,2.875,0.0
-0.093,0.146,0.864,0.288,0.72,0.00042
-0.96,-0.336,-0.313,0.769,2.069,0.0
-0.892,0.408,0.413,-0.148,1.98,0.0
0.875,0.657,0.301,0.87,0.425,0.98958
0.599,0.926,-0.623,0.727,0.975,0.26931
0.795,0.428,-0.203,-0.125,1.008,0.00053
-0.229,-0.934,0.116,0.376,2.367,0.0
-0.191,0.566,-0.234,-0.841,0.131,0.19614
0.19,-0.498,-0.357,-0.135,2.53,0.0
-0.993,0.955,-0.829,-0.415,2.28,0.0
0.134,-0.635,0.538,0.373,1.249,0.0
0.138,0.408,0.489,-0.877,2.726,0.0
0.634,0.263,-0.137,0.41,2.717,0.0
0.013,0.581,0.853,-0.718,0.91,0.0027
0.921,-0.39,-0.784,-0.334,1.897,0.0
0.363,-0.177,0.883,-0.099,2.863,0.0
0.337,-0.12,-0.001,0.082,2.569,0.0
0.658,0.253,-0.223,0.443,1.656,0.0
0.603,-0.227,-0.423,0.405,2.964,0.0
0.922,-0.514,0.321,-0.98,1.641,0.0
-0.214,-0.981,0.671,-0.563,1.912,0.0
0.136,0.386,-0.499,-0.158,2.75,0.0
-0.884,-0.515,-0.303,0.261,2.197,0.0
-0.297,-0.8,-0.637,-0.608,-1.962,1.0
0.206,-0.102,-0.579,0.158,1.157,0.0
0.858,0.669,0.448,0.483,1.326,0.09199
0.65,0.846,-0.605,0.607,0.122,0.98528
-0.182,0.846,0.612,-0.675,2.471,0.0
-0.475,0.883,-0.108,-0.302,2.046,0.0
0.037,0.606,0.971,0.676,1.275,0.00415
0.644,0.823,0.161,0.508,0.874,0.42177
-0.785,0.768,-0.435,-0.489,2.506,0.0
0.624,0.825,0.416,0.883,0.874,0.54659
-0.222,0.408,0.435,-0.624,1.249,0.0
0.551,0.236,-0.379,0.313,2.587,0.0
-0.472,0.409,-0.465,-0.77,2.694,0.0
0.562,0.945,0.073,0.114,2.777,0.0
0.146,-0.083,-0.638,0.044,0.47,0.0
-0.562,0.853,-0.893,0.657,2.138,0.0
-0.622,-0.067,0.848,0.514,2.322,0.0
0.032,-0.358,0.287,0.89,2.379,0.0
0.177,-0.416,0.33,0.946,1.739,0.0
0.442,0.075,0.832,0.418,1.805,0.0
0.316,-0.353,0.646,0.914,1.992,0.0
0.578,-0.982,-0.143,0.47,0.155,0.32552
0.23,0.395,0.105,-0.926,2.203,0.0
-0.449,0.9,0.589,0.964,2.046,0.0
0.705,0.144,0.129,0.355,0.96,0.00143
0.917,-0.152,-0.277,0.42,2.804,0.0
0.576,0.163,0.975,0.274,1.965,0.0
-0.893,0.167,0.077,-0.629,2.45,0.0
-0.377,-0.826,0.22,0.895,0.984,0.0
-0.299,0.684,-0.199,-0.752,2.043,0.0
0.444,-0.863,-0.179,0.232,2.194,0.0
-0.584,0.076,0.319,-0.865,2.393,0.0
-0.458,0.576,0.215,0.122,2.768,0.0
0.84,-0.875,-0.634,0.375,0.238,0.28858
-0.923,-0.744,-0.038,-0.006,-0.978,0.68861
0.904,0.214,0.167,0.048,0.818,0.0961
-0.139,-0.146,0.51,0.31,2.417,0.0
-0.407,-0.356,0.605,-0.104,0.107,0.00877
0.842,-0.067,0.296,-0.047,1.323,0.0
0.725,0.83,-0.326,0.983,0.131,0.996
0.352,-0.614,-0.456,0.028,2.747,0.0
0.831,0.902,0.155,-0.368,1.323,0.05126
-0.87,-0.585,0.776,0.608,1.998,0.0
-0.811,-0.448,0.792,0.208,2.361,0.0
-0.781,0.388,0.038,-0.71,2.355,0.0
-0.83,0.258,0.056,-0.101,1.558,0.0
0.665,0.242,0.347,-0.886,2.046,0.0
0.669,0.468,0.784,-0.386,0.461,0.84803
0.663,-0.014,0.826,-0.795,2.744,0.0
0.763,0.577,-0.695,0.907,0.455,0.80174
0.252,0.93,-0.779,-0.628,2.816,0.0
0.079,-0.014,-0.506,0.418,1.674,0.0
-0.037,0.274,0.882,0.324,2.753,0.0
0.531,0.233,-0.97,-0.893,0.63,0.0
-0.998,-0.912,-0.489,0.892,1.311,0.0
-0.491,-0.563,-0.783,0.295,1.894,0.0
0.815,-0.413,-0.879,0.597,2.289,0.0
-0.893,0.352,0.352,-0.908,2.156,0.0
-0.569,-0.168,-0.893,0.259,0.372,0.0
-0.521,0.807,0.511,0.346,1.067,0.00019
0.147,0.058,0.86,0.703,1.549,0.0
0.542,-0.614,0.334,0.796,2.28,0.0
0.485,0.039,-0.586,-0.471,2.566,0.0
-0.731,-0.393,0.43,-0.337,0.452,0.0
-0.168,0.782,0.158,-0.043,2.539,0.0
0.896,-0.492,0.463,0.526,2.322,0.0
0.634,-0.847,0.475,-0.727,0.116,0.33502
0.491,0.034,-0.198,0.909,1.427,0.0
0.304,0.199,-0.8,0.986,1.9,0.0
0.914,-0.14,0.335,-0.198,2.486,0.0
0.601,-0.961,-0.069,0.668,2.902,0.0
0.726,-0.023,-0.918,-0.248,2.732,0.0
-0.783,-0.521,-0.369,0.44,2.86,0.0
0.948,0.496,0.517,-0.198,2.753,0.0
-0.635,0.914,0.483,-0.202,2.509,0.0
-0.454,0.734,0.97,0.37,1.79,0.0
-0.587,0.372,-0.341,-0.907,0.122,0.00218
0.643,0.265,-0.187,-0.366,1.573,0.0
-0.696,-0.335,-0.626,0.473,2.786,0.0
-0.888,-0.819,-0.901,0.869,1.686,0.0
0.203,-0.641,-0.364,-0.402,1.195,0.0
0.555,0.273,-0.786,-0.241,2.147,0.0
-0.728,0.139,0.038,0.94,1.576,0.0
-0.796,0.905,-0.165,-0.068,0.779,0.00011
-0.671,-0.697,-0.673,-0.175,-1.43,0.99491
0.081,0.097,0.292,0.853,0.657,0.02503
-0.774,-0.821,-0.544,-0.524,-0.143,2e-05
-0.872,-0.145,0.982,-0.738,1.103,0.0
0.071,-0.942,0.328,0.389,0.134,0.08811
-0.701,-0.184,0.97,-0.442,0.901,0.0
-0.453,-0.535,0.256,0.598,0.776,0.0
0.007,-0.349,-0.858,0.222,1.656,0.0
0.78,-0.486,-0.262,-0.963,1.278,0.0
-0.751,-0.836,0.178,0.712,1.805,0.0
-0.948,0.111,0.811,0.381,0.77,0.0
-0.238,0.592,0.98,0.969,2.159,0.0
-0.38,0.604,-0.347,0.278,1.469,0.0
-0.381,-0.279,-0.111,0.621,1.32,0.0
-0.183,0.755,-0.156,-0.758,0.987,0.0
-0.297,-0.975,-0.386,0.904,1.338,0.0
-0.103,0.295,0.022,-0.614,2.39,0.0
-0.409,0.747,-0.092,0.671,1.038,1e-05
0.287,-0.616,-0.314,-0.279,0.782,0.0
-0.95,0.899,-0.722,-0.28,0.039,0.14285
-0.058,-0.826,-0.251,-0.559,-0.25,0.13665
-0.213,0.936,-0.801,-0.641,0.865,0.0
0.994,0.354,0.514,0.716,0.407,0.99507
0.647,0.773,-0.785,0.854,0.318,0.89411
0.396,-0.311,-0.564,-0.687,2.759,0.0
0.718,0.484,0.18,0.164,0.752,0.34242
0.282,-0.388,-0.113,0.019,0.009,0.45373
-0.313,-0.594,0.805,0.634,0.214,0.04957
0.916,0.023,-0.253,-0.714,2.156,0.0
-0.248,0.305,-0.128,0.192,1.585,0.0
0.769,-0.475,-0.733,-0.587,1.064,0.0
0.014,0.706,-0.234,-0.333,2.364,0.0
-0.228,0.717,0.748,-0.951,2.325,0.0
-0.807,-0.033,0.147,-0.86,0.101,0.0
-0.773,0.677,0.736,-0.735,1.076,0.0
0.721,0.145,-0.975,0.612,2.105,0.0
-0.63,0.419,0.262,-0.072,2.081,0.0
0.144,0.928,0.858,0.051,2.411,0.0
0.787,-0.838,-0.52,0.647,2.548,0.0
-0.539,0.435,0.914,-0.551,1.513,0.0
-0.511,0.852,0.157,-0.517,1.145,0.0
-0.007,0.743,0.206,-0.108,2.185,0.0
-0.054,0.753,-0.934,-0.215,1.986,0.0
-0.843,0.55,-0.638,0.902,2.441,0.0
0.181,-0.47,0.485,-0.012,0.143,0.18263
0.821,-0.806,-0.82,-0.918,0.455,0.00108
-0.141,-0.994,0.596,0.348,2.786,0.0
-0.59,-0.914,-0.432,0.861,0.161,0.0008
-0.32,0.312,-0.027,0.47,0.577,0.0
-0.747,0.959,0.906,-0.604,0.247,0.31249
0.519,0.872,-0.151,0.209,0.818,0.3232
0.627,0.052,-0.336,0.978,0.58,0.28065
-0.89,-0.99,-0.608,0.261,0.734,0.0
-0.824,-0.117,0.652,-0.078,2.872,0.0
-0.298,-0.276,0.469,-0.328,1.689,0.0
-0.968,0.175,0.978,0.302,1.766,0.0
0.985,-0.429,0.586,-0.598,2.263,0.0
0.928,-0.026,-0.659,-0.438,1.133,0.0
0.232,0.144,-0.251,-0.871,1.177,0.0
-0.474,-0.991,0.602,0.109,2.929,0.0
0.703,0.275,0.716,-0.109,0.422,0.94073
-0.754,-0.272,0.695,0.723,2.497,0.0
0.139,-0.941,-0.946,0.115,0.003,0.01066
-0.717,0.818,0.019,-0.693,2.426,0.0
0.053,-0.404,0.259,-0.055,1.394,0.0
-0.524,0.457,0.433,-0.013,1.537,0.0
-0.356,-0.939,-0.045,0.27,1.897,0.0
0.85,-0.973,-0.54,-0.98,1.466,0.0
0.134,-0.29,-0.5,-0.635,0.44,0.0
-0.2,-0.171,0.459,0.317,2.616,0.0
-0.502,-0.281,-0.459,-0.483,-0.101,2e-05
-0.826,0.423,-0.602,0.485,0.238,0.00077
0.872,-0.232,0.834,0.895,1.133,0.04752
0.574,-0.76,0.765,0.467,1.085,0.0001
-0.803,0.882,0.57,-0.387,2.123,0.0
0.861,0.107,0.912,0.818,0.877,0.45401
-0.078,-0.612,-0.71,0.116,0.517,0.0
-0.176,0.623,-0.11,-0.484,0.975,0.0
0.627,0.261,0.321,-0.958,1.944,0.0
0.802,-0.075,-0.356,0.481,2.141,0.0
-0.116,-0.544,0.026,-0.192,0.324,0.0
0.018,-0.516,0.479,0.823,0.725,0.00128
-0.804,0.08,0.629,-0.131,0.137,0.01825
-0.338,0.385,-0.618,0.76,0.725,1e-05
-0.338,-0.502,-0.076,-0.333,-2.935,1.0
-0.521,0.961,0.538,0.615,0.895,0.06729
0.852,0.161,-0.94,0.611,1.576,0.0
-0.505,0.605,0.765,-0.454,2.251,0.0
-0.286,-0.795,-0.838,0.649,2.328,0.0
-0.909,0.04,0.075,-0.212,1.552,0.0
0.094,0.597,-0.726,0.373,2.197,0.0
0.818,-0.149,-0.444,-0.708,1.13,0.0
0.211,-0.542,0.305,-0.722,2.955,0.0
-0.981,0.729,0.885,-0.57,1.168,1e-05
-0.086,0.819,-0.031,0.141,0.714,0.10716
0.491,-0.501,0.894,-0.992,1.332,0.0
0.654,-0.876,-0.499,0.568,2.459,0.0
0.2,-0.216,0.864,-0.286,2.572,0.0
0.91,-0.827,0.43,-0.479,2.863,0.0
0.939,0.274,-0.407,-0.698,0.675,0.06496
0.122,0.892,-0.162,-0.629,2.729,0.0
-0.555,0.977,-0.981,0.08,2.135,0.0
-0.464,0.933,0.324,0.368,1.311,0.0
-0.14,-0.724,-0.172,0.676,0.238,0.00494
-0.699,0.585,-0.748,0.844,2.39,0.0
0.423,0.296,0.478,0.024,1.255,0.0
0.052,-0.235,-0.751,-0.085,0.339,0.0
0.843,-0.091,0.163,-0.755,2.816,0.0
-0.905,-0.109,0.425,0.74,1.275,0.0
0.579,-0.468,0.3,0.673,2.747,0.0
-0.263,0.254,-0.634,-0.263,1.603,0.0
-0.002,-0.209,0.173,0.308,0.904,0.0
0.719,-0.97,-0.314,0.548,0.169,0.38254
0.115,-0.495,0.569,0.117,2.45,0.0
0.648,-0.761,0.729,-0.866,0.042,0.51625
0.731,-0.414,0.788,-0.654,0.03,0.89428
-0.627,0.718,0.503,0.759,2.263,0.0
-0.663,0.767,-0.787,-0.056,0.279,0.0297
0.557,0.127,0.083,-0.555,1.439,0.0
0.535,0.627,-0.043,-0.915,2.277,0.0
-0.25,0.445,0.143,-0.778,1.475,0.0
0.623,-0.465,-0.222,0.05,0.669,0.0
-0.443,0.92,0.394,0.922,2.759,0.0
-0.025,-0.491,0.204,-0.015,2.827,0.0
-0.512,0.311,0.614,0.652,0.018,0.6889
0.182,0.622,0.512,-0.861,2.215,0.0
0.595,-0.327,-0.905,0.028,2.566,0.0
0.842,-0.174,0.7,-0.978,1.591,0.0
-0.126,0.153,-0.802,-0.563,1.377,0.0
0.398,-0.305,-0.847,0.727,1.076,0.0
-0.902,0.215,0.638,0.735,2.872,0.0
0.027,0.778,0.512,0.566,0.116,0.99161
-0.095,-0.736,-0.666,-0.314,-1.811,1.0
0.852,0.211,-0.667,0.737,2.967,0.0
-0.537,0.596,-0.779,-0.685,1.174,0.0
0.233,-0.349,0.707,-0.407,0.048,0.53574
-0.368,-0.395,0.867,0.503,2.474,0.0
0.901,0.496,-0.312,0.732,2.667,0.0
0.379,0.703,0.446,0.592,2.536,0.0
0.862,0.03,-0.386,0.656,0.027,0.99049
0.506,-0.989,0.363,-0.271,2.072,0.0
0.226,0.57,-0.951,-0.943,1.243,0.0
-0.464,0.556,-0.513,0.507,2.444,0.0
0.3,-0.002,-0.035,-0.378,2.792,0.0
-0.43,0.685,-0.551,0.978,2.845,0.0
0.397,0.807,0.931,-0.12,2.587,0.0
0.148,0.729,-0.936,-0.302,2.59,0.0
0.989,0.03,0.753,-0.011,2.393,0.0
0.643,-0.275,-0.114,-0.932,1.314,0.0
0.531,0.115,0.437,0.609,1.549,0.0
-0.745,0.248,-0.996,-0.368,1.35,0.0
-0.296,-0.602,-0.785,0.566,0.702,0.0
-0.117,-0.651,-0.012,0.725,2.269,0.0
-0.349,0.77,0.636,0.363,1.817,0.0
-0.777,-0.186,-0.096,-0.285,-0.728,0.85037
-0.993,-0.029,0.794,0.869,2.007,0.0
-0.356,0.283,0.851,0.305,1.808,0.0
-0.123,0.591,0.913,0.794,2.09,0.0
-0.092,0.709,-0.294,-0.205,2.292,0.0
-0.218,-0.824,0.81,0.13,2.833,0.0
0.111,-0.455,0.452,0.963,0.85,0.00213
-0.515,0.655,-0.34,0.827,0.969,1e-05
0.356,-0.929,0.155,-0.147,2.712,0.0
-0.372,-0.815,0.335,-0.566,2.756,0.0
0.824,0.285,-0.181,-0.942,0.449,0.31623
0.649,0.339,0.578,0.154,2.64,0.0
0.948,0.734,0.757,0.573,0.086,1.0
-0.54,-0.974,-0.899,0.66,1.017,0.0
-0.169,0.714,-0.233,-0.607,2.753,0.0
0.8,-0.295,-0.36,-0.803,2.147,0.0
-0.844,-0.594,0.398,0.822,0.511,0.0
0.329,-0.205,-0.723,0.237,1.662,0.0
-0.464,0.813,-0.844,-0.399,1.353,0.0
-0.663,-0.914,-0.287,0.943,0.821,0.0
0.94,-0.442,-0.305,0.141,2.028,0.0
0.301,-0.904,0.806,-0.676,0.99,0.0
-0.531,0.546,0.655,-0.117,2.596,0.0
0.746,-0.069,0.304,-0.801,0.33,0.42164
0.429,0.165,0.251,-0.244,0.149,0.98328
-0.944,-0.286,-0.098,0.144,1.225,0.0
-0.861,0.171,-0.799,0.152,2.429,0.0
-0.607,0.788,-0.193,0.856,2.917,0.0
-0.163,0.045,-0.29,-0.963,0.758,0.0
-0.65,-0.417,-0.322,0.495,1.861,0.0
-0.426,0.362,0.852,0.775,1.686,0.0
-0.247,0.399,0.862,0.635,1.231,0.0
0.595,-0.431,-0.772,-0.479,0.378,0.0002
0.342,-0.998,0.427,0.372,2.242,0.0
-0.434,0.673,-0.153,-0.846,1.192,0.0
0.325,0.21,-0.969,-0.38,0.657,0.0
0.196,0.449,-0.547,0.674,1.882,0.0
0.044,0.977,0.469,0.464,1.727,0.0
-0.453,0.389,-0.202,0.273,2.872,0.0
-0.283,0.064,0.491,0.728,2.524,0.0
-0.385,0.067,0.068,0.377,1.879,0.0
0.289,0.019,-0.872,0.28,0.511,0.0
-0.453,-0.896,0.132,-0.882,2.5,0.0
-0.828,-0.681,0.783,-0.598,1.831,0.0
0.188,0.862,-0.929,0.483,2.266,0.0
-0.056,-0.686,-0.312,0.337,1.906,0.0
-0.55,-0.423,0.312,0.408,2.738,0.0
-0.409,0.605,-0.795,0.266,0.119,0.20899
0.246,0.671,0.967,-0.876,0.092,0.9273
0.922,0.551,-0.554,0.863,1.51,0.00874
-0.262,-0.457,0.378,0.611,2.795,0.0
0.251,0.607,0.612,0.267,0.113,0.9999
0.654,-0.6,0.746,0.747,1.243,0.00068
0.41,0.452,0.49,0.652,1.671,0.0
-0.338,0.601,-0.677,-0.365,1.198,0.0
-0.088,0.48,0.565,-0.52,2.429,0.0
-0.11,0.01,0.723,0.737,2.185,0.0
-0.993,0.689,-0.89,-0.731,1.442,0.0
0.098,0.992,-0.566,0.76,0.877,0.18533
0.826,-0.251,-0.162,0.463,0.764,0.01454
-0.852,0.867,0.98,0.922,0.306,0.44677
0.377,-0.924,0.744,0.231,0.161,0.37906
0.774,-0.306,-0.909,-0.895,2.322,0.0
0.143,0.163,0.004,-0.649,1.757,0.0
-0.055,0.441,-0.51,0.087,0.797,0.0
-0.17,-0.233,0.324,-0.198,0.589,0.0
0.391,0.83,0.438,0.388,1.603,0.0
0.823,0.021,0.71,-0.139,0.984,0.00144
-0.669,-0.532,0.76,0.811,2.108,0.0
-0.354,0.333,-0.197,0.085,2.729,0.0
-0.218,0.252,0.341,0.3,1.608,0.0
-0.668,-0.171,-0.207,0.464,0.086,0.0
0.579,-0.883,0.705,-0.663,1.65,0.0
0.688,0.787,0.768,-0.742,0.547,0.70755
-0.477,0.84,0.793,-0.497,0.315,0.31529
0.24,0.571,0.943,0.174,2.61,0.0
-0.898,0.415,-0.036,-0.758,1.629,0.0
-0.215,0.144,-0.087,-0.576,1.053,0.0
0.887,-0.729,-0.803,-0.455,1.106,0.0
-0.219,0.461,0.074,-0.445,2.863,0.0
-0.354,-0.041,-0.711,-0.17,-0.395,0.51818
0.158,-0.393,-0.495,0.878,2.512,0.0
0.715,0.21,-0.979,0.683,0.488,0.35194
-0.05,0.342,-0.824,0.739,2.694,0.0
-0.692,-0.837,0.174,-0.748,0.398,0.0
-0.065,0.342,-0.266,-0.64,0.699,0.0
0.843,0.766,0.783,0.424,2.289,0.0
-0.706,0.668,-0.39,-0.259,2.949,0.0
0.091,0.845,-0.671,0.679,2.141,0.0
-0.529,-0.858,0.18,0.76,0.048,0.01443
0.469,-0.047,-0.5,0.312,1.757,0.0
-0.598,-0.571,-0.753,0.712,2.013,0.0
-0.195,-0.859,0.824,-0.929,1.582,0.0
-0.137,-0.366,0.023,-0.969,1.953,0.0
0.422,-0.758,-0.809,-0.916,0.199,0.00081
0.908,-0.88,0.06,-0.364,2.848,0.0
0.333,-0.885,0.332,0.415,1.977,0.0
-0.933,-0.311,0.943,0.001,2.804,0.0
0.364,0.839,-0.407,0.618,0.134,0.97644
0.682,-0.434,-0.09,-0.94,0.33,0.02641
-0.377,-0.603,0.625,-0.548,2.132,0.0
-0.313,-0.826,-0.064,-0.009,-1.201,1.0
-0.154,0.37,-0.511,0.122,2.658,0.0
-0.339,-0.074,0.299,-0.212,2.197,0.0
0.513,0.655,-0.946,-0.38,1.186,0.0
-0.511,-0.632,0.874,-0.868,2.777,0.0
0.963,-0.805,0.053,-0.507,1.183,0.0
0.042,-0.128,0.35,0.452,0.999,0.0
0.009,0.573,-0.079,0.703,1.145,7e-05
-0.716,0.705,0.497,-0.164,2.602,0.0
0.709,0.589,-0.059,0.431,2.533,0.0
0.67,0.993,-0.809,0.628,2.48,0.0
0.212,-0.341,0.084,-0.822,2.209,0.0
-0.436,-0.506,-0.207,0.76,1.457,0.0
0.682,-0.161,0.588,0.8,0.511,0.63407
0.757,0.169,-0.562,0.529,2.313,0.0
0.53,0.631,-0.729,-0.962,0.25,0.43925
0.79,-0.787,-0.771,0.409,1.971,0.0
-0.687,0.455,0.154,0.45,1.124,0.0
-0.735,0.39,-0.167,0.012,0.832,0.0
0.558,0.394,0.917,0.071,0.85,0.19226
0.226,0.982,-0.123,-0.674,0.589,0.28972
-0.097,0.122,-0.829,-0.506,0.687,0.0
0.338,-0.401,0.152,-0.514,0.172,0.0326
0.384,-0.43,0.561,-0.331,1.041,0.0
0.132,0.314,-0.791,-0.067,1.014,0.0
0.979,-0.29,0.354,-0.107,0.66,0.09387
-0.722,0.536,0.902,-0.953,0.238,0.09407
-0.264,0.417,-0.205,-0.507,0.966,0.0
-0.299,-0.488,0.313,0.311,2.117,0.0
-0.529,0.081,-0.096,-0.373,1.855,0.0
-0.046,-0.51,-0.357,-0.602,-2.851,1.0
-0.644,-0.971,-0.077,-0.417,-0.526,0.14748
0.196,0.644,0.129,0.709,0.806,0.16507
-0.969,-0.401,0.25,-0.689,1.965,0.0
-0.94,-0.556,0.983,0.005,1.953,0.0
-0.865,-0.295,0.797,0.93,0.143,0.03646
0.202,0.938,-0.446,-0.486,0.663,0.19268
-0.028,-0.92,-0.114,-0.647,-0.342,0.30038
0.39,-0.577,-0.602,-0.71,2.358,0.0
0.063,0.845,-0.298,0.972,1.067,0.04582
0.836,0.251,-0.487,-0.526,1.546,0.0
-0.056,-0.992,0.904,-0.214,2.129,0.0
-0.076,-0.291,0.263,-0.252,1.183,0.0
-0.038,0.629,-0.943,0.856,1.888,0.0
-0.345,-0.058,-0.14,0.12,2.286,0.0
-0.052,0.109,0.022,-0.612,2.557,0.0
-0.057,0.799,0.184,0.297,2.09,0.0
-0.332,-0.486,0.544,-0.379,2.515,0.0
0.567,-0.176,0.231,0.405,1.989,0.0
-0.368,-0.321,0.005,0.155,1.837,0.0
0.063,0.25,0.23,-0.155,2.289,0.0
0.416,-0.335,0.826,0.212,2.373,0.0
-0.286,-0.586,0.299,-0.311,0.919,0.0
0.891,0.171,-0.177,-0.987,0.954,0.0
0.115,-0.587,0.053,-0.687,0.009,0.02523
-0.319,0.435,0.644,-0.771,1.281,0.0
0.464,0.453,0.407,-0.215,0.491,0.46928
-0.931,0.607,0.951,0.679,1.674,0.0
0.115,0.292,0.981,-0.579,0.098,0.87572
0.169,0.88,-0.302,-0.687,1.121,0.0
0.645,-0.361,0.056,0.9,0.476,0.31386
-0.375,-0.071,-0.347,-0.766,-2.78,1.0
0.883,0.576,0.905,-0.029,1.07,0.28894
0.269,0.902,-0.107,-0.191,0.764,0.23079
-0.876,0.13,0.871,0.558,0.615,0.0004
-0.968,0.18,0.937,-0.651,2.878,0.0
0.145,0.992,0.309,-0.526,1.968,0.0
0.51,0.405,-0.035,0.025,1.603,0.0
0.02,0.058,-0.336,0.57,2.331,0.0
0.192,-0.801,0.195,0.693,0.532,0.00528
-0.774,0.565,0.174,0.965,1.498,0.0
0.234,0.901,0.652,0.885,0.428,0.89894
-0.354,0.682,-0.647,0.629,0.03,0.52086
-0.694,0.732,0.58,0.036,0.993,8e-05
0.07,-0.919,-0.682,-0.61,1.591,0.0
-0.412,0.795,-0.951,0.874,1.439,0.0
-0.769,-0.724,0.827,0.009,0.547,0.0
0.448,0.554,0.895,-0.531,0.268,0.93793
0.112,0.721,-0.809,-0.727,0.375,0.14197
-0.307,-0.391,-0.601,-0.45,-0.797,0.91772
0.193,0.078,-0.344,0.75,1.591,0.0
0.58,-0.206,-0.035,-0.896,2.958,0.0
-0.323,0.462,-0.022,0.672,2.495,0.0
-0.032,-0.899,-0.65,-0.173,-2.206,1.0
0.119,0.836,-0.723,-0.759,2.964,0.0
0.309,-0.367,-0.94,0.248,0.077,0.09396
-0.327,0.065,-0.97,0.928,0.752,0.0
-0.911,-0.394,0.142,0.501,0.945,0.0
-0.797,-0.808,0.958,0.659,0.556,0.00018
0.031,0.667,0.408,-0.847,0.178,0.53913
0.81,0.161,-0.456,-0.114,2.967,0.0
-0.785,0.901,-0.205,-0.329,0.945,0.0
0.687,-0.056,-0.259,0.151,1.261,0.0
-0.741,0.538,0.888,-0.562,2.263,0.0
0.35,0.211,0.393,-0.2,0.152,0.98744
-0.925,-0.757,-0.939,-0.5,-2.057,0.99945
0.047,-0.775,0.484,0.41,0.196,0.07079
-0.72,0.026,0.973,0.104,1.014,0.0
-0.823,-0.374,-0.15,-0.243,-1.296,0.99961
-0.033,0.262,0.08,0.061,1.861,0.0
-0.493,0.617,0.269,-0.833,0.571,0.00216
-0.189,-0.632,-0.566,0.919,2.376,0.0
0.068,-0.371,-0.526,0.013,0.553,0.0
-0.696,0.974,0.223,-0.382,1.365,0.0
-0.264,0.394,-0.106,0.152,0.767,0.0
-0.727,-0.17,0.361,0.179,2.827,0.0
-0.17,-0.525,0.974,-0.22,2.783,0.0
0.297,-0.293,-0.888,0.219,2.108,0.0
0.439,-0.901,0.804,-0.616,2.94,0.0
0.149,-0.09,0.933,0.704,2.703,0.0
-0.212,-0.2,-0.523,0.271,2.637,0.0
-0.319,-0.784,0.897,-0.212,0.36,0.001
-0.057,-0.148,0.217,-0.429,2.845,0.0
-0.183,0.82,0.824,-0.161,1.317,2e-05
-0.918,-0.177,0.707,-0.462,2.789,0.0
-0.053,0.817,-0.123,0.307,0.22,0.60078
0.052,-0.713,-0.86,0.455,1.858,0.0
0.065,-0.193,0.326,-0.597,1.704,0.0
0.713,0.539,-0.846,0.225,2.364,0.0
-0.686,-0.953,-0.735,-0.924,-0.253,0.00022
-0.439,0.736,-0.851,-0.634,1.68,0.0
-0.179,0.703,-0.253,0.964,2.747,0.0
0.691,-0.092,-0.931,-0.252,2.631,0.0
0.757,-0.512,0.163,-0.678,0.434,0.0252
0.806,0.009,0.87,0.069,1.641,0.0
0.84,-0.604,-0.565,0.926,2.929,0.0
-0.445,0.315,-0.518,-0.976,1.091,0.0
0.447,0.621,0.264,0.092,0.758,0.26205
-0.152,-0.313,0.494,0.907,1.826,0.0
-0.924,-0.583,-0.065,-0.118,-2.316,1.0
-0.05,0.816,-0.765,0.325,2.518,0.0
-0.213,-0.911,-0.262,-0.203,-1.308,0.99994
-0.958,-0.552,0.252,-0.698,1.073,0.0
-0.327,-0.864,-0.685,0.919,1.534,0.0
-0.584,-0.587,-0.554,0.972,1.145,0.0
-0.917,-0.574,0.36,-0.234,0.669,0.0
0.576,-0.974,-0.859,0.805,1.793,0.0
0.184,-0.435,0.633,0.297,0.618,3e-05
-0.25,-0.336,-0.416,-0.511,-0.074,4e-05
-0.951,0.672,-0.213,-0.79,0.413,0.00119
0.466,0.723,-0.307,0.558,2.349,0.0
0.461,-0.939,0.518,0.627,1.109,0.0
-0.819,0.585,-0.459,-0.229,1.047,0.0
-0.836,0.965,0.768,0.743,2.872,0.0
0.922,0.607,0.686,-0.549,2.066,0.0
-0.941,0.852,0.114,0.892,0.193,0.32025
0.298,0.397,-0.203,0.295,2.935,0.0
0.803,-0.583,0.542,0.542,2.685,0.0
0.797,-0.635,0.258,0.101,0.461,0.16678
-0.492,-0.316,0.992,0.196,0.88,0.0
0.992,0.304,-0.76,0.106,0.333,0.84827
-0.496,0.342,0.508,-0.717,0.767,0.0
-0.534,0.866,0.472,-0.547,1.05,3e-05
0.48,0.688,0.526,-0.674,2.801,0.0
0.121,-0.27,0.896,-0.295,2.093,0.0
-0.617,-0.826,-0.596,-0.972,-0.33,0.00207
-0.224,0.947,-0.903,-0.069,1.861,0.0
0.465,-0.663,-0.368,0.326,2.563,0.0
0.302,-0.366,-0.47,0.819,2.539,0.0
0.501,0.496,0.708,0.733,1.442,0.00341
-0.33,-0.776,-0.534,-0.174,-1.953,1.0
-0.841,-0.194,-0.248,0.625,1.959,0.0
-0.072,-0.86,0.009,-0.291,1.097,0.0
-0.504,-0.118,0.306,0.762,1.87,0.0
0.315,-0.762,0.827,0.008,2.34,0.0
-0.202,-0.934,0.703,0.303,2.512,0.0
0.398,-0.48,-0.229,0.66,1.629,0.0
0.216,-0.858,-0.795,0.323,0.161,0.00645
0.482,0.31,-0.509,0.731,0.832,0.02613
0.298,0.001,-0.2,-0.306,0.271,0.0
0.625,0.353,0.338,-0.706,1.011,0.0
-0.755,0.33,-0.174,0.7,1.629,0.0
-0.597,-0.619,0.827,0.467,0.342,0.0021
0.21,-0.383,-0.636,0.331,2.206,0.0
-0.009,-0.825,0.355,0.137,2.111,0.0
-0.911,-0.917,-0.918,0.488,0.449,0.0
0.888,-0.471,0.863,0.663,1.947,0.0
-0.168,-0.216,0.485,-0.858,1.936,0.0
0.593,-0.316,-0.659,0.558,0.526,0.02094
0.197,-0.179,-0.384,-0.019,2.822,0.0
-0.374,0.517,0.327,-0.801,2.691,0.0
0.945,-0.009,-0.076,-0.704,0.922,0.0
-0.331,-0.995,0.03,-0.731,0.978,0.0
-0.365,-0.284,-0.418,-0.577,-1.989,1.0
-0.798,0.515,-0.071,-0.581,2.943,0.0
-0.301,0.845,-0.778,-0.124,1.727,0.0
-0.563,0.106,0.63,0.377,1.189,0.0
-0.484,-0.111,0.097,-0.597,2.022,0.0
-0.48,-0.923,-0.05,0.953,0.639,0.0
-0.944,-0.397,-0.797,0.938,1.537,0.0
-0.675,-0.609,0.251,-0.662,2.441,0.0
-0.1,0.998,0.716,-0.221,1.837,0.0
-0.461,-0.352,-0.266,0.265,1.475,0.0
-0.205,0.871,0.426,-0.144,2.423,0.0
0.546,0.896,0.738,0.862,2.393,0.0
-0.425,-0.002,0.287,0.247,1.614,0.0
-0.086,0.168,-0.858,0.144,1.939,0.0
-0.502,-0.918,-0.099,-0.232,-1.716,1.0
0.172,0.654,-0.358,-0.698,2.613,0.0
-0.513,-0.442,-0.064,0.932,1.109,0.0
-0.168,0.996,-0.714,-0.153,0.782,0.00964
-0.504,0.159,0.764,0.416,0.993,0.0
0.009,-0.338,0.93,0.407,0.517,0.0078
-0.246,0.469,0.106,0.15,0.722,0.0
0.982,0.741,0.483,-0.725,2.325,0.0
0.26,0.212,0.514,0.912,1.831,0.0
0.734,-0.213,-0.789,-0.947,1.359,0.0
-0.869,-0.43,0.746,-0.106,2.147,0.0
0.27,0.566,-0.456,-0.337,0.761,0.0
-0.275,-0.037,-0.067,0.269,0.217,0.0
-0.1,0.683,-0.94,-0.896,1.388,0.0
0.827,-0.043,0.939,0.727,1.064,0.08288
-0.345,-0.828,0.433,-0.045,0.928,0.0
0.62,-0.747,0.752,0.146,0.339,0.35236
-0.497,0.633,0.812,0.006,0.556,0.0697
0.111,0.628,0.754,-0.297,0.384,0.52666
0.837,-0.918,0.995,-0.38,1.986,0.0
-0.543,-0.531,0.908,-0.163,1.18,0.0
-0.508,0.553,-0.888,-0.422,1.174,0.0
0.001,-0.767,0.227,-0.714,2.408,0.0
-0.842,-0.374,-0.591,-0.21,-1.668,1.0
-0.403,0.579,0.776,0.38,1.35,0.0
-0.591,-0.095,-0.803,-0.514,-0.663,0.59991
0.268,-0.925,-0.837,-0.578,1.727,0.0
0.388,0.11,0.161,-0.867,0.464,2e-05
-0.808,0.2,0.711,-0.101,1.995,0.0
0.634,0.481,0.962,-0.128,1.57,1e-05
-0.597,-0.608,-0.456,-0.578,-2.854,1.0
0.136,-0.409,-0.832,-0.387,2.587,0.0
-0.015,0.958,0.98,0.262,0.615,0.48645
-0.293,-0.99,-0.36,0.071,0.731,0.0
-0.751,0.954,0.947,-0.633,1.053,0.00662
-0.494,-0.435,0.452,0.346,2.899,0.0
-0.983,-0.434,-0.212,0.122,0.705,0.0
-0.053,-0.768,0.345,0.613,2.263,0.0
-0.732,-0.174,0.735,-0.467,2.04,0.0
-0.329,-0.064,0.686,0.408,0.348,0.00475
0.975,-0.705,0.936,-0.967,1.668,0.0
0.92,0.731,-0.845,0.516,2.254,0.0
0.579,0.623,-0.003,-1.0,0.815,0.04862
0.757,0.3,-0.351,0.409,1.959,0.0
0.681,0.929,-0.093,-0.421,0.149,0.98764
-0.664,0.985,0.039,0.688,1.629,0.0
0.719,-0.672,-0.356,-0.545,1.011,0.0
0.525,-0.946,0.106,-0.819,0.85,0.0
-0.565,-0.78,0.292,-0.718,1.011,0.0
-0.945,0.23,0.579,-0.641,1.055,0.0
0.678,0.668,0.765,0.231,0.309,0.99879
-0.775,-0.203,-0.221,0.325,2.795,0.0
0.269,-0.923,0.271,0.879,0.033,0.48725
0.27,-0.746,0.71,0.361,0.056,0.54265
-0.385,-0.901,-0.436,-0.119,-1.558,1.0
0.566,0.025,-0.675,0.278,2.908,0.0
-0.305,0.867,-0.335,-0.195,0.187,0.35004
0.552,0.8,-0.276,-0.25,2.176,0.0
-0.374,0.801,-0.829,0.362,1.445,0.0
0.724,0.763,0.62,-0.011,0.009,1.0
0.315,0.949,0.306,-0.129,2.12,0.0
-0.663,0.557,-0.284,-0.643,2.872,0.0
-0.979,0.657,0.072,0.467,0.458,0.01346
0.973,-0.253,0.574,-0.331,1.038,3e-05
-0.037,-0.988,-0.246,-0.318,-1.386,1.0
0.591,-0.601,0.621,0.634,1.918,0.0
0.008,0.559,-0.159,-0.873,2.182,0.0
0.552,-0.984,0.874,0.063,1.84,0.0
0.411,0.438,0.508,-0.368,2.022,0.0
0.929,-0.672,0.265,0.581,1.124,0.00127
0.502,-0.134,-0.913,-0.099,0.33,0.00031
0.293,-0.524,-0.383,0.302,1.76,0.0
0.136,0.254,-0.519,-0.826,1.745,0.0
-0.863,0.947,-0.539,-0.18,2.67,0.0
-0.726,-0.176,-0.137,-0.376,-0.354,0.05499
0.833,0.919,-0.062,0.156,1.918,0.0
0.83,0.654,0.827,0.176,0.749,0.75231
0.114,-0.839,-0.189,0.38,2.914,0.0
0.613,0.842,-0.72,0.602,1.849,0.0
-0.153,-0.267,0.518,-0.99,1.133,0.0
0.461,0.406,-0.831,0.653,1.704,0.0
-0.673,-0.93,-0.346,-0.559,-0.187,0.00022
-0.761,0.228,-0.519,0.662,2.738,0.0
0.893,0.486,-0.878,0.898,1.231,0.03354
0.045,0.001,-0.952,-0.422,0.85,0.0
0.015,-0.914,0.602,-0.348,1.323,0.0
-0.807,0.634,-0.979,-0.912,0.705,0.0
0.384,0.336,0.663,-0.935,0.889,0.00014
0.995,0.936,0.743,0.61,2.167,0.00237
0.443,0.375,-0.23,-0.386,0.178,0.75894
0.085,-0.52,0.611,0.706,1.469,0.0
0.871,0.278,0.541,0.676,0.119,0.99999
0.753,0.892,-0.996,0.331,2.084,0.0
-0.937,-0.289,0.556,0.458,1.927,0.0
0.277,0.492,-0.993,0.943,1.606,0.0
-0.077,-0.279,0.799,0.31,2.961,0.0
-0.107,0.51,0.157,0.097,0.624,1e-05
-0.532,-0.524,0.132,-0.409,1.983,0.0
0.68,0.147,0.947,-0.866,0.615,0.1998
-0.081,-0.208,-0.816,0.949,1.344,0.0
-0.815,-0.838,-0.224,-0.63,-0.051,0.0
0.636,0.222,0.67,-0.225,0.422,0.83404
0.872,0.433,-0.486,-0.058,2.878,0.0
0.407,0.539,0.826,-0.182,1.766,0.0
-0.386,0.593,0.22,0.416,1.713,0.0
0.506,0.559,0.151,-0.461,0.633,0.22838
0.175,-0.449,0.052,0.173,0.624,0.0
0.464,-0.729,0.71,-0.39,1.84,0.0
-0.873,-0.052,0.199,0.629,0.601,0.0
0.369,0.285,0.516,0.516,1.252,0.0
-0.919,-0.722,0.366,-0.864,1.424,0.0
-0.555,0.892,0.427,-0.094,2.575,0.0
-0.336,0.441,-0.935,-0.101,2.83,0.0
0.085,-0.976,0.609,-0.508,2.703,0.0
-0.483,-0.885,0.226,0.197,2.441,0.0
0.112,0.577,0.449,-0.909,1.635,0.0
-0.264,-0.091,-0.449,-0.011,-1.608,1.0
0.057,0.035,0.912,0.717,0.818,0.00739
0.126,0.755,0.264,-0.998,2.162,0.0
0.793,-0.355,0.327,-0.758,2.188,0.0
0.796,0.102,0.766,-0.555,0.508,0.59494
0.925,-0.144,-0.531,-0.662,1.876,0.0
-0.01,0.728,0.541,0.886,0.922,0.1416
-0.592,0.886,0.228,0.229,2.138,0.0
-0.74,0.15,0.446,0.406,0.25,0.00806
0.452,0.637,0.142,0.21,2.2,0.0
-0.644,-0.009,-0.674,0.437,2.42,0.0
0.57,-0.649,0.133,0.818,1.163,0.00029
0.393,0.386,0.453,-0.507,0.746,0.00349
0.791,0.806,0.414,0.491,1.255,0.206
-0.334,-0.052,0.034,-0.414,2.72,0.0
0.4,0.599,-0.585,-0.418,2.164,0.0
0.982,-0.462,-0.73,-0.966,2.801,0.0
0.671,0.816,0.877,-0.593,1.79,1e-05
0.137,-0.036,-0.176,0.781,0.473,0.02881
-0.471,0.682,0.788,0.712,0.083,0.82443
-0.203,0.609,0.792,0.72,1.463,0.0
0.634,-0.241,-0.184,-0.927,1.915,0.0
0.187,-0.36,0.426,-0.278,1.882,0.0
-0.295,0.68,-0.477,0.683,1.457,0.0
0.32,0.956,-0.402,-0.224,0.648,0.29541
0.153,-0.008,-0.937,0.741,1.971,0.0
-0.816,0.071,0.68,-0.904,2.753,0.0
0.75,-0.141,0.526,0.934,2.801,0.0
0.664,0.11,0.484,0.327,1.365,0.0
-0.848,0.076,-0.773,0.911,0.467,0.0
-0.446,-0.679,0.609,-0.418,2.613,0.0
-0.658,0.092,-0.096,-0.615,1.62,0.0
0.997,-0.087,-0.326,0.536,1.986,0.0
-0.272,-0.133,-0.432,0.317,1.388,0.0
-0.403,-0.248,-0.091,-0.313,-0.925,1.0
-0.352,-0.601,0.962,0.241,0.722,1e-05
-0.509,0.506,0.189,-0.401,2.087,0.0
-0.667,0.647,0.97,0.561,0.012,0.76958
0.386,0.09,0.383,-0.566,0.511,0.00052
0.136,0.556,0.233,-0.461,1.109,0.0
-0.391,-0.621,-0.803,0.852,1.54,0.0
-0.846,0.726,0.757,0.269,0.645,0.02879
0.547,-0.399,-0.591,-0.902,1.064,0.0
-0.242,0.71,-0.016,0.359,2.854,0.0
-0.806,-0.451,-0.819,0.797,1.454,0.0
-0.749,0.537,0.481,0.676,2.747,0.0
0.489,-0.436,-0.749,-0.161,2.584,0.0
-0.325,-0.004,-0.217,-0.201,-0.455,0.99702
0.174,-0.421,-0.594,-0.62,2.97,0.0
0.374,-0.153,0.901,-0.552,2.17,0.0
0.072,0.169,-0.773,-0.67,1.314,0.0
0.753,-0.773,-0.713,0.908,0.55,0.07183
-0.538,0.238,0.208,0.387,2.652,0.0
0.52,-0.371,0.509,0.885,1.377,0.0
-0.173,-0.321,-0.014,-0.764,-2.325,1.0
-0.34,0.535,0.314,-0.96,2.575,0.0
0.992,0.556,0.704,0.632,0.69,0.92603
-0.261,0.88,-0.839,0.645,2.813,0.0
0.893,0.524,0.361,-0.241,1.16,0.01517
0.721,0.59,0.416,-0.468,0.113,0.99964
-0.407,-0.083,-0.954,-0.551,-2.286,1.0
-0.363,0.189,-0.017,0.983,0.77,7e-05
-0.063,0.067,-0.567,-0.485,1.204,0.0
0.898,-0.978,-0.076,-0.639,0.3,0.12902
-0.456,-0.742,-0.297,0.295,2.441,0.0
0.338,0.581,-0.852,0.777,0.015,0.95813
-0.71,0.586,0.185,-0.412,1.537,0.0
-0.213,0.926,0.696,-0.339,0.217,0.60878
0.957,-0.028,-0.124,0.127,0.318,0.90228
-0.492,-0.901,0.211,-0.995,0.574,0.0
-0.934,0.148,0.179,-0.71,2.631,0.0
0.59,0.537,-0.66,-0.413,1.831,0.0
-0.949,-0.311,0.191,0.979,0.071,0.00845
0.245,-0.51,-0.873,-1.0,1.519,0.0
0.337,-0.48,0.044,0.735,1.546,0.0
-0.342,-0.385,0.805,-0.151,1.912,0.0
0.063,-0.606,-0.963,0.46,0.722,0.0
-0.511,0.999,0.454,0.969,1.516,9e-05
0.008,0.483,-0.34,0.687,2.489,0.0
-0.549,-0.476,-0.14,0.516,0.051,0.00019
-0.208,0.715,0.594,0.53,2.572,0.0
0.399,0.77,0.143,-0.133,1.808,0.0
0.464,-0.714,0.169,-0.606,2.328,0.0
-0.726,-0.897,-0.247,0.686,0.559,0.0
0.177,-0.858,-0.155,-0.062,1.469,0.0
-0.668,-0.067,-0.028,-0.28,-2.34,1.0
0.408,-0.046,0.806,-0.038,1.094,0.0
-0.568,0.373,0.551,0.521,2.738,0.0
-0.303,-0.101,0.364,-0.998,1.591,0.0
-0.477,0.588,-0.793,0.794,2.084,0.0
0.12,0.281,-0.946,0.916,2.652,0.0
0.75,-0.199,-0.003,-0.576,2.156,0.0
0.474,-0.505,0.771,-0.355,2.932,0.0
-0.626,-0.204,-0.971,-0.769,-1.168,0.95615
0.226,0.619,-0.944,0.45,1.053,5e-05
-0.671,-0.0,-0.1,0.414,2.078,0.0
0.762,0.749,-0.239,0.563,1.183,0.11081
-0.679,-0.134,-0.927,0.927,2.379,0.0
-0.558,-0.208,-0.777,-0.386,-2.031,1.0
0.456,-0.881,0.029,-0.245,0.045,0.28185
0.777,-0.33,-0.865,0.877,0.737,0.0301
-0.642,0.481,0.008,0.144,2.893,0.0
0.797,0.135,0.801,-0.95,0.354,0.78053
0.435,-0.92,0.09,0.491,0.086,0.40717
0.558,0.155,0.501,0.586,2.827,0.0
-0.467,0.744,0.521,-0.267,2.554,0.0
0.161,0.959,-0.725,0.119,2.905,0.0
0.233,0.753,0.779,-0.921,0.883,0.08288
0.197,0.233,0.099,-0.446,0.824,0.0
0.301,0.81,-0.128,0.196,2.676,0.0
0.449,0.489,0.385,0.314,1.383,0.0
0.095,-0.24,0.61,0.865,1.026,0.0
0.801,-0.351,-0.092,0.802,1.24,0.00054
-0.791,0.515,-0.751,-0.34,0.372,1e-05
0.814,0.266,0.949,0.925,2.619,0.0
0.652,0.903,-0.67,0.995,1.772,0.00397
0.574,0.581,-0.948,-0.554,1.347,0.0
-0.266,-0.514,-0.554,-0.002,-1.344,1.0
0.602,-0.993,0.817,-0.444,0.91,1e-05
-0.913,0.723,-0.535,0.546,0.193,0.07786
-0.098,-0.576,-0.645,-0.277,-1.656,1.0
-0.015,-0.632,0.616,0.798,1.606,0.0
-0.26,0.553,-0.367,0.565,0.785,2e-05
-0.417,0.352,-0.181,0.826,2.39,0.0
0.681,0.37,0.656,0.593,0.065,1.0
-0.62,0.95,-0.042,0.052,0.259,0.29731
-0.054,-0.931,-0.159,-0.759,-1.733,1.0
-0.044,0.438,0.849,-0.238,2.56,0.0
-0.098,-0.907,0.199,0.641,1.552,0.0
0.843,0.153,0.747,0.243,1.207,0.00159
-0.811,0.987,-0.466,-0.12,0.467,0.03505
0.473,0.678,0.779,-0.893,1.359,5e-05
-0.129,-0.039,0.62,-0.292,0.187,0.02809
0.696,0.368,0.292,0.918,1.064,0.11263
-0.419,-0.969,-0.461,-0.574,-0.907,0.59037
-0.524,-0.64,-0.072,0.402,1.787,0.0
0.938,0.964,-0.177,0.396,2.019,0.00033
0.641,-0.704,-0.715,-0.817,1.659,0.0
-0.039,-0.24,0.747,-0.831,0.684,0.0
-0.182,0.255,0.014,-0.762,0.172,0.00489
-0.672,-0.811,0.241,-0.764,1.817,0.0
-0.275,0.123,-0.723,0.517,1.148,0.0
-0.8,0.738,-0.498,0.698,0.954,0.0
-0.443,-0.411,-0.78,0.294,2.631,0.0
-0.893,0.511,0.82,0.008,1.71,0.0
0.745,-0.376,-0.769,0.837,2.908,0.0
-0.36,0.189,0.3,-0.2,0.794,0.0
0.29,-0.651,-0.96,0.073,1.032,0.0
0.997,-0.237,-0.254,0.858,2.269,0.0
0.284,-0.46,0.935,-0.275,0.339,0.07472
-0.523,-0.492,0.749,0.675,2.619,0.0
0.926,-0.805,-0.023,0.111,1.186,0.0
0.106,0.107,-0.403,-0.1,1.335,0.0
0.46,0.708,0.986,0.867,2.367,0.0
-0.04,-0.391,0.078,0.337,2.078,0.0
0.742,-0.357,-0.679,-0.62,1.058,0.0
0.065,0.969,-0.035,0.833,2.272,0.0
-0.745,-0.593,0.173,0.749,0.443,0.0
-0.093,0.39,0.588,0.484,1.365,0.0
-0.665,-0.863,-0.871,0.313,1.16,0.0
0.467,0.253,0.515,0.383,2.129,0.0
0.421,-0.673,0.461,-0.106,1.561,0.0
-0.817,-0.971,0.952,-0.638,2.393,0.0
-0.012,0.948,0.567,-0.896,1.157,0.00055
0.447,0.37,0.361,-0.964,2.459,0.0
0.217,0.932,-0.77,-0.91,0.401,0.26158
-0.468,0.01,0.312,-0.189,2.221,0.0
-0.036,0.839,0.861,0.717,0.089,0.99639
0.344,0.629,-0.887,0.081,1.677,0.0
0.911,-0.968,-0.981,-0.393,2.212,0.0
-0.506,-0.809,0.664,-0.562,2.584,0.0
0.366,0.035,-0.19,-0.033,1.16,0.0
-0.196,0.943,-0.976,0.092,0.437,0.19922
0.77,-0.86,-0.548,-0.418,1.168,0.0
0.682,0.357,0.037,-0.541,2.801,0.0
-0.137,-0.642,-0.839,0.716,1.347,0.0
-0.143,-0.146,0.158,-0.16,2.929,0.0
0.696,-0.896,0.894,-0.581,0.277,0.29867
-0.24,-0.003,0.013,0.377,0.235,0.0
0.638,-0.235,0.264,-0.145,0.375,0.19077
-0.407,0.965,0.886,-0.71,0.458,0.27948
-0.683,-0.182,-0.086,-0.483,-0.268,0.01911
-0.359,-0.575,0.285,0.278,0.288,0.0
0.179,-0.584,0.265,0.297,2.004,0.0
-0.463,0.222,-0.07,-0.407,2.203,0.0
-0.833,0.145,0.357,-0.939,1.311,0.0
-0.118,0.476,-0.575,0.552,1.686,0.0
0.801,0.768,-0.006,0.883,0.122,0.99969
0.721,0.84,-0.597,0.511,2.744,0.0
-0.712,0.905,-0.483,0.312,1.796,0.0
0.588,0.822,0.679,-0.665,2.572,0.0
0.657,-0.375,0.045,0.068,1.249,0.0
0.879,0.464,0.696,-0.773,1.716,0.0
0.879,-0.32,-0.776,-0.436,1.154,0.0
-0.007,0.883,-0.75,0.628,2.167,0.0
-0.563,0.387,-0.972,-0.386,1.611,0.0
-0.038,-0.522,0.813,0.291,2.973,0.0
0.21,0.838,0.559,-0.083,1.614,0.0
0.468,-0.246,-0.598,-0.839,2.212,0.0
0.761,-0.207,0.916,-0.866,0.244,0.75928
0.66,-1.0,-0.829,0.273,2.245,0.0
0.626,0.684,0.842,-0.933,1.02,0.10235
0.878,0.399,-0.657,0.844,2.786,0.0
-0.648,0.632,-0.808,0.52,0.187,0.07924
0.266,-0.162,0.59,-0.911,0.211,0.08354
0.929,-0.549,-0.883,0.015,0.357,0.1356
-0.964,0.945,0.889,-0.452,1.332,6e-05
0.164,0.534,0.346,-0.378,1.912,0.0
-0.925,0.153,0.709,0.116,1.638,0.0
-0.14,0.357,0.895,0.28,1.409,0.0
0.279,-0.15,-0.109,-0.145,0.048,0.47584
0.681,-0.164,-0.595,-0.704,1.011,0.0
-0.792,-0.192,0.534,0.299,1.582,0.0
0.275,0.708,0.945,0.077,2.72,0.0
-0.998,0.185,0.414,-0.212,0.553,0.0
-0.592,-0.557,-0.778,0.617,2.634,0.0
-0.329,0.873,0.669,-0.308,0.669,0.1371
0.988,0.188,-0.534,0.358,2.215,0.0
0.103,0.399,-0.243,-0.884,2.932,0.0
0.52,-0.476,0.896,-0.807,1.18,0.0
-0.108,0.141,0.92,0.223,2.465,0.0
-0.109,0.901,0.478,0.573,1.243,0.00316
0.016,-0.45,0.855,-0.787,1.719,0.0
-0.017,-0.924,0.314,0.114,2.432,0.0
0.928,-0.201,0.214,-0.803,0.499,0.11469
-0.815,0.698,-0.286,0.301,1.133,0.0
0.646,-0.644,0.282,0.475,2.893,0.0
-0.322,-0.497,0.994,0.906,1.329,0.0
-0.527,0.154,0.205,0.755,2.649,0.0
0.963,-0.959,0.774,-0.977,0.88,0.00056
-0.032,0.045,0.222,-0.735,0.318,0.0
-0.35,-0.466,-0.037,-0.382,-2.664,1.0
0.509,-0.54,-0.376,-0.73,1.198,0.0
-0.279,0.161,0.873,-0.444,2.304,0.0
0.709,-0.922,-0.736,0.231,0.63,0.00039
-0.284,0.578,-0.808,0.733,0.55,0.01707
-0.735,0.595,0.143,-0.833,1.142,0.0
-0.71,0.837,-0.38,0.9,0.327,0.22342
0.412,0.677,-0.651,-0.541,0.508,0.19684
0.768,-0.502,0.724,-0.349,1.683,0.0
-0.19,0.182,-0.748,-0.692,2.04,0.0
-0.863,-0.413,-0.391,0.55,0.728,0.0
0.056,-0.251,0.851,-0.36,0.749,1e-05
-0.327,0.349,0.026,-0.577,2.92,0.0
-0.831,0.511,0.897,-0.881,2.42,0.0
0.247,0.191,0.832,0.122,0.615,0.05867
-0.534,-0.58,0.837,-0.309,0.422,7e-05
-0.586,0.595,0.249,0.118,1.273,0.0
0.204,-0.529,0.672,0.235,1.21,0.0
-0.369,-0.217,0.763,-0.247,0.565,0.0
0.265,-0.708,-0.983,-0.747,1.299,0.0
-0.585,0.407,0.24,0.44,2.212,0.0
0.704,-0.411,-0.882,-0.725,1.49,0.0
0.442,-0.473,-0.17,0.14,0.993,0.0
0.652,0.825,-0.328,-0.998,0.61,0.2966
0.071,0.739,-0.413,0.546,2.92,0.0
0.879,0.275,-0.952,0.384,0.25,0.85766
-0.192,0.116,0.071,0.947,2.043,0.0
-0.227,-0.874,-0.2,0.477,0.883,0.0
-0.336,0.633,0.793,0.521,2.23,0.0
0.655,0.284,-0.302,-0.039,2.964,0.0
-0.647,0.627,-0.734,-0.383,1.002,0.0
-0.258,0.569,-0.064,-0.354,2.902,0.0
0.25,0.27,0.818,0.497,2.141,0.0
0.505,0.997,0.084,0.096,1.936,0.0
0.375,-0.25,0.676,-0.334,1.311,0.0
0.198,-0.473,-0.433,-0.476,0.589,0.0
0.59,0.762,-0.754,0.543,1.469,0.00048
0.638,-0.979,-0.078,0.109,1.831,0.0
0.033,-0.813,0.838,-0.574,2.819,0.0
-0.266,0.936,0.834,0.445,2.533,0.0
0.75,0.617,0.562,-0.497,2.661,0.0
-0.308,-0.062,0.23,-0.079,2.97,0.0
0.011,-0.085,-0.896,-0.242,2.551,0.0
-0.845,-0.134,0.076,-0.725,0.262,0.0
-0.938,0.843,-0.25,0.854,1.793,0.0
0.2,0.211,-0.235,0.742,0.696,0.01243
-0.848,-0.593,-0.794,-0.782,-2.872,1.0
0.491,-0.076,-0.82,-0.184,1.79,0.0
-0.152,0.097,0.98,-0.4,2.777,0.0
0.883,0.869,-0.267,-0.854,2.952,0.0
-0.616,-0.352,0.723,-0.663,1.802,0.0
0.916,0.638,-0.538,-0.344,0.642,0.40132
0.736,0.632,0.621,0.466,0.636,0.84512
0.497,-0.851,0.791,0.624,2.364,0.0
0.621,-0.229,-0.759,0.077,0.143,0.42754
0.448,-0.819,-0.455,-0.38,0.47,0.0
0.664,0.892,0.247,0.711,0.752,0.65928
-0.137,0.016,-0.761,0.751,2.162,0.0
0.97,-0.876,-0.672,0.438,2.322,0.0
-0.548,0.512,-0.089,0.898,1.356,0.0
-0.552,0.537,0.717,0.983,1.555,0.0
-0.754,0.317,-0.606,-0.064,1.07,0.0
0.167,-0.092,-0.222,0.479,0.553,0.0
-0.239,0.422,-0.748,-0.046,1.941,0.0
0.087,0.114,-0.111,0.667,1.754,0.0
0.734,-0.067,0.484,-0.566,1.171,0.0
-0.997,-0.2,0.4,-0.727,2.272,0.0
0.902,-0.042,-0.505,-0.968,1.924,0.0
0.869,-0.644,-0.88,-0.002,2.631,0.0
0.707,-0.959,-0.907,0.452,0.333,0.07131
-0.601,-0.347,-0.96,0.982,0.77,0.0
-0.274,0.252,0.856,-0.43,2.069,0.0
0.808,-0.383,0.013,-0.191,1.947,0.0
-0.563,-0.188,0.203,-0.119,2.518,0.0
-0.199,0.737,-0.382,-0.244,0.155,0.35073
0.13,-0.043,0.169,-0.145,2.619,0.0
-0.692,0.47,-0.808,0.627,2.31,0.0
0.077,-0.683,0.902,-0.884,1.885,0.0
-0.964,-0.155,0.785,0.425,1.157,0.0
-0.053,0.642,-0.376,0.15,1.555,0.0
-0.677,0.487,-0.208,0.801,1.124,0.0
0.158,-0.354,0.455,-0.184,1.861,0.0
-0.208,-0.084,0.6,-0.712,1.338,0.0
0.546,-0.051,-0.056,-0.839,1.487,0.0
0.927,0.391,0.024,-0.437,2.379,0.0
0.094,0.088,-0.816,-0.726,0.993,0.0
0.35,-0.669,-0.48,-0.585,2.685,0.0
0.624,0.941,-0.266,0.483,0.984,0.29842
0.682,-0.552,0.264,0.571,1.885,0.0
-0.114,-0.526,-0.385,0.984,1.894,0.0
-0.363,0.882,-0.237,-0.432,1.18,0.0
-0.558,-0.944,-0.076,-0.836,-2.236,1.0
-0.918,-0.641,-0.532,0.063,0.077,0.0
-0.357,-0.58,-0.745,0.274,2.661,0.0
0.925,-0.268,-0.885,-0.395,2.102,0.0
0.988,0.93,-0.677,-0.699,1.754,0.0
0.62,-0.396,-0.831,0.532,2.084,0.0
0.939,0.317,0.93,-0.191,1.614,0.0
-0.356,-0.586,0.996,-0.752,0.922,0.0
0.296,-0.959,0.782,0.542,2.887,0.0
-0.171,-0.976,-0.754,0.28,0.907,0.0
0.917,-0.136,-0.789,-0.837,1.124,0.0
-0.55,-0.275,-0.962,-1.0,-1.329,0.97315
0.512,-0.113,-0.964,0.723,2.162,0.0
-0.792,-0.431,-0.496,0.935,2.908,0.0
0.657,0.489,-0.339,0.826,2.203,0.0
-0.136,0.474,0.63,0.22,0.449,0.24273
0.436,0.386,0.898,-0.897,0.612,0.19073
0.885,-0.418,0.224,-0.014,0.324,0.58834
-0.102,-0.664,-0.712,0.338,0.993,0.0
-0.569,-0.244,-0.633,-0.07,-1.106,1.0
-0.073,-0.147,0.916,-0.962,0.166,0.0658
-0.704,0.643,0.007,-0.277,2.453,0.0
-0.564,0.602,-0.052,-0.737,1.719,0.0
0.269,0.853,-0.109,0.577,0.241,0.92373
-0.518,-0.263,-0.55,-0.998,-1.207,0.97722
-0.637,-0.181,-0.899,0.165,2.492,0.0
-0.455,0.472,0.415,0.045,0.806,0.0
0.29,0.779,0.072,-0.369,0.651,0.25556
0.448,0.919,0.022,0.636,1.008,0.27496
0.155,0.139,0.614,-0.722,1.817,0.0
0.094,0.913,0.342,-0.4,0.761,0.21064
0.5,0.619,0.298,0.053,2.578,0.0
0.866,-0.441,-0.056,0.116,1.826,0.0
-0.71,-0.38,-0.508,-0.204,-1.478,1.0
-0.167,-0.864,0.224,0.139,1.727,0.0
0.743,0.274,-0.301,-0.88,0.062,0.90668
-0.343,0.791,-0.82,-0.376,1.873,0.0
0.496,0.925,0.566,0.096,0.22,0.99933
0.238,-0.843,0.241,-0.135,2.717,0.0
-0.122,0.538,0.608,-0.371,1.142,0.0
-0.46,0.585,-0.674,0.942,0.479,0.03939
-0.583,0.865,0.123,-0.415,2.468,0.0
-0.438,-0.21,0.406,-0.467,1.427,0.0
-0.673,-0.117,-0.099,-0.82,-0.66,0.67107
-0.116,-0.984,-0.757,-0.242,-0.431,0.26162
-0.696,-0.069,-0.399,-0.786,-2.135,1.0
-0.248,0.975,-0.293,-0.811,1.623,0.0
-0.462,0.375,-0.494,-0.313,2.105,0.0
-0.766,-0.163,-0.054,-0.26,-1.347,1.0
-0.073,-0.639,0.763,0.725,1.668,0.0
-0.534,0.154,0.648,-0.406,0.407,0.00068
-0.247,-0.148,-0.63,0.106,1.225,0.0
-0.553,0.012,-0.976,0.936,2.89,0.0
0.639,0.789,-0.833,0.756,0.372,0.82306
-0.013,-0.023,0.308,-0.39,0.821,0.0
0.415,0.999,-0.71,0.03,1.707,0.0
-0.816,-0.615,-0.965,-0.648,-0.291,0.0003
-0.94,-0.843,-0.122,-0.425,-0.651,0.1324
-0.083,0.137,0.193,-0.304,1.522,0.0
-0.2,0.747,-0.51,0.095,2.697,0.0
-0.963,-0.698,-0.365,-0.334,-1.879,0.99976
0.026,0.307,0.952,0.263,1.775,0.0
-0.546,-0.528,0.402,-0.411,0.279,0.0
-0.533,0.331,-0.721,-0.735,2.298,0.0
-0.724,0.636,0.581,0.318,1.944,0.0
0.783,0.571,-0.297,-0.833,2.224,0.0
0.2,-0.867,0.725,0.754,0.499,0.04136
-0.738,0.488,0.501,-0.594,1.053,0.0
0.847,-0.376,0.111,-0.969,1.225,0.0
0.186,0.331,0.157,-0.88,0.042,0.68308
-0.534,0.633,0.754,0.729,0.452,0.26085
0.013,-0.638,0.642,0.561,2.658,0.0
-0.598,0.352,-0.832,0.0,1.041,0.0
-0.13,-0.092,0.72,0.734,0.969,0.0
-0.293,-0.213,-0.032,-0.077,-1.145,1.0
-0.057,0.499,-0.431,0.694,2.667,0.0
0.225,0.191,-0.023,-0.675,2.046,0.0
0.501,-0.5,-0.882,-0.871,2.521,0.0
0.173,-0.812,0.225,-0.157,0.092,0.04347
0.039,0.845,0.303,0.203,0.306,0.66712
-0.24,0.149,0.758,-0.948,1.136,0.0
0.111,-0.127,0.748,0.186,0.342,0.07886
-0.218,-0.593,-0.243,0.829,2.664,0.0
-0.23,-0.279,0.16,-0.087,1.977,0.0
-0.939,-0.117,0.835,-0.906,0.672,0.0
0.668,-0.984,0.298,-0.811,1.82,0.0
0.442,-0.96,-0.454,-0.674,1.519,0.0
0.449,-0.785,-0.211,0.242,2.364,0.0
0.754,0.636,0.724,0.683,2.816,0.0
-0.052,0.627,-0.176,-0.535,2.795,0.0
-0.636,0.942,0.618,0.203,0.764,0.058
0.829,0.724,-0.609,-0.949,2.923,0.0
0.077,0.141,-0.748,0.152,0.865,0.0
0.785,0.101,-0.755,-0.493,2.819,0.0
-0.937,-0.165,-0.985,0.898,1.974,0.0
0.965,-0.663,0.853,-0.177,2.465,0.0
-0.328,-0.047,-0.669,0.079,1.317,0.0
-0.737,-0.419,-0.316,-0.126,-1.54,1.0
-0.107,-0.426,-0.662,0.281,1.662,0.0
-0.182,0.139,0.91,-0.368,1.927,0.0
0.421,0.318,-0.245,0.281,2.084,0.0
0.46,0.731,-0.711,0.992,2.221,0.0
0.143,-0.634,-0.627,-0.862,1.617,0.0
0.36,-0.797,0.51,0.617,1.053,0.0
-0.243,-0.613,0.76,0.471,0.392,0.00195
-0.308,-0.77,0.581,-0.34,1.097,0.0
-0.283,0.864,0.637,0.203,0.725,0.18201
0.808,0.038,0.585,0.81,1.843,0.0
-0.129,0.926,0.646,0.048,1.18,0.00235
0.91,-0.042,0.945,-0.199,2.334,0.0
-0.898,0.292,0.044,-0.994,0.99,0.0
0.062,-0.77,-0.748,0.512,1.249,0.0
0.655,-0.748,-0.618,-0.885,0.074,0.11443
-0.962,0.342,-0.007,0.99,1.222,0.0
0.099,0.348,0.803,0.979,0.954,0.04753
0.467,-0.297,0.083,-0.306,1.953,0.0
0.798,-0.004,0.194,0.874,0.327,0.96413
-0.504,-0.639,-0.015,0.507,0.812,0.0
-0.964,-0.841,-0.78,-0.726,-0.645,0.02903
-0.875,-0.846,0.981,0.572,2.881,0.0
-0.735,0.438,0.937,0.054,1.383,0.0
0.898,0.967,0.849,0.372,2.694,0.0
-0.49,0.71,-0.61,-0.793,1.736,0.0
0.542,0.682,0.851,-0.637,2.771,0.0
-0.191,-0.378,-0.838,0.848,1.894,0.0
0.354,-0.338,0.663,0.128,1.522,0.0
-0.521,0.33,-0.432,-0.713,0.583,0.0
0.9,-0.869,-0.121,0.002,2.132,0.0
-0.147,0.381,-0.605,0.925,1.222,0.0
0.512,0.096,-0.469,-0.959,0.41,0.00028
0.977,0.523,0.858,-0.114,0.99,0.38714
0.995,0.77,0.26,0.967,2.007,0.00599
-0.808,-0.113,0.369,0.766,1.983,0.0
-0.194,0.337,-0.316,0.735,2.384,0.0
-0.498,0.803,0.287,0.061,2.135,0.0
0.593,0.524,-0.717,0.511,1.775,0.0
0.501,-0.091,-0.512,0.935,1.659,0.0
0.256,-0.416,0.05,0.191,1.912,0.0
-0.815,-0.7,-0.709,0.301,2.566,0.0
-0.85,-0.349,0.26,0.558,1.757,0.0
0.649,-0.116,-0.009,0.522,1.002,0.00029
0.245,0.563,0.561,0.764,2.295,0.0
0.925,-0.465,0.462,0.535,2.842,0.0
-0.425,-0.379,0.683,0.977,1.561,0.0
-0.652,-0.273,-0.838,0.749,2.943,0.0
-0.006,0.972,-0.251,-0.823,2.274,0.0
-0.556,0.563,-0.499,-0.741,2.474,0.0
-0.805,0.535,-0.043,0.583,1.377,0.0
0.164,-0.863,0.922,-0.063,1.278,0.0
-0.453,-0.178,0.984,0.349,2.164,0.0
-0.363,-0.144,-0.847,-0.655,-1.611,1.0
0.013,0.842,-0.817,-0.064,1.918,0.0
-0.582,-0.879,-0.265,-0.656,-2.679,1.0
-0.629,-0.215,0.255,-0.098,1.011,0.0
-0.218,-0.669,0.53,0.571,1.189,0.0
-0.307,0.31,0.155,-0.651,0.214,0.01046
-0.315,0.197,0.692,-0.893,2.881,0.0
-0.372,-0.77,0.189,-0.92,2.272,0.0
-0.616,0.911,0.889,0.311,2.762,0.0
0.152,0.022,-0.843,0.077,2.298,0.0
-0.075,-0.239,0.481,-0.666,1.469,0.0
0.238,-0.619,-0.529,0.599,0.85,0.0
0.769,0.372,-0.35,-0.23,2.661,0.0
0.94,0.709,0.505,-0.928,0.101,0.9965
-0.924,-0.596,-0.943,0.67,2.185,0.0
0.779,0.26,0.06,0.606,2.521,0.0
-0.828,0.535,0.377,-0.915,1.674,0.0
0.081,0.478,0.502,-0.584,1.145,0.0
0.031,0.732,0.616,0.626,2.179,0.0
0.316,0.502,-0.393,0.126,0.056,0.97169
0.244,-0.009,0.192,-0.772,1.103,0.0
-0.703,-0.167,-0.458,-0.535,-2.61,1.0
-0.347,0.101,-0.528,-0.375,0.068,0.0
-0.336,-0.156,0.467,-0.564,1.784,0.0
0.524,-0.582,-0.943,0.773,1.724,0.0
0.271,0.475,0.826,-0.351,1.867,0.0
0.893,0.896,0.648,-0.106,1.064,0.39983
0.994,0.971,0.571,-0.562,1.849,0.00049
-0.512,-0.704,-0.604,0.381,0.22,0.0
-0.789,0.35,-0.825,-0.253,2.792,0.0
0.827,0.423,-0.814,-0.762,0.812,0.0061
-0.099,-0.376,0.62,-0.742,0.158,0.00561
-0.189,-0.454,-0.892,-0.173,-2.465,1.0
0.049,-0.303,0.422,-0.147,2.545,0.0
0.029,-0.081,0.743,0.562,0.937,0.0
0.753,0.458,0.55,0.227,0.598,0.80286
0.815,-0.355,0.47,-0.19,0.116,0.93833
-0.508,-0.366,-0.57,0.601,1.151,0.0
0.626,-0.248,0.777,-0.994,0.907,2e-05
-0.995,0.915,-0.735,0.41,1.317,0.0
-0.378,-0.411,-0.518,0.772,0.455,0.0
0.732,-0.673,0.622,-0.099,1.683,0.0
-0.823,0.21,-0.4,-0.966,1.481,0.0
-0.199,-0.074,-0.849,-0.782,-0.318,0.16251
-0.281,0.222,-0.689,0.366,0.336,0.0
-0.019,-0.346,0.879,-0.378,0.116,0.13904
-0.726,-0.838,-0.403,-0.626,-2.602,1.0
0.128,-0.151,0.092,0.076,1.38,0.0
0.677,-0.548,0.0,-0.596,2.414,0.0
-0.601,0.196,0.024,-0.381,0.116,0.00086
-0.719,0.685,-0.737,0.032,1.067,0.0
-0.469,-0.322,0.877,-0.097,0.277,0.00491
0.674,0.448,-0.454,-0.502,0.009,0.98005
0.38,0.969,-0.598,0.489,1.314,0.00699
-0.685,0.429,-0.387,0.316,0.951,0.0
-0.679,0.404,0.309,0.757,2.486,0.0
0.091,0.306,0.654,-0.707,2.301,0.0
0.717,-0.464,-0.283,0.238,1.112,0.0
-0.109,-0.837,0.499,-0.524,2.492,0.0
0.168,-0.821,-0.933,0.824,0.223,0.02946
0.27,-0.695,0.782,0.659,0.657,0.01226
0.889,0.444,-0.264,0.308,0.577,0.68695
0.588,0.196,-0.582,-0.797,1.195,0.0
0.828,-0.921,-0.717,0.646,0.065,0.51305
-0.429,0.818,-0.093,-0.094,0.166,0.34995
0.095,0.392,0.233,-0.75,2.747,0.0
-0.76,-0.107,-0.765,-0.245,-2.896,1.0
0.706,0.329,0.196,-0.723,2.527,0.0
-0.305,-0.6,-0.201,-0.692,-2.215,1.0
-0.706,0.335,0.856,0.922,2.774,0.0
0.322,0.347,-0.27,0.009,0.601,0.00012
0.012,0.002,-0.003,0.261,2.777,0.0
0.286,-0.06,-0.629,0.365,1.745,0.0
-0.961,0.538,0.715,0.346,2.92,0.0
0.652,-0.129,0.687,0.883,2.527,0.0
-0.071,0.867,-0.264,-0.06,1.079,0.0
0.936,0.17,-0.703,0.447,2.114,0.0
-0.639,-0.339,0.156,-0.366,0.895,0.0
-0.58,0.686,0.089,0.831,2.185,0.0
0.105,-0.048,0.824,0.694,1.377,0.0
0.848,0.611,0.39,0.85,1.888,0.0012
-0.559,-0.616,-0.13,-0.068,-2.111,1.0
-0.662,-0.815,-0.621,0.068,1.011,0.0
-0.383,0.848,-0.698,0.484,0.942,0.0
-0.689,-0.33,-0.267,0.903,1.386,0.0
0.603,0.87,-0.874,0.85,2.78,0.0
-0.55,0.584,0.119,0.16,2.584,0.0
0.797,-0.656,0.104,0.78,2.581,0.0
-0.66,0.323,0.416,-0.644,0.604,0.0
0.532,0.92,-0.375,-0.164,1.442,0.0
-0.679,0.691,-0.545,0.693,2.153,0.0
0.663,0.291,-0.003,-0.161,2.04,0.0
-0.822,0.277,0.103,0.491,0.077,0.03818
0.32,0.38,-0.408,-0.178,1.939,0.0
-0.59,0.4,0.482,0.001,0.58,0.00052
-0.267,-0.315,0.738,0.59,1.504,0.0
0.488,-0.09,-0.076,-0.504,1.918,0.0
0.353,-0.688,0.232,0.658,1.834,0.0
-0.908,0.437,0.646,-0.458,0.675,0.00018
0.755,0.026,-0.077,-0.362,0.107,0.96791
-0.489,0.303,0.992,-0.751,2.423,0.0
-0.88,0.363,-0.557,0.344,2.899,0.0
-0.911,-0.214,-0.552,0.877,1.311,0.0
-0.865,0.301,-0.472,0.14,0.398,0.0
-0.463,-0.696,0.029,0.35,2.545,0.0
0.782,-0.215,0.973,-0.933,0.574,0.11529
-0.399,-0.818,-0.939,0.975,2.233,0.0
0.42,-0.58,-0.001,0.259,0.419,0.00426
0.565,-0.416,0.627,0.482,2.2,0.0
-0.356,0.922,0.876,-0.295,2.322,0.0
0.236,0.21,-0.665,-0.347,0.467,0.0
0.734,0.479,0.72,-0.3,2.164,0.0
0.226,-0.414,0.092,0.814,2.863,0.0
0.11,-0.703,0.23,0.909,2.667,0.0
0.402,0.944,-0.181,0.045,2.545,0.0
-0.483,0.513,0.986,0.239,0.782,0.01139
0.036,0.004,0.083,0.656,0.699,0.0
-0.87,0.366,-0.856,-0.093,0.036,0.00106
0.365,-0.352,-0.207,0.245,2.23,0.0
0.476,0.49,-0.822,-0.317,0.479,0.13012
0.511,-0.56,-0.031,0.535,2.037,0.0
-0.56,0.755,-0.828,0.611,0.241,0.18302
0.01,0.538,-0.326,0.297,1.537,0.0
0.213,0.103,0.157,-0.781,1.335,0.0
0.989,-0.102,0.912,0.79,0.916,0.34946
-0.492,-0.788,0.703,-0.583,2.866,0.0
0.337,0.291,-0.931,0.822,0.458,0.17239
-0.472,0.581,0.638,-0.522,2.123,0.0
-0.658,-0.809,-0.829,-0.903,-2.89,1.0
0.812,-0.613,-0.802,-0.165,1.754,0.0
-0.689,0.81,-0.591,0.396,0.083,0.29336
-0.352,0.336,0.086,-0.966,0.877,0.0
-0.524,0.338,0.48,0.827,0.181,0.34175
-0.955,-0.255,-0.966,-0.276,-2.331,1.0
-0.0,0.932,0.337,-0.574,1.784,0.0
0.024,-0.05,0.88,-0.86,0.931,0.0
-0.358,0.586,-0.874,-0.426,0.461,2e-05
0.129,0.388,-0.435,-0.127,2.5,0.0
0.35,0.464,0.999,-0.741,0.877,0.02569
-0.665,0.988,-0.594,-0.199,1.73,0.0
-0.699,-0.764,0.992,0.283,1.029,0.0
-0.686,0.498,0.448,-0.506,1.365,0.0
-0.883,0.551,0.842,-0.959,1.326,0.0
0.847,-0.943,-0.157,0.322,1.736,0.0
0.809,-0.053,-0.989,0.97,1.311,0.0004
-0.693,-0.032,0.894,0.417,2.266,0.0
-0.501,0.613,0.032,-0.439,1.585,0.0
-0.353,0.406,0.343,-0.276,1.959,0.0
0.004,0.581,0.032,-0.254,1.481,0.0
-0.987,-0.912,0.313,0.349,0.039,0.00111
0.249,-0.026,0.203,-0.722,2.227,0.0
0.184,0.344,0.706,-0.577,0.241,0.59926
-0.656,-0.601,0.878,0.305,1.332,0.0
0.798,0.264,0.043,-0.555,2.5,0.0
-0.877,-0.69,0.197,0.339,0.55,0.0
-0.057,0.408,-0.598,0.321,2.173,0.0
0.271,-0.233,-0.844,0.075,1.329,0.0
-0.623,-0.125,-0.335,0.699,2.518,0.0
0.951,0.749,-0.204,0.41,1.317,0.07912
-0.92,0.555,0.518,0.521,1.751,0.0
-0.541,-0.845,-0.896,-0.521,-0.776,0.34611
0.503,0.69,-0.76,-0.722,0.728,0.04651
-0.642,0.466,-0.404,0.085,1.51,0.0
0.291,0.035,-0.701,0.453,0.375,0.01755
-0.967,-0.918,0.027,0.284,2.218,0.0
-0.688,0.953,0.279,0.076,1.695,0.0
0.881,-0.788,0.8,0.91,1.484,0.00101
-0.276,-0.45,-0.204,-0.25,-0.14,0.00243
-0.528,-0.672,-0.134,-0.938,-2.527,1.0
0.478,-0.731,-0.338,-0.904,2.732,0.0
0.224,-0.062,-0.0,-0.397,0.604,0.0
0.173,0.356,-0.978,-0.68,2.111,0.0
-0.618,-0.701,0.907,0.499,2.676,0.0
0.927,0.497,0.166,-0.957,0.059,0.99117
0.343,0.545,-0.753,0.598,0.717,0.07669
-0.266,0.185,0.557,0.931,0.502,0.06482
-0.883,0.483,0.337,-0.203,2.548,0.0
0.743,0.047,-0.798,0.957,2.022,0.0
0.76,0.629,0.987,-0.489,2.242,0.0
0.677,-0.609,-0.683,0.214,2.652,0.0
0.381,0.153,-0.865,0.284,1.998,0.0
-0.049,0.751,0.392,-0.406,1.808,0.0
0.961,-0.312,0.81,-0.57,1.091,0.00018
-0.264,-0.002,0.195,-0.781,0.788,0.0
0.914,0.896,0.847,0.085,1.54,0.10014
-0.779,-0.512,-0.45,-0.861,-0.169,9e-05
-0.024,0.361,-0.433,0.242,0.149,0.33294
-0.803,-0.542,0.503,-0.128,2.717,0.0
-0.838,-0.876,-0.721,-0.948,-2.013,0.98905
0.14,-0.393,-0.83,-0.908,1.118,0.0
-0.998,0.47,-0.872,0.353,1.927,0.0
-0.477,-0.71,-0.574,0.4,0.889,0.0
0.395,0.77,-0.811,0.739,0.104,0.94452
-0.057,0.14,-0.725,-0.117,1.412,0.0
-0.438,-0.81,-0.295,0.509,1.549,0.0
-0.658,0.202,0.325,-0.806,2.789,0.0
0.803,0.201,0.904,-0.886,2.034,0.0
-0.604,0.582,0.146,0.49,1.168,0.0
0.393,0.039,0.337,-0.823,1.412,0.0
-0.731,0.159,-0.739,-0.551,1.207,0.0
-0.391,0.659,-0.835,0.704,0.003,0.48749
0.03,0.144,0.45,0.05,2.616,0.0
-0.039,0.91,0.442,0.848,2.798,0.0
0.264,0.554,-0.369,0.363,2.272,0.0
0.235,0.039,-0.585,0.208,1.041,0.0
-0.885,0.846,-0.759,-0.858,2.697,0.0
-0.937,-0.297,0.092,-0.72,2.123,0.0
0.129,-0.447,0.741,-0.226,1.421,0.0
0.69,0.396,0.165,0.759,0.883,0.23278
-0.375,0.775,0.848,-0.357,1.481,0.0
-0.025,-0.494,-0.252,0.899,0.479,0.0038
-0.364,0.905,-0.056,0.589,0.675,0.14869
0.777,0.888,0.36,-0.505,1.371,0.0177
-0.884,0.831,0.038,-0.775,0.104,0.14353
-0.699,-0.724,-0.988,-0.779,-2.09,0.99966
0.572,-0.458,0.254,0.936,0.58,0.14811
0.655,-0.294,-0.534,-0.035,1.017,0.0
0.995,0.478,0.38,0.205,2.509,0.0
0.536,-0.971,-0.679,-0.015,0.306,0.00261
-0.869,0.522,-0.083,-0.812,0.416,8e-05
0.658,0.956,-0.548,-0.893,0.803,0.20312
-0.746,-0.384,0.635,-0.181,1.721,0.0
0.446,-0.802,0.243,-0.193,1.784,0.0
-0.085,-0.716,0.511,-0.644,0.651,0.0
-0.016,-0.967,0.81,0.1,2.899,0.0
-0.598,0.705,-0.295,-0.231,0.134,0.16927
0.399,-0.874,-0.449,-0.899,0.398,0.0
0.206,0.897,-0.751,0.459,0.865,0.10325
-0.91,0.444,-0.164,0.337,1.038,0.0
0.31,-0.596,-0.281,-0.096,1.243,0.0
0.777,-0.76,0.075,0.685,0.279,0.50016
0.306,-0.071,-0.466,-0.315,1.359,0.0
0.233,0.42,0.456,0.943,2.254,0.0
-0.453,-0.155,0.692,0.268,2.848,0.0
0.701,0.651,0.909,0.127,1.603,0.00072
0.358,-0.467,-0.622,0.379,2.176,0.0
-0.428,-0.682,0.332,-0.953,0.256,0.0
0.642,0.578,0.637,0.476,0.827,0.47573
-0.011,-0.12,0.052,0.725,2.738,0.0
-0.256,-0.653,0.278,-0.003,1.415,0.0
0.462,-0.82,-0.849,0.369,1.507,0.0
-0.869,-0.16,-0.306,-0.972,-2.105,1.0
0.131,-0.04,-0.675,-0.217,1.213,0.0
-0.978,-0.739,-0.614,0.737,1.014,0.0
0.741,0.993,0.58,0.524,1.082,0.43672
-0.659,0.998,0.32,-0.298,1.751,0.0
0.614,-0.386,0.292,-0.934,1.846,0.0
0.613,0.185,0.781,0.98,0.229,0.99937
0.774,0.287,0.917,-0.076,2.715,0.0
-0.385,-0.828,-0.29,-0.38,-2.958,1.0
0.144,-0.944,0.675,-0.353,0.734,0.0
-0.758,-0.828,-0.889,-0.051,-2.685,1.0
0.546,0.889,-0.547,-0.854,2.575,0.0
-0.384,0.814,0.593,-0.99,1.296,0.0
0.989,0.964,-0.26,-0.557,1.391,0.04074
0.966,0.029,0.419,0.067,1.927,0.0
-0.023,-0.809,0.967,-0.23,1.573,0.0
-0.509,-0.832,-0.888,0.444,0.835,0.0
0.726,0.838,-0.295,-0.616,1.344,0.0
0.991,0.187,0.51,0.055,0.342,0.99422
-0.224,0.78,0.912,0.322,0.648,0.29082
-0.667,-0.045,-0.163,0.827,2.673,0.0
-0.677,0.029,-0.329,-0.543,1.032,0.0
0.091,0.724,-0.188,0.533,0.657,0.2324
-0.618,-0.926,-0.479,0.105,0.58,0.0
-0.708,0.834,-0.996,-0.327,0.003,0.17702
-0.648,0.814,0.799,-0.907,1.837,0.0
0.933,-0.35,-0.286,-0.161,2.025,0.0
-0.787,-0.694,0.544,-0.97,0.604,0.0
-0.076,0.36,-0.069,-0.655,0.604,0.0
0.751,0.867,0.231,0.583,0.898,0.50538
-0.57,0.309,0.821,-0.921,2.367,0.0
0.845,0.484,-0.444,0.443,2.114,0.0
0.432,0.149,-0.803,0.618,1.302,0.0
0.091,0.193,-0.18,-0.593,0.425,0.0
0.923,-0.882,-0.282,-0.731,1.189,0.0
0.715,0.953,0.464,-0.066,0.951,0.40124
0.883,-0.747,0.283,0.582,1.608,0.0
-0.152,0.069,-0.779,-0.757,1.353,0.0
0.125,0.451,-0.798,-0.652,1.243,0.0
-0.577,0.488,-0.764,0.243,1.507,0.0
0.434,0.813,-0.581,0.465,0.128,0.96383
-0.453,0.343,0.102,-0.669,2.185,0.0
0.241,-0.55,-0.378,0.147,1.374,0.0
-0.033,0.958,0.311,0.792,1.665,3e-05
-0.185,0.641,0.799,0.878,0.351,0.69577
0.198,0.079,0.901,-0.761,1.466,0.0
-0.27,0.641,-0.113,0.788,2.212,0.0
-1.0,-0.542,-0.206,0.374,0.202,0.0
-0.942,0.349,-0.095,-0.005,1.112,0.0
0.989,0.995,-0.986,-0.541,0.051,0.97102
-0.954,-0.24,0.278,-0.099,2.932,0.0
-0.105,-0.359,0.049,-0.448,2.492,0.0
-0.257,-0.6,-0.772,-0.358,-1.16,0.99414
-0.341,-0.807,-0.769,0.399,0.104,0.0
-0.596,-0.412,0.463,0.74,2.863,0.0
0.818,0.26,-0.747,0.098,0.58,0.18553
0.637,-0.569,0.993,0.976,1.189,0.00869
0.099,0.492,-0.61,0.38,1.516,0.0
-0.223,0.421,-0.628,0.723,0.401,0.03961
0.52,0.768,-0.557,0.686,1.484,0.00105
0.776,0.862,-0.999,0.139,2.477,0.0
0.544,0.789,-0.057,0.895,1.091,0.19399
0.359,0.115,-0.91,0.17,1.017,0.0
0.912,0.001,0.418,0.125,2.673,0.0
0.364,0.125,-0.321,-0.616,0.491,0.0
0.246,0.273,-0.155,0.519,2.495,0.0
-0.499,-0.435,-0.975,0.471,1.54,0.0
-0.376,0.875,0.2,-0.503,2.64,0.0
0.619,0.451,-0.615,0.375,0.696,0.15569
0.44,-0.052,-0.973,0.753,1.73,0.0
-0.267,-0.359,0.637,-0.379,2.367,0.0
0.477,0.847,0.312,0.004,2.729,0.0
0.166,0.347,0.365,0.052,2.512,0.0
0.33,0.299,-0.34,0.238,0.491,0.05186
0.19,-0.78,0.391,0.815,0.098,0.41748
-0.991,-0.151,-0.467,0.694,0.972,0.0
0.087,0.979,0.233,-0.075,2.224,0.0
-0.758,-0.691,0.73,-0.216,2.477,0.0
-0.412,-0.275,0.243,-0.977,1.498,0.0
-0.075,-0.599,-0.3,0.529,2.497,0.0
-0.502,0.733,0.015,0.673,0.642,0.03496
-0.449,0.886,0.783,-0.705,1.826,0.0
-0.947,-0.638,-0.093,0.244,2.031,0.0
0.655,0.243,-0.692,-0.592,0.711,0.0
0.977,-0.763,-0.569,0.389,0.827,0.00191
0.389,0.16,0.968,0.14,2.477,0.0
0.391,0.384,-0.391,-0.055,2.37,0.0
0.959,0.422,0.026,-0.172,2.789,0.0
0.666,0.654,-0.748,0.039,0.687,0.2441
0.715,0.528,0.273,-0.728,2.037,0.0
-0.017,-0.967,0.135,-0.931,0.279,0.0
0.075,0.413,0.388,-0.065,1.246,0.0
0.258,-0.11,0.367,-0.916,1.127,0.0
-0.464,0.905,0.51,0.237,1.085,0.00119
-0.043,-0.776,0.375,-0.826,2.584,0.0
0.968,-0.046,-0.49,0.151,1.16,0.0
0.761,0.635,0.045,0.175,1.026,0.14106
0.433,-0.933,0.666,-0.638,2.795,0.0
-0.834,0.004,-0.814,-0.163,0.268,0.0
0.222,0.29,-0.903,0.902,0.407,0.17975
0.179,0.758,-0.064,0.841,1.344,0.00284
-0.831,-0.427,-0.643,-0.683,-2.04,1.0
-0.425,-0.024,-0.518,-0.905,-0.199,0.00431
0.899,-0.491,-0.745,-0.009,1.626,0.0
-0.581,0.681,-0.783,-0.097,1.481,0.0
0.141,0.736,-0.636,-0.379,2.747,0.0
-0.732,-0.208,0.191,0.86,2.717,0.0
0.475,-0.891,0.414,-0.834,2.153,0.0
-0.81,-0.945,-0.189,0.298,2.384,0.0
0.917,-0.305,-0.038,0.949,1.284,0.00317
-0.276,-0.614,0.171,0.746,0.152,0.02364
0.961,0.786,0.039,-0.548,1.002,0.23486
0.888,0.556,0.89,0.191,2.319,0.0
-0.459,-0.759,0.835,0.223,1.564,0.0
0.155,-0.863,-0.577,0.861,1.106,0.0
-0.897,0.823,0.038,0.545,0.978,0.0
0.148,0.652,0.234,0.181,2.533,0.0
-0.228,0.529,0.315,0.282,1.879,0.0
-0.661,0.82,0.125,0.695,2.489,0.0
0.103,-0.969,0.644,-0.166,0.241,0.00767
-0.568,-0.877,-0.696,-0.856,-1.484,0.9114
-0.959,-0.235,0.162,-0.499,0.752,0.0
0.87,0.223,-0.023,0.326,2.676,0.0
-0.843,0.645,-0.631,0.09,0.954,0.0
-0.465,-0.896,-0.603,-0.444,-2.108,1.0
-0.751,-0.21,0.171,-0.473,1.683,0.0
0.558,-0.975,-0.333,-0.091,2.706,0.0
-0.111,0.547,0.584,0.806,1.826,0.0
0.554,-0.212,0.078,-0.083,1.834,0.0
-0.057,-0.863,-0.673,0.901,1.701,0.0
-0.647,-0.526,0.738,0.065,2.034,0.0
-0.893,-0.615,-0.585,-0.831,-0.238,0.00021
0.567,0.988,-0.835,-0.184,1.115,0.04024
0.51,-0.884,-0.147,-0.041,1.903,0.0
0.41,0.754,-0.373,-0.77,0.544,0.22693
0.09,0.42,0.661,0.905,1.808,0.0
0.076,0.607,-0.424,-0.391,2.596,0.0
0.556,0.218,-0.84,-0.946,1.837,0.0
-0.804,-0.605,0.634,-0.394,0.666,0.0
0.086,0.71,0.364,0.69,2.765,0.0
0.527,0.369,-0.767,-0.766,2.182,0.0
0.296,0.11,0.742,0.762,0.036,1.0
-0.659,0.202,-0.324,0.057,0.452,0.0
0.37,-0.573,0.48,-0.161,2.361,0.0
0.124,-0.294,0.005,0.863,0.645,0.00373
-0.069,-0.355,0.035,0.467,0.247,0.00337
0.273,0.784,-0.051,0.904,2.744,0.0
0.669,0.822,-0.314,0.258,1.168,0.06347
0.44,0.82,-0.849,0.313,0.196,0.8431
0.896,0.035,0.228,0.548,2.86,0.0
0.884,0.92,-0.241,0.199,2.625,0.0
-0.092,0.872,0.076,-0.949,1.216,0.0
0.705,-0.716,-0.422,0.675,1.02,0.00043
-0.423,0.554,-0.874,0.148,0.934,0.0
-0.066,0.634,0.708,0.275,2.031,0.0
-0.777,-0.17,0.29,0.681,2.408,0.0
0.484,-0.452,-0.204,0.629,0.832,0.00047
-0.171,-0.887,0.125,0.728,2.703,0.0
-0.822,0.045,-0.645,-0.633,0.919,0.0
0.106,0.053,-0.227,0.123,2.45,0.0
-0.146,-0.544,0.028,0.075,1.4,0.0
0.557,0.761,-0.466,-0.799,2.197,0.0
-0.21,-0.027,-0.67,0.261,0.821,0.0
0.151,0.089,-0.696,0.965,0.282,0.2205
-0.555,0.739,0.852,-0.317,2.548,0.0
0.574,0.556,0.15,-0.112,1.992,0.0
0.96,-0.7,0.549,-0.768,0.502,0.11266
-0.16,0.433,-0.855,-0.587,1.95,0.0
0.286,0.933,-0.116,0.565,2.729,0.0
0.914,0.36,0.209,0.777,0.318,0.99457
0.954,-0.291,0.382,0.381,1.284,0.00015
0.694,-0.214,0.01,-0.23,1.082,0.0
0.199,-0.376,-0.941,-0.323,0.589,0.0
0.347,0.349,-0.881,-0.496,1.466,0.0
0.522,0.966,0.385,-0.674,0.161,0.97111
-0.796,-0.987,-0.054,0.066,2.396,0.0
0.985,-0.87,-0.143,-0.358,1.472,0.0
0.674,-0.752,-0.145,0.494,2.851,0.0
-0.335,0.423,-0.354,-0.706,1.204,0.0
-0.744,0.331,-0.464,0.589,0.966,0.0
0.579,-0.1,-0.927,-0.746,2.521,0.0
0.973,0.612,0.103,-0.993,1.168,0.01311
-0.562,-0.385,0.931,0.668,0.488,0.0014
-0.314,-0.772,-0.83,0.843,0.737,0.0
-0.116,0.895,-0.559,-0.18,1.861,0.0
0.538,-0.551,-0.736,-0.405,1.659,0.0
-0.789,0.39,0.292,-0.492,0.045,0.05442
0.908,-0.86,-0.201,0.932,2.438,0.0
-0.341,0.97,-0.082,-0.697,1.543,0.0
-0.96,-0.013,0.563,-0.197,0.88,0.0
-0.162,0.03,0.338,0.929,2.471,0.0
-0.519,-0.589,0.073,-0.283,1.394,0.0
-0.233,-0.508,-0.057,-0.97,-1.204,0.9939
0.746,-0.689,0.795,-0.93,2.248,0.0
0.733,0.371,0.714,-0.119,1.305,8e-05
0.701,-0.176,0.432,-0.497,2.471,0.0
0.223,0.121,0.419,-0.985,0.158,0.34049
-0.9,0.738,-0.553,0.808,2.376,0.0
-0.396,0.029,-0.343,-0.074,0.431,0.0
-0.594,0.133,-0.726,-0.103,2.459,0.0
0.892,-0.989,-0.715,0.053,2.099,0.0
-0.061,0.378,-0.099,-0.085,1.742,0.0
-0.535,0.269,0.892,-0.716,0.589,0.00131
0.905,-0.791,-0.201,0.452,1.626,0.0
0.609,-0.894,-0.689,0.713,0.696,0.0032
0.797,-0.353,-0.762,-0.921,1.386,0.0
-0.451,-0.995,-0.014,0.817,2.384,0.0
0.815,-0.251,-0.86,-0.115,0.746,0.0
-0.516,-0.238,-0.237,-0.774,-1.448,1.0
-0.697,-0.225,-0.964,0.73,0.024,0.00043
0.647,0.835,0.275,-0.284,1.121,0.1108
0.287,0.59,0.941,0.729,0.449,0.89265
-0.347,0.965,0.106,0.421,0.595,0.25985
0.447,-0.883,-0.638,0.359,0.089,0.18295
-0.427,-0.999,-0.805,-0.024,-2.373,1.0
-0.102,0.143,0.09,-0.429,0.253,0.0
0.38,-0.777,-0.283,-0.46,0.767,0.0
-0.313,0.257,0.212,-0.97,2.946,0.0
-0.842,0.527,0.28,0.888,1.626,0.0
-0.493,0.006,0.033,-0.146,0.461,0.0
0.77,-0.467,0.974,-0.666,1.522,0.0
-0.94,-0.547,0.964,0.001,0.166,0.0072
0.241,0.493,0.371,0.813,0.821,0.13729
0.591,-0.861,0.311,-0.848,0.824,0.0
0.474,-0.016,-0.308,0.3,2.694,0.0
-0.554,0.844,0.614,-0.051,1.793,0.0
0.942,-0.127,-0.305,-0.821,2.5,0.0
0.206,-0.998,-0.767,0.752,0.422,0.00351
0.451,-0.013,0.245,0.025,2.75,0.0
0.38,0.616,-0.109,-0.148,0.012,0.99817
0.46,-0.288,0.381,-0.054,1.299,0.0
0.129,-0.588,-0.366,0.719,0.574,0.00064
0.906,0.629,-0.549,0.097,2.581,0.0
-0.695,0.082,-0.378,0.543,1.924,0.0
-0.548,-0.132,0.558,0.476,2.839,0.0
0.397,-0.971,0.225,0.345,2.114,0.0
0.193,-0.256,0.298,-0.643,0.44,0.0
-0.783,-0.029,-0.904,0.539,0.538,0.0
-0.012,0.804,-0.404,0.73,0.83,0.0683
0.379,0.22,0.431,0.171,2.456,0.0
-0.822,-0.204,-0.598,-0.561,-1.103,0.95619
0.038,0.578,0.123,-0.606,0.354,0.22949
0.758,-0.28,-0.278,0.076,0.113,0.8396
-0.644,-0.519,-0.075,0.623,1.16,0.0
-0.786,0.065,0.958,-0.881,0.678,0.0
-0.781,-0.316,0.272,0.616,1.442,0.0
-0.309,0.808,0.037,0.459,2.117,0.0
0.032,-0.088,-0.603,0.847,2.266,0.0
-0.859,-0.206,0.056,-0.788,1.6,0.0
0.829,0.938,-0.325,0.963,0.782,0.65708
-0.87,-0.984,-0.715,-0.926,-1.531,0.75135
0.08,-0.3,0.74,-0.865,2.185,0.0
-0.328,-0.922,0.48,-0.086,2.138,0.0
0.703,0.748,0.458,-0.449,2.551,0.0
-0.638,-0.567,0.671,-0.249,2.712,0.0
0.149,0.137,-0.169,0.42,2.717,0.0
-0.759,0.659,-0.377,-0.109,0.021,0.15972
0.911,-0.059,-0.471,-0.834,1.516,0.0
-0.154,-0.78,0.588,-0.825,2.697,0.0
0.588,-0.39,0.58,0.336,1.112,0.0
-0.401,0.37,0.942,-0.904,2.176,0.0
-0.394,0.129,-0.788,-0.663,0.636,0.0
-0.767,0.981,-0.855,0.424,0.538,0.02065
-0.785,0.476,0.838,-0.825,0.913,1e-05
-0.914,-0.775,0.355,-0.323,1.885,0.0
-0.621,0.608,0.048,0.184,2.643,0.0
0.187,-0.446,-0.666,0.051,1.478,0.0
0.869,0.725,0.792,0.509,2.667,0.0
0.002,0.432,0.022,-0.586,2.762,0.0
0.857,-0.183,0.4,0.176,1.683,0.0
0.959,-0.388,-0.484,0.93,2.86,0.0
0.213,-0.521,-0.63,-0.383,2.307,0.0
0.328,0.664,-0.779,0.976,2.691,0.0
0.859,0.276,-0.511,0.409,1.275,0.00023
-0.89,-0.69,-0.919,-0.515,-2.411,1.0
-0.191,0.207,0.768,0.668,2.637,0.0
-0.254,0.921,0.1,0.301,2.753,0.0
-0.432,-0.794,0.714,0.833,2.093,0.0
-0.778,-0.56,0.277,-0.419,1.457,0.0
-0.431,-0.319,0.731,0.738,0.77,0.0
0.72,0.706,-0.739,0.355,2.616,0.0
-0.187,-0.896,-0.629,-0.308,-0.125,0.00047
0.219,-0.738,-0.932,-0.494,1.287,0.0
0.57,-0.912,0.284,0.049,2.23,0.0
0.668,0.893,0.402,-0.182,2.807,0.0
0.236,-0.298,-0.813,-0.836,1.906,0.0
0.774,0.849,-0.927,0.829,1.421,0.03098
-0.047,-0.723,-0.003,0.445,2.929,0.0
0.906,0.18,0.291,0.128,1.403,0.0
0.262,-0.388,-0.029,-0.954,1.136,0.0
-0.846,-0.41,-0.036,-0.434,-2.819,1.0
-0.643,-0.282,-0.311,0.065,1.267,0.0
-0.909,-0.819,0.86,-0.139,1.653,0.0
0.167,-0.144,0.183,0.195,1.721,0.0
0.315,-0.631,-0.053,0.812,1.751,0.0
-0.845,0.568,0.773,-0.594,0.22,0.08708
-0.992,0.502,0.446,0.73,2.634,0.0
0.557,-0.736,0.414,-0.225,1.094,0.0
-0.394,0.858,0.968,0.036,2.307,0.0
0.021,0.526,0.886,0.077,1.383,0.0
0.673,-0.437,-0.723,0.168,1.478,0.0
0.908,0.502,0.163,-0.321,0.898,0.17576
0.213,-0.224,-0.85,-0.915,2.191,0.0
-0.266,-0.245,-0.4,0.559,2.964,0.0
0.01,-0.593,-0.226,0.256,1.273,0.0
0.369,-0.857,-0.831,-0.361,1.243,0.0
0.352,0.476,0.47,0.558,2.786,0.0
-0.159,-0.199,-0.536,-0.677,-2.646,1.0
-0.646,-0.448,-0.367,0.717,1.519,0.0
0.929,0.963,0.239,0.151,2.774,0.0
-0.67,-0.951,0.485,-0.938,0.708,0.0
-0.199,-0.217,0.776,-0.657,1.281,0.0
0.444,0.457,0.074,-0.319,2.557,0.0
0.953,-0.281,-0.79,-0.133,1.148,0.0
-0.933,0.352,0.342,-0.909,1.647,0.0
0.856,-0.761,0.465,0.742,2.283,0.0
0.679,0.935,0.177,-0.19,1.998,0.0
0.558,-0.408,0.807,0.245,1.091,0.0
-0.698,-0.186,0.35,-0.535,0.758,0.0
-0.328,0.642,0.255,-0.21,0.755,0.0
-0.28,0.594,-0.401,-0.397,1.754,0.0
0.562,0.111,0.118,-0.155,2.075,0.0
-0.234,-0.85,0.687,0.302,0.14,0.02622
-0.157,0.162,-0.453,0.297,1.46,0.0
-0.051,-0.918,-0.25,0.943,2.917,0.0
-0.83,0.669,-0.726,-0.84,0.092,0.02021
0.216,0.805,0.569,0.937,1.623,0.00279
-0.397,0.596,0.17,0.599,0.193,0.44012
-0.235,0.28,0.19,-0.484,2.054,0.0
-0.118,-0.808,0.547,0.42,1.671,0.0
-0.85,0.583,0.967,0.953,2.646,0.0
0.175,0.149,-0.397,-0.702,0.541,0.0
0.574,-0.514,0.587,0.363,1.576,0.0
0.479,-0.528,0.696,-0.816,2.875,0.0
0.453,-0.376,0.317,-0.592,1.507,0.0
-0.231,0.61,0.176,0.204,2.37,0.0
-0.824,-0.259,0.865,0.275,0.021,0.03868
0.74,0.543,0.98,0.466,0.321,0.99924
0.923,-0.02,0.083,-0.983,0.517,0.11798
0.956,-0.358,-0.721,0.956,1.546,8e-05
0.339,-0.407,0.17,-0.072,2.075,0.0
-0.283,-0.745,-0.39,0.749,0.033,0.02204
-0.127,0.986,-0.862,0.667,1.442,0.0
-0.246,0.017,0.767,-0.447,0.621,0.0
-0.743,0.032,0.937,-0.127,2.147,0.0
0.762,-0.701,-0.327,0.051,2.851,0.0
-0.645,0.281,0.503,0.515,2.316,0.0
-0.289,0.546,0.99,0.891,1.537,0.0
-0.553,-0.583,0.85,0.773,0.202,0.03138
-0.951,-0.88,-0.604,0.798,1.989,0.0
-0.646,0.847,0.863,-0.796,0.416,0.1567
-0.812,0.702,-0.369,0.135,0.449,0.0021
-0.03,0.936,-0.318,0.487,1.695,0.0
0.823,0.583,0.558,0.944,0.137,0.99999
0.285,0.521,-0.367,0.536,2.503,0.0
0.485,0.208,-0.866,0.445,0.309,0.38523
-0.631,0.199,0.019,0.641,0.11,0.04148
-0.806,0.978,-0.746,-0.785,2.191,0.0
0.918,0.952,0.157,0.25,1.302,0.22971
-0.064,0.644,-0.182,-0.883,2.676,0.0
0.469,-0.492,-0.521,-0.486,0.098,0.07294
0.4,0.359,0.709,0.837,2.358,0.0
0.255,-0.047,-0.076,0.805,0.327,0.26803
-0.949,-0.332,-0.507,0.354,1.947,0.0
0.145,-0.038,-0.245,0.734,1.255,0.0
0.211,0.115,0.075,-0.225,0.464,0.0
0.387,-0.802,0.361,-0.123,2.557,0.0
0.172,0.04,-0.904,0.629,1.668,0.0
0.007,0.084,-0.325,-0.361,1.186,0.0
0.044,-0.49,0.78,-0.676,1.739,0.0
-0.155,0.585,-0.849,-0.18,1.46,0.0
0.099,-0.28,-0.514,0.993,2.575,0.0
-0.641,0.555,-0.643,0.967,0.143,0.19125
0.784,0.988,0.429,0.861,2.057,0.00473
-0.112,0.579,0.729,-0.858,1.484,0.0
-0.291,-0.891,-0.783,-0.287,-0.758,0.54994
-0.086,-0.568,-0.211,-0.318,-1.094,1.0
-0.874,-0.021,-0.49,-0.727,-0.749,0.56212
-0.472,-0.174,0.957,-0.21,2.164,0.0
-0.488,0.971,-0.955,0.988,2.45,0.0
-0.663,0.958,-0.509,-0.386,0.184,0.19879
0.174,0.562,-0.109,-0.553,2.902,0.0
-0.623,-0.938,0.176,0.114,1.513,0.0
-0.249,-0.18,0.24,0.252,0.547,0.0
0.397,0.517,0.373,-0.207,1.409,0.0
-0.079,0.76,0.748,-0.922,2.313,0.0
-0.917,-0.875,-0.762,0.626,0.803,0.0
-0.042,0.994,-0.778,0.104,1.32,0.0
0.064,0.421,-0.008,-0.104,2.649,0.0
-0.631,0.415,0.658,0.341,2.658,0.0
0.768,-0.34,0.954,0.968,2.102,0.0
0.303,-0.134,0.353,-0.809,2.456,0.0
-0.073,-0.776,0.185,0.05,1.573,0.0
0.98,0.259,-0.639,0.298,1.427,0.0
0.622,-0.28,-0.06,0.52,0.972,0.00018
-0.313,0.188,-0.235,0.458,2.408,0.0
-0.019,0.991,-0.273,0.212,1.989,0.0
-0.509,-0.38,-0.379,0.509,1.415,0.0
-0.114,0.743,-0.451,-0.82,0.363,0.12037
0.494,0.513,-0.224,-0.163,0.767,0.01199
0.547,-0.34,0.069,-0.119,0.274,0.16121
-0.236,-0.491,-0.094,-0.038,-2.771,1.0
-0.736,0.767,-0.912,0.873,2.605,0.0
-0.338,0.936,0.102,0.192,0.407,0.33512
-0.393,-0.104,-0.552,0.528,1.085,0.0
-0.435,-0.661,0.444,0.372,0.051,0.01337
0.759,-0.661,-0.76,0.851,0.803,0.0087
-0.582,-0.588,0.658,-0.46,0.841,0.0
-0.401,0.984,-0.804,-0.076,0.565,0.04799
0.772,0.541,0.462,-0.69,1.32,0.0
-0.568,-0.677,-0.354,0.006,1.769,0.0
0.566,-0.921,-0.044,0.32,0.476,0.0125
-0.733,-0.495,-0.904,0.586,2.703,0.0
0.024,-0.161,-0.195,0.035,1.947,0.0
0.31,0.219,-0.27,-0.92,0.892,0.0
0.127,-0.936,-0.025,0.873,2.619,0.0
0.898,0.798,-0.278,-0.418,2.744,0.0
0.247,0.915,0.713,-0.331,0.993,0.17081
-0.815,-0.805,-0.053,0.256,0.94,0.0
0.749,0.97,0.646,0.853,1.516,0.1769
0.833,-0.899,-0.638,-0.961,1.466,0.0
-0.733,-0.314,-0.667,0.262,1.635,0.0
0.428,-0.191,-0.146,0.196,2.26,0.0
-0.325,0.717,0.653,0.93,0.52,0.38353
0.927,0.273,-0.213,-0.343,2.646,0.0
-0.407,0.21,0.353,0.611,1.299,0.0
-0.309,0.404,0.485,-0.035,1.79,0.0
-0.659,0.246,0.813,0.592,1.632,0.0
0.69,0.901,-0.015,0.896,2.81,0.0
-0.508,0.622,-0.112,-0.733,1.513,0.0
0.509,-0.133,-0.344,0.733,1.656,0.0
-0.245,0.382,0.261,0.848,1.041,0.0
-0.783,-0.728,-0.547,0.867,2.634,0.0
-0.399,-0.754,0.296,-0.019,0.381,0.0
0.664,0.993,-0.072,0.818,1.278,0.21242
-0.151,-0.206,0.849,-0.518,1.617,0.0
0.741,-0.229,-0.464,0.784,1.299,2e-05
-0.786,0.84,0.224,-0.691,0.648,0.00645
-0.36,-0.217,0.683,-0.771,2.435,0.0
0.064,0.515,-0.802,-0.106,0.217,0.22796
0.219,-0.468,-0.102,-0.85,1.564,0.0
-0.964,-0.418,-0.051,-0.646,-2.533,1.0
0.106,-0.509,-0.532,-0.688,2.283,0.0
-0.376,-0.959,0.879,0.59,1.763,0.0
-0.673,-0.482,-0.386,0.466,0.913,0.0
0.606,-0.176,-0.401,0.294,1.941,0.0
-0.611,-0.905,-0.859,0.306,0.08,0.0
-0.672,-0.729,0.351,0.906,0.868,0.0
0.666,0.571,0.861,-0.55,1.579,0.0
-0.778,0.569,0.871,-0.816,0.785,0.00168
0.48,0.823,-0.425,-0.702,1.754,0.0
0.857,0.45,-0.421,-0.966,1.386,0.0
-0.786,-0.281,0.894,-0.63,0.758,0.0
-0.927,0.168,-0.256,-0.145,2.209,0.0
0.309,-0.444,-0.661,-0.671,1.115,0.0
-0.391,-0.342,-0.306,0.112,0.122,0.0
0.598,-0.816,0.971,-0.627,0.556,0.01444
0.483,0.7,-0.572,0.658,0.85,0.17941
0.265,-0.434,0.97,0.363,2.551,0.0
0.513,0.227,0.495,-0.91,1.501,0.0
0.139,0.953,0.659,0.059,0.544,0.52804
0.693,-0.151,-0.444,0.043,0.265,0.4416
0.403,0.155,0.974,0.994,0.297,0.99088
0.746,0.353,-0.757,-0.614,0.098,0.83918
-0.222,0.598,-0.273,0.225,0.502,0.00834
0.342,0.819,-0.551,0.317,2.379,0.0
-0.279,0.607,0.025,-0.274,0.095,0.38525
-0.046,-0.851,0.255,0.616,1.528,0.0
0.365,-0.63,-0.705,-0.632,0.752,0.0
-0.643,-0.469,-0.468,0.989,2.322,0.0
0.646,-0.857,-0.628,-0.185,0.015,0.30986
-0.991,-0.452,-0.728,0.124,1.427,0.0
0.521,0.677,-0.303,0.459,1.573,0.0
-0.576,-0.049,0.671,0.201,0.464,1e-05
-0.953,0.981,-0.877,0.934,1.626,0.0
-0.068,-0.324,0.867,0.961,1.133,0.0
-0.067,-0.402,0.799,0.441,1.168,0.0
-0.445,-0.881,-0.818,0.537,0.993,0.0
-0.325,-0.826,-0.539,0.82,0.056,0.01253
0.904,0.213,0.736,-0.387,1.115,0.00239
0.201,0.295,-0.884,0.99,2.673,0.0
-0.577,0.554,0.991,-0.476,2.102,0.0
-0.302,-0.99,-0.583,0.637,1.133,0.0
-0.554,-0.515,-0.589,-0.323,-2.39,1.0
-0.768,-0.531,-0.047,0.482,1.733,0.0
-0.186,-0.9,-0.241,-0.645,-2.081,1.0
-0.239,0.37,0.711,-0.665,1.264,0.0
0.055,-0.579,-0.112,0.509,0.699,0.0
-0.218,-0.372,-0.713,-0.104,-1.68,1.0
-0.175,0.431,-0.934,0.182,2.227,0.0
-0.852,0.845,0.582,-0.565,0.583,0.02855
0.688,-0.696,-0.894,-0.562,2.007,0.0
0.896,-0.665,0.408,0.499,1.472,0.0
0.382,-0.711,0.669,-0.776,0.601,3e-05
-0.261,0.558,-0.393,0.533,1.383,0.0
0.2,-0.676,0.517,0.552,1.121,0.0
-0.924,0.523,0.836,0.307,2.869,0.0
-0.398,-0.91,-0.617,-0.471,-0.315,0.00994
0.837,0.311,0.624,-0.354,0.271,0.99631
0.003,0.837,-0.773,-0.292,0.883,0.0
-0.71,0.794,0.965,0.635,1.909,0.0
-0.511,0.514,0.989,0.069,0.749,0.01157
0.162,0.288,-0.299,-0.923,2.051,0.0
0.983,0.656,0.52,-0.258,1.787,0.0
0.599,-0.256,0.198,0.257,0.788,0.0003
-0.805,0.292,-0.734,-0.052,2.203,0.0
0.219,-0.873,-0.345,-0.639,1.362,0.0
0.354,-0.044,0.068,0.211,1.403,0.0
-0.415,-0.523,0.157,-0.259,0.018,0.00012
-0.974,-0.785,-0.933,0.998,0.467,0.0
0.234,0.089,-0.083,0.478,1.041,0.0
-0.54,-0.918,0.768,-0.093,0.904,0.0
0.099,-0.794,0.18,0.685,0.404,0.01056
-0.649,0.933,0.483,0.766,0.841,0.06214
-0.393,-0.648,0.804,0.257,2.845,0.0
0.547,-0.85,0.176,-0.362,1.365,0.0
0.881,0.562,-0.32,-0.298,2.61,0.0
-0.796,-0.114,-0.112,-0.603,-2.949,1.0
0.742,0.312,0.092,-0.013,1.121,0.0
-0.397,0.047,-0.811,-0.157,1.466,0.0
0.027,-0.604,-0.977,-0.403,0.684,0.0
-0.296,-0.166,-0.03,0.323,2.135,0.0
0.466,0.15,-0.251,-0.453,0.119,0.7371
0.775,-0.46,-0.938,0.855,1.439,0.0
0.49,-0.682,0.169,-0.843,2.349,0.0
0.864,0.272,-0.913,-0.248,1.433,0.0
-0.162,-0.841,-0.947,-0.545,-1.032,0.76716
0.159,0.286,-0.515,-0.54,2.188,0.0
-0.432,0.63,0.524,-0.671,2.408,0.0
-0.001,0.818,-0.815,-0.638,1.513,0.0
-0.604,-0.217,-0.091,0.795,1.763,0.0
-0.666,-0.779,0.229,-0.24,1.103,0.0
-0.587,-0.853,-0.781,0.014,1.635,0.0
0.231,-0.038,-0.748,0.929,2.795,0.0
-0.469,-0.956,0.875,-0.213,1.365,0.0
0.969,0.673,-0.25,-0.154,1.781,0.0
0.531,0.051,0.557,-0.263,1.163,0.0
0.893,0.3,0.503,-0.567,1.51,0.0
0.882,0.52,-0.551,-0.846,2.946,0.0
-0.949,0.73,0.455,0.437,1.207,0.0
-0.128,-0.766,-0.876,-0.316,-0.776,0.6624
0.811,-0.625,0.389,-0.184,1.189,0.0
0.771,0.409,-0.202,0.225,2.304,0.0
-0.173,0.297,0.483,-0.172,0.776,0.0
0.577,-0.799,0.762,0.415,2.408,0.0
-0.4,-0.655,0.099,0.621,1.805,0.0
-0.448,0.888,-0.465,-0.584,2.066,0.0
0.785,0.479,0.448,0.872,2.111,0.0
-0.792,0.814,-0.359,-0.87,2.682,0.0
0.727,-0.957,-0.409,-0.778,2.857,0.0
0.476,-0.276,-0.659,-0.532,1.017,0.0
-0.979,0.331,-0.929,-0.466,0.666,0.0
0.99,-0.478,0.811,0.834,0.511,0.73886
-0.071,0.457,-0.442,-0.049,2.221,0.0
-0.128,-0.493,0.322,-0.508,0.312,0.0
0.69,-0.7,0.985,0.571,1.308,0.00025
0.389,0.056,-0.643,0.027,1.442,0.0
0.954,-0.388,0.861,0.148,2.878,0.0
0.233,0.495,0.068,0.753,2.801,0.0
