0.0,0.0,0.006,0.198,0.5136667963391413
0.362,0.0,0.526,0.113,0.017997174505026515
0.0,0.179,0.002,0.571,0.18736307610409286
0.0,0.0,0.036,0.066,0.25081386539997136
0.0,0.0,0.265,0.096,0.29442476607768064
0.021,0.0,0.201,0.077,0.027395016482054012
0.06,0.0,0.384,0.28,0.12878524190741386
0.0,0.0,0.303,0.194,0.6109211523105588
0.0,0.0,0.36,0.039,0.28944943797219547
0.0,0.0,0.173,0.16,0.4473086136647489
0.0,0.065,0.085,0.185,0.1542761204725538
0.0,0.661,0.0,0.964,0.07952335128273377
0.0,0.0,0.244,0.036,0.28095247845048216
0.0,0.076,0.125,0.548,0.37703978215024264
0.0,0.0,0.043,0.305,0.526442947523597
0.0,0.358,0.151,0.392,0.011404352900227267
0.347,0.076,0.541,0.3,0.02463094531234004
0.0,0.106,0.146,0.144,0.16909973178272353
0.192,0.0,0.474,0.199,0.11054237218730165
0.0,0.071,0.122,0.179,0.16909973178272353
0.0,0.0,0.101,0.326,0.5546159988534223
0.0,0.056,0.075,0.32,0.31543170696750683
0.0,0.082,0.05,0.541,0.3362543764460187
0.0,0.0,0.215,0.122,0.27820888188202536
0.0,0.0,0.159,0.165,0.4473086136647489
0.0,0.153,0.202,0.223,0.12100489342970046
0.0,0.0,0.234,0.167,0.4755840380008599
0.157,0.063,0.509,0.187,0.039290759812452655
0.0,0.0,0.153,0.008,0.26537130689379823
0.0,0.22,0.186,0.53,0.08693515693781864
0.12,0.0,0.324,0.295,0.04342662926639504
0.0,0.093,0.203,0.157,0.16909973178272353
0.0,0.273,0.276,0.351,0.04318093405130935
0.0,0.0,0.245,0.276,0.6273417825187855
0.0,0.16,0.337,0.216,0.1441616674515264
0.092,0.0,0.13,0.115,0.027395016482054012
0.096,0.515,0.571,0.861,0.036321942630167275
0.0,0.065,0.358,0.311,0.3521017178190455
0.0,0.552,0.162,0.823,0.10757355500501628
0.0,0.0,0.051,0.266,0.526442947523597
0.046,0.0,0.398,0.342,0.14909604635449725
0.0,0.0,0.045,0.418,0.5620073299072501
0.0,0.0,0.093,0.297,0.526442947523597
0.0,0.0,0.342,0.067,0.3031264716119654
0.087,0.0,0.579,0.097,0.07929813066890522
0.0,0.049,0.006,0.202,0.27448250445322575
0.071,0.38,0.151,0.62,0.004013021846399541
0.0,0.594,0.335,0.656,0.028418746544911038
0.083,0.0,0.361,0.199,0.12481316926352859
0.0,0.0,0.349,0.109,0.3031264716119654
0.097,0.03,0.569,0.22,0.11396163059724412
0.0,0.343,0.143,0.657,0.07035072991953481
0.056,0.282,0.166,0.342,0.004238242460228087
0.0,0.0,0.047,0.304,0.526442947523597
0.0,0.0,0.103,0.091,0.25081386539997136
0.168,0.007,0.276,0.369,0.038615097970967016
0.318,0.0,0.571,0.364,0.10423619500010237
0.489,0.338,0.623,0.412,0.0026412235621711268
0.0,0.0,0.092,0.158,0.40508998587252515
0.0,0.0,0.246,0.417,0.6827665281218648
0.0,0.157,0.15,0.219,0.12100489342970046
0.0,0.0,0.21,0.095,0.27820888188202536
0.0,0.0,0.243,0.03,0.28095247845048216
0.0,0.659,0.044,0.841,0.06985933948936345
0.255,0.452,0.633,0.924,0.023607215249483015
0.095,0.0,0.128,0.155,0.04221862779222375
0.0,0.0,0.144,0.164,0.4473086136647489
0.0,0.0,0.178,0.223,0.5683135070944494
0.0,0.0,0.173,0.212,0.5683135070944494
0.0,0.0,0.229,0.004,0.28095247845048216
0.0,0.089,0.185,0.287,0.30570627137036505
0.181,0.0,0.263,0.02,0.015581171556683933
0.0,0.021,0.247,0.229,0.32996867386007656
0.295,0.111,0.371,0.265,0.019184701377940663
0.0,0.713,0.026,0.911,0.047767244732908824
0.0,0.0,0.206,0.411,0.6277307999426711
0.179,0.217,0.265,0.407,0.012428082963084295
0.0,0.137,0.229,0.239,0.13533711430969883
0.0,-0.0,0.25,0.0,0.28095247845048216
0.0,0.0,0.11,0.31,0.526442947523597
0.0,0.315,0.053,0.685,0.06005200548719314
0.0,0.0,0.104,0.084,0.25081386539997136
0.0,0.0,0.13,0.081,0.27820888188202536
0.0,0.177,0.192,0.447,0.18488564935197888
0.0,0.0,0.024,0.113,0.25081386539997136
0.0,0.0,0.003,0.13,0.40508998587252515
0.254,0.208,0.413,0.542,0.0069818390286849165
0.199,0.159,0.245,0.217,0.014332220879998362
0.0,0.0,0.231,0.218,0.6109211523105588
0.0,0.034,0.011,0.466,0.3269589074752769
0.371,0.474,0.741,0.65,0.010155402223541696
0.0,0.05,0.046,0.074,0.011629573514055814
0.229,0.058,0.659,0.442,0.07493704060113429
0.0,0.0,0.178,0.21,0.5683135070944494
0.0,0.021,0.246,0.229,0.32996867386007656
0.0,0.0,0.132,0.124,0.27820888188202536
0.33,0.056,0.558,0.194,0.05847546119039332
0.542,0.0,0.57,0.095,0.008988349951884687
0.0,0.0,0.014,0.046,0.23918429188591553
0.308,0.244,0.358,0.38,0.006551872402284965
0.0,0.534,0.241,0.842,0.11523105587518682
0.0,0.454,0.231,0.796,0.10702074077107349
0.16,0.255,0.506,0.495,0.02020843144079769
0.0,0.402,0.126,0.598,0.03445875391576749
0.0,0.738,0.174,0.886,0.051227452345365576
0.0,0.0,0.248,0.059,0.28095247845048216
0.0,0.413,0.046,0.837,0.12252001392272885
0.0,0.0,0.239,0.276,0.6273417825187855
0.477,0.0,0.635,0.013,0.00872218013554186
0.652,0.104,0.682,0.146,0.007432280256342008
0.476,0.62,0.858,0.63,0.002845969574742532
0.333,0.122,0.555,0.254,0.04381564669028071
0.0,0.032,0.161,0.218,0.3029422002006511
0.0,0.392,0.09,0.858,0.12252001392272885
0.396,0.0,0.492,0.178,0.035195839561024546
0.0,0.0,0.092,0.029,0.23918429188591553
0.0,0.275,0.311,0.475,0.059990581683421716
0.0,0.0,0.189,0.01,0.26537130689379823
0.0,0.124,0.198,0.252,0.30570627137036505
0.0,0.581,0.054,0.794,0.0631641448782785
0.0,0.0,0.018,0.414,0.5620073299072501
0.0,0.632,0.133,0.992,0.08658708871644724
0.0,0.0,0.03,0.041,0.23918429188591553
0.0,0.0,0.132,0.24,0.5683135070944494
0.0,0.704,0.201,0.796,0.01109723388137016
0.0,0.0,0.139,0.216,0.5683135070944494
0.0,0.089,0.168,0.411,0.34952191806064575
0.0,0.0,0.22,0.298,0.5839151532523904
0.388,0.058,0.501,0.066,0.0014127474867426956
0.0,0.0,0.207,0.223,0.5683135070944494
0.0,0.068,0.147,0.182,0.16909973178272353
0.0,0.165,0.031,0.211,0.10857681046661616
0.062,0.142,0.382,0.482,0.06611248745930673
0.0,0.0,0.118,0.226,0.5683135070944494
0.0,0.786,0.058,1.0,0.038574148768452735
0.0,0.0,0.023,0.089,0.25081386539997136
0.0,0.129,0.46,0.495,0.23682971274134437
0.445,0.067,0.668,0.183,0.01422984787371266
0.256,0.042,0.633,0.082,0.0018836633156569275
0.0,0.0,0.181,0.368,0.6163264470424439
0.0,0.0,0.181,0.297,0.5839151532523904
0.0,0.102,0.025,0.274,0.27562908212362563
0.21,0.0,0.456,0.288,0.11394115599598698
0.315,0.0,0.352,0.269,0.027886406912225385
0.0,0.205,0.243,0.419,0.07184537581130608
0.0,0.0,0.358,0.375,0.7168772138162609
0.0,0.154,0.013,0.222,0.10857681046661616
0.0,0.0,0.046,0.051,0.23918429188591553
0.0,0.0,0.199,0.032,0.26537130689379823
0.0,0.0,0.062,0.198,0.5136667963391413
0.612,0.0,0.722,0.006,0.008087467496570504
0.0,0.0,0.112,0.118,0.27820888188202536
0.0,0.79,0.078,0.835,0.02891013697508241
0.0,0.0,0.225,0.15,0.4755840380008599
0.0,0.0,0.25,0.234,0.6109211523105588
0.061,0.189,0.161,0.435,0.01107675928011302
0.0,0.0,0.217,0.003,0.26537130689379823
0.075,0.0,0.147,0.081,0.027395016482054012
0.0,0.0,0.084,0.008,0.23918429188591553
0.0,0.0,0.117,0.108,0.27820888188202536
0.0,0.0,0.123,0.021,0.26537130689379823
0.067,0.0,0.155,0.204,0.05464671075530804
0.0,0.54,0.194,0.96,0.11801560164615794
0.539,0.076,0.795,0.174,0.01427079707622694
0.0,0.556,0.168,0.819,0.10757355500501628
0.075,0.188,0.369,0.436,0.0656415716303925
0.0,0.0,0.188,0.259,0.5839151532523904
0.0,0.0,0.072,0.264,0.526442947523597
0.0,0.0,0.007,0.231,0.5136667963391413
0.0,0.0,0.209,0.006,0.26537130689379823
0.229,0.0,0.437,0.4,0.034110685694396105
0.23,0.0,0.436,0.196,0.027558813292111135
0.0,0.151,0.298,0.349,0.19493867856923486
0.0,0.1,0.009,0.276,0.27562908212362563
0.0,0.095,0.132,0.155,0.16909973178272353
0.0,0.077,0.194,0.172,0.16909973178272353
0.0,0.016,0.25,0.36,0.3895702381196126
0.54,0.016,0.572,0.36,0.018324768125140764
0.0,0.199,0.155,0.301,0.015601646157941074
0.0,0.008,0.091,0.368,0.31543170696750683
0.366,0.428,0.522,0.822,0.011772895722855798
0.0,0.0,0.323,0.181,0.4755840380008599
0.0,0.652,0.002,0.724,0.03046620667062509
0.467,0.0,0.645,0.369,0.027046948260682623
0.0,0.0,0.241,0.22,0.6109211523105588
0.0,0.017,0.249,0.359,0.3895702381196126
0.0,0.0,0.008,0.071,0.25081386539997136
0.0,0.333,0.212,0.417,0.011404352900227267
0.0,0.0,0.184,0.405,0.6277307999426711
0.0,0.0,0.056,0.236,0.5136667963391413
0.0,0.306,0.055,0.318,0.028173051329825352
0.0,0.0,0.203,0.335,0.6163264470424439
0.231,0.065,0.657,0.185,0.03402878728936754
0.527,0.266,0.585,0.358,0.002293155340799738
0.139,0.375,0.527,0.375,0.002252206138285457
0.0,0.205,0.146,0.295,0.015601646157941074
0.0,0.547,0.018,0.829,0.09745910198398886
0.428,0.396,0.46,0.604,0.003767326631313855
0.0,0.598,0.196,0.777,0.06955222047050634
0.316,0.0,0.572,0.259,0.09526831964947483
0.0,0.0,0.035,0.061,0.23918429188591553
0.0,0.079,0.186,0.171,0.16909973178272353
0.06,0.119,0.384,0.131,0.03691570606662435
0.28,0.0,0.608,0.147,0.06971601728056347
0.177,0.0,0.267,0.154,0.028275424336111053
0.0,0.0,0.127,0.374,0.6163264470424439
0.0,0.0,0.037,0.173,0.40508998587252515
0.0,0.0,0.127,0.406,0.6277307999426711
0.0,0.398,0.195,0.727,0.09291374050490367
0.0,0.0,0.136,0.365,0.6163264470424439
0.006,0.0,0.216,0.054,0.02618701500788272
0.0,0.033,0.114,0.343,0.3509551401486456
0.0,0.0,0.023,0.224,0.5136667963391413
0.0,0.0,0.02,0.105,0.25081386539997136
0.0,0.0,0.089,0.134,0.40508998587252515
0.0,0.0,0.087,0.289,0.526442947523597
0.0,0.0,0.122,0.223,0.5683135070944494
0.498,0.0,0.836,0.211,0.046477344853708975
0.0,0.0,0.163,0.359,0.6163264470424439
0.0,0.0,0.036,0.42,0.5620073299072501
0.0,0.002,0.018,0.248,0.27448250445322575
0.023,0.0,0.199,0.009,0.02618701500788272
0.422,0.0,0.466,0.276,0.042628119817366555
0.0,0.071,0.133,0.179,0.16909973178272353
0.012,0.251,0.432,0.373,0.020310804447083393
0.0,0.442,0.244,0.933,0.14866607972809728
0.0,0.0,0.109,0.244,0.5136667963391413
0.0,0.0,0.152,0.372,0.6163264470424439
0.2,0.045,0.689,0.205,0.09946561290718864
0.0,0.0,0.23,0.205,0.6109211523105588
0.0,0.0,0.177,0.343,0.6163264470424439
0.0,0.0,0.114,0.365,0.6163264470424439
0.0,0.069,0.132,0.181,0.16909973178272353
0.0,0.0,0.03,0.206,0.5136667963391413
0.424,0.173,0.688,0.451,0.033148379435310495
0.0,0.063,0.133,0.313,0.3381175651604185
0.0,0.0,0.059,0.005,0.23918429188591553
0.057,0.0,0.387,0.123,0.052312606211994024
0.0,0.0,0.047,0.153,0.40508998587252515
0.101,0.0,0.565,0.302,0.1961671546446633
0.0,0.0,0.101,0.026,0.23918429188591553
0.0,0.0,0.143,0.05,0.26537130689379823
0.0,0.441,0.082,0.809,0.08947400749370406
0.0,0.0,0.203,0.088,0.27820888188202536
0.207,0.0,0.681,0.217,0.15693781863598205
0.0,0.0,0.021,0.03,0.23918429188591553
0.331,0.225,0.336,0.525,0.0069818390286849165
0.0,0.0,0.083,0.199,0.5136667963391413
0.093,0.0,0.129,0.005,0.02618701500788272
0.43,0.271,0.682,0.353,0.005917159763313609
0.205,0.121,0.239,0.255,0.02721074507073975
0.0,0.0,0.189,0.293,0.5839151532523904
0.0,0.14,0.145,0.236,0.12100489342970046
0.0,0.689,0.157,0.935,0.051227452345365576
0.0,0.0,0.052,0.1,0.25081386539997136
0.0,0.165,0.042,0.46,0.1610532134886673
0.0,0.024,0.248,0.226,0.32996867386007656
0.0,0.0,0.227,0.181,0.4755840380008599
0.0,0.052,0.07,0.324,0.31543170696750683
0.0,0.0,0.011,0.12,0.25081386539997136
0.297,0.03,0.369,0.346,0.024692369116111463
0.525,0.0,0.588,0.348,0.027046948260682623
0.0,0.0,0.043,0.166,0.40508998587252515
0.0,0.0,0.183,0.317,0.6163264470424439
0.0,0.08,0.052,0.17,0.1542761204725538
0.0,0.041,0.133,0.336,0.3509551401486456
0.0,0.232,0.243,0.269,0.016420630208226695
0.0,0.0,0.079,0.026,0.23918429188591553
0.0,0.0,0.21,0.117,0.27820888188202536
0.0,0.0,0.19,0.06,0.26537130689379823
0.0,0.0,0.172,0.246,0.5683135070944494
0.0,0.0,0.017,0.284,0.526442947523597
0.0,0.612,0.228,1.0,0.11836366986752933
0.0,0.0,0.029,0.17,0.40508998587252515
0.157,0.0,0.509,0.322,0.1313855162670707
0.0,0.0,0.22,0.014,0.26537130689379823
0.045,0.0,0.177,0.305,0.057472205728793434
0.238,0.0,0.428,0.181,0.018734260150283573
0.0,0.342,0.021,0.658,0.06005200548719314
0.228,0.0,0.66,0.218,0.09227902786593231
0.0,0.003,0.051,0.247,0.27448250445322575
0.1,0.07,0.344,0.18,0.03691570606662435
0.592,0.0,0.742,0.119,0.008210315104113347
0.0,0.062,0.194,0.188,0.3029422002006511
0.0,0.036,0.21,0.34,0.3509551401486456
0.0,0.0,0.003,0.193,0.5136667963391413
0.0,0.109,0.21,0.141,0.16909973178272353
0.0,0.0,0.16,0.134,0.4473086136647489
0.089,0.013,0.355,0.363,0.09883090026821728
0.0,0.467,0.209,0.908,0.1396777297762126
0.0,0.462,0.226,0.913,0.14866607972809728
0.0,0.549,0.159,0.701,0.06539587641530681
0.0,0.0,0.114,0.009,0.26537130689379823
0.0,0.02,0.035,0.23,0.27448250445322575
0.0,0.0,0.038,0.032,0.23918429188591553
0.0,0.076,0.071,0.174,0.1542761204725538
0.0,0.651,0.102,0.973,0.07952335128273377
0.0,0.0,0.179,0.242,0.5683135070944494
0.0,0.0,0.071,0.076,0.25081386539997136
0.0,0.0,0.196,0.233,0.5683135070944494
0.133,0.0,0.311,0.004,0.015581171556683933
0.0,0.0,0.063,0.237,0.5136667963391413
0.267,0.646,0.621,0.978,0.01185479412788436
0.0,0.0,0.221,0.35,0.6163264470424439
0.15,0.301,0.516,0.323,0.01744436027108372
0.0,0.0,0.191,0.425,0.6277307999426711
0.0,0.0,0.255,0.232,0.6109211523105588
0.0,0.0,0.108,0.091,0.25081386539997136
0.0,0.684,0.07,1.0,0.07952335128273377
0.0,0.127,0.469,0.249,0.14934174156958294
0.361,0.0,0.526,0.093,0.017997174505026515
0.33,0.177,0.782,0.447,0.04858622878319445
0.0,0.0,0.117,0.176,0.4473086136647489
0.0,0.0,0.146,0.051,0.26537130689379823
0.0,0.06,0.121,0.44,0.36682295612292953
0.37,0.0,0.517,0.202,0.0403759136790811
0.0,0.0,0.138,0.116,0.27820888188202536
0.0,0.066,0.06,0.184,0.1542761204725538
0.0,0.023,0.189,0.227,0.3029422002006511
0.0,0.0,0.172,0.079,0.27820888188202536
0.0,0.329,0.084,0.421,0.007391331053827727
0.0,0.676,0.171,0.948,0.08658708871644724
0.0,0.096,0.13,0.154,0.16909973178272353
0.119,0.0,0.326,0.079,0.01621588419565529
0.0,0.0,0.149,0.189,0.5683135070944494
0.294,0.406,0.372,0.718,0.005814786757027907
0.0,0.0,0.206,0.151,0.4473086136647489
0.0,0.105,0.08,0.144,0.1542761204725538
0.0,0.102,0.207,0.148,0.16909973178272353
0.0,0.0,0.239,0.26,0.6273417825187855
0.517,0.234,0.595,0.39,0.005343870928113675
0.0,0.0,0.157,0.035,0.26537130689379823
0.352,0.0,0.761,0.235,0.08677136012776152
0.0,0.0,0.043,0.106,0.25081386539997136
0.0,0.087,0.153,0.537,0.37703978215024264
0.0,0.0,0.051,0.167,0.40508998587252515
0.0,0.687,0.099,0.689,0.03046620667062509
0.0,0.0,0.225,0.021,0.28095247845048216
0.0,0.0,0.068,0.373,0.5546159988534223
0.262,0.117,0.627,0.383,0.07260293605782027
0.0,0.577,0.166,0.799,0.06955222047050634
0.0,0.129,0.242,0.247,0.13533711430969883
0.0,0.0,0.039,0.044,0.23918429188591553
0.0,0.0,0.119,0.004,0.26537130689379823
0.0,0.519,0.214,0.857,0.10757355500501628
0.0,0.0,0.108,0.08,0.25081386539997136
0.367,0.001,0.521,0.375,0.027906881513482525
0.0,0.0,0.026,0.036,0.23918429188591553
0.0,0.0,0.155,0.174,0.4473086136647489
0.444,0.0,0.668,0.304,0.08951495669621834
0.0,0.676,0.157,0.699,0.03396736348559612
0.078,0.005,0.144,0.371,0.0355234331811388
0.0,0.656,0.148,0.72,0.03396736348559612
0.106,0.099,0.116,0.525,0.04078540570422391
0.0,0.0,0.207,0.277,0.5839151532523904
0.0,0.0,0.1,0.025,0.23918429188591553
0.0,0.0,0.2,0.029,0.26537130689379823
0.0,0.0,0.176,0.138,0.4473086136647489
0.0,0.052,0.215,0.324,0.3509551401486456
0.298,0.0,0.368,0.113,0.00870170553428472
0.0,0.696,0.124,0.928,0.051227452345365576
0.0,0.0,0.176,0.053,0.26537130689379823
0.191,0.0,0.253,0.397,0.05503572817919371
0.0,0.159,0.127,0.217,0.12100489342970046
0.0,0.0,0.463,0.235,0.678855879281751
0.0,0.0,0.134,0.03,0.26537130689379823
0.0,0.0,0.218,0.281,0.5839151532523904
0.313,0.0,0.353,0.037,0.008496959521713315
0.0,0.549,0.195,0.827,0.10757355500501628
0.0,0.431,0.052,0.819,0.12252001392272885
0.0,0.0,0.129,0.066,0.27820888188202536
0.532,0.0,0.802,0.161,0.03151041133473926
0.0,0.809,0.183,0.815,0.031080444708339306
0.0,0.09,0.202,0.16,0.16909973178272353
0.221,0.568,0.223,0.682,0.0026412235621711268
0.0,0.064,0.098,0.186,0.1542761204725538
0.0,0.087,0.25,0.289,0.33291701644110483
0.0,0.313,0.208,0.811,0.1154153272865011
0.226,0.0,0.662,0.195,0.09227902786593231
0.0,0.0,0.124,0.265,0.5839151532523904
0.255,0.0,0.633,0.348,0.10423619500010237
0.0,0.0,0.234,0.087,0.29442476607768064
0.0,0.06,0.137,0.316,0.3509551401486456
0.0,0.609,0.06,1.0,0.10173829364673123
0.0,0.0,0.156,0.122,0.27820888188202536
0.0,0.026,0.351,0.224,0.3490305276304744
0.0,0.631,0.202,0.993,0.08658708871644724
0.498,0.0,0.836,0.102,0.017239614258512316
0.0,0.0,0.342,0.379,0.7168772138162609
0.0,0.619,0.233,0.756,0.0752441596199914
0.0,0.0,0.054,0.319,0.5546159988534223
0.0,0.0,0.011,0.359,0.5546159988534223
0.0,0.0,0.155,0.32,0.6163264470424439
0.0,0.026,0.062,0.35,0.31543170696750683
0.182,0.0,0.484,0.355,0.1313855162670707
0.0,0.063,0.132,0.313,0.3381175651604185
0.0,0.0,0.166,0.278,0.5839151532523904
0.022,0.0,0.422,0.295,0.12878524190741386
0.0,0.0,0.048,0.199,0.5136667963391413
0.0,0.187,0.313,0.189,0.13533711430969883
0.0,0.0,0.145,0.078,0.27820888188202536
0.0,0.0,0.015,0.082,0.25081386539997136
0.549,0.058,0.563,0.318,0.018324768125140764
0.0,0.0,0.223,0.369,0.6705227165700948
0.0,0.087,0.201,0.537,0.37703978215024264
0.0,0.0,0.245,0.209,0.6109211523105588
0.0,0.0,0.11,0.221,0.5136667963391413
0.439,0.0,0.895,0.026,0.03372166827051043
0.0,0.0,0.164,0.092,0.27820888188202536
0.0,0.147,0.085,0.229,0.10857681046661616
0.0,0.63,0.017,0.746,0.03046620667062509
0.0,0.0,0.184,0.004,0.26537130689379823
0.0,0.0,0.078,0.096,0.25081386539997136
0.0,0.035,0.213,0.215,0.3029422002006511
0.486,0.0,0.626,0.117,0.008988349951884687
0.188,0.291,0.256,0.709,0.01867283634651215
0.0,0.068,0.069,0.182,0.1542761204725538
0.0,0.0,0.092,0.411,0.5620073299072501
0.0,0.0,0.204,0.101,0.27820888188202536
0.0,0.0,0.234,0.142,0.4755840380008599
0.0,0.0,0.154,0.162,0.4473086136647489
0.0,0.0,0.215,0.026,0.26537130689379823
0.0,0.455,0.067,0.795,0.08947400749370406
0.0,0.028,0.103,0.222,0.27448250445322575
0.0,0.0,0.083,0.064,0.25081386539997136
0.0,0.112,0.198,0.264,0.30570627137036505
0.0,0.0,0.009,0.073,0.25081386539997136
0.0,0.096,0.176,0.528,0.37703978215024264
0.0,0.0,0.207,0.344,0.6163264470424439
0.0,0.0,0.195,0.265,0.5839151532523904
0.0,0.492,0.023,0.508,0.02092504248479761
0.104,0.0,0.562,0.12,0.07929813066890522
0.0,0.0,0.215,0.305,0.5839151532523904
0.0,0.802,0.214,0.948,0.04152249134948097
0.007,0.0,0.215,0.008,0.02618701500788272
0.0,0.0,0.244,0.417,0.6827665281218648
0.0,0.0,0.153,0.152,0.4473086136647489
0.17,0.0,0.274,0.041,0.015581171556683933
0.0,0.0,0.064,0.337,0.5546159988534223
0.359,0.0,0.529,0.357,0.043999918101594974
0.0,0.0,0.227,0.207,0.6109211523105588
0.0,0.0,0.004,0.115,0.25081386539997136
0.145,0.0,0.521,0.324,0.1313855162670707
0.0,0.072,0.088,0.552,0.3362543764460187
0.0,0.048,0.046,0.202,0.27448250445322575
0.0,0.0,0.031,0.011,0.23918429188591553
0.0,0.268,0.198,0.482,0.04827910976433734
0.0,0.057,0.062,0.319,0.31543170696750683
0.02,0.0,0.202,0.192,0.05464671075530804
0.0,0.731,0.186,0.769,0.01109723388137016
0.0,0.0,0.091,0.385,0.5620073299072501
0.486,0.621,0.626,0.755,0.002661698163428267
0.0,0.083,0.228,0.167,0.1811592719231793
0.0,0.609,0.102,0.641,0.022214942363997462
0.502,0.0,0.832,0.251,0.04698920988513749
0.0,0.0,0.326,0.036,0.28095247845048216
0.0,0.0,0.188,0.199,0.5683135070944494
0.0,0.0,0.129,0.177,0.4473086136647489
0.0,0.498,0.139,0.502,0.023054401015540224
0.0,0.0,0.17,0.12,0.27820888188202536
0.0,0.0,0.104,0.235,0.5136667963391413
0.0,0.456,0.225,0.92,0.14866607972809728
0.426,0.043,0.462,0.207,0.023791486660797282
0.0,0.525,0.19,0.851,0.10757355500501628
0.519,0.042,0.816,0.208,0.029626748019082327
0.0,0.63,0.029,0.87,0.06985933948936345
0.0,0.186,0.092,0.19,0.10857681046661616
0.0,0.0,0.009,0.302,0.526442947523597
0.0,0.0,0.248,0.001,0.28095247845048216
0.479,0.034,0.855,0.466,0.038164656743309926
0.542,0.0,0.57,0.216,0.024344300894740076
0.034,0.0,0.41,0.272,0.12878524190741386
0.219,0.218,0.225,0.406,0.012428082963084295
0.0,0.0,0.241,0.196,0.6109211523105588
0.0,0.117,0.198,0.133,0.16909973178272353
0.0,0.0,0.049,0.066,0.25081386539997136
0.0,0.0,0.05,0.3,0.526442947523597
0.0,0.0,0.01,0.227,0.5136667963391413
0.0,0.0,0.315,0.243,0.6109211523105588
0.0,0.065,0.123,0.435,0.34952191806064575
0.096,0.0,0.126,0.061,0.02618701500788272
0.0,0.0,0.218,0.419,0.6277307999426711
0.0,0.0,0.021,0.186,0.40508998587252515
0.0,0.0,0.087,0.054,0.23918429188591553
0.2,0.0,0.244,0.284,0.04342662926639504
0.0,0.0,0.125,0.209,0.5683135070944494
0.0,0.084,0.025,0.166,0.1542761204725538
0.0,0.0,0.032,0.258,0.526442947523597
0.0,0.168,0.143,0.208,0.12100489342970046
0.028,0.11,0.194,0.14,0.014823611310169734
0.08,0.469,0.364,0.781,0.023545791445711596
0.0,0.012,0.072,0.364,0.31543170696750683
0.0,0.03,0.237,0.22,0.32996867386007656
0.0,0.0,0.246,0.18,0.4755840380008599
0.0,0.172,0.027,0.204,0.10857681046661616
0.0,0.0,0.045,0.058,0.23918429188591553
0.09,0.165,0.576,0.211,0.049323314428451503
0.0,0.0,0.135,0.408,0.6277307999426711
0.0,0.117,0.177,0.133,0.16909973178272353
0.0,0.068,0.145,0.556,0.37703978215024264
0.0,0.0,0.208,0.325,0.6163264470424439
0.0,0.0,0.065,0.391,0.5620073299072501
0.0,0.123,0.177,0.253,0.30570627137036505
0.0,0.0,0.212,0.09,0.27820888188202536
0.0,0.0,0.225,0.1,0.29442476607768064
0.068,0.387,0.154,0.863,0.012571405171884278
0.0,0.023,0.053,0.353,0.31543170696750683
0.0,0.0,0.067,0.207,0.5136667963391413
0.0,0.001,0.032,0.249,0.27448250445322575
0.0,0.066,0.239,0.184,0.1811592719231793
0.0,0.097,0.183,0.153,0.16909973178272353
0.187,0.616,0.479,1.0,0.01979893941565488
0.085,0.076,0.359,0.299,0.07647263569541983
0.0,0.0,0.059,0.431,0.5620073299072501
0.0,0.412,0.033,0.838,0.12252001392272885
0.0,0.0,0.214,0.24,0.5683135070944494
0.0,0.0,0.2,0.087,0.27820888188202536
0.0,0.264,0.188,0.36,0.03241129379005344
0.0,0.415,0.234,0.709,0.09997747793861715
0.0,0.0,0.166,0.218,0.5683135070944494
0.0,0.015,0.238,0.235,0.32996867386007656
0.312,0.0,0.354,0.053,0.008496959521713315
0.0,0.765,0.185,0.86,0.031080444708339306
0.0,0.0,0.031,0.011,0.23918429188591553
0.482,0.513,0.852,0.737,0.0068794660223992134
0.0,0.0,0.227,0.169,0.4755840380008599
0.0,0.035,0.122,0.341,0.3509551401486456
0.042,0.0,0.402,0.29,0.12878524190741386
0.526,0.454,0.808,0.796,0.008210315104113347
0.0,0.0,0.208,0.214,0.5683135070944494
0.0,0.0,0.089,0.123,0.25081386539997136
0.0,0.24,0.123,0.26,0.015601646157941074
0.0,0.012,0.241,0.238,0.32996867386007656
0.0,0.0,0.191,0.109,0.27820888188202536
0.0,0.0,0.031,0.304,0.526442947523597
0.0,0.097,0.008,0.153,0.1542761204725538
0.237,0.182,0.429,0.194,0.008824553141827562
0.0,0.073,0.145,0.177,0.16909973178272353
0.0,0.149,0.326,0.227,0.13533711430969883
0.0,0.0,0.041,0.144,0.40508998587252515
0.0,0.177,0.166,0.323,0.16901783337769496
0.0,0.0,0.21,0.438,0.6321942630167278
0.0,0.608,0.025,0.892,0.10044839376753138
0.0,0.0,0.023,0.268,0.526442947523597
0.0,0.0,0.223,0.159,0.4755840380008599
0.0,0.0,0.128,0.171,0.4473086136647489
0.0,0.0,0.106,0.062,0.25081386539997136
0.0,0.0,0.042,0.119,0.25081386539997136
0.0,0.0,0.107,0.047,0.23918429188591553
0.0,0.127,0.188,0.249,0.12100489342970046
0.51,0.0,0.824,0.403,0.05495382977416515
0.0,0.581,0.149,0.795,0.06955222047050634
0.0,0.426,0.065,0.574,0.03044573206936795
0.0,0.0,0.065,0.395,0.5620073299072501
0.0,0.0,0.213,0.106,0.27820888188202536
0.0,0.0,0.163,0.299,0.5839151532523904
0.0,0.0,0.338,0.004,0.28944943797219547
0.0,0.387,0.104,0.613,0.03044573206936795
0.0,0.0,0.023,0.229,0.5136667963391413
0.324,0.488,0.564,0.762,0.01809954751131222
0.0,0.0,0.177,0.04,0.26537130689379823
0.0,0.418,0.09,0.582,0.03044573206936795
0.0,0.0,0.023,0.088,0.25081386539997136
0.0,0.0,0.156,0.169,0.4473086136647489
0.0,0.13,0.064,0.246,0.10857681046661616
0.37,0.091,0.742,0.285,0.054319117135193794
0.293,0.0,0.595,0.023,0.03380356667553899
0.0,0.0,0.136,0.406,0.6277307999426711
0.0,0.0,0.259,0.416,0.6827665281218648
0.0,0.0,0.06,0.228,0.5136667963391413
0.0,0.0,0.192,0.146,0.4473086136647489
0.0,0.03,0.002,0.346,0.31543170696750683
0.344,0.0,0.544,0.23,0.0403759136790811
0.0,0.156,0.212,0.22,0.12100489342970046
0.0,0.009,0.03,0.24,0.27448250445322575
0.0,0.452,0.049,0.548,0.02092504248479761
0.0,0.0,0.228,0.198,0.6109211523105588
0.039,0.173,0.183,0.203,0.012428082963084295
0.112,0.0,0.332,0.064,0.01621588419565529
0.0,0.0,0.036,0.217,0.5136667963391413
0.0,0.018,0.118,0.232,0.3029422002006511
0.079,0.0,0.365,0.049,0.05026514608627997
0.0,0.0,0.011,0.074,0.25081386539997136
0.0,0.071,0.182,0.179,0.16909973178272353
0.0,0.0,0.205,0.249,0.5683135070944494
0.0,0.073,0.083,0.177,0.1542761204725538
0.0,0.0,0.11,0.086,0.25081386539997136
0.0,0.323,0.198,0.802,0.1154153272865011
0.0,0.0,0.238,0.246,0.6109211523105588
0.0,0.347,0.158,0.403,0.011404352900227267
0.0,0.186,0.219,0.314,0.16901783337769496
0.0,0.128,0.026,0.248,0.10857681046661616
0.404,0.078,0.484,0.422,0.026494134026739828
0.057,0.114,0.165,0.136,0.014823611310169734
0.0,0.421,0.091,0.579,0.03044573206936795
0.0,0.0,0.186,0.087,0.27820888188202536
0.0,0.0,0.217,0.024,0.26537130689379823
0.0,0.0,0.19,0.254,0.5839151532523904
0.0,0.0,0.081,0.269,0.526442947523597
0.296,0.0,0.592,0.012,0.03380356667553899
0.0,0.098,0.296,0.402,0.3883417620441842
0.0,0.0,0.247,0.216,0.6109211523105588
0.142,0.623,0.524,0.627,0.0054052947318850965
0.0,0.0,0.146,0.026,0.26537130689379823
0.0,0.0,0.096,0.264,0.526442947523597
0.0,0.0,0.124,0.322,0.6163264470424439
0.416,0.571,0.472,0.805,0.00436109006777093
0.0,0.344,0.273,0.406,0.01224381155177003
0.102,0.0,0.12,0.149,0.04221862779222375
0.0,0.624,0.12,1.0,0.1110747118199873
0.0,0.0,0.248,0.025,0.28095247845048216
0.06,0.0,0.162,0.381,0.06572347003542106
0.025,0.0,0.197,0.003,0.02618701500788272
0.071,0.073,0.151,0.427,0.038328453553367045
0.0,0.084,0.238,0.292,0.33291701644110483
0.0,0.824,0.24,0.926,0.009315943571998934
0.0,0.004,0.15,0.372,0.3509551401486456
0.0,0.0,0.102,0.131,0.40508998587252515
0.0,0.124,0.038,0.252,0.27562908212362563
0.0,0.018,0.004,0.482,0.3269589074752769
0.0,0.025,0.233,0.225,0.32996867386007656
0.0,0.663,0.161,0.961,0.08658708871644724
0.0,0.0,0.025,0.271,0.526442947523597
0.0,0.569,0.15,0.807,0.06955222047050634
0.392,0.009,0.496,0.367,0.027415491083311153
0.129,0.322,0.537,0.802,0.023996232673368686
0.0,0.638,0.208,0.862,0.07614504207530558
0.0,0.453,0.113,0.922,0.1396777297762126
0.0,0.0,0.042,0.295,0.526442947523597
0.0,0.003,0.302,0.373,0.3895702381196126
0.0,0.107,0.104,0.143,0.1542761204725538
0.0,0.0,0.236,0.003,0.28095247845048216
0.259,0.0,0.629,0.357,0.10423619500010237
0.329,0.505,0.338,0.619,0.0025593251571425645
0.0,0.255,0.324,0.746,0.15540222354169653
0.0,0.0,0.045,0.045,0.23918429188591553
0.0,0.334,0.345,0.542,0.04228005159599517
0.0,0.431,0.019,0.569,0.03044573206936795
0.0,0.473,0.145,0.903,0.1396777297762126
0.0,0.653,0.054,0.971,0.07952335128273377
0.0,0.0,0.177,0.047,0.26537130689379823
0.0,0.0,0.237,0.154,0.4755840380008599
0.036,0.341,0.408,0.659,0.020863618681026187
0.0,0.05,0.034,0.326,0.31543170696750683
0.0,0.678,0.034,1.0,0.07952335128273377
0.0,0.0,0.134,0.309,0.5839151532523904
0.0,0.0,0.245,0.13,0.4755840380008599
0.0,0.075,0.094,0.549,0.3362543764460187
0.179,0.0,0.265,0.133,0.028275424336111053
0.058,0.116,0.386,0.134,0.03691570606662435
0.0,0.0,0.081,0.272,0.526442947523597
0.0,0.167,0.246,0.209,0.13533711430969883
0.0,0.0,0.148,0.075,0.27820888188202536
0.0,0.0,0.056,0.149,0.40508998587252515
0.0,0.417,0.111,0.583,0.03445875391576749
0.0,0.051,0.031,0.199,0.27448250445322575
0.0,0.0,0.0,0.119,0.25081386539997136
0.0,0.0,0.126,0.214,0.5683135070944494
0.0,0.028,0.246,0.222,0.32996867386007656
0.0,0.0,0.203,0.32,0.6163264470424439
0.0,0.0,0.243,0.061,0.28095247845048216
0.0,0.323,0.243,0.677,0.07571507544890563
0.005,0.129,0.217,0.621,0.027517864089596854
0.159,0.023,0.285,0.353,0.038615097970967016
0.0,0.119,0.227,0.131,0.1811592719231793
0.0,0.0,0.104,0.071,0.25081386539997136
0.407,0.0,0.481,0.348,0.043999918101594974
0.438,0.056,0.896,0.32,0.062201838619192894
0.0,0.157,0.011,0.219,0.10857681046661616
0.0,0.0,0.098,0.075,0.25081386539997136
0.0,0.085,0.226,0.165,0.1811592719231793
0.0,0.0,0.133,0.16,0.4473086136647489
0.0,0.111,0.195,0.389,0.34952191806064575
0.0,0.177,0.095,0.199,0.10857681046661616
0.0,0.023,0.165,0.353,0.3509551401486456
0.0,0.472,0.214,0.778,0.09954751131221719
0.0,0.0,0.245,0.368,0.6705227165700948
0.0,0.0,0.247,0.313,0.6705227165700948
0.0,0.0,0.2,0.314,0.6163264470424439
0.0,0.266,0.17,0.734,0.13672938719518438
0.0,0.0,0.234,0.204,0.6109211523105588
0.0,0.14,0.143,0.236,0.12100489342970046
0.0,0.0,0.244,0.108,0.29442476607768064
0.0,0.606,0.172,1.0,0.1110747118199873
0.0,0.605,0.202,0.895,0.10968243893450175
0.0,0.0,0.131,0.212,0.5683135070944494
0.0,0.784,0.201,0.84,0.031080444708339306
0.0,0.0,0.196,0.263,0.5839151532523904
0.0,0.0,0.095,0.236,0.5136667963391413
0.0,0.0,0.125,0.224,0.5683135070944494
0.0,0.0,0.147,0.435,0.6277307999426711
0.0,0.121,0.155,0.129,0.16909973178272353
0.0,0.0,0.042,0.297,0.526442947523597
0.0,0.0,0.184,0.083,0.27820888188202536
0.0,0.328,0.23,0.672,0.07571507544890563
0.0,0.0,0.224,0.058,0.28095247845048216
0.0,0.176,0.038,0.2,0.10857681046661616
0.0,0.0,0.117,0.025,0.26537130689379823
0.024,0.0,0.198,0.23,0.05464671075530804
0.319,0.0,0.347,0.139,0.018734260150283573
0.17,0.124,0.274,0.252,0.02721074507073975
0.0,0.677,0.102,0.947,0.07952335128273377
0.0,0.0,0.2,0.01,0.26537130689379823
0.106,0.0,0.338,0.157,0.08922831227861837
0.0,0.0,0.175,0.325,0.6163264470424439
0.0,0.0,0.173,0.147,0.4473086136647489
0.0,0.131,0.114,0.493,0.18488564935197888
0.299,0.0,0.589,0.269,0.09526831964947483
0.0,0.0,0.16,0.296,0.5839151532523904
0.0,0.658,0.072,0.717,0.03046620667062509
0.0,0.0,0.059,0.28,0.526442947523597
0.0,0.0,0.097,0.229,0.5136667963391413
0.0,0.0,0.005,0.134,0.40508998587252515
0.0,0.0,0.124,0.009,0.26537130689379823
0.0,0.0,0.162,0.182,0.4473086136647489
0.0,0.0,0.074,0.036,0.23918429188591553
0.288,0.547,0.6,0.703,0.012448557564341434
0.0,0.678,0.041,0.946,0.07952335128273377
0.0,0.0,0.043,0.117,0.25081386539997136
0.0,0.867,0.114,0.883,0.00904977375565611
0.0,-0.0,0.013,0.376,0.5620073299072501
0.0,0.0,0.136,0.177,0.4473086136647489
0.089,0.0,0.355,0.086,0.052312606211994024
0.048,0.0,0.174,0.165,0.04221862779222375
0.0,0.331,0.121,0.669,0.07035072991953481
0.0,0.0,0.054,0.178,0.40508998587252515
0.268,0.079,0.62,0.171,0.03402878728936754
0.0,0.052,0.192,0.198,0.3029422002006511
0.0,0.147,0.075,0.353,0.1495260129808972
0.0,0.0,0.241,0.145,0.4755840380008599
0.0,0.0,0.162,0.248,0.5683135070944494
0.0,0.0,0.009,0.047,0.23918429188591553
0.0,0.0,0.226,0.148,0.4755840380008599
0.0,0.116,0.16,0.261,0.30570627137036505
0.247,0.147,0.419,0.229,0.008824553141827562
0.0,0.0,0.008,0.13,0.40508998587252515
0.0,0.18,0.247,0.196,0.13533711430969883
0.0,0.44,0.143,0.81,0.09954751131221719
0.0,0.056,0.208,0.32,0.3509551401486456
0.05,0.0,0.394,0.185,0.08922831227861837
0.0,0.0,0.222,0.154,0.4755840380008599
0.0,0.0,0.098,0.378,0.5620073299072501
0.0,0.0,0.164,0.253,0.5839151532523904
0.0,0.0,0.131,0.155,0.4473086136647489
0.0,0.0,0.126,0.141,0.4473086136647489
0.0,0.059,0.214,0.191,0.3029422002006511
0.0,0.159,0.125,0.217,0.12100489342970046
0.0,0.0,0.187,0.417,0.6277307999426711
0.0,0.082,0.118,0.168,0.16909973178272353
0.331,0.071,0.782,0.179,0.041502016748223826
0.0,0.629,0.017,0.746,0.03046620667062509
0.0,0.0,0.144,0.172,0.4473086136647489
0.525,0.475,0.588,0.524,0.000552814233942794
0.0,0.134,0.059,0.242,0.10857681046661616
0.0,0.061,0.017,0.189,0.27448250445322575
0.0,0.0,0.218,0.378,0.6277307999426711
0.0,0.292,0.235,0.332,0.04318093405130935
0.0,0.0,0.349,0.074,0.3031264716119654
0.0,0.0,0.016,0.094,0.25081386539997136
0.0,0.0,0.183,0.213,0.5683135070944494
0.0,0.0,0.092,0.037,0.23918429188591553
0.132,0.282,0.534,0.342,0.01744436027108372
0.0,0.0,0.229,0.337,0.6705227165700948
0.0,0.0,0.19,0.428,0.6277307999426711
0.123,0.492,0.321,0.758,0.0074732294588562885
0.0,0.0,0.06,0.016,0.23918429188591553
0.0,0.068,0.235,0.308,0.33291701644110483
0.0,0.0,0.251,0.247,0.6109211523105588
0.0,0.0,0.138,0.366,0.6163264470424439
0.0,0.0,0.118,0.402,0.6277307999426711
0.0,0.0,0.052,0.249,0.5136667963391413
0.0,0.0,0.123,0.076,0.27820888188202536
0.0,0.103,0.072,0.147,0.1542761204725538
0.0,0.0,0.085,0.075,0.25081386539997136
0.0,0.055,0.118,0.321,0.3509551401486456
0.0,0.1,0.083,0.4,0.3111934645072787
0.0,0.0,0.271,0.091,0.29442476607768064
0.0,0.463,0.326,0.537,0.024119080280911528
0.427,0.204,0.907,0.42,0.012632828975655699
0.0,0.0,0.341,0.228,0.6384799656026698
0.0,0.0,0.079,0.119,0.25081386539997136
0.0,0.299,0.038,0.325,0.028173051329825352
0.0,0.017,0.1,0.359,0.31543170696750683
0.0,0.0,0.127,0.102,0.27820888188202536
0.192,0.0,0.252,0.09,0.01621588419565529
0.251,0.021,0.415,0.229,0.019061853770397822
0.0,0.0,0.037,0.13,0.40508998587252515
0.0,0.0,0.064,0.114,0.25081386539997136
0.0,0.035,0.167,0.341,0.3509551401486456
0.0,0.0,0.178,0.025,0.26537130689379823
0.0,0.0,0.046,0.005,0.23918429188591553
0.389,0.0,0.499,0.33,0.043999918101594974
0.0,0.0,0.025,0.169,0.40508998587252515
0.478,0.045,0.634,0.331,0.018324768125140764
0.0,0.0,0.098,0.279,0.526442947523597
0.0,0.0,0.237,0.127,0.4755840380008599
0.0,0.154,0.348,0.222,0.1441616674515264
0.0,0.154,0.191,0.222,0.12100489342970046
0.0,0.006,0.235,0.37,0.3895702381196126
0.188,0.049,0.478,0.201,0.06987981409062058
0.0,0.08,0.457,0.17,0.2083904915951762
0.393,0.0,0.495,0.222,0.0403759136790811
0.0,0.0,0.195,0.159,0.4473086136647489
0.58,0.577,0.754,0.673,0.0016584427018283819
0.0,0.608,0.201,0.642,0.02448762310354006
0.376,0.178,0.736,0.572,0.03898364079359554
0.0,0.012,0.358,0.364,0.4142626072357241
0.0,0.0,0.097,0.273,0.526442947523597
0.0,0.177,0.285,0.199,0.13533711430969883
0.66,0.385,0.674,0.865,0.004135869453942385
0.0,0.0,0.212,0.205,0.5683135070944494
0.0,0.007,0.055,0.369,0.31543170696750683
0.0,0.0,0.008,0.188,0.5136667963391413
0.0,0.006,0.158,0.37,0.3509551401486456
0.0,0.179,0.011,0.445,0.1610532134886673
0.108,0.087,0.114,0.289,0.03007718924673942
0.0,0.0,0.128,0.106,0.27820888188202536
0.0,0.0,0.081,0.249,0.5136667963391413
0.181,0.502,0.485,0.622,0.003644479023771012
0.0,0.0,0.157,0.239,0.5683135070944494
0.0,0.252,0.053,0.748,0.11869126348764358
0.0,0.0,0.116,0.3,0.5839151532523904
0.0,0.576,0.047,1.0,0.10173829364673123
0.0,0.301,0.027,0.449,0.039700251837595464
0.0,0.055,0.222,0.321,0.3895702381196126
0.0,0.0,0.23,0.206,0.6109211523105588
0.07,0.0,0.374,0.032,0.05026514608627997
0.0,0.476,0.193,0.648,0.05448291394525091
0.103,0.0,0.119,0.338,0.06171044818902152
0.0,0.0,0.108,0.077,0.25081386539997136
0.524,0.0,0.588,0.147,0.015785917569255337
0.0,0.0,0.128,0.23,0.5683135070944494
0.054,0.0,0.168,0.01,0.02618701500788272
0.632,0.0,0.702,0.34,0.024385250097254355
0.555,0.165,0.557,0.211,0.008558383325484736
0.752,0.707,0.804,0.918,6.142380377142156e-05
0.0,0.0,0.213,0.314,0.6163264470424439
0.042,0.0,0.18,0.152,0.04221862779222375
0.0,0.344,0.055,0.656,0.06005200548719314
0.055,0.0,0.389,0.115,0.052312606211994024
0.24,0.0,0.426,0.186,0.018734260150283573
0.028,0.0,0.415,0.164,0.08922831227861837
0.0,0.0,0.055,0.266,0.526442947523597
0.275,0.0,0.613,0.263,0.09526831964947483
0.0,0.044,0.095,0.206,0.27448250445322575
0.0,0.0,0.002,0.052,0.23918429188591553
0.0,0.0,0.106,0.015,0.23918429188591553
0.0,0.046,0.144,0.33,0.3509551401486456
0.0,0.0,0.099,0.066,0.25081386539997136
0.0,0.771,0.138,0.854,0.031080444708339306
0.0,0.125,0.164,0.375,0.34952191806064575
0.0,0.499,0.116,0.877,0.1396777297762126
0.0,0.5,0.303,0.5,0.024119080280911528
0.0,0.0,0.086,0.153,0.40508998587252515
0.0,0.0,0.102,0.212,0.5136667963391413
0.0,0.607,0.085,0.893,0.10044839376753138
0.331,0.0,0.557,0.02,0.03380356667553899
0.0,0.0,0.106,0.163,0.40508998587252515
0.0,0.174,0.187,0.202,0.12100489342970046
0.0,0.14,0.122,0.236,0.12100489342970046
0.0,0.0,0.113,0.265,0.5839151532523904
0.0,0.007,0.003,0.369,0.31543170696750683
0.0,0.0,0.175,0.142,0.4473086136647489
0.0,0.0,0.07,0.383,0.5620073299072501
0.0,0.037,0.457,0.34,0.44167809831903526
0.0,0.149,0.155,0.475,0.18488564935197888
0.0,0.0,0.226,0.343,0.6705227165700948
0.4,0.0,0.712,0.198,0.08677136012776152
0.0,0.0,0.117,0.059,0.26537130689379823
0.0,0.153,0.134,0.223,0.12100489342970046
0.08,0.0,0.142,0.241,0.05464671075530804
0.654,0.536,0.68,0.839,0.003808275833828136
0.0,0.0,0.237,0.372,0.6705227165700948
0.0,0.071,0.142,0.304,0.30570627137036505
0.0,0.0,0.247,0.123,0.29442476607768064
0.106,0.162,0.56,0.462,0.08971970270878975
0.0,0.0,0.155,0.181,0.4473086136647489
0.0,0.0,0.242,0.285,0.6273417825187855
0.0,0.0,0.339,0.136,0.49431829815114353
0.0,0.0,0.182,0.116,0.27820888188202536
0.0,0.0,0.219,0.022,0.26537130689379823
0.0,0.268,0.11,0.356,0.028173051329825352
0.0,0.373,0.133,0.751,0.1154153272865011
0.0,0.622,0.21,0.754,0.06955222047050634
0.0,0.0,0.065,0.248,0.5136667963391413
0.0,0.698,0.208,0.927,0.051227452345365576
0.0,0.0,0.057,0.003,0.23918429188591553
0.0,0.0,0.246,0.017,0.28095247845048216
0.0,0.0,0.148,0.212,0.5683135070944494
0.0,0.152,0.144,0.472,0.18488564935197888
0.0,0.14,0.112,0.236,0.12100489342970046
0.239,0.0,0.427,0.117,0.00870170553428472
0.0,0.0,0.216,0.094,0.27820888188202536
0.0,0.729,0.139,0.895,0.051227452345365576
0.0,0.512,0.13,0.612,0.006940889826170635
0.0,0.0,0.142,0.152,0.4473086136647489
0.0,0.0,0.214,0.142,0.4473086136647489
0.0,0.0,0.027,0.32,0.5546159988534223
0.0,0.0,0.037,0.25,0.526442947523597
0.0,0.0,0.262,0.156,0.4755840380008599
0.0,0.081,0.224,0.169,0.1811592719231793
0.0,0.0,0.132,0.363,0.6163264470424439
0.0,0.549,0.062,0.827,0.09745910198398886
0.0,0.0,0.183,0.235,0.5683135070944494
0.0,0.0,0.055,0.007,0.23918429188591553
0.023,0.124,0.42,0.252,0.07647263569541983
0.0,0.071,0.193,0.179,0.16909973178272353
0.0,0.12,0.256,0.13,0.1811592719231793
0.0,0.0,0.044,0.124,0.25081386539997136
0.0,0.0,0.12,0.022,0.26537130689379823
0.0,0.0,0.18,0.214,0.5683135070944494
0.0,0.083,0.051,0.293,0.27562908212362563
0.0,0.0,0.11,0.02,0.23918429188591553
0.0,0.01,0.194,0.24,0.3029422002006511
0.0,0.08,0.021,0.543,0.3362543764460187
0.0,0.0,0.126,0.231,0.5683135070944494
0.0,0.0,0.08,0.149,0.40508998587252515
0.706,0.067,1.0,0.433,0.00016379681005712415
0.0,0.0,0.045,0.391,0.5620073299072501
0.0,0.0,0.075,0.004,0.23918429188591553
0.0,0.018,0.193,0.358,0.3509551401486456
0.0,0.495,0.177,0.505,0.023054401015540224
0.0,0.0,0.03,0.2,0.5136667963391413
0.0,0.07,0.202,0.554,0.37703978215024264
0.0,0.0,0.226,0.373,0.6705227165700948
0.0,0.0,0.037,0.297,0.526442947523597
0.108,0.027,0.336,0.349,0.09883090026821728
0.0,0.0,0.095,0.119,0.25081386539997136
0.0,0.471,0.083,0.905,0.12675825638295693
0.0,0.0,0.187,0.351,0.6163264470424439
0.0,0.155,0.114,0.221,0.12100489342970046
0.0,0.476,0.272,0.9,0.14866607972809728
0.0,0.476,0.048,0.524,0.02092504248479761
0.0,0.0,0.213,0.245,0.5683135070944494
0.0,0.0,0.245,0.326,0.6705227165700948
0.0,0.487,0.085,0.889,0.12675825638295693
0.0,0.792,0.163,0.832,0.031080444708339306
0.0,0.47,0.18,0.906,0.1396777297762126
0.0,0.0,0.343,0.226,0.6384799656026698
0.353,0.0,0.535,0.344,0.043999918101594974
0.0,0.0,0.226,0.416,0.6827665281218648
0.308,0.721,0.58,1.0,0.007411805655084867
0.0,0.63,0.163,0.746,0.03396736348559612
0.0,0.14,0.012,0.236,0.10857681046661616
0.0,0.027,0.112,0.349,0.3509551401486456
0.395,0.058,0.493,0.442,0.028275424336111053
0.0,0.0,0.243,0.286,0.6273417825187855
0.0,0.33,0.322,0.67,0.07571507544890563
0.0,0.0,0.163,0.16,0.4473086136647489
0.0,0.116,0.032,0.134,0.1542761204725538
0.0,0.085,0.243,0.165,0.1811592719231793
0.0,0.051,0.053,0.325,0.31543170696750683
0.0,0.0,0.016,0.118,0.25081386539997136
0.0,0.0,0.112,0.023,0.26537130689379823
0.0,0.084,0.143,0.166,0.16909973178272353
0.0,0.0,0.238,0.274,0.6273417825187855
0.443,0.037,0.445,0.339,0.027415491083311153
0.0,0.0,0.029,0.032,0.23918429188591553
0.0,0.0,0.02,0.099,0.25081386539997136
0.0,0.0,0.119,0.201,0.5683135070944494
0.0,0.0,0.327,0.203,0.6109211523105588
0.0,0.0,0.231,0.014,0.28095247845048216
0.192,0.008,0.252,0.242,0.027026473659425482
0.0,0.0,0.043,0.359,0.5546159988534223
0.0,0.0,0.082,0.262,0.526442947523597
0.0,0.0,0.113,0.236,0.5683135070944494
0.0,0.114,0.046,0.262,0.27562908212362563
0.0,0.0,0.117,0.304,0.5839151532523904
0.0,0.0,0.032,0.049,0.23918429188591553
0.0,0.434,0.153,0.566,0.03445875391576749
0.0,0.0,0.018,0.08,0.25081386539997136
0.0,0.623,0.204,0.752,0.06955222047050634
0.0,0.057,0.057,0.193,0.27448250445322575
0.0,0.0,0.022,0.233,0.5136667963391413
0.115,0.171,0.551,0.454,0.05194406338936549
0.0,0.0,0.186,0.154,0.4473086136647489
0.0,0.788,0.113,0.962,0.04152249134948097
0.0,0.0,0.162,0.274,0.5839151532523904
0.0,0.063,0.191,0.313,0.3381175651604185
0.0,0.002,0.248,0.374,0.3895702381196126
0.0,0.0,0.003,0.339,0.5546159988534223
0.0,0.0,0.13,0.038,0.26537130689379823
0.0,0.0,0.129,0.139,0.4473086136647489
0.056,0.023,0.388,0.353,0.09883090026821728
0.0,0.0,0.098,0.183,0.40508998587252515
0.088,0.0,0.134,0.272,0.057472205728793434
0.0,0.0,0.099,0.262,0.526442947523597
-0.0,0.0,0.0,0.129,0.40508998587252515
0.38,0.0,0.732,0.218,0.08677136012776152
0.0,0.333,0.086,0.543,0.03245224299256772
0.0,0.088,0.275,0.162,0.1811592719231793
0.0,0.0,0.216,0.365,0.6163264470424439
0.0,0.0,0.182,0.43,0.6277307999426711
0.0,0.0,0.114,0.159,0.4473086136647489
0.22,0.062,0.668,0.562,0.1421551565283266
0.0,0.558,0.233,0.692,0.07129256157736329
0.0,0.0,0.107,0.241,0.5136667963391413
0.0,0.094,0.122,0.282,0.30570627137036505
0.0,0.623,0.174,0.627,0.02448762310354006
0.0,0.0,0.033,0.192,0.5136667963391413
0.0,0.0,0.126,0.178,0.4473086136647489
0.036,0.0,0.186,0.414,0.06572347003542106
0.0,0.0,0.093,0.128,0.40508998587252515
0.0,0.0,0.106,0.248,0.5136667963391413
0.0,0.003,0.241,0.247,0.32996867386007656
0.0,0.0,0.077,0.083,0.25081386539997136
0.545,0.095,0.567,0.529,0.021293585307426137
0.0,0.098,0.057,0.278,0.27562908212362563
0.0,0.0,0.077,0.217,0.5136667963391413
0.0,0.09,0.112,0.16,0.16909973178272353
0.0,0.0,0.452,0.402,0.7613685223480273
0.0,0.172,0.026,0.204,0.10857681046661616
0.0,0.162,0.084,0.462,0.1610532134886673
0.0,0.0,0.104,0.203,0.5136667963391413
0.0,0.404,0.135,0.472,0.004463463074056632
0.0,0.16,0.102,0.34,0.1495260129808972
0.0,0.0,0.115,0.314,0.6163264470424439
0.0,0.558,0.128,0.692,0.06539587641530681
0.0,0.398,0.046,0.726,0.0831268811039905
0.0,0.183,0.469,0.317,0.2181978255973465
0.0,0.0,0.243,0.007,0.28095247845048216
0.0,0.133,0.098,0.367,0.1495260129808972
0.0,0.0,0.048,0.159,0.40508998587252515
0.0,0.083,0.243,0.167,0.1811592719231793
0.122,0.133,0.322,0.617,0.028643967158739583
0.0,0.06,0.237,0.316,0.3895702381196126
0.247,0.0,0.419,0.392,0.034110685694396105
0.0,0.0,0.048,0.094,0.25081386539997136
0.0,0.81,0.076,0.94,0.038574148768452735
0.0,0.09,0.103,0.16,0.1542761204725538
0.0,0.171,0.168,0.205,0.12100489342970046
0.0,0.251,0.06,0.625,0.08822505681701849
0.0,0.54,0.176,0.836,0.10757355500501628
0.0,0.0,0.197,0.074,0.27820888188202536
0.0,0.559,0.042,0.817,0.09745910198398886
0.0,0.0,0.06,0.332,0.5546159988534223
0.436,0.098,0.452,0.152,0.017198665055998034
0.095,0.0,0.127,0.071,0.027395016482054012
0.0,0.519,0.043,0.981,0.10712311377735918
0.0,0.912,0.065,0.964,0.0012898998791998526
0.159,0.174,0.285,0.45,0.02686267684936836
0.061,0.017,0.161,0.359,0.0355234331811388
0.0,0.085,0.1,0.291,0.27562908212362563
0.0,0.0,0.15,0.131,0.4473086136647489
0.0,0.164,0.315,0.587,0.24352490735242932
0.396,0.0,0.492,0.08,0.017997174505026515
0.0,0.0,0.019,0.359,0.5546159988534223
0.0,0.0,0.247,0.155,0.4755840380008599
0.17,0.113,0.275,0.137,0.012059540140455764
0.0,0.737,0.122,1.0,0.05261972523085113
0.0,0.0,0.05,0.057,0.23918429188591553
0.0,0.0,0.116,0.043,0.26537130689379823
0.0,0.318,0.465,0.682,0.08664851252021867
0.224,0.093,0.664,0.283,0.05958108965827891
0.0,0.608,0.102,1.0,0.10173829364673123
0.127,0.0,0.318,0.214,0.042607645216109415
0.0,0.0,0.131,0.054,0.26537130689379823
0.035,0.0,0.187,0.182,0.04221862779222375
0.0,0.218,0.242,0.406,0.07184537581130608
0.0,0.151,0.057,0.225,0.10857681046661616
0.0,0.546,0.125,0.829,0.10757355500501628
0.074,0.0,0.148,0.072,0.027395016482054012
0.0,0.0,0.132,0.336,0.6163264470424439
0.0,0.464,0.016,0.912,0.12675825638295693
0.0,0.0,0.226,0.279,0.6273417825187855
0.0,0.011,0.205,0.365,0.3509551401486456
0.0,0.0,0.077,0.425,0.5620073299072501
0.0,0.0,0.239,0.243,0.6109211523105588
0.0,0.0,0.198,0.393,0.6277307999426711
0.0,0.0,0.022,0.075,0.25081386539997136
0.0,0.0,0.143,0.31,0.5839151532523904
0.049,0.0,0.173,0.028,0.02618701500788272
0.0,0.045,0.167,0.205,0.3029422002006511
0.0,0.038,0.203,0.338,0.3509551401486456
0.0,0.073,0.171,0.303,0.30570627137036505
0.0,0.261,0.029,0.489,0.039700251837595464
0.0,0.492,0.161,0.632,0.05448291394525091
0.08,0.836,0.364,0.914,0.0010237300628570258
0.191,0.0,0.253,0.072,0.01621588419565529
0.0,0.322,0.074,0.678,0.06005200548719314
0.0,0.528,0.079,0.597,0.005384820130627956
0.607,0.17,0.728,0.454,0.009541164185827481
0.0,0.0,0.001,0.024,0.23918429188591553
0.0,0.146,0.101,0.23,0.10857681046661616
0.225,0.048,0.663,0.202,0.05847546119039332
0.0,0.031,0.098,0.219,0.27448250445322575
0.0,0.72,0.2,1.0,0.05261972523085113
0.0,0.71,0.025,0.915,0.047767244732908824
0.0,0.103,0.179,0.147,0.16909973178272353
0.0,0.428,0.283,0.696,0.09997747793861715
0.0,0.059,0.211,0.317,0.3509551401486456
0.121,0.07,0.323,0.306,0.02721074507073975
0.0,0.114,0.023,0.136,0.1542761204725538
0.0,0.063,0.139,0.187,0.16909973178272353
0.104,0.733,0.562,0.891,0.01267377817816998
0.081,0.0,0.142,0.435,0.06572347003542106
0.0,0.029,0.043,0.221,0.27448250445322575
0.0,0.0,0.084,0.011,0.23918429188591553
0.0,0.0,0.446,0.027,0.3060338649904793
0.0,0.0,0.044,0.204,0.5136667963391413
0.0,0.0,0.059,0.398,0.5620073299072501
0.0,0.0,0.132,0.214,0.5683135070944494
0.556,0.0,0.778,0.231,0.046477344853708975
0.0,0.0,0.059,0.038,0.23918429188591553
0.0,0.0,0.017,0.153,0.40508998587252515
0.042,0.0,0.179,0.07,0.027395016482054012
0.427,0.0,0.685,0.187,0.06662435249073524
0.0,0.594,0.245,0.656,0.027128846665711186
0.0,0.0,0.177,0.302,0.5839151532523904
0.0,0.038,0.227,0.212,0.32996867386007656
0.0,0.0,0.263,0.254,0.6273417825187855
0.0,0.003,0.117,0.247,0.3029422002006511
0.074,0.205,0.148,0.545,0.013533711430969882
0.0,0.585,0.072,0.665,0.022214942363997462
0.0,0.073,0.117,0.427,0.34952191806064575
0.0,0.153,0.014,0.223,0.10857681046661616
0.0,0.623,0.059,0.752,0.0631641448782785
0.0,0.0,0.114,0.049,0.26537130689379823
0.0,0.0,0.236,0.435,0.6827665281218648
0.022,0.0,0.422,0.426,0.15486988390901088
0.0,0.0,0.111,0.333,0.6163264470424439
0.0,0.0,0.095,0.414,0.5620073299072501
0.363,0.177,0.749,0.199,0.02014700763702627
0.0,0.197,0.353,0.427,0.07839724821359104
0.0,0.234,0.148,0.266,0.015601646157941074
0.088,0.273,0.134,0.477,0.008578857926741876
0.151,0.264,0.293,0.36,0.010769640261255911
0.0,0.046,0.094,0.204,0.27448250445322575
0.0,0.28,0.189,0.344,0.03241129379005344
0.0,0.047,0.118,0.329,0.3509551401486456
0.0,0.0,0.229,0.052,0.28095247845048216
0.0,0.0,0.21,0.095,0.27820888188202536
0.0,0.186,0.189,0.438,0.18488564935197888
0.137,0.079,0.529,0.297,0.07102639176102045
0.0,0.604,0.227,0.896,0.11688949857701521
0.0,0.0,0.021,0.158,0.40508998587252515
0.0,0.0,0.238,0.049,0.28095247845048216
0.0,0.751,0.184,0.873,0.031080444708339306
0.0,0.637,0.2,0.988,0.08658708871644724
0.0,0.0,0.058,0.224,0.5136667963391413
0.0,0.169,0.03,0.207,0.10857681046661616
0.0,0.0,0.104,0.001,0.23918429188591553
0.0,0.0,0.049,0.307,0.526442947523597
0.0,0.0,0.242,0.341,0.6705227165700948
0.0,0.619,0.245,0.757,0.0752441596199914
0.0,0.019,0.178,0.481,0.36682295612292953
0.0,0.0,0.013,0.346,0.5546159988534223
0.0,0.0,0.04,0.193,0.5136667963391413
0.0,0.0,0.079,0.073,0.25081386539997136
0.0,0.0,0.082,0.24,0.5136667963391413
0.179,0.0,0.487,0.354,0.1313855162670707
0.0,0.067,0.029,0.183,0.1542761204725538
0.175,0.147,0.269,0.477,0.02686267684936836
0.0,0.175,0.224,0.201,0.13533711430969883
0.0,0.359,0.205,0.641,0.07035072991953481
0.389,0.729,0.499,0.771,0.00118752687291415
0.0,0.146,0.269,0.23,0.13533711430969883
0.0,0.0,0.058,0.192,0.5136667963391413
0.357,0.032,0.756,0.218,0.05337728547736533
0.0,0.32,0.154,0.556,0.03892221698982412
0.0,0.0,0.187,0.275,0.5839151532523904
0.0,0.0,0.018,0.069,0.25081386539997136
0.18,0.0,0.486,0.292,0.11394115599598698
0.0,0.025,0.196,0.099,0.012837574988227103
0.288,0.137,0.378,0.239,0.008824553141827562
0.0,0.0,0.08,0.393,0.5620073299072501
0.0,0.28,0.219,0.344,0.03241129379005344
0.409,0.525,0.703,0.85,0.016441104809483836
0.364,0.0,0.524,0.248,0.0403759136790811
0.0,0.434,0.228,0.816,0.1439159722364407
0.0,0.0,0.018,0.355,0.5546159988534223
0.0,0.0,0.104,0.012,0.23918429188591553
0.0,0.0,0.055,0.102,0.25081386539997136
0.0,0.292,0.054,0.458,0.039700251837595464
0.0,0.18,0.077,0.196,0.10857681046661616
0.0,0.0,0.198,0.166,0.4473086136647489
0.0,0.0,0.128,0.211,0.5683135070944494
0.0,0.0,0.196,0.184,0.4473086136647489
0.0,0.01,0.074,0.366,0.31543170696750683
0.257,0.0,0.41,0.028,0.008496959521713315
0.0,0.003,0.011,0.373,0.31543170696750683
0.56,0.0,0.774,0.416,0.025163284945025694
0.0,0.499,0.35,0.751,0.11301979893941566
0.263,0.222,0.404,0.402,0.006551872402284965
0.0,0.048,0.064,0.202,0.27448250445322575
0.272,0.128,0.394,0.248,0.008824553141827562
0.0,0.118,0.168,0.506,0.37703978215024264
0.361,0.0,0.751,0.073,0.035195839561024546
0.0,0.0,0.448,0.263,0.6978563092483774
0.0,0.0,0.049,0.112,0.25081386539997136
0.0,0.131,0.101,0.245,0.10857681046661616
0.0,0.795,0.187,0.955,0.04152249134948097
0.0,0.0,0.109,0.074,0.25081386539997136
0.0,0.041,0.056,0.336,0.31543170696750683
0.0,0.674,0.11,0.95,0.07952335128273377
0.0,0.032,0.18,0.344,0.3509551401486456
0.0,0.615,0.064,0.635,0.022214942363997462
0.0,0.0,0.258,0.033,0.28095247845048216
0.0,0.0,0.074,0.304,0.526442947523597
0.0,0.13,0.21,0.246,0.12100489342970046
0.0,0.0,0.152,0.017,0.26537130689379823
0.058,0.0,0.165,0.065,0.027395016482054012
0.0,0.13,0.147,0.62,0.21488094019368972
0.0,0.0,0.175,0.191,0.5683135070944494
0.0,-0.0,0.035,0.25,0.526442947523597
0.0,0.0,0.07,0.181,0.40508998587252515
0.248,0.126,0.639,0.498,0.039024589996109825
0.0,0.0,0.068,0.072,0.25081386539997136
0.582,0.193,0.752,0.431,0.0031121393910853584
0.0,0.0,0.344,0.24,0.6384799656026698
0.0,0.477,0.228,0.899,0.14866607972809728
0.0,0.0,0.037,0.372,0.5546159988534223
0.352,0.0,0.536,0.362,0.043999918101594974
0.0,0.121,0.116,0.129,0.16909973178272353
0.0,0.079,0.177,0.297,0.30570627137036505
0.0,0.0,0.471,0.23,0.678855879281751
0.0,0.0,0.011,0.207,0.5136667963391413
0.0,0.029,0.157,0.095,0.012837574988227103
0.0,0.0,0.042,0.268,0.526442947523597
0.003,0.09,0.219,0.16,0.014823611310169734
0.0,0.0,0.022,0.426,0.5620073299072501
0.207,0.0,0.459,0.32,0.1313855162670707
0.487,0.116,0.625,0.261,0.015765442967998197
0.024,0.489,0.198,0.887,0.012919473393255667
0.0,0.105,0.068,0.271,0.27562908212362563
0.0,0.0,0.134,0.356,0.6163264470424439
0.663,0.0,0.671,0.157,0.015642595360455355
0.0,0.0,0.052,0.43,0.5620073299072501
0.0,0.0,0.092,0.106,0.25081386539997136
0.307,0.008,0.581,0.492,0.07493704060113429
0.0,0.0,0.074,0.175,0.40508998587252515
0.0,0.036,0.005,0.214,0.27448250445322575
0.0,0.125,0.199,0.125,0.16909973178272353
0.105,0.0,0.339,0.152,0.08922831227861837
0.0,0.0,0.026,0.015,0.23918429188591553
0.197,0.0,0.691,0.236,0.15693781863598205
0.0,0.266,0.063,0.358,0.028173051329825352
0.0,0.22,0.356,0.53,0.10751213120124485
0.0,0.203,0.314,0.547,0.10053029217255995
0.0,0.054,0.261,0.322,0.3895702381196126
0.0,0.18,0.16,0.196,0.12100489342970046
0.0,0.068,0.035,0.182,0.1542761204725538
0.0,0.025,0.121,0.225,0.3029422002006511
0.0,0.0,0.24,0.131,0.4755840380008599
0.0,0.0,0.089,0.174,0.40508998587252515
0.429,0.023,0.459,0.227,0.023791486660797282
0.0,0.152,0.113,0.224,0.12100489342970046
0.062,0.425,0.16,0.825,0.012571405171884278
0.0,0.0,0.078,0.148,0.40508998587252515
0.0,0.462,0.191,0.538,0.023054401015540224
0.111,0.0,0.111,0.207,0.05464671075530804
0.0,0.0,0.098,0.013,0.23918429188591553
0.0,0.0,0.056,0.06,0.23918429188591553
0.0,0.654,0.247,0.722,0.03650621404148154
0.0,0.327,0.034,0.673,0.06005200548719314
0.288,0.097,0.379,0.153,0.010032554615998853
0.0,0.076,0.014,0.299,0.27562908212362563
0.0,0.0,0.039,0.078,0.25081386539997136
0.339,0.0,0.549,0.366,0.043999918101594974
0.0,0.0,0.065,0.133,0.40508998587252515
0.0,0.0,0.218,0.347,0.6163264470424439
0.0,0.002,0.23,0.248,0.32996867386007656
0.0,0.563,0.16,0.687,0.02448762310354006
0.0,0.0,0.228,0.006,0.28095247845048216
0.0,0.526,0.02,0.724,0.05806596916525051
0.111,0.378,0.555,0.746,0.029606273417825187
0.0,0.0,0.236,0.002,0.28095247845048216
0.0,0.0,0.191,0.002,0.26537130689379823
0.147,0.418,0.519,0.832,0.026944575254396922
0.0,0.072,0.197,0.178,0.16909973178272353
0.057,0.034,0.387,0.343,0.09883090026821728
0.0,0.0,0.047,0.196,0.5136667963391413
0.199,0.228,0.467,0.396,0.023095350218054502
0.0,0.158,0.172,0.467,0.18488564935197888
0.302,0.112,0.586,0.265,0.05958108965827891
0.0,0.803,0.22,1.0,0.04152249134948097
0.0,0.0,0.095,0.166,0.40508998587252515
0.12,0.093,0.325,0.531,0.03998689625519543
0.0,0.0,0.005,0.285,0.526442947523597
0.0,0.0,0.061,0.271,0.526442947523597
0.0,0.0,0.025,0.111,0.25081386539997136
0.0,0.0,0.124,0.206,0.5683135070944494
0.0,0.0,0.336,0.351,0.7037120452079195
0.0,0.0,0.203,0.22,0.5683135070944494
0.0,0.0,0.218,0.247,0.5683135070944494
0.0,0.132,0.183,0.244,0.12100489342970046
0.0,0.522,0.159,0.854,0.10757355500501628
0.438,0.007,0.897,0.243,0.05347965848365103
0.0,0.04,0.245,0.21,0.32996867386007656
0.0,0.0,0.148,0.152,0.4473086136647489
0.0,0.0,0.252,0.035,0.28095247845048216
0.164,0.239,0.281,0.385,0.012428082963084295
0.016,0.0,0.206,0.176,0.04221862779222375
0.0,0.0,0.015,0.234,0.5136667963391413
0.02,0.0,0.203,0.333,0.06171044818902152
0.0,0.0,0.025,0.224,0.5136667963391413
0.0,0.115,0.164,0.135,0.16909973178272353
0.0,0.0,0.171,0.18,0.4473086136647489
0.0,0.199,0.138,0.301,0.015601646157941074
0.0,0.05,0.17,0.326,0.3509551401486456
0.0,0.044,0.068,0.08,0.011629573514055814
0.0,0.0,0.116,0.064,0.27820888188202536
0.203,0.094,0.241,0.282,0.02721074507073975
0.0,0.159,0.178,0.217,0.12100489342970046
0.174,0.0,0.27,0.38,0.05503572817919371
0.0,0.0,0.14,0.421,0.6277307999426711
0.0,0.0,0.15,0.216,0.5683135070944494
0.0,0.117,0.23,0.133,0.1811592719231793
0.493,0.587,0.619,0.663,0.00118752687291415
0.0,0.0,0.03,0.134,0.40508998587252515
0.208,0.021,0.68,0.229,0.09946561290718864
0.0,0.0,0.245,0.124,0.29442476607768064
0.0,-0.0,0.185,0.25,0.5839151532523904
0.0,0.756,0.221,0.868,0.031080444708339306
0.0,0.084,0.118,0.292,0.30570627137036505
0.0,0.0,0.138,0.013,0.26537130689379823
0.0,0.0,0.13,0.417,0.6277307999426711
0.479,0.103,0.856,0.273,0.029749595626625172
0.359,0.316,0.528,0.684,0.005732888351999345
0.0,0.026,0.013,0.35,0.31543170696750683
0.04,0.048,0.404,0.202,0.07454802317724862
0.0,0.541,0.213,0.709,0.06539587641530681
0.353,0.0,0.535,0.227,0.0403759136790811
0.0,0.132,0.157,0.244,0.12100489342970046
0.0,0.729,0.116,1.0,0.05261972523085113
0.0,0.0,0.197,0.09,0.27820888188202536
0.0,0.025,0.182,0.225,0.3029422002006511
0.121,0.0,0.545,0.422,0.13363772240535615
0.0,0.0,0.004,0.233,0.5136667963391413
0.0,0.127,0.465,0.497,0.23682971274134437
0.0,0.0,0.198,0.049,0.26537130689379823
0.0,0.099,0.089,0.277,0.27562908212362563
0.0,0.511,0.244,0.865,0.11523105587518682
0.311,0.446,0.355,0.929,0.006388075592227841
0.355,0.551,0.758,0.825,0.016441104809483836
0.108,0.327,0.336,0.797,0.029790544829139454
0.0,0.0,0.062,0.315,0.5546159988534223
0.176,0.154,0.268,0.222,0.014332220879998362
0.0,0.642,0.335,0.734,0.03804180913576708
0.136,0.0,0.308,0.221,0.042607645216109415
0.0,0.484,0.24,0.516,0.024119080280911528
0.0,0.0,0.214,0.105,0.27820888188202536
0.0,0.0,0.049,0.359,0.5546159988534223
0.0,0.0,0.02,0.028,0.23918429188591553
0.0,0.0,0.146,0.308,0.5839151532523904
0.0,0.0,0.166,0.206,0.5683135070944494
0.0,0.0,0.194,0.134,0.4473086136647489
0.0,0.18,0.04,0.196,0.10857681046661616
0.0,0.0,0.199,0.038,0.26537130689379823
0.0,0.0,0.117,0.023,0.26537130689379823
0.0,0.0,0.099,0.374,0.5546159988534223
0.0,0.0,0.093,0.403,0.5620073299072501
0.009,0.07,0.213,0.18,0.014823611310169734
0.106,0.12,0.56,0.256,0.11686902397575807
0.459,0.048,0.653,0.202,0.015622120759198214
0.0,0.565,0.183,0.935,0.10968243893450175
0.0,0.055,0.018,0.195,0.27448250445322575
0.0,0.0,0.177,0.302,0.5839151532523904
0.0,0.0,0.231,0.167,0.4755840380008599
0.0,0.713,0.111,0.911,0.051227452345365576
0.0,0.0,0.156,0.356,0.6163264470424439
0.0,0.0,0.171,0.043,0.26537130689379823
0.0,0.108,0.197,0.142,0.16909973178272353
0.437,0.09,0.897,0.286,0.05448291394525091
0.0,0.055,0.019,0.321,0.31543170696750683
0.0,0.0,0.203,0.167,0.4473086136647489
0.062,0.0,0.16,0.183,0.04221862779222375
0.0,0.558,0.146,0.818,0.10757355500501628
0.0,0.0,0.233,0.249,0.6109211523105588
0.629,0.0,0.705,0.35,0.024385250097254355
0.0,0.664,0.114,0.836,0.07614504207530558
0.024,0.082,0.199,0.168,0.014823611310169734
0.0,0.52,0.236,0.856,0.11523105587518682
0.0,0.095,0.061,0.155,0.1542761204725538
0.0,0.702,0.06,0.922,0.047767244732908824
0.0,0.008,0.091,0.242,0.27448250445322575
0.0,0.184,0.091,0.192,0.10857681046661616
0.0,0.799,0.01,1.0,0.038574148768452735
0.432,0.0,0.68,0.35,0.09543211645953195
0.111,0.087,0.555,0.289,0.10110358100775987
0.0,0.023,0.197,0.353,0.3509551401486456
0.0,0.623,0.128,1.0,0.1110747118199873
0.0,0.0,0.2,0.275,0.5839151532523904
0.054,0.594,0.39,0.782,0.015130730329026842
0.0,0.065,0.139,0.185,0.16909973178272353
0.0,0.0,0.157,0.326,0.6163264470424439
0.0,0.0,0.1,0.206,0.5136667963391413
0.0,0.0,0.197,0.291,0.5839151532523904
0.0,0.446,0.113,0.554,0.023054401015540224
0.622,0.484,0.712,0.766,0.0038287504350852765
0.598,0.051,0.737,0.2,0.013963678057369833
0.0,0.055,0.23,0.321,0.3895702381196126
0.0,0.5,0.083,0.5,0.02092504248479761
0.0,0.0,0.083,0.4,0.5620073299072501
0.0,0.104,0.146,0.272,0.30570627137036505
0.089,0.096,0.355,0.28,0.07647263569541983
0.0,0.0,0.169,0.062,0.27820888188202536
0.522,0.68,0.812,0.695,0.0024569521508568623
0.0,0.0,0.005,0.105,0.25081386539997136
0.0,0.077,0.007,0.423,0.3111934645072787
0.0,0.262,0.191,0.362,0.03241129379005344
0.128,0.28,0.316,0.344,0.010769640261255911
0.0,0.162,0.008,0.214,0.10857681046661616
0.355,0.588,0.533,1.0,0.00904977375565611
0.0,0.092,0.248,0.158,0.1811592719231793
0.0,0.0,0.137,0.053,0.26537130689379823
0.0,0.0,0.036,0.033,0.23918429188591553
0.411,0.038,0.477,0.212,0.023791486660797282
0.141,0.564,0.303,0.812,0.006940889826170635
0.059,0.285,0.385,0.339,0.020310804447083393
0.224,0.0,0.664,0.258,0.09526831964947483
0.0,0.0,0.236,0.308,0.6273417825187855
0.0,0.0,0.135,0.356,0.6163264470424439
0.0,0.071,0.004,0.179,0.1542761204725538
0.0,0.146,0.02,0.23,0.10857681046661616
0.0,0.0,0.048,0.088,0.25081386539997136
0.0,0.0,0.046,0.307,0.526442947523597
0.0,0.0,0.108,0.057,0.23918429188591553
0.3,0.0,0.588,0.129,0.06971601728056347
0.0,0.0,0.127,0.021,0.26537130689379823
0.0,0.124,0.132,0.126,0.16909973178272353
0.0,0.0,0.105,0.298,0.526442947523597
0.0,0.007,0.208,0.243,0.3029422002006511
0.0,0.066,0.119,0.184,0.16909973178272353
0.0,0.583,0.067,0.793,0.0631641448782785
0.0,0.12,0.186,0.38,0.34952191806064575
0.0,0.0,0.013,0.021,0.23918429188591553
0.0,0.0,0.144,0.105,0.27820888188202536
0.0,0.0,0.088,0.363,0.5546159988534223
0.073,0.337,0.149,0.413,0.004013021846399541
0.207,0.112,0.237,0.512,0.03998689625519543
0.0,0.006,0.12,0.244,0.3029422002006511
0.049,0.0,0.173,0.358,0.06171044818902152
0.0,0.0,0.155,0.09,0.27820888188202536
0.0,0.734,0.244,0.89,0.05325443786982249
0.387,0.0,0.502,0.214,0.0403759136790811
0.159,0.554,0.507,0.696,0.014823611310169734
0.068,0.0,0.154,0.272,0.057472205728793434
0.0,0.471,0.1,0.905,0.12675825638295693
0.356,0.62,0.532,1.0,0.00904977375565611
0.0,0.0,0.068,0.158,0.40508998587252515
0.0,0.075,0.072,0.549,0.3362543764460187
0.0,0.0,0.171,0.383,0.6277307999426711
0.0,0.118,0.095,0.132,0.1542761204725538
0.026,0.0,0.417,0.212,0.12481316926352859
0.381,0.798,0.507,0.826,0.003644479023771012
0.0,0.0,0.23,0.192,0.6109211523105588
0.289,0.0,0.599,0.199,0.09227902786593231
0.0,0.1,0.201,0.15,0.16909973178272353
0.087,0.0,0.357,0.014,0.05026514608627997
0.0,0.025,0.011,0.225,0.27448250445322575
0.153,0.483,0.513,0.641,0.013533711430969882
0.099,0.0,0.123,0.234,0.05464671075530804
0.0,0.458,0.087,0.792,0.08947400749370406
0.0,0.0,0.029,0.191,0.5136667963391413
0.0,0.085,0.046,0.291,0.27562908212362563
0.0,0.0,0.129,0.197,0.5683135070944494
0.0,0.0,0.18,0.181,0.4473086136647489
0.0,0.091,0.226,0.159,0.1811592719231793
0.0,0.388,0.127,0.862,0.13509141909461314
0.243,0.0,0.645,0.059,0.03380356667553899
0.0,0.0,0.11,0.336,0.5546159988534223
0.0,0.0,0.067,0.285,0.526442947523597
0.0,0.0,0.07,0.35,0.5546159988534223
0.07,0.041,0.152,0.209,0.02845969574742532
0.0,0.069,0.127,0.307,0.30570627137036505
0.0,0.0,0.1,0.17,0.40508998587252515
0.0,0.116,0.079,0.26,0.27562908212362563
0.0,0.032,0.134,0.344,0.3509551401486456
0.0,0.451,0.205,0.925,0.1396777297762126
0.319,0.0,0.793,0.044,0.04193198337462378
0.0,0.0,0.108,0.228,0.5136667963391413
0.0,0.0,0.218,0.001,0.26537130689379823
0.0,0.0,0.131,0.119,0.27820888188202536
0.0,0.0,0.114,0.13,0.4473086136647489
0.0,0.0,0.036,0.179,0.40508998587252515
0.018,0.072,0.426,0.304,0.07647263569541983
0.0,0.501,0.221,0.875,0.11662332876067238
0.0,0.0,0.15,0.423,0.6277307999426711
0.0,0.0,0.003,0.101,0.25081386539997136
0.0,0.0,0.258,0.217,0.6109211523105588
0.0,0.0,0.235,0.029,0.28095247845048216
0.421,0.15,0.691,0.226,0.02014700763702627
0.0,0.106,0.215,0.143,0.16909973178272353
0.0,0.647,0.053,0.729,0.03046620667062509
0.255,0.11,0.411,0.514,0.025838946786511333
0.034,0.673,0.188,0.702,0.0035011568149710287
0.0,0.385,0.051,0.865,0.12252001392272885
0.331,0.0,0.557,0.26,0.09526831964947483
0.0,0.0,0.085,0.101,0.25081386539997136
0.0,0.076,0.085,0.174,0.1542761204725538
0.0,0.0,0.224,0.117,0.29442476607768064
0.0,0.0,0.232,0.103,0.29442476607768064
0.309,0.0,0.357,0.028,0.008496959521713315
0.253,0.074,0.635,0.176,0.03402878728936754
0.094,0.105,0.128,0.145,0.014823611310169734
0.0,0.014,0.22,0.235,0.3029422002006511
0.0,0.57,0.157,1.0,0.1110747118199873
0.0,0.0,0.23,0.254,0.6273417825187855
0.0,0.0,0.047,0.234,0.5136667963391413
0.0,0.0,0.171,0.037,0.26537130689379823
0.0,0.007,0.167,0.369,0.3509551401486456
0.0,0.0,0.087,0.198,0.5136667963391413
0.501,0.049,0.611,0.327,0.018324768125140764
0.0,0.0,0.193,0.105,0.27820888188202536
0.0,0.657,0.139,0.719,0.03396736348559612
0.0,0.404,0.091,0.596,0.03044573206936795
0.0,0.055,0.249,0.195,0.32996867386007656
0.0,0.0,0.066,0.011,0.23918429188591553
0.0,0.0,0.178,0.174,0.4473086136647489
0.0,0.0,0.087,0.236,0.5136667963391413
0.525,0.147,0.587,0.477,0.013943203456112692
0.0,0.0,0.199,0.073,0.27820888188202536
0.348,0.0,0.54,0.371,0.043999918101594974
0.0,0.071,0.026,0.179,0.1542761204725538
0.0,0.041,0.222,0.209,0.32996867386007656
0.0,0.0,0.197,0.115,0.27820888188202536
0.0,0.0,0.146,0.342,0.6163264470424439
0.0,0.527,0.181,0.848,0.10757355500501628
0.0,0.0,0.239,0.394,0.6827665281218648
0.191,0.008,0.254,0.492,0.03955692962879548
0.0,0.092,0.149,0.284,0.30570627137036505
0.512,0.148,0.6,0.228,0.008558383325484736
0.0,0.079,0.085,0.171,0.1542761204725538
0.0,0.183,0.318,0.441,0.21174832620134723
0.0,0.091,0.015,0.409,0.3111934645072787
0.0,0.0,0.043,0.422,0.5620073299072501
0.0,0.072,0.223,0.303,0.33291701644110483
0.0,0.0,0.092,0.188,0.5136667963391413
0.0,0.0,0.111,0.04,0.26537130689379823
0.0,0.139,0.129,0.237,0.12100489342970046
0.304,0.054,0.584,0.322,0.07043262832456337
0.0,0.0,0.049,0.048,0.23918429188591553
0.0,0.447,0.332,0.678,0.05890542781679327
0.0,0.0,0.074,0.061,0.23918429188591553
0.0,0.0,0.034,0.134,0.40508998587252515
0.0,0.0,0.088,0.098,0.25081386539997136
0.384,0.0,0.504,0.026,0.016584427018283818
0.0,0.537,0.113,0.713,0.06539587641530681
0.164,0.105,0.502,0.145,0.039290759812452655
0.0,0.443,0.223,0.807,0.10702074077107349
0.209,0.0,0.679,0.355,0.18281771462500768
0.0,0.0,0.139,0.06,0.26537130689379823
0.396,0.0,0.492,0.271,0.042628119817366555
0.0,0.0,0.161,0.043,0.26537130689379823
0.0,0.118,0.241,0.258,0.33291701644110483
0.0,0.0,0.231,0.055,0.28095247845048216
0.0,0.0,0.081,0.381,0.5620073299072501
0.0,0.0,0.042,0.345,0.5546159988534223
0.317,0.0,0.795,0.222,0.11441207182490121
0.0,0.094,0.225,0.156,0.1811592719231793
0.0,0.038,0.022,0.212,0.27448250445322575
0.176,0.0,0.49,0.324,0.1313855162670707
0.624,0.0,0.71,0.3,0.0221330439589689
0.0,0.153,0.225,0.223,0.13533711430969883
0.434,0.019,0.678,0.357,0.06203804180913577
0.0,0.0,0.059,0.18,0.40508998587252515
0.0,0.0,0.139,0.128,0.4473086136647489
0.0,0.011,0.002,0.239,0.27448250445322575
0.044,0.261,0.178,0.739,0.018038123707540796
0.376,0.0,0.736,0.03,0.033394074650396184
0.0,0.0,0.004,0.28,0.526442947523597
0.357,0.14,0.755,0.484,0.033148379435310495
0.306,0.0,0.582,0.391,0.1082901660490162
0.0,0.0,0.312,0.393,0.6827665281218648
0.0,0.0,0.11,0.027,0.23918429188591553
0.447,0.2,0.665,0.55,0.00593763436457075
0.0,0.712,0.052,0.912,0.047767244732908824
0.376,0.074,0.512,0.302,0.02463094531234004
0.0,0.0,0.12,0.323,0.6163264470424439
0.0,0.0,0.124,0.285,0.5839151532523904
0.0,0.17,0.031,0.454,0.1610532134886673
0.046,0.17,0.398,0.206,0.03558485698491022
0.0,0.0,0.249,0.09,0.29442476607768064
0.0,0.0,0.235,0.017,0.28095247845048216
0.0,0.0,0.224,0.298,0.6273417825187855
0.002,0.108,0.22,0.268,0.03007718924673942
0.222,0.271,0.223,0.353,0.010769640261255911
0.247,0.105,0.641,0.145,0.03402878728936754
0.0,0.599,0.026,1.0,0.10173829364673123
0.0,0.0,0.002,0.221,0.5136667963391413
0.32,0.075,0.568,0.174,0.03402878728936754
0.0,0.0,0.084,0.004,0.23918429188591553
0.0,0.0,0.112,0.092,0.27820888188202536
0.0,0.041,0.15,0.209,0.3029422002006511
0.0,0.689,0.117,0.811,0.01109723388137016
0.595,0.0,0.739,0.265,0.0221330439589689
0.0,0.147,0.045,0.229,0.10857681046661616
0.223,0.372,0.443,0.752,0.006961364427427776
0.0,0.0,0.003,0.27,0.526442947523597
0.0,0.007,0.285,0.369,0.3895702381196126
0.0,0.183,0.028,0.193,0.10857681046661616
0.0,0.0,0.236,0.204,0.6109211523105588
0.441,0.096,0.671,0.28,0.054319117135193794
0.664,0.0,0.67,0.28,0.0221330439589689
0.0,0.0,0.088,0.399,0.5620073299072501
0.0,0.697,0.043,0.927,0.047767244732908824
0.0,0.684,0.142,0.691,0.03396736348559612
0.0,0.794,0.128,0.83,0.031080444708339306
0.0,0.0,0.059,0.216,0.5136667963391413
0.36,0.0,0.752,0.325,0.09543211645953195
0.0,0.124,0.223,0.126,0.1811592719231793
0.0,0.0,0.13,0.249,0.5683135070944494
0.136,0.092,0.53,0.283,0.07102639176102045
0.0,0.265,0.101,0.359,0.028173051329825352
0.523,0.144,0.589,0.606,0.015622120759198214
0.0,0.0,0.048,0.366,0.5546159988534223
0.646,0.0,0.688,0.41,0.025163284945025694
0.0,0.448,0.114,0.552,0.023054401015540224
0.0,0.845,0.115,0.905,0.00904977375565611
0.0,0.433,0.214,0.567,0.03445875391576749
0.0,0.02,0.226,0.23,0.32996867386007656
0.0,0.0,0.013,0.433,0.5620073299072501
0.0,0.0,0.105,0.065,0.25081386539997136
0.0,0.707,0.234,0.793,0.011609098912798673
0.0,0.172,0.133,0.204,0.12100489342970046
0.0,0.49,0.133,0.509,0.023054401015540224
0.0,0.101,0.106,0.275,0.27562908212362563
0.0,0.726,0.199,1.0,0.05261972523085113
0.0,0.0,0.129,0.122,0.27820888188202536
0.0,0.026,0.049,0.224,0.27448250445322575
0.0,0.0,0.204,0.189,0.5683135070944494
0.465,0.0,0.869,0.373,0.05153457136422268
0.0,0.441,0.244,0.559,0.024119080280911528
0.0,0.105,0.112,0.145,0.16909973178272353
0.0,0.0,0.151,0.121,0.27820888188202536
0.0,0.793,0.04,0.831,0.02891013697508241
0.0,0.0,0.063,0.161,0.40508998587252515
0.0,0.148,0.13,0.228,0.12100489342970046
0.056,0.46,0.167,0.664,0.005958108965827891
0.0,0.0,0.234,0.031,0.28095247845048216
0.403,0.29,0.485,0.334,0.0013717982842284147
0.0,0.017,0.085,0.359,0.31543170696750683
0.0,0.141,0.209,0.235,0.12100489342970046
0.0,0.0,0.174,0.186,0.4473086136647489
0.0,0.066,0.236,0.184,0.1811592719231793
0.0,0.0,0.312,0.096,0.29442476607768064
0.014,0.642,0.208,0.734,0.0035011568149710287
0.218,0.0,0.226,0.41,0.05503572817919371
0.017,0.125,0.427,0.499,0.10302819352593108
0.105,0.0,0.561,0.334,0.22014291271677483
0.0,0.0,0.039,0.185,0.40508998587252515
0.0,0.036,0.206,0.341,0.3509551401486456
0.0,0.02,0.055,0.356,0.31543170696750683
0.0,0.0,0.069,0.189,0.5136667963391413
0.0,0.0,0.11,0.084,0.25081386539997136
0.0,0.0,0.079,0.144,0.40508998587252515
0.0,0.776,0.079,0.848,0.02891013697508241
0.0,0.627,0.149,0.749,0.03396736348559612
0.13,0.0,0.314,0.243,0.042607645216109415
0.094,0.0,0.572,0.314,0.22014291271677483
0.0,0.058,0.203,0.192,0.3029422002006511
0.0,0.145,0.245,0.231,0.13533711430969883
0.0,0.0,0.092,0.075,0.25081386539997136
0.201,0.128,0.243,0.496,0.02686267684936836
0.13,0.0,0.314,0.05,0.015581171556683933
0.0,0.018,0.155,0.232,0.3029422002006511
0.282,0.558,0.606,0.942,0.019860363219426302
0.0,0.613,0.048,0.887,0.10044839376753138
0.0,0.0,0.112,0.129,0.4473086136647489
0.478,0.092,0.856,0.284,0.029749595626625172
0.0,0.078,0.128,0.172,0.16909973178272353
0.0,0.0,0.144,0.344,0.6163264470424439
0.0,0.0,0.073,0.231,0.5136667963391413
0.0,0.684,0.208,0.692,0.03396736348559612
0.096,0.638,0.348,0.986,0.01388177965234127
0.0,0.0,0.177,0.154,0.4473086136647489
0.0,0.002,0.048,0.374,0.31543170696750683
0.0,0.0,0.166,0.308,0.5839151532523904
0.0,0.015,0.08,0.361,0.31543170696750683
0.0,0.158,0.225,0.467,0.21174832620134723
0.0,0.174,0.211,0.326,0.16901783337769496
0.0,0.066,0.041,0.558,0.3362543764460187
0.0,0.134,0.199,0.49,0.18488564935197888
0.0,0.0,0.105,0.13,0.40508998587252515
0.0,0.174,0.123,0.326,0.16901783337769496
0.0,0.0,0.054,0.176,0.40508998587252515
0.0,0.0,0.15,0.265,0.5839151532523904
0.0,0.0,0.08,0.162,0.40508998587252515
0.0,0.69,0.103,0.81,0.010482995843655946
0.0,0.013,0.282,0.111,0.013472287627198461
0.244,0.489,0.644,0.511,0.00397207264388526
0.0,0.0,0.099,0.348,0.5546159988534223
0.0,0.0,0.049,0.059,0.23918429188591553
0.024,0.298,0.198,0.452,0.008578857926741876
0.0,0.128,0.221,0.496,0.18488564935197888
0.041,0.055,0.403,0.321,0.09883090026821728
0.0,0.172,0.013,0.204,0.10857681046661616
0.0,0.439,0.17,0.811,0.09954751131221719
0.109,0.0,0.557,0.021,0.07557175324010565
0.0,0.0,0.043,0.249,0.5136667963391413
0.0,0.0,0.298,0.412,0.6827665281218648
0.0,0.496,0.188,0.504,0.023054401015540224
0.092,0.085,0.352,0.291,0.07647263569541983
0.0,0.067,0.12,0.309,0.30570627137036505
0.0,0.0,0.145,0.058,0.26537130689379823
0.0,0.0,0.128,0.147,0.4473086136647489
0.204,0.727,0.24,0.898,0.0020269855244569113
0.0,0.045,0.286,0.205,0.32996867386007656
0.118,0.0,0.326,0.083,0.01621588419565529
0.0,0.524,0.195,0.852,0.10757355500501628
0.0,0.114,0.151,0.137,0.16909973178272353
0.398,0.169,0.714,0.455,0.033148379435310495
0.028,0.467,0.194,0.783,0.010073503818513135
0.36,0.0,0.528,0.348,0.043999918101594974
0.0,0.0,0.009,0.225,0.5136667963391413
0.0,0.013,0.147,0.236,0.3029422002006511
0.214,0.054,0.673,0.322,0.12534550889621424
0.0,0.452,0.021,0.798,0.08947400749370406
0.02,0.0,0.424,0.188,0.12481316926352859
0.0,0.0,0.177,0.297,0.5839151532523904
0.0,0.0,0.222,0.408,0.6827665281218648
0.0,0.053,0.049,0.197,0.27448250445322575
0.0,0.0,0.011,0.181,0.40508998587252515
0.0,0.098,0.337,0.152,0.19119182653917816
0.0,0.0,0.099,0.367,0.5546159988534223
0.0,0.056,0.01,0.32,0.31543170696750683
0.0,0.0,0.092,0.149,0.40508998587252515
0.0,0.606,0.03,1.0,0.10173829364673123
0.0,0.066,0.122,0.31,0.30570627137036505
0.0,0.351,0.002,0.649,0.06005200548719314
0.0,0.449,0.178,0.926,0.1396777297762126
0.0,0.155,0.175,0.469,0.18488564935197888
0.0,0.0,0.229,0.006,0.28095247845048216
0.123,0.0,0.321,0.154,0.028275424336111053
0.0,0.442,0.094,0.934,0.12675825638295693
0.0,0.265,0.052,0.359,0.028173051329825352
0.306,0.61,0.582,0.765,0.010073503818513135
0.077,0.237,0.367,0.387,0.03005671464548228
0.0,0.0,0.085,0.15,0.40508998587252515
0.0,0.615,0.029,0.635,0.022214942363997462
0.0,0.0,0.126,0.161,0.4473086136647489
0.325,0.0,0.563,0.29,0.09526831964947483
0.0,0.0,0.246,0.035,0.28095247845048216
0.0,0.563,0.067,0.687,0.022214942363997462
0.122,0.0,0.544,0.053,0.04066255809668107
0.211,0.004,0.676,0.246,0.09946561290718864
0.0,0.637,0.144,0.987,0.08658708871644724
0.224,0.548,0.442,0.577,0.0025593251571425645
0.0,0.0,0.057,0.413,0.5620073299072501
0.0,0.0,0.128,0.198,0.5683135070944494
0.0,0.441,0.236,0.935,0.14866607972809728
0.0,0.866,0.124,0.884,0.00904977375565611
0.0,0.155,0.196,0.221,0.12100489342970046
0.317,0.078,0.795,0.298,0.07356524231690588
0.0,0.068,0.266,0.556,0.41702667840543806
0.0,0.764,0.231,0.86,0.03232939538502488
0.0,0.332,0.128,0.668,0.07035072991953481
0.0,0.156,0.323,0.344,0.19493867856923486
0.0,0.0,0.183,0.206,0.5683135070944494
0.0,0.746,0.2,0.879,0.051227452345365576
-0.0,0.229,0.0,0.395,0.04834053356810876
0.0,0.538,0.119,0.586,0.006940889826170635
0.0,0.0,0.085,0.18,0.40508998587252515
0.0,0.0,0.114,0.206,0.5683135070944494
0.0,0.0,0.032,0.259,0.526442947523597
0.0,0.001,0.104,0.249,0.27448250445322575
0.521,0.0,0.592,0.391,0.02968817182285375
0.155,0.754,0.512,0.996,0.006695194611084949
0.0,0.047,0.226,0.329,0.3895702381196126
0.0,0.012,0.231,0.238,0.32996867386007656
0.543,0.0,0.569,0.275,0.024753792919882885
0.0,0.473,0.154,0.777,0.09954751131221719
0.247,0.61,0.419,0.64,0.0012898998791998526
0.0,0.0,0.142,0.412,0.6277307999426711
0.0,0.0,0.025,0.233,0.5136667963391413
0.337,0.0,0.775,0.024,0.033394074650396184
0.0,0.803,0.068,0.821,0.02891013697508241
0.0,0.353,0.225,0.647,0.07571507544890563
0.047,0.179,0.175,0.445,0.023832435863311564
0.0,0.0,0.015,0.006,0.23918429188591553
0.0,0.02,0.153,0.23,0.3029422002006511
0.0,0.844,0.195,0.906,0.00904977375565611
0.0,0.8,0.067,0.824,0.02891013697508241
0.0,0.72,0.182,0.905,0.051227452345365576
0.0,0.125,0.033,0.125,0.1542761204725538
0.09,0.416,0.576,0.708,0.03372166827051043
0.0,0.26,0.01,0.49,0.039700251837595464
0.0,0.0,0.001,0.014,0.23918429188591553
0.524,0.011,0.588,0.365,0.018324768125140764
0.0,0.0,0.144,0.314,0.6163264470424439
0.0,0.0,0.248,0.399,0.6827665281218648
0.0,0.432,0.051,0.568,0.03044573206936795
0.0,0.088,0.09,0.162,0.1542761204725538
0.0,0.0,0.188,0.207,0.5683135070944494
0.42,0.0,0.692,0.356,0.09543211645953195
0.0,0.008,0.106,0.368,0.31543170696750683
0.0,0.049,0.104,0.075,0.011629573514055814
0.0,0.063,0.031,0.313,0.303802133453451
0.0,0.003,0.112,0.247,0.3029422002006511
0.301,0.005,0.587,0.245,0.05847546119039332
0.0,0.0,0.021,0.279,0.526442947523597
0.207,0.173,0.681,0.451,0.07542843103130567
0.0,0.0,0.072,0.056,0.23918429188591553
0.0,0.0,0.168,0.356,0.6163264470424439
0.0,0.0,0.192,0.387,0.6277307999426711
0.373,0.077,0.739,0.173,0.031428512929710696
0.0,0.0,0.11,0.318,0.5546159988534223
0.0,0.169,0.233,0.582,0.24352490735242932
0.0,0.723,0.044,0.777,0.010482995843655946
0.386,0.571,0.502,1.0,0.00904977375565611
0.0,0.0,0.059,0.156,0.40508998587252515
0.0,0.0,0.064,0.109,0.25081386539997136
0.0,0.0,0.157,0.29,0.5839151532523904
0.0,0.0,0.032,0.311,0.526442947523597
0.0,0.129,0.003,0.495,0.1610532134886673
0.0,0.756,0.138,0.994,0.04152249134948097
0.597,0.0,0.737,0.076,0.008210315104113347
0.0,0.0,0.059,0.237,0.5136667963391413
0.415,0.15,0.697,0.226,0.02014700763702627
0.401,0.0,0.487,0.124,0.017997174505026515
0.0,0.0,0.17,0.237,0.5683135070944494
0.0,0.0,0.079,0.051,0.23918429188591553
0.0,0.157,0.131,0.219,0.12100489342970046
0.0,0.0,0.219,0.15,0.4473086136647489
0.0,0.0,0.164,0.191,0.5683135070944494
0.228,0.114,0.438,0.51,0.025838946786511333
0.121,0.104,0.545,0.272,0.07102639176102045
0.0,0.0,0.167,0.172,0.4473086136647489
0.103,0.604,0.119,0.646,0.0022726807395425973
0.084,0.035,0.36,0.341,0.09883090026821728
0.0,0.0,0.201,0.163,0.4473086136647489
0.0,0.0,0.248,0.098,0.29442476607768064
0.0,0.0,0.076,0.293,0.526442947523597
0.0,0.46,0.202,0.664,0.05448291394525091
0.537,0.0,0.797,0.341,0.05153457136422268
0.0,0.0,0.02,0.227,0.5136667963391413
0.0,0.107,0.183,0.269,0.30570627137036505
0.0,0.0,0.037,0.417,0.5620073299072501
0.055,0.0,0.389,0.422,0.15486988390901088
0.0,0.0,0.224,0.166,0.4755840380008599
0.0,0.674,0.158,0.95,0.08658708871644724
0.101,0.083,0.565,0.293,0.11686902397575807
0.0,0.0,0.131,0.086,0.27820888188202536
0.0,0.0,0.007,0.144,0.40508998587252515
0.251,0.085,0.637,0.165,0.03402878728936754
0.0,0.115,0.045,0.261,0.27562908212362563
0.0,0.0,0.204,0.412,0.6277307999426711
0.0,0.0,0.172,0.161,0.4473086136647489
0.0,0.118,0.004,0.258,0.27562908212362563
0.0,0.0,0.234,0.037,0.28095247845048216
0.236,0.0,0.652,0.369,0.10423619500010237
0.0,0.037,0.135,0.213,0.3029422002006511
0.0,0.049,0.156,0.202,0.3029422002006511
0.0,0.09,0.056,0.16,0.1542761204725538
0.0,0.064,0.185,0.312,0.3381175651604185
0.0,0.0,0.096,0.215,0.5136667963391413
0.0,0.115,0.137,0.135,0.16909973178272353
0.0,0.264,0.061,0.486,0.039700251837595464
0.0,0.0,0.016,0.076,0.25081386539997136
0.0,0.0,0.29,0.314,0.6705227165700948
0.447,0.573,0.887,0.677,0.002845969574742532
0.174,0.192,0.27,0.432,0.012428082963084295
0.0,0.655,0.106,0.72,0.03046620667062509
0.0,0.0,0.006,0.116,0.25081386539997136
0.0,0.186,0.159,0.19,0.12100489342970046
0.0,0.0,0.01,0.229,0.5136667963391413
0.424,0.074,0.464,0.55,0.029892917835425154
0.0,0.0,0.239,0.384,0.6827665281218648
0.0,0.251,0.136,0.749,0.13672938719518438
0.138,0.119,0.306,0.505,0.03998689625519543
0.0,0.0,0.244,0.272,0.6273417825187855
0.0,0.0,0.058,0.164,0.40508998587252515
0.0,0.0,0.005,0.199,0.5136667963391413
0.0,0.725,0.139,1.0,0.05261972523085113
0.0,0.293,0.029,0.583,0.06601011445302103
0.0,0.0,0.048,0.24,0.5136667963391413
0.0,0.018,0.065,0.106,0.011629573514055814
0.0,0.354,0.233,0.522,0.04092872791302389
0.0,0.401,0.19,0.849,0.13509141909461314
0.0,0.0,0.207,0.036,0.26537130689379823
0.0,0.0,0.104,0.224,0.5136667963391413
0.0,0.502,0.1,0.622,0.005384820130627956
0.0,0.0,0.294,0.091,0.29442476607768064
0.088,0.53,0.578,0.594,0.00632665178845642
0.0,0.0,0.209,0.146,0.4473086136647489
0.0,0.0,0.059,0.002,0.23918429188591553
0.0,0.444,0.029,0.806,0.08947400749370406
0.0,0.103,0.238,0.273,0.33291701644110483
0.131,0.473,0.314,0.777,0.0074732294588562885
0.0,0.085,0.05,0.165,0.1542761204725538
0.0,0.0,0.136,0.227,0.5683135070944494
0.0,0.403,0.132,0.473,0.004463463074056632
0.158,0.0,0.286,0.401,0.05503572817919371
0.0,0.0,0.196,0.093,0.27820888188202536
0.0,0.138,0.118,0.486,0.18488564935197888
0.0,0.0,0.191,0.117,0.27820888188202536
0.0,0.493,0.249,0.883,0.14866607972809728
0.0,0.0,0.199,0.034,0.26537130689379823
0.0,0.701,0.018,1.0,0.04905714461210868
0.0,0.08,0.081,0.42,0.3111934645072787
0.0,0.079,0.15,0.171,0.16909973178272353
0.026,0.135,0.418,0.241,0.03558485698491022
0.0,0.0,0.019,0.233,0.5136667963391413
0.0,0.162,0.353,0.338,0.20939374705677608
0.042,0.0,0.18,0.17,0.04221862779222375
0.077,0.0,0.145,0.406,0.06572347003542106
0.421,0.0,0.913,0.218,0.08720132675416147
0.0,0.185,0.086,0.191,0.10857681046661616
0.01,0.0,0.434,0.148,0.08922831227861837
0.0,0.16,0.048,0.216,0.10857681046661616
0.238,0.537,0.428,0.587,0.0025593251571425645
0.0,0.0,0.465,0.111,0.32112364611699185
0.0,0.0,0.073,0.116,0.25081386539997136
0.361,0.679,0.527,0.945,0.007575602465141992
0.138,0.076,0.306,0.174,0.012059540140455764
0.0,0.0,0.034,0.07,0.25081386539997136
0.0,0.0,0.057,0.31,0.526442947523597
0.0,0.0,0.189,0.321,0.6163264470424439
0.0,0.0,0.024,0.351,0.5546159988534223
0.0,0.017,0.017,0.233,0.27448250445322575
0.426,0.413,0.909,0.837,0.02090456788354047
0.271,0.0,0.617,0.01,0.03380356667553899
0.0,0.0,0.244,0.11,0.29442476607768064
0.122,0.542,0.544,0.834,0.021948772547654635
0.128,0.506,0.538,0.618,0.003644479023771012
0.0,0.272,0.2,0.352,0.03241129379005344
0.0,0.0,0.231,0.357,0.6705227165700948
0.027,0.238,0.195,0.512,0.013533711430969882
0.088,0.024,0.356,0.226,0.07454802317724862
0.0,0.0,0.029,0.113,0.25081386539997136
0.399,0.0,0.489,0.333,0.043999918101594974
0.0,0.003,0.128,0.121,0.012837574988227103
0.0,0.0,0.273,0.202,0.6109211523105588
0.0,0.0,0.211,0.236,0.5683135070944494
0.0,0.0,0.133,0.389,0.6277307999426711
0.0,0.521,0.139,0.729,0.06539587641530681
0.0,0.292,0.206,0.332,0.03241129379005344
0.0,0.438,0.12,0.562,0.03445875391576749
0.0,0.23,0.235,0.394,0.07184537581130608
0.0,0.047,0.124,0.203,0.3029422002006511
0.35,0.371,0.762,0.379,0.003910648840113839
0.0,0.0,0.241,0.078,0.29442476607768064
0.0,0.0,0.208,0.172,0.4473086136647489
0.0,0.0,0.102,0.057,0.23918429188591553
0.0,0.0,0.092,0.21,0.5136667963391413
0.186,0.0,0.48,0.262,0.11394115599598698
0.0,0.024,0.233,0.352,0.3895702381196126
0.0,0.0,0.098,0.089,0.25081386539997136
0.0,0.0,0.128,0.365,0.6163264470424439
0.0,0.066,0.146,0.184,0.16909973178272353
0.0,0.495,0.28,0.504,0.024119080280911528
0.0,0.664,0.116,0.96,0.08658708871644724
0.0,0.0,0.011,0.303,0.526442947523597
0.0,0.033,0.02,0.217,0.27448250445322575
0.0,0.0,0.141,0.343,0.6163264470424439
0.0,0.278,0.133,0.722,0.13672938719518438
0.0,0.0,0.126,0.287,0.5839151532523904
0.296,0.0,0.592,0.092,0.035687229991195925
0.0,0.563,0.064,0.687,0.022214942363997462
0.0,0.0,0.052,0.233,0.5136667963391413
0.298,0.429,0.368,0.571,0.0029892917835425154
0.0,0.0,0.056,0.08,0.25081386539997136
0.0,0.081,0.212,0.169,0.16909973178272353
0.242,0.502,0.646,0.623,0.004053971048913823
0.0,0.025,0.236,0.225,0.32996867386007656
0.0,0.541,0.204,0.959,0.11801560164615794
0.0,0.384,0.058,0.866,0.12252001392272885
0.4,0.0,0.712,0.269,0.08951495669621834
0.0,0.0,0.197,0.42,0.6277307999426711
0.0,0.127,0.249,0.373,0.19493867856923486
0.0,0.0,0.015,0.074,0.25081386539997136
0.2,0.0,0.688,0.222,0.15693781863598205
0.0,0.061,0.203,0.189,0.3029422002006511
0.0,0.0,0.236,0.207,0.6109211523105588
0.0,0.0,0.136,0.116,0.27820888188202536
0.0,0.054,0.171,0.322,0.3509551401486456
0.0,0.042,0.035,0.334,0.31543170696750683
0.0,0.0,0.163,0.387,0.6277307999426711
0.0,0.131,0.161,0.493,0.18488564935197888
0.0,0.0,0.011,0.049,0.23918429188591553
0.0,0.0,0.122,0.215,0.5683135070944494
0.0,0.165,0.231,0.211,0.13533711430969883
0.0,0.0,0.19,0.061,0.26537130689379823
0.254,0.307,0.413,0.317,0.005302921725599394
0.097,0.67,0.569,0.954,0.023566266046968737
0.412,0.1,0.701,0.15,0.031428512929710696
0.0,0.0,0.218,0.124,0.27820888188202536
0.0,0.675,0.231,0.701,0.03650621404148154
0.0,0.121,0.106,0.129,0.1542761204725538
0.0,0.0,0.056,0.041,0.23918429188591553
0.0,0.298,0.142,0.452,0.04827910976433734
0.0,0.063,0.15,0.313,0.3381175651604185
0.0,0.008,0.179,0.241,0.3029422002006511
0.0,0.0,0.043,0.041,0.23918429188591553
0.0,0.0,0.222,0.121,0.29442476607768064
0.0,0.105,0.007,0.271,0.27562908212362563
0.0,0.0,0.321,0.344,0.6705227165700948
0.0,0.0,0.108,0.101,0.25081386539997136
0.0,0.0,0.16,0.142,0.4473086136647489
0.0,0.0,0.104,0.174,0.40508998587252515
0.0,0.594,0.187,1.0,0.1110747118199873
0.0,0.639,0.171,0.861,0.07614504207530558
0.197,0.012,0.692,0.238,0.09946561290718864
0.071,0.0,0.151,0.035,0.02618701500788272
0.0,0.077,0.151,0.299,0.30570627137036505
0.0,0.0,0.334,0.092,0.3031264716119654
0.007,0.65,0.215,0.85,0.006285702585942139
0.393,0.178,0.719,0.198,0.02014700763702627
0.0,0.0,0.044,0.247,0.5136667963391413
0.0,0.0,0.023,0.414,0.5620073299072501
0.0,0.225,0.241,0.399,0.07184537581130608
0.0,0.041,0.194,0.209,0.3029422002006511
0.0,0.0,0.224,0.396,0.6827665281218648
0.0,0.386,0.172,0.864,0.13509141909461314
0.0,0.177,0.223,0.199,0.13533711430969883
0.323,0.0,0.79,0.402,0.1335558240003276
0.0,0.025,0.068,0.351,0.31543170696750683
0.0,0.128,0.21,0.248,0.12100489342970046
0.0,0.0,0.109,0.306,0.526442947523597
0.037,0.443,0.407,0.557,0.0035830552199995905
0.0,0.529,0.223,0.721,0.07129256157736329
0.0,0.091,0.133,0.284,0.30570627137036505
0.0,0.638,0.159,1.0,0.08658708871644724
0.134,0.05,0.31,0.2,0.027026473659425482
0.0,0.208,0.086,0.292,0.012776151184455683
0.101,0.266,0.343,0.358,0.020310804447083393
0.0,0.792,0.073,0.832,0.02891013697508241
0.0,0.0,0.198,0.009,0.26537130689379823
0.0,0.098,0.05,0.152,0.1542761204725538
0.159,0.109,0.285,0.515,0.03998689625519543
0.0,0.303,0.156,0.321,0.03241129379005344
0.186,0.016,0.258,0.36,0.038615097970967016
0.0,0.175,0.144,0.201,0.12100489342970046
0.637,0.16,0.697,0.34,0.008742654736799001
0.0,0.136,0.175,0.24,0.12100489342970046
0.176,0.0,0.49,0.268,0.11394115599598698
0.0,0.0,0.255,0.302,0.6273417825187855
0.214,0.027,0.452,0.223,0.06987981409062058
0.4,0.348,0.488,0.652,0.005732888351999345
0.04,0.0,0.182,0.29,0.057472205728793434
0.0,0.411,0.231,0.589,0.036342417231424416
0.133,0.059,0.311,0.317,0.038615097970967016
0.0,0.615,0.062,0.761,0.0631641448782785
0.0,0.413,0.177,0.837,0.13509141909461314
0.0,0.187,0.01,0.189,0.10857681046661616
0.0,0.0,0.08,0.009,0.23918429188591553
0.151,0.049,0.515,0.327,0.09072295817038963
0.0,0.481,0.234,0.895,0.14866607972809728
0.0,0.186,0.024,0.314,0.1495260129808972
0.0,0.295,0.14,0.329,0.03241129379005344
0.0,0.65,0.089,0.975,0.07952335128273377
0.0,0.608,0.029,0.768,0.0631641448782785
0.14,0.544,0.304,0.706,0.0058966851620564685
0.0,0.0,0.028,0.255,0.526442947523597
0.516,0.008,0.596,0.368,0.018324768125140764
0.378,0.0,0.51,0.068,0.017997174505026515
0.0,0.461,0.144,0.789,0.09954751131221719
0.0,0.066,0.025,0.31,0.27562908212362563
0.0,0.069,0.138,0.181,0.16909973178272353
0.0,0.0,0.037,0.102,0.25081386539997136
0.0,0.0,0.003,0.077,0.25081386539997136
0.098,0.189,0.569,0.435,0.0395159804262812
0.241,0.0,0.647,0.319,0.10423619500010237
0.0,0.0,0.051,0.367,0.5546159988534223
0.214,0.0,0.23,0.357,0.05419626952765095
0.0,0.577,0.15,1.0,0.1110747118199873
0.0,0.624,0.065,0.752,0.0631641448782785
0.0,0.135,0.106,0.241,0.10857681046661616
0.314,0.165,0.798,0.586,0.05741078192502201
0.0,0.0,0.13,0.251,0.5839151532523904
0.304,0.001,0.362,0.249,0.019061853770397822
0.0,0.0,0.184,0.191,0.5683135070944494
0.091,0.0,0.353,0.437,0.15486988390901088
0.0,0.092,0.195,0.158,0.16909973178272353
0.0,0.492,0.095,0.758,0.08947400749370406
0.078,0.559,0.144,0.817,0.010114453021027415
0.0,0.683,0.313,0.941,0.09123482320181814
0.0,0.0,0.03,0.367,0.5546159988534223
0.014,0.017,0.208,0.233,0.02845969574742532
0.0,0.644,0.22,0.98,0.08658708871644724
0.005,0.0,0.44,0.3,0.12878524190741386
0.0,0.0,0.051,0.213,0.5136667963391413
0.0,0.0,0.191,0.382,0.6277307999426711
0.0,0.0,0.199,0.042,0.26537130689379823
0.0,0.426,0.038,0.574,0.03044573206936795
0.0,0.549,0.163,0.951,0.11801560164615794
0.252,0.0,0.636,0.197,0.09227902786593231
0.176,0.576,0.268,0.8,0.005691939149485064
0.0,0.0,0.153,0.263,0.5839151532523904
0.246,0.0,0.642,0.281,0.09526831964947483
0.279,0.0,0.609,0.333,0.10423619500010237
0.079,0.197,0.365,0.427,0.03005671464548228
0.0,0.07,0.029,0.306,0.27562908212362563
0.0,0.207,0.22,0.417,0.05941729284822178
0.084,0.523,0.582,0.977,0.038758420179767
0.0,0.0,0.188,0.267,0.5839151532523904
0.0,0.0,0.352,0.131,0.49431829815114353
0.0,0.0,0.196,0.061,0.26537130689379823
0.0,0.0,0.167,0.24,0.5683135070944494
0.0,0.0,0.036,0.07,0.25081386539997136
0.0,0.525,0.164,0.975,0.11801560164615794
0.0,0.0,0.095,0.015,0.23918429188591553
0.0,0.037,0.244,0.339,0.3895702381196126
0.0,0.583,0.039,0.793,0.0631641448782785
0.0,0.566,0.031,0.81,0.0631641448782785
0.0,0.0,0.169,0.033,0.26537130689379823
0.0,0.072,0.224,0.178,0.1811592719231793
0.0,0.0,0.085,0.059,0.23918429188591553
0.537,0.016,0.576,0.36,0.018324768125140764
