0.0,0.09,0.285,0.214,0.220206
0.092,0.128,0.346,0.385,0.25718
0.0,0.17,0.383,0.276,0.201692
0.0,0.0,0.381,0.285,0.587607
0.0,0.112,0.124,0.366,0.194055
0.0,0.0,0.378,0.357,0.684471
0.453,0.297,0.672,0.672,0.018181
0.0,0.056,0.404,0.428,0.623389
0.103,0.266,0.303,0.316,0.03522
0.178,0.147,0.322,0.155,0.005421
0.481,0.0,0.581,0.271,0.031549
0.249,0.192,0.251,0.502,0.008506
0.0,0.0,0.351,0.053,0.112006
0.0,0.115,0.154,0.185,0.074786
0.287,0.01,0.557,0.408,0.170983
0.0,0.0,0.379,0.153,0.339261
0.245,0.067,0.473,0.337,0.129185
0.536,0.0,0.901,0.441,0.116412
0.0,0.269,0.15,0.373,0.069974
0.072,0.1,0.24,0.378,0.236552
0.237,0.061,0.419,0.095,0.015051
0.0,0.212,0.234,0.514,0.260124
0.087,0.0,0.163,0.133,0.076803
0.0,0.23,0.316,0.23,0.003914
0.0,0.507,0.109,0.533,0.002143
0.0,0.156,0.202,0.228,0.095813
0.706,0.268,1.0,0.526,0.023196
0.0,0.0,0.067,0.279,0.186536
0.0,0.0,0.303,0.27,0.499523
0.295,0.013,0.423,0.115,0.03844
0.0,0.0,0.149,0.295,0.304106
0.0,0.0,0.235,0.33,0.522666
0.123,0.144,0.221,0.244,0.073209
0.0,0.0,0.117,0.143,0.137828
0.0,0.15,0.236,0.384,0.308446
0.0,0.073,0.126,0.079,0.007751
0.094,0.136,0.218,0.376,0.171423
0.711,0.004,0.945,0.2,0.046904
0.094,0.0,0.282,0.263,0.277817
0.078,0.071,0.234,0.255,0.17995
0.149,0.0,0.569,0.387,0.430929
0.68,0.09,1.0,0.13,0.010867
0.0,0.0,0.209,0.38,0.549027
0.626,0.034,0.75,0.06,0.00386
0.068,0.084,0.12,0.186,0.024897
0.16,0.0,0.433,0.324,0.265254
0.471,0.0,0.966,0.394,0.159873
0.436,0.0,0.532,0.019,0.00321
0.08,0.02,0.108,0.056,0.005733
0.076,0.0,0.142,0.222,0.086117
0.049,0.0,0.545,0.286,0.464388
0.12,0.0,0.286,0.285,0.247962
0.0,0.282,0.388,0.41,0.149246
0.34,0.023,0.442,0.221,0.042983
0.028,0.306,0.348,0.672,0.117864
0.0,0.017,0.294,0.187,0.31281
0.0,0.0,0.278,0.094,0.17758
0.016,0.0,0.296,0.084,0.136637
0.083,0.0,0.323,0.021,0.029941
0.0,0.218,0.272,0.451,0.244984
0.0,0.223,0.251,0.409,0.215291
0.0,0.128,0.259,0.254,0.210615
0.618,0.232,0.788,0.366,0.015026
0.113,0.0,0.137,0.265,0.03338
0.515,0.141,0.923,0.639,0.092827
0.0,0.0,0.138,0.215,0.228361
0.0,0.007,0.33,0.483,0.70017
0.288,0.0,0.744,0.308,0.205504
0.862,0.0,1.0,0.157,0.014689
0.015,0.075,0.173,0.127,0.055019
0.738,0.118,1.0,0.604,0.047848
0.0,0.014,0.14,0.26,0.253993
0.181,0.0,0.351,0.24,0.150141
0.0,0.0,0.196,0.159,0.239092
0.0,0.085,0.149,0.091,0.007626
0.0,0.0,0.046,0.096,0.05977
0.0,0.0,0.234,0.368,0.55883
0.408,0.0,0.436,0.226,0.008484
0.531,0.329,0.907,0.792,0.022148
0.0,0.084,0.253,0.43,0.457689
0.0,0.029,0.199,0.371,0.42821
0.832,0.0,1.0,0.199,0.024331
0.026,0.038,0.286,0.386,0.410252
0.567,0.263,0.839,0.451,0.022276
0.103,0.029,0.273,0.345,0.256615
0.46,0.0,0.572,0.206,0.024091
0.116,0.0,0.602,0.319,0.433129
0.01,0.121,0.022,0.405,0.030206
0.274,0.0,0.289,0.118,0.001444
0.0,0.225,0.322,0.437,0.245856
0.0,0.0,0.202,0.129,0.192341
0.535,0.255,0.621,0.403,0.005518
0.0,0.0,0.263,0.229,0.402331
0.0,0.08,0.214,0.176,0.159355
0.0,0.055,0.28,0.423,0.525769
0.046,0.002,0.142,0.234,0.109086
0.712,0.0,1.0,0.379,0.081779
0.712,0.183,0.913,0.205,0.004139
0.0,0.445,0.048,0.464,0.002398
0.72,0.053,1.0,0.405,0.059601
0.036,0.033,0.37,0.233,0.295015
0.022,0.086,0.322,0.491,0.406236
0.182,0.099,0.224,0.573,0.088209
0.226,0.0,0.712,0.247,0.190543
0.061,0.0,0.189,0.203,0.1623
0.402,0.0,0.63,0.083,0.022169
0.504,0.076,0.59,0.516,0.026158
0.0,0.048,0.224,0.122,0.131757
0.202,0.188,0.641,0.362,0.130196
0.561,0.186,1.0,0.216,0.010993
0.155,0.133,0.595,0.615,0.301139
0.0,0.0,0.375,0.277,0.573566
0.167,0.157,0.551,0.327,0.145774
0.003,0.08,0.309,0.455,0.426461
0.0,0.095,0.164,0.103,0.012591
0.365,0.115,0.697,0.291,0.060221
0.871,0.0,0.941,0.095,0.007585
0.0,0.15,0.274,0.608,0.383359
0.122,0.0,0.284,0.162,0.150074
0.403,0.0,0.752,0.368,0.126478
0.716,0.0,0.879,0.173,0.031889
0.548,0.055,0.919,0.443,0.102036
0.0,0.042,0.233,0.382,0.493098
0.0,0.033,0.218,0.269,0.376831
0.0,0.288,0.01,0.289,0.000368
0.169,0.064,0.237,0.069,0.002189
0.0,0.303,0.245,0.408,0.093658
0.324,0.0,0.458,0.2,0.058351
0.89,0.406,0.955,0.514,0.001031
0.001,0.117,0.438,0.575,0.467321
0.012,0.0,0.144,0.264,0.200952
0.0,0.0,0.421,0.486,0.773572
0.157,0.099,0.561,0.494,0.266514
0.0,0.0,0.311,0.176,0.342687
0.098,0.173,0.308,0.509,0.181711
0.859,0.0,1.0,0.198,0.021143
0.249,0.099,0.345,0.291,0.052958
0.047,0.216,0.546,0.342,0.167978
0.145,0.216,0.231,0.463,0.089426
0.197,0.0,0.21,0.076,0.016314
0.209,0.024,0.229,0.254,0.012941
0.0,0.019,0.029,0.311,0.119804
0.041,0.018,0.271,0.066,0.061206
0.0,0.247,0.423,0.363,0.174691
0.0,0.0,0.411,0.241,0.516793
0.0,0.0,0.289,0.318,0.543968
0.439,0.0,0.717,0.222,0.057926
0.0,0.0,0.325,0.301,0.562843
0.0,0.277,0.31,0.293,0.02415
0.0,0.0,0.145,0.197,0.214605
0.053,0.071,0.103,0.559,0.075892
0.0,0.0,0.062,0.393,0.231112
0.11,0.018,0.203,0.444,0.23849
0.0,0.059,0.041,0.432,0.175451
0.0,0.018,0.175,0.285,0.351236
0.0,0.0,0.143,0.269,0.282091
0.207,0.0,0.231,0.269,0.015186
0.139,0.0,0.173,0.041,0.014324
0.0,0.012,0.062,0.028,0.01256
0.289,0.097,0.648,0.165,0.042687
0.078,0.038,0.172,0.316,0.177982
0.0,0.0,0.436,0.173,0.390399
0.0,0.0,0.161,0.396,0.444724
0.16,0.198,0.372,0.344,0.090705
0.262,0.0,0.488,0.357,0.159924
0.0,0.096,0.286,0.461,0.467407
0.826,0.0,0.83,0.348,0.006901
0.42,0.108,0.674,0.556,0.074942
0.0,0.32,0.272,0.424,0.087844
0.041,0.093,0.366,0.233,0.201621
0.0,0.276,0.12,0.396,0.064646
0.0,0.132,0.357,0.251,0.224756
0.091,0.0,0.221,0.244,0.230831
0.228,0.203,0.335,0.559,0.046235
0.371,0.174,0.504,0.564,0.032361
0.0,0.182,0.076,0.619,0.123191
0.2,0.248,0.206,0.444,0.022063
0.0,0.385,0.333,0.387,0.002033
0.423,0.165,0.795,0.219,0.018217
0.725,0.233,0.807,0.557,0.006393
0.088,0.023,0.256,0.285,0.25231
0.0,0.0,0.429,0.128,0.288718
0.166,0.06,0.241,0.22,0.062336
0.0,0.0,0.193,0.282,0.397108
0.306,0.0,0.756,0.014,0.011142
0.132,0.003,0.274,0.241,0.18
0.04,0.146,0.272,0.49,0.251456
0.034,0.0,0.06,0.154,0.008599
0.145,0.39,0.167,0.407,0.001706
0.0,0.263,0.379,0.673,0.230312
0.0,0.033,0.169,0.503,0.429536
0.0,0.18,0.024,0.537,0.080736
0.0,0.208,0.062,0.355,0.076989
0.187,0.0,0.219,0.156,0.053029
0.022,0.0,0.102,0.2,0.096476
0.311,0.062,0.312,0.15,0.005203
0.0,0.034,0.336,0.286,0.483003
0.0,0.342,0.445,0.758,0.11874
0.0,0.209,0.241,0.431,0.239935
0.068,0.0,0.182,0.235,0.161671
0.383,0.122,0.4,0.196,0.001733
0.0,0.11,0.222,0.184,0.129017
0.0,0.543,0.217,0.581,0.00213
0.0,0.2,0.399,0.426,0.315237
0.189,0.0,0.405,0.298,0.200547
0.477,0.328,0.618,0.418,0.005687
0.12,0.0,0.474,0.195,0.261618
0.253,0.435,0.465,0.551,0.006669
0.121,0.071,0.191,0.482,0.147043
0.0,0.339,0.076,0.375,0.012052
0.452,0.0,0.831,0.329,0.118404
0.067,0.016,0.34,0.112,0.130002
0.0,0.108,0.313,0.578,0.496342
0.0,0.022,0.238,0.454,0.560137
0.049,0.198,0.513,0.314,0.154494
0.802,0.264,1.0,0.346,0.008677
0.382,0.079,0.462,0.563,0.031367
0.095,0.202,0.217,0.436,0.108636
0.0,0.145,0.094,0.637,0.197306
0.03,0.233,0.282,0.301,0.078199
0.0,0.2,0.238,0.25,0.077998
0.294,0.047,0.33,0.315,0.042331
0.194,0.123,0.4,0.261,0.092446
0.066,0.0,0.528,0.22,0.356849
0.0,0.066,0.14,0.226,0.164366
0.031,0.0,0.407,0.1,0.178992
0.0,0.183,0.237,0.249,0.103227
0.0,0.0,0.031,0.063,0.040871
0.234,0.141,0.266,0.424,0.021896
0.699,0.201,0.707,0.259,0.000877
0.527,0.067,0.723,0.191,0.026076
0.115,0.0,0.197,0.264,0.134962
0.061,0.236,0.127,0.245,0.003794
0.0,0.0,0.149,0.195,0.212724
0.071,0.017,0.241,0.133,0.120963
0.315,0.111,0.403,0.571,0.049001
0.0,0.153,0.225,0.293,0.20931
0.003,0.098,0.029,0.566,0.036445
0.15,0.0,0.632,0.281,0.364404
0.621,0.297,1.0,0.327,0.005976
0.529,0.384,0.783,0.464,0.004387
0.002,0.264,0.404,0.504,0.187154
0.0,0.0,0.276,0.25,0.447209
0.679,0.027,0.789,0.107,0.008406
0.07,0.0,0.242,0.209,0.214944
0.0,0.155,0.394,0.195,0.079806
0.0,0.147,0.153,0.493,0.221994
0.135,0.032,0.583,0.066,0.050486
0.598,0.238,1.0,0.289,0.015554
0.88,0.037,1.0,0.421,0.020752
0.209,0.0,0.385,0.151,0.074969
0.141,0.0,0.171,0.392,0.087512
0.0,0.0,0.411,0.13,0.288867
0.0,0.264,0.147,0.472,0.103266
0.103,0.081,0.303,0.201,0.115742
0.167,0.035,0.365,0.099,0.050442
0.0,0.029,0.444,0.135,0.238798
0.0,0.0,0.194,0.149,0.224452
0.29,0.022,0.742,0.38,0.214444
0.0,0.087,0.255,0.433,0.453205
0.003,0.026,0.247,0.407,0.444427
0.0,0.092,0.328,0.182,0.178969
0.211,0.0,0.507,0.136,0.087332
0.0,0.0,0.257,0.288,0.489757
0.0,0.172,0.134,0.244,0.071409
0.0,0.222,0.062,0.326,0.055491
0.573,0.096,1.0,0.116,0.008567
0.0,0.0,0.251,0.297,0.503221
0.658,0.048,0.936,0.248,0.050775
0.032,0.195,0.28,0.509,0.198563
0.761,0.252,0.989,0.324,0.010312
0.046,0.0,0.204,0.237,0.244958
0.627,0.0,0.998,0.331,0.098955
0.213,0.0,0.411,0.034,0.018827
0.0,0.139,0.235,0.257,0.186227
0.073,0.059,0.115,0.393,0.067835
0.0,0.0,0.024,0.113,0.05107
0.171,0.017,0.423,0.215,0.172707
0.067,0.08,0.557,0.144,0.109256
0.0,0.0,0.253,0.345,0.555661
0.0,0.167,0.334,0.508,0.379788
0.0,0.178,0.238,0.61,0.314692
0.059,0.0,0.191,0.393,0.268233
0.0,0.0,0.226,0.117,0.206851
0.084,0.061,0.354,0.419,0.353705
0.744,0.0,1.0,0.215,0.042889
0.009,0.086,0.178,0.156,0.076253
0.0,0.197,0.438,0.255,0.114775
0.252,0.073,0.372,0.355,0.080707
0.279,0.0,0.471,0.22,0.095365
0.0,0.0,0.281,0.181,0.338554
0.162,0.0,0.244,0.089,0.037416
0.005,0.255,0.401,0.297,0.065953
0.032,0.292,0.124,0.48,0.023567
0.127,0.0,0.405,0.194,0.214274
0.145,0.106,0.261,0.518,0.177029
0.0,0.093,0.115,0.181,0.081745
0.416,0.002,0.708,0.108,0.035763
0.859,0.0,0.985,0.391,0.035377
0.177,0.071,0.199,0.161,0.006485
0.076,0.0,0.08,0.146,0.010433
0.626,0.188,1.0,0.2,0.003521
0.012,0.149,0.3,0.451,0.314226
0.0,0.315,0.114,0.423,0.046774
0.0,0.043,0.435,0.098,0.119281
0.0,0.202,0.028,0.416,0.063586
0.101,0.282,0.305,0.39,0.063397
0.419,0.193,0.613,0.193,6.5e-05
0.0,0.159,0.401,0.559,0.431639
0.0,0.0,0.44,0.236,0.520541
0.0,0.11,0.22,0.351,0.352243
0.0,0.155,0.287,0.215,0.100485
0.103,0.0,0.209,0.23,0.168841
0.188,0.232,0.436,0.394,0.087403
0.0,0.355,0.126,0.555,0.046825
0.016,0.006,0.296,0.294,0.423274
0.0,0.0,0.154,0.291,0.300437
0.0,0.22,0.077,0.302,0.048173
0.008,0.265,0.054,0.321,0.013823
0.176,0.178,0.262,0.48,0.068521
0.0,0.0,0.219,0.139,0.247039
0.305,0.132,0.445,0.186,0.017927
0.821,0.143,1.0,0.303,0.020647
0.0,0.045,0.136,0.139,0.102892
0.104,0.115,0.24,0.217,0.079004
0.207,0.0,0.386,0.256,0.120101
0.0,0.334,0.358,0.388,0.056553
0.0,0.322,0.389,0.354,0.041845
0.0,0.0,0.021,0.065,0.030628
0.0,0.0,0.173,0.292,0.386235
0.0,0.44,0.088,0.568,0.01111
0.033,0.09,0.061,0.578,0.00968
0.025,0.201,0.319,0.685,0.248729
0.618,0.0,0.694,0.317,0.02032
0.28,0.108,0.377,0.384,0.069544
0.0,0.152,0.228,0.422,0.321663
0.632,0.0,1.0,0.11,0.036212
0.0,0.0,0.188,0.385,0.484674
0.515,0.231,0.922,0.477,0.052087
0.02,0.023,0.23,0.381,0.389685
0.0,0.274,0.28,0.47,0.162918
0.379,0.0,0.809,0.224,0.100058
0.016,0.367,0.172,0.459,0.029906
0.026,0.357,0.38,0.375,0.014647
0.0,0.288,0.206,0.4,0.103973
0.0,0.0,0.078,0.451,0.264953
0.088,0.161,0.445,0.323,0.199508
0.0,0.135,0.255,0.169,0.063311
0.195,0.0,0.429,0.226,0.168662
0.048,0.148,0.485,0.429,0.313305
0.0,0.017,0.214,0.017,0.002793
0.0,0.0,0.317,0.142,0.287074
0.0,0.0,0.26,0.267,0.462779
0.242,0.0,0.414,0.292,0.124744
0.088,0.0,0.162,0.329,0.170646
0.063,0.098,0.531,0.214,0.190005
0.606,0.06,0.77,0.39,0.047796
0.0,0.076,0.234,0.401,0.446407
0.07,0.0,0.462,0.379,0.516018
0.588,0.002,1.0,0.482,0.126509
0.55,0.08,0.732,0.432,0.046367
0.0,0.229,0.096,0.317,0.063756
0.0,0.094,0.418,0.48,0.560998
0.0,0.003,0.292,0.447,0.639002
0.589,0.115,0.849,0.23,0.028647
0.145,0.101,0.261,0.171,0.049628
0.124,0.198,0.282,0.248,0.04077
0.654,0.169,0.878,0.439,0.041329
0.474,0.034,0.558,0.246,0.019896
0.0,0.034,0.203,0.066,0.06075
0.492,0.075,0.79,0.247,0.050468
0.013,0.161,0.019,0.267,0.013695
0.496,0.145,0.754,0.259,0.029892
0.0,0.196,0.202,0.242,0.062651
0.0,0.0,0.368,0.336,0.651018
0.043,0.0,0.457,0.302,0.47164
0.092,0.0,0.314,0.248,0.293108
0.101,0.184,0.149,0.396,0.023541
0.209,0.0,0.29,0.152,0.028142
0.346,0.0,0.498,0.334,0.078473
0.095,0.198,0.281,0.451,0.139404
0.0,0.0,0.258,0.162,0.29437
0.315,0.109,0.623,0.547,0.110165
0.0,0.0,0.378,0.269,0.558735
0.056,0.192,0.256,0.215,0.024365
0.459,0.2,0.574,0.348,0.013143
0.0,0.006,0.16,0.244,0.312042
0.252,0.312,0.466,0.425,0.024744
0.236,0.0,0.388,0.317,0.123054
0.656,0.055,1.0,0.115,0.019752
0.0,0.171,0.229,0.343,0.237684
0.0,0.0,0.357,0.203,0.409881
0.642,0.0,0.764,0.235,0.027269
0.0,0.0,0.067,0.285,0.189611
0.0,0.208,0.185,0.478,0.206654
0.164,0.231,0.274,0.377,0.050973
0.096,0.0,0.404,0.239,0.293512
0.153,0.153,0.565,0.249,0.11265
0.149,0.0,0.633,0.124,0.169953
0.351,0.0,0.366,0.141,0.013004
0.005,0.171,0.433,0.577,0.358081
0.313,0.157,0.437,0.338,0.036579
0.018,0.005,0.388,0.081,0.139737
0.008,0.227,0.18,0.553,0.147191
0.141,0.088,0.327,0.498,0.241828
0.197,0.207,0.303,0.497,0.069389
0.0,0.15,0.085,0.596,0.158396
0.731,0.164,0.737,0.21,0.00031
0.138,0.337,0.394,0.633,0.061014
0.762,0.105,0.832,0.239,0.008878
0.33,0.06,0.733,0.096,0.018869
0.0,0.123,0.334,0.309,0.332065
0.0,0.183,0.223,0.299,0.171838
0.0,0.393,0.081,0.623,0.02105
0.0,0.051,0.262,0.321,0.437659
0.412,0.0,0.62,0.173,0.042733
0.002,0.029,0.186,0.308,0.281036
0.0,0.159,0.141,0.521,0.212902
0.149,0.198,0.633,0.628,0.220988
0.135,0.088,0.177,0.38,0.077541
0.0,0.231,0.094,0.284,0.041453
0.496,0.266,0.536,0.442,0.006184
0.269,0.0,0.731,0.367,0.229008
0.216,0.0,0.502,0.195,0.123975
0.468,0.266,0.877,0.37,0.026607
0.558,0.0,0.91,0.029,0.010574
0.108,0.13,0.298,0.534,0.226987
0.382,0.062,0.68,0.188,0.042262
0.0,0.216,0.285,0.338,0.174541
0.15,0.208,0.256,0.253,0.028685
0.374,0.0,0.688,0.075,0.028939
0.103,0.138,0.241,0.472,0.171513
0.0,0.0,0.255,0.282,0.483785
0.38,0.0,0.775,0.322,0.12876
0.0,0.064,0.186,0.172,0.150109
0.0,0.214,0.094,0.513,0.135443
0.0,0.028,0.323,0.45,0.629269
0.399,0.124,0.633,0.14,0.004433
0.0,0.0,0.135,0.241,0.253524
0.034,0.123,0.154,0.541,0.107335
0.04,0.0,0.492,0.113,0.195243
0.679,0.015,0.946,0.345,0.077519
0.0,0.035,0.05,0.493,0.210106
0.0,0.004,0.262,0.432,0.607882
0.097,0.201,0.403,0.241,0.047006
0.0,0.0,0.131,0.244,0.256986
0.0,0.201,0.12,0.307,0.084606
0.0,0.045,0.102,0.157,0.10536
0.119,0.191,0.225,0.272,0.056694
0.66,0.212,0.934,0.424,0.033864
0.048,0.0,0.234,0.302,0.305487
0.514,0.282,0.798,0.498,0.02391
0.0,0.34,0.114,0.42,0.031121
0.0,0.118,0.417,0.334,0.404987
0.419,0.183,0.613,0.249,0.014814
0.039,0.412,0.367,0.628,0.032542
0.857,0.144,1.0,0.275,0.012937
0.0,0.035,0.418,0.451,0.678411
0.301,0.0,0.323,0.473,0.020452
0.048,0.03,0.296,0.118,0.107297
0.0,0.305,0.151,0.407,0.056548
0.0,0.707,0.253,1.0,0.001471
0.0,0.087,0.196,0.107,0.028459
0.041,0.042,0.147,0.51,0.145166
0.217,0.0,0.501,0.286,0.173282
0.0,0.017,0.276,0.175,0.291244
0.404,0.0,0.472,0.167,0.017436
0.141,0.15,0.203,0.27,0.064342
0.0,0.0,0.089,0.116,0.091187
0.082,0.257,0.168,0.306,0.022551
0.0,0.375,0.139,0.495,0.032384
0.553,0.054,0.759,0.542,0.059069
0.711,0.01,0.884,0.202,0.03463
0.422,0.0,0.545,0.217,0.038295
0.0,0.039,0.284,0.091,0.09904
0.0,0.037,0.101,0.077,0.039598
0.0,0.164,0.102,0.475,0.172146
0.0,0.289,0.31,0.721,0.168437
0.0,0.134,0.185,0.184,0.070384
0.157,0.0,0.467,0.14,0.133985
0.157,0.0,0.249,0.109,0.044288
0.696,0.0,0.742,0.272,0.017101
0.0,0.054,0.147,0.146,0.103211
0.11,0.18,0.296,0.225,0.037646
0.022,0.0,0.29,0.474,0.494671
0.0,0.064,0.136,0.382,0.280059
0.0,0.0,0.225,0.334,0.527353
0.049,0.072,0.513,0.272,0.308861
0.047,0.0,0.265,0.324,0.348543
0.517,0.096,0.92,0.362,0.08687
0.039,0.012,0.211,0.114,0.110287
0.335,0.247,0.697,0.273,0.009907
0.147,0.0,0.385,0.231,0.243409
0.0,0.053,0.334,0.335,0.508079
0.092,0.082,0.314,0.118,0.044028
0.0,0.0,0.279,0.304,0.526189
0.169,0.03,0.455,0.402,0.286873
0.282,0.0,0.312,0.357,0.039878
0.486,0.0,0.702,0.257,0.051711
0.005,0.415,0.027,0.538,0.002536
0.181,0.0,0.569,0.24,0.233783
0.0,0.146,0.015,0.202,0.015975
0.0,0.127,0.25,0.313,0.290858
0.186,0.177,0.282,0.333,0.057619
0.0,0.278,0.235,0.336,0.070182
0.084,0.211,0.384,0.356,0.151259
0.371,0.303,0.411,0.343,0.001447
0.0,0.128,0.136,0.226,0.101146
0.0,0.024,0.157,0.322,0.359403
0.0,0.025,0.276,0.369,0.542974
0.0,0.0,0.377,0.393,0.718687
0.0,0.46,0.04,0.477,0.002273
0.46,0.14,0.853,0.278,0.049408
0.085,0.244,0.165,0.276,0.014732
0.0,0.0,0.276,0.176,0.328481
0.165,0.106,0.303,0.143,0.022647
0.056,0.073,0.068,0.514,0.008864
0.255,0.106,0.401,0.376,0.084827
0.096,0.264,0.56,0.34,0.076836
0.0,0.0,0.418,0.322,0.647941
0.703,0.153,1.0,0.241,0.021751
0.831,0.0,0.887,0.14,0.007725
0.083,0.0,0.229,0.198,0.190824
0.0,0.079,0.154,0.385,0.269624
0.0,0.132,0.219,0.278,0.231872
0.182,0.013,0.442,0.325,0.241851
0.314,0.087,0.686,0.181,0.048297
0.143,0.326,0.201,0.457,0.019845
0.084,0.155,0.104,0.401,0.028919
0.0,0.0,0.067,0.385,0.229055
0.0,0.188,0.372,0.434,0.331988
0.0,0.282,0.306,0.348,0.083684
0.2,0.0,0.207,0.11,0.022947
0.413,0.067,0.775,0.323,0.092038
0.046,0.0,0.11,0.278,0.0873
0.225,0.082,0.307,0.53,0.051677
0.131,0.0,0.181,0.313,0.094372
0.011,0.062,0.395,0.342,0.458902
0.0,0.006,0.394,0.252,0.51975
0.0,0.18,0.117,0.34,0.120136
0.0,0.064,0.15,0.238,0.180248
0.0,0.004,0.087,0.146,0.112167
0.254,0.198,0.34,0.248,0.010758
0.073,0.148,0.115,0.446,0.048601
0.03,0.08,0.22,0.194,0.14227
0.0,0.064,0.293,0.224,0.285247
0.02,0.218,0.356,0.308,0.11786
0.0,0.14,0.384,0.24,0.200078
0.18,0.0,0.32,0.359,0.185873
0.0,0.0,0.224,0.358,0.55025
0.021,0.0,0.167,0.423,0.302629
0.054,0.007,0.258,0.415,0.374939
0.0,0.16,0.037,0.54,0.122553
0.011,0.062,0.145,0.238,0.131621
0.01,0.111,0.396,0.168,0.109659
0.057,0.453,0.381,0.517,0.015456
0.0,0.244,0.104,0.55,0.111038
0.021,0.341,0.323,0.362,0.016775
0.011,0.028,0.177,0.516,0.356747
0.221,0.0,0.372,0.223,0.086469
0.384,0.115,0.46,0.353,0.022704
0.038,0.0,0.274,0.176,0.219532
0.0,0.015,0.1,0.502,0.31347
0.0,0.067,0.125,0.446,0.294528
0.283,0.0,0.499,0.321,0.130248
0.0,0.376,0.262,0.404,0.023074
0.013,0.0,0.049,0.121,0.044841
0.056,0.214,0.288,0.272,0.06094
0.114,0.0,0.198,0.283,0.142519
0.221,0.0,0.529,0.144,0.090097
0.0,0.223,0.235,0.449,0.223152
0.0,0.276,0.052,0.322,0.020769
0.796,0.0,0.954,0.223,0.03711
0.0,0.01,0.156,0.447,0.446774
0.738,0.087,0.98,0.301,0.040008
0.223,0.208,0.401,0.21,0.001654
0.0,0.101,0.272,0.163,0.116601
0.163,0.171,0.461,0.509,0.172186
0.021,0.25,0.479,0.31,0.085115
0.573,0.0,1.0,0.409,0.126985
0.0,0.188,0.285,0.296,0.170844
0.0,0.062,0.182,0.33,0.330332
0.47,0.0,0.968,0.131,0.063548
0.0,0.0,0.442,0.301,0.640264
0.0,0.0,0.156,0.27,0.346875
0.102,0.128,0.274,0.428,0.196608
0.319,0.005,0.399,0.427,0.067882
0.205,0.0,0.389,0.094,0.046299
0.558,0.24,0.88,0.474,0.035616
0.0,0.03,0.102,0.428,0.28884
0.467,0.404,0.471,0.622,0.000216
0.0,0.237,0.241,0.251,0.02091
0.0,0.0,0.121,0.199,0.186498
0.062,0.483,0.532,0.695,0.014996
0.043,0.107,0.207,0.161,0.058307
0.0,0.263,0.142,0.321,0.044958
0.119,0.048,0.504,0.05,0.003733
0.0,0.136,0.343,0.296,0.290611
0.0,0.0,0.114,0.356,0.297313
0.638,0.031,1.0,0.473,0.103676
0.088,0.127,0.412,0.461,0.314495
0.175,0.0,0.668,0.169,0.185929
0.0,0.186,0.029,0.2,0.005742
0.0,0.326,0.256,0.464,0.093623
0.286,0.299,0.338,0.621,0.013697
0.0,0.2,0.045,0.284,0.04625
0.0,0.255,0.1,0.529,0.103459
0.0,0.224,0.322,0.254,0.052311
0.731,0.148,1.0,0.422,0.03949
0.229,0.0,0.489,0.205,0.114091
0.0,0.086,0.185,0.479,0.367201
0.147,0.163,0.259,0.401,0.121091
0.227,0.0,0.491,0.323,0.167016
0.0,0.0,0.17,0.075,0.105602
0.461,0.0,0.663,0.435,0.071708
0.672,0.0,0.86,0.352,0.06071
0.732,0.098,0.924,0.371,0.041032
0.0,0.0,0.373,0.077,0.171483
0.154,0.014,0.315,0.024,0.010756
0.0,0.269,0.211,0.453,0.147659
0.037,0.0,0.37,0.209,0.312351
0.084,0.209,0.322,0.664,0.190647
0.0,0.0,0.16,0.171,0.230826
0.003,0.079,0.058,0.227,0.050129
0.0,0.229,0.167,0.417,0.15439
0.0,0.002,0.161,0.17,0.229452
0.161,0.0,0.246,0.216,0.085887
0.178,0.0,0.446,0.427,0.292566
0.0,0.119,0.24,0.263,0.233612
0.349,0.199,0.713,0.583,0.075351
0.0,0.0,0.243,0.334,0.528976
0.026,0.211,0.286,0.227,0.022027
0.0,0.096,0.378,0.284,0.376929
0.121,0.112,0.191,0.408,0.118524
0.0,0.0,0.329,0.153,0.318725
0.091,0.188,0.097,0.278,0.012581
0.0,0.0,0.12,0.214,0.199956
0.0,0.352,0.296,0.454,0.061728
0.384,0.0,0.617,0.276,0.072897
0.0,0.055,0.335,0.377,0.547359
0.0,0.441,0.427,0.443,0.001086
0.247,0.0,0.47,0.377,0.177575
0.049,0.26,0.357,0.448,0.132205
0.072,0.0,0.428,0.227,0.341831
0.013,0.142,0.299,0.314,0.236613
0.661,0.069,0.871,0.44,0.052511
0.043,0.0,0.363,0.203,0.304806
0.104,0.093,0.114,0.395,0.003327
0.02,0.199,0.168,0.221,0.017596
0.0,0.044,0.045,0.438,0.184814
0.0,0.487,0.37,0.803,0.017444
0.0,0.0,0.228,0.254,0.426189
0.005,0.216,0.339,0.426,0.222506
0.0,0.01,0.273,0.488,0.631453
0.0,0.0,0.088,0.271,0.199764
0.567,0.0,0.651,0.042,0.003026
0.483,0.0,0.579,0.283,0.032797
0.0,0.081,0.125,0.369,0.254826
0.0,0.323,0.189,0.379,0.04497
0.061,0.266,0.095,0.291,0.005177
0.1,0.197,0.306,0.577,0.163963
0.121,0.0,0.379,0.161,0.198936
0.076,0.0,0.236,0.24,0.24458
0.242,0.242,0.476,0.244,0.002037
0.012,0.101,0.05,0.158,0.020251
0.178,0.173,0.416,0.36,0.114707
0.104,0.236,0.239,0.366,0.073503
0.0,0.0,0.132,0.215,0.228361
0.528,0.0,0.566,0.062,0.002934
0.002,0.0,0.092,0.295,0.128656
0.461,0.0,0.663,0.332,0.06384
0.027,0.178,0.379,0.478,0.294091
0.238,0.14,0.48,0.622,0.118563
0.385,0.0,0.583,0.415,0.08272
0.0,0.0,0.146,0.233,0.249729
0.0,0.345,0.113,0.375,0.013241
0.661,0.09,0.715,0.098,0.000238
0.012,0.102,0.05,0.424,0.082992
0.16,0.0,0.246,0.339,0.124477
0.0,0.0,0.078,0.098,0.07677
0.757,0.042,0.775,0.302,0.003871
0.0,0.0,0.208,0.297,0.470557
0.0,0.179,0.127,0.459,0.179898
0.247,0.0,0.377,0.244,0.100875
0.066,0.0,0.246,0.033,0.035438
0.573,0.168,0.771,0.394,0.032734
0.0,0.3,0.204,0.46,0.111399
0.0,0.138,0.083,0.282,0.099836
0.0,0.0,0.102,0.371,0.29877
0.0,0.116,0.01,0.448,0.070886
0.29,0.098,0.334,0.524,0.04428
0.0,0.0,0.206,0.197,0.329459
0.0,0.0,0.317,0.34,0.610512
0.0,0.053,0.295,0.407,0.526817
0.114,0.0,0.292,0.379,0.298609
0.5,0.334,0.688,0.506,0.009691
0.0,0.0,0.215,0.29,0.460758
0.046,0.189,0.078,0.213,0.003223
0.34,0.077,0.442,0.511,0.061589
0.205,0.0,0.389,0.411,0.164026
0.216,0.029,0.502,0.193,0.102326
0.0,0.073,0.229,0.355,0.414944
0.0,0.048,0.031,0.514,0.191329
0.521,0.575,0.855,1.0,0.001165
0.521,0.0,0.761,0.414,0.077842
0.78,0.415,1.0,0.519,0.002566
0.467,0.581,0.751,0.665,0.000554
0.797,0.206,1.0,0.298,0.013873
0.236,0.471,0.482,0.727,0.006579
0.0,0.09,0.26,0.442,0.451821
0.318,0.057,0.338,0.135,0.003696
0.0,0.0,0.342,0.425,0.693779
0.514,0.167,0.798,0.489,0.054645
0.0,0.221,0.359,0.697,0.308437
0.0,0.216,0.359,0.43,0.276697
0.006,0.046,0.494,0.177,0.264
0.194,0.097,0.556,0.379,0.20898
0.0,0.0,0.196,0.073,0.113099
0.062,0.0,0.344,0.409,0.465035
0.092,0.0,0.158,0.167,0.096743
0.0,0.0,0.11,0.367,0.302096
0.759,0.332,1.0,0.642,0.010178
0.0,0.029,0.314,0.303,0.50354
0.0,0.0,0.213,0.229,0.376299
0.0,0.211,0.149,0.249,0.038197
0.0,0.341,0.387,0.535,0.107443
0.0,0.035,0.059,0.319,0.170396
0.0,0.0,0.265,0.193,0.343685
0.032,0.037,0.157,0.344,0.19475
0.0,0.041,0.146,0.365,0.300757
0.078,0.0,0.328,0.312,0.386458
0.0,0.168,0.118,0.586,0.178795
0.022,0.0,0.322,0.291,0.42303
0.28,0.078,0.564,0.08,0.001432
0.0,0.0,0.428,0.312,0.646327
0.072,0.33,0.304,0.406,0.046454
0.054,0.0,0.322,0.13,0.173521
0.632,0.027,1.0,0.353,0.093935
0.834,0.0,1.0,0.365,0.039245
0.684,0.246,0.848,0.418,0.016138
0.0,0.014,0.047,0.33,0.189046
0.079,0.324,0.233,0.364,0.022706
0.0,0.094,0.324,0.472,0.505917
0.606,0.135,0.956,0.191,0.019777
0.0,0.0,0.338,0.183,0.371981
0.0,0.249,0.227,0.273,0.035222
0.0,0.0,0.077,0.371,0.223503
0.0,0.0,0.363,0.218,0.456417
0.0,0.0,0.114,0.347,0.294134
0.74,0.0,0.948,0.229,0.042933
0.0,0.0,0.233,0.118,0.209492
0.0,0.0,0.272,0.258,0.459223
0.257,0.0,0.399,0.216,0.083694
0.0,0.0,0.411,0.413,0.742104
0.283,0.0,0.684,0.242,0.152831
0.0,0.0,0.001,0.101,0.031517
0.0,0.008,0.222,0.38,0.553675
0.0,0.187,0.033,0.375,0.085902
0.03,0.0,0.47,0.081,0.156109
0.0,0.0,0.075,0.192,0.133367
0.0,0.302,0.126,0.308,0.004197
0.036,0.102,0.526,0.136,0.060123
0.812,0.0,0.876,0.246,0.021515
0.09,0.025,0.316,0.209,0.217733
0.0,0.0,0.338,0.129,0.264971
0.0,0.0,0.408,0.117,0.261243
0.485,0.012,0.61,0.036,0.003839
0.0,0.116,0.314,0.202,0.1634
0.328,0.365,0.39,0.454,0.004578
0.005,0.115,0.057,0.182,0.023172
0.0,0.294,0.269,0.59,0.152876
0.004,0.0,0.34,0.143,0.251897
0.052,0.116,0.198,0.346,0.156187
0.195,0.0,0.211,0.264,0.052313
0.624,0.011,0.626,0.165,0.001415
0.0,0.0,0.382,0.14,0.309171
0.594,0.214,0.844,0.272,0.013687
0.0,0.0,0.141,0.226,0.242934
0.0,0.132,0.177,0.532,0.314427
0.288,0.136,0.306,0.6,0.014884
0.0,0.23,0.214,0.45,0.204129
0.432,0.084,0.662,0.436,0.065447
0.673,0.0,1.0,0.173,0.047954
0.324,0.0,0.394,0.227,0.045023
0.308,0.03,0.536,0.41,0.136065
0.708,0.164,1.0,0.188,0.005877
0.179,0.165,0.227,0.278,0.03374
0.202,0.027,0.204,0.173,0.03007
0.169,0.073,0.425,0.089,0.015222
0.169,0.189,0.581,0.425,0.163659
0.0,0.068,0.423,0.446,0.612233
0.139,0.121,0.393,0.216,0.101104
0.864,0.053,1.0,0.105,0.005108
0.345,0.154,0.688,0.65,0.092849
0.152,0.127,0.16,0.603,0.05802
0.388,0.349,0.58,0.423,0.006309
0.008,0.152,0.148,0.442,0.146898
0.358,0.122,0.486,0.462,0.057289
0.007,0.12,0.399,0.172,0.097969
0.0,0.0,0.195,0.288,0.401969
0.0,0.066,0.435,0.362,0.55615
0.0,0.0,0.454,0.158,0.366484
0.232,0.256,0.518,0.526,0.066056
0.0,0.0,0.173,0.26,0.352689
0.308,0.0,0.41,0.177,0.047853
0.114,0.244,0.542,0.596,0.172011
0.0,0.0,0.288,0.345,0.575745
0.341,0.271,0.442,0.759,0.02212
0.0,0.032,0.326,0.322,0.522197
0.0,0.014,0.263,0.058,0.079608
0.0,0.0,0.382,0.075,0.170314
0.171,0.36,0.329,0.436,0.01781
0.106,0.071,0.55,0.479,0.403621
0.011,0.107,0.365,0.225,0.205247
0.225,0.086,0.399,0.391,0.109466
0.124,0.085,0.252,0.175,0.075871
0.0,0.16,0.166,0.345,0.196685
0.0,0.065,0.192,0.303,0.316553
0.0,0.285,0.277,0.355,0.081284
0.024,0.048,0.288,0.087,0.059539
0.237,0.323,0.419,0.411,0.019043
0.127,0.0,0.279,0.358,0.245241
0.478,0.279,0.71,0.395,0.014689
0.45,0.0,0.518,0.122,0.011564
0.042,0.031,0.146,0.275,0.110057
0.09,0.125,0.504,0.303,0.244646
0.452,0.291,0.766,0.405,0.020105
0.154,0.287,0.158,0.325,0.006224
0.083,0.0,0.229,0.162,0.159035
0.168,0.105,0.582,0.437,0.253883
0.0,0.0,0.098,0.224,0.204949
0.039,0.291,0.149,0.457,0.032486
0.105,0.13,0.301,0.23,0.095541
0.331,0.178,0.701,0.212,0.013977
0.0,0.0,0.243,0.264,0.445464
0.0,0.164,0.3,0.176,0.024181
0.716,0.051,0.817,0.127,0.008195
0.036,0.0,0.058,0.213,0.010853
0.0,0.02,0.134,0.314,0.287329
0.565,0.375,0.591,0.413,0.00018
0.0,0.005,0.363,0.123,0.260023
0.0,0.0,0.232,0.169,0.296899
0.713,0.0,1.0,0.169,0.042875
0.0,0.0,0.295,0.13,0.244893
0.0,0.003,0.173,0.489,0.492086
0.27,0.0,0.448,0.274,0.108098
0.726,0.076,0.992,0.412,0.054636
0.067,0.0,0.34,0.014,0.022161
0.7,0.0,0.738,0.264,0.016717
0.087,0.039,0.507,0.081,0.066435
0.532,0.0,0.718,0.258,0.037675
0.0,0.12,0.298,0.335,0.350835
0.077,0.053,0.172,0.071,0.014421
0.386,0.0,0.458,0.284,0.031282
0.0,0.242,0.356,0.552,0.250549
0.0,0.076,0.217,0.48,0.457769
0.166,0.34,0.334,0.356,0.005703
0.024,0.246,0.164,0.278,0.023778
0.0,0.183,0.358,0.459,0.336256
0.0,0.095,0.362,0.189,0.196271
0.121,0.318,0.191,0.442,0.028431
0.0,0.137,0.312,0.423,0.401611
0.491,0.001,0.947,0.131,0.060788
0.107,0.0,0.425,0.14,0.185839
0.222,0.255,0.34,0.635,0.033649
0.0,0.275,0.155,0.493,0.098502
0.0,0.025,0.25,0.137,0.202067
0.557,0.13,0.943,0.628,0.085477
0.187,0.046,0.219,0.09,0.015589
0.0,0.0,0.32,0.234,0.455722
0.246,0.212,0.316,0.266,0.012163
0.0,0.0,0.087,0.229,0.172275
0.0,0.0,0.226,0.327,0.516609
0.171,0.042,0.362,0.365,0.219057
0.0,0.0,0.169,0.229,0.300071
0.0,0.011,0.301,0.249,0.44332
0.286,0.0,0.496,0.151,0.068292
0.0,0.087,0.147,0.207,0.123925
0.225,0.277,0.399,0.615,0.042386
0.0,0.246,0.038,0.492,0.07156
0.027,0.362,0.285,0.58,0.057206
0.077,0.057,0.079,0.401,0.019757
0.078,0.482,0.546,0.542,0.010017
0.151,0.084,0.567,0.487,0.347312
0.0,0.146,0.091,0.246,0.071357
0.0,0.158,0.336,0.298,0.24566
0.0,0.012,0.042,0.022,0.008139
0.0,0.213,0.134,0.358,0.115632
0.021,0.019,0.167,0.237,0.186303
0.0,0.012,0.315,0.296,0.5292
0.716,0.047,0.878,0.211,0.029532
0.0,0.138,0.214,0.252,0.173081
0.383,0.0,0.493,0.155,0.021775
0.682,0.0,0.755,0.382,0.027017
0.176,0.294,0.356,0.344,0.021416
0.057,0.141,0.443,0.519,0.340473
0.0,0.058,0.13,0.14,0.090429
0.049,0.205,0.075,0.295,0.00244
0.144,0.102,0.574,0.544,0.331798
0.0,0.0,0.102,0.118,0.112669
0.311,0.172,0.532,0.196,0.010405
0.0,0.213,0.147,0.388,0.132385
0.0,0.0,0.159,0.246,0.321821
0.006,0.48,0.244,0.489,0.002772
0.286,0.0,0.652,0.117,0.071978
0.0,0.152,0.135,0.275,0.116715
0.0,0.0,0.174,0.172,0.243828
0.0,0.02,0.413,0.266,0.513367
0.0,0.0,0.355,0.386,0.673345
0.0,0.0,0.244,0.333,0.527651
0.241,0.218,0.541,0.436,0.080875
0.826,0.213,0.986,0.581,0.021145
0.118,0.0,0.132,0.262,0.033076
0.358,0.243,0.36,0.265,0.001666
0.515,0.207,0.767,0.549,0.042669
0.102,0.113,0.522,0.372,0.294435
0.346,0.18,0.81,0.462,0.094253
0.019,0.0,0.231,0.327,0.383643
0.668,0.0,0.956,0.337,0.086886
0.0,0.116,0.24,0.476,0.406266
0.155,0.305,0.157,0.361,0.008413
0.0,0.036,0.142,0.194,0.170124
0.395,0.0,0.481,0.259,0.025924
0.0,0.035,0.039,0.215,0.108147
0.731,0.0,0.863,0.317,0.034705
0.718,0.244,0.782,0.606,0.009219
0.144,0.168,0.356,0.589,0.182123
0.194,0.04,0.212,0.16,0.024256
0.0,0.313,0.257,0.689,0.127039
0.114,0.041,0.386,0.351,0.329373
0.0,0.059,0.131,0.246,0.194322
0.102,0.0,0.21,0.187,0.139956
0.776,0.042,1.0,0.214,0.029705
0.035,0.058,0.371,0.19,0.197702
0.0,0.097,0.257,0.529,0.466149
0.006,0.14,0.306,0.262,0.180188
0.0,0.063,0.34,0.478,0.582477
0.624,0.172,0.814,0.288,0.019745
0.293,0.0,0.769,0.106,0.079985
0.256,0.146,0.621,0.266,0.070901
0.129,0.308,0.183,0.32,0.00219
0.0,0.0,0.346,0.097,0.201736
0.033,0.0,0.405,0.186,0.293029
0.01,0.044,0.302,0.12,0.122874
0.72,0.556,1.0,0.565,6.7e-05
0.0,0.382,0.213,0.416,0.018341
0.0,0.0,0.204,0.091,0.15894
0.0,0.082,0.051,0.498,0.178129
0.147,0.004,0.165,0.484,0.086586
0.0,0.0,0.268,0.314,0.536167
0.0,0.057,0.242,0.476,0.510316
0.055,0.085,0.195,0.427,0.205755
0.049,0.0,0.263,0.343,0.348897
0.0,0.197,0.23,0.215,0.029834
0.026,0.0,0.162,0.273,0.232944
0.0,0.0,0.433,0.405,0.752086
0.0,0.028,0.117,0.526,0.309435
0.0,0.029,0.227,0.247,0.365778
0.102,0.0,0.522,0.07,0.104056
0.627,0.077,0.873,0.341,0.054611
0.146,0.084,0.541,0.104,0.025538
0.337,0.014,0.507,0.354,0.084011
0.663,0.0,0.837,0.306,0.04666
0.0,0.116,0.082,0.489,0.179875
0.0,0.0,0.285,0.282,0.501306
0.272,0.221,0.478,0.443,0.056147
0.0,0.065,0.178,0.287,0.285277
0.0,0.15,0.322,0.332,0.297433
0.501,0.013,0.937,0.019,0.003768
0.0,0.095,0.302,0.535,0.503674
0.0,0.244,0.166,0.368,0.109717
0.011,0.067,0.021,0.497,0.039649
0.289,0.158,0.428,0.422,0.066976
0.0,0.076,0.309,0.116,0.075836
0.081,0.251,0.512,0.555,0.179243
0.308,0.0,0.598,0.231,0.112831
0.37,0.0,0.598,0.229,0.065296
0.0,0.056,0.334,0.552,0.613279
0.02,0.0,0.136,0.157,0.101302
0.0,0.0,0.142,0.275,0.28807
0.421,0.0,0.767,0.198,0.080123
0.0,0.0,0.046,0.255,0.151821
0.0,0.002,0.33,0.327,0.603327
0.0,0.0,0.198,0.216,0.313831
0.0,0.472,0.287,0.554,0.01506
0.0,0.0,0.224,0.36,0.551901
0.468,0.0,0.938,0.132,0.064202
0.002,0.0,0.186,0.317,0.319264
0.105,0.0,0.333,0.168,0.187401
0.078,0.0,0.266,0.301,0.326052
0.0,0.0,0.11,0.384,0.310609
0.84,0.065,1.0,0.284,0.025359
0.0,0.0,0.05,0.298,0.187055
0.0,0.048,0.206,0.342,0.435782
0.216,0.0,0.284,0.018,0.003822
0.119,0.322,0.193,0.472,0.029496
0.0,0.296,0.363,0.508,0.16379
0.083,0.064,0.355,0.14,0.097411
0.12,0.0,0.192,0.238,0.122365
0.141,0.0,0.203,0.414,0.205005
0.0,0.038,0.132,0.428,0.324295
0.133,0.035,0.243,0.082,0.033172
0.025,0.027,0.257,0.173,0.198226
0.0,0.058,0.062,0.302,0.156522
0.304,0.106,0.32,0.371,0.012546
0.0,0.043,0.276,0.06,0.031825
0.0,0.0,0.438,0.299,0.636024
0.161,0.218,0.463,0.242,0.022624
0.388,0.0,0.83,0.32,0.143727
0.0,0.12,0.278,0.4,0.39334
0.015,0.0,0.235,0.237,0.331431
0.261,0.0,0.363,0.164,0.056142
0.0,0.087,0.047,0.424,0.165712
0.016,0.0,0.234,0.156,0.228192
0.021,0.096,0.511,0.318,0.365921
0.04,0.208,0.21,0.238,0.029367
0.0,0.171,0.351,0.561,0.380996
0.12,0.0,0.318,0.195,0.202091
0.0,0.091,0.241,0.433,0.433333
0.0,0.0,0.15,0.174,0.192342
0.186,0.0,0.252,0.232,0.08949
0.0,0.016,0.093,0.444,0.250238
0.003,0.0,0.247,0.327,0.42688
0.827,0.127,0.923,0.141,0.002
0.101,0.0,0.431,0.485,0.45878
0.312,0.082,0.47,0.286,0.068614
0.116,0.259,0.228,0.471,0.081735
0.0,0.199,0.344,0.411,0.287896
0.486,0.0,0.702,0.149,0.031356
0.347,0.225,0.403,0.683,0.020056
0.0,0.201,0.114,0.685,0.152756
0.003,0.147,0.029,0.207,0.007608
0.27,0.0,0.667,0.095,0.061375
0.0,0.0,0.197,0.362,0.468595
0.407,0.096,0.905,0.402,0.124331
0.195,0.051,0.212,0.321,0.049998
0.0,0.18,0.076,0.397,0.106585
0.119,0.0,0.505,0.033,0.046902
0.17,0.045,0.33,0.131,0.059406
0.0,0.046,0.195,0.17,0.184439
0.563,0.149,0.999,0.335,0.058583
0.784,0.102,0.903,0.242,0.01526
0.026,0.0,0.256,0.262,0.341689
0.875,0.0,0.875,0.241,0.005373
0.454,0.064,0.891,0.456,0.120961
0.613,0.032,0.793,0.05,0.002982
0.0,0.0,0.072,0.206,0.141545
0.0,0.0,0.422,0.144,0.328616
0.0,0.11,0.013,0.258,0.042776
0.0,0.081,0.243,0.575,0.480579
0.227,0.0,0.49,0.17,0.096974
0.0,0.337,0.073,0.575,0.037032
-0.0,0.0,0.188,0.233,0.336696
0.0,0.325,0.154,0.437,0.051106
0.0,0.0,0.238,0.174,0.306377
0.627,0.032,1.0,0.088,0.01928
0.263,0.0,0.269,0.384,0.017551
0.301,0.0,0.387,0.174,0.041554
0.0,0.179,0.451,0.365,0.316918
0.0,0.399,0.198,0.432,0.011715
0.0,0.402,0.326,0.634,0.049596
0.201,0.0,0.423,0.048,0.037371
0.0,0.0,0.111,0.387,0.31157
0.0,0.0,0.107,0.285,0.253014
0.0,0.041,0.435,0.437,0.670182
0.071,0.045,0.553,0.224,0.293432
0.297,0.238,0.546,0.31,0.029433
0.0,0.077,0.3,0.353,0.451482
0.127,0.239,0.279,0.575,0.099738
0.0,0.195,0.135,0.359,0.132761
0.0,0.0,0.105,0.172,0.161894
0.0,0.198,0.186,0.28,0.09977
0.865,0.031,0.885,0.041,0.000305
0.635,0.0,0.802,0.32,0.050164
0.185,0.027,0.221,0.501,0.110542
0.0,0.193,0.305,0.227,0.060686
0.0,0.201,0.203,0.317,0.157459
0.094,0.3,0.312,0.48,0.086132
0.114,0.155,0.292,0.329,0.129446
0.042,0.303,0.27,0.311,0.005895
0.0,0.056,0.095,0.29,0.203143
0.494,0.279,0.537,0.407,0.004984
0.123,0.011,0.533,0.419,0.468114
0.0,0.221,0.214,0.313,0.124173
0.306,0.178,0.412,0.354,0.036097
0.153,0.125,0.159,0.469,0.055815
0.146,0.244,0.448,0.29,0.042475
0.133,0.0,0.274,0.284,0.208738
0.0,0.105,0.372,0.423,0.498098
0.0,0.311,0.258,0.771,0.130002
0.144,0.089,0.262,0.567,0.189263
0.51,0.184,0.522,0.487,0.006165
0.887,0.075,0.988,0.193,0.007995
0.402,0.06,0.598,0.17,0.026292
0.207,0.046,0.293,0.26,0.037428
0.119,0.091,0.319,0.523,0.275328
0.863,0.337,0.949,0.423,0.002482
0.064,0.0,0.124,0.232,0.05635
0.0,0.0,0.358,0.204,0.410347
0.06,0.291,0.284,0.373,0.05859
0.15,0.0,0.257,0.038,0.028846
0.121,0.398,0.223,0.466,0.012151
0.0,0.0,0.165,0.271,0.347663
0.0,0.05,0.219,0.144,0.168232
0.0,0.0,0.199,0.241,0.347032
0.879,0.071,1.0,0.253,0.011955
0.725,0.297,0.743,0.417,0.000393
0.099,0.108,0.183,0.216,0.048954
0.214,0.0,0.63,0.275,0.203513
0.0,0.0,0.257,0.273,0.469021
0.0,0.264,0.275,0.484,0.180042
0.29,0.372,0.366,0.456,0.006639
0.0,0.147,0.235,0.432,0.336174
0.0,0.044,0.032,0.198,0.092467
0.0,0.56,0.373,0.75,0.00496
0.0,0.0,0.248,0.362,0.554872
0.391,0.0,0.453,0.208,0.023686
0.0,0.0,0.256,0.374,0.580789
0.0,0.239,0.094,0.441,0.104234
0.0,0.034,0.259,0.478,0.568847
0.0,0.0,0.146,0.239,0.255675
0.818,0.142,0.838,0.364,0.003896
0.538,0.092,1.0,0.544,0.104328
0.203,0.009,0.546,0.467,0.304413
0.185,0.058,0.565,0.542,0.296131
0.0,0.0,0.21,0.18,0.304913
0.0,0.211,0.234,0.329,0.161449
0.74,0.217,0.916,0.368,0.01793
0.716,0.193,1.0,0.601,0.04098
0.0,0.021,0.241,0.431,0.554197
0.192,0.234,0.246,0.244,0.00277
0.455,0.0,0.795,0.491,0.113164
0.0,0.0,0.244,0.405,0.587175
0.613,0.019,0.919,0.271,0.072863
0.374,0.0,0.438,0.288,0.034524
0.304,0.144,0.414,0.236,0.022914
0.215,0.16,0.318,0.636,0.061236
0.061,0.078,0.095,0.306,0.055006
0.0,0.009,0.117,0.409,0.308969
0.107,0.114,0.269,0.487,0.218746
0.448,0.181,0.584,0.409,0.023179
0.143,0.131,0.575,0.479,0.286727
0.317,0.134,0.339,0.538,0.010165
0.11,0.036,0.484,0.442,0.416451
0.0,0.0,0.177,0.408,0.472627
0.0,0.15,0.081,0.286,0.092223
0.2,0.0,0.332,0.218,0.119478
0.079,0.01,0.577,0.426,0.537619
0.026,0.0,0.036,0.198,0.033413
0.0,0.214,0.07,0.218,0.002826
0.651,0.02,1.0,0.321,0.085039
0.0,0.0,0.175,0.197,0.275206
0.0,0.002,0.182,0.394,0.464371
0.047,0.137,0.109,0.506,0.068588
0.0,0.0,0.37,0.17,0.366554
0.335,0.191,0.572,0.269,0.025263
0.036,0.0,0.37,0.327,0.450292
0.0,0.02,0.189,0.066,0.070333
0.154,0.0,0.628,0.327,0.403337
0.0,0.0,0.182,0.436,0.481117
0.0,0.0,0.231,0.263,0.442359
0.105,0.011,0.177,0.497,0.16115
0.002,0.135,0.06,0.259,0.040519
0.0,0.0,0.14,0.349,0.335167
0.0,0.0,0.158,0.309,0.38479
0.264,0.034,0.486,0.498,0.160179
0.802,0.0,0.948,0.256,0.036439
0.638,0.171,0.644,0.631,0.003222
0.0,0.0,0.317,0.298,0.557527
0.163,0.0,0.305,0.278,0.156623
0.457,0.148,0.887,0.516,0.086007
0.0,0.0,0.278,0.382,0.606287
0.0,0.16,0.204,0.524,0.327468
0.0,0.378,0.115,0.741,0.033332
0.0,0.114,0.311,0.366,0.393299
0.287,0.151,0.306,0.375,0.011487
0.0,0.015,0.165,0.039,0.034947
0.065,0.188,0.341,0.342,0.162066
0.072,0.113,0.239,0.178,0.067109
0.0,0.036,0.12,0.371,0.267661
0.009,0.0,0.303,0.073,0.124536
0.0,0.092,0.257,0.104,0.021698
0.0,0.144,0.214,0.34,0.271084
0.039,0.221,0.367,0.569,0.214782
0.035,0.0,0.089,0.33,0.044897
0.0,0.208,0.11,0.496,0.14187
0.308,0.0,0.41,0.31,0.077065
0.019,0.0,0.388,0.248,0.413925
0.175,0.214,0.543,0.232,0.017579
0.0,0.0,0.281,0.072,0.140757
0.202,0.019,0.236,0.163,0.038432
0.259,0.0,0.273,0.178,0.009568
0.045,0.009,0.487,0.415,0.55154
0.0,0.0,0.06,0.159,0.107977
0.381,0.241,0.587,0.547,0.028543
0.228,0.0,0.616,0.239,0.164463
0.0,0.12,0.222,0.566,0.411864
0.855,0.271,0.989,0.619,0.009935
0.0,0.145,0.268,0.449,0.366809
0.114,0.08,0.604,0.244,0.231619
0.155,0.109,0.469,0.164,0.067686
0.0,0.219,0.2,0.319,0.116352
0.129,0.116,0.403,0.546,0.267986
0.546,0.223,0.766,0.311,0.016315
0.053,0.0,0.541,0.179,0.307386
0.027,0.208,0.379,0.208,0.001713
0.0,0.0,0.259,0.308,0.515701
0.142,0.0,0.576,0.254,0.320413
0.0,0.112,0.099,0.475,0.219891
0.039,0.0,0.273,0.311,0.35501
0.118,0.128,0.132,0.408,0.02686
0.0,0.0,0.363,0.292,0.587865
0.025,0.142,0.225,0.286,0.164442
0.0,0.0,0.287,0.242,0.440913
0.547,0.042,0.891,0.452,0.102092
0.141,0.186,0.171,0.486,0.044944
0.0,0.066,0.114,0.554,0.272379
0.088,0.254,0.162,0.438,0.057551
0.0,0.0,0.114,0.16,0.153269
0.0,0.111,0.099,0.319,0.16856
0.136,0.278,0.208,0.32,0.017592
0.591,0.0,0.847,0.228,0.057465
0.601,0.227,0.743,0.445,0.018084
0.703,0.086,0.922,0.23,0.033722
0.338,0.113,0.35,0.349,0.001843
0.0,0.0,0.138,0.267,0.277486
0.889,0.192,0.955,0.396,0.009462
0.165,0.0,0.211,0.307,0.097801
0.0,0.195,0.053,0.501,0.106692
0.0,0.344,0.272,0.402,0.049886
0.154,0.0,0.252,0.283,0.189736
0.172,0.151,0.234,0.335,0.061006
0.679,0.0,1.0,0.238,0.063765
0.555,0.153,0.851,0.214,0.016
0.17,0.13,0.548,0.294,0.155684
0.065,0.249,0.341,0.431,0.135625
0.11,0.011,0.202,0.065,0.030314
0.0,0.293,0.336,0.479,0.153597
0.083,0.0,0.167,0.372,0.183619
0.228,0.0,0.365,0.381,0.12955
0.0,0.0,0.405,0.225,0.483431
0.055,0.087,0.257,0.457,0.291647
0.807,0.006,0.91,0.448,0.041453
0.138,0.0,0.174,0.214,0.068784
0.0,0.02,0.328,0.186,0.332106
0.572,0.218,0.711,0.296,0.008554
0.0,0.0,0.065,0.272,0.182401
0.358,0.204,0.83,0.27,0.036102
0.0,0.0,0.341,0.137,0.284185
0.086,0.16,0.164,0.57,0.112225
0.843,0.024,1.0,0.508,0.039827
0.142,0.242,0.17,0.244,0.000793
0.132,0.418,0.492,0.566,0.023674
0.114,0.196,0.198,0.23,0.016673
0.013,0.076,0.393,0.328,0.412972
0.0,0.114,0.159,0.174,0.080389
0.611,0.18,0.795,0.43,0.02627
0.0,0.098,0.193,0.428,0.357057
0.023,0.05,0.353,0.428,0.463794
0.0,0.118,0.222,0.184,0.114053
0.0,0.0,0.171,0.371,0.429499
0.0,0.143,0.224,0.266,0.194734
0.0,0.0,0.211,0.222,0.36544
0.0,0.0,0.06,0.282,0.179798
0.06,0.0,0.346,0.294,0.382721
0.0,0.179,0.074,0.445,0.115018
0.0,0.007,0.249,0.365,0.544005
0.126,0.0,0.468,0.125,0.152391
0.768,0.049,1.0,0.084,0.006816
0.213,0.069,0.443,0.373,0.145335
-0.0,0.0,0.312,0.457,0.688909
0.0,0.089,0.209,0.215,0.20133
0.0,0.0,0.01,0.178,0.054674
0.0,0.0,0.308,0.267,0.497022
0.654,0.045,1.0,0.535,0.095469
0.469,0.349,0.593,0.431,0.003583
0.131,0.0,0.619,0.17,0.234118
0.024,0.072,0.226,0.128,0.071238
0.016,0.023,0.296,0.18,0.241995
0.0,0.302,0.054,0.5,0.046413
0.0,0.163,0.094,0.627,0.181693
0.042,0.022,0.334,0.406,0.440552
0.029,0.181,0.065,0.201,0.004254
0.0,0.0,0.084,0.067,0.054878
0.156,0.08,0.25,0.413,0.180755
0.269,0.179,0.607,0.333,0.070848
0.0,0.0,0.158,0.065,0.092871
0.0,0.0,0.218,0.396,0.558261
0.017,0.196,0.045,0.308,0.016163
0.185,0.0,0.253,0.302,0.111768
0.715,0.189,0.941,0.324,0.026323
0.0,0.0,0.324,0.293,0.54912
0.0,0.249,0.372,0.487,0.237895
0.064,0.35,0.53,0.364,0.011219
0.385,0.0,0.833,0.246,0.118254
0.218,0.0,0.438,0.042,0.026293
0.0,0.163,0.08,0.425,0.135699
0.0,0.276,0.171,0.382,0.08576
0.778,0.11,1.0,0.163,0.009931
0.089,0.0,0.099,0.3,0.045956
0.101,0.122,0.275,0.126,0.004329
0.285,0.144,0.465,0.346,0.069652
0.108,0.032,0.268,0.354,0.259202
0.0,0.469,0.083,0.651,0.008266
0.048,0.211,0.264,0.337,0.112014
0.0,0.345,0.217,0.467,0.066553
0.224,0.0,0.4,0.243,0.107519
0.827,0.042,0.923,0.084,0.005138
0.728,0.0,1.0,0.282,0.056914
0.063,0.0,0.375,0.389,0.485511
0.014,0.229,0.173,0.437,0.13058
0.0,0.0,0.368,0.176,0.37906
0.0,0.001,0.246,0.425,0.594544
0.36,0.038,0.672,0.33,0.09629
0.246,0.0,0.254,0.176,0.009243
0.14,0.225,0.266,0.281,0.037262
0.017,0.0,0.201,0.141,0.148573
0.0,0.17,0.137,0.298,0.117938
0.079,0.077,0.11,0.179,0.017909
0.146,0.006,0.387,0.048,0.046865
0.0,0.0,0.255,0.276,0.473789
0.0,0.38,0.018,0.53,0.014637
0.0,0.0,0.066,0.284,0.188997
0.082,0.052,0.481,0.228,0.26121
0.319,0.342,0.431,0.476,0.009769
0.079,0.0,0.515,0.352,0.485647
0.0,0.176,0.087,0.198,0.015538
0.0,0.003,0.362,0.239,0.494422
0.007,0.0,0.026,0.246,0.033704
0.0,0.0,0.186,0.104,0.149883
0.0,0.128,0.213,0.202,0.120447
0.12,0.0,0.286,0.347,0.285173
0.11,0.236,0.514,0.45,0.158019
0.739,0.277,1.0,0.378,0.011861
0.105,0.079,0.207,0.429,0.195303
0.0,0.073,0.375,0.497,0.602412
0.0,0.093,0.295,0.403,0.448295
0.683,0.16,1.0,0.497,0.051529
0.0,0.0,0.205,0.129,0.219081
0.246,0.351,0.597,0.603,0.030328
0.196,0.116,0.648,0.488,0.232152
0.765,0.079,0.859,0.081,0.000355
0.038,0.0,0.149,0.239,0.111346
0.669,0.054,0.925,0.374,0.069887
0.536,0.016,0.964,0.094,0.030866
0.0,0.244,0.269,0.268,0.03677
0.0,0.0,0.079,0.027,0.022618
0.0,0.296,0.331,0.397,0.112381
0.323,0.057,0.427,0.513,0.072892
0.336,0.0,0.82,0.299,0.168723
0.04,0.32,0.522,0.382,0.05972
0.513,0.066,0.705,0.456,0.057363
0.0,0.046,0.23,0.262,0.35902
0.068,0.0,0.37,0.291,0.394392
0.0,0.0,0.399,0.23,0.494772
0.796,0.062,1.0,0.276,0.035121
0.161,0.0,0.34,0.167,0.117236
0.028,0.034,0.222,0.311,0.328008
0.0,0.0,0.081,0.391,0.25454
0.439,0.362,0.716,0.434,0.005993
0.076,0.108,0.236,0.312,0.188906
0.085,0.039,0.321,0.443,0.370942
0.53,0.308,0.876,0.472,0.020253
0.0,0.085,0.183,0.561,0.379046
0.0,0.157,0.146,0.187,0.031164
0.103,0.0,0.429,0.231,0.29588
0.0,0.0,0.014,0.094,0.029129
0.0,0.033,0.297,0.113,0.158291
0.261,0.103,0.615,0.317,0.120863
0.711,0.0,0.727,0.151,0.006427
0.651,0.231,0.911,0.319,0.018782
0.0,0.174,0.207,0.472,0.294733
0.0,0.017,0.227,0.189,0.29374
0.142,0.155,0.264,0.539,0.141811
0.0,0.152,0.271,0.212,0.098673
0.216,0.159,0.378,0.403,0.085338
0.307,0.083,0.411,0.465,0.069612
0.106,0.052,0.206,0.128,0.057761
0.0,0.123,0.241,0.245,0.20042
0.0,0.0,0.09,0.036,0.029833
0.0,0.226,0.183,0.578,0.192801
0.0,0.0,0.245,0.172,0.302865
0.282,0.0,0.718,0.357,0.209817
0.0,0.0,0.263,0.123,0.225047
0.161,0.033,0.621,0.169,0.150975
0.164,0.322,0.336,0.458,0.035922
0.0,0.295,0.275,0.623,0.15079
0.0,0.176,0.112,0.198,0.019182
0.0,0.24,0.172,0.4,0.140674
0.0,0.0,0.037,0.09,0.057228
0.0,0.0,0.123,0.236,0.218032
0.0,0.191,0.238,0.291,0.149213
0.173,0.026,0.327,0.074,0.029325
0.169,0.283,0.207,0.723,0.031493
0.521,0.03,0.916,0.216,0.071359
0.0,0.206,0.334,0.236,0.057944
0.21,0.0,0.507,0.187,0.119052
0.009,0.0,0.053,0.351,0.111949
0.035,0.286,0.153,0.634,0.039352
0.152,0.155,0.255,0.175,0.012976
0.096,0.012,0.154,0.166,0.025335
0.35,0.011,0.588,0.108,0.03601
0.524,0.086,0.694,0.17,0.013374
0.262,0.0,0.394,0.308,0.112813
0.0,0.0,0.126,0.264,0.275142
0.602,0.0,0.71,0.433,0.03452
0.0,0.125,0.391,0.263,0.281903
0.0,0.26,0.252,0.276,0.025499
0.0,0.15,0.203,0.474,0.332952
0.018,0.054,0.17,0.22,0.143546
0.148,0.096,0.384,0.286,0.188466
0.619,0.062,0.756,0.492,0.041503
0.0,0.317,0.288,0.456,0.102818
0.516,0.0,0.734,0.377,0.083556
0.0,0.282,0.367,0.486,0.178809
0.385,0.0,0.833,0.443,0.166521
0.032,0.0,0.374,0.109,0.167898
0.0,0.0,0.312,0.084,0.173995
0.078,0.0,0.234,0.331,0.314264
0.289,0.0,0.305,0.385,0.022353
0.0,0.0,0.231,0.219,0.373214
0.0,0.218,0.131,0.57,0.155203
0.17,0.127,0.454,0.13,0.003824
0.059,0.0,0.348,0.313,0.398643
0.389,0.317,0.735,0.449,0.02022
0.0,0.0,0.045,0.404,0.208374
0.264,0.172,0.392,0.28,0.037494
0.0,0.035,0.162,0.128,0.12473
0.0,0.0,0.321,0.407,0.669707
0.051,0.0,0.355,0.13,0.180898
0.0,0.114,0.416,0.142,0.063502
0.055,0.064,0.196,0.45,0.225913
0.761,0.0,1.0,0.025,0.005078
0.621,0.0,0.785,0.204,0.033299
0.359,0.264,0.641,0.54,0.041047
0.0,0.0,0.163,0.138,0.188647
0.0,0.0,0.244,0.227,0.387892
0.0,0.085,0.203,0.341,0.369243
0.019,0.027,0.231,0.495,0.420199
0.0,0.0,0.029,0.215,0.094344
0.452,0.265,0.61,0.285,0.002708
0.244,0.15,0.724,0.378,0.142228
0.642,0.0,0.858,0.136,0.027734
0.0,0.047,0.112,0.514,0.291005
0.0,0.256,0.152,0.296,0.036258
0.044,0.345,0.206,0.431,0.034057
0.056,0.034,0.256,0.182,0.167889
0.0,0.047,0.37,0.352,0.568208
0.091,0.0,0.409,0.22,0.307743
0.0,0.208,0.218,0.354,0.186197
0.032,0.172,0.468,0.456,0.287106
0.433,0.0,0.443,0.268,0.00664
0.001,0.0,0.032,0.384,0.102368
0.007,0.0,0.337,0.388,0.570315
0.0,0.0,0.27,0.18,0.335567
0.079,0.225,0.545,0.537,0.219512
0.0,0.0,0.388,0.388,0.715402
0.0,0.111,0.278,0.543,0.454705
0.0,0.0,0.451,0.187,0.422928
0.0,0.0,0.21,0.148,0.254121
0.353,0.155,0.429,0.483,0.036517
0.0,0.183,0.134,0.39,0.159122
0.122,0.0,0.254,0.23,0.191937
0.0,0.0,0.098,0.143,0.13582
0.052,0.011,0.104,0.085,0.020084
0.266,0.0,0.328,0.299,0.067077
0.013,0.165,0.393,0.471,0.344871
0.0,0.0,0.227,0.344,0.537674
0.0,0.185,0.099,0.663,0.162621
0.142,0.332,0.234,0.353,0.009142
0.193,0.134,0.431,0.158,0.020217
0.455,0.008,0.639,0.366,0.052234
0.358,0.036,0.424,0.46,0.058739
0.026,0.168,0.098,0.471,0.086029
0.532,0.311,0.78,0.635,0.0148
0.0,0.0,0.301,0.034,0.070023
0.154,0.065,0.47,0.377,0.307734
0.694,0.055,1.0,0.288,0.059251
0.0,0.163,0.024,0.359,0.06899
0.0,0.0,0.388,0.133,0.290778
0.194,0.4,0.524,0.416,0.003571
0.248,0.0,0.658,0.215,0.15893
0.0,0.049,0.186,0.059,0.016712
0.0,0.06,0.162,0.448,0.37982
0.631,0.039,0.807,0.439,0.051192
0.0,0.069,0.335,0.413,0.54108
0.0,0.0,0.135,0.455,0.371783
0.031,0.0,0.281,0.189,0.266372
0.223,0.0,0.715,0.138,0.110136
0.856,0.16,0.894,0.212,0.002095
0.708,0.524,0.76,0.668,0.000229
0.086,0.0,0.164,0.083,0.049379
0.099,0.325,0.213,0.469,0.040243
0.0,0.0,0.35,0.242,0.484204
0.0,0.171,0.149,0.361,0.158567
0.342,0.0,0.595,0.272,0.102238
0.0,0.041,0.359,0.285,0.486312
0.0,0.0,0.079,0.304,0.218911
0.0,0.077,0.157,0.493,0.366481
0.163,0.057,0.337,0.381,0.188237
0.074,0.284,0.519,0.356,0.073864
0.325,0.072,0.457,0.272,0.055302
0.042,0.0,0.364,0.453,0.52306
0.308,0.227,0.442,0.244,0.005807
0.0,0.168,0.274,0.592,0.351251
0.0,0.136,0.335,0.412,0.410229
0.613,0.064,0.793,0.131,0.010984
0.0,0.148,0.052,0.267,0.071673
0.0,0.128,0.104,0.278,0.128533
0.506,0.348,0.776,0.396,0.00548
0.0,0.031,0.416,0.487,0.704899
0.138,0.0,0.174,0.135,0.044432
0.0,0.045,0.196,0.161,0.171999
0.606,0.14,1.0,0.442,0.070846
0.534,0.097,0.966,0.373,0.090393
0.221,0.171,0.403,0.427,0.075946
0.665,0.0,0.835,0.171,0.027733
0.439,0.0,0.749,0.274,0.083082
0.0,0.0,0.209,0.237,0.387472
0.0,0.138,0.262,0.149,0.022018
0.386,0.0,0.801,0.255,0.112224
0.219,0.235,0.563,0.305,0.040047
0.0,0.309,0.042,0.435,0.035076
0.0,0.081,0.254,0.091,0.020482
0.205,0.0,0.451,0.267,0.14981
0.0,0.25,0.212,0.552,0.19573
0.0,0.083,0.198,0.401,0.365708
0.092,0.113,0.376,0.185,0.097798
0.0,0.0,0.081,0.252,0.187121
0.528,0.021,0.784,0.367,0.07453
0.584,0.151,0.634,0.532,0.007341
0.292,0.065,0.584,0.388,0.143626
0.0,0.156,0.14,0.408,0.191822
0.0,0.171,0.049,0.37,0.098861
0.351,0.022,0.366,0.443,0.028693
0.0,0.051,0.195,0.351,0.385421
0.123,0.0,0.471,0.376,0.436112
0.165,0.018,0.241,0.354,0.119343
0.123,0.0,0.189,0.458,0.183372
0.226,0.0,0.398,0.222,0.097975
0.0,0.02,0.337,0.424,0.646193
0.0,0.0,0.336,0.366,0.649773
0.03,0.13,0.282,0.42,0.294984
0.0,0.277,0.232,0.513,0.160617
0.343,0.033,0.781,0.399,0.171014
0.555,0.154,0.727,0.258,0.016923
0.0,0.0,0.09,0.272,0.200888
0.302,0.314,0.354,0.528,0.007187
0.632,0.335,1.0,0.497,0.01463
0.0,0.0,0.013,0.112,0.034998
0.0,0.084,0.172,0.23,0.194986
0.0,0.235,0.159,0.286,0.056548
0.67,0.265,1.0,0.427,0.023307
0.0,0.108,0.169,0.418,0.307082
0.0,0.109,0.021,0.234,0.053938
0.0,0.097,0.393,0.185,0.190759
0.063,0.0,0.531,0.326,0.49751
0.33,0.152,0.388,0.568,0.026518
0.115,0.0,0.417,0.096,0.121439
0.0,0.299,0.068,0.479,0.048398
0.191,0.096,0.216,0.102,0.001604
0.0,0.15,0.265,0.186,0.061142
0.0,0.008,0.193,0.366,0.457911
0.152,0.0,0.254,0.353,0.22106
0.279,0.0,0.597,0.413,0.193241
0.009,0.098,0.024,0.16,0.008819
0.167,0.0,0.239,0.182,0.073736
0.364,0.223,0.48,0.326,0.012456
0.126,0.0,0.312,0.229,0.203818
0.0,0.0,0.357,0.166,0.343946
0.053,0.0,0.135,0.228,0.091588
0.0,0.06,0.223,0.198,0.235315
0.603,0.213,0.615,0.271,0.000916
0.0,0.209,0.072,0.221,0.008609
0.117,0.122,0.133,0.238,0.014158
0.345,0.149,0.499,0.175,0.006775
0.0,0.02,0.415,0.066,0.104416
0.126,0.035,0.624,0.372,0.3893
0.0,0.012,0.246,0.452,0.58083
0.121,0.0,0.286,0.19,0.172995
0.11,0.0,0.483,0.219,0.288991
0.0,0.026,0.288,0.074,0.094088
0.0,0.029,0.102,0.449,0.292928
0.763,0.094,0.831,0.516,0.017786
0.573,0.234,0.865,0.325,0.019711
0.057,0.225,0.193,0.289,0.043015
0.109,0.0,0.547,0.285,0.39509
0.481,0.0,0.519,0.296,0.017152
0.171,0.0,0.173,0.34,0.019476
0.347,0.092,0.435,0.267,0.031321
0.186,0.074,0.626,0.388,0.26619
0.0,0.0,0.296,0.118,0.224181
0.092,0.0,0.096,0.432,0.055953
0.577,0.458,0.861,0.484,0.001301
0.41,0.0,0.557,0.215,0.040742
0.0,0.0,0.319,0.262,0.503576
0.0,0.259,0.295,0.327,0.090846
0.259,0.0,0.617,0.298,0.181
0.097,0.0,0.309,0.23,0.225246
0.17,0.102,0.424,0.286,0.151323
0.287,0.028,0.369,0.088,0.016779
0.582,0.0,0.824,0.282,0.059512
0.0,0.304,0.089,0.661,0.057655
0.672,0.069,0.672,0.249,0.001787
0.0,0.0,0.218,0.261,0.424702
0.0,0.0,0.186,0.292,0.386235
0.0,0.245,0.1,0.499,0.106998
0.0,0.239,0.328,0.566,0.257815
0.019,0.282,0.387,0.484,0.141895
0.0,0.099,0.343,0.253,0.295048
0.173,0.062,0.421,0.066,0.005046
0.3,0.227,0.324,0.579,0.008433
0.793,0.12,0.924,0.284,0.022174
0.258,0.036,0.366,0.492,0.106139
0.096,0.0,0.216,0.317,0.217849
0.005,0.0,0.495,0.332,0.601888
0.027,0.0,0.161,0.18,0.162553
0.646,0.0,1.0,0.245,0.074827
0.513,0.145,0.612,0.625,0.025775
0.232,0.195,0.362,0.391,0.05496
0.0,0.0,0.127,0.272,0.281088
0.883,0.034,1.0,0.328,0.018363
0.0,0.147,0.116,0.317,0.134814
0.003,0.029,0.153,0.383,0.232877
0.0,0.473,0.198,0.859,0.015388
0.226,0.185,0.337,0.373,0.040859
0.0,0.044,0.195,0.088,0.067219
0.0,0.056,0.26,0.124,0.12456
0.651,0.0,0.693,0.127,0.00542
0.0,0.146,0.12,0.255,0.092685
0.062,0.0,0.126,0.08,0.033854
0.294,0.079,0.582,0.202,0.066068
0.0,0.0,0.455,0.248,0.549806
0.0,0.0,0.201,0.162,0.241963
0.007,0.0,0.054,0.461,0.123496
0.0,0.222,0.059,0.596,0.094264
0.0,0.0,0.184,0.232,0.31955
0.0,0.099,0.168,0.151,0.074532
0.048,0.0,0.358,0.189,0.258746
0.506,0.0,0.712,0.132,0.027718
0.0,0.293,0.126,0.455,0.075163
0.204,0.0,0.452,0.232,0.132319
0.126,0.096,0.186,0.376,0.074553
0.0,0.148,0.275,0.362,0.310835
0.0,0.208,0.102,0.382,0.115551
0.0,0.051,0.108,0.367,0.24973
0.0,0.0,0.216,0.06,0.105564
0.031,0.078,0.375,0.328,0.374058
0.034,0.0,0.342,0.238,0.328093
0.076,0.023,0.236,0.029,0.005114
0.0,0.203,0.237,0.417,0.242566
0.486,0.0,0.858,0.178,0.065832
0.0,0.0,0.132,0.093,0.103378
0.081,0.0,0.325,0.45,0.421675
0.0,0.0,0.209,0.173,0.293522
0.056,0.258,0.256,0.51,0.122968
0.0,0.193,0.251,0.313,0.176929
0.324,0.056,0.708,0.254,0.102951
0.058,0.399,0.254,0.519,0.025852
0.139,0.018,0.267,0.332,0.21748
0.03,0.145,0.22,0.383,0.233081
0.712,0.18,0.788,0.36,0.011015
0.0,0.0,0.095,0.059,0.057398
0.0,0.0,0.117,0.144,0.139252
0.417,0.298,0.583,0.411,0.011561
0.702,0.0,0.736,0.332,0.019784
0.08,0.0,0.576,0.269,0.420837
0.092,0.0,0.096,0.162,0.026829
0.398,0.323,0.446,0.553,0.004025
0.0,0.124,0.425,0.142,0.042822
0.551,0.081,0.854,0.183,0.028681
0.016,0.142,0.234,0.246,0.137873
0.012,0.0,0.237,0.184,0.265384
0.131,0.0,0.493,0.285,0.332656
0.184,0.0,0.599,0.225,0.225748
0.0,0.105,0.288,0.263,0.275264
0.153,0.156,0.254,0.158,0.001865
0.132,0.0,0.462,0.196,0.234565
0.0,0.0,0.453,0.085,0.202289
0.0,0.0,0.326,0.232,0.452598
0.0,0.163,0.229,0.38,0.283362
0.14,0.04,0.172,0.072,0.01062
0.0,0.028,0.196,0.376,0.434533
0.063,0.244,0.187,0.414,0.07125
0.0,0.0,0.081,0.227,0.171021
0.83,0.014,1.0,0.112,0.012204
0.24,0.0,0.322,0.14,0.034638
0.0,0.0,0.279,0.224,0.40674
0.154,0.095,0.158,0.419,0.060644
0.597,0.037,0.685,0.199,0.012651
0.908,0.056,0.936,0.428,0.002371
0.668,0.013,1.0,0.493,0.095526
0.241,0.0,0.353,0.236,0.069163
0.798,0.269,1.0,0.377,0.010175
0.716,0.0,1.0,0.08,0.020354
0.025,0.0,0.131,0.236,0.145215
0.0,0.287,0.212,0.331,0.048064
0.016,0.0,0.266,0.349,0.480953
0.657,0.0,1.0,0.291,0.078763
0.0,0.0,0.172,0.32,0.411492
0.029,0.378,0.377,0.39,0.010945
0.069,0.0,0.337,0.113,0.153812
0.57,0.081,0.586,0.255,0.002306
0.149,0.0,0.569,0.284,0.353271
0.365,0.0,0.478,0.243,0.037933
0.782,0.0,1.0,0.204,0.034473
0.051,0.167,0.512,0.577,0.313397
0.0,0.094,0.104,0.498,0.239839
0.025,0.088,0.381,0.216,0.210449
0.341,0.0,0.377,0.264,0.033538
0.356,0.129,0.394,0.143,0.002373
0.106,0.158,0.206,0.16,0.001767
0.689,0.1,1.0,0.11,0.003086
0.358,0.095,0.548,0.217,0.040904
0.0,0.208,0.271,0.62,0.288827
0.581,0.234,0.731,0.354,0.013241
0.0,0.0,0.138,0.079,0.089432
0.062,0.0,0.188,0.464,0.281603
0.442,0.0,0.465,0.138,0.00286
0.0,0.213,0.247,0.229,0.02764
0.186,0.001,0.532,0.163,0.160199
0.069,0.23,0.243,0.33,0.079454
0.0,0.104,0.184,0.286,0.2328
0.052,0.0,0.136,0.445,0.141162
0.795,0.036,1.0,0.308,0.04356
0.037,0.069,0.369,0.515,0.428692
0.738,0.102,0.917,0.442,0.040126
0.326,0.166,0.486,0.24,0.021451
0.015,0.159,0.485,0.423,0.356436
0.158,0.006,0.28,0.478,0.176649
0.0,0.035,0.037,0.399,0.184838
0.0,0.061,0.15,0.166,0.11535
0.0,0.059,0.226,0.333,0.422105
0.0,0.0,0.111,0.266,0.242807
0.058,0.315,0.38,0.533,0.100926
0.0,0.0,0.243,0.232,0.397159
0.463,0.0,0.755,0.291,0.083908
0.0,0.0,0.231,0.233,0.39674
0.0,0.136,0.372,0.42,0.434245
0.688,0.13,0.75,0.192,0.005084
0.0,0.0,0.216,0.261,0.424702
0.399,0.028,0.633,0.043,0.004613
0.048,0.345,0.484,0.371,0.018986
0.841,0.0,0.847,0.167,0.002685
0.307,0.153,0.349,0.161,0.000848
0.147,0.0,0.259,0.302,0.199417
0.147,0.0,0.165,0.187,0.045953
0.11,0.537,0.202,0.557,0.000487
0.0,0.0,0.105,0.388,0.307376
0.0,0.049,0.068,0.485,0.210321
0.228,0.0,0.304,0.291,0.052297
0.28,0.0,0.314,0.087,0.012356
0.146,0.0,0.166,0.441,0.085478
0.093,0.0,0.157,0.297,0.159566
0.0,0.195,0.046,0.521,0.1031
0.173,0.0,0.545,0.473,0.339676
0.004,0.011,0.184,0.28,0.279358
0.163,0.006,0.493,0.298,0.265136
0.118,0.188,0.194,0.284,0.04353
0.38,0.13,0.496,0.264,0.017385
0.0,0.0,0.137,0.201,0.214081
0.69,0.0,0.873,0.219,0.037757
0.0,0.434,0.42,0.564,0.03549
0.655,0.0,0.751,0.103,0.012395
0.787,0.216,0.901,0.319,0.009247
0.396,0.3,0.48,0.718,0.007423
0.0,0.026,0.385,0.288,0.531378
0.387,0.1,0.675,0.466,0.082411
0.102,0.0,0.304,0.345,0.308816
0.263,0.0,0.331,0.085,0.021107
0.1,0.309,0.306,0.583,0.07215
0.004,0.0,0.152,0.282,0.211906
0.0,0.405,0.258,0.529,0.037568
0.188,0.085,0.468,0.241,0.130386
0.048,0.131,0.328,0.361,0.255457
0.0,0.0,0.287,0.418,0.630702
0.0,0.086,0.369,0.115,0.061444
0.024,0.104,0.164,0.212,0.091405
0.684,0.168,0.848,0.504,0.030514
0.054,0.177,0.289,0.302,0.126651
0.187,0.0,0.345,0.099,0.063994
0.0,0.0,0.057,0.369,0.21323
0.186,0.058,0.22,0.476,0.098598
0.114,0.256,0.198,0.48,0.05612
0.512,0.086,0.926,0.114,0.012198
0.314,0.0,0.404,0.422,0.068229
0.302,0.045,0.542,0.111,0.029711
0.0,0.0,0.307,0.229,0.432185
0.252,0.077,0.466,0.121,0.021181
0.118,0.692,0.6,0.72,0.000343
0.109,0.156,0.484,0.514,0.270227
0.431,0.0,0.881,0.341,0.145872
0.055,0.045,0.321,0.083,0.052943
0.184,0.037,0.222,0.205,0.054885
0.104,0.421,0.302,0.445,0.005231
0.0,0.093,0.037,0.099,0.003527
0.0,0.139,0.328,0.243,0.198258
0.373,0.0,0.377,0.314,0.009192
0.032,0.292,0.5,0.362,0.073219
0.372,0.003,0.41,0.011,0.000651
0.152,0.085,0.16,0.21,0.029297
0.0,0.0,0.328,0.352,0.637966
0.0,0.233,0.402,0.387,0.223313
0.14,0.183,0.266,0.226,0.030755
0.0,0.094,0.041,0.128,0.020502
0.2,0.097,0.518,0.515,0.226461
0.091,0.145,0.284,0.153,0.010517
0.077,0.053,0.547,0.122,0.118976
0.119,0.156,0.131,0.254,0.011133
0.0,0.0,0.288,0.241,0.437871
0.542,0.068,0.896,0.362,0.084911
0.41,0.015,0.652,0.299,0.072055
0.001,0.0,0.031,0.323,0.092153
0.0,0.0,0.047,0.33,0.199609
0.514,0.334,0.704,0.601,0.010705
0.794,0.0,1.0,0.225,0.037846
0.0,0.198,0.211,0.292,0.133193
0.256,0.405,0.588,0.423,0.002143
0.429,0.025,0.789,0.169,0.053499
0.026,0.003,0.224,0.101,0.131721
0.143,0.305,0.169,0.789,0.019737
0.05,0.541,0.356,0.886,0.005224
0.005,0.0,0.402,0.327,0.559138
0.112,0.081,0.294,0.511,0.250698
0.417,0.235,0.895,0.385,0.050532
0.621,0.0,0.724,0.136,0.017376
0.227,0.29,0.679,0.404,0.046217
0.0,0.0,0.157,0.451,0.462443
0.264,0.0,0.454,0.203,0.097508
0.434,0.0,0.848,0.251,0.106296
0.01,0.463,0.177,0.478,0.003555
0.0,0.268,0.252,0.435,0.153454
0.364,0.196,0.418,0.266,0.003858
0.021,0.027,0.197,0.417,0.318172
0.031,0.0,0.157,0.169,0.153108
0.0,0.0,0.214,0.422,0.570856
0.0,0.039,0.131,0.065,0.030195
0.521,0.275,0.979,0.617,0.038357
0.105,0.0,0.145,0.12,0.019694
0.524,0.0,0.788,0.303,0.07191
0.567,0.0,0.778,0.099,0.020056
0.0,0.0,0.306,0.221,0.417892
0.006,0.151,0.026,0.333,0.021109
0.118,0.051,0.475,0.077,0.039093
0.735,0.158,1.0,0.433,0.036384
0.576,0.042,0.862,0.136,0.026762
0.0,0.033,0.462,0.043,0.029195
0.168,0.004,0.55,0.398,0.346615
0.681,0.392,1.0,0.55,0.006046
0.0,0.0,0.384,0.358,0.685446
0.0,0.341,0.275,0.586,0.095617
0.707,0.023,0.731,0.418,0.013056
0.847,0.401,0.871,0.772,0.000282
0.074,0.065,0.332,0.545,0.38688
0.0,0.0,0.2,0.264,0.376742
0.882,0.0,0.93,0.349,0.01328
0.0,0.021,0.219,0.101,0.138256
0.312,0.166,0.564,0.231,0.028592
0.0,0.252,0.234,0.422,0.170328
0.141,0.026,0.265,0.409,0.224172
0.813,0.0,0.999,0.253,0.035637
0.0,0.049,0.084,0.248,0.147246
0.634,0.016,1.0,0.102,0.028385
0.276,0.0,0.442,0.171,0.070774
0.0,0.085,0.2,0.359,0.337528
0.074,0.137,0.238,0.165,0.030286
0.0,0.0,0.318,0.377,0.645534
0.573,0.0,1.0,0.063,0.024501
0.0,0.0,0.14,0.138,0.151739
0.0,0.0,0.258,0.281,0.482172
0.0,0.248,0.197,0.34,0.097371
0.084,0.0,0.104,0.203,0.032926
0.031,0.0,0.251,0.157,0.216125
0.328,0.14,0.796,0.151,0.008297
0.0,0.34,0.244,0.354,0.013325
0.0,0.0,0.279,0.195,0.359371
0.186,0.0,0.252,0.253,0.095811
0.182,0.017,0.225,0.41,0.107649
0.155,0.0,0.157,0.275,0.064678
0.355,0.0,0.521,0.303,0.087921
0.725,0.0,1.0,0.163,0.034606
0.214,0.0,0.504,0.424,0.21598
0.104,0.0,0.272,0.224,0.201791
0.323,0.0,0.395,0.318,0.058972
0.12,0.0,0.286,0.246,0.219579
0.186,0.0,0.438,0.228,0.191406
0.182,0.0,0.318,0.386,0.193228
0.088,0.003,0.224,0.139,0.135865
0.0,0.175,0.182,0.319,0.16424
0.0,0.012,0.197,0.14,0.192147
0.0,0.344,0.4,0.432,0.072731
0.0,0.0,0.124,0.224,0.208036
0.061,0.161,0.251,0.531,0.221154
0.142,0.03,0.17,0.395,0.074693
0.0,0.113,0.069,0.597,0.169103
0.0,0.0,0.033,0.205,0.124006
0.204,0.0,0.453,0.346,0.186819
0.328,0.261,0.828,0.308,0.023518
0.0,0.0,0.199,0.339,0.451389
0.065,0.121,0.091,0.347,0.013511
0.194,0.0,0.213,0.273,0.053447
0.0,0.0,0.286,0.039,0.080128
0.037,0.077,0.275,0.256,0.205214
0.0,0.124,0.215,0.588,0.392253
0.279,0.09,0.377,0.362,0.071401
0.0,0.186,0.185,0.258,0.088937
0.0,0.09,0.156,0.162,0.09498
0.171,0.149,0.391,0.394,0.154318
0.0,0.157,0.158,0.639,0.268412
0.134,0.144,0.21,0.2,0.031308
0.004,0.112,0.152,0.133,0.01636
0.0,0.112,0.255,0.357,0.364015
0.448,0.0,0.864,0.113,0.048854
0.0,0.0,0.214,0.194,0.324074
0.0,0.15,0.194,0.268,0.155833
0.189,0.097,0.217,0.243,0.028588
0.679,0.0,0.758,0.176,0.014637
0.009,0.0,0.241,0.326,0.425784
0.0,0.0,0.085,0.473,0.268594
0.0,0.118,0.237,0.584,0.418419
0.029,0.385,0.283,0.409,0.011809
0.0,0.0,0.239,0.215,0.369497
0.486,0.007,0.859,0.105,0.038113
0.059,0.0,0.253,0.11,0.125725
0.212,0.096,0.382,0.154,0.030004
0.0,0.141,0.111,0.489,0.198234
0.634,0.159,0.991,0.597,0.063719
0.0,0.17,0.231,0.37,0.261325
0.0,0.034,0.217,0.45,0.522771
0.0,0.2,0.198,0.569,0.237402
0.038,0.064,0.462,0.22,0.247857
0.156,0.054,0.22,0.221,0.10415
0.0,0.419,0.264,0.711,0.038088
0.4,0.01,0.538,0.146,0.025662
0.057,0.153,0.349,0.301,0.175636
0.149,0.0,0.258,0.39,0.233634
0.675,0.0,1.0,0.352,0.086145
0.016,0.0,0.391,0.118,0.226938
0.268,0.0,0.732,0.348,0.223914
0.432,0.0,0.6,0.269,0.049216
0.827,0.037,1.0,0.421,0.043821
0.282,0.152,0.468,0.162,0.003977
0.057,0.0,0.255,0.39,0.374728
0.0,0.12,0.117,0.206,0.076409
0.069,0.0,0.181,0.267,0.181397
0.464,0.208,0.569,0.484,0.016691
0.0,0.305,0.155,0.371,0.039255
0.381,0.0,0.463,0.419,0.038705
0.079,0.292,0.109,0.744,0.015158
0.047,0.0,0.359,0.329,0.453712
0.0,0.0,0.332,0.387,0.671091
0.86,0.0,1.0,0.321,0.027118
0.092,0.0,0.315,0.463,0.424699
0.0,0.154,0.073,0.524,0.138787
0.0,0.0,0.16,0.193,0.256544
0.0,0.0,0.199,0.195,0.286779
0.103,0.0,0.273,0.357,0.290298
0.0,0.129,0.217,0.311,0.267191
0.739,0.319,0.949,0.475,0.009946
0.0,0.301,0.302,0.437,0.118286
0.0,0.144,0.305,0.324,0.28988
0.425,0.163,0.481,0.611,0.010744
0.0,0.202,0.185,0.512,0.219639
0.0,0.129,0.28,0.465,0.405088
0.0,0.081,0.263,0.575,0.494987
0.0,0.162,0.206,0.184,0.036048
0.438,0.106,0.439,0.536,0.006127
0.661,0.055,0.777,0.537,0.032509
0.0,0.0,0.373,0.042,0.097253
0.285,0.0,0.683,0.273,0.168414
0.768,0.0,0.95,0.305,0.047465
0.0,0.11,0.233,0.222,0.186288
0.0,0.12,0.168,0.372,0.267238
0.424,0.13,0.514,0.162,0.002886
0.647,0.0,0.665,0.13,0.003337
0.029,0.1,0.253,0.448,0.329179
0.021,0.14,0.167,0.354,0.152122
0.111,0.13,0.482,0.458,0.291271
0.0,0.014,0.226,0.506,0.590677
0.0,0.272,0.146,0.33,0.043582
0.458,0.0,0.73,0.262,0.073123
0.721,0.0,1.0,0.206,0.042514
0.058,0.178,0.066,0.463,0.005297
0.828,0.148,0.828,0.24,0.001898
0.0,0.064,0.333,0.44,0.564242
0.0,0.034,0.414,0.369,0.628947
0.04,0.137,0.21,0.428,0.214141
0.062,0.0,0.249,0.324,0.319072
0.38,0.0,0.464,0.058,0.006732
0.47,0.088,0.592,0.404,0.029471
0.424,0.277,0.794,0.517,0.031504
0.0,0.264,0.024,0.286,0.007629
0.0,0.068,0.136,0.152,0.091313
0.079,0.0,0.109,0.098,0.017502
0.598,0.103,0.808,0.375,0.042768
0.059,0.177,0.129,0.591,0.073637
0.034,0.05,0.373,0.548,0.464243
0.081,0.159,0.295,0.565,0.216795
0.003,0.164,0.029,0.588,0.027299
0.682,0.0,1.0,0.198,0.054129
0.0,0.0,0.447,0.317,0.65899
0.0,0.0,0.237,0.086,0.156641
0.0,0.153,0.217,0.561,0.340176
0.0,0.029,0.224,0.171,0.246716
0.76,0.093,0.99,0.243,0.02823
0.0,0.372,0.227,0.618,0.06667
0.016,0.233,0.172,0.441,0.126401
0.0,0.046,0.096,0.198,0.139602
0.006,0.192,0.306,0.348,0.196773
0.251,0.0,0.717,0.197,0.143821
0.0,0.191,0.267,0.582,0.313899
0.0,0.0,0.175,0.306,0.401735
0.666,0.313,1.0,0.447,0.014473
0.077,0.0,0.329,0.104,0.141791
0.105,0.673,0.301,0.701,0.000169
0.052,0.315,0.354,0.489,0.087252
0.0,0.105,0.212,0.305,0.300094
0.0,0.332,0.238,0.576,0.101939
0.032,0.026,0.375,0.106,0.125558
0.242,0.234,0.32,0.462,0.028943
0.699,0.155,0.739,0.259,0.006123
0.0,0.0,0.181,0.439,0.482123
0.952,0.077,0.954,0.443,0.002403
0.059,0.182,0.347,0.458,0.227389
0.0,0.107,0.198,0.177,0.103841
0.004,0.097,0.09,0.348,0.097618
0.0,0.132,0.2,0.156,0.038679
-0.0,0.0,0.062,0.348,0.217221
0.07,0.041,0.273,0.283,0.261372
0.38,0.0,0.652,0.312,0.087355
0.244,0.092,0.35,0.26,0.047453
0.145,0.067,0.573,0.309,0.283858
0.008,0.095,0.18,0.187,0.099539
0.093,0.448,0.189,0.484,0.004457
0.177,0.225,0.229,0.353,0.032098
0.283,0.0,0.435,0.18,0.067804
0.154,0.11,0.44,0.359,0.242304
0.244,0.075,0.6,0.367,0.164482
0.045,0.11,0.205,0.471,0.252951
0.645,0.254,1.0,0.666,0.034231
0.0,0.046,0.07,0.463,0.209067
0.113,0.345,0.605,0.399,0.03648
0.0,0.033,0.025,0.383,0.132129
0.0,0.26,0.429,0.348,0.138878
0.508,0.088,0.774,0.102,0.004268
0.306,0.0,0.444,0.135,0.044861
0.0,0.0,0.206,0.181,0.305675
0.0,0.131,0.178,0.585,0.317957
0.187,0.0,0.189,0.055,0.00406
0.0,0.144,0.236,0.458,0.350653
0.0,0.0,0.34,0.251,0.492955
0.0,0.118,0.159,0.534,0.318321
0.69,0.0,0.748,0.304,0.018623
0.121,0.205,0.191,0.285,0.036745
0.855,0.355,1.0,0.629,0.004251
0.0,0.006,0.218,0.068,0.111634
0.207,0.0,0.511,0.39,0.210485
0.002,0.045,0.03,0.337,0.036301
0.0,0.217,0.366,0.369,0.230736
0.0,0.05,0.055,0.12,0.04769
0.0,0.21,0.234,0.316,0.14903
0.0,0.084,0.12,0.514,0.253572
0.264,0.186,0.392,0.296,0.03707
0.587,0.153,1.0,0.573,0.072466
0.0,0.14,0.091,0.468,0.158359
0.177,0.0,0.447,0.298,0.240836
0.391,0.0,0.827,0.221,0.101176
0.132,0.0,0.275,0.211,0.159707
0.0,0.243,0.336,0.263,0.035805
0.0,0.192,0.165,0.328,0.144193
0.355,0.336,0.677,0.35,0.00374
0.319,0.215,0.776,0.453,0.080031
0.0,0.249,0.242,0.561,0.205182
0.0,0.0,0.062,0.205,0.140857
0.54,0.114,0.772,0.232,0.025583
0.164,0.148,0.554,0.198,0.049735
0.519,0.24,1.0,0.402,0.041709
0.669,0.284,0.768,0.722,0.009208
0.655,0.035,0.783,0.419,0.041898
0.01,0.092,0.396,0.572,0.494857
0.106,0.175,0.206,0.569,0.137452
0.2,0.269,0.332,0.672,0.057634
0.391,0.0,0.391,0.151,0.003636
0.681,0.416,0.881,0.604,0.003698
0.0,0.124,0.386,0.126,0.004815
0.462,0.105,0.85,0.421,0.090133
0.148,0.064,0.164,0.206,0.033488
0.0,0.045,0.21,0.397,0.481641
0.131,0.063,0.587,0.529,0.390251
0.27,0.093,0.698,0.205,0.071548
0.07,0.089,0.524,0.313,0.328053
0.07,0.015,0.337,0.307,0.361371
0.138,0.0,0.268,0.341,0.238243
0.0,0.137,0.06,0.397,0.129488
0.663,0.0,1.0,0.279,0.076529
0.027,0.0,0.505,0.452,0.644562
0.023,0.0,0.165,0.236,0.205611
0.209,0.087,0.573,0.227,0.096412
0.044,0.345,0.268,0.359,0.009554
0.218,0.017,0.499,0.378,0.190366
