0.353,0.385,0.0,0.389,0.0,0.541,0.018455729
0.286,0.446,0.0,0.393,0.0,0.375,0.079328826
0.33,0.615,0.307,0.466,0.0,0.484,0.082282294
0.037,0.908,0.128,0.644,0.113,0.16,0.085743496
0.169,0.562,0.105,0.206,0.0,0.508,0.080308152
0.239,0.498,0.023,0.261,0.0,0.488,0.10316138
0.081,0.651,0.0,0.502,0.0,0.372,0.430440335
0.214,0.518,0.0,0.402,0.03,0.03,0.0
0.108,0.639,0.0,0.512,0.0,0.278,0.349016888
0.131,0.606,0.0,0.267,0.0,0.141,0.080612793
0.125,0.607,0.038,0.274,0.0,0.31,0.188823983
0.0,0.762,0.0,0.389,0.0,0.334,0.463196974
0.29,0.442,0.0,0.535,0.0,0.376,0.08735792
0.12,0.616,0.0,0.603,0.0,0.446,0.429373232
0.0,0.848,0.043,0.284,0.0,0.511,0.352944517
0.0,0.86,0.0,0.354,0.0,0.22,0.305627078
0.16,0.598,0.0,0.291,0.0,0.586,0.262500602
0.169,0.49,0.0,0.44,0.075,0.137,0.037002678
0.265,0.493,0.0,0.35,0.056,0.217,0.07484527
0.0,0.743,0.039,0.272,0.0,0.419,0.317267113
0.0,0.728,0.37,0.503,0.0,0.155,0.036179976
0.0,0.846,0.0,0.632,0.0,0.194,0.342576401
0.0,0.826,0.0,0.443,0.0,0.471,0.565728419
0.213,0.815,0.221,0.618,0.08,0.253,0.201598246
0.311,0.572,0.0,0.779,0.0,0.711,0.360419406
0.0,0.794,0.0,0.412,0.088,0.185,0.214295058
0.192,0.467,0.0,0.52,0.0,0.338,0.120291836
0.133,0.617,0.318,0.87,0.03,0.183,0.10008227
0.0,0.637,0.118,0.632,0.0,0.553,0.368155907
0.0,0.879,0.097,0.153,0.0,0.621,0.092060061
0.0,0.748,0.0,0.295,0.0,0.293,0.344383593
0.081,0.562,0.025,0.37,0.0,0.383,0.22089561
0.143,0.593,0.081,0.169,0.0,0.103,0.011736419
0.202,0.441,0.0,0.66,0.024,0.249,0.075029431
0.312,0.349,0.074,0.492,0.0,0.232,0.008108266
0.307,0.339,0.0,0.345,0.0,0.492,0.00887245
0.209,0.448,0.0,0.349,0.0,0.624,0.0953044
0.035,0.91,0.025,0.748,0.009,0.264,0.527701665
0.092,0.86,0.178,0.572,0.0,0.277,0.296360488
0.0,0.825,0.0,0.437,0.0,0.328,0.493802193
0.106,0.547,0.103,0.197,0.0,0.519,0.065769726
0.07,0.572,0.106,0.288,0.0,0.326,0.120319374
0.344,0.376,0.09,0.643,0.0,0.231,0.011478248
0.134,0.706,0.777,1.0,0.0,0.233,0.111453808
0.293,0.459,0.436,1.0,0.0,0.296,0.036052612
0.119,0.515,0.17,0.58,0.061,0.12,0.0151959
0.129,0.912,0.0,0.569,0.2,0.376,0.241182626
0.211,0.527,0.0,0.353,0.0,0.352,0.161829704
0.164,0.582,0.02,0.253,0.0,0.217,0.119133512
0.372,0.519,0.0,0.56,0.196,0.713,0.088344131
0.233,0.525,0.0,0.345,0.0,0.587,0.175276931
0.043,0.802,0.024,0.653,0.098,0.811,0.570229186
0.0,0.762,0.116,1.0,0.0,0.454,0.766799997
0.219,0.501,0.0,0.81,0.0,0.201,0.10683084
0.301,0.332,0.0,0.801,0.0,0.486,0.011399076
0.123,0.919,0.055,0.195,0.024,0.552,0.21695249
0.134,0.597,0.0,0.32,0.0,0.525,0.28231947
0.245,0.599,0.855,0.979,0.031,0.787,0.071831563
0.0,0.815,0.0,0.551,0.0,0.431,0.626090339
0.0,0.793,0.0,0.441,0.073,0.199,0.277214584
0.0,0.69,0.0,0.436,0.0,0.237,0.331490572
0.0,0.691,0.099,0.296,0.0,0.534,0.251612703
0.254,0.39,0.0,0.507,0.0,0.38,0.050004131
0.248,0.679,0.081,0.78,0.005,0.54,0.524727544
0.146,0.496,0.0,0.649,0.0,0.371,0.175008434
0.071,0.588,0.0,0.511,0.0,0.451,0.348555624
0.0,0.78,0.0,0.692,0.0,0.409,0.677700288
0.366,0.479,0.2,0.477,0.172,0.738,0.028324716
0.006,0.858,0.557,1.0,0.174,0.554,0.207092108
0.071,0.839,0.3,0.334,0.343,0.353,0.000815818
0.036,0.701,0.0,0.546,0.0,0.503,0.574993288
0.172,0.582,0.0,0.352,0.0,0.603,0.277675848
0.049,0.688,0.0,0.433,0.0,0.493,0.488976131
0.264,0.394,0.082,0.318,0.0,0.266,0.022145842
0.0,0.952,0.0,0.882,0.109,0.164,0.145174282
0.03,0.814,0.19,0.487,0.353,0.556,0.0320613
0.057,0.576,0.0,0.762,0.0,0.306,0.318800644
0.197,0.906,0.162,0.661,0.0,0.684,0.458632524
0.0,0.756,0.0,0.51,0.0,0.108,0.123651491
0.0,0.688,0.0,0.445,0.135,0.138,0.029321253
0.449,0.46,0.138,0.496,0.34,0.357,0.000160066
0.42,0.424,0.708,1.0,0.197,0.622,0.000538715
0.097,0.787,0.123,0.621,0.026,0.641,0.49808954
0.254,0.497,0.23,0.959,0.0,0.334,0.107493477
0.0,0.86,0.246,0.466,0.028,0.123,0.055017797
0.293,0.355,0.0,0.374,0.082,0.19,0.007085912
0.506,0.587,0.12,0.475,0.162,0.171,0.006529986
0.0,0.786,0.0,0.306,0.088,0.155,0.121451881
0.0,0.824,0.356,0.761,0.0,0.154,0.092414615
0.432,0.52,0.243,0.506,0.0,0.247,0.028909902
0.215,0.427,0.085,0.188,0.207,0.218,0.001339043
0.02,1.0,0.137,1.0,0.091,0.424,0.62421086
0.425,0.566,0.0,0.4,0.0,0.302,0.154817801
0.022,0.69,0.521,1.0,0.0,0.487,0.296145346
0.316,0.528,0.324,0.354,0.0,0.919,0.011140906
0.388,0.457,0.438,1.0,0.276,0.542,0.011022148
0.479,0.729,0.251,0.661,0.0,0.644,0.228385989
0.119,0.916,0.095,0.538,0.0,0.621,0.496328819
0.017,0.618,0.12,0.23,0.0,0.584,0.114963202
0.229,0.408,0.0,0.286,0.0,0.341,0.041837346
0.032,0.72,0.482,0.956,0.0,0.347,0.255810551
0.166,0.482,0.0,0.47,0.0,0.561,0.157385734
0.242,0.76,0.6,1.0,0.0,0.717,0.288429499
0.0,0.992,0.972,0.984,0.225,0.563,0.006881097
0.444,0.465,0.243,0.39,0.046,0.65,0.005765802
0.208,0.773,0.318,0.532,0.003,0.785,0.174072136
0.003,0.624,0.113,0.265,0.072,0.079,0.006509332
0.288,0.851,0.002,0.248,0.0,0.528,0.345037624
0.268,0.613,0.0,0.782,0.061,0.667,0.439990912
0.407,0.522,0.0,0.475,0.081,0.403,0.115131873
0.109,0.628,0.058,0.192,0.0,0.095,0.022873882
0.176,0.455,0.235,0.671,0.0,0.356,0.055262198
0.223,0.41,0.211,0.539,0.002,0.179,0.014173545
0.272,0.68,0.002,0.748,0.0,0.203,0.335728006
0.144,0.878,0.366,0.795,0.0,0.633,0.279199053
0.286,0.699,0.378,0.545,0.0,0.409,0.096636558
0.407,0.456,0.601,1.0,0.035,0.693,0.015411041
0.401,0.525,0.0,0.925,0.0,0.606,0.19972393
0.097,0.754,0.0,0.813,0.373,0.475,0.053799233
0.292,0.595,0.579,1.0,0.0,0.604,0.156544099
0.081,0.744,0.216,0.25,0.0,0.671,0.049262322
0.084,0.957,0.0,0.376,0.172,0.404,0.261806985
0.313,0.434,0.0,0.37,0.031,0.091,0.008882777
0.313,0.688,0.0,0.208,0.0,0.58,0.26111681
0.212,0.509,-0.0,0.734,0.0,0.268,0.151514943
0.123,0.742,0.116,0.434,0.0,0.302,0.306417079
0.055,0.589,0.0,0.603,0.0,0.225,0.227604593
0.305,0.677,0.0,0.377,0.0,0.431,0.403076012
0.287,0.46,0.0,0.798,0.0,0.481,0.134012723
0.331,0.415,0.0,0.423,0.0,0.451,0.049627202
0.0,0.752,0.0,0.452,0.0,0.546,0.565570074
0.0,0.749,0.0,0.344,0.0,0.572,0.471680447
0.249,0.416,0.0,0.676,0.0,0.262,0.057076274
0.17,0.723,0.868,0.976,0.0,0.563,0.109187074
0.144,0.696,0.547,1.0,0.0,0.237,0.172175446
0.453,0.696,0.0,0.593,0.0,0.505,0.448760094
0.132,0.686,0.0,0.585,0.0,0.572,0.570162062
0.115,0.828,0.0,0.244,0.096,0.116,0.018233703
0.0,0.747,0.113,0.637,0.087,0.094,0.022094208
0.397,0.585,0.215,0.634,0.0,0.802,0.156910701
0.42,0.435,0.199,0.452,0.354,0.555,0.000753857
0.283,0.866,0.109,0.141,0.175,0.25,0.013047923
0.125,0.629,0.535,0.581,0.026,0.096,0.002239196
0.111,0.522,0.037,0.713,0.0,0.504,0.234451268
0.0,0.667,0.319,0.553,0.0,0.161,0.05337067
0.195,0.536,0.0,0.322,0.0,0.182,0.087132452
0.0,0.699,0.0,0.471,0.0,0.367,0.492504458
0.0,0.975,0.895,0.905,0.0,0.655,0.008982603
0.125,0.552,0.228,0.322,0.0,0.239,0.032794503
0.116,0.735,0.345,0.349,0.13,0.719,0.001979305
0.17,0.694,0.665,1.0,0.0,0.813,0.232743902
0.17,0.834,0.646,1.0,0.208,0.216,0.014865442
0.261,0.774,0.066,0.567,0.0,0.585,0.538470806
0.23,0.481,0.67,1.0,0.0,0.508,0.052028185
0.291,0.555,0.064,0.436,0.052,0.191,0.095003201
0.297,0.355,0.0,0.643,0.059,0.183,0.00993439
0.127,0.609,0.0,0.579,0.0,0.067,0.029066525
0.376,0.478,0.264,0.387,0.127,0.783,0.014753568
0.08,0.577,0.0,0.153,0.0,0.314,0.106402277
0.232,0.982,0.23,0.731,0.0,0.558,0.394076198
0.042,1.0,0.0,0.092,0.08,0.314,0.104937592
0.303,0.328,0.0,0.514,0.068,0.204,0.002870853
0.0,0.77,0.0,0.634,0.0,0.403,0.646554632
0.164,0.814,0.035,0.588,0.045,0.198,0.327053486
0.219,0.606,0.0,0.504,0.0,0.431,0.368556932
0.149,0.522,0.751,1.0,0.029,0.122,0.010254521
0.014,0.69,0.852,1.0,0.176,0.187,0.007159921
0.0,0.803,0.848,1.0,0.0,0.271,0.111687883
0.395,0.82,0.299,0.663,0.0,0.389,0.226929909
0.301,0.481,0.0,0.469,0.02,0.222,0.079905406
0.277,0.592,0.117,0.633,0.0,0.1,0.043265888
0.005,0.821,0.0,0.517,0.0,0.511,0.622541359
0.295,0.375,0.0,0.525,0.0,0.438,0.034596532
0.513,0.521,0.0,0.634,0.0,0.268,0.009905131
0.267,0.801,0.426,1.0,0.322,0.405,0.038302135
0.0,0.651,0.0,0.395,0.0,0.478,0.406957171
0.334,0.486,0.168,0.544,0.0,0.397,0.075976056
0.304,0.845,0.077,1.0,0.0,0.505,0.81717073
0.0,0.729,0.106,0.289,0.0,0.567,0.252425079
0.064,0.917,0.031,0.047,0.0,0.428,0.01866915
0.234,0.419,0.051,0.248,0.045,0.198,0.01962438
0.0,0.756,0.135,0.148,0.0,0.274,0.016879169
0.054,0.988,0.0,0.467,0.0,0.583,0.595717472
0.194,0.93,0.052,0.243,0.204,0.22,0.015261303
0.451,0.495,0.0,0.832,0.0,0.497,0.065072666
0.119,0.912,0.377,1.0,0.0,0.788,0.470102167
0.0,0.878,0.0,0.363,0.118,0.216,0.206687642
0.031,0.834,0.0,0.599,0.0,0.261,0.500917365
0.279,0.471,0.291,0.897,0.0,0.322,0.05470455
0.42,0.615,0.026,0.09,0.0,0.451,0.046680619
0.006,0.665,0.451,1.0,0.0,0.56,0.310671725
0.0,0.793,0.0,0.67,0.0,0.5,0.705925179
0.084,0.594,0.0,0.45,0.0,0.364,0.31814145
0.298,0.38,0.091,0.098,0.0,0.347,0.000676406
0.0,0.822,0.173,0.278,0.0,0.377,0.134043703
0.148,0.935,0.613,1.0,0.114,0.249,0.140523776
0.389,0.438,0.711,1.0,0.059,0.304,0.006986086
0.154,0.666,0.0,0.811,0.032,0.12,0.111133677
0.118,0.917,0.0,0.707,0.185,0.3,0.229855838
0.321,0.929,0.231,0.942,0.0,0.741,0.538288366
0.328,0.822,0.235,0.854,0.0,0.599,0.447417609
0.0,0.816,0.004,0.519,0.0,0.532,0.614438256
0.35,0.826,0.414,0.637,0.003,0.422,0.129198708
0.2,0.688,0.287,0.507,0.162,0.322,0.080492313
0.365,0.971,0.226,0.391,0.215,0.239,0.008910315
0.1,1.0,0.0,0.361,0.035,0.299,0.400444397
0.259,0.386,0.0,0.577,0.0,0.242,0.031825504
0.06,0.588,0.0,0.482,0.036,0.236,0.217869855
0.498,0.708,0.0,0.269,0.0,0.777,0.240754064
0.141,0.49,0.057,0.176,0.0,0.566,0.055465292
0.355,0.577,0.0,0.664,0.0,0.619,0.326389128
0.222,0.992,0.264,0.697,0.153,0.21,0.056405031
0.0,0.776,0.047,0.081,0.0,0.415,0.05226226
0.147,0.821,0.689,1.0,0.0,0.699,0.261426614
0.187,0.952,0.235,0.331,0.0,0.447,0.114718801
0.126,0.755,0.037,0.613,0.284,0.443,0.119391682
0.209,0.462,0.145,0.232,0.0,0.489,0.028901296
0.311,0.571,0.135,0.165,0.0,0.22,0.01483274
0.306,0.675,0.0,0.91,0.305,0.483,0.09798937
0.021,0.612,0.133,0.617,0.0,0.549,0.311580484
0.094,0.775,0.238,0.512,0.0,0.372,0.239876285
0.428,0.856,0.49,0.732,0.0,0.587,0.120868416
0.055,0.602,0.0,0.662,0.0,0.476,0.428056563
0.228,0.431,0.0,0.467,-0.0,0.213,0.05062546
0.0,0.745,0.104,0.39,0.0,0.517,0.360175005
0.08,0.56,0.094,0.272,0.0,0.297,0.104462558
0.286,0.651,0.0,0.602,0.0,0.359,0.441419454
0.455,0.546,0.557,1.0,0.0,0.682,0.064809333
0.236,0.723,0.298,0.363,0.0,0.609,0.063007304
0.0,0.812,0.0,0.296,0.0,0.58,0.432003126
0.293,1.0,0.104,0.479,0.0,0.614,0.427106497
0.254,0.426,0.0,0.443,0.0,0.688,0.080642052
0.436,0.779,0.009,0.952,0.145,0.218,0.220110772
0.264,0.367,0.013,0.221,0.0,0.532,0.018794793
0.224,0.478,0.164,0.331,0.059,0.245,0.036207514
0.154,0.554,0.0,0.377,0.0,0.379,0.223816376
0.042,1.0,0.0,0.424,0.125,0.269,0.273577826
0.131,0.949,0.0,0.352,0.0,0.586,0.492297922
0.435,0.888,0.0,0.318,0.0,0.406,0.35889276
0.26,1.0,0.0,0.525,0.112,0.281,0.362013177
0.203,0.775,0.0,0.449,0.0,0.492,0.555764769
0.298,0.703,0.006,0.167,0.0,0.623,0.210475859
0.09,0.791,0.833,0.962,0.093,0.664,0.116448542
0.0,0.825,0.524,0.915,0.0,0.311,0.202701493
0.0,0.926,0.532,1.0,0.0,0.449,0.337913847
0.417,0.617,0.276,0.357,0.054,0.431,0.042105843
0.261,0.615,0.276,0.43,0.037,0.327,0.080261681
0.245,0.734,0.0,0.648,0.0,0.381,0.610724047
0.613,0.691,0.0,0.558,0.139,0.315,0.076889978
0.298,0.795,0.0,0.41,0.0,0.434,0.505029156
0.017,0.864,0.835,0.959,0.291,0.467,0.028553627
0.209,0.885,0.0,0.286,0.0,0.374,0.383911176
0.233,0.475,0.623,1.0,0.0,0.315,0.035340062
0.159,0.48,0.0,0.465,0.0,0.533,0.154017473
0.0,0.849,0.0,0.603,0.0,0.441,0.662075826
0.644,0.735,0.0,0.274,0.062,0.363,0.072036378
0.254,0.727,0.0,0.851,0.0,0.819,0.754375125
0.238,0.6,0.0,0.455,0.024,0.037,0.00453519
0.36,0.387,0.0,0.521,0.013,0.108,0.003361376
0.301,0.373,0.158,0.236,0.0,0.604,0.006240835
0.0,0.864,0.535,1.0,0.0,0.639,0.355020206
0.038,0.824,0.312,0.6,0.0,0.445,0.220615065
0.0,0.95,0.0,0.416,0.0,0.42,0.531243761
0.088,0.858,0.076,0.696,0.0,0.601,0.615825491
0.316,0.53,0.03,0.47,0.0,0.288,0.150749038
0.386,0.619,0.274,0.292,0.0,0.564,0.013409362
0.064,0.817,0.0,0.733,0.171,0.557,0.42351621
0.0,0.748,0.191,0.232,0.0,0.547,0.057029803
0.215,0.892,0.0,0.321,0.247,0.48,0.119665343
0.222,0.457,0.0,0.066,0.0,0.566,0.019328344
0.249,0.71,0.516,1.0,0.123,0.241,0.114593158
0.586,0.731,0.0,0.181,0.0,0.326,0.096584924
0.425,0.891,0.0,0.154,0.0,0.271,0.155463226
0.573,0.767,0.286,0.414,0.0,0.429,0.059336124
0.61,0.639,0.763,1.0,0.0,0.374,0.018589977
0.0,0.868,0.56,0.629,0.0,0.303,0.029291994
0.25,1.0,0.0,0.795,0.062,0.272,0.514765616
0.682,0.703,0.791,1.0,0.0,0.515,0.011467921
0.22,0.759,0.0,0.685,0.0,0.369,0.636771702
0.393,0.557,0.0,0.559,0.0,0.546,0.228776686
0.263,0.409,0.212,0.616,0.0,0.298,0.028309226
0.0,0.794,0.0,0.49,0.12,0.244,0.305310389
0.218,0.68,0.0,0.456,0.0,0.548,0.485447805
0.0,0.706,0.11,0.173,0.0,0.427,0.089879383
0.412,0.54,0.087,0.663,0.0,0.217,0.088660819
0.363,0.92,0.411,0.811,0.093,0.24,0.110536443
0.0,0.744,0.0,0.592,0.007,0.599,0.649594156
0.088,1.0,0.167,0.227,0.0,0.326,0.073910694
0.0,0.811,0.02,0.392,0.083,0.25,0.299718422
0.164,1.0,0.0,0.258,0.036,0.054,0.008135804
0.304,0.842,0.032,0.896,0.034,0.482,0.750867452
0.549,0.603,0.126,0.346,0.017,0.135,0.015094353
0.323,1.0,0.122,0.523,0.0,0.278,0.337659119
0.0,0.806,0.0,0.399,0.0,0.23,0.357002953
0.162,0.807,0.135,0.754,0.3,0.548,0.111414222
0.132,1.0,0.421,1.0,0.137,0.409,0.276013232
0.372,0.679,0.0,0.493,0.226,0.258,0.061547782
0.012,0.747,0.112,0.139,0.087,0.186,0.016428232
0.422,0.55,0.735,0.842,0.0,0.789,0.01524237
0.146,0.587,0.0,0.432,0.094,0.269,0.190956469
0.175,0.88,0.0,0.275,0.0,0.38,0.381207273
0.086,0.544,0.0,0.263,0.0,0.419,0.162451034
0.462,0.684,0.0,0.754,0.0,0.293,0.398279209
0.0,0.81,0.0,0.598,0.0,0.465,0.661409747
0.207,0.813,0.761,1.0,0.0,0.418,0.204980276
0.296,0.473,0.0,0.459,0.122,0.182,0.029773912
0.413,0.904,0.0,0.112,0.0,0.34,0.133967973
0.175,0.722,0.0,0.493,0.0,0.646,0.567609619
0.043,0.984,0.087,0.752,0.0,0.588,0.633109127
0.119,0.59,0.0,0.524,0.0,0.375,0.332345976
0.238,0.839,0.0,0.417,0.0,0.649,0.541336496
0.013,0.991,0.939,0.995,0.003,0.421,0.06213641
0.285,1.0,0.234,0.294,0.0,0.448,0.069888402
0.0,0.896,0.0,0.553,0.142,0.192,0.118451942
0.126,0.974,0.795,0.805,0.0,0.406,0.005371662
0.309,0.659,0.38,0.509,0.139,0.709,0.048900883
0.205,0.659,0.526,1.0,0.109,0.618,0.211945709
0.018,0.936,0.0,0.701,0.0,0.509,0.72756845
0.086,0.74,0.0,0.71,0.077,0.286,0.464752879
0.185,1.0,0.0,0.423,0.0,0.498,0.548310534
0.0,0.92,0.0,0.473,0.0,0.412,0.572850475
0.049,0.613,0.0,0.277,0.043,0.261,0.196233468
0.0,0.693,0.06,0.173,0.0,0.295,0.131258907
0.314,0.577,0.048,0.497,0.182,0.727,0.133491219
0.196,0.658,0.19,0.46,0.135,0.774,0.167666072
0.472,0.631,0.582,0.59,0.028,0.366,0.001814076
0.273,0.948,0.0,0.265,0.0,0.531,0.379897489
0.234,0.931,0.703,1.0,0.0,0.626,0.244399427
0.247,0.968,0.088,0.874,0.0,0.401,0.657260091
0.081,0.95,0.0,0.527,0.0,0.514,0.629083392
0.151,0.508,0.006,0.589,0.0,0.44,0.200314279
0.192,0.908,0.659,0.941,0.0,0.607,0.20764115
0.565,0.821,0.889,0.923,0.0,0.199,0.010008399
0.516,0.518,0.0,0.321,0.0,0.261,0.001635078
0.0,0.888,0.788,1.0,0.0,0.345,0.17588277
0.182,0.754,0.0,0.422,0.0,0.213,0.332141161
0.139,0.616,0.0,0.208,0.0,0.199,0.117543183
0.486,0.555,0.0,0.562,0.232,0.344,0.029269619
0.402,0.695,0.325,1.0,0.0,0.418,0.36227479
0.261,1.0,0.0,0.919,0.0,0.276,0.67256098
0.323,0.373,0.0,0.43,0.0,0.594,0.024997763
0.435,0.681,0.592,0.641,0.0,0.324,0.014015201
0.46,0.673,0.644,0.94,0.0,0.34,0.11520244
0.276,0.428,0.845,1.0,0.0,0.429,0.017201022
0.044,0.833,0.076,0.629,0.0,0.542,0.57924277
0.0,0.782,0.0,0.733,0.0,0.541,0.739397809
0.542,0.821,0.584,1.0,0.0,0.27,0.154742071
0.12,0.708,0.0,0.36,0.039,0.295,0.367176582
0.0,0.694,0.114,0.453,0.0,0.569,0.363040695
0.266,0.68,0.0,0.408,0.017,0.195,0.229170826
0.333,0.701,0.084,0.343,0.0,0.446,0.295794235
0.0,0.76,0.851,1.0,0.0,0.175,0.058795688
0.273,1.0,0.0,0.545,0.0,0.401,0.595884422
0.22,0.74,0.505,1.0,0.0,0.531,0.335710794
0.437,0.729,0.701,1.0,0.0,0.444,0.188233634
0.107,0.552,0.015,0.58,0.0,0.24,0.176856932
0.33,0.714,0.599,0.812,0.0,0.216,0.059114097
0.004,0.749,0.0,0.416,0.136,0.168,0.097531548
0.15,0.74,0.0,0.485,0.0,0.573,0.575790173
0.17,0.979,0.496,1.0,0.147,0.156,0.020491831
0.201,1.0,0.147,0.57,0.092,0.272,0.253550701
0.112,0.592,0.745,1.0,0.026,0.337,0.101335256
0.175,0.974,0.017,0.233,0.0,0.603,0.318027855
0.019,0.612,0.116,0.44,0.0,0.476,0.258764019
0.0,0.893,0.498,1.0,0.086,0.248,0.204422628
0.001,0.827,0.055,0.057,0.0,0.386,0.003629873
0.297,0.639,0.0,0.47,0.0,0.146,0.134780349
0.294,0.787,0.0,0.54,0.184,0.361,0.246869256
0.012,0.939,0.027,0.585,0.0,0.242,0.411549159
0.135,1.0,0.0,0.303,0.005,0.51,0.436250886
0.101,1.0,0.085,0.915,0.0,0.257,0.52077754
0.228,0.698,0.779,0.971,0.0,0.125,0.034789299
0.523,0.607,0.653,1.0,0.0,0.236,0.052897358
0.345,0.716,0.0,0.173,0.0,0.643,0.229487515
0.38,0.501,0.193,0.457,0.0,0.765,0.059582246
0.053,0.906,0.125,0.537,0.0,0.694,0.459009452
0.311,0.349,0.072,0.494,0.0,0.205,0.007089354
0.075,0.857,0.0,0.529,0.07,0.445,0.572069079
0.257,0.724,0.016,0.061,0.0,0.609,0.057329281
0.06,1.0,0.128,0.395,0.0,0.521,0.338325198
0.27,0.775,0.54,0.872,0.0,0.364,0.169073961
0.495,0.507,0.0,0.315,0.0,0.455,0.012584938
0.29,0.591,0.765,1.0,0.013,0.744,0.103877373
0.609,0.629,0.014,0.875,0.0,0.54,0.04753086
0.0,0.818,0.558,1.0,0.0,0.473,0.327769478
0.0,0.783,0.0,0.088,0.0,0.543,0.129331236
0.429,0.625,0.133,0.667,0.0,0.444,0.25354898
0.365,0.6,0.0,0.819,0.0,0.429,0.393966045
0.229,0.725,0.0,0.757,0.0,0.39,0.654117299
0.0,0.687,0.0,0.507,0.154,0.179,0.032741148
0.111,0.983,0.0,0.411,0.0,0.332,0.475437685
0.254,0.627,0.022,0.628,0.0,0.817,0.436739689
0.605,0.718,0.079,0.171,0.0,0.372,0.04081155
0.215,0.826,0.077,0.172,0.0,0.587,0.143570184
0.395,0.688,0.0,0.302,0.0,0.203,0.196267891
0.45,0.951,0.0,0.849,0.0,0.499,0.657483839
0.384,0.769,0.0,0.494,0.012,0.14,0.174967126
0.028,0.823,0.033,0.661,0.0,0.884,0.664285763
0.0,0.859,0.0,0.477,0.0,0.097,0.092951609
0.18,0.472,0.0,0.722,0.0,0.386,0.150108776
0.28,0.777,0.217,0.366,0.072,0.322,0.133214116
0.247,0.826,0.467,0.849,0.146,0.339,0.12513683
0.388,0.827,0.0,0.981,0.0,0.397,0.810867934
0.194,0.885,0.0,0.709,0.057,0.216,0.409499287
0.183,1.0,0.155,0.228,0.175,0.249,0.028674107
0.525,0.65,0.006,0.244,0.0,0.52,0.134577255
0.529,0.541,0.524,1.0,0.0,0.606,0.012812128
0.232,0.652,0.0,0.824,0.002,0.664,0.586602342
0.0,0.81,0.138,0.239,0.0,0.363,0.136508368
0.149,0.804,0.285,0.465,0.0,0.455,0.167251279
0.497,0.83,0.633,1.0,0.103,0.381,0.170010258
0.152,0.729,0.625,1.0,0.0,0.878,0.277150902
0.106,0.631,0.0,0.309,0.0,0.24,0.210844182
0.0,0.897,0.801,0.898,0.0,0.45,0.08033569
0.0,0.812,0.491,1.0,0.0,0.601,0.382826861
0.273,0.82,0.0,0.374,0.0,0.298,0.410518199
0.447,0.915,0.686,0.937,0.0,0.178,0.068781712
0.346,0.967,0.143,0.758,0.0,0.311,0.42418401
0.0,0.818,0.0,0.458,0.0,0.479,0.575237689
0.467,0.817,0.11,0.217,0.019,0.618,0.122059441
0.189,0.538,0.159,0.263,0.04,0.081,0.005275278
0.315,0.883,0.0,0.67,0.0,0.339,0.608068336
0.273,0.537,0.0,0.507,0.0,0.684,0.232317061
0.488,0.547,0.011,0.417,0.039,0.355,0.077578432
0.058,0.928,0.802,0.959,0.0,0.346,0.127718532
0.36,0.829,0.246,0.254,0.0,0.518,0.011865504
0.0,0.866,0.19,0.521,0.0,0.299,0.271758587
0.062,0.92,0.362,0.488,0.069,0.718,0.094991153
0.366,0.754,0.078,0.328,0.0,0.485,0.307422222
0.265,1.0,0.0,0.579,0.082,0.251,0.390377479
0.192,0.439,0.049,0.39,0.0,0.297,0.062823143
0.333,0.748,0.24,1.0,0.0,0.783,0.552634025
0.246,0.727,0.616,0.962,0.0,0.858,0.229690609
0.464,0.632,0.158,0.175,0.0,0.737,0.012333652
0.077,1.0,0.0,0.498,0.075,0.076,0.023503817
0.267,0.869,0.247,0.715,0.001,0.453,0.348538412
0.097,0.989,0.622,0.778,0.137,0.408,0.052699428
0.269,0.686,0.181,0.341,0.0,0.341,0.150659539
0.266,0.442,0.769,1.0,0.0,0.042,0.00037865
0.4,0.545,0.0,0.449,0.0,0.492,0.176061768
0.0,0.716,0.0,0.61,0.0,0.576,0.634601351
0.52,0.603,0.0,0.748,0.0,0.345,0.186953109
0.068,0.934,0.014,0.58,0.0,0.283,0.498356316
0.544,0.602,0.0,0.833,0.017,0.377,0.148124307
0.47,0.59,0.232,1.0,0.0,0.314,0.172189215
0.524,0.639,0.0,0.524,0.0,0.5,0.223831866
0.166,0.958,0.219,0.826,0.085,0.339,0.358039077
0.318,0.832,0.0,0.419,0.0,0.549,0.523073534
0.242,0.575,0.244,0.472,0.0,0.847,0.115753203
0.255,0.746,0.623,1.0,0.0,0.58,0.268066752
0.348,0.976,0.139,0.444,0.0,0.644,0.336039531
0.335,0.926,0.544,0.567,0.289,0.317,0.000473312
0.169,0.49,0.0,0.742,0.0,0.409,0.180278548
0.324,0.995,0.0,0.454,0.0,0.421,0.532970059
0.184,0.796,0.331,0.335,0.102,0.17,0.000919086
0.348,0.797,0.386,0.397,0.007,0.386,0.008464541
0.481,0.727,0.0,0.55,0.0,0.431,0.428851728
0.18,0.894,0.0,0.758,0.0,0.366,0.693006341
0.514,0.705,0.317,0.399,0.0,0.135,0.012820733
0.281,0.577,0.0,0.176,0.0,0.569,0.137806104
0.161,0.764,0.813,0.993,0.006,0.51,0.175263162
0.317,0.435,0.0,0.58,0.003,0.421,0.081628262
0.12,0.591,0.0,0.716,0.0,0.316,0.342061782
0.054,0.879,0.0,0.398,0.0,0.753,0.542210832
0.29,0.87,0.07,0.536,0.122,0.182,0.124549923
0.193,0.952,0.0,0.489,0.0,0.321,0.524951292
0.39,0.772,0.469,0.759,0.102,0.201,0.057305185
0.217,0.424,0.0,0.582,0.101,0.293,0.059134751
0.216,0.602,0.0,0.343,0.0,0.557,0.298749423
0.223,0.598,0.0,0.246,0.0,0.42,0.21434497
0.172,1.0,0.178,0.51,0.15,0.214,0.09941447
0.087,0.956,0.212,0.766,0.188,0.266,0.106650121
0.167,0.953,0.265,1.0,0.0,0.294,0.457845965
0.213,0.42,0.033,0.717,0.0,0.486,0.092345769
0.057,0.76,0.0,0.215,0.0,0.469,0.315045128
0.222,0.604,0.066,0.4,0.0,0.665,0.27682905
0.06,0.697,0.723,1.0,0.176,0.552,0.131133264
0.204,0.66,0.094,0.612,0.034,0.451,0.397117443
0.066,0.948,0.242,0.481,0.209,0.275,0.054437774
0.246,0.835,0.284,1.0,0.171,0.557,0.322568209
0.0,0.885,0.497,1.0,0.0,0.832,0.382004158
0.528,0.555,0.421,0.69,0.0,0.563,0.014753568
0.127,1.0,0.087,0.707,0.0,0.328,0.513201104
0.328,0.671,0.203,0.591,0.0,0.542,0.267646796
0.108,0.536,0.0,0.277,0.062,0.089,0.005564429
0.229,1.0,0.483,1.0,0.066,0.359,0.302446421
0.452,0.667,0.561,0.866,0.007,0.175,0.046083386
0.0,0.847,0.912,1.0,0.0,0.493,0.097495405
0.535,0.569,0.602,0.793,0.128,0.144,0.000862289
0.097,0.797,0.881,0.963,0.0,0.21,0.042026671
0.047,0.898,0.0,0.369,0.0,0.334,0.454104218
0.45,0.67,0.251,1.0,0.0,0.517,0.35972751
0.225,0.655,0.196,0.593,0.0,0.411,0.262316441
0.0,0.899,0.36,0.368,0.0,0.553,0.008183996
0.069,1.0,0.767,1.0,0.0,0.409,0.203780645
0.465,0.741,0.069,1.0,0.0,0.477,0.637802662
0.092,0.794,0.728,0.972,0.154,0.18,0.010870688
0.24,1.0,0.0,0.357,0.0,0.167,0.220912821
0.086,0.77,0.412,0.716,0.0,0.507,0.182018616
0.075,0.79,0.087,0.464,0.0,0.249,0.32246494
0.303,1.0,0.0,0.566,0.0,0.107,0.13042932
0.454,0.882,0.186,0.314,0.0,0.603,0.135181373
0.435,0.741,0.485,0.554,0.0,0.481,0.034782414
0.428,0.691,0.036,0.38,0.0,0.295,0.279703345
0.389,0.679,0.603,1.0,0.227,0.5,0.08353528
0.507,0.737,0.108,0.303,0.166,0.168,0.010626287
0.196,0.909,0.0,0.745,0.0,0.592,0.747287491
0.379,0.771,0.024,0.726,0.0,0.245,0.447037238
0.0,0.894,0.201,0.526,0.0,0.493,0.32226701
0.408,0.686,0.008,0.586,0.0,0.434,0.457584353
0.222,1.0,0.728,1.0,0.0,0.641,0.233709459
0.223,1.0,0.227,1.0,0.0,0.204,0.331535321
0.0,0.731,0.08,0.414,0.127,0.176,0.074759213
0.228,0.891,0.008,0.742,0.0,0.434,0.700457133
0.543,0.707,0.487,0.686,0.041,0.474,0.057719978
0.121,0.935,0.0,0.828,0.114,0.159,0.137881834
0.256,1.0,0.0,0.285,0.134,0.259,0.203221276
0.22,0.919,0.037,0.341,0.0,0.609,0.419652262
0.447,0.634,0.886,0.919,0.0,0.264,0.012593544
0.167,0.972,0.884,1.0,0.0,0.575,0.125883803
0.269,0.612,0.181,0.469,0.319,0.409,0.016225138
0.135,0.624,0.0,0.093,0.154,0.27,0.034878798
0.098,0.611,0.622,1.0,0.0,0.286,0.121720378
0.08,1.0,0.151,0.443,0.0,0.403,0.323693831
0.013,0.74,0.24,0.31,0.0,0.688,0.083347676
0.474,0.866,0.0,0.336,0.262,0.284,0.012820733
0.233,0.647,0.0,0.727,0.0,0.449,0.520311112
0.286,1.0,0.0,0.764,0.0,0.464,0.723480754
0.214,0.865,0.185,0.521,0.0,0.316,0.286818517
0.249,0.855,0.211,0.611,0.122,0.362,0.230144988
0.243,0.468,0.067,0.5,0.0,0.508,0.112388384
0.11,0.976,0.366,0.795,0.0,0.554,0.278887527
0.347,0.536,0.0,0.814,0.072,0.201,0.11197187
0.179,0.719,0.0,0.607,0.214,0.27,0.084858833
0.413,0.662,0.065,0.552,0.0,0.576,0.355379923
0.283,0.804,0.653,1.0,0.0,0.632,0.260106504
0.558,0.637,0.41,1.0,0.0,0.501,0.11048653
0.0,0.705,0.0,0.435,0.026,0.367,0.474532368
0.0,0.74,0.732,1.0,0.0,0.185,0.09989983
0.405,0.846,0.584,0.589,0.0,0.724,0.002900112
0.129,0.54,0.27,0.568,0.0,0.529,0.098010024
0.0,0.753,0.0,0.431,0.052,0.555,0.52871025
0.053,0.588,0.0,0.48,0.069,0.324,0.273063207
0.286,0.88,0.0,0.537,0.0,0.404,0.587740012
0.344,0.581,0.886,0.92,0.0,0.734,0.016025487
0.117,0.912,0.0,0.791,0.003,0.512,0.773252532
0.014,0.954,0.0,0.161,0.0,0.435,0.237506282
0.298,0.844,0.186,1.0,0.0,0.298,0.532897771
0.287,0.765,0.256,0.845,0.0,0.253,0.279662038
0.0,0.94,0.0,0.399,0.241,0.275,0.065408288
0.326,0.78,0.0,0.563,0.06,0.668,0.585950032
0.437,0.597,0.0,0.529,0.0,0.437,0.259803584
0.0,0.774,0.0,0.281,0.0,0.504,0.407666279
0.107,0.847,0.0,0.601,0.0,0.228,0.444181876
0.645,0.679,0.086,0.498,0.084,0.249,0.029916766
0.389,0.537,0.149,0.713,0.022,0.523,0.139387827
0.393,0.688,0.422,1.0,0.0,0.521,0.300964524
0.0,0.737,0.0,0.676,0.0,0.29,0.551023043
0.097,0.703,0.57,1.0,0.045,0.562,0.282393479
0.11,1.0,0.099,0.589,0.053,0.31,0.414864065
0.524,0.573,0.586,0.72,0.0,0.73,0.014424831
0.475,0.644,0.356,0.394,0.0,0.325,0.014793154
0.0,0.669,0.088,0.362,0.0,0.381,0.287300434
0.012,0.751,0.0,0.667,0.078,0.286,0.457462152
0.037,1.0,0.381,0.402,0.065,0.208,0.008032536
0.038,0.929,0.0,0.159,0.0,0.471,0.241041493
0.22,0.933,0.624,1.0,0.191,0.445,0.145950514
0.033,0.917,0.0,0.504,0.088,0.305,0.453730732
0.403,0.437,0.545,1.0,0.0,0.419,0.009168485
0.0,0.793,0.0,0.726,0.0,0.417,0.705353762
0.313,0.633,0.0,0.329,0.063,0.453,0.28555004
0.187,0.74,0.373,0.489,0.0,0.675,0.089256332
0.341,0.874,0.0,0.756,0.0,0.634,0.713548085
0.393,0.662,0.258,0.542,0.0,0.353,0.152993398
0.103,0.766,0.225,0.525,0.004,0.087,0.031207617
0.143,1.0,0.0,0.35,0.0,0.792,0.489654258
0.01,0.811,0.0,0.354,0.0,0.545,0.494244525
0.279,0.637,0.828,1.0,0.0,0.581,0.110995986
0.0,0.914,0.248,0.474,0.038,0.568,0.222062539
0.294,0.354,0.0,0.252,0.0,0.284,0.009414608
0.004,0.708,0.485,1.0,0.0,0.089,0.034419255
0.25,0.654,0.0,0.328,0.0,0.652,0.35382746
0.37,0.513,0.031,0.935,0.0,0.446,0.18261585
0.236,0.395,0.0,0.333,0.0,0.558,0.048460273
0.137,1.0,0.239,1.0,0.036,0.086,0.05139825
0.298,1.0,0.196,0.505,0.012,0.261,0.229547755
0.132,1.0,0.0,0.621,0.0,0.608,0.688426401
0.1,0.974,0.0,0.579,0.0,0.678,0.668483611
0.45,0.765,0.362,0.6,0.0,0.514,0.137060852
0.233,0.674,0.0,0.327,0.0,0.199,0.219613364
0.457,0.634,0.488,1.0,0.0,0.539,0.179282011
0.0,0.803,0.072,0.2,0.0,0.497,0.20037624
0.126,1.0,0.074,0.977,0.0,0.509,0.844263113
0.461,0.607,0.421,0.734,0.087,0.367,0.059310307
0.41,0.907,0.0,0.34,0.0,0.634,0.412834847
0.085,0.784,0.0,0.584,0.0,0.359,0.597753575
0.329,0.411,0.132,0.363,0.0,0.38,0.024860072
0.353,0.78,0.579,1.0,0.0,0.617,0.283823742
0.223,0.623,0.0,0.589,0.0,0.387,0.411881338
0.472,0.93,0.0,0.44,0.0,0.429,0.417638534
0.092,0.706,0.246,0.365,0.315,0.382,0.011862061
0.252,0.835,0.756,0.844,0.068,0.084,0.001877758
0.171,0.576,0.025,0.225,0.0,0.216,0.100114972
0.066,0.988,0.332,0.868,0.0,0.581,0.372334823
0.151,0.557,0.0,0.555,0.0,0.625,0.30341542
0.296,0.828,0.0,0.475,0.067,0.205,0.284050932
0.046,0.712,0.591,1.0,0.061,0.667,0.269540044
0.26,0.774,0.0,0.279,0.029,0.152,0.152862591
0.0,0.854,0.0,0.307,0.0,0.484,0.438801608
0.249,0.874,0.364,0.68,0.0,0.695,0.209289997
0.251,0.653,0.108,0.947,0.0,0.541,0.545238308
0.555,0.694,0.794,1.0,0.0,0.41,0.082538743
0.511,0.635,0.0,0.426,0.0,0.341,0.195594927
0.087,0.918,0.61,1.0,0.0,0.69,0.308578825
0.42,0.622,0.823,0.927,0.0,0.27,0.034001019
0.302,0.874,0.187,0.19,0.0,0.44,0.004091138
0.324,0.727,0.122,1.0,0.02,0.162,0.258791557
0.405,0.718,0.0,0.668,0.0,0.592,0.566817897
0.416,0.744,0.049,0.223,0.0,0.526,0.21687676
0.059,0.944,0.0,0.257,0.0,0.439,0.372517263
0.182,1.0,0.213,0.431,0.0,0.3,0.194455536
0.25,0.771,0.199,0.963,0.18,0.336,0.273959918
0.496,0.667,0.0,0.507,0.089,0.275,0.217215823
0.333,0.746,0.0,0.596,0.0,0.374,0.567909097
0.401,0.682,0.484,0.628,0.0,0.545,0.059773292
0.279,0.805,0.0,0.017,0.0,0.463,0.026997721
0.55,0.697,0.186,1.0,0.074,0.472,0.287582701
0.398,0.519,0.221,0.602,0.11,0.465,0.056559933
0.4,0.547,0.0,0.251,0.209,0.307,0.034415812
0.081,0.997,0.0,0.686,0.0,0.551,0.723103826
0.382,0.398,0.126,0.351,0.162,0.293,0.002633336
0.182,0.787,0.524,1.0,0.073,0.382,0.292355407
0.018,0.881,0.129,0.588,0.086,0.277,0.313432425
0.059,1.0,0.0,0.531,0.0,0.259,0.475367118
0.276,0.618,0.505,1.0,0.0,0.576,0.208067992
0.192,0.858,0.124,1.0,0.038,0.144,0.223947182
0.164,1.0,0.0,0.55,0.0,0.607,0.645847246
0.077,0.814,0.0,0.725,0.0,0.567,0.743380515
0.242,0.635,0.025,0.681,0.18,0.184,0.027304083
0.23,1.0,0.0,0.127,0.0,0.261,0.148926356
0.404,0.66,0.479,1.0,0.001,0.15,0.070229186
0.265,0.668,0.06,0.29,0.135,0.169,0.05085265
0.0,0.706,0.073,0.799,0.0,0.296,0.487662905
0.472,0.632,0.0,0.702,0.0,0.671,0.332888133
0.294,0.813,0.326,0.463,0.0,0.439,0.112985618
0.489,0.591,0.7,1.0,0.025,0.156,0.02616125
0.402,0.737,0.0,0.625,0.0,0.397,0.54574088
0.202,0.599,0.0,0.119,0.057,0.215,0.061041769
0.548,0.788,0.193,0.423,0.036,0.419,0.134665033
0.162,0.83,0.067,0.533,0.152,0.514,0.325867624
0.619,0.71,0.0,0.669,0.099,0.144,0.029822104
0.332,0.653,0.128,0.795,0.0,0.563,0.40522571
0.389,0.768,0.0,0.573,0.238,0.337,0.127826964
0.1,0.787,0.477,1.0,0.06,0.273,0.263498861
0.382,0.928,0.033,0.367,0.0,0.187,0.212653095
0.381,0.863,0.0,0.5,0.139,0.194,0.103471185
0.307,0.812,0.758,0.848,0.0,0.601,0.057301742
0.082,1.0,0.243,0.507,0.0,0.279,0.196820375
0.252,0.842,0.0,0.102,0.06,0.152,0.050859535
0.173,0.768,0.461,0.566,0.048,0.224,0.035513896
0.532,0.561,0.0,0.421,0.0,0.372,0.051589296
0.461,0.735,0.515,0.985,0.0,0.479,0.251691876
0.17,0.475,0.0,0.547,0.0,0.435,0.149855769
0.192,0.781,0.418,1.0,0.132,0.596,0.323210192
0.371,0.825,0.612,0.888,0.0,0.145,0.049830296
0.32,0.432,0.455,0.984,0.0,0.488,0.031452018
0.46,0.69,0.483,0.606,0.0,0.569,0.04836561
0.343,0.662,0.246,0.466,0.0,0.247,0.113529497
0.172,0.491,0.0,0.732,0.0,0.449,0.190058037
0.273,0.807,0.189,1.0,0.19,0.538,0.3416642
0.353,0.866,0.456,0.966,0.0,0.445,0.31829291
0.179,0.851,0.0,0.456,0.0,0.278,0.456756487
0.467,0.483,0.25,0.3,0.0,0.52,0.002254687
0.189,0.691,0.307,0.415,0.075,0.167,0.032753196
0.048,0.897,0.0,0.872,0.0,0.305,0.698402098
0.0,0.824,0.0,0.289,0.0,0.623,0.426791529
0.47,0.676,0.32,0.463,0.174,0.22,0.012832781
0.066,1.0,0.006,0.317,0.0,0.582,0.445336757
0.071,0.857,0.0,0.478,0.0,0.489,0.59403076
0.185,0.795,0.0,0.75,0.061,0.212,0.358909971
0.108,0.621,0.029,0.816,0.0,0.412,0.467162468
0.028,0.896,0.431,1.0,0.0,0.932,0.427805278
0.372,0.488,0.026,0.241,0.0,0.456,0.063117457
0.562,0.762,0.0,0.325,0.0,0.173,0.107080405
0.228,0.899,0.419,1.0,0.0,0.443,0.40530144
0.523,0.614,0.0,0.507,0.0,0.592,0.179312992
0.052,1.0,0.184,0.467,0.0,0.439,0.299117746
0.556,0.583,0.501,1.0,0.0,0.284,0.029214543
0.129,0.8,0.0,0.465,0.0,0.573,0.584784824
0.479,0.671,0.001,0.249,0.0,0.488,0.199439943
0.179,0.624,0.049,0.717,0.0,0.778,0.445329873
0.512,0.593,0.301,0.371,0.0,0.48,0.017682939
0.229,0.835,0.474,1.0,0.109,0.316,0.234807543
0.358,0.367,0.898,1.0,0.0,0.496,0.000791722
0.134,0.986,0.394,0.473,0.0,0.544,0.062377369
0.337,0.596,0.0,0.771,0.0,0.436,0.391043558
0.213,0.85,0.105,0.795,0.0,0.604,0.622198853
0.035,1.0,0.504,0.785,0.0,0.571,0.161564649
0.498,0.606,0.587,0.807,0.0,0.468,0.041952662
0.272,0.917,0.0,0.319,0.0,0.48,0.436638142
0.209,0.676,0.344,0.478,0.026,0.55,0.091750256
0.297,1.0,0.0,0.556,0.0,0.688,0.626155742
0.369,0.541,0.239,0.356,0.001,0.333,0.037963071
0.089,1.0,0.0,0.545,0.0,0.836,0.648366987
0.117,0.741,0.077,0.785,0.0,0.197,0.343891348
0.124,0.664,0.0,0.503,0.195,0.805,0.246313329
0.052,0.873,0.475,1.0,0.027,0.489,0.382890543
0.455,0.77,0.383,1.0,0.0,0.474,0.359508926
0.324,0.77,0.561,1.0,0.0,0.46,0.289451853
0.31,0.879,0.0,0.442,0.0,0.489,0.541551637
0.0,0.687,0.0,0.471,0.001,0.424,0.493719579
0.385,0.709,0.542,1.0,0.0,0.617,0.264250997
0.191,0.657,0.0,0.445,0.259,0.286,0.015708798
0.058,1.0,0.56,1.0,0.0,0.202,0.166361452
0.357,0.376,0.0,0.519,0.0,0.514,0.012846551
0.297,0.786,0.674,1.0,0.0,0.401,0.231771461
0.0,0.757,0.176,0.662,0.048,0.133,0.088153085
0.319,0.568,0.469,1.0,0.0,0.637,0.151613048
0.593,0.651,0.01,0.402,0.0,0.416,0.083086064
0.367,0.443,0.0,0.515,0.0,0.437,0.062737086
0.317,0.625,0.001,0.249,0.0,0.601,0.235829897
0.299,0.765,0.431,1.0,0.0,0.544,0.38143102
0.314,0.536,0.228,0.467,0.361,0.488,0.008153016
0.388,0.761,0.022,0.111,0.0,0.584,0.114090587
0.115,0.741,0.486,0.641,0.0,0.315,0.068089816
0.287,0.646,0.233,0.329,0.0,0.426,0.081877827
0.295,0.809,0.733,0.801,0.0,0.459,0.038894205
0.481,0.734,0.0,0.642,0.002,0.27,0.37004055
0.43,0.641,0.718,1.0,0.0,0.58,0.129016268
0.136,0.622,0.057,0.193,0.0,0.422,0.139900725
0.249,0.742,0.0,0.113,0.074,0.199,0.081691944
0.05,0.698,0.0,0.359,0.0,0.341,0.400609626
0.38,0.713,0.665,1.0,0.105,0.258,0.123963016
0.149,0.956,0.191,0.276,0.0,0.58,0.116909806
0.219,0.439,0.0,0.224,0.0,0.354,0.051241627
0.566,0.59,0.0,0.109,0.415,0.525,0.000173835
0.246,0.398,0.0,0.915,0.0,0.252,0.049179707
0.189,0.715,0.034,1.0,0.0,0.509,0.838025721
0.268,0.555,0.0,0.545,0.0,0.385,0.259273475
0.445,0.7,0.0,0.171,0.024,0.339,0.167993088
0.505,0.664,0.579,1.0,0.0,0.391,0.148611388
0.149,1.0,0.041,0.253,0.0,0.503,0.316979684
0.032,0.986,0.662,1.0,0.001,0.787,0.282231692
0.257,0.918,0.071,0.179,0.029,0.031,0.002158303
0.024,0.788,0.0,0.694,0.067,0.72,0.673705534
0.339,1.0,0.526,1.0,0.0,0.337,0.279760143
0.353,0.478,0.287,0.708,0.163,0.171,0.002409589
0.287,0.63,0.561,1.0,0.109,0.284,0.106429816
0.306,0.84,0.0,0.437,0.0,0.476,0.535510454
0.0,0.799,0.067,0.371,0.001,0.271,0.30605392
0.635,0.694,0.057,0.109,0.217,0.268,0.002008564
0.461,0.663,0.0,0.558,0.0,0.705,0.367228216
0.336,0.594,0.763,1.0,0.0,0.699,0.100581399
0.014,0.945,0.0,0.424,0.0,0.636,0.564115715
0.065,0.867,0.0,0.542,0.0,0.525,0.64090931
0.265,0.661,0.513,1.0,0.077,0.439,0.215431007
0.344,0.536,0.208,0.442,0.358,0.37,0.001444032
0.054,0.847,0.0,0.394,0.0,0.341,0.474465243
0.0,0.848,0.323,0.454,0.224,0.322,0.032587967
0.283,0.672,0.0,0.741,0.0,0.348,0.517099475
0.213,0.722,0.429,0.566,0.243,0.364,0.01948841
0.223,0.408,0.0,0.616,0.0,0.428,0.077103399
0.073,0.643,0.68,1.0,0.166,0.258,0.064391097
0.236,0.97,0.271,0.807,0.0,0.546,0.384224422
0.0,0.676,0.12,0.753,0.058,0.063,0.014340496
0.0,0.981,0.024,0.599,0.0,0.565,0.643974651
0.408,0.449,0.31,0.818,0.0,0.555,0.01724405
0.488,0.727,0.436,0.526,0.0,0.574,0.043561923
0.099,0.988,0.884,1.0,0.0,0.472,0.12574267
0.324,0.626,0.119,0.231,0.044,0.199,0.063967698
0.382,0.437,0.183,0.745,0.116,0.368,0.021223314
0.163,0.538,0.116,0.379,0.054,0.25,0.091967119
0.14,0.701,0.0,0.711,0.007,0.568,0.652156926
0.202,0.902,0.0,0.7,0.0,0.494,0.71162902
0.068,0.967,0.477,1.0,0.0,0.727,0.394799075
0.174,1.0,0.0,0.234,0.127,0.601,0.257302775
0.579,0.763,0.6,1.0,0.0,0.192,0.076735076
0.274,0.865,0.0,0.506,0.0,0.545,0.59676048
0.369,0.691,0.3,0.484,0.007,0.083,0.015357686
0.199,1.0,0.558,0.615,0.0,0.592,0.03403372
0.567,0.693,0.074,1.0,0.0,0.654,0.330924318
0.429,0.73,0.123,0.15,0.028,0.397,0.035835749
0.214,0.713,0.16,0.701,0.0,0.745,0.438817098
0.117,1.0,0.107,0.498,0.0,0.649,0.452942452
0.281,0.884,0.012,0.121,0.214,0.27,0.021619175
0.443,0.959,0.057,0.654,0.111,0.222,0.207804658
0.0,0.841,0.109,0.502,0.0,0.848,0.45494069
0.002,0.914,0.346,0.477,0.0,0.712,0.111546749
0.0,0.707,0.074,0.148,0.0,0.24,0.075160238
0.105,1.0,0.021,0.773,0.0,0.525,0.735547631
0.438,0.656,0.028,0.566,0.0,0.461,0.353249158
0.0,0.776,0.0,0.601,0.059,0.245,0.442054553
0.346,0.61,0.172,0.401,0.0,0.151,0.054547927
0.301,0.351,0.0,0.598,0.0,0.473,0.020183748
0.598,0.705,0.08,0.158,0.0,0.638,0.036651567
0.439,0.589,0.0,0.402,0.0,0.471,0.213431048
0.242,0.389,0.063,0.492,0.073,0.139,0.010197724
0.287,0.83,0.0,0.473,0.0,0.467,0.561623512
0.244,0.783,0.0,0.4,0.0,0.257,0.377785657
0.037,0.978,0.115,0.607,0.0,0.539,0.50835611
0.505,0.526,0.01,0.273,0.011,0.595,0.02064157
0.076,0.913,0.826,1.0,0.086,0.701,0.165882977
0.046,0.674,0.366,0.367,0.0,0.261,0.001433705
0.492,0.576,0.0,0.453,0.0,0.362,0.134229586
0.388,0.475,0.135,0.776,0.0,0.552,0.071981302
0.517,0.825,0.019,0.369,0.0,0.587,0.304566859
0.0,0.85,0.503,0.975,0.043,0.079,0.026787743
0.0,0.76,0.155,0.79,0.045,0.107,0.094388756
0.455,0.727,0.512,0.838,0.0,0.496,0.143059007
0.171,0.775,0.333,0.44,0.062,0.21,0.044789092
0.039,0.667,0.005,0.24,0.215,0.331,0.07226701
0.199,0.863,0.437,1.0,0.0,0.42,0.385618541
0.057,0.595,0.126,1.0,0.0,0.288,0.341672805
0.45,0.716,0.41,1.0,0.0,0.748,0.317315305
0.393,0.68,0.367,0.95,0.0,0.712,0.287531066
0.595,0.695,0.162,0.882,0.0,0.465,0.175908587
0.104,1.0,0.0,0.585,0.0,0.487,0.661766022
0.351,0.716,0.517,0.845,0.0,0.227,0.092032523
0.486,0.804,0.126,0.919,0.0,0.495,0.513140865
0.533,0.584,0.022,0.679,0.128,0.145,0.007597089
0.0,0.901,0.53,0.748,0.0,0.704,0.122833952
0.0,0.848,0.219,0.625,0.0,0.565,0.363940848
0.573,0.58,0.0,0.698,0.0,0.52,0.016648537
0.281,0.8,0.019,0.231,0.0,0.427,0.299575568
0.357,0.474,0.0,0.385,0.0,0.258,0.070230907
0.329,0.859,0.363,0.499,0.094,0.178,0.028458965
0.003,0.891,0.171,0.401,0.294,0.312,0.00794648
0.0,0.837,0.0,0.327,0.026,0.035,0.006084212
0.221,0.853,0.051,0.376,0.0,0.438,0.421979236
0.03,0.699,0.103,0.742,0.0,0.572,0.529761864
0.306,0.426,0.039,0.273,0.0,0.27,0.031779034
0.241,0.984,0.0,0.583,0.126,0.45,0.468473973
0.135,1.0,0.353,0.969,0.0,0.341,0.386270852
0.485,0.527,0.219,0.292,0.452,0.517,0.000289151
0.338,0.75,0.563,1.0,0.183,0.242,0.04533125
0.554,0.648,0.0,0.309,0.0,0.406,0.124854564
0.167,0.671,0.007,0.394,0.0,0.232,0.283407227
0.303,0.987,0.39,0.654,0.057,0.155,0.051146964
0.25,0.939,0.057,0.443,0.0,0.148,0.155115557
0.262,0.418,0.0,0.514,0.0,0.467,0.07478503
0.217,0.825,0.036,0.964,0.0,0.229,0.566520141
0.43,0.761,0.086,0.686,0.068,0.325,0.383200347
0.06,0.58,0.149,0.218,0.0,0.482,0.059842138
0.208,0.82,0.03,0.658,0.0,0.667,0.654630197
0.273,0.386,0.0,0.653,0.067,0.085,0.001709087
0.0,0.711,0.0,0.435,0.0,0.512,0.522447041
0.633,0.714,0.0,0.606,0.0,0.217,0.09603244
0.507,0.553,0.594,1.0,0.0,0.634,0.041777106
0.213,0.881,0.0,0.791,0.129,0.205,0.228227644
0.234,0.481,0.0,0.963,0.0,0.311,0.161485477
0.406,0.712,0.27,0.418,0.0,0.458,0.116763509
0.466,0.591,0.778,1.0,0.0,0.629,0.068952104
0.177,0.917,0.089,0.138,0.0,0.459,0.071910735
0.324,0.646,0.0,0.519,0.0,0.508,0.430970445
0.063,1.0,0.506,1.0,0.0,0.533,0.368484644
0.061,0.895,0.0,0.17,0.035,0.238,0.17045259
0.484,0.609,0.0,0.543,0.0,0.254,0.171631567
0.152,0.549,0.0,0.587,0.0,0.35,0.253719372
0.19,1.0,0.0,0.587,0.0,0.28,0.52051937
0.254,0.563,0.069,0.165,0.0,0.551,0.072588862
0.21,0.603,0.03,0.576,0.307,0.481,0.058417038
0.123,0.974,0.503,0.802,0.229,0.408,0.053504919
0.179,0.644,0.0,0.492,0.0,0.314,0.375465567
0.176,0.747,0.0,0.422,0.0,0.421,0.512471343
0.459,0.536,0.542,1.0,0.0,0.34,0.041529263
0.202,0.904,0.201,0.265,0.0,0.744,0.086373431
0.0,0.834,0.0,0.747,0.004,0.724,0.758741644
0.106,0.735,0.145,0.493,0.259,0.316,0.034811673
0.377,0.646,0.057,0.148,0.089,0.214,0.049484348
0.084,0.664,0.0,0.633,0.0,0.374,0.500382092
0.234,0.661,0.0,0.7,0.0,0.401,0.523729286
0.076,0.816,0.0,0.673,0.0,0.251,0.498321894
0.149,0.978,0.119,0.847,0.0,0.701,0.645594239
0.06,0.877,0.0,0.537,0.028,0.032,0.008490358
0.327,0.79,0.099,0.113,0.0,0.551,0.020615753
0.564,0.694,0.0,0.613,0.0,0.648,0.262323326
0.317,0.722,0.227,0.407,0.0,0.218,0.111242109
0.089,1.0,0.327,0.361,0.0,0.386,0.032181779
0.312,0.85,0.384,0.938,0.0,0.467,0.355290424
0.35,0.677,0.14,0.698,0.0,0.474,0.380493002
0.212,0.419,0.0,0.307,0.0,0.435,0.059339566
0.444,0.637,0.115,0.136,0.0,0.263,0.013333632
0.404,0.729,0.581,1.0,0.0,0.392,0.235549352
0.233,0.874,0.117,0.671,0.0,0.446,0.512929165
0.0,0.927,0.0,0.704,0.112,0.797,0.592352654
0.156,0.968,0.0,0.541,0.085,0.339,0.497463047
0.299,0.527,0.0,0.23,0.0,0.103,0.015989343
0.076,0.726,0.0,0.116,0.0,0.583,0.166061975
0.15,0.963,0.814,0.974,0.13,0.537,0.121782338
0.128,0.913,0.659,1.0,0.0,0.35,0.241285894
0.483,0.614,0.0,0.246,0.0,0.666,0.142933365
0.091,1.0,0.056,0.321,0.061,0.303,0.281050994
0.0,0.834,0.052,0.659,0.0,0.745,0.635795818
0.236,0.91,0.015,0.085,0.0,0.308,0.085834716
0.244,0.899,0.459,1.0,0.0,0.472,0.377265874
0.376,0.951,0.0,0.78,0.0,0.537,0.697402119
0.527,0.589,0.282,0.419,0.0,0.295,0.023329983
0.397,0.802,0.0,0.765,0.0,0.641,0.670557579
0.084,1.0,0.862,1.0,0.127,0.177,0.024107936
0.0,0.763,0.391,0.553,0.0,0.536,0.115591416
0.513,0.586,0.0,0.515,0.196,0.562,0.066335979
0.328,0.352,0.009,0.125,0.0,0.44,0.003151398
0.0,0.75,0.0,0.388,0.0,0.425,0.496604201
0.238,0.856,0.0,0.422,0.0,0.52,0.541138565
0.399,0.727,0.036,0.464,0.0,0.546,0.440166468
0.0,0.831,0.0,0.567,0.03,0.333,0.563453078
0.164,0.891,0.0,0.871,0.0,0.366,0.765543569
0.518,0.557,0.167,0.449,0.0,0.606,0.040885558
0.306,0.321,0.0,0.633,0.049,0.102,0.000382092
0.0,0.965,0.232,0.245,0.0,0.368,0.01634906
0.371,0.597,0.0,0.287,0.062,0.151,0.057220849
0.393,0.505,0.0,0.589,0.013,0.291,0.104102841
0.405,0.819,0.0,0.601,0.0,0.136,0.156134469
0.312,0.68,0.093,0.145,0.0,0.627,0.068134565
0.304,0.632,0.0,0.531,0.015,0.289,0.344235575
0.284,1.0,0.0,0.315,0.004,0.118,0.092361259
0.0,0.919,0.758,1.0,0.0,0.908,0.22960111
0.0,0.934,0.583,1.0,0.0,0.195,0.142284497
0.561,0.592,0.0,0.665,0.0,0.572,0.073709321
0.0,0.802,0.111,0.488,0.0,0.257,0.308886908
0.335,0.864,0.227,0.461,0.137,0.227,0.066237875
0.034,0.864,0.0,0.236,0.0,0.368,0.328389087
0.297,0.839,0.0,0.376,0.0,0.63,0.496211782
0.234,1.0,0.0,0.658,0.0,0.432,0.671910391
0.315,0.344,0.169,0.426,0.0,0.389,0.005597131
0.175,0.666,0.16,0.756,0.0,0.537,0.401422002
0.0,0.755,0.0,0.391,0.0,0.524,0.516433396
0.203,0.69,0.162,0.593,0.0,0.433,0.346201111
0.397,0.638,0.0,0.221,0.0,0.555,0.203341755
0.338,0.37,0.751,1.0,0.0,0.233,0.002247802
0.043,0.841,0.405,0.417,0.0,0.784,0.011710602
0.18,0.939,0.009,0.385,0.0,0.646,0.504335539
0.385,0.852,0.128,0.76,0.015,0.44,0.491852148
0.142,0.633,0.122,0.4,0.064,0.511,0.235924559
0.403,0.74,0.25,1.0,0.0,0.352,0.452112865
0.0,0.882,0.0,0.526,0.106,0.288,0.418061933
0.0,0.82,0.105,0.29,0.0,0.436,0.259194302
0.164,1.0,0.0,0.494,0.016,0.469,0.589705548
0.311,0.759,0.684,0.994,0.21,0.274,0.053098731
0.167,0.764,0.756,1.0,0.226,0.228,0.011078945
0.3,0.545,0.532,1.0,0.155,0.663,0.079975973
0.247,0.85,0.416,1.0,0.052,0.221,0.220754477
0.262,0.687,0.87,1.0,0.0,0.33,0.095142613
0.022,0.882,0.242,0.814,0.019,0.133,0.103330052
0.27,1.0,0.0,0.629,0.0,0.55,0.672082504
0.321,0.623,0.0,0.519,0.0,0.586,0.393253496
0.38,0.963,0.0,0.499,0.0,0.371,0.513724329
0.309,0.831,0.075,0.175,0.0,0.406,0.144344695
0.129,0.919,0.142,0.341,0.0,0.634,0.264137402
0.0,0.918,0.0,0.566,0.1,0.113,0.031548402
0.0,0.717,0.0,0.6,0.0,0.463,0.616465753
0.04,0.941,0.0,0.584,0.002,0.422,0.640291423
0.017,0.636,0.411,0.762,0.029,0.152,0.045004234
0.027,0.732,0.556,1.0,0.0,0.759,0.319175852
0.056,0.853,0.545,1.0,0.0,0.549,0.34450063
0.0,0.875,0.0,0.465,0.0,0.772,0.595633137
0.0,0.704,0.005,0.406,0.154,0.179,0.029927093
0.059,0.7,0.0,0.609,0.031,0.241,0.386334534
0.332,0.595,0.179,0.682,0.0,0.727,0.236222316
0.23,0.545,0.0,0.573,0.12,0.455,0.214386278
0.149,0.631,0.027,0.451,0.141,0.313,0.196522619
0.0,0.74,0.0,0.595,0.0,0.246,0.453276352
0.135,0.712,0.0,0.653,0.0,0.311,0.538126579
0.173,0.911,0.0,0.169,0.0,0.167,0.114460631
0.21,0.786,0.0,0.936,0.0,0.376,0.813511597
0.512,0.518,0.0,0.435,0.0,0.667,0.008739923
0.3,0.327,0.0,0.404,0.024,0.128,0.001370023
0.314,0.611,0.728,1.0,0.0,0.437,0.117717018
0.069,1.0,0.0,0.139,0.0,0.398,0.20484947
0.363,0.374,0.0,0.062,0.0,0.532,0.001156603
0.279,0.549,0.0,0.278,0.0,0.841,0.173991243
0.087,0.716,0.696,1.0,0.055,0.126,0.044916456
0.602,0.773,0.0,0.149,0.0,0.435,0.080068914
0.217,0.462,0.0,0.219,0.0,0.571,0.072822937
0.259,0.968,0.0,0.819,0.072,0.231,0.456537903
0.258,0.764,0.12,0.357,0.0,0.523,0.29985095
0.12,0.704,0.0,0.729,0.029,0.516,0.659501009
0.124,0.507,0.002,0.059,0.0,0.318,0.020145883
0.22,0.584,0.26,0.401,0.0,0.548,0.083986217
0.0,0.954,0.008,0.631,0.006,0.63,0.685746594
0.292,0.759,0.0,0.54,0.0,0.468,0.588986114
0.221,0.853,0.484,0.832,0.0,0.578,0.204892498
0.026,0.833,0.115,0.485,0.0,0.714,0.433044412
0.165,1.0,0.25,0.594,0.0,0.564,0.302284634
0.238,0.725,0.526,1.0,0.0,0.178,0.125969859
0.391,0.564,0.0,0.315,0.0,0.226,0.110383262
0.0,0.923,0.769,1.0,0.32,0.438,0.029341907
0.238,1.0,0.0,0.398,0.0,0.516,0.524092446
0.184,0.675,0.329,0.533,0.0,0.251,0.090290734
0.095,0.637,0.0,0.295,0.094,0.27,0.186080494
0.156,0.807,0.535,1.0,0.0,0.214,0.190391937
0.218,0.734,0.806,1.0,0.0,0.476,0.171796796
0.468,0.59,0.0,0.547,0.0,0.524,0.218763124
0.232,0.813,0.297,0.515,0.011,0.292,0.153203376
0.252,0.546,0.0,0.47,0.0,0.767,0.246067207
0.282,0.983,0.0,0.736,0.136,0.227,0.25480713
0.334,0.767,0.134,0.444,0.274,0.333,0.027150902
0.176,0.855,0.0,0.592,0.198,0.408,0.262378402
0.298,0.819,0.448,0.785,0.0,0.548,0.192434924
0.298,0.876,0.596,1.0,0.018,0.407,0.267524595
0.462,0.667,0.364,0.574,0.0,0.605,0.085609247
0.274,0.569,0.0,0.586,0.0,0.276,0.244605963
0.306,0.574,0.542,0.958,0.0,0.413,0.10813546
0.372,0.697,0.443,1.0,0.0,0.341,0.267564181
0.266,0.923,0.0,0.628,0.0,0.278,0.530789381
0.303,0.573,0.0,0.66,0.0,0.325,0.287414029
0.229,0.656,0.108,0.547,0.256,0.29,0.03829525
0.098,0.656,0.0,0.592,0.0,0.562,0.518116665
0.311,0.749,0.0,0.884,0.0,0.332,0.677089286
0.032,0.901,0.0,0.572,0.0,0.404,0.626358836
0.381,0.611,0.208,0.386,0.0,0.426,0.110801498
0.373,0.724,0.311,0.994,0.255,0.382,0.104149312
0.19,0.993,0.489,0.862,0.0,0.439,0.214083358
0.118,1.0,0.046,0.204,0.015,0.409,0.232039958
0.263,0.877,0.412,0.989,0.0,0.399,0.38270466
0.0,0.731,0.0,0.566,0.0,0.593,0.626203934
0.393,0.468,0.0,0.502,0.0,0.736,0.075571589
0.102,0.818,0.0,0.383,0.0,0.31,0.440810173
0.128,0.922,0.193,0.985,0.0,0.459,0.65630314
0.193,0.654,0.0,0.771,0.043,0.503,0.556775075
0.023,0.86,0.0,0.781,0.0,0.478,0.764818971
0.35,0.792,0.359,1.0,0.147,0.277,0.202672234
0.096,0.982,0.0,0.546,0.0,0.656,0.647396267
0.179,0.905,0.0,0.4,0.0,0.631,0.536541414
0.323,0.522,0.224,0.454,0.001,0.909,0.074201566
0.139,0.665,0.178,0.477,0.0,0.81,0.258146131
0.111,0.648,0.0,0.52,0.0,0.315,0.393053844
0.142,0.9,0.245,0.733,0.0,0.479,0.37026774
0.091,0.773,0.787,0.963,0.0,0.759,0.164015545
0.0,0.872,0.061,0.706,0.151,0.545,0.446013163
0.11,0.983,0.774,0.787,0.064,0.088,0.000309804
0.439,0.473,0.0,0.57,0.045,0.045,0.0
0.036,1.0,0.233,0.923,0.012,0.443,0.531863369
0.27,1.0,0.0,0.458,0.176,0.37,0.272354099
0.283,0.931,0.192,0.77,0.0,0.605,0.459839039
0.278,0.549,0.0,0.29,0.0,0.189,0.088425024
0.285,0.346,0.0,0.441,0.0,0.356,0.015240649
0.0,0.826,0.0,0.239,0.022,0.523,0.356915176
0.344,0.385,0.254,0.59,0.0,0.644,0.012469622
0.352,0.451,0.0,0.52,0.0,0.55,0.084184148
0.096,0.99,0.0,0.521,0.04,0.323,0.531670602
0.334,0.369,0.837,1.0,0.0,0.592,0.004187521
0.193,0.891,0.288,1.0,0.112,0.281,0.311007346
0.108,1.0,0.0,0.445,0.0,0.319,0.500158344
0.146,1.0,0.785,1.0,0.169,0.194,0.011128858
0.233,0.88,0.679,1.0,0.195,0.472,0.133764879
0.084,0.868,0.628,1.0,0.0,0.508,0.290945798
0.008,0.914,0.0,0.64,0.0,0.547,0.701644716
0.001,0.996,0.0,0.649,0.0,0.647,0.709617013
0.357,0.551,0.087,0.125,0.0,0.302,0.021114882
0.202,1.0,0.0,0.435,0.0,0.229,0.375553345
0.145,0.91,0.0,0.585,0.0,0.158,0.250046471
0.191,1.0,0.0,0.31,0.0,0.469,0.435231975
0.332,0.913,0.0,0.616,0.0,0.455,0.635432659
0.404,0.869,0.0,0.527,0.049,0.163,0.19112514
0.071,0.944,0.867,1.0,0.0,0.22,0.079103358
0.058,0.952,0.46,0.585,0.0,0.095,0.010977398
0.037,0.979,0.499,1.0,0.0,0.216,0.206298665
0.406,0.69,0.091,0.12,0.0,0.174,0.016149408
0.223,0.822,0.575,0.737,0.0,0.155,0.030708488
0.249,0.85,0.398,1.0,0.0,0.289,0.337800252
0.236,0.674,0.248,0.347,0.104,0.229,0.046807983
0.537,0.587,0.452,0.593,0.0,0.699,0.015290562
0.143,0.686,0.0,0.211,0.155,0.178,0.017808582
0.151,0.909,0.564,1.0,0.0,0.284,0.237671511
0.027,0.908,0.117,0.878,0.111,0.496,0.535379648
0.373,0.582,0.114,0.153,0.0,0.225,0.018720784
0.313,0.996,0.451,0.676,0.0,0.269,0.092502392
0.303,0.537,0.778,1.0,0.0,0.213,0.029238639
0.054,0.888,0.0,0.523,0.0,0.354,0.571867707
0.2,1.0,0.174,0.726,0.0,0.197,0.256798483
0.39,0.622,0.0,0.58,0.179,0.79,0.201854695
0.375,0.688,0.439,0.994,0.0,0.716,0.294646238
0.488,0.711,0.079,0.609,0.0,0.432,0.350120135
0.243,0.588,0.834,0.932,0.0,0.497,0.0467116
0.392,0.891,0.355,0.867,0.0,0.652,0.30907279
0.346,0.414,0.031,0.041,0.0,0.22,0.000447495
0.499,0.535,0.0,0.38,0.132,0.565,0.037544836
0.479,0.644,0.086,0.886,0.0,0.405,0.333063689
0.462,0.9,0.54,1.0,0.033,0.058,0.005889723
0.572,0.597,0.395,0.811,0.217,0.298,0.004598872
0.04,1.0,0.0,0.776,0.258,0.287,0.028014912
0.157,0.668,0.195,0.272,0.0,0.504,0.082487109
0.0,0.786,0.051,0.387,0.023,0.402,0.421142765
0.468,0.682,0.399,1.0,0.0,0.439,0.262536746
0.424,0.669,0.239,0.384,0.0,0.459,0.103879094
0.199,1.0,0.0,0.74,0.0,0.424,0.711000805
0.342,0.601,0.0,0.357,0.077,0.136,0.043957784
0.323,0.599,0.563,1.0,0.011,0.261,0.107228422
0.517,0.533,0.0,0.177,0.0,0.556,0.011605612
0.278,0.772,0.0,0.321,0.0,0.4,0.417659188
0.398,0.808,0.0,0.217,0.276,0.452,0.04681831
0.641,0.696,0.0,0.48,0.099,0.234,0.049706374
0.493,0.619,0.0,0.7,0.0,0.582,0.275156107
0.148,1.0,0.213,0.237,0.0,0.333,0.029173236
0.228,0.723,0.0,0.325,0.065,0.359,0.364126731
0.103,0.678,0.0,0.534,0.089,0.154,0.144759489
0.0,0.937,0.0,0.503,0.0,0.384,0.580359786
0.368,0.373,0.0,0.501,0.0,0.39,0.00333728
0.24,0.818,0.0,0.647,0.0,0.367,0.632548037
0.186,1.0,0.0,0.551,0.0,0.255,0.456851149
0.186,0.846,0.039,0.311,0.23,0.285,0.045933647
0.016,0.787,0.266,0.396,0.0,0.484,0.138181311
0.156,0.885,0.644,1.0,0.0,0.417,0.266605509
0.111,0.892,0.279,0.316,0.0,0.261,0.031131887
0.27,0.785,0.218,0.583,0.0,0.449,0.315064061
0.435,0.52,0.0,0.456,0.0,0.338,0.091536836
0.0,0.894,0.0,0.319,0.0,0.59,0.46031063
0.48,0.696,0.154,0.223,0.0,0.46,0.062979766
0.078,1.0,0.5,1.0,0.117,0.398,0.278240381
0.005,0.948,0.229,0.521,0.0,0.407,0.26706161
0.288,0.504,0.0,0.47,0.0,0.605,0.167612717
0.575,0.597,0.425,0.875,0.087,0.247,0.012872368
0.405,0.422,0.242,0.547,0.0,0.647,0.006394016
0.452,0.645,0.0,0.377,0.188,0.418,0.122505215
0.597,0.609,0.0,0.583,0.08,0.162,0.006485236
0.381,0.648,0.139,0.55,0.0,0.628,0.278863431
0.317,0.398,0.292,0.653,0.0,0.502,0.020130393
0.376,0.499,0.0,0.807,0.0,0.685,0.152039889
0.221,0.79,0.585,1.0,0.189,0.265,0.075256621
0.515,0.87,0.657,1.0,0.0,0.38,0.185856747
0.387,0.594,0.0,0.492,0.0,0.674,0.296267547
0.0,0.784,0.0,0.446,0.0,0.419,0.5475911
0.126,0.75,0.127,0.579,0.0,0.535,0.450484672
0.145,0.952,0.117,0.216,0.0,0.787,0.149046836
0.397,0.887,0.083,0.245,0.27,0.367,0.035162785
0.082,0.955,0.132,0.151,0.016,0.288,0.02482737
0.144,0.95,0.0,0.267,0.0,0.595,0.396227617
0.115,0.845,0.868,0.932,0.0,0.542,0.068036461
0.328,0.753,0.283,1.0,0.0,0.754,0.508839749
0.409,0.683,0.0,0.778,0.011,0.201,0.315752515
0.242,0.825,0.0,0.448,0.0,0.528,0.559478978
0.25,0.729,0.0,0.461,0.0,0.472,0.534386553
0.199,0.627,0.294,0.49,0.0,0.56,0.116883989
0.282,0.874,0.183,0.183,0.0,0.762,0.0
0.073,0.989,0.751,1.0,0.133,0.139,0.011660689
0.176,0.513,0.587,1.0,0.0,0.45,0.07962314
0.213,0.678,0.0,0.679,0.0,0.279,0.456963023
0.442,0.701,0.0,0.193,0.0,0.217,0.138121072
0.0,0.806,0.0,0.356,0.053,0.16,0.170375139
0.426,0.806,0.0,0.539,0.0,0.532,0.530710209
0.251,0.574,0.781,1.0,0.016,0.166,0.026476217
0.181,1.0,0.0,0.715,0.0,0.509,0.725929929
0.189,0.839,0.0,0.199,0.096,0.146,0.049647856
0.0,0.661,0.0,0.613,0.0,0.576,0.538969935
0.172,0.639,0.027,0.146,0.0,0.278,0.104794737
0.429,0.455,0.177,0.568,0.0,0.778,0.017209627
0.207,0.938,0.0,0.959,0.182,0.333,0.342696881
0.102,0.974,0.0,0.236,0.008,0.477,0.34814083
0.495,0.82,0.0,0.614,0.0,0.532,0.481069238
0.499,0.729,0.0,0.8,0.0,0.492,0.511013542
0.228,1.0,0.391,0.942,0.0,0.605,0.383434421
0.158,0.767,0.53,1.0,0.0,0.509,0.336736591
0.222,0.927,0.575,0.986,0.0,0.32,0.249314988
0.289,0.469,0.558,1.0,0.0,0.702,0.048627223
0.125,0.992,0.583,1.0,0.0,0.585,0.320791997
0.478,0.6,0.129,0.159,0.0,0.488,0.016326685
0.074,0.75,0.0,0.539,0.0,0.439,0.599176953
0.325,0.858,0.0,0.744,0.0,0.429,0.689469409
0.505,0.573,0.115,0.33,0.129,0.204,0.019667408
0.597,0.668,0.0,0.569,0.0,0.384,0.128520581
0.265,0.874,0.582,1.0,0.0,0.194,0.140007435
0.137,0.578,0.231,0.714,0.0,0.196,0.088332083
0.177,0.932,0.635,1.0,0.0,0.664,0.288050849
0.024,0.891,0.164,0.286,0.0,0.453,0.16101905
0.276,0.892,0.324,0.521,0.032,0.271,0.1156878
0.168,0.621,0.538,0.762,0.0,0.237,0.041740962
0.281,0.837,0.016,0.468,0.0,0.468,0.535952786
0.191,0.903,0.0,0.248,0.179,0.367,0.175770896
0.38,0.716,0.0,0.605,0.091,0.182,0.196620724
0.33,0.741,0.0,0.791,0.0,0.292,0.576244553
0.313,0.854,0.111,0.422,0.0,0.552,0.372055999
0.186,0.831,0.579,1.0,0.094,0.361,0.2304961
0.506,0.614,0.509,0.941,0.0,0.601,0.100765561
0.0,0.832,0.485,1.0,0.147,0.247,0.1403792
0.509,0.854,0.0,0.682,0.077,0.407,0.412397679
0.458,0.78,0.0,0.655,0.0,0.431,0.529915045
0.448,0.75,0.216,0.283,0.0,0.37,0.061929874
0.285,0.6,0.0,0.404,0.0,0.318,0.269994424
0.021,0.879,0.0,0.895,0.0,0.394,0.818635415
0.43,0.455,0.0,0.548,0.0,0.453,0.02789099
0.184,1.0,0.369,0.909,0.0,0.561,0.372145498
0.386,0.901,0.163,0.31,0.0,0.608,0.178161553
0.533,0.659,0.099,0.901,0.0,0.209,0.171252917
0.437,0.612,0.112,0.988,0.0,0.222,0.219489443
0.215,0.621,0.0,0.681,0.0,0.613,0.470565152
0.15,0.957,0.145,0.643,0.0,0.207,0.257705521
0.454,0.619,0.0,0.762,0.0,0.348,0.309269
0.208,0.557,0.0,0.756,0.0,0.676,0.341896553
0.456,0.699,0.0,0.349,0.446,0.493,0.003201311
0.57,0.717,0.0,0.473,0.0,0.374,0.231468541
0.12,0.822,0.0,0.585,0.142,0.222,0.194665515
0.221,1.0,0.0,0.079,0.0,0.187,0.059917867
0.271,0.365,0.0,0.41,0.0,0.498,0.030219686
0.339,0.859,0.0,0.693,0.0,0.457,0.667523218
0.328,0.726,0.307,0.493,0.0,0.412,0.139534123
0.356,0.762,0.0,0.53,0.031,0.211,0.314842034
0.088,0.949,0.65,1.0,0.0,0.624,0.287589585
0.14,0.93,0.478,1.0,0.113,0.251,0.180108156
0.242,0.673,0.0,0.141,0.091,0.122,0.019020261
0.232,0.947,0.227,1.0,0.0,0.706,0.630455137
0.382,0.701,0.0,0.456,0.0,0.468,0.45671518
0.453,0.738,0.332,0.668,0.0,0.514,0.179748439
0.132,0.752,0.319,0.326,0.0,0.328,0.007793299
0.314,0.611,0.813,1.0,0.0,0.514,0.098027235
0.424,0.671,0.471,1.0,0.012,0.018,0.001924229
0.338,0.827,0.052,0.081,0.0,0.518,0.041412226
0.314,0.665,0.0,0.81,0.0,0.545,0.584636806
0.102,1.0,0.359,0.814,0.118,0.275,0.163371841
0.27,0.848,0.251,0.272,0.0,0.456,0.021736212
0.19,0.687,0.0,0.784,0.201,0.345,0.214429306
0.089,0.932,0.0,0.539,0.175,0.188,0.038372701
0.279,0.606,0.037,0.296,0.0,0.432,0.224788817
0.388,0.866,0.593,1.0,0.0,0.389,0.25335105
0.206,1.0,0.888,0.95,0.0,0.255,0.041136844
0.459,0.524,0.0,0.589,0.0,0.523,0.094338843
0.466,0.527,0.705,1.0,0.046,0.288,0.020085644
0.341,0.758,0.0,0.333,0.053,0.704,0.410938156
0.156,0.934,0.0,0.688,0.0,0.64,0.72130524
0.438,0.664,0.816,0.868,0.0,0.711,0.024350616
0.21,0.655,0.0,0.746,0.0,0.579,0.564988331
0.315,0.736,0.353,1.0,0.0,0.155,0.153366884
0.299,0.562,0.0,0.505,0.0,0.251,0.195273075
0.404,0.576,0.857,0.932,0.05,0.375,0.023751661
0.476,0.691,0.0,0.642,0.048,0.164,0.151957275
0.511,0.642,0.421,1.0,0.0,0.636,0.174660764
0.543,0.64,0.286,1.0,0.0,0.348,0.161457939
0.096,0.705,0.0,0.232,0.0,0.569,0.321249819
0.377,0.578,0.103,0.164,0.089,0.123,0.00677955
0.161,0.994,0.447,0.853,0.042,0.594,0.246764266
0.28,0.907,0.765,1.0,0.149,0.306,0.109004633
0.227,0.817,0.629,0.921,0.047,0.346,0.157946824
0.506,0.613,0.298,0.569,0.0,0.421,0.068607877
0.57,0.718,0.107,0.366,0.0,0.609,0.137045362
0.298,0.462,0.0,0.212,0.049,0.073,0.001712529
0.0,0.912,0.0,0.678,0.0,0.615,0.724850778
0.414,0.836,0.005,0.329,0.028,0.457,0.380210736
0.515,0.541,0.0,0.389,0.0,0.406,0.03878061
0.186,0.783,0.778,1.0,0.239,0.307,0.040801223
0.227,0.642,0.206,0.256,0.0,0.558,0.050751103
0.163,0.619,0.0,0.686,0.0,0.404,0.441942679
0.334,0.789,0.0,0.485,0.0,0.342,0.508547156
0.343,0.518,0.248,0.464,0.0,0.487,0.059015993
0.18,1.0,0.225,0.525,0.0,0.337,0.257733059
0.443,0.646,0.527,1.0,0.0,0.444,0.181278528
0.234,0.894,0.334,0.977,0.0,0.783,0.474108968
0.189,0.928,0.373,0.799,0.0,0.587,0.272509002
0.204,0.854,0.0,0.341,0.0,0.478,0.468071227
0.336,0.524,0.088,0.263,0.0,0.576,0.085013735
0.314,0.744,0.0,0.68,0.0,0.17,0.29251031
0.358,0.497,0.072,0.14,0.152,0.182,0.003333838
0.002,0.848,0.305,0.39,0.085,0.764,0.08018423
0.302,0.766,0.217,1.0,0.0,0.36,0.53920401
0.108,0.997,0.0,0.538,0.0,0.42,0.61233675
0.152,0.684,0.0,0.615,0.192,0.201,0.032450276
0.0,0.859,0.0,0.67,0.0,0.379,0.665671277
0.54,0.741,0.167,0.421,0.0,0.55,0.159504451
0.0,0.81,0.111,0.406,0.0,0.671,0.381739103
0.409,0.642,0.497,0.681,0.082,0.1,0.002161745
0.084,0.827,0.0,0.582,0.0,0.255,0.467873297
0.09,0.757,0.0,0.128,0.276,0.36,0.022694884
0.516,0.783,0.0,0.45,0.0,0.61,0.36931251
0.358,0.663,0.571,0.591,0.027,0.488,0.007462841
0.494,0.642,0.0,0.399,0.079,0.254,0.145707834
0.177,1.0,0.0,0.219,0.0,0.249,0.237194757
0.195,0.908,0.0,0.768,0.087,0.186,0.292186736
0.596,0.678,0.0,0.436,0.0,0.521,0.131861304
0.23,0.746,0.0,0.479,0.067,0.387,0.49344764
0.211,1.0,0.0,0.592,0.0,0.499,0.658065582
0.289,0.382,0.186,0.191,0.01,0.232,0.000418236
0.361,0.561,0.001,0.36,0.0,0.628,0.205064611
0.344,0.737,0.318,1.0,0.0,0.548,0.45243816
0.339,0.721,0.066,0.585,0.147,0.308,0.261226963
0.302,0.559,0.037,0.675,0.083,0.402,0.237588897
0.112,1.0,0.367,0.721,0.182,0.272,0.055806076
0.094,0.766,0.0,0.608,0.0,0.506,0.66188478
0.477,0.832,0.0,0.609,0.049,0.133,0.112694746
0.498,0.642,0.225,0.614,0.1,0.628,0.12302844
0.215,1.0,0.255,0.362,0.0,0.606,0.122031903
0.338,0.745,0.0,0.322,0.0,0.231,0.286913179
0.276,0.975,0.127,1.0,0.0,0.663,0.760918879
0.275,0.433,0.0,0.489,0.0,0.379,0.079924339
0.382,0.474,0.749,1.0,0.0,0.872,0.022744797
0.001,0.922,0.0,0.571,0.0,0.306,0.555334485
0.043,0.804,0.078,0.683,0.185,0.361,0.24390374
0.182,0.954,0.0,0.559,0.109,0.436,0.495741912
0.0,0.929,0.056,0.645,0.0,0.581,0.621995759
0.312,0.847,0.19,0.415,0.006,0.298,0.203797856
0.464,0.706,0.478,1.0,0.0,0.367,0.241571603
0.143,0.605,0.0,0.586,0.0,0.411,0.393117526
0.21,0.718,0.238,0.312,0.0,0.361,0.07724109
0.246,0.952,0.0,0.111,0.0,0.219,0.102824038
0.039,0.756,0.0,0.521,0.0,0.421,0.58665914
0.398,0.583,0.051,0.343,0.0,0.632,0.183815481
0.642,0.711,0.243,0.858,0.0,0.478,0.093829387
0.121,0.761,0.121,0.151,0.157,0.359,0.024782621
0.159,0.897,0.0,0.477,0.0,0.422,0.570427117
0.341,0.956,0.76,1.0,0.0,0.693,0.199593124
0.188,0.889,0.129,0.426,0.0,0.622,0.362705073
0.161,0.7,0.227,0.473,0.0,0.505,0.221658072
0.139,0.702,0.0,0.294,0.0,0.331,0.338092845
0.199,0.882,0.22,1.0,0.0,0.84,0.645578749
0.045,0.706,0.035,0.715,0.0,0.383,0.57583148
0.35,0.61,0.557,1.0,0.165,0.622,0.11180492
0.327,0.971,0.0,0.673,0.076,0.167,0.225398098
0.357,0.464,0.151,0.215,0.101,0.232,0.008516175
0.339,0.738,0.0,0.412,0.0,0.583,0.490843563
0.155,0.887,0.137,0.841,0.091,0.363,0.445863425
0.368,0.754,0.082,0.285,0.0,0.565,0.260851755
0.156,0.743,0.0,0.748,0.096,0.267,0.419788232
0.386,0.528,0.165,0.246,0.172,0.919,0.019386863
0.516,0.544,0.141,0.51,0.0,0.642,0.034026836
0.327,0.772,0.0,0.394,0.289,0.469,0.072020888
0.222,0.823,0.585,0.826,0.0,0.423,0.12616779
0.189,1.0,0.109,0.629,0.0,0.37,0.479704378
0.0,0.941,0.0,0.622,0.099,0.235,0.345832788
0.32,0.673,0.539,1.0,0.0,0.585,0.244316813
0.0,0.839,0.058,0.676,0.011,0.352,0.568043345
0.467,0.724,0.187,0.586,0.0,0.548,0.266087447
0.438,0.457,0.0,0.464,0.0,0.325,0.017825794
0.547,0.639,0.752,1.0,0.0,0.533,0.065718092
0.23,0.87,0.0,0.38,0.0,0.281,0.407036343
0.327,0.571,0.0,0.829,0.0,0.545,0.359808403
0.211,0.869,0.0,0.27,0.01,0.323,0.346817277
0.0,0.888,0.0,0.78,0.0,0.434,0.747277165
0.058,0.92,0.0,0.504,0.0,0.541,0.618851246
0.178,0.801,0.0,0.272,0.0,0.624,0.394682038
0.068,0.816,0.0,0.66,0.0,0.298,0.569843652
0.406,0.76,0.765,1.0,0.036,0.207,0.092593613
0.543,0.767,0.541,0.587,0.0,0.219,0.01073816
0.284,0.784,0.196,1.0,0.0,0.197,0.348557345
0.196,1.0,0.132,0.329,0.069,0.265,0.180381817
0.109,0.975,0.461,0.651,0.041,0.444,0.110479646
0.398,0.752,0.0,0.291,0.161,0.264,0.13529841
0.161,1.0,0.69,1.0,0.006,0.358,0.226900649
0.112,0.537,0.0,0.158,0.076,0.196,0.036582721
0.18,0.973,0.0,0.611,0.0,0.625,0.678407675
0.112,0.867,0.714,1.0,0.0,0.491,0.244721279
0.369,0.374,0.084,0.183,0.037,0.297,0.000779674
0.29,0.665,0.053,0.597,0.0,0.496,0.445810069
0.209,1.0,0.126,0.436,0.0,0.495,0.364775598
0.407,0.629,0.579,1.0,0.079,0.375,0.131346685
0.599,0.652,0.0,0.676,0.071,0.322,0.089182323
0.201,0.705,0.018,0.277,0.351,0.527,0.027205979
0.331,0.354,0.0,0.7,0.0,0.411,0.012510929
0.409,0.684,0.034,0.432,0.0,0.149,0.126203934
0.435,0.662,0.239,1.0,0.0,0.669,0.370883906
0.307,0.77,0.0,0.715,0.0,0.478,0.68122173
0.571,0.782,0.063,0.576,0.0,0.26,0.209653157
0.259,0.946,0.0,0.431,0.0,0.602,0.549585895
0.112,0.972,0.76,1.0,0.0,0.634,0.225773306
0.414,0.463,0.243,0.462,0.181,0.183,0.000967278
0.373,0.779,0.345,1.0,0.0,0.477,0.431331883
0.0,0.762,0.325,0.503,0.013,0.017,0.001318389
0.456,0.55,0.242,0.758,0.0,0.609,0.085772755
0.172,0.885,0.0,0.724,0.0,0.605,0.737731751
0.225,0.678,0.398,0.608,0.0,0.589,0.11080494
0.415,0.481,0.607,1.0,0.0,0.188,0.009619423
0.309,0.975,0.0,0.391,0.056,0.581,0.483518413
0.254,0.64,0.0,0.615,0.0,0.222,0.290510351
0.209,0.864,0.0,0.342,0.059,0.305,0.387439502
0.053,0.884,0.0,0.201,0.0,0.152,0.118255733
0.096,0.901,0.0,0.031,0.007,0.417,0.046048963
0.214,0.765,0.737,1.0,0.048,0.376,0.192703421
0.399,0.974,0.0,0.328,0.0,0.349,0.378954307
0.091,0.988,0.0,0.252,0.153,0.18,0.023903121
0.055,0.908,0.151,0.249,0.0,0.732,0.139849091
0.398,0.529,0.0,0.308,0.439,0.439,0.0
0.076,0.9,0.086,0.091,0.061,0.394,0.007671098
0.351,0.985,0.0,0.513,0.136,0.197,0.177319918
0.293,0.879,0.517,0.888,0.0,0.212,0.115025163
0.278,0.989,0.0,0.594,0.0,0.72,0.652391001
0.371,0.719,0.642,0.896,0.0,0.407,0.126888945
0.254,0.417,0.378,0.449,0.0,0.488,0.006543755
0.031,0.945,0.498,1.0,0.371,0.417,0.018894618
0.363,0.855,0.023,0.693,0.017,0.074,0.041742683
0.376,0.539,0.019,0.231,0.152,0.514,0.066148376
0.225,1.0,0.058,0.215,0.0,0.169,0.108856616
0.351,0.745,0.0,0.414,0.0,0.4,0.471029858
0.164,0.784,0.0,0.495,0.512,0.669,0.00567286
0.256,0.54,0.0,0.197,0.0,0.58,0.118364165
0.436,0.723,0.0,0.606,0.0,0.307,0.443360894
0.213,1.0,0.0,0.471,0.075,0.441,0.52968097
0.28,0.812,0.759,1.0,0.0,0.429,0.198730835
0.01,0.875,0.0,0.652,0.07,0.718,0.660182578
0.232,0.515,0.0,0.512,0.0,0.273,0.150802393
0.212,0.928,0.692,1.0,0.0,0.215,0.142399813
0.189,0.515,0.0,0.399,0.022,0.069,0.009411165
0.438,0.454,0.0,0.417,0.272,0.394,0.002946583
0.305,0.59,0.142,0.192,0.241,0.516,0.014608993
0.277,0.734,0.0,0.494,0.0,0.566,0.558947147
0.105,0.747,0.0,0.559,0.0,0.856,0.631145312
0.448,0.474,0.0,0.086,0.0,0.402,0.005850137
0.413,0.556,0.0,0.701,0.0,0.468,0.226938514
0.191,0.893,0.308,0.803,0.162,0.323,0.165993129
0.153,0.818,0.0,0.575,0.125,0.33,0.399224112
0.088,1.0,0.0,0.511,0.0,0.325,0.539043944
0.204,0.744,0.0,0.446,0.0,0.718,0.548288159
0.178,0.648,0.875,1.0,0.0,0.309,0.080884732
0.1,1.0,0.0,0.59,0.027,0.64,0.669941413
0.376,0.787,0.0,0.233,0.168,0.196,0.019326623
0.169,0.973,0.4,0.967,0.0,0.272,0.28467054
0.42,0.493,0.0,0.509,0.334,0.576,0.01078291
0.476,0.607,0.0,0.589,0.0,0.264,0.192257647
0.608,0.722,0.248,0.314,0.0,0.438,0.023009852
0.477,0.633,0.0,0.295,0.0,0.429,0.192011525
0.625,0.728,0.0,0.826,0.0,0.381,0.209303767
0.518,0.697,0.0,0.311,0.056,0.277,0.186610604
0.536,0.642,0.548,0.73,0.0,0.662,0.036381348
0.206,0.724,0.098,0.24,0.352,0.435,0.011362932
0.288,0.818,0.0,0.85,0.0,0.489,0.78119729
0.46,0.738,0.091,0.387,0.059,0.547,0.271793009
0.401,0.491,0.193,0.195,0.335,0.755,0.000111874
0.244,0.698,0.0,0.399,0.0,0.448,0.45870309
0.346,0.602,0.019,0.404,0.269,0.913,0.069170688
0.665,0.67,0.0,0.662,0.051,0.252,0.007445629
0.039,0.953,0.0,0.523,0.0,0.41,0.605574412
0.099,0.544,0.0,0.615,0.0,0.541,0.289097299
0.465,0.563,0.032,0.09,0.057,0.186,0.010683084
0.35,0.802,0.041,0.432,0.0,0.422,0.449591403
0.0,0.763,0.113,0.726,0.0,0.255,0.386425754
0.46,0.759,0.223,0.493,0.0,0.339,0.183670905
0.491,0.651,0.0,0.422,0.0,0.556,0.26272435
0.003,0.871,0.0,0.667,0.0,0.646,0.718776893
0.45,0.786,0.074,0.693,0.0,0.61,0.48997439
0.62,0.699,0.0,0.402,0.0,0.273,0.098209676
0.0,0.772,0.049,0.557,0.105,0.319,0.404752398
0.221,0.683,0.0,0.37,0.0,0.808,0.431784541
0.559,0.678,0.0,0.541,0.0,0.433,0.224962651
0.0,0.769,0.042,0.208,0.0,0.427,0.241034609
0.236,0.931,0.792,0.913,0.0,0.331,0.081631705
0.132,1.0,0.0,0.618,0.0,0.503,0.680111598
0.47,0.532,0.0,0.159,0.0,0.483,0.034949364
0.494,0.79,0.0,0.356,0.162,0.475,0.199868505
0.381,0.493,0.0,0.582,0.23,0.77,0.04470992
0.251,0.648,0.131,0.586,0.0,0.648,0.337013693
0.501,0.609,0.904,0.974,0.0,0.474,0.024744756
0.175,0.74,0.0,0.501,0.0,0.668,0.586910425
0.618,0.752,0.038,0.3,0.0,0.493,0.109376398
0.187,0.751,0.0,0.81,0.155,0.238,0.212135033
0.484,0.648,0.0,0.475,0.11,0.284,0.168461237
0.085,0.852,0.0,0.356,0.0,0.556,0.498129126
0.429,0.95,0.0,0.208,0.136,0.289,0.150000344
0.284,1.0,0.589,0.899,0.0,0.34,0.161432122
0.015,0.621,0.0,0.554,0.0,0.575,0.439572677
0.368,0.695,0.511,1.0,0.0,0.274,0.2041679
0.273,0.919,0.0,0.836,0.0,0.604,0.787247079
0.138,0.731,0.0,0.863,0.009,0.081,0.08606879
0.285,0.891,0.0,0.346,0.204,0.462,0.19003222
0.382,0.474,0.168,0.482,0.045,0.562,0.049000709
0.217,1.0,0.0,0.609,0.026,0.034,0.009144389
0.005,0.954,0.083,0.578,0.014,0.561,0.545833821
0.006,0.892,0.0,0.49,0.259,0.681,0.157943382
0.0,0.795,0.259,0.757,0.166,0.653,0.24309997
0.673,0.696,0.728,1.0,0.0,0.204,0.009170206
0.211,0.616,0.155,0.633,0.0,0.311,0.23703297
0.155,0.949,0.023,0.533,0.129,0.417,0.418290844
0.201,0.849,0.0,0.461,0.0,0.463,0.567575196
0.45,0.741,0.415,1.0,0.0,0.654,0.331103316
0.265,0.717,0.0,0.698,0.0,0.578,0.652960696
0.186,0.777,0.0,0.649,0.0,0.719,0.688374767
0.27,0.365,0.062,0.289,0.011,0.292,0.013677859
0.101,1.0,0.0,0.961,0.0,0.764,0.949152513
0.11,0.747,0.0,0.384,0.0,0.378,0.46909186
0.438,0.487,0.728,1.0,0.214,0.302,0.003476692
0.296,0.772,0.223,1.0,0.0,0.507,0.594505793
0.406,0.971,0.0,0.593,0.0,0.495,0.578187714
0.183,1.0,0.56,0.902,0.0,0.507,0.217566935
0.326,0.421,0.547,1.0,0.216,0.33,0.006347545
0.196,1.0,0.176,0.59,0.096,0.298,0.258237351
0.171,0.673,0.0,0.526,0.0,0.522,0.512579775
0.356,0.528,0.207,0.616,0.0,0.647,0.104956524
0.419,0.648,0.0,0.649,0.034,0.299,0.334268483
0.37,0.503,0.0,0.435,0.364,0.635,0.011304414
0.151,0.942,0.0,0.577,0.0,0.582,0.66124796
0.145,0.941,0.01,0.341,0.0,0.63,0.462878564
0.594,0.774,0.635,1.0,0.0,0.196,0.064947023
0.348,0.574,0.0,0.153,0.0,0.61,0.108114807
0.021,0.923,0.099,0.407,0.095,0.238,0.200045782
0.512,0.523,0.155,0.479,0.0,0.55,0.010566047
0.183,0.703,0.0,0.469,0.316,0.411,0.058709631
0.0,0.964,0.0,0.694,0.159,0.902,0.463140176
0.263,0.801,0.262,1.0,0.0,0.522,0.56497284
0.323,0.565,0.339,0.455,0.0,0.609,0.043203927
0.263,0.833,0.065,0.229,0.0,0.368,0.226182936
0.201,0.563,0.008,0.519,0.046,0.317,0.231809326
0.268,0.923,0.727,0.761,0.032,0.513,0.017328386
0.073,0.829,0.208,0.797,0.0,0.601,0.473053913
0.039,0.908,0.0,0.182,0.0,0.578,0.279360839
0.468,0.587,0.0,0.605,0.0,0.439,0.218133188
0.122,0.686,0.0,0.554,0.0,0.599,0.557002265
0.358,0.416,0.121,0.402,0.134,0.442,0.018244029
0.209,0.934,0.0,0.408,0.0,0.716,0.538847735
0.263,0.957,0.0,0.056,0.0,0.556,0.080552553
0.235,0.703,0.301,0.333,0.181,0.213,0.0047314
0.62,0.627,0.0,0.52,0.0,0.544,0.012089251
0.299,0.837,0.0,0.411,0.0,0.563,0.521233641
0.331,0.619,0.0,0.509,0.036,0.358,0.339263217
0.414,0.606,0.512,1.0,0.004,0.36,0.139121051
0.276,0.817,0.0,0.358,0.181,0.182,0.029061362
0.41,0.776,0.0,0.268,0.0,0.165,0.136043662
0.169,0.779,0.0,0.525,0.0,0.689,0.620642947
0.134,0.702,0.0,0.182,0.0,0.323,0.221902474
0.455,0.796,0.093,1.0,0.0,0.673,0.67020991
0.489,0.651,0.0,0.43,0.0,0.279,0.219059159
0.498,0.565,0.418,1.0,0.0,0.505,0.081232401
0.312,0.887,0.0,0.177,0.0,0.482,0.255051531
0.398,0.757,0.233,1.0,0.0,0.718,0.534756597
0.321,0.801,0.0,0.477,0.138,0.317,0.299558357
0.245,0.766,0.729,1.0,0.078,0.377,0.180027263
0.357,0.64,0.0,0.409,0.227,0.349,0.103116631
0.269,0.729,0.0,0.813,0.0,0.492,0.716181421
0.136,0.737,0.0,0.643,0.164,0.836,0.416989666
0.373,0.878,0.0,0.419,0.195,0.29,0.159141291
0.115,0.945,0.387,1.0,0.0,0.377,0.408771247
0.201,0.75,0.0,0.413,0.015,0.409,0.500676406
0.116,0.772,0.0,0.491,0.112,0.524,0.471933454
0.193,0.76,0.247,0.387,0.0,0.47,0.151946948
0.25,1.0,0.817,0.984,0.0,0.349,0.143341274
0.485,0.743,0.0,0.367,0.247,0.269,0.0135591
0.075,0.87,0.063,0.349,0.266,1.0,0.102180334
0.389,0.521,0.0,0.372,0.0,0.45,0.125384674
0.549,0.551,0.503,1.0,0.129,0.387,0.001759
0.03,0.972,0.612,1.0,0.0,0.408,0.280797987
0.0,0.838,0.0,0.842,0.013,0.714,0.826647298
0.331,0.548,0.711,0.789,0.0,0.6,0.011793216
0.232,0.917,0.0,0.589,0.0,0.591,0.660084473
0.245,1.0,0.004,0.496,0.0,0.378,0.545463777
0.196,0.976,0.0,0.657,0.069,0.113,0.090930996
0.114,0.976,0.472,1.0,0.0,0.531,0.391861098
0.138,1.0,0.0,0.515,0.0,0.557,0.622469071
0.241,0.965,0.08,0.419,0.0,0.489,0.423338933
0.284,0.942,0.155,0.334,0.0,0.625,0.232418608
0.097,0.547,0.0,0.557,0.0,0.564,0.284911499
0.0,0.905,0.0,0.712,0.0,0.322,0.632227906
0.298,0.611,0.0,0.467,0.134,0.956,0.264015201
0.009,0.86,0.0,0.808,0.0,0.513,0.788679063
0.454,0.876,0.0,0.498,0.0,0.423,0.465394863
0.548,0.551,0.0,0.329,0.136,0.622,0.003676344
0.332,0.66,0.28,0.347,0.0,0.497,0.053677032
0.262,0.883,0.0,0.796,0.016,0.377,0.696939134
0.496,0.725,0.0,0.183,0.0,0.533,0.177622837
0.313,0.595,0.417,1.0,0.0,0.374,0.180772514
0.436,0.952,0.0,0.445,0.0,0.232,0.322538949
0.357,0.535,0.0,0.598,0.27,0.82,0.060382574
0.332,0.765,0.0,0.785,0.038,0.265,0.523290397
0.48,0.657,0.558,0.736,0.0,0.636,0.052701149
0.074,0.99,0.266,0.307,0.0,0.546,0.050561778
0.373,1.0,0.068,1.0,0.0,0.677,0.797498158
0.341,0.786,0.222,0.745,0.0,0.567,0.389497979
0.072,0.559,0.0,0.537,0.0,0.464,0.298515349
0.158,0.893,0.0,0.456,0.0,0.405,0.551876725
0.344,0.637,0.085,0.309,0.182,0.243,0.043930246
0.563,0.64,0.321,1.0,0.0,0.372,0.119775495
0.248,0.811,0.106,0.866,0.0,0.533,0.657234274
0.0,0.755,0.0,0.647,0.0,0.203,0.374334781
0.098,0.957,0.679,1.0,0.104,0.381,0.207040474
0.16,1.0,0.039,0.183,0.0,0.271,0.16572119
0.346,0.685,0.0,0.403,0.292,0.315,0.011333673
0.233,0.714,0.115,0.129,0.005,0.511,0.021285275
0.192,0.902,0.0,0.62,0.0,0.392,0.637544491
0.096,0.784,0.295,0.355,0.042,0.685,0.062490964
0.112,0.838,0.006,0.544,0.0,0.392,0.585819226
0.0,0.881,0.0,0.578,0.065,0.511,0.615484706
0.262,0.898,0.054,0.13,0.0,0.528,0.112651718
0.03,0.907,0.347,0.354,0.0,0.77,0.008581578
0.358,0.944,0.881,1.0,0.0,0.201,0.060363641
0.041,0.87,0.0,0.574,0.0,0.542,0.662017308
0.296,0.766,0.696,1.0,0.038,0.841,0.227800803
0.082,1.0,0.0,0.359,0.0,0.52,0.500462985
0.172,0.789,0.0,0.599,0.062,0.696,0.618956235
0.017,0.874,0.0,0.727,0.31,0.599,0.129114373
0.4,0.421,0.0,0.456,0.109,0.254,0.008769182
0.379,0.592,0.0,0.475,0.261,0.617,0.070242955
0.087,0.65,0.013,0.171,0.144,0.281,0.086610948
0.502,0.581,0.712,1.0,0.0,0.385,0.054332785
0.169,1.0,0.108,0.537,0.0,0.573,0.475788796
0.0,0.917,0.048,0.285,0.0,0.37,0.321034677
0.212,0.874,0.243,1.0,0.115,0.309,0.381539452
0.256,0.817,0.0,0.619,0.0,0.346,0.594932635
0.186,0.846,0.011,0.455,0.022,0.371,0.514163219
0.425,0.593,0.235,0.409,0.003,0.27,0.062167391
0.25,0.641,0.039,0.338,0.104,0.109,0.015428253
0.257,0.727,0.0,0.553,0.0,0.877,0.595684771
0.35,0.521,0.097,0.342,0.0,0.407,0.095677886
0.303,0.561,0.0,0.619,0.026,0.822,0.299776941
0.0,0.977,0.8,1.0,0.0,0.714,0.203636069
0.132,1.0,0.252,1.0,0.093,0.18,0.157731682
0.644,0.654,0.339,0.472,0.004,0.147,0.001080873
0.237,0.563,0.648,1.0,0.0,0.43,0.106713803
0.194,0.755,0.0,0.767,0.0,0.737,0.738461512
0.144,0.809,0.0,0.436,0.055,0.702,0.540119653
0.084,1.0,0.823,0.861,0.0,0.741,0.030584566
0.502,0.559,0.347,1.0,0.0,0.255,0.054349996
0.436,0.792,0.0,0.291,0.0,0.599,0.342006706
0.205,0.988,0.0,0.681,0.0,0.627,0.713317453
0.0,0.748,0.012,0.365,0.0,0.517,0.469596153
0.171,0.707,0.0,0.455,0.044,0.986,0.517639911
0.403,0.724,0.0,0.517,0.0,0.59,0.506616042
0.0,0.926,0.0,0.366,0.0,0.43,0.492034588
0.001,0.873,0.044,0.322,0.178,0.609,0.22216925
0.264,0.522,0.145,0.549,0.103,0.503,0.119078436
0.303,0.793,0.022,0.189,0.0,0.298,0.206765093
0.544,0.726,0.0,0.454,0.0,0.411,0.289901069
0.313,0.578,0.216,0.473,0.0,0.421,0.12609206
0.101,1.0,0.057,0.193,0.12,0.305,0.136317322
0.345,0.82,0.0,0.223,0.0,0.511,0.311234536
0.195,0.757,0.683,1.0,0.103,0.291,0.158917544
0.412,0.621,0.011,0.255,0.034,0.482,0.191978823
0.253,0.87,0.0,0.427,0.0,0.583,0.546233124
0.23,1.0,0.0,0.618,0.0,0.263,0.505239134
0.522,0.637,0.302,0.303,0.0,0.307,0.000633378
0.253,0.726,0.086,0.281,0.0,0.635,0.267111523
0.037,1.0,0.0,0.185,0.039,0.324,0.242488968
0.119,1.0,0.501,1.0,0.0,0.433,0.350682946
0.18,0.972,0.321,1.0,0.0,0.485,0.512624524
0.229,0.643,0.0,0.443,0.341,0.477,0.038973377
0.459,0.513,0.158,0.33,0.398,0.663,0.002419916
0.106,0.709,0.172,0.212,0.0,0.626,0.0580556
0.152,0.74,0.202,0.487,0.069,0.083,0.010930927
0.397,0.476,0.0,0.364,0.0,0.569,0.069050209
0.084,0.936,0.664,0.852,0.116,0.491,0.091338905
0.571,0.716,0.087,0.264,0.105,0.289,0.069619905
0.122,1.0,0.171,0.329,0.0,0.462,0.20401644
0.224,0.897,0.0,0.4,0.0,0.597,0.53103034
0.244,0.713,0.0,0.431,0.167,0.378,0.243025962
0.292,1.0,0.6,1.0,0.0,0.315,0.236647436
0.084,0.774,0.043,0.607,0.144,0.311,0.317623388
0.378,0.946,0.0,0.82,0.0,0.215,0.446703338
0.243,0.837,0.0,0.196,0.0,0.201,0.16843542
0.42,0.67,0.367,1.0,0.128,0.235,0.117601702
0.563,0.874,0.602,1.0,0.0,0.388,0.16249062
0.379,1.0,0.0,0.363,0.0,0.24,0.309771571
0.241,0.854,0.771,1.0,0.0,0.511,0.203519032
0.219,0.628,0.0,0.542,0.217,0.57,0.168908732
0.34,0.478,0.083,0.15,0.097,0.236,0.012362912
0.359,0.691,0.429,0.749,0.0,0.527,0.144468617
0.158,0.687,0.28,0.404,0.091,0.454,0.090979188
0.228,0.964,0.065,0.935,0.0,0.3,0.639310376
0.271,0.546,0.123,0.593,0.119,0.608,0.158621509
0.231,0.612,0.0,0.356,0.305,0.362,0.020569283
0.549,0.6,0.028,0.061,0.0,0.233,0.005254625
0.521,0.728,0.0,0.543,0.35,0.438,0.016331849
0.133,0.738,0.105,0.645,0.0,0.271,0.378117836
0.224,0.688,0.0,0.333,0.025,0.672,0.401317012
0.135,0.968,0.274,0.281,0.0,0.575,0.010743324
0.11,0.738,0.119,0.342,0.0,0.848,0.294049004
0.113,0.801,0.177,0.268,0.692,0.762,0.00010671
0.417,0.724,0.712,1.0,0.0,0.685,0.191863507
0.178,0.626,0.187,0.579,0.111,0.586,0.201775523
0.31,0.732,0.534,1.0,0.0,0.152,0.10678609
0.0,0.735,0.0,0.39,0.0,0.22,0.313805911
0.274,0.367,0.0,0.403,0.12,0.273,0.016287099
0.444,0.702,0.0,0.304,0.0,0.576,0.311657935
0.283,0.709,0.0,0.75,0.0,0.515,0.657540636
0.353,1.0,0.303,0.447,0.0,0.528,0.123496589
0.254,0.607,0.0,0.071,0.0,0.355,0.057763007
0.417,0.767,0.0,0.61,0.0,0.554,0.565959051
0.138,0.933,0.0,0.53,0.0,0.249,0.447892642
0.181,0.972,0.41,1.0,0.0,0.749,0.436395462
0.147,0.505,0.0,0.579,0.0,0.42,0.192689652
0.378,0.946,0.0,0.576,0.0,0.425,0.580574928
0.112,0.815,0.351,0.511,0.096,0.45,0.105626046
0.519,0.679,0.0,0.351,0.047,0.105,0.032133588
0.0,0.753,0.038,0.151,0.0,0.305,0.147532237
0.105,0.827,0.144,0.207,0.0,0.532,0.09677597
0.394,0.915,0.136,0.992,0.017,0.164,0.250950066
0.509,0.522,0.014,0.269,0.027,0.579,0.012192519
0.122,0.941,0.0,0.751,0.0,0.663,0.761213194
0.0,0.905,0.0,0.636,0.0,0.709,0.702264325
0.421,0.483,0.575,1.0,0.0,0.558,0.025777437
0.0,0.867,0.302,0.998,0.0,0.18,0.217763144
0.0,0.875,0.0,0.647,0.0,0.489,0.69561386
0.44,0.466,0.061,0.445,0.0,0.603,0.024324799
0.238,1.0,0.0,0.27,0.0,0.672,0.392864519
0.203,0.952,0.12,0.308,0.368,0.39,0.003617825
0.418,0.907,0.0,0.774,0.0,0.444,0.643731971
0.392,0.751,0.632,0.901,0.0,0.423,0.14313818
0.517,0.649,0.197,0.253,0.0,0.605,0.033572456
0.064,0.925,0.566,1.0,0.3,0.7,0.084986196
0.47,0.61,0.0,0.256,0.0,0.317,0.135233007
0.313,0.721,0.657,1.0,0.09,0.517,0.204975112
0.304,0.685,0.822,1.0,0.319,0.469,0.017369693
0.146,0.73,0.047,0.33,0.02,0.89,0.37932263
0.049,0.811,0.0,0.261,0.0,0.363,0.351367958
0.064,1.0,0.0,0.538,0.0,0.442,0.62407489
0.195,0.98,0.148,0.229,0.0,0.672,0.118486365
0.239,0.697,0.128,0.134,0.087,0.216,0.00432177
0.322,0.781,0.138,0.462,0.01,0.262,0.269385142
0.422,0.792,0.064,0.619,0.0,0.432,0.480114008
0.0,0.817,0.001,0.443,0.0,0.532,0.564737045
0.449,0.628,0.0,0.333,0.0,0.642,0.234599285
0.159,0.795,0.0,0.71,0.0,0.434,0.699168003
0.368,0.914,0.61,0.862,0.163,0.261,0.048589358
0.38,0.59,0.118,0.283,0.675,0.689,1.2048e-05
0.156,0.961,0.659,0.786,0.05,0.192,0.029703345
0.087,1.0,0.087,0.279,0.0,0.389,0.263161518
0.239,1.0,0.0,0.165,0.0,0.805,0.246108514
0.563,0.589,0.706,1.0,0.0,0.647,0.02221813
0.187,0.893,0.0,0.585,0.25,0.296,0.071800582
0.204,0.877,0.062,0.426,0.0,0.527,0.461673769
0.17,0.592,0.0,0.657,0.0,0.699,0.409170551
0.373,0.745,0.21,0.963,0.0,0.423,0.506149615
0.365,0.699,0.094,0.428,0.0,0.903,0.344149518
0.454,0.463,0.0,0.887,0.0,0.623,0.013335353
0.411,0.781,0.014,0.386,0.0,0.315,0.365071634
0.323,0.725,0.108,0.397,0.131,0.779,0.241738553
0.652,0.711,0.144,0.295,0.0,0.546,0.03013535
0.114,0.98,0.001,0.332,0.0,0.438,0.448772142
0.351,0.835,0.0,0.316,0.149,0.335,0.240921014
0.315,0.643,0.0,0.4,0.0,0.704,0.376023215
0.221,1.0,0.602,0.675,0.0,0.294,0.029266177
0.187,0.963,0.0,0.276,0.108,0.316,0.261044522
0.164,0.782,0.0,0.315,0.0,0.608,0.445572553
0.462,0.526,0.609,1.0,0.087,0.7,0.034343525
0.415,0.751,0.692,1.0,0.033,0.148,0.060859328
0.258,0.65,0.175,0.23,0.254,0.837,0.017584835
0.351,0.576,0.054,0.408,0.478,0.491,0.000860567
0.359,0.659,0.678,1.0,0.049,0.738,0.1628555
0.444,0.787,0.0,0.585,0.0,0.216,0.336011993
0.123,1.0,0.114,1.0,0.0,0.368,0.734122531
0.179,0.952,0.743,0.835,0.0,0.602,0.060411833
0.23,0.96,0.125,0.408,0.009,0.113,0.076068997
0.145,0.51,0.255,0.311,0.0,0.225,0.01249716
0.047,0.952,0.334,0.36,0.0,0.486,0.02558467
0.644,0.658,0.597,1.0,0.043,0.32,0.011340558
0.368,0.893,0.326,0.785,0.0,0.632,0.28638307
0.0,0.875,0.104,0.201,0.162,0.171,0.009510991
0.391,0.561,0.538,1.0,0.0,0.463,0.102347284
0.296,0.892,0.267,0.483,0.0,0.327,0.169820933
0.244,0.682,0.557,1.0,0.0,0.173,0.103249158
0.1,1.0,0.0,0.453,0.0,0.601,0.584585172
0.184,1.0,0.386,0.986,0.0,0.337,0.376264174
0.426,0.928,0.351,0.75,0.0,0.474,0.22544629
0.438,0.454,0.166,0.168,0.0,0.289,9.6384e-05
0.669,0.757,0.0,0.86,0.0,0.407,0.138436039
0.375,0.45,0.144,0.639,0.153,0.362,0.024312751
0.069,1.0,0.0,0.512,0.0,0.484,0.615682637
0.293,0.804,0.0,0.227,0.0,0.308,0.283147336
0.189,0.928,0.0,0.833,0.0,0.476,0.789641178
0.155,1.0,0.0,0.312,0.0,0.649,0.449190378
0.347,0.46,0.0,0.393,0.0,0.674,0.084726305
0.288,0.75,0.037,0.363,0.0,0.574,0.416086071
0.47,0.514,0.0,0.405,0.092,0.757,0.047639291
0.543,0.666,0.578,1.0,0.0,0.579,0.127174654
0.249,0.536,0.0,0.264,0.281,0.688,0.036381348
0.086,0.969,0.0,0.495,0.071,0.354,0.511047965
0.096,1.0,0.048,0.286,0.037,0.57,0.340301061
0.197,0.817,0.848,1.0,0.0,0.305,0.127947443
0.364,0.701,0.656,0.844,0.0,0.579,0.086843301
0.0,0.939,0.0,0.595,0.124,0.876,0.509302734
0.351,0.512,0.0,0.355,0.214,0.755,0.053382718
0.151,0.778,0.0,0.645,0.0,0.52,0.685020275
0.0,0.893,0.076,0.324,0.0,0.678,0.351786194
0.454,0.619,0.049,0.117,0.0,0.593,0.047627243
0.21,1.0,0.941,0.954,0.202,0.222,0.000870894
0.377,0.888,0.0,0.625,0.0,0.585,0.623272841
0.036,0.834,0.0,0.405,0.0,0.922,0.546308854
0.282,0.8,0.0,0.406,0.022,0.221,0.324120672
0.153,0.954,0.078,0.711,0.0,0.192,0.300876746
0.629,0.734,0.133,0.945,0.0,0.515,0.192947822
0.069,0.734,0.29,0.476,0.068,0.629,0.152645728
0.156,0.576,0.036,0.275,0.0,0.301,0.156740308
0.246,0.733,0.0,0.667,0.028,0.244,0.462183225
0.37,0.486,0.386,0.741,0.0,0.246,0.016751805
0.628,0.659,0.513,1.0,0.0,0.409,0.032529449
0.346,0.837,0.368,1.0,0.038,0.205,0.22169938
0.441,0.655,0.0,0.65,0.104,0.168,0.119823687
0.468,0.701,0.199,1.0,0.0,0.699,0.450727352
0.477,0.579,0.0,0.586,0.0,0.562,0.190884181
0.36,0.827,0.0,0.823,0.0,0.506,0.73038939
0.359,0.506,0.695,1.0,0.0,0.526,0.042425974
0.334,0.657,0.0,0.319,0.094,0.179,0.100366257
0.037,0.852,0.043,0.474,0.374,0.625,0.044828678
0.573,0.69,0.316,1.0,0.0,0.259,0.148231018
0.144,1.0,0.0,0.541,0.0,0.38,0.598552181
0.309,0.889,0.0,0.108,0.0,0.183,0.080053424
0.431,0.714,0.0,0.325,0.12,0.243,0.183407572
0.415,0.526,0.0,0.496,0.198,0.56,0.06271299
0.006,0.665,0.337,0.491,0.0,0.435,0.096887844
0.435,0.515,0.0,0.214,0.0,0.438,0.054439495
0.174,1.0,0.084,0.821,0.097,0.296,0.433462648
0.204,0.764,0.0,0.731,0.205,0.826,0.323170606
0.363,0.649,0.148,0.364,0.189,0.78,0.092158165
0.287,0.814,0.633,1.0,0.205,0.402,0.111450366
0.0,0.701,0.0,0.707,0.063,0.362,0.539801243
0.291,1.0,0.0,0.599,0.0,0.448,0.636143488
0.414,0.682,0.0,0.373,0.0,0.496,0.359624242
0.23,0.433,0.0,0.293,0.0,0.493,0.06798999
0.086,0.569,0.0,0.585,0.0,0.19,0.159318568
0.358,0.587,0.0,0.595,0.454,0.939,0.008875892
0.433,0.871,0.0,0.395,0.0,0.495,0.434366244
0.171,1.0,0.001,0.287,0.188,0.327,0.150504637
0.066,0.964,0.0,0.456,0.253,0.353,0.116472637
0.211,0.729,0.148,0.336,0.193,0.747,0.113794552
0.589,0.693,0.492,0.524,0.04,0.111,0.001184141
0.341,0.639,0.661,1.0,0.0,0.453,0.156779894
0.435,0.702,0.0,0.571,0.0,0.497,0.469301839
0.323,0.63,0.374,0.376,0.0,0.492,0.004356192
0.526,0.712,0.032,0.373,0.0,0.373,0.238475281
0.498,0.567,0.71,0.79,0.15,0.154,0.000564532
0.301,1.0,0.795,0.86,0.0,0.683,0.04486138
0.505,0.904,0.0,0.716,0.095,0.208,0.212252071
0.449,0.634,0.0,0.295,0.0,0.455,0.218671904
0.414,0.795,0.0,0.345,0.0,0.224,0.263369775
0.035,0.767,0.0,0.1,0.0,0.512,0.149077816
0.169,1.0,0.083,0.667,0.0,0.531,0.585700467
0.338,1.0,0.711,0.978,-0.0,0.213,0.120803013
0.394,0.814,0.0,0.437,0.0,0.267,0.383714966
0.179,0.984,0.025,0.353,0.0,0.398,0.433682953
0.361,0.936,0.0,0.677,0.0,0.525,0.656497628
0.414,0.751,0.785,1.0,0.0,0.592,0.165332213
0.355,0.735,0.767,0.772,0.035,0.328,0.001149718
0.607,0.751,0.675,1.0,0.0,0.372,0.093998059
0.215,0.912,0.151,0.249,0.0,0.463,0.134198605
0.548,0.669,0.0,0.499,0.0,0.47,0.224313784
0.102,1.0,0.0,0.586,0.018,0.406,0.62786655
0.354,0.601,0.105,0.257,0.0,0.637,0.129787337
0.338,1.0,0.75,0.873,0.0,0.126,0.020262921
0.322,0.751,0.0,0.786,0.0,0.698,0.712141918
0.397,0.584,0.0,0.142,0.0,0.497,0.094638321
0.0,0.914,0.139,0.284,0.377,0.532,0.017157993
0.099,0.959,0.122,0.472,0.0,0.438,0.398093327
0.434,0.594,0.011,0.523,0.0,0.919,0.256027414
0.151,0.908,0.491,1.0,0.0,0.417,0.352663973
0.355,0.472,0.558,1.0,0.134,0.23,0.010605633
0.473,0.743,0.084,0.211,0.0,0.49,0.134572091
0.52,0.787,0.725,1.0,0.0,0.619,0.163919162
0.035,0.849,0.028,0.328,0.0,0.633,0.428209744
0.299,0.753,0.156,0.945,0.002,0.149,0.194393575
0.23,0.887,0.323,1.0,0.153,0.21,0.086609227
0.167,0.861,0.0,0.17,0.0,0.456,0.253574797
0.578,0.68,0.12,0.264,0.206,0.219,0.003061899
0.116,0.842,0.0,0.621,0.06,0.667,0.660187741
0.627,0.637,0.0,0.378,0.039,0.294,0.012402498
0.386,0.546,0.0,0.42,0.033,0.845,0.180968724
0.195,0.754,0.17,0.381,0.0,0.334,0.223432562
0.053,1.0,0.292,0.996,0.0,0.501,0.553296662
0.0,0.897,0.136,0.269,0.0,0.904,0.194863445
0.172,0.74,0.0,0.593,0.0,0.429,0.617042333
0.087,1.0,0.025,0.942,0.243,0.302,0.096839652
0.19,0.768,0.0,0.419,0.0,0.717,0.539050829
0.509,0.557,0.415,1.0,0.0,0.567,0.060454862
0.447,0.483,0.0,0.58,0.398,0.45,0.001371744
0.384,0.617,0.62,1.0,0.12,0.396,0.109238708
0.179,0.662,0.0,0.751,0.259,0.317,0.056200216
0.479,0.899,0.0,0.867,0.0,0.642,0.635527321
0.274,0.916,0.0,0.594,0.0,0.276,0.515340475
0.237,1.0,0.0,0.362,0.003,0.633,0.492934741
0.233,1.0,0.0,0.708,0.0,0.249,0.508488637
0.053,0.985,0.161,0.239,0.075,0.41,0.103803364
0.394,0.756,0.329,0.993,0.0,0.547,0.428395627
0.63,0.676,0.0,0.563,0.0,0.617,0.087442256
0.141,0.913,0.0,0.358,0.0,0.5,0.492666244
0.062,0.787,0.0,0.713,0.038,0.962,0.71919685
0.042,0.818,0.0,0.459,0.239,0.579,0.199149071
0.225,1.0,0.0,0.245,0.0,0.241,0.246457904
0.483,0.6,0.0,0.343,0.0,0.474,0.167502564
0.305,0.782,0.0,0.485,0.059,0.426,0.529417637
0.049,0.902,0.153,0.192,0.152,0.576,0.037002678
0.13,1.0,0.163,0.398,0.021,0.101,0.043847631
0.588,0.736,0.195,0.355,0.0,0.45,0.068447812
0.423,0.532,0.0,0.086,0.0,0.588,0.028529531
0.22,0.666,0.702,0.998,0.0,0.425,0.179944648
0.435,0.907,0.083,0.305,0.0,0.481,0.257619464
0.34,0.64,0.312,0.354,0.0,0.514,0.028691318
0.354,0.795,0.358,0.836,0.0,0.474,0.283877097
0.12,0.889,0.0,0.422,0.087,0.52,0.491358182
0.183,0.691,0.166,0.351,0.215,0.633,0.079974252
0.342,0.805,0.446,0.992,0.053,0.431,0.336712495
0.066,0.836,0.114,0.269,0.15,0.79,0.151320455
0.628,0.787,0.806,1.0,0.0,0.412,0.059623553
0.0,0.235,0.82,1.0,0.0,0.575,0.011364653
0.378,0.853,0.0,0.835,0.0,0.614,0.731645818
0.0,0.904,0.0,0.269,0.0,0.422,0.382952504
0.205,0.889,0.0,0.62,0.0,0.481,0.669614397
0.251,0.644,0.216,0.262,0.39,0.58,0.00368495
0.0,0.954,0.0,0.587,0.0,0.155,0.250993095
0.309,0.617,0.572,1.0,0.0,0.125,0.040408804
0.111,0.705,0.037,0.196,0.0,0.675,0.224620146
0.511,0.742,0.283,1.0,0.0,0.38,0.353379965
0.276,0.987,0.056,0.821,0.0,0.527,0.691163005
0.122,0.769,0.078,0.255,0.0,0.353,0.234311856
0.489,0.58,0.794,0.84,0.0,0.318,0.006793319
0.1,0.741,0.728,1.0,0.0,0.536,0.228492699
0.288,0.874,0.0,0.565,0.0,0.482,0.623728942
0.529,0.558,0.425,1.0,0.0,0.62,0.040126538
0.289,0.607,0.0,0.419,0.0,0.622,0.334540423
0.594,0.66,0.717,1.0,0.0,0.621,0.048807942
0.275,0.599,0.0,0.629,0.297,0.703,0.07868168
0.173,0.684,0.0,0.487,0.086,0.914,0.457045638
0.39,0.527,0.035,0.638,0.051,0.434,0.15166296
0.207,0.69,0.557,1.0,0.0,0.24,0.164101602
0.0,0.691,0.0,0.538,0.0,0.504,0.555597819
0.125,0.97,0.092,0.203,0.0,0.553,0.171851872
0.12,0.739,0.356,0.505,0.034,0.087,0.009763998
0.556,0.691,0.0,0.609,0.0,0.31,0.243728185
0.429,0.483,0.0,0.599,0.0,0.239,0.044135061
0.193,0.864,0.0,0.609,0.0,0.319,0.584776218
0.581,0.617,0.0,0.662,0.279,0.327,0.005879397
0.282,0.942,0.154,0.184,0.204,0.372,0.016275051
0.388,0.76,0.0,0.618,0.0,0.521,0.588739992
0.185,0.958,0.636,0.897,0.0,0.635,0.173096253
0.01,0.868,0.122,0.422,0.153,0.604,0.234265385
0.155,1.0,0.159,0.369,0.0,0.479,0.260533345
0.248,1.0,0.0,0.437,0.0,0.341,0.500385534
0.293,0.372,0.047,0.476,0.0,0.59,0.02954328
0.0,0.751,0.093,0.473,0.0,0.268,0.330225538
0.311,0.784,0.0,0.329,0.0,0.54,0.439892808
0.379,0.658,0.0,0.291,0.0,0.529,0.290513793
0.209,0.78,0.607,1.0,0.227,0.773,0.129501628
0.113,0.996,0.561,1.0,0.0,0.376,0.295434518
0.287,0.56,0.024,0.437,0.0,0.848,0.243867597
0.066,0.816,0.117,0.233,0.185,0.754,0.084442318
0.335,0.901,0.017,0.056,0.0,0.556,0.051026485
0.0,0.878,0.209,0.336,0.089,0.668,0.140694168
0.186,0.617,0.001,0.765,0.0,0.731,0.488387503
0.342,0.507,0.0,0.652,0.344,0.596,0.026989116
0.623,0.703,0.0,0.706,0.0,0.343,0.152915947
0.217,0.699,0.0,0.342,0.138,0.558,0.284677425
0.553,0.72,0.696,1.0,0.0,0.471,0.129412129
0.618,0.66,0.418,0.955,0.101,0.112,0.002431964
0.422,0.445,0.0,0.692,0.327,0.431,0.003227128
0.088,1.0,0.583,1.0,0.0,0.697,0.324724791
0.501,0.847,0.907,1.0,0.0,0.574,0.071067379
0.522,0.741,0.0,0.376,0.0,0.472,0.303585812
0.287,0.993,0.0,0.338,0.0,0.178,0.210866557
0.347,0.816,0.052,0.087,0.113,0.251,0.026777416
0.452,0.582,0.052,0.582,0.096,0.388,0.160456238
0.286,0.678,0.666,1.0,0.157,0.571,0.129575637
0.36,0.761,0.016,0.351,0.0,0.586,0.417726312
0.531,0.667,0.0,0.192,0.0,0.485,0.122856327
0.351,0.513,0.0,0.671,0.274,0.575,0.048393149
0.248,0.472,0.196,0.537,0.0,0.353,0.064110552
0.209,0.982,0.655,0.907,0.0,0.257,0.112961522
0.225,0.776,0.0,0.599,0.289,0.318,0.01804782
0.067,1.0,0.0,0.776,0.076,0.379,0.634449891
0.39,0.667,0.299,0.968,0.0,0.491,0.330599024
0.416,0.769,0.133,0.184,0.22,0.265,0.009216677
0.101,0.982,0.303,0.809,0.013,0.471,0.34569854
0.235,0.991,0.137,0.351,0.0,0.559,0.27884622
0.349,0.567,0.0,0.61,0.443,0.467,0.001855383
0.11,0.533,0.0,0.482,0.0,0.395,0.219649508
0.318,0.544,0.42,0.492,0.0,0.297,0.013116769
0.428,1.0,0.045,0.322,0.0,0.552,0.324824616
0.695,0.719,0.602,1.0,0.0,0.414,0.017555575
0.385,0.622,0.0,0.774,0.0,0.321,0.370276345
0.524,0.605,0.564,0.642,0.034,0.178,0.00497408
0.381,0.736,0.0,0.677,0.0,0.194,0.310986692
0.014,0.955,0.0,0.756,0.0,0.522,0.761331952
0.023,0.629,0.0,0.606,0.0,0.548,0.473017769
0.167,1.0,0.488,1.0,0.126,0.146,0.019744859
0.534,0.842,0.0,0.239,0.0,0.617,0.211587712
0.203,0.895,0.0,0.809,0.146,0.158,0.047480947
0.246,0.888,0.922,1.0,0.0,0.553,0.084382078
0.427,0.613,0.0,0.765,0.0,0.414,0.352684626
0.52,0.823,0.0,0.431,0.0,0.316,0.314132927
0.28,0.889,0.59,0.616,0.0,0.669,0.013254459
0.186,0.511,0.902,0.953,0.0,0.755,0.018402374
0.239,0.933,0.248,1.0,0.099,0.235,0.288603333
0.348,0.497,0.0,0.498,0.046,0.681,0.137367214
0.0,0.894,0.0,0.602,0.0,0.757,0.68443681
0.495,0.862,0.777,1.0,0.0,0.56,0.15386085
0.428,0.655,0.0,0.583,0.0,0.424,0.38654107
0.222,0.726,0.0,0.192,0.0,0.555,0.274419461
0.376,0.527,0.627,1.0,0.0,0.635,0.059984992
0.206,0.979,0.062,0.254,0.0,0.695,0.28488224
0.187,0.965,0.0,0.493,0.075,0.076,0.023357521
0.431,0.775,0.0,0.803,0.0,0.615,0.648879885
0.617,0.736,0.0,0.729,0.006,0.116,0.048124651
0.494,0.616,0.799,1.0,0.0,0.389,0.066454738
0.0,0.692,0.0,0.359,0.0,0.242,0.295974954
0.0,0.962,0.206,0.428,0.0,0.552,0.249538736
0.323,0.561,0.623,0.877,0.0,0.469,0.049429272
0.042,1.0,0.0,0.278,0.0,0.412,0.396165656
0.283,0.295,0.593,1.0,0.0,0.618,0.002144534
0.102,0.788,0.2,0.738,0.03,0.092,0.064353232
0.138,0.716,0.502,1.0,0.0,0.577,0.333970727
0.101,0.902,0.0,0.566,0.218,0.418,0.229981481
0.25,1.0,0.0,0.48,0.0,0.267,0.444806648
0.461,0.546,0.053,0.42,0.164,0.291,0.045764976
0.688,0.739,0.295,0.489,0.0,0.542,0.017421327
0.173,0.93,0.0,0.63,0.29,0.317,0.019225076
0.296,1.0,0.245,0.727,0.197,0.319,0.112625901
0.239,1.0,0.721,1.0,0.217,0.298,0.051005831
0.196,1.0,0.03,0.643,0.0,0.329,0.560176038
0.228,1.0,0.0,0.305,0.059,0.395,0.396387682
0.313,0.719,0.688,0.935,0.0,0.303,0.122625694
0.269,0.891,0.281,0.814,0.0,0.261,0.267739737
0.424,0.826,0.015,0.318,0.0,0.681,0.359422869
0.002,0.892,0.0,0.659,0.081,0.526,0.630684048
0.214,0.667,0.008,0.414,0.206,0.734,0.18655897
0.17,0.909,0.412,0.471,0.0,0.492,0.043283099
0.3,0.73,0.0,0.448,0.097,0.51,0.434610645
0.23,0.573,0.313,1.0,0.0,0.547,0.244053479
0.036,1.0,0.0,0.733,0.0,0.416,0.713680612
0.302,0.758,0.0,0.795,0.0,0.448,0.709284834
0.247,0.839,0.0,0.672,0.141,0.223,0.20488045
0.314,0.984,0.271,0.54,0.0,0.181,0.098003139
0.309,0.815,0.153,0.891,0.023,0.402,0.554134854
0.448,0.972,0.0,0.537,0.0,0.32,0.452784108
0.026,0.892,0.0,0.694,0.06,0.697,0.701732494
0.352,0.718,0.818,0.86,0.0,0.555,0.025844561
0.202,1.0,0.123,0.189,0.219,0.265,0.014355986
0.372,0.696,0.176,0.196,0.0,0.59,0.022538261
0.509,0.618,0.065,0.863,0.13,0.264,0.123324475
0.094,0.843,0.0,0.32,0.0,0.367,0.424679697
0.192,0.866,0.512,1.0,0.0,0.453,0.343001521
0.0,0.875,0.0,0.457,0.0,0.211,0.326583616
0.315,0.541,0.558,1.0,0.0,0.817,0.096552223
0.518,0.844,0.548,1.0,0.0,0.186,0.121575802
0.365,0.938,0.0,0.616,0.06,0.394,0.571927946
0.236,0.831,0.0,0.1,0.0,0.44,0.144656221
0.297,0.364,0.0,0.687,0.0,0.205,0.015290562
0.218,0.734,0.183,0.189,0.0,0.787,0.012412825
0.296,0.82,0.531,1.0,0.362,0.851,0.039463901
0.0,0.932,0.037,0.391,0.131,0.203,0.141563341
0.185,0.897,0.0,0.276,0.0,0.33,0.354607134
0.242,0.717,0.124,0.237,0.069,0.506,0.146022802
0.0,0.968,0.432,1.0,0.0,0.708,0.428068611
0.159,0.727,0.147,0.186,0.0,0.55,0.056527232
0.256,1.0,0.265,0.657,0.0,0.557,0.306200216
0.0,0.67,0.0,0.384,0.0,0.507,0.431796589
0.396,0.541,0.0,0.652,0.01,0.384,0.187342086
0.016,0.793,0.0,0.25,0.117,0.398,0.278576002
0.602,0.604,0.0,0.201,0.0,0.743,0.001672943
0.072,0.998,0.0,0.676,0.0,0.481,0.707618776
0.538,0.824,0.778,0.845,0.0,0.219,0.020083923
0.258,0.947,0.0,0.441,0.156,0.328,0.273125168
0.467,0.725,0.0,0.55,0.0,0.592,0.454365831
0.005,0.856,0.0,0.188,0.0,0.335,0.257511032
0.323,0.559,0.0,0.463,0.04,0.566,0.24942342
0.19,0.769,0.0,0.471,0.067,0.388,0.500760742
0.089,0.866,0.668,1.0,0.038,0.356,0.232785209
0.339,1.0,0.223,0.415,0.0,0.398,0.189863548
0.0,0.401,0.0,0.072,0.0,0.548,0.015109843
0.33,0.999,0.629,0.916,0.0,0.503,0.177151246
0.202,0.654,0.29,0.838,0.0,0.204,0.142885173
0.646,0.679,0.167,0.894,0.187,0.238,0.009232167
0.484,0.753,0.0,0.368,0.0,0.524,0.35006678
0.378,0.918,0.832,0.991,0.0,0.587,0.142890336
0.543,0.637,0.24,0.337,0.0,0.296,0.029553606
0.313,0.539,0.076,0.874,0.0,0.388,0.220716612
0.361,0.784,0.076,0.707,0.0,0.516,0.560632138
0.662,0.72,0.029,0.659,0.0,0.447,0.095178757
0.445,0.94,0.619,1.0,0.0,0.199,0.13473732
0.0,0.825,0.559,1.0,0.124,0.209,0.089421561
0.344,0.48,0.422,1.0,0.127,0.721,0.048899162
0.197,0.984,0.791,0.932,0.112,0.251,0.057575403
0.026,0.916,0.0,0.451,0.0,0.894,0.586063627
0.278,0.566,0.0,0.603,0.0,0.629,0.316551121
0.075,1.0,0.097,0.22,0.122,0.423,0.132701218
0.498,0.598,0.0,0.383,0.0,0.514,0.160614583
0.475,0.862,0.0,0.572,0.059,0.153,0.170469801
0.303,1.0,0.176,0.468,0.0,0.348,0.273743055
0.213,0.713,0.0,0.525,0.0,0.805,0.57443564
0.0,0.922,0.0,0.709,0.0,0.156,0.273398828
0.253,0.933,0.017,0.111,0.0,0.177,0.059750917
0.157,0.693,0.158,0.214,0.195,0.29,0.023212946
0.242,0.805,0.203,1.0,0.0,0.353,0.581213469
0.106,0.656,0.058,0.392,0.102,0.323,0.247722939
0.053,0.956,0.0,0.507,0.0,0.719,0.62490964
0.02,0.849,0.0,0.616,0.0,0.375,0.629653088
0.392,0.692,0.518,0.593,0.0,0.531,0.032247183
0.352,0.639,0.156,0.4,0.139,0.468,0.128107509
0.0,0.495,0.305,0.639,0.0,0.733,0.069940036
0.16,0.709,0.0,0.549,0.296,0.491,0.100388632
0.423,0.556,0.0,0.546,0.0,0.548,0.197956324
0.431,0.517,0.066,0.357,0.199,0.983,0.033944221
0.211,0.7,0.0,0.416,0.096,0.177,0.143182929
0.176,0.829,0.237,0.33,0.113,0.341,0.075230804
0.109,0.707,0.0,0.355,0.0,0.301,0.37187528
0.431,0.651,0.0,0.727,0.0,0.688,0.434669163
0.177,1.0,0.125,0.192,0.0,0.513,0.109756769
0.529,0.758,0.0,0.475,0.258,0.287,0.012450689
0.454,0.469,0.011,0.222,0.0,0.468,0.009454194
0.431,0.697,0.394,1.0,0.0,0.385,0.295334692
0.429,1.0,0.485,0.731,0.0,0.269,0.089636703
0.049,0.663,0.532,1.0,0.0,0.372,0.231530502
0.398,1.0,0.78,0.915,0.0,0.484,0.097238955
0.123,0.97,0.0,0.438,0.0,0.471,0.560520265
0.042,1.0,0.513,0.686,0.0,0.284,0.069623347
0.139,0.85,0.073,0.282,0.0,0.733,0.306148582
0.561,0.675,0.944,1.0,0.065,0.087,0.000919086
0.0,0.878,0.0,0.407,0.0,0.319,0.474220842
0.232,0.827,0.763,0.959,0.0,0.382,0.154804032
0.55,0.557,0.954,1.0,0.0,0.24,0.000932855
0.485,0.575,0.172,1.0,0.0,0.337,0.162189421
0.181,0.915,0.172,0.19,0.0,0.645,0.030181821
0.0,0.83,0.596,1.0,0.348,0.53,0.047592821
0.625,0.733,0.909,0.914,0.0,0.311,0.001371744
0.336,0.809,0.894,0.99,0.0,0.459,0.096378388
0.402,0.524,0.0,0.66,0.242,0.454,0.055997122
0.37,0.766,0.0,0.463,0.0,0.356,0.481244794
0.054,0.198,0.101,0.199,0.19,0.567,0.002280504
0.535,0.925,0.145,0.332,0.0,0.539,0.14615705
0.377,0.625,0.366,0.517,0.0,0.599,0.065000379
0.111,0.669,0.0,0.549,0.0,0.687,0.524042533
0.278,1.0,0.0,0.575,0.0,0.474,0.631310541
0.34,0.588,0.0,0.43,0.0,0.522,0.291763337
