0.0,0.0,0.843,0.517,0.631565269
0.256,0.0,0.475,0.537,0.146373913
0.097,0.028,0.848,0.744,0.71176671
0.143,0.189,0.803,0.583,0.374875218
0.184,0.0,0.547,0.559,0.279190447
0.33,0.0,0.408,0.543,0.052241606
0.21,0.0,0.522,0.379,0.186657074
0.066,0.046,0.665,0.265,0.268273289
0.315,0.032,0.432,0.241,0.041725472
0.352,0.0,0.384,0.393,0.018536622
0.0,0.014,0.801,0.298,0.41071613
0.0,0.017,0.847,0.267,0.371701445
0.0,0.008,0.844,0.304,0.430299202
0.345,0.0,0.392,0.512,0.031038946
0.069,0.0,0.685,0.625,0.594251065
0.172,0.0,0.576,0.287,0.229582177
0.224,0.004,0.535,0.246,0.141866261
0.255,0.0,0.404,0.5,0.065704323
0.097,0.017,0.662,0.233,0.259884477
0.0,0.0,0.817,0.476,0.60112872
0.0,0.288,0.679,0.585,0.20160513
0.22,0.0,0.527,0.521,0.226353328
0.373,0.053,0.381,0.275,0.003061899
0.321,0.11,0.706,0.728,0.494807336
0.432,0.0,0.452,0.785,0.025794648
0.0,0.082,0.778,0.312,0.326876209
0.085,0.0,0.574,0.566,0.349629612
0.0,0.206,0.873,0.983,0.66176258
0.0,0.315,0.807,0.435,0.114169759
0.359,0.0,0.399,0.59,0.030890928
0.018,0.085,0.627,0.127,0.048696068
0.0,0.0,0.785,0.585,0.667783109
0.0,0.0,0.804,0.358,0.500228911
0.216,0.159,0.427,0.235,0.017090869
0.0,0.0,0.716,0.675,0.668886357
0.181,0.0,0.465,0.391,0.123634279
0.189,0.0,0.467,0.526,0.145516788
0.249,0.0,0.696,0.793,0.670585117
0.194,0.085,0.759,0.665,0.564936697
0.057,0.0,0.701,0.272,0.366630982
0.258,0.045,0.395,0.255,0.029980448
0.247,0.0,0.395,0.665,0.069599251
0.158,0.129,0.563,0.605,0.233432356
0.324,0.706,0.516,1.0,0.053332806
0.0,0.535,0.786,0.903,0.243786703
0.0,0.191,0.701,0.559,0.322397816
0.099,0.0,0.942,0.267,0.399504657
0.227,0.0,0.511,0.54,0.202816809
0.037,0.072,0.709,0.2,0.189879039
0.032,0.249,0.858,0.295,0.062091661
0.254,0.0,0.504,0.352,0.148239623
0.0,0.07,0.847,0.607,0.580862357
0.371,0.352,0.382,0.765,0.002948304
0.0,0.131,0.821,0.603,0.481723269
0.317,0.169,0.317,0.582,0.0
0.102,0.0,0.939,0.421,0.559497911
0.365,0.067,0.366,0.245,0.000327016
0.089,0.536,0.755,1.0,0.340681432
0.0,0.0,0.829,0.598,0.680784562
0.305,0.0,0.344,0.458,0.013529841
0.0,0.018,0.674,0.359,0.399566618
0.185,0.0,0.49,0.431,0.159767784
0.0,0.0,0.648,0.519,0.475945419
0.28,0.013,0.647,0.849,0.55967863
0.072,0.0,0.57,0.455,0.309177779
0.225,0.0,0.433,0.447,0.093256249
0.14,0.0,0.503,0.724,0.224391235
0.1,0.321,0.745,0.357,0.036987188
0.0,0.538,0.897,1.0,0.353829181
0.339,0.313,0.571,0.32,0.004120397
0.142,0.0,0.594,0.324,0.281453739
0.0,0.0,0.868,0.655,0.71206963
0.128,0.0,0.61,0.322,0.302780321
0.255,0.0,0.403,0.475,0.063045169
0.355,0.207,0.591,0.565,0.168592043
0.148,0.186,0.697,0.491,0.286527645
0.0,0.239,0.74,0.511,0.249660936
0.273,0.211,0.83,0.612,0.355435
0.079,0.0,0.657,0.406,0.431355979
0.0,0.0,0.804,0.45,0.582562839
0.064,0.0,0.846,0.665,0.716116018
0.0,0.558,0.908,1.0,0.341428404
0.0,0.021,0.927,0.724,0.716833731
0.0,0.564,0.762,0.625,0.034896009
0.065,0.107,0.754,0.605,0.505242577
0.025,0.0,0.623,0.307,0.312583905
0.53,0.0,0.564,0.772,0.089447378
0.228,0.01,0.424,0.289,0.059530612
0.065,0.363,0.689,0.754,0.215742532
0.064,0.0,0.888,0.754,0.766564202
0.278,0.0,0.363,0.544,0.032593131
0.452,0.168,0.569,0.994,0.212092005
0.117,0.0,0.874,0.164,0.252289109
0.166,0.558,0.545,1.0,0.125274521
0.096,0.0,0.749,0.74,0.72794882
0.0,0.635,0.901,1.0,0.296551534
0.131,0.128,1.0,0.783,0.581814145
0.282,0.269,0.753,0.365,0.100631312
0.233,0.0,0.401,0.368,0.056981611
0.133,0.0,0.503,0.519,0.197424494
0.357,0.288,0.395,1.0,0.018693246
0.0,0.0,0.806,0.205,0.312203535
0.115,0.666,0.886,1.0,0.277687896
0.414,0.85,0.575,1.0,0.056726883
0.424,0.244,0.485,0.389,0.017648517
0.296,0.153,0.686,0.697,0.398668186
0.0,0.0,0.681,0.634,0.590595375
0.494,0.0,0.645,0.329,0.211319215
0.0,0.097,0.907,0.553,0.511004936
0.024,0.0,0.905,0.272,0.404717975
0.0,0.0,0.81,0.47,0.596734663
0.17,0.088,0.46,0.817,0.13734484
0.0,0.268,0.749,0.482,0.197987305
0.155,0.218,0.798,0.532,0.303529015
0.462,0.132,0.559,1.0,0.19063978
0.432,0.318,0.552,0.605,0.05564429
0.107,0.482,0.756,1.0,0.374012929
0.46,0.036,0.467,0.826,0.009361252
0.324,0.164,0.526,0.531,0.121221248
0.0,0.551,0.905,1.0,0.344319911
0.265,0.0,0.56,0.667,0.320747248
0.028,0.0,1.0,0.609,0.68927492
0.234,0.119,0.513,0.154,0.019455708
0.068,0.0,0.934,0.329,0.473442889
0.0,0.0,0.814,0.761,0.767657122
0.11,0.26,0.754,0.29,0.036821959
0.184,0.0,0.459,0.567,0.141472121
0.281,0.0,0.7,0.202,0.267466076
0.025,0.0,0.723,0.765,0.72289729
0.301,0.0,0.446,0.469,0.09339394
0.313,0.0,0.358,0.678,0.023434972
0.0,0.0,0.661,0.229,0.280507115
0.0,0.22,0.767,0.303,0.105646699
0.223,0.576,0.67,1.0,0.243745396
0.0,0.564,0.889,1.0,0.33594659
0.239,0.053,0.911,0.197,0.214117781
0.238,0.0,0.579,0.521,0.33107922
0.426,0.0,0.516,0.158,0.044518874
0.132,0.0,0.501,0.85,0.241556112
0.156,0.098,0.825,0.752,0.610033872
0.225,0.0,0.629,0.77,0.515412763
0.139,0.006,1.0,0.244,0.349335298
0.105,0.406,0.649,0.71,0.133140107
0.085,0.029,0.548,0.722,0.303637446
0.037,0.239,0.607,0.634,0.204730711
0.278,0.0,0.453,0.449,0.103956545
0.311,0.0,0.337,0.2,0.004588546
0.068,0.514,0.891,1.0,0.367441636
0.144,0.16,0.534,0.39,0.117383118
0.318,0.225,0.533,0.469,0.085468114
0.407,0.634,0.457,1.0,0.015359407
0.063,0.823,0.941,1.0,0.185503914
0.05,0.0,0.985,0.675,0.724499666
0.162,0.573,0.55,1.0,0.127845896
0.244,0.048,0.603,0.452,0.31010375
0.0,0.102,0.672,0.198,0.126763303
0.089,0.101,0.648,0.149,0.057491067
0.354,0.0,0.5,0.756,0.167659188
0.293,0.0,0.364,0.471,0.027417678
0.541,0.174,0.673,0.787,0.213424163
0.342,0.0,0.718,0.489,0.526949529
0.188,0.121,0.444,0.318,0.052370691
0.082,0.0,0.621,0.5,0.419461216
0.051,0.121,0.927,0.502,0.439028798
0.339,0.135,0.487,0.331,0.060793925
0.0,0.649,0.742,1.0,0.274459047
0.0,0.822,0.821,1.0,0.186829188
0.0,0.833,0.731,1.0,0.167641976
0.166,0.427,1.0,0.534,0.075241131
0.14,0.048,0.641,0.397,0.343254528
0.318,0.0,0.552,0.832,0.313144995
0.083,0.206,0.742,0.261,0.069167246
0.164,0.0,0.507,0.492,0.196028653
0.36,0.058,0.675,0.404,0.346491983
0.254,0.456,0.813,1.0,0.386179631
0.315,0.0,0.333,0.246,0.003796823
0.341,0.0,0.478,0.83,0.145668248
0.188,0.407,0.962,0.682,0.174542006
0.0,0.0,0.69,0.671,0.623890729
0.467,0.0,0.514,0.302,0.046768397
0.0,0.0,0.825,0.478,0.603622645
0.0,0.049,0.661,0.235,0.229411785
0.38,0.0,0.661,0.578,0.452491515
0.127,0.0,0.996,0.534,0.638704536
0.043,0.24,0.903,0.532,0.277486524
0.323,0.722,0.709,0.94,0.14106077
0.216,0.0,0.612,0.198,0.194026974
0.193,0.118,0.672,0.432,0.317518399
0.0,0.523,0.771,0.665,0.080337411
0.069,0.0,0.965,0.204,0.313506434
0.095,0.463,0.575,1.0,0.196596628
0.0,0.229,0.782,0.294,0.081893317
0.022,0.0,0.657,0.044,0.049980035
0.0,0.0,0.761,0.273,0.399475398
0.202,0.0,0.442,0.504,0.111887534
0.194,0.768,0.89,1.0,0.214257193
0.175,0.932,0.652,1.0,0.056702788
0.143,0.279,0.676,0.432,0.127150558
0.038,0.0,0.997,0.681,0.727213896
0.368,0.117,0.882,1.0,0.731988324
0.357,0.138,0.792,0.95,0.65284538
0.129,0.067,0.536,0.456,0.197997632
0.249,0.252,0.926,0.798,0.401828189
0.0,0.349,0.901,0.446,0.086898377
0.567,0.0,0.769,0.776,0.376919926
0.392,0.069,0.796,0.087,0.025884147
0.082,0.067,0.562,0.145,0.061206997
0.0,0.002,0.741,0.121,0.169438841
0.419,0.0,0.786,0.444,0.479308517
0.157,0.0,0.474,0.486,0.151296359
0.138,0.09,0.794,0.261,0.249364901
0.211,0.289,1.0,0.672,0.287756535
0.0,0.0,0.814,0.481,0.604744825
0.318,0.492,0.65,1.0,0.241253193
0.202,0.069,0.938,0.498,0.50735613
0.297,0.013,0.583,0.637,0.349519459
0.0,0.0,0.677,0.574,0.555169256
0.364,0.0,0.517,0.486,0.160602535
0.288,0.416,0.694,0.434,0.013023827
0.208,0.206,0.426,0.543,0.049124631
0.328,0.038,0.541,0.712,0.241950252
0.32,0.537,0.963,0.685,0.079437258
0.154,0.0,0.503,0.688,0.219103908
0.14,0.0,0.519,0.587,0.23386264
0.0,0.0,0.818,0.51,0.624658355
0.035,0.14,0.604,0.227,0.085561056
0.141,0.062,0.795,0.376,0.423719304
0.382,0.495,0.62,1.0,0.190445292
0.227,0.0,0.733,0.81,0.739699008
0.245,0.018,0.433,0.02,0.0005456
0.176,0.253,1.0,0.331,0.092010148
0.131,0.0,0.55,0.511,0.278570838
0.507,0.275,0.708,0.686,0.190894508
0.115,0.0,0.515,0.467,0.207236684
0.113,0.11,0.588,0.385,0.215138414
0.263,0.0,0.446,0.582,0.113849628
0.162,0.0,0.899,0.179,0.272001267
0.238,0.0,0.842,0.617,0.673187473
0.439,0.0,0.884,0.374,0.415091255
0.597,0.0,0.727,0.292,0.14069761
0.168,0.0,0.811,0.127,0.191653529
0.23,0.0,0.771,0.316,0.437946204
0.063,0.402,0.818,1.0,0.451161078
0.317,0.262,0.434,1.0,0.060885145
0.158,0.55,0.75,1.0,0.325048364
0.246,0.04,0.789,0.593,0.596383551
0.431,0.0,0.445,0.745,0.01715283
0.084,0.1,0.894,0.522,0.484322183
0.219,0.002,1.0,0.236,0.339650472
0.134,0.0,0.96,0.341,0.481962507
0.135,0.431,0.746,1.0,0.40111564
0.49,0.081,0.604,0.203,0.065210357
0.121,0.506,0.588,1.0,0.196896105
0.09,0.167,0.55,0.199,0.022002988
0.0,0.168,0.888,0.332,0.218589289
0.496,0.0,0.883,0.177,0.186882543
0.47,0.302,0.511,0.547,0.01621309
0.0,0.0,0.861,0.691,0.730762876
0.319,0.0,0.427,0.404,0.064081293
0.0,0.0,0.686,0.524,0.547209008
0.0,0.63,0.874,1.0,0.299036853
0.187,0.19,0.675,0.722,0.362212829
0.111,0.0,0.794,0.427,0.559014272
0.0,0.0,0.948,0.803,0.80016936
0.0,0.242,0.854,0.258,0.019805099
0.147,0.147,0.857,0.419,0.332151487
0.419,0.012,0.462,0.638,0.050914611
0.247,0.002,0.481,0.421,0.136549675
0.398,0.0,0.709,0.258,0.305947209
0.0,0.0,0.721,0.179,0.261894763
0.405,0.576,0.555,1.0,0.090480059
0.333,0.0,0.983,0.375,0.489415021
0.305,0.0,1.0,0.156,0.228318864
0.352,0.144,0.988,0.556,0.403733486
0.31,0.685,0.939,1.0,0.242838358
0.327,0.232,0.423,0.957,0.049446483
0.281,0.0,1.0,0.736,0.724699318
0.619,0.775,0.767,1.0,0.073423613
0.44,0.038,0.539,0.585,0.135985143
0.125,0.051,0.824,0.499,0.534112893
0.034,0.259,0.637,0.569,0.188867011
0.0,0.0,0.756,0.134,0.202154172
0.268,0.06,0.629,0.328,0.260800121
0.284,0.0,0.352,0.507,0.023393665
0.251,0.234,0.701,0.516,0.23383338
0.556,0.435,0.727,0.788,0.112668929
0.0,0.115,0.76,0.158,0.064867851
0.171,0.03,0.949,0.365,0.460616992
0.009,0.054,0.632,0.357,0.30438614
0.563,0.0,0.76,0.285,0.196935692
0.35,0.017,0.795,0.91,0.785269495
0.122,0.0,1.0,0.712,0.738872863
0.412,0.0,0.912,0.776,0.668344199
0.0,0.0,0.764,0.403,0.536722133
0.085,0.0,0.883,0.903,0.88675449
0.345,0.636,0.82,1.0,0.260760535
0.387,0.046,0.664,0.27,0.233425471
0.147,0.0,0.611,0.32,0.302847445
0.291,0.411,0.682,1.0,0.33280724
0.0,0.0,0.859,0.397,0.540217758
0.113,0.0,0.942,0.335,0.477141608
0.0,0.0,0.766,0.437,0.563976303
0.554,0.242,0.591,0.508,0.03095461
0.285,0.096,0.469,0.109,0.004678045
0.138,0.566,0.882,1.0,0.330981116
0.364,0.0,0.406,0.388,0.02649515
0.437,0.0,0.88,0.213,0.261801822
0.287,0.0,0.61,0.514,0.378315766
0.259,0.357,0.768,0.481,0.099249241
0.198,0.0,0.511,0.476,0.195575995
0.502,0.112,0.575,0.177,0.022894536
0.313,0.754,0.691,1.0,0.170011979
0.482,0.189,0.827,0.339,0.138353425
0.255,0.0,0.573,0.277,0.210649694
0.184,0.453,0.917,1.0,0.400957295
0.466,0.369,0.502,0.52,0.007559224
0.06,0.609,0.804,1.0,0.307976427
0.148,0.0,0.806,0.557,0.646938445
0.313,0.0,0.512,0.686,0.203401995
0.161,0.0,1.0,0.117,0.176555734
0.162,0.0,0.743,0.221,0.321342761
0.326,0.0,0.337,0.454,0.004514537
0.0,0.0,0.655,0.373,0.405478716
0.342,0.149,0.549,0.396,0.12219369
0.357,0.192,0.498,0.459,0.064857524
0.247,0.371,0.857,0.801,0.273860092
0.421,0.0,0.801,0.485,0.505695235
0.573,0.808,0.592,0.926,0.006750291
0.544,0.393,0.671,0.569,0.050453347
0.132,0.223,0.9,0.244,0.026119942
0.197,0.29,0.463,0.305,0.003631595
0.413,0.747,0.688,0.853,0.051062629
0.484,0.562,0.902,1.0,0.255120376
0.109,0.0,0.925,0.513,0.625744391
0.408,0.613,0.433,1.0,0.006848396
0.215,0.0,0.721,0.374,0.47474751
0.0,0.0,0.791,0.525,0.63258246
0.171,0.0,0.871,0.379,0.517970369
0.287,0.776,0.81,0.808,0.018340413
0.356,0.113,0.957,0.786,0.56506234
0.0,0.085,0.752,0.238,0.226301694
0.113,0.402,1.0,0.831,0.273138937
0.314,0.344,0.819,1.0,0.469479116
0.323,0.88,0.38,1.0,0.005445671
0.429,0.315,0.448,0.391,0.002137649
0.273,0.081,0.438,0.486,0.074194681
0.474,0.595,0.888,1.0,0.244723001
0.323,0.0,0.505,0.494,0.164442387
0.0,0.0,0.816,0.612,0.687617467
0.036,0.079,0.91,0.259,0.271357562
0.444,0.0,0.591,0.529,0.247378712
0.094,0.657,0.618,1.0,0.177662423
0.223,0.05,1.0,0.223,0.262282018
0.348,0.53,0.612,1.0,0.179521249
0.526,0.851,0.64,1.0,0.05628111
0.254,0.117,0.405,0.478,0.046109203
0.191,0.447,0.854,0.965,0.368668805
0.287,0.013,0.466,0.314,0.089674568
0.198,0.0,0.693,0.505,0.537162744
0.253,0.469,0.897,1.0,0.379973219
0.311,0.094,1.0,0.622,0.527106153
0.197,0.756,0.507,1.0,0.061542619
0.184,0.0,0.966,0.485,0.599765581
0.274,0.0,0.357,0.663,0.033044068
0.126,0.718,0.761,0.982,0.223441168
0.353,0.0,0.476,0.548,0.117233379
0.383,0.0,0.554,0.15,0.081993143
0.154,0.055,0.926,0.257,0.302608208
0.245,0.063,0.706,0.549,0.490253213
0.448,0.0,0.774,0.489,0.474676943
0.366,0.044,0.826,0.956,0.792370898
0.202,0.549,0.725,1.0,0.309077954
0.488,0.914,0.641,0.987,0.036472569
0.403,0.0,0.657,0.078,0.075719606
0.0,0.003,0.914,0.647,0.697075103
0.0,0.0,0.98,0.751,0.767328386
0.0,0.0,0.774,0.722,0.736091509
0.328,0.036,0.605,0.192,0.143284476
0.139,0.0,0.842,0.372,0.510356068
0.071,0.091,1.0,0.431,0.433660578
0.303,0.63,0.742,0.781,0.074977797
0.241,0.0,0.761,0.311,0.427856912
0.347,0.824,0.533,0.971,0.037651546
0.17,0.306,1.0,0.582,0.2223362
0.0,0.542,0.807,1.0,0.348980744
0.113,0.007,0.566,0.032,0.017082263
0.475,0.215,0.579,0.585,0.097195927
0.148,0.329,0.818,0.421,0.086960338
0.465,0.08,0.49,0.443,0.024049417
0.064,0.073,0.577,0.339,0.211484444
0.486,0.0,0.608,0.343,0.177364667
0.015,0.123,0.865,0.527,0.452379641
0.316,0.0,1.0,0.518,0.597720873
0.5,0.0,0.542,0.301,0.050814785
0.262,0.0,0.821,0.232,0.33773657
0.676,0.192,0.725,0.52,0.037636056
0.084,0.0,1.0,0.616,0.690278342
0.086,0.026,0.764,0.669,0.661153298
0.121,0.0,0.616,0.624,0.451410642
0.152,0.058,0.5,0.454,0.155015731
0.191,0.0,0.867,0.778,0.769274989
0.255,0.464,0.819,0.853,0.233027889
0.322,0.305,0.892,0.656,0.254616084
0.38,0.227,0.699,0.478,0.201200664
0.216,0.055,1.0,0.329,0.384849194
0.164,0.087,1.0,0.163,0.116600001
0.32,0.555,0.75,1.0,0.295419027
0.0,0.108,0.925,0.637,0.541711703
0.159,0.1,0.469,0.278,0.065181098
0.44,0.192,0.513,0.558,0.051372433
0.566,0.791,0.76,1.0,0.101495322
0.04,0.828,0.84,0.967,0.144272407
0.042,0.0,0.696,0.544,0.573067338
0.014,0.478,0.872,1.0,0.393129574
0.105,0.915,0.643,1.0,0.070273936
0.538,0.0,0.555,0.265,0.023001246
0.635,0.48,0.728,1.0,0.099299154
0.59,0.385,0.724,0.515,0.039763378
0.226,0.0,0.556,0.452,0.266108101
0.263,0.0,1.0,0.519,0.610329907
0.0,0.195,0.792,0.227,0.043307195
0.308,0.0,0.891,0.657,0.677478262
0.025,0.0,0.784,0.325,0.465551486
0.276,0.171,0.758,0.257,0.116947671
0.215,0.744,0.771,1.0,0.22210901
0.357,0.0,0.832,0.749,0.696171508
0.0,0.115,0.881,0.596,0.505918983
0.063,0.0,0.918,0.917,0.903652592
0.273,0.0,0.846,0.558,0.630628972
0.625,0.131,0.689,0.147,0.003863948
0.0,0.0,0.676,0.681,0.600696715
0.466,0.65,0.615,0.7,0.012047944
0.483,0.334,0.49,1.0,0.006008482
0.512,0.0,0.585,0.337,0.112049321
0.191,0.0,0.892,0.24,0.356734456
0.356,0.006,0.78,0.956,0.83509807
0.467,0.443,0.619,0.957,0.150738711
0.036,0.193,0.918,0.329,0.176586714
0.111,0.644,0.598,1.0,0.164349445
0.247,0.072,0.698,0.328,0.319705961
0.0,0.0,0.707,0.437,0.526574322
0.305,0.0,0.819,0.685,0.689268036
0.412,0.179,0.591,0.415,0.125868313
0.334,0.303,0.812,0.48,0.149062326
0.388,0.608,0.673,0.681,0.027806655
0.268,0.0,0.894,0.443,0.55672172
0.262,0.184,0.862,0.861,0.538336558
0.298,0.064,0.852,0.186,0.177366388
0.013,0.313,0.804,0.403,0.09265041
0.043,0.577,0.958,1.0,0.329177366
0.427,0.002,0.896,0.582,0.550181408
0.516,0.395,0.744,0.717,0.136179631
0.245,0.0,0.414,0.788,0.092326837
0.612,0.0,0.708,0.364,0.129754635
0.173,0.133,0.807,0.533,0.431378354
0.361,0.094,0.784,0.69,0.534159363
0.514,0.014,0.694,0.102,0.06839962
0.218,0.0,0.856,0.669,0.703508706
0.509,0.142,0.71,0.574,0.259523039
0.0,0.0,0.891,0.428,0.568989969
0.057,0.534,0.869,1.0,0.35511659
0.23,0.185,0.522,0.365,0.0799863
0.0,0.146,0.825,0.42,0.336867397
0.116,0.0,0.817,0.288,0.420382023
0.545,0.227,0.614,0.379,0.04012998
0.505,0.0,0.64,0.5,0.251318389
0.322,0.377,0.841,0.85,0.291444927
0.11,0.115,0.53,0.118,0.001518041
0.047,0.0,0.77,0.559,0.646556353
0.353,0.0,0.468,0.49,0.10152286
0.185,0.082,1.0,0.606,0.556196774
0.091,0.036,0.952,0.941,0.875904456
0.15,0.635,0.97,0.793,0.088216767
0.043,0.014,0.59,0.736,0.421402656
0.364,0.0,0.454,0.419,0.072502805
0.182,0.001,0.644,0.466,0.428645191
0.319,0.682,0.438,1.0,0.022214687
0.166,0.171,0.699,0.534,0.331376977
0.316,0.0,0.699,0.849,0.687130386
0.284,0.399,0.797,0.951,0.373661818
0.259,0.482,0.604,1.0,0.2053813
0.128,0.536,0.956,0.576,0.02652613
0.286,0.358,0.85,0.436,0.066916002
0.342,0.297,0.656,0.497,0.123520685
0.0,0.0,0.733,0.235,0.342283808
0.405,0.654,0.892,1.0,0.241353019
0.225,0.284,0.894,1.0,0.557079716
0.0,0.916,0.804,1.0,0.09668475
0.522,0.626,0.582,0.768,0.017782765
0.191,0.755,0.702,1.0,0.193734381
0.379,0.0,0.566,0.325,0.192324771
0.339,0.667,0.78,0.761,0.046033473
0.0,0.0,0.926,0.825,0.813547741
0.151,0.084,0.729,0.643,0.538558584
0.137,0.584,0.956,1.0,0.31955278
0.125,0.205,1.0,0.872,0.536298734
0.16,0.351,0.727,1.0,0.455920015
0.475,0.0,0.834,0.362,0.370785801
0.369,0.085,0.487,1.0,0.140800878
0.081,0.037,0.783,0.514,0.566385892
0.216,0.012,1.0,0.237,0.330514688
0.424,0.017,0.912,0.483,0.480685425
0.251,0.071,0.924,0.968,0.823519996
0.499,0.161,0.62,0.255,0.051742477
0.37,0.338,0.698,1.0,0.386644338
0.401,0.168,0.843,0.243,0.094445554
0.238,0.0,0.867,0.77,0.755684908
0.489,0.049,0.661,0.701,0.333681576
0.256,0.056,0.625,0.672,0.412316785
0.161,0.14,0.933,0.455,0.368692901
0.424,0.732,0.902,1.0,0.200365913
0.5,0.426,0.725,1.0,0.280593172
0.0,0.14,0.821,0.354,0.284167969
0.488,0.07,0.632,0.68,0.260087571
0.255,0.119,0.995,1.0,0.785718711
0.457,0.313,0.598,0.47,0.052752783
0.386,0.0,0.956,0.227,0.303866357
0.413,0.0,0.727,0.395,0.428297522
0.285,0.526,0.795,1.0,0.331690223
0.464,0.483,0.676,1.0,0.227885138
0.29,0.297,0.59,0.353,0.034455399
0.041,0.0,0.717,0.452,0.546209028
0.242,0.573,0.466,1.0,0.053759647
0.235,0.0,0.858,0.686,0.708551631
0.0,0.251,0.77,0.3,0.060583947
0.401,0.0,0.938,0.451,0.505721052
0.264,0.085,0.617,0.643,0.361371194
0.5,0.285,0.824,0.299,0.011421451
0.077,0.209,1.0,0.497,0.294567066
0.261,0.0,0.842,0.868,0.817153518
0.258,0.0,0.453,0.676,0.130532588
0.122,0.111,0.964,1.0,0.825834923
0.0,0.0,0.913,0.727,0.751278803
0.214,0.055,0.683,0.334,0.335869139
0.477,0.0,0.597,0.629,0.238960641
0.24,0.663,0.846,1.0,0.26474152
0.411,0.645,0.784,0.855,0.111546749
0.108,0.0,0.533,0.578,0.260732997
0.333,0.847,0.337,0.965,0.000344227
0.162,0.442,1.0,0.731,0.172760631
0.14,0.143,0.529,0.695,0.185469491
0.028,0.0,0.685,0.301,0.384733878
0.0,0.0,0.697,0.306,0.402205118
0.345,0.158,0.821,0.292,0.176046278
0.088,0.839,0.838,0.966,0.13174943
0.047,0.0,0.981,0.817,0.80957364
0.26,0.0,0.708,0.209,0.285100824
0.424,0.275,0.718,1.0,0.442181917
0.316,0.323,0.735,0.777,0.278131949
0.127,0.0,0.806,0.243,0.361868602
0.367,0.0,0.74,0.325,0.406401245
0.308,0.0,0.726,0.512,0.559606342
0.196,0.038,0.551,0.235,0.137277715
0.155,0.0,0.799,0.606,0.675216691
0.455,0.0,0.868,0.649,0.554191652
0.066,0.0,0.861,0.927,0.913204891
0.38,0.746,0.7,0.854,0.055253592
0.281,0.244,0.349,0.311,0.003201311
0.384,0.61,0.416,1.0,0.006813973
0.419,0.069,0.779,0.619,0.491308269
0.51,0.193,0.586,1.0,0.166253021
0.281,0.141,0.838,0.609,0.455212629
0.0,0.0,0.655,0.604,0.525681053
0.069,0.037,0.694,0.49,0.491242866
0.355,0.334,0.7,0.449,0.0830809
0.271,0.0,0.697,0.516,0.535725596
0.415,0.497,0.737,1.0,0.299019642
0.159,0.0,0.79,0.522,0.620701466
0.0,0.558,0.888,1.0,0.341375049
0.111,0.163,0.652,0.364,0.200622362
0.286,0.0,0.661,0.4,0.409396019
0.236,0.402,0.69,0.459,0.038265991
0.204,0.0,1.0,0.756,0.755495584
0.372,0.124,0.683,0.675,0.401218908
0.136,0.182,0.733,0.568,0.358388467
0.346,0.0,0.812,0.372,0.473081451
0.287,0.0,0.534,0.501,0.222320709
0.434,0.729,0.482,1.0,0.016178668
0.4,0.28,0.444,0.443,0.010063475
0.0,0.109,0.816,0.113,0.004116955
0.262,0.738,0.45,1.0,0.032605179
0.247,0.007,0.657,0.031,0.02520602
0.01,0.291,0.873,0.676,0.295561882
0.288,0.0,0.343,0.596,0.019417843
0.284,0.568,0.941,0.86,0.168036116
0.206,0.209,1.0,0.491,0.286918342
0.274,0.0,0.901,0.572,0.640150289
0.187,0.0,0.886,0.378,0.516810324
0.223,0.253,0.991,0.709,0.351154537
0.242,0.0,0.665,0.467,0.462952572
0.214,0.417,0.877,1.0,0.424509304
0.0,0.0,0.86,0.633,0.700484672
0.411,0.254,0.764,0.796,0.342722698
0.339,0.379,0.729,0.777,0.219843996
0.427,0.007,0.89,0.321,0.37011628
0.0,0.141,0.926,0.32,0.249344248
0.0,0.085,0.785,0.409,0.420471522
0.441,0.405,0.692,1.0,0.299097093
0.417,0.0,0.43,0.501,0.013257902
0.508,0.016,0.893,0.234,0.215575582
0.214,0.137,0.584,0.474,0.216026519
0.338,0.339,0.749,1.0,0.443321308
0.244,0.0,0.504,0.359,0.152275684
0.265,0.219,0.789,0.98,0.606225001
0.036,0.0,0.673,0.511,0.51678967
0.363,0.0,0.761,0.406,0.485838502
0.278,0.767,0.479,1.0,0.03788562
0.314,0.0,0.721,0.441,0.509733018
0.0,0.0,0.806,0.619,0.689670781
0.546,0.103,0.578,0.941,0.086251231
0.026,0.126,0.878,0.929,0.721382691
0.318,0.752,0.931,1.0,0.205916573
0.476,0.0,0.67,0.317,0.256349266
0.088,0.754,0.917,1.0,0.229879934
0.248,0.41,0.794,1.0,0.421836382
0.491,0.18,0.685,0.198,0.01554529
0.491,0.554,0.559,0.624,0.0074921
0.204,0.149,0.92,0.351,0.264621041
0.162,0.13,0.997,0.143,0.02080852
0.004,0.0,0.998,0.339,0.487100094
0.318,0.321,1.0,0.324,0.00203266
0.07,0.305,0.951,0.856,0.395143302
0.447,0.0,0.716,0.139,0.155533793
0.531,0.0,0.547,0.678,0.036976861
0.093,0.355,0.991,0.756,0.26809257
0.139,0.0,0.945,0.161,0.242743695
0.369,0.274,0.879,0.992,0.519395469
0.305,0.0,0.611,0.877,0.494740212
0.359,0.0,0.588,0.414,0.278711972
0.262,0.0,0.816,0.483,0.582487109
0.201,0.208,0.578,0.27,0.048398312
0.455,0.579,0.514,1.0,0.032636159
0.058,0.282,0.84,0.435,0.153759303
0.536,0.0,0.544,0.465,0.015352523
0.443,0.79,0.45,1.0,0.002139371
0.076,0.186,0.974,0.991,0.704520733
0.415,0.021,0.76,0.356,0.384856079
0.362,0.06,0.528,0.424,0.143478964
0.229,0.007,0.648,0.698,0.5193817
0.29,0.0,1.0,0.145,0.212806276
0.198,0.442,0.865,1.0,0.407284187
0.339,0.0,0.593,0.603,0.357965068
0.0,0.048,0.79,0.825,0.734544209
0.431,0.0,0.672,0.676,0.46300937
0.234,0.051,0.873,0.737,0.662019029
0.099,0.675,0.982,1.0,0.274939244
0.138,0.151,1.0,0.227,0.110861738
0.164,0.0,0.638,0.074,0.077394271
0.554,0.286,0.782,0.331,0.028130228
0.187,0.231,0.804,0.368,0.157908959
0.482,0.043,0.847,0.579,0.440904835
0.442,0.143,0.542,0.78,0.12364977
0.291,0.0,0.865,0.593,0.648373872
0.0,0.782,0.89,0.918,0.120028502
0.478,0.068,0.831,0.332,0.270774098
0.365,0.0,0.879,0.458,0.533269537
0.394,0.427,0.725,1.0,0.338523129
0.143,0.166,1.0,0.584,0.416938032
0.254,0.0,0.839,0.299,0.422387145
0.46,0.162,0.482,0.866,0.022495232
0.443,0.049,0.651,0.274,0.191920305
0.571,0.509,0.624,0.991,0.059532333
0.0,0.04,0.655,0.172,0.159805649
0.297,0.739,0.676,0.839,0.046128135
0.213,0.299,0.982,1.0,0.543766738
0.339,0.388,0.412,1.0,0.026314431
0.382,0.103,0.767,0.986,0.708097251
0.092,0.348,0.913,0.363,0.014214853
0.247,0.239,0.417,0.345,0.01669845
0.426,0.435,0.655,0.915,0.185961736
0.587,0.238,0.631,1.0,0.082251313
0.414,0.0,0.615,0.269,0.209074856
0.464,0.0,0.485,0.666,0.028973584
0.001,0.171,0.879,0.552,0.391628744
0.0,0.07,0.962,0.703,0.633412047
0.194,0.0,0.626,0.379,0.359076921
0.245,0.014,0.9,0.77,0.73042037
0.135,0.0,0.959,0.509,0.621765127
0.145,0.0,0.783,0.58,0.65709142
0.339,0.0,0.642,0.832,0.531550123
0.227,0.0,0.503,0.869,0.233816169
0.151,0.764,0.774,1.0,0.215783839
0.29,0.0,0.571,0.614,0.327829718
0.242,0.0,1.0,0.349,0.479611437
0.482,0.593,0.644,1.0,0.148619994
0.18,0.0,0.956,0.058,0.083070573
0.375,0.152,0.685,0.498,0.288823639
0.089,0.707,1.0,1.0,0.257631512
0.199,0.0,0.731,0.32,0.433228574
0.497,0.0,0.652,0.572,0.303322479
0.156,0.113,0.648,0.653,0.395682017
0.49,0.029,0.615,0.644,0.24264387
0.087,0.517,0.977,1.0,0.365250632
0.037,0.867,0.688,1.0,0.125608421
0.061,0.168,1.0,0.699,0.476258666
0.183,0.263,0.75,0.299,0.042050767
0.397,0.21,0.667,0.69,0.270035731
0.205,0.183,0.855,1.0,0.700317721
0.34,0.288,0.763,1.0,0.505278721
0.227,0.0,0.961,0.407,0.536386512
0.438,0.0,0.447,0.844,0.012022127
0.278,0.082,1.0,0.357,0.364157711
0.285,0.147,0.625,0.447,0.231786951
0.383,0.024,0.724,0.187,0.210274487
0.19,0.292,0.668,0.57,0.178729527
0.0,0.0,0.793,0.447,0.576738518
0.353,0.784,0.573,1.0,0.078624882
0.425,0.29,0.8,1.0,0.472873194
0.28,0.332,0.813,1.0,0.488871142
0.377,0.0,0.812,0.493,0.545520574
0.0,0.203,0.732,0.235,0.040620504
0.415,0.678,0.678,1.0,0.175681397
0.066,0.0,0.783,0.313,0.44860175
0.321,0.751,0.783,1.0,0.202383083
0.071,0.0,0.662,0.611,0.539876973
0.454,0.623,0.629,1.0,0.139780246
0.098,0.187,0.571,0.652,0.212209042
0.354,0.389,0.532,1.0,0.112085465
0.365,0.0,0.879,0.592,0.616009652
0.0,0.0,0.817,0.316,0.456364068
0.032,0.0,0.909,0.553,0.655764425
0.037,0.426,1.0,1.0,0.431801753
0.0,0.272,0.872,0.422,0.157316888
0.237,0.0,0.912,0.317,0.447976978
0.043,0.281,0.813,0.846,0.411390815
0.091,0.0,0.843,0.608,0.68364853
0.187,0.651,0.917,0.883,0.150774855
0.222,0.125,0.993,0.163,0.063241379
0.331,0.53,0.74,1.0,0.303367228
0.06,0.031,0.699,0.219,0.258158179
0.078,0.0,0.914,0.371,0.515577992
0.373,0.0,0.375,0.528,0.001468128
0.543,0.682,0.55,1.0,0.006285584
0.477,0.128,0.629,0.339,0.127315787
0.0,0.0,0.711,0.216,0.307028082
0.149,0.011,1.0,0.016,0.007307939
0.107,0.243,0.538,0.63,0.126081733
0.304,0.301,0.599,0.754,0.167972434
0.213,0.056,0.61,0.31,0.236408198
0.439,0.0,0.706,0.182,0.201913213
0.491,0.492,0.679,1.0,0.211066209
0.201,0.0,1.0,0.636,0.690345466
0.053,0.47,0.965,1.0,0.39911396
0.293,0.0,0.882,0.425,0.539233269
0.0,0.0,0.861,0.64,0.704644654
0.257,0.601,1.0,1.0,0.294136782
0.273,0.204,0.557,0.791,0.193422855
0.311,0.55,0.606,1.0,0.174431853
0.244,0.0,0.901,0.224,0.329676495
0.0,0.0,0.799,0.505,0.61970665
0.663,0.0,0.666,0.459,0.005185779
0.326,0.0,0.798,0.421,0.522266322
0.162,0.767,0.769,1.0,0.21229682
0.319,0.0,0.64,0.509,0.421349301
0.418,0.069,0.514,0.158,0.027918528
0.261,0.563,0.665,1.0,0.237907307
0.225,0.0,0.655,0.812,0.591473154
0.233,0.0,0.669,0.394,0.426311333
0.118,0.046,0.591,0.731,0.393165718
0.233,0.0,0.721,0.584,0.611581172
0.128,0.342,0.808,0.652,0.220816438
0.0,0.0,0.692,0.778,0.679948091
0.082,0.467,0.633,1.0,0.266235465
0.434,0.042,0.772,1.0,0.748389018
0.0,0.0,0.786,0.883,0.857438401
0.438,0.0,0.54,0.778,0.171808844
0.169,0.125,0.688,1.0,0.677371552
0.562,0.147,0.653,0.814,0.159587065
0.292,0.865,0.795,1.0,0.134011001
0.451,0.094,0.499,0.256,0.026386718
0.0,0.325,0.834,0.603,0.218961054
0.273,0.0,0.428,0.654,0.095034182
0.061,0.211,0.781,0.428,0.243549187
0.409,0.0,0.696,0.785,0.580003511
0.274,0.843,0.76,0.929,0.077134379
0.34,0.068,0.865,0.094,0.035302197
0.172,0.475,1.0,1.0,0.389382663
0.23,0.0,0.909,0.601,0.667592064
0.468,0.0,0.592,0.796,0.273543404
0.411,0.266,0.839,0.906,0.42388109
0.148,0.399,1.0,0.713,0.198825498
0.259,0.0,0.9,0.495,0.59500148
0.354,0.0,0.573,0.923,0.3858595
0.198,0.182,0.961,0.424,0.279706787
0.452,0.052,0.714,0.082,0.031918446
0.537,0.0,0.864,0.763,0.466384515
0.031,0.238,0.767,0.374,0.154368584
0.0,0.007,0.928,0.816,0.793522337
0.075,0.0,0.573,0.493,0.327186013
0.398,0.21,0.739,0.584,0.288620545
0.07,0.244,1.0,0.351,0.130315725
0.0,0.24,0.814,0.255,0.019818868
0.027,0.077,0.929,0.495,0.502051593
0.032,0.222,0.62,0.29,0.063100246
0.325,0.067,0.979,0.171,0.151365204
0.243,0.0,0.785,0.445,0.557126187
0.0,0.0,0.783,0.589,0.670585117
0.137,0.0,0.979,0.426,0.562236236
0.257,0.0,0.771,0.413,0.525605323
0.186,0.0,0.828,0.844,0.812871335
0.198,0.0,0.832,0.595,0.667573131
0.393,0.616,0.596,1.0,0.129126421
0.0,0.002,0.83,0.732,0.743735069
0.405,0.152,0.662,0.186,0.034364178
0.291,0.374,0.571,0.537,0.054702829
0.576,0.166,0.767,0.222,0.03357762
0.371,0.4,0.431,1.0,0.02421981
0.056,0.299,0.66,0.645,0.201501862
0.562,0.444,0.62,0.906,0.057983312
0.244,0.122,0.702,0.65,0.45615409
0.307,0.019,0.399,0.226,0.026350575
0.067,0.796,0.996,1.0,0.205049121
0.265,0.548,0.387,0.624,0.003857063
0.485,0.552,0.681,1.0,0.196298872
0.325,0.348,0.749,0.969,0.408888285
0.411,0.419,0.88,0.625,0.121687676
0.217,0.0,0.958,0.285,0.411982885
0.302,0.27,0.765,1.0,0.537284944
0.492,0.254,0.798,0.791,0.299885372
0.267,0.175,0.849,0.525,0.358300689
0.0,0.267,0.915,1.0,0.597550481
0.0,0.0,0.735,0.91,0.847923967
0.287,0.01,0.866,0.396,0.497545662
0.094,0.0,0.987,0.323,0.465085058
0.138,0.042,0.693,0.152,0.149764549
0.562,0.037,0.627,0.825,0.150332523
0.146,0.0,0.748,0.769,0.738499377
0.0,0.0,0.841,0.251,0.380665115
0.143,0.0,0.931,0.576,0.663469946
0.036,0.246,0.693,0.599,0.265750105
0.34,0.0,0.392,0.583,0.036376185
0.481,0.0,0.743,0.487,0.420118689
0.473,0.654,0.669,0.669,0.004695256
0.04,0.128,0.972,0.384,0.332299505
0.133,0.539,0.954,1.0,0.34783791
0.512,0.0,0.69,0.592,0.359088969
0.117,0.0,0.72,0.546,0.601942817
0.184,0.073,1.0,0.971,0.841581585
0.229,0.221,0.959,0.279,0.076261764
0.0,0.0,0.731,0.413,0.528724019
0.461,0.394,0.581,0.607,0.043004275
0.277,0.0,0.914,0.803,0.766426511
0.042,0.0,0.597,0.383,0.327791853
0.131,0.229,0.898,0.459,0.240981253
0.0,0.052,0.746,0.542,0.54831914
0.064,0.0,0.588,0.423,0.33183652
0.455,0.0,0.892,0.366,0.394595981
0.473,0.559,0.587,1.0,0.104853256
0.374,0.201,0.719,0.393,0.187364461
0.294,0.148,0.421,0.796,0.059563314
0.173,0.092,0.945,0.596,0.534778972
0.423,0.933,0.635,1.0,0.040209152
0.445,0.0,0.649,0.372,0.287438125
0.209,0.0,0.762,0.574,0.637985102
0.313,0.9,0.768,0.906,0.007891403
0.264,0.0,0.691,0.428,0.478315422
0.217,0.0,0.876,0.632,0.685841256
0.167,0.0,0.535,0.74,0.28579272
0.661,0.0,0.663,0.354,0.002774469
0.0,0.002,0.9,0.231,0.344566033
0.0,0.204,0.882,0.401,0.231996929
0.266,0.179,0.83,1.0,0.686142455
0.107,0.0,0.716,0.621,0.637561703
0.055,0.065,0.867,0.296,0.337189249
0.113,0.494,0.881,1.0,0.380733961
0.202,0.0,0.904,0.616,0.679214887
0.185,0.273,0.632,0.443,0.115999325
0.041,0.129,0.8,0.51,0.425676234
0.143,0.0,0.88,0.215,0.325667972
0.317,0.08,0.43,0.543,0.064518461
0.253,0.0,0.642,0.682,0.506376805
0.077,0.177,0.814,0.2,0.03635381
0.162,0.015,0.965,0.952,0.905397823
0.179,0.008,0.759,0.142,0.196983883
0.214,0.0,0.903,0.315,0.447841008
0.436,0.0,0.821,0.567,0.537940697
0.275,0.09,0.764,0.543,0.480706078
0.106,0.0,1.0,0.751,0.763507466
0.3,0.56,0.862,0.762,0.107508967
0.291,0.121,0.737,0.717,0.51001012
0.201,0.0,0.429,0.429,0.090795027
0.087,0.0,0.993,0.417,0.558330981
0.132,0.645,1.0,1.0,0.287016447
0.243,0.351,0.863,0.437,0.075389149
0.075,0.209,0.78,0.441,0.251839893
0.503,0.147,0.621,0.147,0.0
0.205,0.0,0.622,0.26,0.262874089
0.261,0.0,0.54,0.376,0.206021562
0.14,0.515,0.972,1.0,0.363285096
0.381,0.508,0.66,1.0,0.230308496
0.388,0.0,0.709,0.032,0.038314183
0.536,0.0,0.639,0.427,0.18066064
0.238,0.011,0.588,0.701,0.393191535
0.389,0.044,0.756,0.056,0.017457471
0.118,0.436,1.0,1.0,0.422705555
0.323,0.104,1.0,0.612,0.503592008
0.382,0.309,0.734,0.392,0.071177532
0.587,0.0,0.611,0.776,0.056477319
0.406,0.534,0.708,1.0,0.262218336
0.106,0.454,0.61,0.491,0.014397293
0.219,0.0,0.881,0.506,0.610711999
0.122,0.0,0.558,0.376,0.254302837
0.255,0.0,0.488,0.311,0.118176561
0.135,0.0,0.959,0.583,0.667633371
0.11,0.195,1.0,0.305,0.143225957
0.08,0.0,0.725,0.328,0.447044123
0.164,0.0,0.891,0.848,0.82234274
0.479,0.0,0.596,0.727,0.254046388
0.0,0.064,0.664,0.314,0.292339917
0.31,0.0,0.623,0.731,0.467351793
0.283,0.0,0.685,0.257,0.31965777
0.055,0.105,0.843,0.345,0.333215149
0.423,0.0,0.8,0.659,0.594633157
0.189,0.0,0.803,0.553,0.641160596
0.146,0.08,0.79,0.359,0.37907995
0.417,0.0,0.893,0.317,0.387658086
0.035,0.717,0.847,1.0,0.252240918
0.215,0.496,0.682,1.0,0.297465457
0.357,0.0,0.795,0.546,0.589455984
0.256,0.0,0.419,0.703,0.090813959
0.226,0.329,0.973,0.359,0.031069926
0.356,0.016,0.542,0.151,0.072528622
0.328,0.161,0.809,0.183,0.032581083
0.262,0.02,1.0,0.314,0.410452796
0.065,0.189,0.595,0.406,0.15707593
0.307,0.111,0.534,0.805,0.206241868
0.259,0.018,0.421,0.11,0.017750064
0.159,0.0,0.733,0.809,0.749948366
0.261,0.011,0.773,0.106,0.135697714
0.217,0.864,0.492,0.986,0.033400343
0.339,0.204,0.545,0.618,0.131861304
0.089,0.044,1.0,0.35,0.429004909
0.191,0.008,1.0,0.881,0.836499074
0.0,0.0,0.844,0.639,0.704102497
0.497,0.204,0.645,1.0,0.298701232
0.0,0.0,0.829,0.344,0.487389245
0.199,0.0,0.596,0.656,0.415328771
0.418,0.0,0.748,0.198,0.245860671
0.145,0.398,0.926,1.0,0.449577634
0.0,0.762,0.932,1.0,0.226540932
0.0,0.595,0.866,1.0,0.317397919
0.485,0.77,0.612,0.957,0.060129567
0.42,0.746,0.529,1.0,0.042470723
0.148,0.146,0.755,0.909,0.639737217
0.183,0.24,1.0,0.288,0.060773271
0.088,0.216,0.856,0.29,0.098713968
0.409,0.089,0.933,0.299,0.258369879
0.072,0.0,1.0,0.603,0.685113216
0.024,0.0,1.0,0.588,0.676970527
0.373,0.0,0.488,0.418,0.105044302
0.248,0.114,0.386,0.237,0.016292262
0.307,0.113,0.674,0.282,0.196575974
0.0,0.227,0.723,0.946,0.544818351
0.164,0.526,0.595,1.0,0.194572573
0.0,0.695,0.932,1.0,0.264901586
0.156,0.054,0.671,0.108,0.066248201
0.0,0.08,0.803,0.332,0.355767179
0.009,0.0,0.749,0.372,0.500452658
0.416,0.034,0.51,0.827,0.128918163
0.003,0.0,0.772,0.627,0.687004743
0.109,0.126,0.671,0.352,0.247514681
0.139,0.04,0.564,0.288,0.1858774
0.123,0.071,0.723,0.429,0.432438573
0.441,0.0,0.642,0.201,0.169092893
0.322,0.417,0.674,0.488,0.038240174
0.49,0.0,0.54,0.6,0.085915609
0.277,0.0,0.351,0.687,0.028698202
0.107,0.674,0.818,1.0,0.27320434
0.105,0.009,0.989,0.036,0.03404749
0.0,0.0,0.787,0.473,0.595498888
0.325,0.0,0.503,0.297,0.117465732
0.025,0.665,0.778,1.0,0.276152644
0.639,0.0,0.737,0.104,0.036558625
0.139,0.0,0.539,0.274,0.171049823
0.362,0.065,0.865,0.619,0.542790855
0.064,0.0,0.958,0.733,0.753190984
0.287,0.0,0.538,0.731,0.268626121
0.0,0.0,0.768,0.318,0.453099075
0.124,0.23,0.68,0.431,0.184476396
0.15,0.0,0.798,0.818,0.79527101
0.509,0.0,0.541,0.502,0.05496272
0.278,0.632,0.795,0.684,0.025878984
0.143,0.027,0.716,0.573,0.573149952
0.427,0.351,0.742,0.494,0.093338864
0.47,0.679,0.493,1.0,0.010171907
0.418,0.028,0.537,0.238,0.084869159
0.36,0.579,0.495,1.0,0.046801099
0.339,0.0,0.965,0.554,0.610469319
0.302,0.166,0.556,0.695,0.196221421
0.238,0.015,0.494,0.219,0.087693542
0.394,0.388,0.57,1.0,0.157674885
0.031,0.756,0.921,1.0,0.229551197
0.46,0.0,0.598,0.306,0.174378498
0.405,0.078,0.64,0.733,0.370605082
0.0,0.135,0.899,0.293,0.225776748
0.201,0.036,1.0,0.486,0.547475784
0.332,0.0,0.769,0.64,0.64702106
0.275,0.0,0.755,0.439,0.537372722
0.454,0.122,0.663,1.0,0.462443116
0.198,0.844,0.975,1.0,0.162833126
0.11,0.404,1.0,0.535,0.094808713
0.353,0.0,0.49,0.504,0.130718471
0.0,0.29,0.902,1.0,0.569891844
0.438,0.745,0.632,0.888,0.051226136
0.436,0.105,0.752,0.395,0.297448245
0.25,0.015,0.625,0.501,0.392005673
0.038,0.102,0.848,0.553,0.501564512
0.168,0.0,0.586,0.434,0.324884856
0.07,0.224,0.99,0.559,0.31774731
0.421,0.005,0.512,0.346,0.089708991
0.321,0.129,0.672,0.466,0.30421919
0.238,0.516,0.858,0.789,0.155100067
0.485,0.459,0.698,0.891,0.177416301
0.253,0.0,0.897,0.4,0.526832492
0.4,0.588,0.739,0.813,0.106453911
0.25,0.0,0.466,0.671,0.149088143
0.007,0.0,0.855,0.429,0.568241276
0.386,0.013,0.535,0.07,0.023903121
0.043,0.517,1.0,0.661,0.082650617
0.0,0.299,0.919,0.462,0.155101788
0.009,0.256,0.875,0.389,0.148619994
0.499,0.692,0.644,0.792,0.026417699
0.275,0.0,0.803,0.376,0.498750456
0.17,0.0,0.913,0.673,0.713107475
0.049,0.226,0.795,0.451,0.238631904
0.343,0.24,0.462,0.415,0.029761864
0.281,0.087,0.478,0.163,0.028097526
0.432,0.186,0.611,0.791,0.230274074
0.102,0.704,0.761,1.0,0.250263334
0.095,0.361,0.709,0.405,0.038260828
0.321,0.419,0.773,1.0,0.39406415
0.344,0.0,0.567,0.743,0.324729954
0.111,0.483,0.957,0.672,0.11344344
0.637,0.0,0.679,0.531,0.077562942
0.555,0.068,0.659,0.894,0.245597337
0.225,0.0,0.602,0.391,0.325814269
0.0,0.0,0.789,0.435,0.567609619
0.256,0.0,0.503,0.397,0.158523404
0.151,0.0,0.578,0.846,0.431648572
0.0,0.0,0.897,0.573,0.667574852
0.064,0.0,1.0,0.652,0.710630761
0.174,0.85,0.529,1.0,0.058196733
0.319,0.494,0.766,1.0,0.339764067
0.119,0.117,1.0,0.133,0.023374732
0.172,0.886,1.0,1.0,0.126360557
0.191,0.769,0.921,1.0,0.214641006
0.387,0.776,0.566,1.0,0.070196485
0.381,0.0,0.541,0.633,0.213914687
0.313,0.141,0.684,0.225,0.10705803
0.055,0.0,0.852,0.574,0.665771103
0.365,0.0,0.843,0.551,0.591996379
0.501,0.0,0.555,0.717,0.115649935
0.166,0.0,1.0,0.294,0.426376736
0.328,0.0,0.917,0.683,0.68305646
0.413,0.031,0.86,0.236,0.259967092
0.428,0.839,0.586,1.0,0.062275822
0.155,0.289,0.855,0.755,0.335540402
0.074,0.909,0.942,1.0,0.103025411
0.521,0.0,0.575,0.477,0.105175108
0.478,0.453,0.566,0.858,0.056902439
0.422,0.482,0.676,1.0,0.248105031
0.124,0.256,0.786,0.339,0.097008323
0.476,0.457,0.647,0.587,0.039033617
0.243,0.0,0.585,0.317,0.255481814
0.17,0.562,0.891,1.0,0.32997081
0.23,0.251,0.705,0.743,0.326723028
0.453,0.0,0.502,0.599,0.066824782
0.572,0.34,0.737,0.787,0.14141016
0.331,0.897,0.509,1.0,0.026140596
0.387,0.0,0.555,0.44,0.206438077
0.51,0.39,0.803,0.51,0.064885063
0.476,0.125,0.537,0.386,0.054274266
0.32,0.384,0.742,1.0,0.404602659
0.536,0.0,0.663,0.707,0.28979608
0.289,0.66,0.542,1.0,0.083256456
0.296,0.501,0.988,0.721,0.120813339
0.0,0.0,0.811,0.329,0.471640861
0.2,0.104,0.833,0.162,0.090111736
0.236,0.204,0.887,0.769,0.451061252
0.516,0.474,0.846,1.0,0.276503756
0.304,0.166,0.864,1.0,0.695152596
0.168,0.119,0.896,0.453,0.403843638
0.028,0.0,0.797,0.674,0.717491205
0.225,0.111,0.427,0.327,0.046357046
0.389,0.695,0.76,0.867,0.09754876
0.389,0.0,0.703,0.65,0.552554853
0.357,0.311,0.983,0.389,0.07575575
0.235,0.006,0.708,0.094,0.110989102
0.163,0.957,0.759,0.987,0.034741107
0.034,0.0,1.0,0.332,0.477556402
0.139,0.0,0.91,0.289,0.424419805
0.217,0.0,0.988,0.443,0.566604476
0.32,0.0,1.0,0.539,0.610154351
0.279,0.0,0.833,0.551,0.625625633
0.551,0.024,0.622,0.426,0.116871941
0.099,0.0,0.852,0.465,0.592130627
0.134,0.0,0.648,0.599,0.503688392
0.236,0.0,0.65,0.497,0.451443344
0.073,0.225,0.668,0.269,0.049016199
0.395,0.136,0.663,0.458,0.256817415
0.495,0.021,0.703,0.479,0.343237317
0.442,0.0,0.59,0.507,0.243091365
0.324,0.204,0.479,0.457,0.056556491
0.223,0.742,0.819,1.0,0.225246639
0.312,0.221,0.691,0.373,0.146036571
0.243,0.361,0.811,0.44,0.069539011
0.433,0.0,0.522,0.244,0.070764459
0.005,0.0,0.869,0.607,0.686951388
0.371,0.048,0.804,0.33,0.358283478
0.382,0.52,0.727,1.0,0.28885634
0.253,0.0,0.7,0.752,0.657649067
0.296,0.09,0.496,0.265,0.071840169
0.185,0.51,0.987,0.79,0.160616304
0.402,0.34,0.426,0.448,0.003192705
0.051,0.0,1.0,0.483,0.607379882
0.526,0.0,0.68,0.461,0.275835955
0.491,0.0,0.538,0.828,0.095218343
0.0,0.433,0.816,0.512,0.058016013
0.156,0.083,0.718,0.655,0.538099041
0.501,0.828,0.509,0.978,0.002512857
0.621,0.74,0.765,1.0,0.079795254
0.339,0.0,0.643,0.15,0.156867672
0.044,0.035,0.59,0.316,0.245695442
0.396,0.128,0.48,0.577,0.06553393
0.143,0.08,0.953,0.253,0.262061713
0.555,0.0,0.728,0.377,0.244554329
0.319,0.0,0.717,0.493,0.536916621
0.534,0.0,0.56,0.259,0.034240257
0.307,0.636,0.653,1.0,0.189163047
0.065,0.397,1.0,0.954,0.406053575
0.359,0.074,0.733,0.548,0.467888787
0.093,0.0,0.974,0.502,0.620348633
0.01,0.0,0.968,0.111,0.16713252
0.0,0.014,0.854,0.769,0.74989329
0.178,0.0,0.978,0.511,0.617908064
0.46,0.633,0.602,1.0,0.110238687
0.32,0.63,0.37,1.0,0.008485195
0.0,0.0,0.893,0.597,0.681366306
0.529,0.0,0.613,0.144,0.058849043
0.107,0.0,0.529,0.427,0.220742429
0.441,0.065,0.792,0.263,0.234418566
0.255,0.883,0.57,1.0,0.05866316
0.631,0.195,0.693,0.389,0.038627429
0.512,0.0,0.516,0.251,0.003863948
0.168,0.0,0.488,0.583,0.182758704
0.129,0.05,0.681,0.123,0.096516079
0.43,0.344,0.454,0.4,0.002072246
0.266,0.225,0.879,0.702,0.383833725
0.324,0.0,0.753,0.077,0.103879094
0.408,0.0,0.907,0.645,0.607476266
0.246,0.302,0.982,0.382,0.082039614
0.353,0.187,0.945,1.0,0.641898962
0.14,0.799,0.785,1.0,0.19728164
0.18,0.543,0.969,1.0,0.341748535
0.148,0.752,0.611,1.0,0.137883555
0.134,0.701,0.984,1.0,0.25771929
0.481,0.0,0.597,0.55,0.218325955
0.347,0.058,0.478,0.436,0.094942962
0.567,0.0,0.615,0.698,0.109262804
0.331,0.0,0.747,0.612,0.620649832
0.27,0.072,0.995,0.45,0.462202158
0.261,0.745,0.878,1.0,0.218792383
0.318,0.195,0.397,0.749,0.03181862
0.281,0.935,0.828,0.943,0.008924084
0.344,0.0,0.57,0.489,0.275703428
0.564,0.015,0.604,0.83,0.101247479
0.323,0.351,0.465,0.949,0.058441134
0.413,0.076,0.705,0.408,0.330182509
0.207,0.0,0.887,0.274,0.398857511
0.47,0.206,0.627,0.271,0.039728956
0.347,0.0,0.724,0.735,0.64993322
0.382,0.037,0.785,0.496,0.491230818
0.486,0.699,0.531,1.0,0.025183645
0.095,0.33,1.0,1.0,0.522927237
0.373,0.869,0.428,0.976,0.005898329
0.676,0.0,0.687,0.678,0.022307629
0.339,0.0,0.899,0.473,0.558554729
0.534,0.0,0.665,0.578,0.267966927
0.264,0.0,0.62,0.405,0.353166544
0.056,0.209,0.844,0.679,0.403267058
0.077,0.0,0.808,0.348,0.49021707
0.651,0.609,0.657,0.668,0.000555927
0.58,0.0,0.708,0.489,0.219126283
0.37,0.098,0.821,0.901,0.660192905
0.492,0.53,0.558,0.57,0.004070484
0.105,0.121,0.732,0.44,0.372286631
0.304,0.153,0.803,0.635,0.441848017
0.441,0.172,0.632,0.384,0.138432597
0.282,0.295,0.484,0.311,0.003710767
0.569,0.0,0.586,0.431,0.031352192
0.473,0.102,0.815,0.365,0.262059992
0.106,0.0,0.835,0.342,0.484644035
0.389,0.0,0.831,0.241,0.317700839
0.038,0.036,0.598,0.248,0.202983759
0.449,0.021,0.749,0.668,0.51998926
0.407,0.0,0.648,0.874,0.509999793
0.453,0.131,0.664,0.353,0.174190895
0.194,0.737,0.842,1.0,0.23236181
0.524,0.676,0.546,0.891,0.009793257
0.108,0.0,0.807,0.243,0.362925378
0.226,0.512,0.952,0.766,0.142172623
0.216,0.0,0.867,0.269,0.391293123
0.546,0.274,0.646,0.726,0.107984
0.43,0.0,0.454,0.818,0.031450297
0.166,0.732,0.759,1.0,0.230607974
0.244,0.354,0.85,1.0,0.475871411
0.325,0.0,0.841,0.135,0.191939237
0.352,0.0,0.626,0.789,0.470559988
0.098,0.527,1.0,0.645,0.069909055
0.316,0.0,0.802,0.622,0.652745554
0.0,0.0,0.897,0.851,0.836521449
0.239,0.0,0.783,0.51,0.601908394
0.338,0.0,0.548,0.565,0.24717906
0.372,0.88,0.881,0.998,0.114677494
0.286,0.759,1.0,1.0,0.207188492
0.389,0.249,0.594,0.285,0.023911726
0.23,0.67,0.763,1.0,0.255025714
0.134,0.0,0.965,0.476,0.598466125
0.306,0.268,0.784,0.41,0.14065114
0.105,0.349,0.996,1.0,0.501872595
0.226,0.25,0.64,0.483,0.16161112
0.256,0.535,0.795,0.943,0.272011594
0.411,0.0,0.45,0.461,0.038675621
0.408,0.874,0.571,0.915,0.015190736
0.35,0.0,0.816,0.634,0.64466999
0.084,0.533,1.0,0.929,0.275744735
0.399,0.38,0.785,1.0,0.402301502
0.249,0.0,0.553,0.083,0.051587575
0.175,0.082,0.779,0.185,0.156425341
0.557,0.303,0.598,0.997,0.073705879
0.14,0.885,1.0,0.977,0.102526282
0.171,0.513,0.873,1.0,0.361579451
0.354,0.315,0.766,0.552,0.176073816
0.463,0.125,0.824,0.347,0.231368715
0.203,0.0,0.557,0.207,0.148530495
0.382,0.0,0.512,0.496,0.141914453
0.143,0.0,1.0,0.519,0.62671339
0.508,0.0,0.548,0.344,0.056322417
0.093,0.874,0.875,0.96,0.096724336
0.275,0.226,0.594,0.236,0.006862165
0.296,0.0,0.486,0.601,0.159385693
0.542,0.026,0.582,0.236,0.042002575
0.368,0.29,0.493,0.422,0.025044233
0.559,0.0,0.63,0.869,0.186645026
0.292,0.596,0.798,1.0,0.288563747
0.389,0.413,0.74,0.899,0.268674313
0.088,0.321,1.0,0.851,0.371057741
0.444,0.0,0.615,0.492,0.282063021
0.12,0.041,0.739,0.309,0.373190227
0.437,0.0,0.622,0.635,0.34052653
0.067,0.0,0.789,0.254,0.379393197
0.302,0.23,0.548,0.465,0.09544037
0.258,0.479,0.809,0.882,0.248259933
0.498,0.0,0.607,0.473,0.197331553
0.0,0.0,0.889,0.325,0.471220904
0.341,0.03,0.503,0.47,0.140702774
0.474,0.0,0.807,0.674,0.536932112
0.392,0.0,0.403,0.519,0.008258005
0.082,0.201,0.969,0.976,0.661798724
0.409,0.185,0.502,0.192,0.0024268
0.0,0.0,0.884,0.237,0.360211149
0.316,0.0,0.983,0.646,0.6702254
0.452,0.418,0.569,0.743,0.055697645
0.141,0.0,0.996,0.357,0.498445815
0.368,0.0,0.882,0.41,0.497101609
0.219,0.191,0.884,0.409,0.253967216
0.285,0.0,0.988,0.321,0.443481374
0.122,0.0,0.853,0.318,0.457030147
0.25,0.0,1.0,0.44,0.558931657
0.0,0.0,0.808,0.663,0.713541201
0.35,0.0,0.572,0.642,0.313365301
0.525,0.681,0.555,0.919,0.017015139
0.205,0.214,0.856,0.436,0.238817787
0.187,0.348,0.674,0.363,0.011452431
0.292,0.401,0.858,0.688,0.178016977
0.24,0.0,0.621,0.444,0.378345026
0.495,0.0,0.814,0.547,0.451340076
0.204,0.079,0.936,0.76,0.640745802
0.247,0.108,1.0,0.508,0.450684323
0.094,0.0,0.988,0.206,0.316795522
0.291,0.449,0.96,0.724,0.160636958
0.115,0.0,0.594,0.535,0.380289908
0.269,0.792,0.586,1.0,0.09592573
0.13,0.0,0.793,0.549,0.64131894
0.182,0.366,0.666,0.395,0.022450483
0.243,0.0,0.894,0.337,0.467733885
0.13,0.181,0.73,0.52,0.330048261
0.205,0.084,0.954,0.522,0.497972503
0.566,0.884,0.603,0.911,0.003051572
0.272,0.0,0.475,0.478,0.134823377
0.166,0.037,0.763,0.513,0.552424046
0.145,0.0,1.0,0.226,0.341498971
0.099,0.0,0.695,0.681,0.634967952
0.364,0.0,0.616,0.516,0.358966768
0.319,0.055,1.0,1.0,0.854684585
0.117,0.0,0.766,0.384,0.516476424
0.199,0.214,0.857,0.236,0.026460727
0.202,0.877,1.0,0.945,0.071347924
0.448,0.024,0.63,0.532,0.296551534
0.23,0.065,0.63,0.635,0.404776493
0.0,0.0,0.887,0.315,0.458539583
0.173,0.216,0.908,1.0,0.657270418
0.302,0.006,0.45,0.744,0.115918432
0.053,0.863,0.906,0.981,0.133298452
0.51,0.0,0.788,0.533,0.4194681
0.403,0.069,0.417,0.298,0.006724474
0.315,0.0,0.761,0.284,0.388804362
0.245,0.0,0.797,0.987,0.94220085
0.148,0.0,0.973,0.394,0.532550102
0.105,0.34,0.794,0.377,0.038214357
0.214,0.031,0.7,0.38,0.420234005
0.201,0.036,0.859,0.614,0.628207335
0.16,0.0,0.939,0.516,0.623107612
0.191,0.279,0.853,1.0,0.56990045
0.406,0.11,0.803,0.628,0.457431172
0.413,0.0,0.469,0.369,0.051797553
0.219,0.754,0.774,1.0,0.214704688
0.308,0.0,0.499,0.744,0.187564112
0.555,0.295,0.636,0.477,0.040374381
0.009,0.0,0.886,0.495,0.616722202
0.423,0.772,0.762,1.0,0.173798476
0.437,0.0,0.662,0.589,0.405760983
0.403,0.288,0.496,0.429,0.022046016
0.097,0.0,0.983,0.358,0.501366581
0.103,0.178,0.715,0.483,0.303167577
0.252,0.015,0.727,0.352,0.431818964
0.004,0.0,0.974,0.176,0.273944428
0.068,0.0,0.815,0.789,0.785508733
0.396,0.636,0.769,1.0,0.245528492
0.521,0.353,0.789,0.775,0.194847955
0.235,0.263,0.832,1.0,0.580438958
0.499,0.0,0.838,0.475,0.410814234
0.184,0.197,0.899,0.915,0.589638424
0.348,0.0,0.802,0.481,0.555713135
0.411,0.637,0.838,1.0,0.247471653
0.017,0.0,0.631,0.549,0.457011215
0.234,0.0,0.918,0.738,0.737516609
0.344,0.397,0.636,1.0,0.265158035
0.097,0.0,0.646,0.291,0.32379882
0.367,0.0,0.588,0.806,0.377042126
0.362,0.069,0.968,0.492,0.467460225
0.242,0.498,0.794,1.0,0.359080363
0.335,0.0,0.915,0.518,0.590363022
0.189,0.0,0.718,0.384,0.486922817
0.058,0.0,0.628,0.537,0.446336737
0.19,0.0,0.903,0.569,0.653621612
0.05,0.643,1.0,0.662,0.010230426
0.501,0.253,0.577,0.303,0.014746683
0.336,0.0,1.0,0.753,0.716985191
0.462,0.0,0.744,0.528,0.46413155
0.244,0.634,0.84,1.0,0.278044171
0.0,0.0,0.883,0.762,0.772379916
0.517,0.505,0.635,0.956,0.121236739
0.0,0.178,0.755,0.65,0.419311477
0.17,0.36,0.836,0.639,0.197309178
0.326,0.0,0.732,0.772,0.687884243
0.242,0.078,0.661,0.927,0.587297681
0.256,0.756,0.64,1.0,0.143552973
0.376,0.0,0.907,0.506,0.558773313
0.319,0.0,0.576,0.699,0.35052116
0.145,0.0,0.928,0.243,0.363164616
0.134,0.0,0.803,0.246,0.364765272
0.085,0.0,0.912,0.424,0.562602838
0.462,0.471,0.517,1.0,0.037942418
0.376,0.0,0.996,0.56,0.58982947
0.326,0.0,0.753,0.131,0.184161429
0.177,0.0,0.786,0.502,0.606445306
0.0,0.0,0.948,0.573,0.667927685
0.366,0.0,0.61,0.29,0.242402911
0.244,0.16,1.0,0.302,0.1932473
0.24,0.478,0.932,0.927,0.296587678
0.142,0.0,1.0,0.298,0.434336984
0.24,0.552,0.851,0.986,0.311447956
0.071,0.41,0.6,0.417,0.003972379
0.151,0.672,0.824,1.0,0.27129388
0.287,0.218,0.932,0.498,0.272799873
0.286,0.0,0.63,0.284,0.28269812
0.47,0.0,0.849,0.444,0.430769072
0.245,0.021,0.851,0.274,0.362944311
0.309,0.083,0.638,0.34,0.248855445
0.382,0.0,0.415,0.455,0.024247348
0.448,0.025,0.712,0.564,0.444032137
0.494,0.0,0.727,0.194,0.191254225
0.234,0.542,0.858,1.0,0.33324785
0.095,0.0,0.79,0.37,0.509424934
0.15,0.0,0.596,0.373,0.314521903
0.234,0.466,0.906,1.0,0.385370698
0.0,0.0,0.74,0.529,0.612515748
0.234,0.0,0.658,0.373,0.394129553
0.41,0.0,0.485,0.398,0.074361631
0.285,0.0,0.726,0.385,0.477306837
0.0,0.0,0.895,0.506,0.62551548
0.346,0.009,0.577,0.064,0.03683917
0.449,0.0,0.521,0.698,0.10950032
0.314,0.327,0.77,0.784,0.292350244
0.463,0.0,0.508,0.619,0.064299877
0.42,0.0,0.677,0.362,0.345373245
0.324,0.0,0.623,0.577,0.41387097
0.333,0.854,0.492,1.0,0.02832988
0.516,0.095,0.642,0.161,0.038629151
0.506,0.0,0.657,0.245,0.167235789
0.252,0.284,0.89,1.0,0.550153869
0.006,0.0,0.907,0.372,0.517199301
0.409,0.0,0.674,0.543,0.440956469
0.284,0.0,1.0,0.724,0.718103929
0.367,0.0,0.744,0.433,0.493877923
0.205,0.251,1.0,0.499,0.232807584
0.498,0.027,0.718,0.268,0.221888705
0.456,0.435,0.723,0.843,0.187634679
0.271,0.0,0.658,0.527,0.472566832
0.178,0.389,0.928,0.4,0.01001012
0.209,0.0,0.989,0.507,0.613001108
0.174,0.0,0.718,0.662,0.654162048
0.008,0.0,0.934,0.3,0.443927148
0.024,0.0,0.924,0.656,0.71416253
0.298,0.0,1.0,0.724,0.714215885
0.381,0.0,0.61,0.331,0.26014609
0.017,0.06,0.626,0.335,0.276305825
0.148,0.0,0.879,0.252,0.376487921
0.384,0.0,0.769,0.49,0.53078766
0.213,0.077,0.457,0.762,0.127725417
0.118,0.152,1.0,0.564,0.427209765
0.397,0.0,0.745,0.597,0.565416893
0.017,0.107,0.857,0.387,0.37098029
0.153,0.351,1.0,0.415,0.059256952
0.506,0.0,0.814,0.577,0.449569028
0.12,0.299,0.645,0.306,0.007247699
0.365,0.0,0.539,0.36,0.167833022
0.586,0.0,0.652,0.307,0.0842943
0.0,0.115,0.797,0.135,0.030994196
0.408,0.634,0.759,1.0,0.240316895
0.352,0.003,0.912,0.286,0.376642823
0.032,0.0,0.97,0.197,0.301821649
0.434,0.0,0.849,0.503,0.507392274
0.099,0.0,0.775,0.425,0.555914508
0.172,0.247,0.727,0.469,0.209408756
0.129,0.654,0.981,1.0,0.282840974
0.029,0.0,0.886,0.628,0.699410683
0.215,0.007,1.0,0.331,0.452216133
0.089,0.0,0.848,0.785,0.782655091
0.411,0.0,0.721,0.484,0.480377342
0.402,0.0,0.535,0.623,0.182416198
0.617,0.0,0.762,0.552,0.205828795
0.277,0.495,1.0,0.993,0.351989288
0.191,0.067,0.446,0.216,0.044326107
0.145,0.637,0.918,1.0,0.289833945
0.535,0.0,0.656,0.787,0.296646197
0.123,0.263,0.746,0.487,0.206615354
0.111,0.0,1.0,0.415,0.554699387
0.208,0.0,0.648,0.678,0.526455564
0.572,0.137,0.652,0.301,0.05279409
0.439,0.005,0.521,0.656,0.118011332
0.309,0.0,0.588,0.584,0.353364474
0.128,0.167,0.638,0.849,0.395568422
0.577,0.778,0.792,1.0,0.102388591
0.108,0.202,0.719,0.586,0.332826172
0.337,0.019,0.767,0.537,0.561850702
0.362,0.187,0.688,0.241,0.05933096
0.507,0.515,0.683,0.973,0.181879204
0.275,0.059,0.708,0.397,0.395840361
0.172,0.0,0.791,0.347,0.479607994
0.0,0.0,0.677,0.401,0.460548147
0.461,0.409,0.74,0.519,0.059212202
0.164,0.0,0.694,0.311,0.395317136
0.088,0.817,0.838,0.988,0.175824251
0.097,0.208,0.97,1.0,0.678364647
0.526,0.0,0.852,0.485,0.376238357
0.645,0.404,0.674,1.0,0.040000895
0.299,0.554,0.449,1.0,0.037739324
0.583,0.073,0.653,0.693,0.125436308
0.0,0.0,0.884,0.49,0.613364268
0.363,0.095,0.522,0.728,0.158814276
0.036,0.0,1.0,0.458,0.590173697
0.078,0.032,0.795,0.362,0.454949295
0.404,0.0,0.69,0.585,0.491365066
0.392,0.0,0.694,0.554,0.494480321
0.652,0.663,0.717,1.0,0.051026485
0.111,0.029,0.811,0.043,0.019453987
0.414,0.016,0.529,0.489,0.139761313
0.461,0.0,0.574,0.734,0.226358492
0.298,0.068,0.588,0.255,0.156953729
0.405,0.197,0.547,0.247,0.023338589
0.404,0.614,0.66,0.886,0.106302452
0.28,0.0,0.607,0.81,0.465079895
0.433,0.018,0.663,0.276,0.237723145
0.066,0.157,0.698,0.37,0.244480321
0.472,0.574,0.719,0.915,0.164979381
0.328,0.379,0.575,0.627,0.074320324
0.0,0.0,0.958,0.342,0.489544106
0.209,0.0,0.846,0.594,0.66502413
0.029,0.0,0.778,0.429,0.560991856
0.267,0.0,0.507,0.558,0.191395358
0.515,0.125,0.628,0.191,0.037959629
0.233,0.0,0.987,0.111,0.160962252
0.024,0.0,0.913,0.74,0.758801884
0.176,0.0,1.0,0.39,0.527884106
0.346,0.012,0.791,0.205,0.266734594
0.28,0.0,0.669,0.25,0.298265785
0.374,0.634,0.646,1.0,0.171801959
0.301,0.0,0.792,0.316,0.43040247
0.397,0.0,0.788,0.149,0.194844513
0.235,0.0,0.713,0.5,0.557427385
0.224,0.0,0.612,0.093,0.086888051
0.279,0.26,0.971,0.912,0.481773182
0.547,0.101,0.592,0.149,0.01126827
0.067,0.473,0.997,1.0,0.397122607
0.101,0.0,1.0,0.498,0.615746318
0.233,0.219,0.922,1.0,0.64209173
0.341,0.107,0.78,0.259,0.209954356
0.212,0.632,0.798,1.0,0.283192086
0.089,0.0,0.908,0.535,0.640993646
0.374,0.0,0.625,0.839,0.468661577
0.0,0.049,0.886,0.346,0.419836423
0.34,0.0,0.91,0.599,0.635054009
0.318,0.567,0.741,1.0,0.284343525
0.365,0.093,0.587,0.141,0.036894247
0.01,0.0,0.878,0.465,0.59571403
0.003,0.0,0.95,0.664,0.718782056
0.328,0.721,1.0,1.0,0.222232932
0.512,0.0,0.717,0.634,0.413774586
0.191,0.17,0.753,0.242,0.100087434
0.289,0.0,0.622,0.233,0.228286163
0.483,0.769,0.617,1.0,0.082070594
0.248,0.823,0.753,1.0,0.165228945
0.293,0.0,0.525,0.807,0.247161849
0.079,0.463,0.801,1.0,0.402053658
0.264,0.0,0.886,0.535,0.619770332
0.205,0.085,1.0,0.414,0.422139302
0.382,0.045,0.79,0.405,0.419886336
0.544,0.489,0.547,1.0,0.004051551
0.432,0.136,0.783,0.158,0.028200794
0.468,0.0,0.738,0.54,0.458088645
0.307,0.23,0.919,0.258,0.036303897
0.0,0.0,0.791,0.361,0.501480176
0.349,0.125,0.468,0.536,0.076406339
0.192,0.0,0.716,0.431,0.521512464
0.13,0.15,0.74,0.6,0.429633123
0.523,0.02,0.807,0.353,0.285658472
0.42,0.0,0.679,0.335,0.329199741
0.13,0.0,0.861,0.646,0.701932146
0.439,0.311,0.706,0.472,0.105414346
0.402,0.0,0.82,0.398,0.464494709
0.232,0.451,0.676,1.0,0.31068033
0.22,0.0,1.0,0.57,0.651771392
0.0,0.0,0.937,0.69,0.731711221
0.235,0.3,0.862,0.483,0.164237572
0.082,0.324,1.0,0.971,0.498719476
0.458,0.0,0.606,0.757,0.311871355
0.481,0.255,0.902,0.868,0.357460775
0.091,0.06,1.0,0.906,0.801597902
0.007,0.0,0.625,0.47,0.414368378
0.312,0.2,0.738,0.201,0.005433623
0.005,0.0,0.976,0.631,0.70157415
0.506,0.329,0.696,1.0,0.299565241
0.494,0.14,0.564,0.832,0.122426043
0.0,0.0,0.783,0.545,0.642826654
0.225,0.752,0.83,1.0,0.218716653
0.302,0.0,0.877,0.411,0.523166475
0.309,0.0,0.722,0.336,0.425486909
0.099,0.023,0.848,0.221,0.2984706
0.253,0.0,0.841,0.557,0.635026471
0.36,0.071,0.521,0.58,0.154514881
0.116,0.161,0.833,0.39,0.287871851
0.048,0.129,0.726,0.393,0.319693913
0.34,0.0,0.82,0.483,0.561176017
0.424,0.0,0.512,0.786,0.129091998
0.597,0.599,0.705,1.0,0.100135625
0.312,0.215,0.6,0.312,0.072771302
0.206,0.673,0.855,1.0,0.264796596
0.367,0.0,0.719,0.018,0.024030485
0.32,0.0,0.641,0.528,0.430905042
0.0,0.0,0.945,0.751,0.76721307
0.0,0.0,0.904,0.138,0.210914749
0.0,0.0,0.981,0.408,0.551351779
0.132,0.0,0.605,0.326,0.299838902
0.233,0.753,0.851,1.0,0.216714973
0.656,0.244,0.667,0.401,0.005650486
0.286,0.16,0.605,0.174,0.013378381
0.083,0.358,1.0,1.0,0.494542281
0.465,0.0,0.609,0.585,0.268152809
0.157,0.0,0.874,0.697,0.725353349
0.174,0.293,0.844,0.351,0.064552884
0.268,0.0,0.624,0.668,0.461489608
0.233,0.0,0.752,0.676,0.681863714
0.074,0.0,0.798,0.588,0.67046808
0.369,0.0,0.494,0.736,0.144861036
0.302,0.666,0.667,1.0,0.190786077
0.156,0.254,0.987,1.0,0.606426373
0.198,0.091,1.0,0.72,0.602066739
0.061,0.735,0.739,1.0,0.229320565
0.0,0.117,0.953,0.521,0.455300407
0.366,0.028,0.587,0.322,0.209179845
0.495,0.645,0.606,1.0,0.095059999
0.259,0.651,0.802,0.816,0.090762325
0.4,0.0,0.829,0.327,0.404761003
0.265,0.007,0.929,0.632,0.662953605
0.215,0.0,0.456,0.534,0.1300042
-0.0,0.144,0.879,0.244,0.147589034
0.444,0.0,0.682,0.535,0.416240973
0.227,0.0,0.695,0.235,0.309762965
0.395,0.0,0.479,0.414,0.079635188
0.079,0.0,0.707,0.822,0.73067854
0.171,0.0,0.925,0.436,0.564903995
0.326,0.0,0.945,0.596,0.640991924
0.0,0.0,0.897,0.703,0.739020881
0.413,0.0,0.737,0.571,0.534641281
0.178,0.0,0.987,0.171,0.258158179
0.371,0.7,0.581,1.0,0.100219961
0.143,0.0,0.89,0.313,0.449791054
0.18,0.0,0.944,0.346,0.484057128
0.484,0.0,0.846,0.601,0.494800452
0.19,0.242,0.969,0.363,0.139363731
0.427,0.174,0.552,0.193,0.009791536
0.037,0.0,1.0,0.094,0.14034822
0.568,0.784,0.57,1.0,0.001528368
0.175,0.727,0.977,0.735,0.004419874
0.228,0.0,0.645,0.588,0.482821353
0.076,0.0,0.896,0.653,0.710806317
0.068,0.0,0.746,0.502,0.598584883
0.233,0.045,0.659,0.643,0.479816252
0.224,0.087,0.648,0.196,0.127064501
0.501,0.509,0.519,1.0,0.014047903
0.302,0.0,0.985,0.404,0.519462593
0.065,0.0,1.0,0.698,0.734649198
0.153,0.144,0.969,0.184,0.064000399
0.233,0.0,0.724,0.362,0.465759743
0.45,0.567,0.941,1.0,0.268827494
0.096,0.314,0.761,0.336,0.02086876
0.232,0.122,1.0,0.556,0.463906081
0.349,0.0,0.731,0.381,0.460011153
0.158,0.272,0.933,1.0,0.585364846
0.629,0.899,0.809,1.0,0.034675704
0.438,0.0,0.993,0.218,0.267598604
0.45,0.741,0.646,1.0,0.120553448
0.128,0.0,0.72,0.621,0.640508286
0.0,0.0,0.898,0.247,0.371033645
0.199,0.506,0.851,0.671,0.094837972
0.322,0.327,0.523,0.357,0.010223541
0.596,0.051,0.596,0.949,0.0
0.314,0.124,0.503,0.593,0.129384591
0.0,0.03,0.861,0.12,0.138565124
0.443,0.0,0.706,0.294,0.307293137
0.433,0.067,0.817,0.2,0.168065376
0.03,0.284,0.841,0.466,0.173703813
0.191,0.0,0.72,0.501,0.571098359
0.409,0.142,0.695,0.413,0.247463047
0.138,0.12,0.71,0.341,0.275638025
0.135,0.0,0.78,0.521,0.620608524
0.272,0.5,0.869,1.0,0.356052887
0.0,0.125,0.88,0.641,0.519584793
0.33,0.809,0.711,0.941,0.097688172
0.04,0.0,0.618,0.349,0.336820926
0.261,0.0,0.38,0.536,0.048721885
0.221,0.0,0.924,0.506,0.610899603
0.326,0.044,0.666,0.584,0.451560381
0.4,0.164,0.963,0.587,0.367433031
0.005,0.0,0.856,0.27,0.404242942
0.248,0.073,0.936,0.239,0.247552546
0.455,0.0,0.617,0.474,0.267096032
0.105,0.747,1.0,1.0,0.235848829
0.0,0.0,0.717,0.536,0.597202812
0.44,0.0,0.883,0.267,0.320900429
0.0,0.345,0.933,0.517,0.140553035
0.551,0.073,0.646,0.132,0.027717156
0.0,0.0,0.769,0.451,0.575344399
0.178,0.147,0.755,0.204,0.086216808
0.545,0.46,0.765,0.667,0.077869304
0.246,0.0,0.785,0.459,0.566477112
0.138,0.113,0.925,0.46,0.417306355
0.206,0.0,0.687,0.625,0.58596208
0.164,0.819,0.74,1.0,0.174440459
0.141,0.279,0.647,1.0,0.410495825
0.0,0.072,0.923,0.422,0.456618796
0.295,0.0,0.611,0.541,0.387250177
0.383,0.0,0.881,0.285,0.372728963
0.188,0.053,0.966,0.374,0.430226914
0.266,0.0,1.0,0.666,0.693550219
0.153,0.564,0.99,0.969,0.294708199
0.424,0.0,0.741,0.535,0.508643539
0.205,0.699,0.783,1.0,0.24922721
0.099,0.102,0.982,0.148,0.074666272
0.51,0.809,0.524,0.964,0.005244298
0.217,0.618,0.772,1.0,0.286310782
0.0,0.089,0.881,0.288,0.289059434
0.339,0.0,0.521,0.335,0.144990121
0.364,0.0,0.732,0.567,0.568329053
0.231,0.127,0.945,0.251,0.181142558
0.211,0.0,0.725,0.489,0.565150117
0.514,0.28,0.59,0.32,0.012016964
0.391,0.0,0.823,0.776,0.68434559
0.0,0.035,0.694,0.409,0.444610438
0.101,0.0,0.975,0.512,0.626431124
0.149,0.152,0.805,0.554,0.416645439
0.604,0.482,0.678,0.991,0.08439929
0.22,0.103,0.75,0.297,0.263077183
0.299,0.418,0.818,1.0,0.405905558
0.117,0.016,1.0,0.351,0.469527308
0.305,0.0,1.0,0.413,0.525860051
0.308,0.763,0.845,1.0,0.201754869
0.374,0.0,0.706,0.448,0.470386154
0.308,0.202,0.773,0.286,0.104402319
0.085,0.118,0.677,0.332,0.250800328
0.197,0.486,0.921,0.686,0.117675711
0.396,0.0,0.668,0.566,0.448421031
0.101,0.315,0.816,0.507,0.165991408
0.463,0.0,0.728,0.582,0.475374003
0.313,0.224,0.736,0.281,0.069740384
0.483,0.0,0.879,0.545,0.470468768
0.193,0.151,0.902,0.183,0.046071338
0.183,0.0,1.0,0.349,0.486647436
0.459,0.0,0.5,0.548,0.054317295
0.481,0.35,0.827,0.927,0.322566487
0.334,0.0,0.816,0.341,0.450211011
0.376,0.0,0.569,0.096,0.058231155
0.192,0.939,0.797,1.0,0.065256828
0.258,0.577,0.908,1.0,0.308031504
0.154,0.0,0.755,0.686,0.69773774
0.092,0.0,0.835,0.58,0.667392412
0.197,0.567,0.82,1.0,0.322439123
0.24,0.0,0.991,0.417,0.543259003
0.481,0.503,0.668,0.691,0.05829828
0.549,0.589,0.583,0.989,0.037408866
0.247,0.256,0.943,0.277,0.023971966
0.023,0.197,0.633,0.37,0.15446841
0.258,0.0,0.742,0.838,0.757967133
0.594,0.457,0.708,1.0,0.136286342
0.19,0.119,1.0,0.993,0.798069575
0.0,0.0,0.883,0.322,0.464484382
0.461,0.72,0.491,1.0,0.011540209
0.237,0.025,0.952,0.725,0.696049307
0.235,0.793,0.692,0.957,0.124018093
0.26,0.0,0.859,0.68,0.700737678
0.591,0.327,0.747,1.0,0.214675428
0.275,0.414,1.0,0.686,0.166299491
0.368,0.0,0.523,0.447,0.160915781
0.507,0.127,0.92,0.656,0.353374801
0.366,0.034,0.459,0.75,0.090593654
0.127,0.0,0.957,0.323,0.462986995
0.517,0.0,0.579,0.335,0.095748453
0.442,0.272,0.674,0.429,0.102030595
0.626,0.0,0.68,0.499,0.095715751
0.267,0.173,0.54,0.177,0.002621288
0.049,0.036,0.989,0.364,0.459754704
0.418,0.0,0.566,0.404,0.195226605
0.264,0.708,0.945,1.0,0.23873173
0.385,0.0,0.401,0.076,0.002204774
0.251,0.0,0.805,0.212,0.312231073
0.244,0.0,0.852,0.369,0.496865813
0.124,0.482,0.89,1.0,0.387570308
0.478,0.457,0.587,1.0,0.120864974
0.214,0.0,0.676,0.478,0.492972606
0.0,0.0,0.924,0.526,0.638472183
0.199,0.27,0.73,0.281,0.013047923
0.19,0.096,0.664,0.304,0.239070794
0.496,0.0,0.576,0.498,0.146132954
0.15,0.923,1.0,0.972,0.054346554
0.21,0.0,1.0,0.564,0.650046815
0.0,0.172,0.935,0.212,0.063101967
0.341,0.0,0.741,0.533,0.568539032
0.076,0.108,1.0,0.68,0.562583905
0.339,0.123,1.0,0.954,0.700214453
0.018,0.0,0.786,0.865,0.840230494
0.31,0.0,0.421,0.507,0.068115633
0.489,0.0,0.489,0.64,0.0
0.129,0.267,0.728,0.86,0.406301419
0.596,0.435,0.692,1.0,0.121474255
0.305,0.669,0.878,0.854,0.108490014
0.548,0.078,0.549,0.4,0.00186571
0.224,0.38,0.945,0.825,0.280419337
0.114,0.011,0.943,0.439,0.556415358
0.387,0.224,0.801,0.576,0.289264249
0.0,0.933,0.872,1.0,0.077862419
0.412,0.0,0.58,0.121,0.072945137
0.132,0.005,0.757,0.512,0.59577427
0.438,0.356,0.825,0.995,0.404642245
0.383,0.0,0.776,0.095,0.125186743
0.404,0.0,0.793,0.431,0.484946955
0.45,0.0,0.695,0.423,0.379069623
0.397,0.0,0.544,0.482,0.185020275
0.0,0.334,0.827,0.493,0.134833704
0.387,0.0,0.563,0.235,0.139076301
0.633,0.288,0.657,0.618,0.019478083
0.244,0.231,0.725,0.291,0.069000296
0.354,0.009,0.659,0.503,0.424999828
0.453,0.777,0.649,0.906,0.056460108
0.146,0.144,0.506,0.294,0.070464982
0.322,0.078,1.0,0.267,0.266658864
0.383,0.0,0.713,0.354,0.405194729
0.097,0.026,0.565,0.224,0.155704185
0.0,0.08,0.705,0.486,0.445238653
0.402,0.157,0.542,0.254,0.045417306
0.573,0.0,0.731,0.542,0.270708694
0.283,0.0,0.945,0.572,0.638198523
0.209,0.0,0.822,0.505,0.608560581
0.04,0.141,0.9,0.343,0.273743055
0.525,0.206,0.756,0.81,0.305546185
0.26,0.401,0.72,1.0,0.389456672
0.306,0.156,0.83,0.211,0.076082766
0.137,0.261,0.815,0.489,0.220379269
0.291,0.0,0.946,0.692,0.700515652
0.39,0.479,0.676,1.0,0.259239052
0.662,0.506,0.709,1.0,0.050136658
0.616,0.0,0.793,0.59,0.227194963
0.362,0.0,0.72,0.422,0.47477849
0.298,0.0,0.91,0.309,0.429154647
0.345,0.0,0.457,0.191,0.045943974
0.218,0.215,1.0,0.534,0.307608104
0.453,0.837,0.895,0.852,0.009108246
0.594,0.0,0.614,0.269,0.023271464
0.379,0.168,0.783,0.21,0.055873201
0.32,0.0,0.978,0.522,0.598111571
0.115,0.927,1.0,0.984,0.067487419
0.485,0.274,0.605,1.0,0.200852994
0.236,0.598,1.0,1.0,0.299776941
0.199,0.0,0.927,0.555,0.644167418
0.179,0.0,1.0,0.576,0.660330596
0.157,0.0,0.949,0.636,0.69467412
0.379,0.0,0.576,0.653,0.303184788
0.306,0.641,1.0,0.982,0.248328778
0.186,0.277,0.887,0.351,0.084664344
0.265,0.0,0.716,0.532,0.571098359
0.076,0.0,0.771,0.444,0.568151777
0.044,0.285,1.0,0.309,0.030002823
0.295,0.0,0.733,0.658,0.643513387
0.38,0.787,0.68,0.935,0.089094545
0.0,0.674,0.902,1.0,0.276402209
0.32,0.0,0.895,0.328,0.44555362
0.439,0.898,0.868,1.0,0.090175418
0.326,0.147,0.559,0.208,0.043317522
0.06,0.265,0.992,0.835,0.424574708
0.22,0.654,0.896,0.751,0.052895637
0.442,0.0,0.586,0.262,0.15163198
0.271,0.0,0.986,0.615,0.666425134
0.349,0.043,0.609,0.312,0.227676881
0.307,0.0,0.957,0.505,0.591232195
0.045,0.0,0.888,0.504,0.623234976
0.01,0.137,0.94,0.413,0.344665859
0.412,0.542,0.659,0.747,0.069459839
0.17,0.013,0.708,0.392,0.466685714
0.388,0.0,0.523,0.472,0.1513893
0.329,0.038,0.798,0.929,0.793931967
0.133,0.0,0.826,0.298,0.432732887
0.366,0.472,0.7,1.0,0.298372495
0.305,0.0,0.624,0.621,0.435930755
0.482,0.758,0.519,1.0,0.016779344
0.224,0.0,0.618,0.701,0.469560009
0.215,0.321,1.0,0.524,0.168726291
0.177,0.0,1.0,0.625,0.689508995
0.445,0.024,0.839,0.303,0.322067358
0.649,0.0,0.687,0.501,0.066986568
0.028,0.054,1.0,0.346,0.411371882
0.45,0.234,0.7,1.0,0.432818943
0.468,0.034,0.838,0.454,0.400385878
0.454,0.0,0.6,0.395,0.21748432
0.151,0.0,0.699,0.59,0.595263093
0.362,0.052,0.497,0.353,0.095648627
0.278,0.0,1.0,0.323,0.44676702
0.357,0.054,0.726,0.123,0.090452521
0.284,0.0,0.804,0.177,0.258373321
0.375,0.0,0.575,0.385,0.234167281
0.235,0.0,0.969,0.604,0.668385507
0.461,0.17,0.864,0.381,0.202940731
0.46,0.0,0.496,0.166,0.018929041
0.016,0.476,0.87,1.0,0.395076177
0.343,0.026,0.999,0.362,0.432732887
0.465,0.256,0.516,0.411,0.018497036
0.429,0.445,0.721,0.749,0.138446366
0.238,0.0,0.772,0.622,0.663778029
0.045,0.256,0.829,0.261,0.003244339
0.553,0.328,0.593,1.0,0.070852237
0.107,0.0,0.794,0.653,0.703493215
0.405,0.481,1.0,1.0,0.334321838
0.031,0.959,0.184,0.974,0.000468149
0.584,0.315,0.648,0.412,0.018015118
0.137,0.0,0.736,0.305,0.422486971
0.441,0.111,0.652,0.173,0.05860292
0.424,0.0,0.47,0.603,0.056609846
0.0,0.067,0.925,0.467,0.496022457
0.108,0.741,0.819,1.0,0.237298025
0.177,0.0,0.64,0.345,0.356627746
0.26,0.633,0.992,0.817,0.102970335
0.276,0.0,0.988,0.886,0.830020722
0.0,0.0,0.896,0.489,0.613532939
0.229,0.438,0.841,1.0,0.406153401
0.127,0.784,0.714,1.0,0.189569234
0.576,0.0,0.586,0.346,0.016175225
0.167,0.489,0.919,0.945,0.317208595
0.024,0.0,0.872,0.27,0.40437719
0.159,0.837,1.0,1.0,0.170108363
0.386,0.0,0.488,0.684,0.118692901
0.233,0.0,0.624,0.502,0.409630094
0.0,0.262,0.922,0.411,0.15862323
0.219,0.495,0.678,1.0,0.292176409
0.126,0.0,0.505,0.495,0.196989047
0.088,0.013,1.0,0.281,0.395947072
0.011,0.0,0.848,0.885,0.86794765
0.158,0.167,1.0,0.294,0.171841545
0.276,0.0,0.636,0.543,0.437646727
0.299,0.0,0.757,0.723,0.691586404
0.441,0.0,0.757,0.569,0.515935988
0.436,0.0,0.788,0.386,0.422912091
0.41,0.237,0.738,0.252,0.017412721
0.18,0.474,0.963,1.0,0.388334492
0.08,0.0,0.798,0.636,0.695961529
0.226,0.168,1.0,0.359,0.242099991
0.234,0.0,1.0,0.408,0.535426119
0.292,0.202,0.374,0.32,0.008925805
0.09,0.232,0.571,0.334,0.067506351
0.091,0.0,1.0,0.637,0.701787571
0.161,0.0,0.876,0.324,0.459975009
0.021,0.712,0.968,1.0,0.255767523
0.242,0.78,0.867,1.0,0.20104404
0.0,0.004,0.909,0.457,0.578838303
0.283,0.078,0.6,0.272,0.170922459
0.237,0.0,1.0,0.536,0.625883803
0.182,0.0,0.696,0.652,0.61555183
0.03,0.086,0.773,0.681,0.58901021
0.356,0.146,0.492,0.248,0.035147295
0.505,0.003,0.821,0.603,0.455097313
0.348,0.15,0.568,0.173,0.018090848
0.307,0.666,0.965,1.0,0.252771027
0.431,0.316,0.847,1.0,0.446913317
0.247,0.0,0.62,0.532,0.411048309
0.275,0.882,0.838,1.0,0.120568938
0.282,0.66,1.0,1.0,0.259960207
0.592,0.046,0.67,0.26,0.069964132
0.5,0.0,0.78,0.29,0.284131825
0.266,0.0,0.896,0.433,0.548654761
0.498,0.0,0.537,0.797,0.079196299
0.295,0.588,0.668,1.0,0.223678685
0.464,0.0,0.658,0.494,0.333228918
0.138,0.0,1.0,0.001,0.008406023
0.271,0.263,0.592,0.292,0.021510743
0.224,0.0,0.497,0.826,0.216157325
0.428,0.518,0.763,1.0,0.293320964
0.388,0.0,0.613,0.514,0.336493911
0.095,0.271,1.0,0.484,0.204157573
0.184,0.253,0.873,1.0,0.601917
0.171,0.0,1.0,0.39,0.528338485
0.418,0.178,0.665,0.934,0.403279106
0.526,0.0,0.699,0.742,0.39797629
0.072,0.0,0.843,0.499,0.615651656
0.0,0.148,0.743,0.246,0.136983401
0.012,0.379,0.85,0.533,0.115100893
0.336,0.124,1.0,0.242,0.170614376
0.557,0.79,0.858,1.0,0.114123288
0.421,0.056,0.586,0.621,0.248246164
0.395,0.17,0.734,1.0,0.59384832
0.353,0.236,0.764,0.363,0.134623725
0.154,-0.0,0.816,0.528,0.629530887
0.242,0.0,0.41,0.641,0.082457849
0.149,0.857,1.0,0.937,0.084387242
0.308,0.0,1.0,0.351,0.47077513
0.314,0.0,0.785,0.792,0.739371992
0.301,0.744,0.832,1.0,0.21382863
0.479,0.215,0.561,0.452,0.05778366
0.335,0.063,1.0,0.231,0.242790166
0.283,0.272,0.885,0.934,0.489674912
0.0,0.708,0.819,1.0,0.257633233
0.116,0.597,1.0,0.704,0.057303464
0.0,0.0,0.9,0.486,0.609655222
0.152,0.153,0.709,0.164,0.016018602
0.542,0.858,0.816,0.964,0.068721472
0.435,0.0,0.648,0.232,0.202828857
0.353,0.0,0.595,0.266,0.212923313
0.364,0.916,0.539,1.0,0.026868636
0.33,0.103,0.855,0.213,0.157822902
0.331,0.148,0.821,0.325,0.226107206
0.119,0.296,1.0,0.354,0.064669921
0.612,0.182,0.74,0.457,0.093786359
0.403,0.53,0.706,1.0,0.263872347
0.16,0.011,0.477,0.272,0.101230267
0.001,0.017,0.951,0.616,0.662988028
0.317,0.329,0.567,1.0,0.204620559
0.203,0.0,0.847,0.365,0.500067124
0.0,0.761,0.594,1.0,0.129405245
0.279,0.354,0.611,0.584,0.097349108
0.195,0.802,0.658,0.887,0.050899121
0.071,0.052,0.932,0.454,0.508967113
0.347,0.0,1.0,0.448,0.537677363
0.464,0.0,0.543,0.533,0.121000943
0.223,0.254,1.0,0.529,0.250633378
0.51,0.188,0.592,0.351,0.055337928
0.591,0.264,0.742,0.708,0.135239892
0.348,0.558,1.0,1.0,0.303756205
0.361,0.131,0.995,0.541,0.405662878
0.566,0.0,0.729,0.633,0.309454882
0.495,0.662,0.538,0.961,0.023352358
0.184,0.468,0.975,0.627,0.100603774
0.445,0.0,0.805,0.368,0.403308365
0.138,0.0,0.756,0.724,0.720165849
0.423,0.0,0.458,0.475,0.037765141
0.218,0.101,0.862,0.782,0.618529394
0.486,0.059,0.544,0.225,0.040071462
0.094,0.272,0.708,1.0,0.526906501
0.423,0.271,0.635,0.324,0.033656792
0.326,0.096,0.735,0.687,0.520429871
0.35,0.14,0.736,0.211,0.094208037
0.541,0.0,0.758,0.849,0.473991931
0.524,0.401,0.6,0.643,0.03853793
0.405,0.0,1.0,0.625,0.602558983
0.186,0.009,0.731,0.397,0.488600924
0.104,0.507,0.967,1.0,0.37146565
0.348,0.052,1.0,0.26,0.288501787
0.192,0.0,0.876,0.46,0.580815887
0.25,0.172,0.877,0.755,0.491163694
0.258,0.0,0.678,0.506,0.503471529
0.147,0.452,0.911,1.0,0.406812596
0.361,0.0,0.471,0.423,0.093471391
0.187,0.488,0.668,1.0,0.288637756
0.238,0.74,1.0,0.882,0.101230267
0.353,0.0,0.951,0.457,0.540761637
0.395,0.0,0.673,0.199,0.214351855
0.233,0.0,0.428,0.57,0.098214839
0.188,0.0,0.764,0.645,0.680638266
0.331,0.905,0.786,1.0,0.09533538
0.302,0.0,0.577,0.512,0.310618369
0.487,0.0,0.596,0.467,0.192727517
0.44,0.0,0.519,0.493,0.102015105
0.4,0.602,0.545,1.0,0.075535445
0.384,0.0,0.502,0.38,0.109701693
0.196,0.015,1.0,0.908,0.850722532
0.217,0.06,0.41,0.318,0.047116066
0.143,0.0,0.795,0.787,0.774465932
0.297,0.0,0.512,0.537,0.188617447
0.13,0.0,1.0,0.261,0.387255341
0.476,0.0,0.595,0.678,0.24652675
0.506,0.353,0.856,1.0,0.355867004
0.319,0.026,0.886,0.224,0.282787619
0.296,0.054,0.895,0.39,0.432669205
0.076,0.0,0.785,0.321,0.457864898
0.289,0.136,0.592,0.241,0.091836313
0.055,0.0,0.904,0.418,0.559186385
0.339,0.985,0.617,0.988,0.001917344
0.348,0.132,1.0,0.506,0.391064212
0.0,0.0,0.453,0.369,0.115846144
0.403,0.592,0.927,0.952,0.22523287
0.0,0.524,0.908,0.603,0.049795873
0.596,0.528,0.729,0.533,0.000650589
0.143,0.0,1.0,0.083,0.122167873
0.519,0.49,0.778,1.0,0.259910294
0.442,0.0,0.738,0.62,0.525684495
0.214,0.166,0.639,0.784,0.364161153
0.164,0.338,0.981,0.446,0.097476472
0.271,0.314,1.0,0.375,0.063308503
0.466,0.638,0.919,1.0,0.229988365
0.247,0.683,0.46,1.0,0.041541311
0.366,0.696,0.459,0.948,0.015483329
0.468,0.401,0.714,1.0,0.30878364
0.059,0.0,0.883,0.523,0.635041961
0.055,0.0,0.789,0.441,0.571253262
0.186,0.046,0.957,0.27,0.330846867
0.237,0.031,0.86,0.175,0.210954335
0.535,0.078,0.801,0.422,0.256447371
0.212,0.084,1.0,0.561,0.521999546
0.0,0.141,0.96,0.243,0.152174138
0.185,0.0,0.726,0.642,0.652354857
0.272,0.0,0.913,0.319,0.442619085
0.306,0.125,0.543,0.247,0.075767798
0.47,0.523,0.577,0.855,0.056835315
0.0,0.0,0.799,0.628,0.695445189
0.379,0.0,0.63,0.607,0.402504595
0.38,0.0,0.489,0.621,0.121444996
0.344,0.467,0.74,0.644,0.095070326
0.258,0.146,0.732,0.409,0.300637508
0.0,0.281,0.401,0.664,0.038111089
0.403,0.0,0.466,0.6,0.071077706
0.397,0.117,0.582,0.249,0.08954204
0.451,0.0,0.497,0.611,0.062119199
0.027,0.0,0.883,0.266,0.39744618
0.381,0.0,0.623,0.724,0.421776142
0.191,0.0,0.625,0.209,0.219362079
0.466,0.016,0.617,0.568,0.267689824
0.125,0.0,1.0,0.637,0.699242012
0.196,0.0,1.0,0.54,0.635794097
0.092,0.0,0.831,0.561,0.654879762
0.534,0.586,0.594,1.0,0.066274018
0.674,0.216,0.768,1.0,0.11805436
0.189,0.904,0.523,1.0,0.036790978
0.719,0.458,0.788,1.0,0.033326334
0.287,0.0,0.806,0.283,0.396957378
0.074,0.133,0.981,1.0,0.794935389
0.159,0.105,0.829,0.25,0.220241578
0.427,0.573,0.809,1.0,0.273617412
0.0,0.0,0.783,0.601,0.676905124
0.197,0.495,0.863,1.0,0.370734167
0.335,0.491,0.772,1.0,0.340182303
0.504,0.416,0.557,0.896,0.047687483
0.268,0.0,0.829,0.484,0.583989659
0.085,0.752,0.589,1.0,0.126844196
0.235,0.745,1.0,1.0,0.22320193
0.252,0.759,0.892,1.0,0.211358802
0.038,0.0,0.887,0.666,0.717854364
0.191,0.0,0.946,0.599,0.671686643
0.0,0.0,0.539,0.556,0.27200643
0.469,0.0,0.992,0.568,0.500502571
0.298,0.168,0.704,0.715,0.411189442
0.306,0.0,0.473,0.651,0.143391186
0.43,0.071,0.978,0.291,0.265275072
0.304,0.0,0.623,0.589,0.424583313
0.177,0.258,0.629,0.365,0.085108397
