0.089,0.133,0.0,0.0,0.649,0.15,0.343,0.514,0.020395448
0.0,0.0,0.018,0.0,0.838,0.615,0.042,0.568,0.009066938
0.202,0.0,0.0,0.124,0.744,0.809,0.304,0.26,0.210363986
0.162,0.023,0.0,0.0,0.784,0.75,0.417,0.646,0.670328668
0.353,0.0,0.0,0.149,0.378,0.404,0.342,0.155,0.000640262
0.0,0.0,0.0,0.0,0.75,0.566,0.287,0.414,0.458627361
0.2,0.088,0.0,0.127,0.531,0.224,0.264,0.176,0.009097919
0.144,0.0,0.0,0.087,0.587,0.554,0.219,0.216,0.079765995
0.336,0.0,0.0,0.138,0.41,0.416,0.317,0.197,0.006440487
0.0,0.0,0.0,0.0,0.864,0.386,0.399,0.313,0.408721334
0.294,0.0,0.0,0.0,0.437,0.548,0.12,0.573,0.01715283
0.0,0.0,0.0,0.155,0.751,0.572,0.36,0.215,0.084774497
0.025,0.0,0.0,0.0,0.707,0.644,0.275,0.342,0.422715882
0.046,0.0,0.0,0.0,0.69,0.348,0.264,0.494,0.314292992
0.268,0.0,0.0,0.0,0.485,0.598,0.366,0.612,0.145447943
0.218,0.089,0.0,0.0,0.53,0.161,0.278,0.408,0.031412432
0.0,0.03,0.058,0.0,0.843,0.22,0.214,0.472,0.160850378
0.115,0.0,0.0,0.0,0.543,0.493,0.595,0.198,0.184789643
0.25,0.0,0.0,0.0,0.508,0.528,0.44,0.449,0.183603781
0.3,0.0,0.0,0.0,0.432,0.593,0.134,0.425,0.020753444
0.0,0.239,0.0,0.0,0.692,0.633,0.182,0.184,0.082182468
0.0,0.055,0.0,0.0,0.82,0.218,0.387,0.595,0.23174048
0.0,0.0,0.0,0.0,0.846,0.525,0.444,0.66,0.611009755
0.016,0.332,0.117,0.012,1.0,0.506,0.217,0.52,0.053716619
0.0,0.102,0.0,0.068,0.896,0.642,0.763,0.147,0.131231369
0.057,0.0,0.0,0.0,0.586,0.527,0.51,0.331,0.321969254
0.179,0.056,0.0,0.0,0.479,0.344,0.26,0.293,0.066117395
0.0,0.213,0.0,0.0,0.834,0.976,0.575,0.295,0.502862247
0.31,0.358,0.0,0.0,0.324,0.392,0.206,0.474,7.7451e-05
0.296,0.0,0.0,0.0,0.463,0.501,0.341,0.564,0.10190151
0.081,0.0,0.06,0.0,0.564,0.353,0.091,0.152,0.01472603
0.0,0.0,0.0,0.0,0.756,0.479,0.314,0.332,0.418431977
0.002,0.0,0.0,0.107,0.735,0.278,0.45,0.112,0.01662272
0.0,0.1,0.105,0.0,0.777,0.294,0.168,0.401,0.075175728
0.024,0.0,0.0,0.0,0.636,0.729,0.532,0.355,0.474570233
0.0,0.0,0.0,0.0,0.721,0.363,0.149,0.284,0.124334781
0.0,0.0,0.084,0.085,0.807,0.288,0.189,0.147,0.029706787
0.172,0.0,0.0,0.0,0.773,0.829,0.552,0.54,0.765252697
0.336,0.087,0.0,0.122,0.617,0.663,0.046,0.182,0.002251244
0.294,0.103,0.0,0.151,0.465,0.147,0.62,0.192,0.001678106
0.082,0.0,0.0,0.0,0.571,0.543,0.258,0.341,0.216339766
0.059,0.0,0.014,0.0,0.584,0.419,0.259,0.146,0.119259155
0.0,0.203,0.0,0.0,0.803,0.531,0.487,0.522,0.310979808
0.34,0.902,0.0,0.0,0.501,1.0,0.473,0.024,0.003485298
0.0,0.459,0.0,0.055,0.847,0.979,0.195,0.116,0.029798008
0.141,0.0,0.0,0.0,0.493,0.827,0.336,0.102,0.076740239
0.126,0.056,0.0,0.0,0.916,0.194,0.75,0.448,0.197828961
0.02,0.0,0.0,0.141,0.717,0.344,0.283,0.228,0.075377101
0.053,0.014,0.0,0.0,0.693,0.258,0.376,0.624,0.293064515
0.269,0.083,0.0,0.0,0.621,0.462,0.913,0.319,0.263326747
0.236,0.0,0.107,0.109,0.523,0.561,0.166,0.234,0.012364633
0.0,0.191,0.316,0.0,0.888,0.486,0.594,0.102,0.018085685
0.0,0.167,0.0,0.056,0.807,0.949,0.396,0.202,0.260569489
0.058,0.045,0.0,0.002,0.663,0.689,0.478,0.427,0.454754807
0.077,0.297,0.0,0.0,0.556,0.453,0.208,0.243,0.029288552
0.402,0.0,0.0,0.0,0.639,0.512,0.665,0.519,0.362176685
0.184,0.025,0.0,0.0,0.548,0.286,0.18,0.388,0.068738684
0.0,0.652,0.146,0.0,0.898,1.0,0.672,0.042,0.022367868
0.252,0.069,0.0,0.091,0.426,0.481,0.492,0.245,0.029718835
0.294,0.0,0.0,0.0,0.354,0.413,0.531,0.349,0.019256057
0.0,0.0,0.0,0.0,0.787,0.415,0.565,0.554,0.539670437
0.162,0.0,0.0,0.0,0.513,0.543,0.402,0.26,0.166592084
0.0,0.092,0.043,0.0,0.691,0.358,0.169,0.385,0.127408728
0.162,0.119,0.0,0.0,0.764,0.743,0.748,0.626,0.553632283
0.016,0.145,0.0,0.0,0.626,0.267,0.378,0.447,0.110431454
0.0,0.0,0.072,0.0,0.825,0.528,0.14,0.491,0.149669886
0.231,0.0,0.063,0.0,0.412,0.537,0.149,0.277,0.014505724
0.158,0.162,0.311,0.025,0.686,0.516,0.599,0.07,0.009634913
0.0,0.465,0.272,0.0,0.93,1.0,0.456,0.501,0.10704254
0.295,0.0,0.234,0.0,0.615,0.676,0.463,0.467,0.135718367
0.0,0.0,0.0,0.0,0.753,0.449,0.314,0.608,0.469721796
0.339,0.0,0.0,0.149,0.415,0.576,0.515,0.205,0.009419771
0.0,0.0,0.0,0.0,0.819,0.361,0.461,0.561,0.482107082
0.0,0.0,0.041,0.0,0.784,0.639,0.171,0.131,0.125407048
0.353,0.027,0.0,0.0,0.593,0.745,0.362,0.402,0.30294555
0.195,0.029,0.392,0.0,0.65,0.649,0.518,0.448,0.03166716
0.0,0.351,0.0,0.0,0.713,0.399,0.444,0.469,0.039241875
0.486,0.371,0.0,0.144,0.617,0.452,0.654,0.319,0.008836306
0.0,0.0,0.0,0.0,0.779,0.302,0.293,0.319,0.291329611
0.028,0.0,0.025,0.0,0.647,0.481,0.247,0.38,0.290665253
0.18,0.303,0.0,0.0,0.73,0.331,0.76,0.432,0.028002864
0.051,0.642,0.188,0.0,0.794,1.0,0.631,0.218,0.105722429
0.402,0.0,0.264,0.0,0.481,0.801,0.402,0.319,0.019672571
0.31,0.144,0.0,0.0,0.441,1.0,0.438,0.29,0.079423489
0.071,0.0,0.0,0.0,0.749,0.84,0.435,0.561,0.739972668
0.0,0.0,0.0,0.0,0.684,0.476,0.503,0.227,0.3600769
0.459,0.278,0.039,0.0,0.635,0.316,0.294,0.279,0.013689907
0.218,0.0,0.0,0.0,0.435,0.64,0.487,0.524,0.11141078
0.235,0.532,0.0,0.0,0.519,0.585,0.309,0.472,0.005309701
0.158,0.0,0.015,0.09,0.794,0.849,0.015,0.213,0.0
0.269,0.088,0.0,0.0,0.372,0.184,0.641,0.387,0.009822517
0.061,0.411,0.086,0.0,0.961,0.751,0.43,0.379,0.149792087
0.025,0.0,0.0,0.0,0.966,0.194,0.389,0.493,0.266001391
0.148,0.948,0.0,0.0,0.563,0.974,0.077,0.037,0.000297756
0.233,0.149,0.398,0.0,0.612,0.529,0.511,0.412,0.012457574
0.266,0.664,0.0,0.0,0.579,1.0,0.88,0.221,0.08960228
0.373,0.377,0.063,0.0,0.836,0.534,0.27,0.144,0.031715352
0.197,0.209,0.0,0.025,0.838,0.424,0.588,0.129,0.082239265
0.122,0.084,0.0,0.0,0.513,0.267,0.341,0.318,0.072969233
0.0,0.0,0.092,0.0,0.769,0.621,0.12,0.252,0.023868698
0.0,0.366,0.0,0.0,0.778,1.0,0.045,0.521,0.010165022
0.303,0.0,0.011,0.0,0.346,0.495,0.261,0.388,0.010457615
0.226,0.836,0.153,0.0,0.776,1.0,0.362,0.337,0.075261785
0.16,0.544,0.175,0.042,0.829,1.0,0.613,0.172,0.089381975
0.26,0.025,0.229,0.0,0.649,0.609,0.467,0.34,0.132205531
0.03,0.405,0.078,0.0,0.952,0.445,0.709,0.38,0.026675869
0.0,0.0,0.06,0.0,0.667,0.514,0.091,0.385,0.053687359
0.556,0.0,0.0,0.0,0.583,0.561,0.354,0.584,0.054616772
0.159,0.0,0.256,0.0,0.721,0.815,0.472,0.515,0.201260903
0.289,0.0,0.007,0.0,0.64,0.403,0.477,0.486,0.362629343
0.0,0.0,0.0,0.0,0.738,0.609,0.303,0.387,0.474928229
0.012,0.233,0.0,0.0,0.619,0.673,0.578,0.171,0.141217393
0.072,0.083,0.0,0.0,0.561,0.667,0.534,0.366,0.26803233
0.374,0.177,0.0,0.099,0.579,0.573,0.449,0.204,0.052090146
0.033,0.4,0.167,0.0,0.988,0.762,0.349,0.639,0.103486675
0.442,0.0,0.0,0.0,0.542,0.939,0.548,0.585,0.198713624
-0.0,0.424,0.277,0.0,0.864,1.0,0.451,0.513,0.095614204
0.273,0.157,0.024,0.106,0.654,0.705,0.522,0.24,0.136585819
0.312,0.231,0.211,0.0,0.539,0.464,0.637,0.25,0.034085355
0.085,0.647,0.0,0.0,0.802,1.0,0.612,0.361,0.243416659
0.337,0.155,0.042,0.0,0.489,0.311,0.321,0.298,0.036214398
0.174,0.0,0.0,0.17,0.868,0.617,0.717,0.176,0.016225138
0.021,0.0,0.0,0.0,0.725,0.302,0.529,0.572,0.409686891
0.201,0.0,0.0,0.0,0.801,0.19,0.445,0.511,0.268973791
0.322,0.091,0.0,0.0,0.399,0.642,0.502,0.448,0.041634252
0.09,0.0,0.0,0.07,0.775,0.602,0.397,0.36,0.391422208
0.0,0.06,0.0,0.0,0.693,0.39,0.426,0.595,0.376444893
0.166,0.0,0.082,0.0,0.816,0.129,0.342,0.521,0.147504699
0.061,0.256,0.0,0.0,0.687,0.367,0.43,0.345,0.094082394
0.293,0.0,0.0,0.0,0.454,0.442,0.481,0.662,0.099454056
0.0,0.0,0.0,0.0,0.718,0.639,0.331,0.381,0.500296035
0.235,0.0,0.0,0.049,0.422,0.476,0.46,0.182,0.03509394
0.0,0.0,0.021,0.149,0.689,0.719,0.191,0.154,0.007710684
0.097,0.862,0.0,0.119,0.797,0.982,0.297,0.371,0.043560202
0.119,0.802,0.0,0.0,0.722,1.0,0.413,0.11,0.070843631
0.432,0.0,0.0,0.0,0.718,0.562,0.489,0.402,0.443488258
0.375,0.009,0.036,0.0,0.443,0.225,0.297,0.462,0.026280008
0.452,0.0,0.0,0.0,0.491,0.317,0.578,0.86,0.037164465
0.0,0.093,0.0,0.0,0.684,0.657,0.552,0.029,0.053955856
0.185,0.068,0.131,0.0,0.797,0.782,0.657,0.332,0.413013845
0.128,0.0,0.106,0.0,0.726,0.762,0.803,0.128,0.247332241
0.356,0.0,0.0,0.06,0.794,0.373,0.657,0.337,0.307978148
0.242,0.505,0.0,0.0,0.511,0.612,0.309,0.371,0.00985866
0.0,0.166,0.0,0.0,0.811,0.585,0.415,0.017,0.017589998
0.0,0.138,0.0,0.0,0.768,0.735,0.496,0.145,0.244607685
0.355,0.0,0.0,0.0,0.377,0.515,0.291,0.638,0.012078924
0.246,0.0,0.0,0.0,0.402,0.139,0.536,0.55,0.022447041
0.213,0.437,0.04,0.0,0.746,1.0,0.323,0.422,0.279515741
0.307,0.096,0.085,0.034,0.37,0.454,0.096,0.301,0.000734925
0.379,0.279,0.0,0.0,0.472,0.415,0.862,0.361,0.018844705
0.368,0.452,0.22,0.0,0.495,1.0,0.507,0.167,0.021531397
0.033,0.615,0.0,0.0,0.972,1.0,0.526,0.697,0.299520492
0.318,0.194,0.0,0.0,0.717,0.44,0.659,0.248,0.184483281
0.0,0.727,0.0,0.0,0.725,1.0,0.418,0.118,0.088351015
0.113,0.006,0.092,0.046,0.733,0.494,0.15,0.146,0.026018395
0.0,0.0,0.037,0.0,0.824,0.488,0.206,0.405,0.298369053
0.33,0.014,0.0,0.072,0.406,0.235,0.156,0.147,0.002271898
0.352,0.243,0.058,0.0,0.503,0.407,0.851,0.475,0.040407083
0.0,0.0,0.0,0.0,0.819,0.248,0.216,0.467,0.218281206
0.548,0.331,0.0,0.0,0.667,0.63,0.447,0.418,0.0705235
0.514,0.036,0.0,0.0,0.547,0.036,0.494,0.405,0.0
0.0,0.177,0.0,0.092,0.724,0.261,0.612,0.252,0.046567024
0.0,0.0,0.0,0.0,0.776,0.355,0.506,0.316,0.401989976
0.043,0.307,0.0,0.0,0.936,0.315,0.335,0.472,0.008228746
0.054,0.069,0.0,0.0,0.772,0.397,0.474,0.348,0.370500093
0.0,0.612,0.029,0.0,0.714,1.0,0.123,0.47,0.058151983
0.154,0.507,0.0,0.0,0.549,1.0,0.373,0.224,0.088523129
0.0,0.81,0.0,0.0,0.775,1.0,0.2,0.112,0.037820217
0.457,0.252,0.086,0.0,0.757,0.71,0.278,0.285,0.135401678
0.236,0.0,0.0,0.056,0.546,0.464,0.313,0.201,0.093094463
0.265,0.112,0.0,0.166,0.604,0.637,0.125,0.181,0.003130744
0.4,0.0,0.0,0.0,0.425,0.726,0.537,0.434,0.024188829
0.132,0.0,0.016,0.0,0.538,0.542,0.226,0.53,0.143372254
0.023,0.22,0.068,0.266,1.0,0.241,0.113,0.523,0.00093974
0.183,0.493,0.313,0.0,0.885,1.0,0.414,0.523,0.051117705
0.0,0.0,0.0,0.0,0.796,0.126,0.421,0.415,0.169240911
0.0,0.352,0.0,0.0,0.881,0.36,0.57,0.249,0.006428439
0.159,0.439,0.0,0.0,0.99,0.649,0.571,0.338,0.10396515
0.266,0.142,0.0,0.048,0.409,0.252,0.563,0.167,0.006917241
0.197,0.0,0.0,0.132,0.785,0.416,0.467,0.177,0.06794524
0.0,0.0,0.0,0.0,0.754,0.355,0.408,0.249,0.329645515
0.123,0.0,0.0,0.0,0.513,0.354,0.522,0.329,0.159779832
0.318,0.0,0.0,0.0,0.724,0.372,0.621,0.598,0.451035435
0.062,0.011,0.0,0.075,1.0,0.283,0.581,0.269,0.199037197
0.062,0.022,0.0,0.095,0.883,0.751,0.364,0.289,0.303775137
0.501,0.799,0.0,0.0,0.531,0.863,0.796,0.521,0.003435385
0.074,0.0,0.065,0.0,0.755,0.539,0.268,0.439,0.394699249
0.224,0.0,0.001,0.094,0.64,0.686,0.18,0.336,0.115106056
0.154,0.398,0.0,0.0,0.596,0.79,0.325,0.55,0.096431743
0.267,0.0,0.0,0.011,0.767,0.399,0.442,0.411,0.437546901
0.035,0.466,0.0,0.0,0.635,1.0,0.462,0.382,0.232007256
0.0,0.0,0.0,0.0,0.742,0.534,0.282,0.317,0.395604566
0.0,0.0,0.0,0.0,0.727,0.09,0.416,0.093,0.03896133
0.0,0.028,0.0,0.0,0.764,0.16,0.191,0.358,0.086910425
0.178,0.034,0.0,0.099,0.466,0.416,0.296,0.151,0.014889538
0.111,0.716,0.03,0.0,0.973,1.0,0.333,0.288,0.152876361
0.331,0.916,0.059,0.0,0.497,1.0,0.304,0.461,0.014622762
0.254,0.24,0.0,0.0,0.565,0.472,0.521,0.163,0.068456417
0.089,0.0,0.013,0.0,0.945,0.69,0.471,0.244,0.494117161
0.599,0.101,0.0,0.0,0.651,1.0,0.637,0.685,0.124572298
0.178,0.327,0.0,0.0,0.971,0.761,0.512,0.512,0.275090704
0.0,0.254,0.0,0.085,0.669,0.269,0.335,0.218,0.004884581
0.471,0.174,0.0,0.0,0.704,0.877,0.621,0.66,0.387599568
0.388,0.0,0.0,0.0,0.5,0.82,0.533,0.125,0.072606074
0.172,0.0,0.193,0.294,1.0,0.795,0.262,0.377,0.020824011
0.221,0.039,0.0,0.096,0.968,0.116,0.505,0.763,0.076896863
0.07,0.0,0.0,0.0,0.574,0.392,0.236,0.39,0.174822551
0.293,0.0,0.0,0.0,0.355,0.13,0.618,0.186,0.005595409
0.228,0.072,0.286,0.0,0.977,0.089,0.441,0.247,0.003562749
0.012,0.0,0.0,0.0,0.618,0.586,0.278,0.234,0.244272063
0.186,0.0,0.0,0.076,0.747,0.5,0.61,0.523,0.424560939
0.131,0.136,0.0,0.0,1.0,0.826,0.599,0.184,0.339898315
0.187,0.0,0.0,0.094,0.471,0.534,0.561,0.121,0.013151191
0.135,0.609,0.0,0.0,0.834,1.0,0.541,0.529,0.287982004
0.154,0.066,0.0,0.0,0.986,0.501,0.521,0.726,0.512399055
0.386,0.046,0.156,0.0,0.494,0.604,0.572,0.469,0.070070842
0.162,0.0,0.04,0.057,0.509,0.593,0.203,0.243,0.054900759
0.185,0.0,0.0,0.0,0.696,0.63,0.489,0.551,0.585072253
0.007,0.245,0.044,0.0,0.975,0.605,0.743,0.577,0.300119447
0.031,0.151,0.0,0.0,0.603,0.599,0.196,0.448,0.125009466
0.366,0.0,0.0,0.0,0.504,0.816,0.424,0.556,0.157604318
0.396,0.13,0.039,0.0,0.887,1.0,0.295,0.67,0.539524141
0.038,0.0,0.0,0.0,0.619,0.586,0.589,0.573,0.442059716
0.086,0.099,0.0,0.0,0.572,0.301,0.48,0.553,0.156365101
0.163,0.0,0.0,0.0,0.538,0.519,0.538,0.579,0.250858846
0.304,0.12,0.0,0.0,0.336,0.246,0.314,0.224,0.00204815
0.165,0.0,0.0,0.355,0.771,0.643,0.603,0.405,0.030116418
0.09,0.719,0.221,0.0,0.912,1.0,0.294,0.598,0.051926638
0.223,0.0,0.0,0.0,0.736,0.681,0.582,0.518,0.652520086
0.291,0.0,0.027,0.0,0.387,0.486,0.336,0.13,0.020517649
0.446,0.0,0.126,0.072,0.878,0.666,0.208,0.513,0.128585984
0.055,0.0,0.0,0.0,0.626,0.529,0.517,0.5,0.425325122
0.188,0.338,0.157,0.0,1.0,0.623,0.207,0.185,0.020078759
0.0,0.0,0.0,0.049,0.707,0.4,0.19,0.182,0.08676585
0.23,0.0,0.027,0.017,0.471,0.636,0.277,0.296,0.091309646
0.0,0.03,0.0,0.0,0.775,0.159,0.506,0.322,0.159688612
0.211,0.0,0.0,0.0,0.85,0.496,0.673,0.32,0.497915706
0.092,0.0,0.125,0.0,0.989,0.629,0.42,0.414,0.441269716
0.444,0.0,0.002,0.0,0.88,0.282,0.089,0.747,0.038882157
0.533,0.12,0.142,0.0,0.79,0.152,0.251,0.463,0.010109946
0.035,0.0,0.0,0.108,0.943,0.543,0.569,0.365,0.326540588
0.359,0.0,0.054,0.0,0.643,0.198,0.25,0.604,0.138289743
0.374,0.864,0.001,0.0,0.507,0.93,0.757,0.546,0.011392192
0.323,0.613,0.0,0.0,0.428,0.826,0.17,0.357,0.001936277
0.201,0.478,0.033,0.0,0.708,1.0,0.331,0.383,0.233418587
0.331,0.228,0.159,0.0,0.703,0.406,0.326,0.568,0.078588738
0.344,0.29,0.0,0.0,0.533,0.416,0.52,0.252,0.034751434
0.186,0.162,0.0,0.0,0.792,0.461,0.343,0.553,0.290381266
0.319,0.0,0.005,0.069,0.984,0.447,0.449,0.624,0.397206942
0.056,0.0,0.0,0.137,1.0,0.49,0.285,0.562,0.255134145
0.341,0.874,0.214,0.0,0.539,0.921,0.543,0.533,0.007626349
0.445,0.0,0.0,0.0,0.648,0.549,0.544,0.525,0.345526426
0.024,0.651,0.0,0.0,0.685,1.0,0.511,0.23,0.163592146
0.0,0.151,0.0,0.0,0.769,0.216,0.221,0.25,0.041765058
0.061,0.23,0.0,0.0,0.785,0.27,0.373,0.561,0.049279533
0.602,0.0,0.0,0.683,0.777,0.329,0.659,0.744,0.000543879
0.222,0.26,0.098,0.0,0.76,0.59,0.689,0.548,0.226232849
0.329,0.09,0.0,0.0,0.509,0.31,0.242,0.295,0.0518991
0.271,0.0,0.0,0.0,0.476,0.501,0.518,0.566,0.13827081
0.097,0.124,0.0,0.0,0.578,0.27,0.316,0.592,0.101357631
0.379,0.634,0.0,0.0,0.449,1.0,0.526,0.416,0.017004812
0.083,0.306,0.0,0.0,0.779,0.606,0.493,0.232,0.157740288
0.331,0.0,0.0,0.0,0.573,0.048,0.482,0.249,0.024255953
0.38,0.297,0.0,0.149,0.565,0.475,0.536,0.235,0.013400756
0.0,0.0,0.0,0.0,0.877,0.643,0.419,0.491,0.639105561
0.247,0.0,0.0,0.123,0.758,0.585,0.553,0.149,0.043534385
0.402,0.143,0.329,0.074,0.478,0.508,0.399,0.108,0.000924249
0.089,0.0,0.007,0.0,0.638,0.69,0.115,0.629,0.101049548
0.063,0.028,0.163,0.0,1.0,0.184,0.565,0.522,0.142098614
0.203,0.0,0.0,0.0,0.475,0.393,0.509,0.429,0.129804548
0.417,0.81,0.162,0.068,0.542,0.99,0.202,0.278,0.003411289
0.3,0.0,0.0,0.122,1.0,0.538,0.538,0.401,0.31442552
0.581,0.0,0.0,0.017,0.736,0.487,0.274,0.506,0.180436893
0.354,0.139,0.0,0.092,0.986,0.561,0.288,0.506,0.215637543
0.601,0.598,0.0,0.059,0.647,1.0,0.538,0.346,0.027660358
0.0,0.324,0.0,0.0,0.812,0.864,0.495,0.572,0.359261082
0.32,0.08,0.0,0.193,1.0,0.632,0.563,0.871,0.232509828
0.579,0.834,0.0,0.432,0.807,0.977,0.511,0.641,0.008013604
0.453,0.0,0.0,0.166,0.526,0.667,0.469,0.224,0.01680344
0.245,0.14,0.074,0.0,0.705,0.411,0.139,0.586,0.075533724
0.0,0.149,0.0,0.158,0.796,0.679,0.453,0.298,0.134098779
0.119,0.0,0.0,0.0,0.559,0.17,0.592,0.369,0.118648152
0.447,0.109,0.193,0.0,0.451,0.279,0.292,0.179,0.000282266
0.22,0.0,0.0,0.0,0.417,0.406,0.23,0.391,0.042565386
0.148,0.0,0.0,0.0,0.805,0.804,0.237,0.612,0.504197848
0.176,0.396,0.0,0.047,1.0,0.826,0.382,0.561,0.20083062
0.201,0.0,0.0,0.0,0.512,0.435,0.714,0.56,0.188185442
0.381,0.0,0.148,0.0,0.739,0.644,0.155,0.631,0.036784094
0.0,0.0,0.0,0.0,0.698,0.58,0.412,0.489,0.545909551
0.299,0.0,0.0,0.0,1.0,0.3,0.205,0.79,0.244848643
0.552,0.274,0.0,0.084,0.594,0.654,0.713,0.779,0.032586246
0.234,0.0,0.0,0.103,0.918,0.62,0.536,1.0,0.455928621
0.274,0.0,0.058,0.055,1.0,0.706,0.154,0.774,0.185946246
0.358,0.0,0.0,0.0,0.397,0.33,0.429,0.386,0.02010974
0.229,0.232,0.0,0.0,0.74,0.656,0.895,0.312,0.276369507
0.178,0.577,0.0,0.081,0.987,1.0,0.73,0.597,0.230244814
0.284,0.135,0.07,0.002,0.767,0.182,0.415,0.189,0.032570756
0.052,0.0,0.0,0.0,0.706,0.576,0.416,0.655,0.57050801
0.0,0.532,0.333,0.0,0.986,1.0,0.394,0.487,0.035875335
0.317,0.07,0.0,0.0,0.415,0.163,0.524,0.735,0.014641694
0.433,0.0,0.0,0.11,0.622,0.122,0.51,0.545,0.055091805
0.308,0.0,0.0,0.0,0.322,0.281,0.525,0.376,0.002505972
0.343,0.352,0.027,0.371,0.802,0.398,0.185,0.791,0.001633357
0.01,0.0,0.0,0.027,0.744,0.401,0.346,0.283,0.308902398
0.144,0.648,0.0,0.0,0.876,1.0,0.386,0.409,0.226845573
0.268,0.033,0.0,0.031,0.502,0.133,0.63,0.312,0.03309226
0.594,0.0,0.0,0.0,0.723,0.469,0.284,0.697,0.164831363
0.23,0.0,0.167,0.0,0.668,0.447,0.317,0.446,0.173271808
0.415,0.148,0.036,0.0,0.613,0.691,0.298,0.62,0.189951326
0.326,0.0,0.0,0.0,0.383,0.585,0.37,0.589,0.032226529
0.125,0.0,0.0,0.0,0.952,0.522,0.729,0.418,0.580571486
0.028,0.726,0.082,0.0,0.976,1.0,0.343,0.508,0.173569565
0.23,0.034,0.062,0.0,1.0,0.494,0.12,0.279,0.057367146
0.083,0.0,0.0,0.0,0.746,0.204,0.568,0.448,0.284453677
0.254,0.677,0.066,0.0,0.847,0.923,0.176,0.37,0.048437898
0.464,0.439,0.383,0.0,0.504,0.45,0.465,0.36,2.7538e-05
0.0,0.518,0.0,0.0,0.924,1.0,0.747,0.468,0.339141016
0.128,0.0,0.0,0.084,0.827,0.653,0.52,0.448,0.465857848
0.044,0.0,0.042,0.0,0.782,0.472,0.322,0.368,0.441381589
0.424,0.0,0.099,0.0,0.788,0.399,0.235,0.386,0.206348578
0.0,0.0,0.0,0.0,0.939,0.323,0.671,0.208,0.290950961
0.287,0.0,0.1,0.0,0.375,0.28,0.204,0.32,0.009044564
0.0,0.0,0.0,0.0,0.641,0.532,0.511,0.505,0.452236787
0.195,0.154,0.251,0.004,0.695,0.39,0.658,0.173,0.044606652
0.399,0.297,0.112,0.0,0.455,0.353,0.797,0.107,0.002239196
0.112,0.445,0.0,0.0,0.992,0.728,0.424,0.64,0.153822985
0.466,0.0,0.0,0.199,0.756,0.308,0.526,0.744,0.136659828
0.359,0.671,0.221,0.143,0.806,1.0,0.324,0.536,0.033178316
0.209,0.333,0.003,0.0,1.0,0.629,0.361,0.176,0.102715607
0.411,0.0,0.0,0.008,0.62,0.552,0.59,0.034,0.03027132
0.0,0.248,0.0,0.146,0.812,0.346,0.431,0.37,0.045890618
0.05,0.69,0.0,0.0,1.0,0.911,0.428,0.562,0.147418642
0.425,0.86,0.0,0.119,0.961,0.952,0.22,0.955,0.026909943
0.145,0.0,0.0,0.134,0.89,0.216,0.191,0.288,0.057398126
0.241,0.926,0.0,0.0,0.6,1.0,0.347,0.456,0.039092136
0.359,0.0,0.0,0.086,0.577,0.533,0.316,0.227,0.09747303
0.332,0.002,0.058,0.099,0.422,0.203,0.094,0.21,0.001099805
0.138,0.0,0.0,0.132,0.903,0.478,0.758,0.215,0.131539452
0.184,0.645,0.0,0.0,0.913,0.939,0.634,0.37,0.184044392
0.649,0.326,0.0,0.0,0.664,0.574,0.327,0.27,0.005836368
0.178,0.0,0.026,0.0,0.518,0.471,0.399,0.551,0.189452197
0.386,0.462,0.066,0.0,0.731,0.771,0.115,0.556,0.017515989
0.151,0.662,0.0,0.554,0.982,0.922,0.448,0.662,0.004707304
0.29,0.927,0.0,0.023,0.414,1.0,0.398,0.072,0.001585165
0.277,0.231,0.0,0.041,0.599,0.474,0.413,0.055,0.009788094
0.342,0.158,0.0,0.115,0.368,0.409,0.335,0.211,0.001939719
0.618,0.69,0.0,0.0,0.744,0.933,0.235,0.763,0.042307216
0.037,0.0,0.0,0.0,0.791,0.371,0.382,0.318,0.39215369
0.0,0.0,0.0,0.0,0.83,0.719,0.393,0.189,0.387425733
0.303,0.0,0.0,0.125,0.643,0.577,0.397,0.394,0.217728722
0.245,0.052,-0.0,0.054,0.79,0.376,0.394,0.068,0.016729431
0.0,0.713,0.0,0.0,0.779,1.0,0.464,0.481,0.227033177
0.328,0.0,0.125,0.086,0.996,0.628,0.269,0.37,0.192144052
0.016,0.801,0.062,0.025,0.943,0.999,0.302,0.321,0.096483377
0.221,0.521,0.0,0.165,0.944,1.0,0.301,0.694,0.13631388
0.162,0.179,0.0,0.127,0.497,0.415,0.43,0.389,0.033837511
0.081,0.509,0.0,0.0,0.963,0.903,0.505,0.58,0.247609344
0.111,0.0,0.127,0.074,0.642,0.626,0.177,0.28,0.047357025
0.3,0.129,0.103,0.0,0.59,0.355,0.261,0.862,0.099693294
0.127,0.587,0.103,0.476,1.0,0.974,0.2,0.64,0.006259767
0.305,0.212,0.0,0.139,1.0,0.504,0.595,0.549,0.143656241
0.32,0.939,0.0,0.0,0.383,1.0,0.439,0.269,0.00268497
0.262,0.0,0.0,0.194,0.888,0.38,0.59,0.202,0.008788115
0.204,0.149,0.0,0.0,0.427,0.406,0.443,0.349,0.046357046
0.434,0.461,0.0,0.0,0.452,1.0,0.455,0.216,0.007049768
0.092,0.0,0.0,0.0,0.736,0.285,0.366,0.516,0.360543328
0.406,0.037,0.0,0.0,0.531,0.063,0.313,0.454,0.007896567
0.063,0.0,0.0,0.0,1.0,0.444,0.65,0.292,0.457479364
0.0,0.102,0.0,0.0,0.966,0.509,0.207,0.678,0.257869029
0.281,0.0,0.118,0.347,0.94,0.482,0.397,0.596,0.057504836
0.32,0.341,0.014,0.0,0.872,0.659,0.108,0.692,0.040710003
0.137,0.512,0.0,0.0,0.789,1.0,0.343,0.357,0.249745272
0.254,0.892,0.0,0.093,0.875,1.0,0.366,0.181,0.022937564
0.481,0.0,0.0,0.0,0.579,0.185,0.642,0.316,0.064263733
0.0,0.055,0.047,0.0,0.914,0.595,0.68,0.358,0.501882922
0.319,0.192,0.108,0.0,0.64,0.47,0.468,0.451,0.149726684
0.0,0.118,0.0,0.0,0.684,0.449,0.477,0.275,0.274916869
0.254,0.0,0.0,0.0,0.678,0.456,0.734,0.686,0.474883479
0.407,0.011,0.0,0.059,0.575,0.067,0.455,0.25,0.01706161
0.436,0.083,0.0,0.0,0.683,0.44,0.531,0.754,0.301518729
0.385,0.399,0.0,0.0,0.66,1.0,0.544,0.531,0.270355862
0.216,0.0,0.0,0.0,0.786,0.493,0.473,0.314,0.481535665
0.0,0.755,0.239,0.0,0.922,1.0,0.519,0.533,0.089406071
0.32,0.221,0.186,0.0,0.918,0.668,0.268,0.205,0.053795791
0.243,0.885,0.0,0.0,0.466,0.965,0.401,0.449,0.015244091
0.283,0.0,0.059,0.0,0.395,0.315,0.304,0.24,0.02531273
0.255,0.344,0.0,0.0,0.8,0.456,0.328,0.637,0.083586914
0.211,0.277,0.0,0.0,0.755,0.473,0.402,0.391,0.15653033
0.275,0.0,0.0,0.0,0.679,0.702,0.278,0.543,0.449195542
0.276,0.0,0.005,0.0,0.365,0.504,0.328,0.372,0.025309288
0.485,0.09,0.126,0.087,0.608,0.193,0.177,0.127,0.0012134
0.403,0.065,0.0,0.0,0.478,0.586,0.814,0.216,0.057687277
0.454,0.0,0.0,0.0,0.87,0.571,0.124,0.661,0.137408522
0.338,0.022,0.0,0.0,0.704,0.228,0.698,0.438,0.252142813
0.294,0.0,0.0,0.051,0.789,0.499,0.538,0.509,0.451403758
0.281,0.158,0.0,0.494,1.0,0.553,0.444,0.569,0.007402601
0.096,0.0,0.0,0.53,1.0,0.608,0.54,0.676,0.0161976
0.049,0.236,0.424,0.0,0.801,0.458,0.424,0.261,0.0
0.234,0.0,0.0,0.0,0.502,0.623,0.191,0.384,0.086960338
0.163,0.0,0.0,0.0,0.489,0.745,0.424,0.267,0.159826303
0.147,0.246,0.0,0.057,0.911,0.338,0.594,0.326,0.072848754
0.496,0.28,0.238,0.01,0.577,1.0,0.247,0.479,0.006068721
0.299,0.139,0.0,0.0,0.915,0.822,0.395,0.333,0.436063283
0.18,0.022,0.0,0.143,0.9,0.683,0.342,0.442,0.292818393
0.473,0.0,0.158,0.0,0.785,0.567,0.267,0.49,0.173975753
0.217,0.039,0.0,0.234,0.959,0.211,0.088,0.739,0.008480031
0.312,0.859,0.0,0.0,0.758,1.0,0.26,0.546,0.09465209
0.254,0.021,0.283,0.0,0.63,0.724,0.383,0.259,0.059294817
0.0,0.0,0.0,0.0,0.738,0.563,0.35,0.281,0.44185318
0.117,0.148,0.0,0.007,0.835,0.602,0.446,0.297,0.328597344
0.414,0.595,0.0,0.0,0.913,1.0,0.488,0.406,0.226948841
0.0,0.466,0.101,0.0,0.887,1.0,0.656,0.402,0.306038429
0.309,0.0,0.0,0.0,0.429,0.641,0.494,0.491,0.083999986
0.097,0.795,0.0,0.0,0.79,0.904,0.64,0.443,0.087783041
0.117,0.975,0.0,0.0,0.63,1.0,0.647,0.378,0.01842647
0.414,0.0,0.0,0.159,0.679,0.349,0.219,0.54,0.103634693
0.227,0.746,0.0,0.25,1.0,0.876,0.195,0.357,0.007306217
0.381,0.249,0.0,0.0,0.932,0.651,0.178,0.298,0.099584862
0.0,0.0,0.0,0.0,0.799,0.629,0.259,0.397,0.460861394
0.314,0.0,0.034,0.223,0.97,0.328,0.603,0.823,0.152588931
0.159,0.0,0.0,0.0,0.568,0.49,0.536,0.364,0.28729355
0.3,0.0,0.0,0.0,0.899,0.725,0.429,0.039,0.085652276
0.0,0.053,0.0,0.0,0.835,0.175,0.737,0.682,0.184350754
0.154,0.0,0.0,0.0,0.881,0.565,0.547,0.481,0.621704887
0.194,0.487,0.0,0.0,0.791,1.0,0.331,0.299,0.228046925
0.529,0.233,0.0,0.518,0.659,0.267,0.255,0.728,0.00022719
0.143,0.0,0.0,0.0,0.676,0.773,0.16,0.247,0.174767475
0.462,0.174,0.119,0.0,0.519,0.676,0.668,0.465,0.044696151
0.376,0.0,0.0,0.0,0.744,0.684,0.534,0.47,0.585316654
0.349,0.0,0.044,0.057,0.965,0.611,0.289,1.0,0.414938074
0.0,0.097,0.0,0.0,0.733,0.342,0.465,0.669,0.317657811
0.421,0.498,0.0,0.11,0.66,0.853,0.846,0.463,0.075213593
0.041,0.414,0.235,0.0,0.931,1.0,0.492,0.142,0.072731716
0.249,0.153,0.139,0.14,0.847,0.18,0.467,0.147,0.000337342
0.158,0.0,0.033,0.0,0.925,0.428,0.119,0.7,0.103488396
0.285,0.31,0.073,0.073,0.852,0.651,0.381,0.31,0.118835756
0.192,0.337,0.0,0.0,0.895,1.0,0.649,0.78,0.501314947
0.022,0.242,0.0,0.0,0.933,0.28,0.36,0.765,0.042611857
0.0,0.446,0.0,0.0,0.72,1.0,0.386,0.163,0.170705596
0.0,0.0,0.0,0.217,0.961,0.447,0.345,0.56,0.168376901
0.056,0.0,0.0,0.139,0.584,0.25,0.605,0.572,0.110292042
0.241,0.0,0.0,0.0,0.883,0.506,0.299,0.607,0.493325439
0.186,0.0,0.0,0.0,0.816,0.763,0.395,0.26,0.513417967
0.227,0.331,0.0,0.073,0.918,0.453,0.61,0.105,0.009815632
0.32,0.41,0.0,0.194,0.741,0.878,0.434,0.269,0.038587843
0.576,0.006,0.0,0.159,0.587,0.288,0.558,0.21,0.001621309
0.369,0.066,0.0,0.0,0.755,0.979,0.462,0.226,0.480688867
0.311,0.087,0.0,0.123,0.839,0.163,0.433,0.273,0.039457016
0.299,0.0,0.193,0.0,0.519,0.782,0.535,0.295,0.112541565
0.316,0.56,0.0,0.124,0.685,1.0,0.625,0.127,0.003437106
0.661,0.0,0.166,0.017,0.663,0.74,0.168,0.567,0.000240959
0.516,0.291,0.066,0.0,0.745,0.821,0.54,0.132,0.079227279
0.221,0.0,0.0,0.0,0.438,0.76,0.503,0.706,0.121455323
0.572,0.0,0.0,0.0,0.747,0.43,0.469,0.033,0.02769306
0.039,0.329,0.0,0.0,0.942,0.338,0.516,0.56,0.008696894
0.218,0.183,0.188,0.0,0.928,0.601,0.205,0.436,0.020541744
0.272,0.0,0.0,0.0,0.936,0.376,0.519,0.845,0.499524967
0.198,0.0,0.0,0.0,0.877,0.687,0.59,0.528,0.690822221
0.475,0.297,0.0,0.0,0.743,0.42,0.403,0.899,0.084660902
0.0,0.0,0.0,0.0,0.922,0.431,0.329,0.39,0.443180175
0.278,0.854,0.101,0.0,0.648,0.952,0.415,0.522,0.054658079
0.181,0.0,0.14,0.0,0.571,0.56,0.285,0.476,0.149365245
0.0,0.0,0.0,0.046,0.817,0.783,0.349,0.281,0.409358154
0.382,0.0,0.257,0.092,0.55,0.594,0.258,0.564,0.005652207
0.415,0.105,0.037,0.538,0.745,0.5,0.266,0.628,0.003209916
0.25,0.0,0.0,0.0,0.895,0.364,0.539,0.537,0.479537428
0.433,0.527,0.0,0.215,0.729,0.701,0.484,0.248,0.005067021
0.308,0.0,0.0,0.183,0.332,0.585,0.433,0.528,0.001359697
0.0,0.0,0.073,0.0,0.861,0.306,0.261,0.581,0.298981777
0.012,0.0,0.099,0.0,0.809,0.391,0.264,0.024,0.03551906
0.132,0.133,0.0,0.0,1.0,0.555,0.536,0.361,0.392783626
0.478,0.196,0.182,0.0,0.564,0.782,0.273,0.593,0.030517442
0.147,0.433,0.0,0.0,0.973,0.995,0.571,0.208,0.246549125
0.093,0.126,0.056,0.0,0.54,0.624,0.126,0.447,0.037780631
0.148,0.0,0.0,0.0,0.669,0.307,0.606,0.501,0.35419234
0.034,0.0,0.0,0.0,0.791,0.569,0.506,0.444,0.611235224
0.17,0.985,0.099,0.0,0.588,1.0,0.628,0.298,0.006686609
0.0,0.0,0.0,0.0,0.89,0.809,0.63,0.558,0.780013149
0.475,0.316,0.0,0.007,0.539,0.407,0.716,0.089,0.005275278
0.059,0.55,0.075,0.0,1.0,0.8,0.652,0.668,0.13317453
0.215,0.516,0.218,0.0,0.648,1.0,0.509,0.28,0.090824286
0.403,0.177,0.145,0.0,0.68,0.934,0.34,0.606,0.243172258
0.491,0.0,0.0,0.083,0.645,0.845,0.181,0.82,0.122312448
0.194,0.044,0.08,0.0,0.805,0.75,0.283,0.552,0.444014926
0.267,0.0,0.019,0.0,0.377,0.436,0.133,0.527,0.008843191
0.184,0.574,0.0,0.498,1.0,1.0,0.505,0.717,0.016944573
0.339,0.471,0.0,0.0,0.781,0.956,0.583,0.518,0.293742642
0.288,0.769,0.0,0.0,0.415,1.0,0.576,0.432,0.018128713
0.513,0.439,0.0,0.0,0.591,0.956,0.3,0.811,0.074748886
0.393,0.667,0.0,0.236,0.501,1.0,0.306,0.254,0.000655752
0.231,0.0,0.0,0.0,0.714,0.428,0.49,0.333,0.434524588
0.487,0.521,0.0,0.0,0.633,0.906,0.514,0.491,0.101997893
0.258,0.112,0.0,0.0,0.623,0.676,0.383,0.476,0.315428941
0.29,0.05,0.0,0.039,0.591,0.678,0.459,0.307,0.244299601
0.492,0.975,0.0,0.0,0.601,0.987,0.374,0.406,0.004715909
0.379,0.052,0.112,0.0,0.827,1.0,0.191,0.49,0.224775048
0.0,0.847,0.093,0.042,0.906,0.853,0.241,0.053,0.000172113
0.391,0.026,0.0,0.0,0.919,0.112,0.371,0.175,0.052830234
0.0,0.196,0.0,0.0,0.91,0.932,0.553,0.534,0.592691717
0.089,0.203,0.0,0.0,0.776,0.348,0.335,0.709,0.154659456
0.561,0.0,0.0,0.002,0.763,0.435,0.245,0.653,0.194016647
0.635,0.155,0.0,0.0,0.702,0.345,0.322,0.669,0.039379565
0.373,0.19,0.108,0.0,0.803,0.848,0.317,0.699,0.299778662
0.258,0.109,0.016,0.0,0.862,0.307,0.136,0.609,0.071487336
0.078,0.587,0.0,0.0,0.99,1.0,0.79,0.392,0.281400384
0.619,0.043,0.019,0.101,0.625,0.369,0.315,0.187,0.001659174
0.265,0.303,0.0,0.0,0.84,0.37,0.664,0.621,0.067409967
0.312,0.215,0.0,0.344,0.838,0.535,0.381,0.989,0.039379565
0.222,0.363,0.0,0.0,0.659,0.364,0.438,0.451,0.00206192
0.462,0.0,0.062,0.0,0.632,0.699,0.271,0.454,0.222329315
0.614,0.575,0.0,0.082,0.713,1.0,0.548,0.1,0.004621247
0.268,0.264,0.0,0.094,0.956,1.0,0.181,0.636,0.155902116
0.136,0.0,0.034,0.14,0.565,0.548,0.27,0.173,0.019732811
0.531,0.009,0.0,0.0,0.589,0.741,0.228,0.414,0.090791584
0.555,0.252,0.0,0.062,0.695,0.92,0.524,0.546,0.178908525
0.237,0.0,0.013,0.014,0.819,0.797,0.26,0.382,0.470019552
0.217,0.0,0.007,0.65,1.0,0.301,0.387,0.758,0.002530068
0.485,0.076,0.0,0.0,0.654,0.302,0.488,0.457,0.152893572
0.12,0.601,0.0,0.0,0.961,1.0,0.584,0.783,0.309091723
0.119,0.771,0.011,0.0,1.0,1.0,0.201,0.412,0.095280304
0.308,0.002,0.218,0.0,0.573,0.648,0.509,0.581,0.131150475
0.01,0.0,0.069,0.0,0.748,0.287,0.355,0.101,0.11245723
0.241,0.868,0.0,0.0,0.468,0.982,0.288,0.043,0.004228828
0.088,0.0,0.0,0.0,1.0,0.741,0.337,0.517,0.635014423
0.258,0.0,0.0,0.0,0.495,0.648,0.53,0.292,0.167277096
0.199,0.0,0.0,0.252,1.0,0.25,0.686,0.613,0.10416136
0.33,0.155,0.058,0.0,0.55,0.573,0.367,0.528,0.140146847
0.386,0.0,0.0,0.084,0.937,0.612,0.542,0.5,0.424674533
0.187,0.163,0.0,0.289,0.893,0.542,0.419,0.296,0.003025755
0.451,0.0,0.0,0.0,0.653,0.891,0.539,0.622,0.4688182
0.277,0.041,0.0,0.0,0.434,0.526,0.345,0.36,0.068499446
0.207,0.448,0.0,0.219,0.88,0.713,0.638,0.299,0.023601922
0.187,0.256,0.0,0.102,0.696,0.388,0.321,0.113,0.005056694
0.413,0.192,0.0,0.0,0.485,0.197,0.554,0.324,0.000549042
0.052,0.062,0.0,0.0,1.0,0.555,0.435,0.689,0.535591348
0.184,0.881,0.0,0.006,0.903,1.0,0.645,0.359,0.104641556
0.23,0.386,0.0,0.0,0.966,1.0,0.156,0.715,0.153547603
0.248,0.0,0.0,0.0,0.392,0.613,0.615,0.804,0.064707786
0.28,0.426,0.0,0.0,0.391,1.0,0.211,0.134,0.00520127
0.132,0.132,0.009,0.0,1.0,1.0,0.507,0.765,0.773412597
0.293,0.302,0.05,0.0,0.376,0.536,0.132,0.223,0.001717693
0.0,0.0,0.0,0.0,0.825,0.563,0.716,0.591,0.647879906
0.059,0.0,0.157,0.0,0.581,0.58,0.237,0.775,0.09952118
0.329,0.181,0.118,0.139,0.836,0.269,0.154,0.173,0.001779653
0.139,0.61,0.171,0.0,0.786,1.0,0.344,0.484,0.126839033
0.335,0.03,0.036,0.0,0.693,0.658,0.48,0.186,0.30591795
0.273,0.0,0.0,0.0,0.694,0.15,0.561,0.63,0.195032116
0.56,0.221,0.0,0.404,0.583,1.0,0.352,0.444,0.002098063
0.516,0.184,0.0,0.161,0.536,0.916,0.552,0.175,0.001795144
0.0,0.0,0.051,0.287,0.934,0.24,0.464,0.369,0.037801285
0.552,0.0,0.033,0.084,0.554,0.259,0.695,0.27,0.0012134
0.443,0.033,0.0,0.0,0.592,0.395,0.486,0.244,0.143565021
0.0,0.056,0.0,0.046,0.872,0.217,0.401,0.289,0.14186454
0.138,0.0,0.075,0.0,0.816,0.57,0.138,0.456,0.151795488
0.427,0.0,0.0,0.211,0.896,0.787,0.467,0.373,0.177844864
0.452,0.204,0.19,0.018,0.474,0.657,0.355,0.329,0.005268394
0.397,0.441,0.0,0.0,0.684,1.0,0.34,0.543,0.240891754
0.0,0.0,0.0,0.0,0.664,0.742,0.33,0.46,0.481471983
0.205,0.953,0.167,0.0,0.595,1.0,0.44,0.605,0.016820651
0.511,0.104,0.0,0.0,0.687,0.584,0.641,0.303,0.213038629
0.5,0.442,0.0,0.198,0.596,0.863,0.675,0.447,0.028977026
0.325,0.0,0.0,0.0,0.794,0.821,0.526,0.197,0.431028963
0.0,0.038,0.05,0.0,0.788,0.412,0.162,0.304,0.138537586
0.222,0.039,0.0,0.095,0.542,0.489,0.478,0.597,0.136510089
0.437,0.026,0.0,0.0,0.618,0.758,0.443,0.612,0.331475081
0.273,0.01,0.0,0.26,0.694,0.052,0.236,0.264,0.000173835
0.166,0.437,0.0,0.078,0.987,1.0,0.697,0.556,0.294095475
0.387,0.0,0.0,0.0,0.563,0.525,0.534,0.385,0.226561586
0.104,0.821,0.0,0.0,0.736,1.0,0.405,0.378,0.143621818
0.054,0.246,0.0,0.109,0.71,0.282,0.541,0.584,0.025655236
0.0,0.116,0.0,0.0,0.969,0.129,0.621,0.426,0.021526234
0.183,0.421,0.084,0.0,0.743,0.44,0.461,0.389,0.011516113
0.401,0.067,0.0,0.0,0.813,0.617,0.36,0.116,0.170542089
0.4,0.081,0.016,0.0,0.655,0.72,0.226,0.519,0.233509807
0.37,0.0,0.0,0.0,0.5,0.838,0.363,0.357,0.132214137
0.269,0.0,0.098,0.092,0.889,0.549,0.569,0.211,0.164389032
0.35,0.0,0.0,0.0,0.472,0.49,0.567,0.358,0.103565847
0.457,0.832,0.142,0.0,0.46,1.0,0.251,0.117,0.000175556
0.156,0.0,0.0,0.068,0.688,0.844,0.644,0.114,0.102965171
0.019,0.0,0.049,0.0,0.63,0.358,0.163,0.365,0.110856574
0.316,0.846,0.0,0.0,0.395,1.0,0.273,0.152,0.003507673
0.243,0.0,0.0,0.0,0.661,0.227,0.563,0.364,0.23697273
0.243,0.033,0.071,0.023,0.641,0.933,0.201,0.361,0.210493071
0.093,0.088,0.0,0.0,0.538,0.146,0.369,0.272,0.028577723
0.122,0.396,0.0,0.174,1.0,1.0,0.146,0.556,0.056325859
0.28,0.001,0.024,0.132,1.0,0.699,0.248,0.467,0.255574756
0.572,0.028,0.065,0.071,0.604,0.35,0.299,0.447,0.02382567
0.159,0.033,0.0,0.006,0.915,0.267,0.571,0.4,0.298529118
0.338,0.399,0.0,0.023,0.876,0.563,0.546,0.132,0.034589647
0.11,0.004,0.034,0.0,0.796,0.224,0.118,0.427,0.056807777
0.299,0.34,0.0,0.128,0.791,1.0,0.626,0.498,0.258307918
0.265,0.0,0.0,0.0,0.481,0.279,0.152,0.489,0.036794421
0.483,0.034,0.0,0.106,0.693,1.0,0.648,0.443,0.355478028
0.11,0.206,0.13,0.195,0.958,0.949,0.325,0.234,0.029338465
0.405,0.0,0.0,0.065,0.911,0.48,0.552,0.811,0.403308365
0.132,0.0,0.0,0.144,0.737,0.585,0.4,0.252,0.15383159
0.032,0.022,0.062,0.0,0.708,0.472,0.242,0.175,0.174256298
0.499,0.335,0.019,0.227,0.634,1.0,0.314,0.988,0.06092301
0.108,0.0,0.0,0.0,0.739,0.626,0.352,0.291,0.468783777
0.247,0.0,0.0,0.0,1.0,0.361,0.501,0.737,0.483945254
0.061,0.004,0.203,0.0,0.736,0.608,0.494,0.17,0.150508079
0.404,0.316,0.0,0.0,0.682,1.0,0.491,0.195,0.219064322
0.274,0.0,0.043,0.0,0.474,0.5,0.169,0.667,0.05552381
0.21,0.597,0.0,0.0,0.845,0.603,0.466,0.462,0.003869111
0.263,0.0,0.0,0.079,0.446,0.375,0.33,0.194,0.027323016
0.503,0.014,0.04,0.137,0.62,0.247,0.232,0.489,0.044317501
0.295,0.538,0.311,0.0,0.463,1.0,0.417,0.354,0.009693431
0.144,0.0,0.0,0.0,0.89,0.449,0.27,0.561,0.424130655
0.259,0.0,0.0,0.0,0.478,0.551,0.342,0.527,0.128775309
0.326,0.358,0.0,0.0,0.797,0.686,0.614,0.209,0.124281426
0.392,0.342,0.0,0.0,0.511,0.713,0.348,0.462,0.033524265
0.295,0.82,0.141,0.0,0.953,1.0,0.222,0.46,0.044692709
0.467,0.027,0.027,0.0,0.679,0.074,0.276,0.356,0.027718877
0.445,0.614,0.167,0.102,0.559,1.0,0.257,0.341,0.009161601
0.502,0.546,0.0,0.0,0.539,1.0,0.13,0.341,0.005693514
0.224,0.175,0.0,0.118,0.951,0.203,0.599,0.401,0.024570921
0.302,0.433,0.0,0.0,0.748,0.745,0.228,0.554,0.102139026
0.552,0.0,0.0,0.0,0.571,0.572,0.251,0.396,0.029613846
0.316,0.097,0.0,0.328,0.843,0.176,0.705,0.575,0.018679476
0.189,0.0,0.0,0.0,0.813,0.483,0.324,0.209,0.322652544
0.606,0.257,0.012,0.053,0.717,0.388,0.2,0.776,0.018474661
0.178,0.242,0.117,0.096,0.843,0.919,0.398,0.214,0.118501855
0.218,0.0,0.0,0.0,0.944,0.283,0.62,0.84,0.40780397
0.53,0.0,0.0,0.17,0.548,0.542,0.423,0.302,0.009559183
0.214,0.346,0.147,0.077,0.869,0.766,0.337,0.18,0.046066174
0.091,0.0,0.0,0.0,0.992,0.303,0.11,0.414,0.085667766
0.251,0.487,0.0,0.298,0.996,0.779,0.608,0.645,0.043940573
0.056,0.0,0.0,0.0,0.86,0.872,0.76,0.593,0.835435413
0.036,0.021,0.174,0.095,0.911,0.223,0.342,0.148,0.020003029
0.124,0.087,0.073,0.0,0.954,0.358,0.26,0.554,0.244883066
0.0,0.0,0.0,0.0,0.837,0.607,0.696,0.41,0.625999119
0.202,0.598,0.223,0.0,0.767,1.0,0.232,0.385,0.012615918
0.0,0.0,0.0,0.0,0.929,0.762,0.642,0.259,0.557480741
0.534,0.0,0.041,0.2,0.546,0.514,0.201,0.238,0.001160045
0.013,0.667,0.0,0.0,0.88,1.0,0.283,0.541,0.191596731
0.097,0.336,0.0,0.102,0.953,0.842,0.396,0.202,0.085697025
0.296,0.149,0.0,0.07,0.88,0.228,0.492,0.448,0.080733272
0.388,0.0,0.0,0.0,0.502,0.733,0.427,0.763,0.133911176
0.199,0.005,0.14,0.0,0.677,0.701,0.223,0.453,0.160795302
0.25,0.0,0.0,0.0,1.0,0.261,0.267,0.497,0.279476155
0.411,0.469,0.0,0.0,0.653,1.0,0.568,0.279,0.173065272
0.344,0.0,0.014,0.064,0.588,0.581,0.29,0.535,0.204174785
0.129,0.242,0.0,0.0,0.516,0.631,0.431,0.343,0.092910301
0.426,0.0,0.0,0.0,0.678,0.73,0.644,0.523,0.485614755
0.14,0.0,0.042,0.0,0.967,0.858,0.139,0.019,0.016963505
0.483,0.642,0.0,0.272,0.597,1.0,0.339,0.458,0.015574549
0.144,0.0,0.0,0.0,0.995,0.469,0.296,0.21,0.300708075
0.147,0.0,0.11,0.0,0.654,0.124,0.162,0.659,0.025076935
0.215,0.261,0.194,0.277,1.0,0.356,0.26,0.394,0.003483577
0.395,0.142,0.118,0.0,0.597,0.458,0.548,0.126,0.066077809
0.197,0.0,0.0,0.0,1.0,0.757,0.389,0.448,0.65243575
0.415,0.051,0.0,0.0,0.569,0.872,0.416,0.624,0.254824341
0.171,0.0,0.161,0.043,0.985,0.537,0.415,0.437,0.290611898
0.403,0.778,0.0,0.0,0.484,0.921,0.639,0.457,0.010819054
0.643,0.0,0.0,0.259,0.667,0.438,0.341,0.339,0.005044646
0.468,0.0,0.0,0.0,0.776,0.51,0.646,0.409,0.415688488
0.347,0.795,0.0,0.287,0.773,0.811,0.58,0.529,0.001838172
0.418,0.064,0.0,0.433,0.732,0.686,0.184,0.899,0.016528058
0.107,0.0,0.102,0.0,0.987,0.222,0.11,0.755,0.016464376
0.148,0.085,0.0,0.0,0.793,0.942,0.349,0.297,0.542870027
0.072,0.0,0.025,0.0,1.0,0.348,0.278,0.619,0.37845862
0.577,0.726,0.0,0.04,0.619,0.774,0.302,0.518,0.002631615
0.0,0.0,0.0,0.0,0.685,0.293,0.356,0.158,0.175092769
0.119,0.657,0.066,0.0,0.854,0.921,0.661,0.226,0.114185249
0.314,0.696,0.0,0.092,0.882,0.804,0.203,0.467,0.020536581
0.113,0.423,0.0,0.0,0.639,1.0,0.132,0.249,0.045159136
0.412,0.44,0.211,0.127,0.738,0.649,0.243,0.199,0.003256387
0.43,0.032,0.0,0.194,0.575,0.679,0.327,0.451,0.069495983
0.182,0.217,0.0,0.003,0.482,0.366,0.345,0.169,0.02378092
0.266,0.617,0.127,0.164,0.814,0.734,0.6,0.409,0.017935946
0.322,0.603,0.0,0.172,0.896,0.82,0.388,0.712,0.056232918
0.241,0.0,0.0,0.241,0.789,0.309,0.33,0.431,0.091905159
0.239,0.0,0.0,0.0,0.71,0.75,0.56,0.607,0.665719469
0.142,0.192,0.0,0.0,0.738,0.531,0.499,0.445,0.303024722
0.239,0.141,0.0,0.0,0.707,0.631,0.558,0.574,0.416927705
0.024,0.0,0.058,0.0,0.795,0.204,0.396,0.474,0.268133877
0.206,0.06,0.0,0.0,0.939,0.724,0.561,0.386,0.574199844
0.267,0.008,0.013,0.0,0.826,0.314,0.29,0.305,0.281916725
0.362,0.0,0.0,0.055,0.566,0.474,0.388,0.206,0.111581172
0.257,0.0,0.0,0.0,0.723,0.796,0.572,0.468,0.674875906
0.046,0.129,0.133,0.0,0.683,0.716,0.17,0.619,0.079103358
0.089,0.578,0.192,0.127,0.836,1.0,0.718,0.239,0.050544567
0.025,0.0,0.0,0.0,0.836,0.345,0.583,0.717,0.487378918
0.644,0.0,0.0,0.0,0.68,0.495,0.395,0.734,0.061200113
0.186,0.385,0.0,0.0,0.94,1.0,0.307,0.516,0.345171873
0.105,0.0,0.0,0.0,1.0,0.34,0.517,0.489,0.46024867
0.362,0.158,0.059,0.0,0.699,0.492,0.122,0.453,0.065688833
0.328,0.476,0.0,0.0,0.811,1.0,0.448,0.552,0.328907148
0.4,0.0,0.0,0.0,0.53,0.199,0.717,0.1,0.028207679
0.396,0.015,0.0,0.158,0.753,0.234,0.638,0.239,0.051885331
0.272,0.0,0.0,0.0,0.531,0.775,0.724,0.37,0.251772769
0.422,0.0,0.0,0.0,0.683,0.731,0.604,0.387,0.463842399
0.247,0.445,0.0,0.0,0.816,1.0,0.601,0.694,0.390472142
0.161,0.466,0.127,0.0,0.564,1.0,0.267,0.242,0.055442917
0.113,0.0,0.0,0.032,1.0,0.927,0.212,0.718,0.409225627
0.392,0.142,0.0,0.0,0.542,0.42,0.511,0.531,0.105657026
0.296,0.012,0.0,0.0,0.768,0.889,0.595,0.616,0.776498592
0.441,0.538,0.0,0.0,0.62,0.751,0.446,0.631,0.052544526
0.15,0.502,0.024,0.0,0.954,0.892,0.249,0.71,0.156655973
0.45,0.0,0.0,0.16,0.739,0.33,0.444,0.699,0.177700288
0.101,0.111,0.0,0.0,0.784,0.712,0.784,0.521,0.550358685
0.563,0.0,0.0,0.151,0.799,0.717,0.565,0.734,0.228215596
0.414,0.154,0.0,0.0,0.497,0.441,0.562,0.344,0.050472279
0.503,0.0,0.0,0.136,0.604,0.217,0.756,0.218,0.022777499
0.28,0.026,0.0,0.0,0.578,0.835,0.353,0.153,0.180180444
0.282,0.0,0.318,0.0,0.505,0.205,0.682,0.134,0.00862977
0.022,0.625,0.0,0.0,0.903,1.0,0.564,0.377,0.259992909
0.151,0.619,0.0,0.11,1.0,0.809,0.503,0.62,0.069800624
0.216,0.282,0.0,0.0,0.878,1.0,0.4,0.394,0.459787405
0.206,0.127,0.0,0.0,0.982,0.184,0.516,0.393,0.078198041
0.224,0.198,0.0,0.008,0.427,0.24,0.602,0.267,0.007414649
0.378,0.907,0.0,0.0,0.716,1.0,0.53,0.367,0.070656028
0.07,0.0,0.0,0.0,0.779,0.255,0.71,0.107,0.123391599
0.368,0.838,0.0,0.224,0.736,1.0,0.204,0.518,0.021168237
0.0,0.0,0.136,0.072,0.857,0.317,0.228,0.429,0.126541276
0.101,0.819,0.084,0.0,0.982,1.0,0.279,0.302,0.092986031
0.079,0.0,0.0,0.0,0.591,0.847,0.305,0.472,0.360261062
0.425,0.736,0.0,0.0,0.461,0.964,0.514,0.423,0.008345783
0.353,0.0,0.0,0.0,0.891,0.699,0.349,0.515,0.589369927
0.04,0.0,0.0,0.0,0.77,0.381,0.179,0.524,0.225540953
0.049,0.069,0.049,0.0,0.893,0.181,0.315,0.119,0.052592718
0.44,0.74,0.0,0.0,0.624,0.76,0.42,0.482,0.004400942
0.294,0.343,0.009,0.0,0.556,0.351,0.839,0.364,0.003702161
0.323,0.0,0.0,0.092,0.827,0.166,0.383,0.351,0.123861469
0.346,0.411,0.0,0.0,0.511,0.716,0.276,0.36,0.022144121
0.437,0.225,0.0,0.0,0.497,0.336,0.293,0.177,0.008691731
0.261,0.392,0.0,0.198,0.842,1.0,0.478,0.514,0.161774628
0.177,0.0,0.0,0.0,1.0,0.34,0.43,0.122,0.181946328
0.354,0.831,0.0,0.0,0.717,1.0,0.531,0.615,0.136737279
0.102,0.11,0.0,0.118,0.657,0.14,0.548,0.225,0.011424893
0.312,0.0,0.0,0.0,0.68,0.334,0.364,0.443,0.340593654
0.122,0.0,0.0,0.0,0.626,0.28,0.223,0.544,0.174006733
0.385,0.64,0.0,0.0,0.709,1.0,0.396,0.346,0.173245991
0.355,0.06,0.0,0.062,0.751,0.406,0.669,0.115,0.066055434
0.0,0.0,0.083,0.0,0.73,0.33,0.098,0.287,0.016963505
0.358,0.0,0.196,0.0,0.798,0.417,0.744,0.529,0.235437478
0.0,0.0,0.0,0.036,0.672,0.877,0.403,0.059,0.039703139
0.01,0.395,0.0,0.0,0.894,0.66,0.161,0.38,0.049527376
0.088,0.01,0.0,0.08,0.736,0.357,0.602,0.704,0.330719503
0.135,0.0,0.005,0.0,1.0,0.295,0.358,0.716,0.389642555
0.449,0.798,0.0,0.0,0.72,0.997,0.3,0.512,0.110784287
0.594,0.087,0.0,0.041,0.657,0.208,0.508,0.477,0.026443516
0.491,0.444,0.116,0.0,0.526,1.0,0.672,0.48,0.025438373
0.471,0.0,0.004,0.45,0.705,0.363,0.056,0.523,0.000376929
0.137,0.0,0.08,0.0,0.675,0.642,0.708,0.585,0.504490441
0.644,0.551,0.045,0.404,0.755,1.0,0.227,0.588,0.00775027
0.193,0.078,0.114,0.0,0.637,0.917,0.219,0.508,0.20002685
0.438,0.862,0.035,0.0,0.478,1.0,0.359,0.266,0.007655608
0.095,0.0,0.093,0.048,1.0,0.201,0.211,0.226,0.055847384
0.163,0.0,0.0,0.0,0.468,0.438,0.41,0.415,0.124746133
0.578,0.003,0.176,0.0,0.752,0.164,0.309,0.379,0.032649928
0.468,0.0,0.172,0.0,0.655,0.299,0.253,0.449,0.058386057
0.371,0.508,0.0,0.0,0.56,1.0,0.512,0.628,0.114766993
0.019,0.0,0.2,0.074,0.94,0.25,0.254,0.485,0.041233228
0.021,0.0,0.0,0.0,0.911,0.384,0.733,0.688,0.528238659
0.073,0.508,0.053,0.0,0.852,1.0,0.463,0.221,0.212401809
0.42,0.195,0.18,0.0,0.461,0.455,0.548,0.207,0.008504127
0.0,0.032,0.0,0.33,0.913,0.312,0.382,0.454,0.041147171
0.078,0.0,0.0,0.0,0.63,0.844,0.628,0.22,0.395828313
0.03,0.053,0.0,0.257,0.924,0.469,0.323,0.275,0.017452307
0.015,0.368,0.04,0.0,0.921,0.626,0.566,0.498,0.167728033
0.0,0.076,0.0,0.0,0.7,0.48,0.427,0.339,0.37119371
0.0,0.743,0.0,0.0,0.851,0.99,0.487,0.375,0.194116473
0.338,0.246,0.094,0.0,0.867,0.832,0.209,0.06,0.028971863
0.31,0.352,0.0,0.0,0.335,0.521,0.21,0.252,0.000611003
0.074,0.269,0.048,0.091,0.905,0.353,0.195,0.299,0.020385121
0.306,0.144,0.0,0.0,0.55,0.984,0.404,0.389,0.241418422
0.233,0.165,0.0,0.069,0.981,0.796,0.369,0.085,0.01122352
0.115,0.74,0.0,0.0,0.972,1.0,0.403,0.476,0.204205765
0.447,0.0,0.06,0.0,0.503,0.411,0.182,0.722,0.029605241
0.241,0.094,0.0,0.0,0.577,0.834,0.74,0.556,0.334511163
0.338,0.0,0.0,0.0,0.363,0.643,0.609,0.416,0.015860258
0.287,0.17,0.0,0.0,0.555,0.469,0.734,0.399,0.139491095
0.445,0.035,0.0,0.0,0.659,0.637,0.401,0.582,0.351898068
0.143,0.482,0.0,0.004,0.892,1.0,0.709,0.211,0.214888849
0.119,0.0,0.111,0.0,1.0,0.564,0.616,0.258,0.378114394
0.617,0.685,0.0,0.0,0.726,1.0,0.334,0.364,0.058425644
0.44,0.0,0.0,0.0,0.7,0.524,0.401,0.549,0.418029232
0.374,0.0,0.0,0.0,0.687,0.826,0.356,0.316,0.45392522
0.196,0.535,0.118,0.013,1.0,0.638,0.398,0.595,0.040543052
0.245,0.395,0.115,0.0,1.0,0.716,0.492,0.315,0.121677349
0.325,0.0,0.002,0.383,0.835,0.46,0.423,0.521,0.041687607
0.391,0.0,0.248,0.0,0.535,0.919,0.298,0.567,0.025214626
0.113,0.0,0.0,0.377,1.0,0.658,0.65,0.789,0.081371813
0.323,0.0,0.139,0.199,0.843,0.504,0.346,0.226,0.018058147
0.398,0.0,0.028,0.288,1.0,0.76,0.306,0.775,0.143666568
0.103,0.096,0.279,0.006,0.694,0.516,0.418,0.116,0.028901296
0.116,0.0,0.273,0.092,0.801,0.848,0.303,0.387,0.015455791
0.313,0.0,0.0,0.07,0.336,0.424,0.331,0.15,0.001598934
0.244,0.281,0.0,0.07,0.892,0.514,0.249,0.834,0.103972035
0.191,0.0,0.0,0.0,0.902,0.687,0.388,0.42,0.610489973
0.02,0.0,0.0,0.0,0.72,0.58,0.54,0.06,0.12243637
0.456,0.032,0.03,0.0,0.5,0.541,0.061,0.389,0.002719393
0.0,0.0,0.007,0.04,0.698,0.673,0.206,0.22,0.175810482
0.618,0.0,0.0,0.222,0.686,0.514,0.497,0.471,0.038710044
0.341,0.0,0.0,0.0,0.687,0.456,0.309,0.699,0.402292896
0.012,0.0,0.0,0.047,0.618,0.678,0.352,0.075,0.036803026
0.278,0.0,0.0,0.248,0.839,0.501,0.349,0.659,0.155865972
0.431,0.0,0.0,0.332,0.597,0.444,0.474,0.485,0.026142317
0.155,0.0,0.172,0.0,0.86,0.813,0.312,0.118,0.113247231
0.024,0.0,0.033,0.086,1.0,0.543,0.574,0.432,0.404162048
0.401,0.525,0.237,0.0,0.588,1.0,0.55,0.417,0.054035029
0.0,0.348,0.0,0.0,0.839,0.385,0.449,0.706,0.034961412
0.268,0.0,0.07,0.0,0.799,0.564,0.264,0.438,0.403382374
0.218,0.26,0.0,0.0,0.645,0.652,0.365,0.285,0.163024172
0.378,0.0,0.0,0.217,0.965,0.68,0.276,0.256,0.03553455
0.259,0.586,0.0,0.0,0.543,0.892,0.141,0.455,0.012318162
0.056,0.09,0.0,0.0,0.66,0.855,0.246,0.292,0.291594666
0.223,0.584,0.0,0.0,0.959,0.767,0.609,0.853,0.098457519
0.32,0.0,0.0,0.0,0.625,0.844,0.465,0.602,0.485778263
0.0,0.032,0.0,0.0,0.769,0.213,0.553,0.125,0.105085609
0.208,0.629,0.0,0.0,0.854,1.0,0.289,0.719,0.219957591
0.214,0.437,0.0,0.0,0.438,0.735,0.43,0.273,0.018892897
0.162,0.589,0.0,0.112,1.0,1.0,0.691,0.566,0.190235314
0.522,0.309,0.132,0.122,0.551,1.0,0.353,0.368,0.015071978
0.349,0.07,0.0,0.0,0.941,0.975,0.337,0.578,0.677652097
0.443,0.0,0.0,0.146,0.733,0.508,0.396,0.828,0.248974204
0.092,0.567,0.038,0.0,0.976,0.794,0.084,0.451,0.009545414
0.36,0.36,0.058,0.0,0.93,0.684,0.154,0.25,0.041763337
0.412,0.0,0.051,0.0,0.705,0.849,0.222,0.231,0.23985391
0.303,0.383,0.0,0.0,0.592,0.894,0.544,0.465,0.152506317
0.273,0.165,0.0,0.0,0.456,0.679,0.641,0.288,0.07608965
0.171,0.0,0.0,0.394,0.981,0.491,0.586,0.549,0.044021466
0.093,0.0,0.0,0.165,0.987,0.621,0.361,0.274,0.147024502
0.042,0.0,0.0,0.0,0.789,0.386,0.438,0.042,0.070688729
0.476,0.275,0.0,0.0,0.712,0.587,0.576,0.646,0.172896601
0.0,0.0,0.0,0.022,0.902,0.697,0.702,0.133,0.235664668
0.085,0.0,0.005,0.0,0.741,0.313,0.056,0.198,0.010863803
0.403,0.069,0.0,0.0,0.671,0.359,0.63,0.26,0.211035228
0.306,0.019,0.0,0.0,0.424,0.825,0.639,0.314,0.079414883
0.353,0.0,0.0,0.0,0.378,0.503,0.458,0.65,0.016111543
0.206,0.0,0.206,0.0,1.0,0.362,0.37,0.367,0.155280786
0.114,0.622,0.0,0.0,1.0,0.701,0.457,0.898,0.040546495
0.43,0.0,0.338,0.0,0.583,0.727,0.631,0.322,0.030612104
0.056,0.531,0.0,0.054,1.0,1.0,0.671,0.189,0.135460197
0.115,0.084,0.08,0.0,1.0,0.166,0.314,0.43,0.086194433
0.395,0.071,0.0,0.0,0.443,0.33,0.43,0.318,0.024171618
0.266,0.454,0.0,0.07,1.0,0.59,0.29,0.121,0.007986066
0.189,0.0,0.0,0.208,1.0,0.569,0.426,1.0,0.242094828
0.0,0.0,0.0,0.0,0.74,0.246,0.298,0.254,0.20850516
0.271,0.083,0.0,0.0,0.77,0.917,0.475,0.514,0.688643264
0.185,0.062,0.0,0.0,1.0,0.71,0.413,0.373,0.533021693
0.0,0.09,0.0,0.0,0.645,0.276,0.387,0.557,0.191360936
0.016,0.275,0.152,0.0,1.0,0.413,0.363,0.292,0.064275781
0.197,0.1,0.0,0.006,0.463,0.495,0.159,0.51,0.032641322
0.0,0.072,0.0,0.0,0.781,0.228,0.512,0.55,0.233866082
0.599,0.068,0.0,0.0,0.748,0.266,0.448,0.895,0.096524685
0.289,0.566,0.0,0.225,0.771,1.0,0.317,0.443,0.069329033
0.073,0.037,0.0,0.0,1.0,0.558,0.43,0.208,0.35936435
0.195,0.415,0.0,0.042,0.52,0.529,0.535,0.202,0.013779406
0.367,0.0,0.0,0.184,0.75,0.795,0.456,0.212,0.040395035
0.087,0.849,0.0,0.0,0.971,1.0,0.549,0.741,0.16265757
0.395,0.0,0.0,0.042,0.699,0.529,0.439,0.437,0.384563486
0.285,0.0,0.0,0.0,0.686,0.569,0.541,0.103,0.185460885
0.081,0.677,0.0,0.355,1.0,1.0,0.263,0.376,0.00421678
0.0,0.0,0.0,0.0,0.967,0.188,0.394,0.585,0.269016819
0.087,0.0,0.0,0.0,1.0,0.409,0.398,0.495,0.500213421
0.294,0.084,0.132,0.0,0.408,0.411,0.171,0.447,0.007321708
0.399,0.124,0.0,0.0,0.925,0.126,0.109,0.827,0.004571334
0.0,0.0,0.0,0.043,0.886,0.533,0.658,0.172,0.240249771
0.331,0.004,0.204,0.0,0.482,0.601,0.583,0.358,0.063972861
0.179,0.534,0.146,0.132,0.918,0.772,0.491,0.513,0.051475701
0.334,0.0,0.0,0.049,0.49,0.368,0.373,0.734,0.082117065
0.033,0.0,0.071,0.0,0.89,0.473,0.323,0.528,0.460672069
0.421,0.621,0.0,0.0,0.574,1.0,0.382,0.265,0.071124176
0.436,0.156,0.0,0.0,0.67,0.311,0.662,0.451,0.12906446
0.311,0.29,0.037,0.0,0.507,0.426,0.69,0.527,0.035894267
0.227,0.098,0.169,0.0,0.614,0.54,0.407,0.339,0.14122772
0.365,0.061,0.007,0.0,0.659,0.145,0.297,0.184,0.045370836
0.0,0.148,0.099,0.0,0.79,0.474,0.235,0.487,0.177636606
0.047,0.0,0.114,0.0,0.848,0.764,0.219,0.226,0.195878915
0.335,0.162,0.0,0.0,0.557,0.215,0.278,0.168,0.015123612
0.174,0.005,0.0,0.0,0.953,0.961,0.564,0.596,0.904020915
0.393,0.0,0.0,0.11,0.544,0.244,0.288,0.234,0.030488183
0.411,0.051,0.0,0.124,0.706,0.161,0.482,0.782,0.081129133
0.467,0.0,0.0,0.0,0.791,0.683,0.561,0.474,0.510839707
0.274,0.064,0.0,0.0,0.765,0.569,0.205,0.484,0.288031917
0.241,0.124,0.0,0.0,0.876,0.564,0.581,0.571,0.455355483
0.351,0.508,0.071,0.273,0.811,0.814,0.202,0.894,0.026459006
0.157,0.069,0.0,0.0,0.87,0.77,0.438,0.72,0.635539369
0.183,0.0,0.0,0.03,0.447,0.461,0.373,0.22,0.06272676
0.467,0.035,0.0,0.141,0.614,0.215,0.338,0.297,0.037247079
0.348,0.504,0.0,0.0,0.785,1.0,0.311,0.259,0.182455784
0.21,0.0,0.0,0.0,0.896,0.869,0.464,0.347,0.683397245
0.333,0.04,0.048,0.0,0.521,0.611,0.862,0.293,0.160676544
0.31,0.0,0.0,0.17,0.814,0.592,0.573,0.173,0.006653907
0.035,0.0,0.0,0.0,0.791,0.276,0.473,0.221,0.260655546
0.296,0.0,0.0,0.0,0.506,0.052,0.446,0.665,0.020130393
0.532,0.423,0.147,0.0,0.58,1.0,0.52,0.721,0.047308834
0.084,0.673,0.0,0.0,0.957,1.0,0.176,0.202,0.061972902
0.441,0.0,0.0,0.0,0.656,0.389,0.595,0.299,0.2520929
0.544,0.0,0.057,0.055,0.632,0.567,0.307,0.463,0.114271306
0.179,0.0,0.009,0.065,0.648,0.734,0.688,0.072,0.009257984
0.372,0.0,0.0,0.129,0.774,0.212,0.378,0.145,0.011099599
0.192,0.62,0.0,0.103,0.951,0.914,0.555,0.974,0.138852554
0.514,0.0,0.0,0.234,0.812,0.818,0.426,0.454,0.160222164
0.194,0.0,0.0,0.059,0.923,0.702,0.438,0.112,0.124794324
0.129,0.232,0.0,0.0,1.0,0.456,0.38,0.363,0.193959849
0.551,0.558,0.0,0.186,0.562,1.0,0.367,0.389,0.004764101
0.132,0.397,0.0,0.0,0.584,0.547,0.435,0.532,0.050016179
0.357,0.0,0.298,0.07,0.743,0.514,0.459,0.432,0.061311987
0.231,0.001,0.0,0.0,0.449,0.132,0.544,0.511,0.036470847
0.099,0.0,0.161,0.069,0.644,0.556,0.172,0.163,0.00776576
0.47,0.043,0.0,0.0,0.623,0.24,0.648,0.422,0.121957894
0.462,0.0,0.0,0.091,0.664,0.679,0.502,0.332,0.217115998
0.201,0.056,0.109,0.0,0.605,0.221,0.255,0.418,0.076807364
0.168,0.236,0.116,0.0,0.887,0.547,0.157,0.516,0.047544629
0.457,0.052,0.0,0.0,0.617,0.565,0.462,0.572,0.246170475
0.28,0.0,0.0,0.0,0.348,0.563,0.169,0.429,0.008550598
0.037,0.0,0.0,0.0,0.896,0.662,0.254,0.579,0.486771358
0.452,0.0,0.0,0.0,0.516,0.306,0.302,0.646,0.050222715
0.289,0.0,0.057,0.057,0.609,0.55,0.247,0.545,0.198441685
0.137,0.034,0.0,0.0,1.0,0.404,0.426,0.344,0.4067885
0.312,0.0,0.211,0.16,0.681,0.35,0.305,0.205,0.0126796
0.268,0.206,0.0,0.339,0.668,0.232,0.643,0.422,0.001800307
0.27,0.0,0.0,0.0,1.0,0.304,0.558,0.506,0.411335738
0.299,0.581,0.0,0.102,0.582,1.0,0.874,0.149,0.020715579
0.311,0.616,0.0,0.0,0.585,1.0,0.253,0.309,0.070322128
0.172,0.0,0.038,0.564,0.981,0.482,0.114,0.642,0.000796885
0.0,0.0,0.0,0.0,0.763,0.769,0.168,0.504,0.313926391
0.222,0.148,0.0,0.0,0.977,0.54,0.491,0.406,0.370704908
0.0,0.0,0.06,0.0,0.945,0.406,0.062,0.436,0.015853373
0.357,0.0,0.0,0.0,0.779,0.653,0.587,0.726,0.637933468
0.513,0.0,0.0,0.201,0.833,0.416,0.357,0.616,0.142578811
0.18,0.0,0.0,0.0,0.48,0.697,0.528,0.732,0.178679614
0.156,0.365,0.0,0.05,0.685,0.552,0.482,0.508,0.086352778
0.203,0.0,0.158,0.0,0.478,0.44,0.358,0.173,0.050873304
0.261,0.012,0.082,0.0,0.632,0.744,0.342,0.554,0.367627519
0.134,0.0,0.0,0.027,0.9,0.261,0.344,0.395,0.268932483
0.178,0.428,0.0,0.0,0.531,1.0,0.234,0.067,0.021977171
0.223,0.159,0.182,0.0,0.662,0.663,0.394,0.515,0.154427103
0.404,0.105,0.0,0.158,0.716,0.289,0.503,0.452,0.096428301
0.384,0.036,0.0,0.0,0.853,0.852,0.624,0.379,0.600373142
0.315,0.034,0.064,0.0,0.46,0.488,0.511,0.4,0.090992957
0.42,0.48,0.0,0.373,0.722,0.843,0.43,0.475,0.014763895
0.0,0.03,0.0,0.325,0.881,0.087,0.504,0.736,0.016053025
0.287,0.0,0.056,0.0,0.509,0.41,0.277,0.259,0.099476431
0.508,0.0,0.0,0.154,0.658,0.324,0.628,0.271,0.056757864
0.278,0.354,0.0,0.0,0.792,1.0,0.519,0.258,0.319396157
0.225,0.797,0.049,0.125,0.705,0.98,0.406,0.136,0.00444397
0.398,0.638,0.125,0.0,0.447,1.0,0.694,0.325,0.010211493
0.264,0.863,0.0,0.018,0.833,0.865,0.35,0.585,0.001889806
0.053,0.884,0.075,0.0,0.896,1.0,0.138,0.463,0.025481401
0.078,0.15,0.0,0.0,0.826,0.906,0.541,0.058,0.119376192
0.647,0.0,0.0,0.0,0.662,0.647,0.54,0.416,0.026997721
0.06,-0.0,0.015,0.206,0.884,0.506,0.319,0.568,0.192462462
0.586,0.0,0.12,0.014,0.756,0.575,0.123,0.46,0.013030712
0.303,0.0,0.0,0.138,0.836,0.455,0.376,0.365,0.218338003
0.028,0.165,0.0,0.0,1.0,0.319,0.393,0.417,0.179085802
0.112,0.0,0.0,0.0,0.749,0.528,0.242,0.739,0.403733486
0.0,0.0,0.048,0.0,0.652,0.668,0.256,0.333,0.3031125
0.003,0.0,0.0,0.305,0.977,0.667,0.536,0.393,0.067532168
0.306,0.318,0.0,0.0,0.347,0.854,0.391,0.389,0.006734801
0.172,0.873,0.135,0.0,0.587,1.0,0.441,0.465,0.058201896
0.1,0.819,0.0,0.0,0.808,0.886,0.633,0.503,0.056114159
0.404,0.034,0.321,0.0,0.423,0.127,0.376,0.536,0.000240959
0.0,0.15,0.059,0.0,0.792,0.261,0.275,0.391,0.108500341
0.251,0.0,0.0,0.0,0.508,0.477,0.36,0.506,0.16065589
0.275,0.4,0.129,0.159,0.652,0.462,0.416,0.188,0.00186571
0.125,0.0,0.247,0.153,0.649,0.622,0.328,0.217,0.013629667
0.14,0.107,0.0,0.0,0.639,0.37,0.622,0.24,0.197822076
0.304,0.0,0.0,0.0,0.399,0.596,0.141,0.38,0.015447185
0.159,0.0,0.0,0.0,0.688,0.51,0.363,0.238,0.348607258
0.511,0.0,0.0,0.0,0.572,0.034,0.545,0.397,0.008548877
0.445,0.004,0.0,0.0,0.551,0.901,0.423,0.704,0.199448548
0.316,0.0,0.0,0.242,0.714,0.399,0.718,0.277,0.027892711
0.093,0.0,0.0,0.0,0.534,0.629,0.262,0.566,0.182219989
0.267,0.864,0.056,0.0,0.659,1.0,0.338,0.601,0.086450882
0.468,0.0,0.0,0.169,0.626,0.225,0.331,0.53,0.064014168
0.319,0.0,0.0,0.0,0.418,0.176,0.688,0.17,0.017824072
0.231,0.0,0.1,0.0,0.597,0.208,0.597,0.25,0.119066388
0.077,0.881,0.0,0.266,0.727,0.919,0.322,0.615,0.005560987
0.494,0.0,0.0,0.24,0.881,0.365,0.348,0.703,0.11189614
0.005,0.0,0.0,0.0,0.673,0.285,0.461,0.14,0.16098979
0.224,0.21,0.0,0.084,1.0,0.474,0.435,0.372,0.160710966
0.347,0.137,0.0,0.0,0.674,0.341,0.581,0.284,0.170215073
0.188,0.0,0.0,0.0,0.637,0.602,0.744,0.189,0.298685741
0.0,0.0,0.0,0.0,0.762,0.273,0.37,0.319,0.300666768
0.0,0.0,0.0,0.083,0.823,0.692,0.495,0.677,0.518844705
0.411,0.0,0.0,0.0,0.537,0.817,0.788,0.18,0.129573916
0.15,0.154,0.0,0.0,0.901,0.246,0.242,0.632,0.087815742
0.323,0.269,0.088,0.004,0.751,1.0,0.397,0.485,0.397547727
0.065,0.115,0.208,0.0,0.793,0.484,0.277,0.391,0.086877724
0.133,0.395,0.141,0.186,1.0,0.45,0.162,0.947,0.001025796
0.127,0.733,0.0,0.0,0.837,0.979,0.553,0.551,0.209997384
0.237,0.13,0.105,0.0,0.717,0.137,0.107,0.619,0.000509456
0.162,0.796,0.215,0.0,0.694,1.0,0.543,0.372,0.070554481
0.349,0.0,0.0,0.0,0.954,0.474,0.409,0.319,0.430020378
0.368,0.039,0.0,0.0,0.491,0.823,0.253,0.467,0.088485264
0.0,0.0,0.0,0.0,0.812,0.383,0.663,0.578,0.51797209
0.426,0.488,0.005,0.073,0.537,1.0,0.147,0.262,0.00894818
0.357,0.738,0.0,0.0,0.596,1.0,0.537,0.516,0.101725954
0.29,0.133,0.056,0.0,0.769,0.144,0.278,0.128,0.005011945
0.427,0.0,0.0,0.059,0.617,0.903,0.309,0.575,0.278892691
0.388,0.0,0.0,0.079,0.41,0.515,0.773,0.327,0.009655566
0.251,0.042,0.031,0.071,1.0,0.481,0.332,0.419,0.301826813
0.088,0.0,0.018,0.0,1.0,0.632,0.589,0.546,0.671745162
0.323,0.0,0.0,-0.0,0.707,0.328,0.791,0.519,0.395014217
0.194,0.458,0.044,0.0,0.922,0.776,0.137,0.553,0.046988702
0.136,0.715,0.0,0.0,1.0,1.0,0.51,0.301,0.191522722
0.073,0.463,0.166,0.0,1.0,0.475,0.349,0.617,0.004101464
0.352,0.194,0.0,0.0,0.491,0.306,0.053,0.123,0.0005456
0.131,0.636,0.0,0.0,0.749,0.864,0.411,0.234,0.079869263
0.167,0.64,0.0,0.0,0.903,0.993,0.518,0.651,0.273677652
0.566,0.0,0.0,0.472,0.622,0.556,0.09,0.774,0.001008585
0.0,0.199,0.0,0.0,0.888,0.318,0.357,0.627,0.139577152
0.0,0.058,0.0,0.024,0.939,0.598,0.766,0.036,0.014891259
0.0,0.0,0.0,0.0,0.805,0.308,0.537,0.124,0.175151288
0.249,0.212,0.0,0.0,0.811,0.571,0.334,0.465,0.274815322
0.026,0.0,0.0,0.187,0.906,0.565,0.474,0.412,0.220053975
0.256,0.0,0.0,0.125,0.736,0.726,0.568,0.531,0.396616593
0.547,0.457,0.0,0.0,0.549,0.849,0.804,0.741,0.001619588
0.286,0.6,0.118,0.04,0.897,0.751,0.307,0.695,0.042088632
0.202,0.0,0.068,0.134,0.947,0.461,0.356,0.263,0.151998582
0.386,0.689,0.0,0.074,0.754,0.712,0.42,0.718,0.008001556
0.179,0.0,0.039,0.0,0.536,0.617,0.174,0.459,0.099574535
0.153,0.0,0.104,0.0,0.708,0.34,0.411,0.512,0.341318252
0.227,0.0,0.0,0.0,0.694,0.311,0.567,0.198,0.23838234
0.485,0.23,0.0,0.0,0.565,0.947,0.581,0.635,0.126599795
0.182,0.213,0.069,0.031,0.665,0.548,0.476,0.054,0.016071957
0.129,0.0,0.0,0.035,0.754,0.683,0.378,0.179,0.266233744
0.486,0.438,0.0,0.255,0.657,1.0,0.444,0.663,0.061539176
0.511,0.045,0.05,0.0,0.567,0.077,0.284,0.375,0.005182337
0.317,0.0,0.013,0.212,0.766,0.628,0.472,0.503,0.214985233
0.199,0.316,0.219,0.0,0.646,0.362,0.691,0.213,0.011674458
0.052,0.293,0.0,0.005,0.753,0.363,0.721,0.037,0.007393995
0.24,0.028,0.0,0.017,0.519,0.222,0.608,0.326,0.087036068
0.152,0.118,0.0,0.055,0.891,0.859,0.572,0.311,0.408867631
0.003,0.684,0.28,0.0,0.861,1.0,0.447,0.23,0.042474166
0.0,0.0,0.072,0.0,0.822,0.824,0.625,0.424,0.688510736
0.244,0.496,0.0,0.0,0.849,1.0,0.36,0.629,0.310814579
0.308,0.025,0.0,0.0,0.604,0.502,0.435,0.644,0.325562983
0.376,0.241,0.059,0.097,0.692,0.915,0.395,0.333,0.17909785
0.448,0.0,0.0,0.0,0.868,0.611,0.555,0.899,0.543758132
0.194,0.285,0.14,0.0,1.0,0.676,0.223,0.199,0.04919864
0.0,0.045,0.0,0.0,0.856,0.205,0.208,0.095,0.044668613
0.176,0.0,0.0,0.0,0.455,0.319,0.56,0.405,0.096111612
0.0,0.0,0.0,0.021,0.824,0.381,0.614,0.223,0.32661976
0.045,0.0,0.0,0.0,0.685,0.885,0.364,0.539,0.644019401
0.383,0.0,0.0,0.0,0.419,0.501,0.491,0.521,0.027744694
0.186,0.086,0.0,0.019,0.901,0.264,0.403,0.444,0.225577097
0.236,0.608,0.0,0.0,0.468,1.0,0.375,0.457,0.040971615
0.22,0.456,0.0,0.0,0.865,1.0,0.584,0.361,0.32765072
0.096,0.0,0.0,0.0,1.0,0.388,0.264,0.537,0.387637433
0.142,0.51,0.0,0.124,1.0,1.0,0.669,0.281,0.131739103
0.346,0.396,0.239,0.0,0.766,1.0,0.427,0.681,0.128400102
0.25,0.618,0.0,0.089,0.702,1.0,0.561,0.238,0.094077231
0.147,0.145,0.085,0.0,0.775,0.167,0.188,0.522,0.012880973
0.284,0.0,0.0,0.22,0.713,0.469,0.513,0.311,0.082419984
0.244,0.0,0.0,0.0,0.664,0.278,0.239,0.157,0.114570783
0.158,0.0,0.0,0.0,1.0,0.446,0.171,0.296,0.204312475
0.4,0.201,0.0,0.0,0.655,0.376,0.401,0.678,0.129598012
0.413,0.0,0.0,0.0,0.803,0.519,0.435,0.287,0.392878288
0.343,0.0,0.01,0.0,0.902,0.689,0.324,0.434,0.542419089
0.288,0.0,0.0,0.0,0.985,0.411,0.538,0.684,0.520968586
0.139,0.521,0.0,0.0,0.875,1.0,0.417,0.629,0.327449347
0.33,0.449,0.0,0.0,0.679,0.595,0.404,0.423,0.059387758
0.415,0.839,0.0,0.0,0.6,1.0,0.503,0.708,0.070914198
0.056,0.0,0.0,0.0,1.0,0.37,0.434,0.32,0.409619767
0.282,0.216,0.0,0.0,0.763,1.0,0.363,0.56,0.530942562
0.073,0.466,0.0,0.0,1.0,1.0,0.218,0.512,0.205907967
0.132,0.26,0.0,0.0,0.779,0.334,0.623,0.452,0.083958679
0.382,0.084,0.0,0.0,0.742,0.96,0.652,0.258,0.490406394
0.077,0.0,0.0,0.0,0.751,0.366,0.407,0.389,0.425135798
0.365,0.463,0.0,0.171,0.696,1.0,0.346,0.497,0.110467598
0.156,0.265,0.0,0.0,0.779,0.73,0.738,0.182,0.190524464
0.451,0.0,0.0,0.0,0.504,0.566,0.415,0.455,0.066108789
0.288,0.221,0.0,0.377,1.0,0.906,0.453,0.625,0.057687277
0.264,0.67,0.0,0.0,0.576,1.0,0.281,0.342,0.073433939
0.252,0.0,0.0,0.139,0.691,0.128,0.422,0.663,0.089395744
0.228,0.069,0.0,0.0,1.0,0.831,0.515,0.271,0.508664193
0.438,0.0,0.054,0.0,0.575,0.653,0.916,0.455,0.226337838
0.157,0.267,0.275,0.0,0.906,1.0,0.332,0.543,0.050906005
0.52,0.292,0.0,0.0,0.679,0.396,0.661,0.366,0.046131577
0.218,0.84,0.0,0.286,0.614,0.927,0.35,0.45,0.004643622
0.258,0.575,0.0,0.0,1.0,0.647,0.487,0.751,0.038322789
0.313,0.0,0.0,0.0,0.448,0.084,0.328,0.104,0.007273516
0.421,0.0,0.0,0.0,0.613,0.366,0.73,0.355,0.227102022
0.558,0.034,0.0,0.024,0.565,0.939,0.635,0.584,0.020541744
0.3,0.662,0.0,0.189,1.0,0.96,0.262,0.419,0.051498076
0.406,0.247,0.005,0.414,0.762,0.959,0.51,0.588,0.036746229
0.304,0.27,0.0,0.105,0.759,0.302,0.606,0.155,0.006538591
0.054,0.028,0.096,0.0,0.772,0.439,0.267,0.238,0.214797629
0.147,0.098,0.121,0.0,0.504,0.34,0.303,0.37,0.060861049
0.133,0.455,0.047,0.251,1.0,1.0,0.257,0.866,0.082621357
0.221,0.014,0.0,0.0,0.871,0.609,0.495,0.233,0.432803453
0.297,0.228,0.0,0.168,1.0,0.473,0.385,0.431,0.086719379
0.033,0.0,0.007,0.251,0.909,0.183,0.205,0.551,0.043460376
0.113,0.861,0.0,0.0,0.808,1.0,0.604,0.34,0.129023153
0.331,0.0,0.081,0.0,0.718,0.376,0.283,0.301,0.252853642
0.316,0.0,0.0,0.0,0.734,0.379,0.365,0.513,0.42911334
0.598,0.0,0.222,0.029,0.608,0.316,0.505,0.185,0.001822682
0.55,0.0,0.024,0.0,0.787,0.681,0.309,0.586,0.334604105
0.4,0.0,0.0,0.0,0.711,0.689,0.695,0.437,0.532431344
0.143,0.219,0.0,0.313,1.0,0.231,0.335,0.422,0.001838172
0.104,0.0,0.118,0.183,0.847,0.609,0.307,0.246,0.06339456
0.247,0.0,0.0,0.087,0.535,0.703,0.525,0.17,0.071969254
0.354,0.0,0.0,0.092,0.532,0.475,0.466,0.151,0.034486379
0.0,0.0,0.0,0.0,0.831,0.672,0.537,0.41,0.650086401
0.083,0.0,0.0,0.0,0.976,0.655,0.429,0.635,0.671593702
