0.136,0.471,0.671,0.724,0.715,1.0,0.214180013
0.426,0.496,0.699,0.623,0.705,1.0,0.009450387
0.324,0.364,0.732,0.728,0.89,1.0,0.064234874
0.414,0.441,0.516,0.636,0.76,1.0,0.018004982
0.466,0.558,0.808,0.586,0.695,1.0,0.002253213
0.359,0.199,0.865,0.693,1.0,0.972,0.045501309
0.105,0.225,0.793,0.949,1.0,1.0,0.797553944
0.173,0.583,0.878,0.688,0.603,0.97,0.00689697
0.346,0.188,0.568,0.705,1.0,1.0,0.051554529
0.369,0.602,0.62,0.407,0.669,1.0,0.000680879
0.298,0.611,0.808,0.473,0.653,1.0,0.002544261
0.203,0.424,0.885,0.572,0.848,0.967,0.227844332
0.0,0.278,0.679,0.778,0.985,1.0,0.98739579
0.167,0.221,0.792,0.603,1.0,1.0,0.423294635
0.202,0.225,0.541,0.574,1.0,1.0,0.2823556
0.175,0.176,0.599,0.596,1.0,1.0,0.413141203
0.499,0.248,0.692,0.552,1.0,1.0,0.004036605
0.429,0.281,0.517,0.629,0.95,1.0,0.017316393
0.146,0.591,0.454,0.63,0.68,1.0,0.015947889
0.057,0.417,0.845,0.803,0.77,1.0,0.987187623
0.352,0.278,0.761,0.429,0.559,1.0,0.026047833
0.0,0.363,0.602,0.751,0.601,1.0,0.972247319
0.041,0.442,0.794,0.993,0.727,1.0,0.700742895
0.104,0.289,0.688,0.948,0.964,1.0,0.815166685
0.302,0.244,0.525,0.716,0.592,1.0,0.074330963
0.268,0.154,0.9,0.433,0.683,0.963,0.100320008
0.374,0.401,0.891,0.644,0.435,0.952,0.004740131
0.147,0.212,0.905,0.714,0.975,0.944,0.230582303
0.045,0.102,0.689,0.686,0.865,1.0,0.986909586
0.023,0.172,0.67,0.758,0.665,1.0,0.984486756
0.0,0.0,0.827,0.727,0.896,1.0,0.987201116
0.0,0.442,0.463,0.791,0.459,1.0,0.190653793
0.183,0.004,0.715,0.52,0.832,1.0,0.395895645
0.151,0.296,0.511,0.901,0.958,1.0,0.452576281
0.205,0.583,0.898,0.846,0.67,0.939,0.007405341
0.128,0.165,0.926,0.648,1.0,0.926,0.0
0.587,0.336,0.593,0.85,0.5,1.0,0.000913139
0.391,0.222,0.85,0.443,0.968,1.0,0.015079082
0.347,0.22,0.592,0.706,1.0,1.0,0.05108519
0.391,0.0,0.755,1.0,0.853,1.0,0.03072484
0.329,0.282,0.905,0.456,0.618,0.939,0.028031682
0.102,0.28,0.613,1.0,0.556,1.0,0.803419236
0.249,0.521,0.645,0.497,0.753,1.0,0.03700502
0.553,0.008,0.763,0.726,0.984,1.0,0.00365352
0.0,0.227,0.524,0.796,0.609,1.0,0.974888436
0.009,0.406,0.717,0.588,0.552,1.0,0.923028885
0.353,0.379,0.465,0.556,0.458,1.0,0.014681541
0.052,0.372,0.534,1.0,0.858,1.0,0.987457951
0.0,0.009,0.557,0.799,0.827,1.0,0.987365432
0.127,0.366,0.833,0.648,0.906,1.0,0.510540612
0.226,0.301,0.778,0.56,0.6,1.0,0.175912501
0.407,0.23,0.525,0.454,0.957,1.0,0.010719626
0.11,0.206,0.644,1.0,0.791,1.0,0.688455272
0.487,0.0,0.437,0.719,0.945,1.0,0.009026825
0.0,0.185,0.673,0.787,0.651,1.0,0.983186195
0.112,0.348,0.513,0.669,0.61,1.0,0.636987962
0.246,0.258,0.759,0.615,0.928,1.0,0.1483198
0.383,0.077,0.814,0.397,0.759,1.0,0.006503285
0.405,0.246,0.571,0.519,0.674,1.0,0.018603461
0.0,0.402,0.786,0.728,0.567,1.0,0.948124065
0.0,0.324,0.534,0.707,0.647,1.0,0.982461948
0.0,0.565,0.457,0.774,0.698,1.0,0.040035003
0.37,0.547,0.79,0.405,0.724,1.0,0.002576546
0.148,0.381,0.879,0.831,0.625,0.971,0.444632212
0.158,0.4,0.512,0.612,0.863,1.0,0.43852165
0.0,0.161,0.89,0.683,0.725,0.976,0.974037457
0.367,0.036,0.831,0.771,0.801,1.0,0.042381216
0.503,0.097,0.686,0.776,0.895,1.0,0.007565803
0.037,0.369,0.449,0.886,0.552,1.0,0.924518819
0.333,0.473,0.73,0.341,0.491,1.0,0.000418743
0.0,0.005,0.661,0.881,0.895,1.0,0.987463252
0.301,0.359,0.538,0.905,0.574,1.0,0.072098952
0.093,0.305,0.557,0.789,0.608,1.0,0.960100884
0.253,0.202,0.641,0.98,0.756,1.0,0.139210576
0.256,0.321,0.711,0.527,0.607,1.0,0.122726368
0.0,0.315,0.852,0.612,0.567,0.997,0.947220564
0.232,0.201,0.893,0.737,0.636,0.948,0.133050381
0.0,0.538,0.449,0.791,0.734,1.0,0.084445363
0.03,0.604,0.553,0.74,0.66,1.0,0.010855994
0.574,0.411,0.504,0.631,0.522,1.0,0.000858206
0.0,0.369,0.787,0.75,0.539,1.0,0.904948732
0.469,0.156,0.821,0.582,1.0,1.0,0.009125608
0.113,0.179,0.712,0.622,0.657,1.0,0.630470221
0.233,0.255,0.83,0.468,0.582,1.0,0.148694693
0.306,0.407,0.457,0.424,0.561,1.0,0.050243367
0.125,0.0,0.607,0.498,0.964,1.0,0.511611322
0.289,0.343,0.908,0.604,0.494,0.92,0.003345125
0.36,0.024,0.464,0.543,0.812,1.0,0.040994883
0.048,0.32,0.666,0.501,0.516,1.0,0.832429591
0.029,0.366,0.861,0.622,0.471,0.997,0.605839078
0.0,0.415,0.586,0.704,0.479,1.0,0.65576104
0.0,0.249,0.46,0.754,0.645,1.0,0.982403642
0.0,0.272,0.436,0.722,0.604,1.0,0.973067458
0.228,0.132,0.566,0.418,0.747,1.0,0.163723179
0.084,0.483,0.916,0.686,0.78,0.925,0.012534821
0.385,0.035,0.844,0.476,0.951,0.997,0.022929668
0.228,0.131,0.82,0.629,0.852,1.0,0.183943305
0.259,0.334,0.442,0.337,0.546,1.0,0.063236926
0.203,0.306,0.816,0.573,0.965,1.0,0.275474049
0.162,0.241,0.503,0.607,1.0,1.0,0.431331222
0.16,0.413,0.903,0.528,0.424,0.951,0.059555458
0.141,0.053,0.646,0.455,0.828,1.0,0.458036322
0.072,0.007,0.548,0.762,0.998,1.0,0.987363987
0.0,0.525,0.613,0.87,0.754,1.0,0.112129619
0.041,0.232,0.62,0.821,0.68,1.0,0.985422542
0.123,0.019,0.434,0.758,0.894,1.0,0.530534743
0.0,0.0,0.702,0.716,0.912,1.0,0.987121607
0.072,0.301,0.577,0.789,0.612,1.0,0.975897466
0.353,0.081,0.905,0.383,0.831,0.926,0.002624251
0.181,0.072,0.644,0.553,0.765,1.0,0.402264007
0.155,0.232,0.458,0.495,0.604,1.0,0.424853958
0.0,0.14,0.858,0.807,0.696,1.0,0.986014758
0.291,0.082,0.478,0.688,0.924,1.0,0.092771071
0.0,0.065,0.534,0.897,0.848,1.0,0.987442049
0.178,0.593,0.809,0.592,0.686,1.0,0.013009461
0.084,0.01,0.544,0.54,0.985,1.0,0.982708664
0.221,0.305,0.902,1.0,0.687,0.926,0.02397002
0.276,0.309,0.92,0.451,0.528,0.921,0.000644739
0.047,0.239,0.607,0.765,0.669,1.0,0.984787923
0.096,0.0,0.824,0.607,0.913,1.0,0.948306211
0.413,0.368,0.721,0.444,0.614,1.0,0.006481601
0.303,0.124,0.65,0.572,0.712,1.0,0.077866425
0.129,0.328,0.77,0.632,0.597,1.0,0.486911272
0.049,0.217,0.578,0.81,0.776,1.0,0.987230028
0.254,0.283,0.683,0.471,0.554,1.0,0.107337927
0.0,0.44,0.843,0.797,0.488,1.0,0.431856457
0.0,0.206,0.57,0.896,0.707,1.0,0.986398324
0.118,0.0,0.594,0.662,0.862,1.0,0.56527884
0.139,0.0,0.565,0.724,0.954,1.0,0.475925656
0.201,0.227,0.421,0.661,0.685,1.0,0.290202813
0.131,0.19,0.771,0.599,0.691,1.0,0.494336851
0.043,0.423,0.567,0.682,0.537,1.0,0.668672199
0.077,0.196,0.447,0.639,0.641,1.0,0.980987433
0.184,0.125,0.845,0.69,0.712,0.984,0.397934908
0.478,0.13,0.782,0.728,0.804,1.0,0.010161623
0.0,0.063,0.581,0.83,0.773,1.0,0.987218463
0.288,0.323,0.462,0.946,0.634,1.0,0.093314618
0.291,0.0,0.772,0.412,0.898,1.0,0.070482769
0.0,0.0,0.508,0.635,0.887,1.0,0.986382904
0.239,0.294,0.659,0.488,0.678,1.0,0.151397006
0.033,0.325,0.77,0.694,0.511,1.0,0.807868801
0.266,0.284,0.434,0.438,0.681,1.0,0.105623443
0.317,0.0,0.642,0.332,0.837,1.0,0.010074405
0.18,0.041,0.708,0.537,0.897,1.0,0.403571795
0.383,0.25,0.875,0.67,1.0,0.966,0.033849269
0.061,0.223,0.538,0.7,0.774,1.0,0.986804539
0.335,0.461,0.83,0.386,0.504,0.998,0.006153449
0.0,0.231,0.552,0.783,0.726,1.0,0.986688409
0.065,0.0,0.649,0.474,0.899,1.0,0.976532086
0.0,0.218,0.81,0.798,0.854,1.0,0.987395308
0.122,0.204,0.91,0.601,0.763,0.922,0.020690429
0.0,0.206,0.917,0.724,0.675,0.936,0.139759905
0.069,0.487,0.85,0.957,0.749,0.984,0.301258783
0.23,0.317,0.463,0.489,0.647,1.0,0.167850374
0.0,0.164,0.822,0.759,0.718,1.0,0.986530356
0.099,0.274,0.874,0.536,0.563,0.981,0.873839362
0.0,0.366,0.607,0.628,0.471,1.0,0.605877146
0.045,0.404,0.891,0.675,0.561,0.937,0.159817642
0.0,0.048,0.733,0.625,0.835,1.0,0.986194494
0.111,0.085,0.797,0.614,0.751,1.0,0.665517894
0.219,0.315,0.775,0.426,0.561,1.0,0.168125039
0.0,0.186,0.737,0.834,0.65,1.0,0.983133672
0.032,0.152,0.63,0.866,1.0,1.0,0.987466143
0.052,0.356,0.684,0.642,0.546,1.0,0.914624632
0.0,0.346,0.887,0.765,0.491,0.958,0.549435034
0.166,0.174,0.79,0.558,0.663,1.0,0.420000106
0.0,0.417,0.632,0.786,0.463,1.0,0.528771108
0.176,0.349,0.808,0.408,0.562,1.0,0.364321273
0.12,0.056,0.424,0.604,0.913,1.0,0.547739342
-0.0,0.312,0.596,0.696,0.59,1.0,0.967189156
0.0,0.087,0.789,0.874,0.87,1.0,0.987450241
0.0,0.31,0.508,0.762,0.6,1.0,0.971568368
0.21,0.425,0.611,0.515,0.465,1.0,0.064289325
0.272,0.326,0.772,0.424,0.577,1.0,0.087794343
0.077,0.463,0.861,0.64,0.502,0.963,0.200701696
0.001,0.26,0.586,0.726,0.71,1.0,0.986212805
0.332,0.081,0.87,0.582,0.756,0.969,0.056677745
0.0,0.247,0.726,0.741,0.719,1.0,0.986482651
0.0,0.029,0.424,0.921,0.954,1.0,0.987477708
0.21,0.435,0.42,0.483,0.468,1.0,0.068990907
0.042,0.363,0.645,0.496,0.519,1.0,0.848308573
0.0,0.359,0.748,0.77,0.477,1.0,0.648072843
0.067,0.017,0.855,0.66,0.82,0.986,0.985593124
0.289,0.122,0.787,0.44,0.759,1.0,0.079130846
0.073,0.208,0.645,0.629,0.692,1.0,0.984774431
0.127,0.103,0.553,1.0,0.733,1.0,0.510849489
0.226,0.4,0.618,0.672,0.854,1.0,0.18924674
0.177,0.125,0.609,0.53,0.712,1.0,0.406385902
0.273,0.47,0.443,0.454,0.499,1.0,0.017006552
0.22,0.282,0.439,0.504,0.688,1.0,0.196998061
0.0,0.0,0.534,0.84,0.932,1.0,0.987453132
0.001,0.316,0.606,0.726,0.654,1.0,0.983363522
0.041,0.05,0.53,0.927,0.786,1.0,0.987322546
0.0,0.276,0.439,0.695,0.626,1.0,0.978977082
0.0,0.414,0.526,0.667,0.469,1.0,0.590721929
0.332,0.192,0.747,0.504,0.718,1.0,0.051553565
0.231,0.219,0.489,0.683,0.617,1.0,0.170222608
0.419,0.225,0.46,0.632,1.0,1.0,0.019780182
0.037,0.179,0.737,0.608,0.699,1.0,0.984610596
0.37,0.133,0.709,0.493,0.78,1.0,0.032439324
0.171,0.093,0.691,0.475,0.743,1.0,0.408490699
0.338,0.0,0.601,0.391,0.9,1.0,0.025278772
0.259,0.415,0.811,0.946,0.518,1.0,0.093035134
0.101,0.394,0.754,0.45,0.502,1.0,0.64121394
0.341,0.0,0.514,0.367,0.895,1.0,0.01199802
0.239,0.21,0.482,0.457,0.691,1.0,0.147694336
0.0,0.045,0.805,0.707,0.856,1.0,0.987045472
0.225,0.236,0.675,0.48,0.729,1.0,0.181736834
0.011,0.08,0.69,0.614,0.907,1.0,0.986016685
0.0,0.106,0.843,0.858,0.731,1.0,0.986823331
0.255,0.2,0.865,0.451,0.636,0.961,0.115684837
0.045,0.0,0.606,0.659,0.935,1.0,0.986690336
0.115,0.416,0.611,0.576,0.487,1.0,0.361343813
0.126,0.0,0.824,0.598,0.882,1.0,0.513433745
0.415,0.362,0.465,0.638,0.895,1.0,0.020904379
0.0,0.214,0.526,0.812,0.667,1.0,0.984746482
0.268,0.55,0.666,0.593,0.636,1.0,0.017200745
0.0,0.278,0.442,0.813,0.558,1.0,0.93425399
0.194,0.408,0.855,0.73,0.512,0.99,0.26604101
0.0,0.331,0.508,0.72,0.57,1.0,0.952194883
0.0,0.337,0.877,0.799,0.499,0.964,0.666439707
0.318,0.031,0.674,0.424,0.928,1.0,0.049008341
0.138,0.0,0.809,0.61,0.934,1.0,0.477058526
0.213,0.069,0.515,0.478,0.834,1.0,0.218137592
0.231,0.592,0.704,0.544,0.679,1.0,0.010315821
0.238,0.34,0.66,0.465,0.496,1.0,0.090894197
0.301,0.24,0.833,0.409,0.658,1.0,0.058336815
0.387,0.206,0.803,0.536,0.715,1.0,0.027428384
0.271,0.294,0.621,0.453,0.66,1.0,0.102104846
0.115,0.402,0.455,0.594,0.435,1.0,0.104987377
0.187,0.407,0.724,0.547,0.556,1.0,0.353020033
0.169,0.191,0.588,0.998,0.646,1.0,0.41768425
0.0,0.139,0.723,0.833,0.697,1.0,0.986063908
0.509,0.197,0.728,0.654,0.801,1.0,0.006189589
0.448,0.031,0.768,0.454,0.919,1.0,0.000943497
0.267,0.003,0.493,0.442,0.833,1.0,0.106235896
0.199,0.411,0.456,0.5,0.489,1.0,0.178075122
0.118,0.065,0.866,0.608,0.905,0.969,0.549962197
0.08,0.023,0.594,0.823,0.814,1.0,0.987365432
0.281,0.112,0.527,0.461,0.847,1.0,0.092372085
0.161,0.288,0.499,0.39,0.607,1.0,0.394243803
0.234,0.305,0.876,0.641,0.531,0.954,0.117627246
0.369,0.067,0.582,0.768,0.769,1.0,0.041420854
0.292,0.066,0.666,0.431,0.902,1.0,0.074132434
0.0,0.416,0.794,0.8,0.548,1.0,0.917874347
0.306,0.422,0.693,0.464,0.857,1.0,0.0564185
0.365,0.313,0.674,0.366,0.655,1.0,0.000426453
0.284,0.077,0.717,0.438,0.832,1.0,0.084743157
0.107,0.183,0.613,0.756,0.73,1.0,0.761723717
0.222,0.175,0.517,0.48,0.725,1.0,0.189472254
0.215,0.0,0.767,0.509,0.912,1.0,0.213889447
0.268,0.099,0.437,0.471,0.866,1.0,0.109711125
0.224,0.309,0.75,0.498,0.589,1.0,0.174146456
0.0,0.006,0.428,0.757,0.89,1.0,0.987349531
0.113,0.296,0.543,0.517,0.592,1.0,0.610715578
0.367,0.352,0.583,0.691,0.879,1.0,0.041996686
0.267,0.295,0.6,0.382,0.542,1.0,0.071735624
0.049,0.318,0.9,0.607,0.657,0.948,0.471241903
0.023,0.431,0.516,0.84,0.481,1.0,0.431055112
0.297,0.148,0.638,0.405,0.688,1.0,0.061308974
0.01,0.404,0.492,0.699,0.493,1.0,0.709963431
0.061,0.068,0.768,0.643,0.897,1.0,0.986491325
0.138,0.0,0.612,0.571,0.883,1.0,0.475656773
0.061,0.06,0.45,0.682,0.921,1.0,0.986903321
0.238,0.334,0.536,0.501,0.631,1.0,0.151505908
0.018,0.067,0.758,0.692,0.77,1.0,0.986738523
0.059,0.011,0.754,0.663,0.893,1.0,0.98673274
0.088,0.13,0.643,0.639,0.707,1.0,0.985384957
0.0,0.247,0.865,0.748,0.711,0.999,0.986357847
0.0,0.211,0.672,0.826,0.667,1.0,0.984754674
0.026,0.134,0.645,0.476,0.788,1.0,0.976650143
0.0,0.342,0.639,0.86,0.641,1.0,0.981931412
0.045,0.136,0.872,0.676,0.812,0.963,0.887614028
0.0,0.386,0.52,0.734,0.451,1.0,0.376161241
0.149,0.339,0.573,0.308,0.546,1.0,0.343343168
0.0,0.209,0.735,0.594,0.627,1.0,0.977772413
0.303,0.207,0.783,0.435,0.707,1.0,0.063612783
0.088,0.03,0.688,0.536,0.965,1.0,0.982435445
0.0,0.138,0.928,0.704,0.797,0.948,0.409106044
0.221,0.291,0.547,0.482,0.609,1.0,0.184835724
0.021,0.325,0.456,0.688,0.512,1.0,0.812954913
0.357,0.063,0.545,0.504,0.85,1.0,0.039350269
0.299,0.021,0.887,0.414,0.854,0.957,0.060153937
0.103,0.0,0.888,0.451,0.917,0.977,0.814899731
0.354,0.146,0.652,0.368,0.752,1.0,0.00624404
0.178,0.036,0.43,0.582,0.876,1.0,0.408969194
0.0,0.169,0.518,0.825,0.667,1.0,0.984754192
0.05,0.418,0.814,0.596,0.459,1.0,0.476284165
0.046,0.326,0.753,0.584,0.562,1.0,0.939421055
0.048,0.028,0.56,0.384,0.856,1.0,0.953341246
0.008,0.0,0.825,0.713,0.9,1.0,0.987103297
0.0,0.222,0.861,0.729,0.614,1.0,0.976194779
0.327,0.101,0.761,0.38,0.735,1.0,0.026269974
0.254,0.164,0.534,0.91,0.834,1.0,0.138028073
0.272,0.275,0.578,0.454,0.695,1.0,0.101916917
0.0,0.361,0.701,0.778,0.593,1.0,0.968775464
0.086,0.036,0.603,0.462,0.801,1.0,0.97483543
0.147,0.0,0.425,0.559,0.841,1.0,0.456411465
0.121,0.238,0.476,0.573,0.598,1.0,0.524362983
0.0,0.363,0.764,0.772,0.474,1.0,0.629767176
0.176,0.484,0.799,0.562,0.494,1.0,0.020089059
0.164,0.082,0.78,0.484,0.754,1.0,0.419368378
0.27,0.42,0.808,0.464,0.542,1.0,0.068688294
0.026,0.421,0.943,0.367,0.488,0.953,0.155323745
0.068,0.153,0.864,0.364,0.731,1.0,0.9432254
0.0,0.0,0.858,0.832,0.918,0.989,0.987011742
0.192,0.334,0.827,0.525,0.561,1.0,0.327289268
0.0,0.181,0.673,0.893,0.801,1.0,0.987366878
0.072,0.005,0.862,0.63,0.901,1.0,0.986313034
0.0,0.224,0.894,0.578,0.613,0.985,0.972169739
0.0,0.182,0.621,0.768,0.72,1.0,0.98658047
0.014,0.393,0.542,0.511,0.494,1.0,0.710821637
0.259,0.0,0.892,0.448,0.899,0.939,0.058407167
0.2,0.318,0.902,0.413,0.654,0.946,0.164039284
0.0,0.326,0.744,0.621,0.566,1.0,0.94625972
0.113,0.319,0.624,0.6,0.518,1.0,0.509961889
0.321,0.217,0.802,0.402,0.62,1.0,0.03862795
0.213,0.053,0.786,0.696,0.784,1.0,0.227999011
0.0,0.362,0.602,0.654,0.474,1.0,0.629568647
0.293,0.061,0.595,0.428,0.904,1.0,0.072421804
0.0,0.268,0.539,0.558,0.629,1.0,0.976583164
0.128,0.08,0.665,0.586,0.816,1.0,0.505528708
0.345,0.0,0.647,0.381,0.917,1.0,0.016816696
0.044,0.115,0.621,0.67,0.781,1.0,0.986632512
0.0,0.17,0.87,0.832,0.902,0.997,0.987433376
0.248,0.0,0.49,0.676,0.945,1.0,0.146067069
0.0,0.085,0.516,0.699,0.88,1.0,0.987011742
0.348,0.416,0.457,0.378,0.421,1.0,0.002407892
0.0,0.0,0.656,0.623,0.94,1.0,0.986200759
0.0,0.276,0.534,0.511,0.561,1.0,0.934714173
0.0,0.031,0.473,0.834,0.946,1.0,0.987449277
0.175,0.239,0.527,0.543,0.726,1.0,0.40987896
0.351,0.347,0.784,0.384,0.63,1.0,0.015067035
0.158,0.441,0.534,0.625,0.486,1.0,0.172539909
0.0,0.1,0.861,0.599,0.904,1.0,0.985603725
0.485,0.067,0.501,0.533,0.769,1.0,0.004347409
0.134,0.354,0.684,0.336,0.577,1.0,0.412764383
0.071,0.286,0.64,0.639,0.613,1.0,0.975280676
0.32,0.322,0.921,0.402,0.514,0.936,0.011070907
0.111,0.291,0.728,0.623,0.545,1.0,0.593595305
0.224,0.187,0.833,0.492,0.709,1.0,0.185473235
0.072,0.005,0.809,0.441,0.895,1.0,0.971418025
0.277,0.218,0.486,0.489,0.735,1.0,0.100894876
0.139,0.339,0.793,0.621,0.568,1.0,0.442663783
0.206,0.179,0.888,0.533,0.801,0.975,0.254088285
0.073,0.074,0.698,0.605,0.763,1.0,0.98551217
0.097,0.082,0.456,0.6,0.821,1.0,0.942135897
0.052,0.579,0.907,0.693,0.694,0.943,0.012822978
0.0,0.297,0.469,0.858,0.666,1.0,0.984649627
0.301,0.046,0.804,0.406,0.791,1.0,0.058155633
0.282,0.485,0.426,0.551,0.705,1.0,0.047942931
0.387,0.0,0.691,0.515,0.969,1.0,0.026098911
0.0,0.306,0.635,0.939,0.531,1.0,0.889849412
0.0,0.088,0.475,0.488,0.796,1.0,0.978121285
0.0,0.264,0.602,0.872,1.0,1.0,0.987466143
0.0,0.0,0.546,0.802,0.877,1.0,0.987418438
0.0,0.032,0.447,0.802,0.804,1.0,0.987328329
0.214,0.048,0.68,0.496,0.788,1.0,0.215914255
0.03,0.345,0.555,0.508,0.537,1.0,0.896437023
0.0,0.355,0.72,0.768,0.539,1.0,0.904973789
0.0,0.441,0.476,0.679,0.442,1.0,0.017642617
0.272,0.286,0.777,0.276,0.55,1.0,0.004242844
0.0,0.269,0.746,0.816,0.568,1.0,0.94935861
0.041,0.0,0.479,0.68,0.899,1.0,0.986887902
0.0,0.309,0.717,0.841,0.528,1.0,0.882070142
0.159,0.131,0.437,0.562,0.834,1.0,0.434687911
0.159,0.347,0.473,0.699,0.559,1.0,0.400541812
0.262,0.163,0.569,0.289,0.725,1.0,0.032351625
0.256,0.146,0.761,0.304,0.69,1.0,0.054675103
0.0,0.103,0.744,0.728,0.793,1.0,0.987076312
0.346,0.056,0.841,0.355,0.85,1.0,0.004130087
0.187,0.334,0.886,0.538,0.503,0.977,0.28425464
0.278,0.073,0.674,0.461,0.906,1.0,0.09633159
0.267,0.147,0.455,0.305,0.825,1.0,0.042812006
0.17,0.019,0.916,0.994,0.979,0.917,0.001658588
0.245,0.0,0.58,0.678,0.95,1.0,0.151036569
0.116,0.188,0.72,0.409,0.705,1.0,0.566016579
0.025,0.474,0.732,0.708,0.487,1.0,0.055669678
0.291,0.202,0.87,0.307,0.756,1.0,0.015735385
0.141,0.283,0.583,0.505,0.595,1.0,0.448663034
0.0,0.0,0.494,0.72,0.912,1.0,0.987151001
0.281,0.204,0.786,0.441,0.694,1.0,0.088445828
0.244,0.35,0.6,0.454,0.486,1.0,0.075780903
0.0,0.3,0.655,0.645,0.576,1.0,0.957613002
0.0,0.0,0.81,0.618,0.912,1.0,0.986093784
0.405,0.156,0.801,0.477,0.757,1.0,0.014581313
0.0,0.0,0.582,0.771,0.906,1.0,0.987381334
0.032,0.28,0.501,0.646,0.557,1.0,0.932158347
0.0,0.103,0.628,0.797,0.733,1.0,0.986795865
0.034,0.059,0.655,0.701,0.778,1.0,0.986839715
0.184,0.0,0.659,0.691,0.883,1.0,0.39906296
0.031,0.417,0.714,0.436,0.563,1.0,0.929414112
0.238,0.374,0.654,0.511,0.535,1.0,0.123602403
0.215,0.39,0.434,0.335,0.505,1.0,0.11295554
0.395,0.205,0.622,0.468,0.707,1.0,0.017082205
0.248,0.269,0.553,0.731,0.736,1.0,0.146027074
0.0,0.066,0.931,0.779,0.818,0.94,0.14006059
0.0,0.182,0.532,0.811,0.721,1.0,0.98664745
0.145,0.151,0.709,0.55,0.75,1.0,0.459250147
0.0,0.235,0.688,0.785,0.655,1.0,0.983646379
0.0,0.445,0.878,0.669,0.47,1.0,0.286330044
0.147,0.065,0.533,0.404,0.823,1.0,0.434461915
0.0,0.125,0.653,0.812,0.711,1.0,0.986462895
0.0,0.407,0.526,0.711,0.481,1.0,0.662997245
0.0,0.316,0.606,0.583,0.653,1.0,0.981241859
0.0,0.245,0.567,0.723,0.649,1.0,0.98277468
0.144,0.229,0.614,0.546,0.674,1.0,0.459153291
0.0,0.0,0.641,0.765,0.9,1.0,0.987366878
0.078,0.451,0.686,0.621,0.451,1.0,0.0
0.0,0.199,0.47,0.847,0.713,1.0,0.986529392
0.388,0.004,0.846,0.47,0.989,0.998,0.020722233
0.0,0.041,0.61,0.794,0.932,1.0,0.987415065
0.012,0.015,0.827,0.714,0.954,1.0,0.987114861
0.0,0.151,0.681,0.768,0.752,1.0,0.986974638
0.235,0.274,0.62,0.477,0.562,1.0,0.138911818
0.313,0.419,0.684,0.427,0.546,1.0,0.034976839
0.0,0.0,0.454,0.614,0.907,1.0,0.986016685
0.264,0.056,0.89,0.463,0.914,0.946,0.085407653
0.342,0.332,0.786,0.365,0.505,1.0,0.006408839
0.121,0.336,0.439,0.74,0.65,1.0,0.538740466
0.294,0.269,0.811,0.44,0.567,1.0,0.064398227
0.0,0.284,0.863,0.656,0.552,1.0,0.923989729
0.093,0.032,0.797,0.639,0.851,1.0,0.971881582
0.168,0.045,0.613,0.52,0.792,1.0,0.417316104
0.109,0.272,0.442,0.725,0.917,1.0,0.713788014
0.092,0.279,0.881,0.619,0.618,0.982,0.961889576
0.0,0.013,0.556,0.695,0.823,1.0,0.986929824
0.0,0.0,0.476,0.763,0.896,1.0,0.987361096
0.0,0.029,0.425,0.856,0.935,1.0,0.987461806
0.334,0.472,0.88,0.392,0.488,0.979,0.002407892
0.0,0.248,0.716,0.748,0.588,1.0,0.966100617
0.0,0.334,0.45,0.841,0.93,1.0,0.987453132
0.291,0.378,0.6,0.397,0.459,1.0,0.02415072
0.191,0.388,0.696,0.502,0.515,1.0,0.287399308
0.0,0.282,0.85,0.819,0.697,1.0,0.986058126
0.263,0.449,0.64,0.6,0.464,1.0,0.015755142
0.0,0.235,0.565,0.786,0.602,1.0,0.972636668
0.0,0.028,0.459,0.722,0.809,1.0,0.987085949
0.126,0.435,0.892,0.499,0.559,0.958,0.327383233
0.0,0.076,0.685,0.819,0.76,1.0,0.987125462
0.049,0.208,0.823,0.929,0.798,1.0,0.987358204
0.284,0.181,0.726,0.62,0.656,1.0,0.098104381
0.0,0.271,0.744,0.832,0.566,1.0,0.947194061
0.0,0.392,0.565,0.781,0.516,1.0,0.836599191
0.406,0.071,0.749,0.496,0.879,1.0,0.016521311
0.0,0.041,0.542,0.502,0.795,1.0,0.979616038
0.163,0.047,0.625,0.569,0.911,1.0,0.42822944
0.266,0.273,0.627,0.33,0.814,1.0,0.062684706
0.271,0.171,0.64,0.419,0.665,1.0,0.095504224
0.334,0.0,0.594,0.387,0.957,1.0,0.025526934
0.0,0.0,0.46,0.856,0.902,1.0,0.987457469
0.102,0.016,0.534,0.772,0.82,1.0,0.859347677
0.098,0.105,0.713,0.617,0.793,1.0,0.934468421
0.032,0.029,0.621,0.586,0.861,1.0,0.985137277
0.233,0.069,0.483,0.328,0.767,1.0,0.111787493
0.0,0.27,0.701,0.843,0.567,1.0,0.948293201
0.282,0.237,0.813,0.478,0.67,1.0,0.092290167
0.067,0.338,0.77,0.636,0.563,1.0,0.941683424
0.168,0.257,0.802,0.528,0.646,1.0,0.413746429
0.296,0.368,0.637,0.404,0.532,1.0,0.048017139
0.504,0.412,0.857,0.73,0.546,0.969,0.004979619
0.276,0.267,0.648,0.417,0.636,1.0,0.087888789
0.161,0.354,0.46,0.389,0.533,1.0,0.349482161
0.0,0.429,0.813,0.809,0.474,1.0,0.397741198
0.222,0.246,0.699,0.514,0.591,1.0,0.181194733
0.364,0.246,0.656,0.498,0.667,1.0,0.035055865
0.0,0.212,0.797,0.721,0.692,1.0,0.985616735
0.0,0.099,0.526,0.61,0.797,1.0,0.985808036
0.0,0.164,0.595,0.548,0.757,1.0,0.982895629
0.095,0.434,0.736,0.46,0.449,1.0,0.123760456
0.221,0.0,0.491,0.508,0.915,1.0,0.195733641
0.038,0.341,0.883,0.565,0.548,1.0,0.915755576
0.0,0.138,0.561,0.279,0.783,1.0,0.879842468
0.16,0.482,0.449,0.61,0.797,1.0,0.166970484
0.195,0.226,0.894,0.52,0.67,0.974,0.329579585
0.0,0.171,0.52,0.65,0.719,1.0,0.98576515
0.306,0.045,0.607,0.604,0.791,1.0,0.076646819
0.188,0.091,0.557,0.521,0.746,1.0,0.379262058
0.151,0.274,0.923,0.53,0.672,0.964,0.401351831
0.0,0.108,0.682,0.764,0.808,1.0,0.987277733
0.19,0.152,0.939,0.379,0.745,0.95,0.132823421
0.0,0.268,0.545,0.505,0.74,1.0,0.979521592
0.018,0.023,0.762,0.555,0.95,1.0,0.983657943
0.091,0.395,0.569,0.684,0.877,1.0,0.979764935
0.13,0.249,0.457,0.564,0.653,1.0,0.493890642
0.126,0.382,0.829,0.582,0.454,1.0,0.205236069
0.239,0.415,0.44,0.386,0.573,1.0,0.116935766
0.047,0.191,0.93,0.678,0.646,0.933,0.031036608
0.0,0.006,0.476,0.371,0.83,1.0,0.946778209
0.198,0.383,0.648,0.52,0.453,1.0,0.106466229
0.115,0.414,0.796,0.614,0.544,1.0,0.533269823
0.273,0.111,0.774,0.376,0.726,1.0,0.076734037
0.0,0.127,0.775,0.817,0.768,1.0,0.987179432
0.238,0.268,0.782,0.493,0.699,1.0,0.15428773
0.0,0.169,0.635,0.628,0.707,1.0,0.985233168
0.288,0.319,0.735,0.573,0.594,1.0,0.08624562
0.45,0.275,0.444,0.783,0.683,1.0,0.014082098
0.092,0.097,0.624,1.0,0.901,1.0,0.976172131
0.0,0.193,0.69,0.683,0.748,1.0,0.986462895
0.062,0.03,0.79,0.698,0.877,1.0,0.987005477
0.0,0.307,0.912,0.754,0.58,0.981,0.950651943
0.147,0.058,0.476,0.508,0.941,1.0,0.452883712
0.291,0.113,0.662,0.74,0.903,1.0,0.093108378
0.126,0.228,0.875,0.496,0.708,1.0,0.506044788
0.0,0.0,0.761,0.801,0.922,1.0,0.987425184
0.267,0.099,0.727,0.765,0.917,1.0,0.122026215
0.0,0.401,0.647,0.572,0.436,1.0,0.231782635
0.063,0.0,0.748,0.659,0.978,1.0,0.9866913
0.0,0.37,0.572,0.493,0.595,1.0,0.962460589
0.0,0.15,0.439,0.828,0.829,1.0,0.987390008
0.314,0.0,0.585,0.416,0.927,1.0,0.050034719
0.314,0.369,0.901,0.334,0.468,0.955,0.005076957
0.122,0.225,0.772,0.427,0.658,1.0,0.515196898
0.124,0.366,0.818,0.566,0.538,1.0,0.451145616
0.0,0.415,0.558,0.74,0.539,1.0,0.904920302
0.0,0.015,0.596,0.886,0.898,1.0,0.98746807
0.0,0.367,0.845,0.776,0.469,1.0,0.590873717
0.255,0.275,0.909,0.373,0.561,0.964,0.08232611
0.31,0.443,0.795,0.408,0.521,1.0,0.0258175
0.0,0.106,0.49,0.578,0.845,1.0,0.984827918
0.0,0.215,0.804,0.607,0.725,1.0,0.985129567
0.0,0.124,0.668,0.656,0.713,1.0,0.98573142
0.385,0.372,0.863,0.516,0.579,0.984,0.023202405
0.135,0.219,0.605,0.56,0.684,1.0,0.480701445
0.041,0.0,0.536,0.651,0.925,1.0,0.986583843
0.237,0.482,0.588,0.309,0.506,1.0,0.012481334
0.348,0.224,0.562,0.348,0.678,1.0,0.0
0.0,0.241,0.903,0.553,0.734,0.974,0.963882099
0.204,0.0,0.878,0.52,0.95,0.962,0.253105757
0.286,0.484,0.688,0.877,0.513,1.0,0.016437948
0.0,0.317,0.714,0.588,0.52,1.0,0.855399736
0.036,0.259,0.637,0.672,0.577,1.0,0.958586374
0.345,0.431,0.589,0.691,0.532,1.0,0.029755804
0.0,0.141,0.742,0.658,0.8,1.0,0.986569869
0.0,0.431,0.773,0.898,0.482,1.0,0.434661409
0.074,0.432,0.797,0.631,0.532,1.0,0.659068579
0.0,0.212,0.464,0.579,0.765,1.0,0.984639026
0.105,0.017,0.626,0.6,0.819,1.0,0.79564623
0.355,0.279,0.604,0.361,0.618,1.0,0.002619914
0.364,0.393,0.625,0.537,0.443,1.0,0.007478103
0.144,0.081,0.529,0.424,0.829,1.0,0.446019027
0.36,0.429,0.562,0.424,0.497,1.0,0.011356173
0.172,0.014,0.771,0.59,0.983,1.0,0.416483918
0.387,0.312,0.746,0.644,0.717,1.0,0.031472216
0.0,0.118,0.615,0.617,0.718,1.0,0.985264972
0.073,0.222,0.536,0.501,0.752,1.0,0.97926813
0.203,0.134,0.831,0.693,0.703,1.0,0.276846408
0.054,0.109,0.48,0.682,0.854,1.0,0.986879228
0.337,0.352,0.656,0.378,0.484,1.0,0.010005498
0.276,0.15,0.819,0.437,0.687,1.0,0.093986823
0.0,0.194,0.655,0.63,0.681,1.0,0.984371589
0.183,0.241,0.571,0.499,0.705,1.0,0.393094549
0.199,0.376,0.51,0.447,0.46,1.0,0.121506279
0.204,0.1,0.911,0.237,0.846,0.995,0.105634526
0.337,0.298,0.53,0.352,0.539,1.0,0.005507746
0.0,0.341,0.612,0.35,0.572,1.0,0.911757039
0.007,0.016,0.901,0.717,0.82,0.962,0.872436163
0.0,0.385,0.512,0.58,0.497,1.0,0.72435296
0.0,0.089,0.803,0.596,0.806,1.0,0.985426879
0.092,0.253,0.592,0.246,0.712,1.0,0.826169649
0.0,0.269,0.582,0.548,0.772,1.0,0.983002604
0.075,0.318,0.705,0.215,0.59,1.0,0.760611085
0.336,0.481,0.592,0.398,0.497,1.0,0.002665209
0.0,0.0,0.91,0.742,0.945,0.994,0.981968034
0.0,0.399,0.7,0.836,0.537,1.0,0.900972842
0.078,0.16,0.465,0.484,0.733,1.0,0.977213447
0.124,0.223,0.53,0.426,0.614,1.0,0.49643683
0.0,0.341,0.474,0.622,0.495,1.0,0.716858956
0.0,0.365,0.525,0.648,0.517,1.0,0.840480634
0.272,0.421,0.929,0.277,0.468,0.956,0.001636422
0.104,0.045,0.781,0.62,0.924,1.0,0.81382613
0.179,0.347,0.82,0.384,0.548,1.0,0.341695663
0.0,0.0,0.462,0.848,0.932,1.0,0.987458433
0.0,0.106,0.892,0.582,0.73,1.0,0.984194744
0.044,0.329,0.528,0.521,0.566,1.0,0.942552713
0.074,0.137,0.594,0.533,0.774,1.0,0.982044651
0.109,0.0,0.772,0.603,0.855,1.0,0.712302898
0.116,0.201,0.846,0.606,0.702,0.994,0.587900595
0.0,0.321,0.83,0.552,0.516,1.0,0.834551254
0.086,0.01,0.653,0.615,0.889,1.0,0.986034514
0.0,0.142,0.646,0.554,0.694,1.0,0.982189211
0.186,0.532,0.907,0.301,0.54,1.0,0.005061537
0.186,0.181,0.887,0.526,0.717,0.977,0.386309853
0.0,0.42,0.647,0.444,0.46,1.0,0.252742429
0.119,0.527,0.496,0.185,0.589,1.0,0.027183113
0.0,0.34,0.789,0.697,0.543,1.0,0.909861853
0.0,0.147,0.637,0.591,0.732,1.0,0.984730099
0.011,0.331,0.943,0.547,0.506,0.955,0.315430508
0.357,0.036,0.554,0.673,0.95,1.0,0.046266996
0.162,0.349,0.521,0.731,0.487,1.0,0.276190104
0.147,0.0,0.535,0.27,0.911,1.0,0.34127692
0.0,0.142,0.591,0.694,0.76,1.0,0.986672989
0.105,0.439,0.651,0.111,0.505,1.0,0.086261522
0.05,0.051,0.76,0.674,0.786,1.0,0.986691782
0.0,0.0,0.562,0.719,0.943,1.0,0.987150038
0.197,0.119,0.812,0.533,0.849,1.0,0.317452906
0.294,0.127,0.794,0.403,0.775,1.0,0.064156811
0.298,0.141,0.586,0.319,0.937,1.0,0.018042567
0.0,0.0,0.781,0.395,0.886,1.0,0.958549752
0.041,0.373,0.668,0.684,0.464,1.0,0.538496641
0.212,0.099,0.485,0.818,0.886,1.0,0.232283296
0.141,0.0,0.563,0.425,0.935,1.0,0.452318964
0.0,0.226,0.897,0.755,0.669,0.971,0.9544958
0.165,0.375,0.842,0.717,0.537,0.998,0.370113321
0.192,0.302,0.493,0.536,0.579,1.0,0.337630146
0.0,0.009,0.782,0.451,0.828,1.0,0.973156122
0.224,0.0,0.948,0.333,0.867,0.951,0.011985974
0.0,0.283,0.756,0.684,0.789,1.0,0.986767435
0.0,0.238,0.783,0.471,0.64,1.0,0.971132278
0.074,0.382,0.607,0.771,0.659,1.0,0.984032836
0.162,0.077,0.621,0.366,0.821,1.0,0.389978793
0.284,0.119,0.54,0.297,0.767,1.0,0.014460846
0.165,0.0,0.577,0.406,0.918,1.0,0.403027285
0.066,0.113,0.516,0.134,0.724,1.0,0.498950252
0.0,0.261,0.869,0.793,0.717,0.987,0.985763223
0.0,0.0,0.724,0.808,0.862,1.0,0.987412655
0.061,0.25,0.781,0.644,0.586,1.0,0.964495998
0.213,0.193,0.604,0.549,0.804,1.0,0.224340673
0.0,0.089,0.658,0.718,0.809,1.0,0.987053664
0.237,0.0,0.719,0.484,0.931,1.0,0.155968002
0.0,0.122,0.88,0.406,0.715,1.0,0.96191126
0.25,0.077,0.501,0.33,0.891,1.0,0.08318528
0.117,0.162,0.772,0.618,0.8,1.0,0.576196513
0.0,0.409,0.804,0.573,0.518,1.0,0.847662388
0.283,0.419,0.886,0.532,0.5,1.0,0.043578657
0.168,0.146,0.776,0.559,0.737,1.0,0.419471979
0.0,0.357,0.574,0.424,0.588,1.0,0.949541238
0.263,0.368,0.589,0.463,0.468,1.0,0.050745955
0.0,0.0,0.544,0.417,0.968,1.0,0.966064959
0.067,0.136,0.91,0.484,0.7,1.0,0.97226563
0.287,0.33,0.848,0.38,0.67,1.0,0.061028527
0.0,0.102,0.58,0.732,0.785,1.0,0.987076312
0.242,0.221,0.792,0.311,0.664,1.0,0.081623547
0.154,0.327,0.902,0.395,0.556,0.947,0.228172002
0.161,0.31,0.457,0.421,0.629,1.0,0.408610684
0.0,0.302,0.745,0.594,0.639,1.0,0.979840107
0.065,0.412,0.778,0.648,0.424,1.0,0.231973937
0.0,0.242,0.689,0.729,0.696,1.0,0.985804663
0.0,0.284,0.745,0.581,0.74,1.0,0.984466035
0.0,0.392,0.888,0.712,0.445,1.0,0.312317161
0.244,0.23,0.765,0.373,0.66,1.0,0.112179251
0.0,0.312,0.921,0.665,0.591,0.982,0.937746084
0.0,0.184,0.623,0.533,0.903,1.0,0.982250408
0.0,0.333,0.71,0.79,0.569,1.0,0.950367159
0.0,0.461,0.956,0.375,0.641,0.989,0.107149035
0.157,0.361,0.513,0.232,0.741,1.0,0.266023663
0.353,0.307,0.636,0.368,0.658,1.0,0.006587611
0.0,0.102,0.789,0.36,0.734,1.0,0.941453091
0.208,0.079,0.807,0.373,0.906,1.0,0.210157383
0.0,0.317,0.492,0.829,0.641,1.0,0.981916956
0.277,0.102,0.717,0.419,0.799,1.0,0.089356076
0.209,0.406,0.913,0.495,0.495,0.935,0.036127057
0.0,0.163,0.627,0.767,0.755,1.0,0.987014633
0.067,0.243,0.506,0.835,0.707,1.0,0.986378086
0.0,0.0,0.736,0.684,0.915,1.0,0.986912477
0.0,0.035,0.576,0.581,0.903,1.0,0.984988862
0.003,0.372,0.698,0.428,0.511,1.0,0.797990516
0.062,0.256,0.847,0.223,0.581,1.0,0.781087565
0.0,0.036,0.883,0.572,0.904,1.0,0.984580238
0.157,0.338,0.815,0.409,0.567,1.0,0.391783869
0.023,0.292,0.562,0.54,0.621,1.0,0.973944939
0.254,0.452,0.526,0.519,0.47,1.0,0.017675384
0.0,0.0,0.737,0.577,0.906,1.0,0.984819726
0.193,0.076,0.721,0.358,0.809,1.0,0.308044924
0.0,0.153,0.943,0.75,0.827,0.943,0.0
0.088,0.093,0.64,0.634,0.744,1.0,0.9858914
0.035,0.405,0.652,0.218,0.634,1.0,0.774342383
0.0,0.338,0.748,0.817,0.498,1.0,0.733670352
0.202,0.418,0.833,0.357,0.468,1.0,0.113890363
0.464,0.313,0.744,0.567,0.703,1.0,0.009012851
0.0,0.215,0.734,0.51,0.79,1.0,0.980375462
0.0,0.31,0.686,0.828,0.654,1.0,0.983595783
0.103,0.076,0.88,0.611,0.761,0.959,0.691379727
0.026,0.428,0.822,0.555,0.557,1.0,0.698382226
0.057,0.384,0.556,0.663,0.581,1.0,0.96161443
0.279,0.056,0.446,0.645,0.865,1.0,0.106596333
0.0,0.361,0.868,0.597,0.523,1.0,0.865379695
0.0,0.092,0.627,0.519,0.831,1.0,0.981205238
0.0,0.22,0.472,0.759,0.666,1.0,0.984550844
0.248,0.318,0.623,0.32,0.601,1.0,0.075786203
0.0,0.0,0.841,0.747,0.875,1.0,0.987313391
0.173,0.331,0.775,0.381,0.505,1.0,0.294422528
0.0,0.566,0.703,0.919,0.688,1.0,0.038577835
0.0,0.445,0.857,0.611,0.466,1.0,0.244787759
0.214,0.272,0.531,0.521,0.69,1.0,0.21707411
0.0,0.225,0.693,0.773,0.681,1.0,0.985408568
0.273,0.288,0.601,0.305,0.718,1.0,0.035756501
0.324,0.0,0.745,0.422,0.901,1.0,0.044346272
0.077,0.39,0.703,0.138,0.538,1.0,0.488989567
0.0,0.0,0.726,0.218,0.908,1.0,0.7758328
0.29,0.334,0.481,0.439,0.502,1.0,0.047962688
0.232,0.141,0.77,0.57,0.897,1.0,0.1727129
0.138,0.435,0.927,0.564,0.473,0.97,0.163556452
0.076,0.413,0.902,0.489,0.424,0.99,0.23065892
0.013,0.044,0.801,0.283,0.942,1.0,0.884833652
0.0,0.167,0.649,0.704,0.822,1.0,0.986984757
0.0,0.289,0.913,0.556,0.548,0.975,0.893825301
0.0,0.138,0.61,0.374,0.698,1.0,0.947281279
0.0,0.0,0.63,0.738,0.893,1.0,0.987269541
0.06,0.086,0.897,0.841,0.865,0.95,0.547769218
0.047,0.295,0.486,0.681,0.588,1.0,0.965766683
0.0,0.349,0.908,0.572,0.551,0.99,0.917802549
0.0,0.194,0.657,0.397,0.725,1.0,0.958798396
0.169,0.424,0.759,0.4,0.493,1.0,0.194108784
0.293,0.442,0.913,0.764,0.788,0.92,0.004305487
0.112,0.04,0.47,0.517,0.796,1.0,0.643359696
0.0,0.207,0.497,0.749,0.677,1.0,0.985198956
0.0,0.156,0.673,0.816,0.747,1.0,0.986983311
0.0,0.031,0.96,0.627,0.889,0.962,0.034779273
0.0,0.148,0.786,0.763,0.766,1.0,0.987095587
0.239,0.159,0.61,0.327,0.738,1.0,0.099310014
0.351,0.172,0.771,0.441,0.87,1.0,0.033625201
0.209,0.028,0.47,0.517,0.808,1.0,0.238607326
0.0,0.36,0.532,0.41,0.665,1.0,0.961759954
0.216,0.061,0.593,0.489,0.776,1.0,0.208397121
0.0,0.431,0.782,0.775,0.552,1.0,0.692435017
0.0,0.329,0.636,0.65,0.507,1.0,0.781977093
0.0,0.41,0.801,0.397,0.575,1.0,0.934463602
0.196,0.161,0.53,0.432,0.676,1.0,0.312600018
0.426,0.055,0.924,0.54,0.948,0.962,0.010656983
0.0,0.0,0.758,0.342,0.944,1.0,0.933483965
0.0,0.406,0.624,0.354,0.431,1.0,0.22534874
0.087,0.145,0.934,0.19,0.788,1.0,0.564088145
0.0,0.058,0.878,0.76,0.779,0.983,0.984798042
0.067,0.116,0.522,0.168,0.814,1.0,0.563868895
0.0,0.0,0.452,0.598,0.931,1.0,0.985581559
0.3,0.193,0.667,0.382,0.752,1.0,0.04879921
0.215,0.322,0.85,0.337,0.566,1.0,0.149841056
0.299,0.203,0.544,0.439,0.775,1.0,0.06847579
0.0,0.273,0.61,0.57,0.646,1.0,0.979810713
0.093,0.385,0.759,0.648,0.498,1.0,0.718796064
0.261,0.0,0.939,0.31,0.942,0.959,0.029516798
0.0,0.27,0.838,0.773,0.631,1.0,0.980367752
0.377,0.319,0.441,0.423,0.641,1.0,0.017428186
0.0,0.374,0.594,0.412,0.666,1.0,0.962457216
0.0,0.371,0.622,0.775,0.505,1.0,0.771961476
0.015,0.053,0.484,0.315,0.878,1.0,0.916504398
0.0,0.057,0.659,0.318,0.889,1.0,0.918800015
0.187,0.291,0.595,0.379,0.603,1.0,0.345299069
0.0,0.033,0.912,0.61,0.804,1.0,0.978772288
0.051,0.248,0.696,0.528,0.719,1.0,0.981156087
0.0,0.169,0.691,0.698,0.734,1.0,0.986411335
0.323,0.09,0.453,0.391,0.747,1.0,0.03437595
0.008,0.337,0.883,0.562,0.582,1.0,0.959944277
0.0,0.236,0.939,0.742,0.64,0.979,0.766546248
0.0,0.006,0.852,0.761,0.882,1.0,0.98735435
0.025,0.423,0.692,0.671,0.479,1.0,0.423695548
0.0,0.0,0.533,0.749,0.854,1.0,0.987307608
0.007,0.4,0.665,0.689,0.503,1.0,0.761501576
0.11,0.131,0.956,0.372,0.705,0.977,0.142895417
0.0,0.132,0.782,0.752,0.771,1.0,0.987105224
0.001,0.407,0.864,0.729,0.43,0.981,0.230596277
0.13,0.166,0.507,0.516,0.71,1.0,0.493582729
0.0,0.046,0.543,0.496,0.897,1.0,0.979123088
0.257,0.132,0.561,0.288,0.856,1.0,0.037409307
0.06,0.0,0.611,0.515,0.91,1.0,0.980916599
0.062,0.128,0.765,0.7,0.784,1.0,0.986859953
0.123,0.18,0.761,0.585,0.657,1.0,0.524909421
0.115,0.261,0.464,0.516,0.628,1.0,0.591769991
0.066,0.28,0.775,0.696,0.646,1.0,0.982185356
0.301,0.11,0.856,0.396,0.792,0.981,0.054511268
0.032,0.274,0.576,0.487,0.563,1.0,0.935355057
0.0,0.358,0.646,0.752,0.478,1.0,0.652108484
0.088,0.146,0.819,0.127,0.8,1.0,0.476006127
0.139,0.113,0.857,0.586,0.848,1.0,0.473865672
0.0,0.323,0.827,0.769,0.579,1.0,0.96030375
0.031,0.429,0.84,0.536,0.499,1.0,0.504314883
0.151,0.262,0.684,0.71,0.651,1.0,0.448102622
0.267,0.367,0.487,0.431,0.513,1.0,0.073459265
0.0,0.0,0.728,0.583,0.865,1.0,0.985047649
0.133,0.135,0.811,0.231,0.701,1.0,0.312860708
0.0,0.148,0.885,0.57,0.776,1.0,0.984279553
0.24,0.209,0.752,0.328,0.699,1.0,0.098001262
0.0,0.036,0.874,0.854,0.861,0.994,0.987378925
0.203,0.122,0.905,0.665,0.868,0.987,0.276231063
0.0,0.312,0.747,0.333,0.524,1.0,0.83219203
0.179,0.385,0.56,0.723,0.565,1.0,0.381704163
0.0,0.089,0.943,0.713,0.829,0.985,0.675367749
0.0,0.0,0.821,0.58,0.864,1.0,0.984932965
0.0,0.38,0.581,0.538,0.504,1.0,0.764515176
0.042,0.45,0.779,0.526,0.46,1.0,0.120234149
0.358,0.478,0.494,0.488,0.564,1.0,0.014272917
0.0,0.077,0.618,0.568,0.806,1.0,0.98428919
0.168,0.0,0.865,0.572,0.913,1.0,0.420711824
0.042,0.21,0.775,0.499,0.708,1.0,0.97849666
0.032,0.181,0.684,0.694,0.655,1.0,0.98324932
0.0,0.123,0.674,0.809,0.813,1.0,0.987353386
0.259,0.292,0.513,0.77,0.693,1.0,0.130401555
0.301,0.324,0.889,0.431,0.513,0.959,0.042577818
0.286,0.064,0.811,0.5,0.947,1.0,0.091077306
0.194,0.221,0.899,0.518,0.676,0.965,0.32718133
0.0,0.238,0.939,0.521,0.674,0.95,0.33578363
0.032,0.569,0.605,1.0,0.661,1.0,0.033854088
0.0,0.423,0.528,0.584,0.469,1.0,0.358462245
0.055,0.085,0.803,0.176,0.834,1.0,0.573619486
0.273,0.0,0.818,0.423,0.945,1.0,0.095334125
0.0,0.079,0.548,0.54,1.0,1.0,0.982708664
0.0,0.238,0.748,0.351,0.844,1.0,0.937767768
0.1,0.05,0.561,0.932,0.966,1.0,0.90998232
0.383,0.045,0.653,0.586,0.791,1.0,0.032276935
0.027,0.406,0.488,0.541,0.523,1.0,0.86373219
0.032,0.023,0.528,0.283,0.879,1.0,0.884831725
0.333,0.144,0.853,0.376,0.693,0.981,0.020381071
0.275,0.0,0.702,0.449,0.927,1.0,0.098211838
0.376,0.122,0.743,0.531,0.715,1.0,0.03268074
0.359,0.138,0.617,0.367,0.767,1.0,0.003522452
0.308,0.104,0.91,0.423,0.948,0.982,0.055718828
0.212,0.035,0.716,0.527,0.929,1.0,0.226701824
0.0,0.328,0.951,0.645,0.606,0.982,0.398238967
0.27,0.379,0.584,0.283,0.458,1.0,0.007462201
0.183,0.039,0.822,0.367,0.797,1.0,0.359514162
0.0,0.263,0.912,0.5,0.616,0.984,0.961748871
0.0,0.305,0.73,0.575,0.618,1.0,0.975041188
0.344,0.132,0.482,0.38,0.704,1.0,0.016762245
0.013,0.524,0.773,0.757,0.755,1.0,0.114833859
0.232,0.195,0.769,0.283,0.812,1.0,0.073049677
0.0,0.276,0.549,0.459,0.56,1.0,0.928633004
0.072,0.364,0.728,0.773,0.59,1.0,0.967498997
0.19,0.15,0.47,0.531,0.816,1.0,0.368681692
0.25,0.312,0.534,0.276,0.581,1.0,0.02970569
0.097,0.259,0.536,0.749,0.782,1.0,0.943717868
0.0,0.035,0.487,0.62,0.802,1.0,0.986034996
0.0,0.056,0.817,0.361,0.93,1.0,0.942412971
0.0,0.381,0.944,0.566,0.455,1.0,0.283681699
0.0,0.067,0.851,0.419,0.854,1.0,0.966542489
0.0,0.511,0.713,0.41,0.533,1.0,0.082898086
0.0,0.324,0.487,0.628,0.581,1.0,0.961251584
0.0,0.014,0.495,0.72,0.868,1.0,0.987137509
0.331,0.0,0.869,0.572,0.861,0.981,0.057028544
0.104,0.324,0.488,0.621,0.557,1.0,0.759596272
0.229,0.381,0.527,0.337,0.525,1.0,0.098270625
0.106,0.0,0.865,0.808,0.849,0.974,0.768728626
0.136,0.254,0.915,0.585,0.583,0.943,0.197452463
0.261,0.006,0.845,0.291,0.831,1.0,0.035816252
0.456,0.223,0.491,0.593,0.979,1.0,0.011437609
0.115,0.037,0.467,0.589,0.843,1.0,0.603230729
0.0,0.362,0.674,0.369,0.575,1.0,0.922141766
0.0,0.116,0.781,0.451,0.828,1.0,0.973156122
0.0,0.305,0.804,0.531,0.735,1.0,0.981556037
0.0,0.082,0.758,0.704,0.801,1.0,0.986942353
0.201,0.217,0.671,0.521,0.619,1.0,0.279258155
0.3,0.49,0.711,0.666,0.513,1.0,0.011153307
0.163,0.132,0.467,0.563,0.838,1.0,0.427867076
0.323,0.39,0.814,0.392,0.526,1.0,0.025820392
0.347,0.39,0.67,0.362,0.446,1.0,0.001660034
0.0,0.113,0.489,0.646,0.77,1.0,0.986288458
0.0,0.0,0.61,0.618,0.917,1.0,0.986095711
0.12,0.054,0.701,0.325,0.946,1.0,0.485630468
0.0,0.414,0.602,0.721,0.49,1.0,0.697043116
0.0,0.11,0.569,0.736,0.846,1.0,0.987229064
0.0,0.0,0.691,0.513,0.954,1.0,0.980773966
0.362,0.189,0.63,0.366,0.767,1.0,0.001693283
0.0,0.2,0.523,0.665,0.724,1.0,0.986030659
0.0,0.282,0.522,0.434,0.661,1.0,0.967389613
0.236,0.029,0.766,0.347,0.909,1.0,0.116092979
0.073,0.359,0.88,0.474,0.518,1.0,0.842959361
0.0,0.364,0.481,0.68,0.524,1.0,0.871930202
0.343,0.328,0.541,0.396,0.652,1.0,0.024489955
0.0,0.087,0.727,0.337,0.749,1.0,0.930649138
0.09,0.171,0.613,0.557,0.665,1.0,0.975479687
0.149,0.173,0.922,0.403,0.714,0.971,0.405317119
0.131,0.405,0.66,0.729,0.581,1.0,0.473275866
0.0,0.0,0.499,0.769,0.899,1.0,0.987376997
0.0,0.069,0.481,0.423,0.859,1.0,0.967560676
0.0,0.0,0.78,0.77,0.906,1.0,0.987378443
0.04,0.0,0.467,0.581,0.91,1.0,0.984988862
0.076,0.219,0.817,0.363,0.661,1.0,0.941066151
0.164,0.476,0.882,0.224,0.626,1.0,0.073331088
0.043,0.351,0.809,0.678,0.558,1.0,0.933881024
0.004,0.088,0.929,0.292,0.846,0.995,0.844752872
0.0,0.0,0.528,0.62,0.929,1.0,0.986138598
0.37,0.285,0.492,0.497,0.705,1.0,0.03267544
0.0,0.098,0.477,0.549,0.738,1.0,0.982742395
0.0,0.405,0.851,0.531,0.431,1.0,0.231484359
0.263,0.205,0.461,0.29,0.676,1.0,0.031890477
0.0,0.0,0.539,0.59,0.918,1.0,0.985304967
0.07,0.38,0.546,0.655,0.457,1.0,0.455656378
0.0,0.222,0.939,0.493,0.615,0.997,0.768692486
0.0,0.407,0.527,0.8,0.475,1.0,0.634614764
0.0,0.475,0.479,0.67,0.51,1.0,0.168155878
0.059,0.341,0.904,0.993,0.913,0.932,0.101687548
0.238,0.075,0.912,0.29,0.823,0.973,0.068461334
0.236,0.242,0.807,0.327,0.651,1.0,0.103610682
0.0,0.249,0.877,0.77,0.708,0.992,0.986196904
0.0,0.387,0.506,0.782,0.59,1.0,0.967508634
0.023,0.151,0.734,0.275,0.874,1.0,0.874675884
0.0,0.087,0.835,0.604,0.793,1.0,0.985627336
0.0,0.0,0.593,0.647,0.946,1.0,0.986541921
0.051,0.303,0.515,0.502,0.585,1.0,0.958333875
0.0,0.329,0.688,0.568,0.507,1.0,0.781007575
0.029,0.384,0.51,0.949,0.622,1.0,0.978511598
0.0,0.111,0.772,0.561,0.726,1.0,0.983302807
0.654,0.249,0.592,0.782,0.588,1.0,0.000625464
0.286,0.171,0.761,0.448,0.792,1.0,0.084216958
0.0,0.422,0.465,0.729,0.593,1.0,0.73660878
0.268,0.097,0.498,0.42,0.74,1.0,0.100126297
0.041,0.517,0.701,0.741,0.518,1.0,0.008167655
0.063,0.023,0.633,0.499,0.871,1.0,0.979430519
0.138,0.101,0.833,0.411,0.735,1.0,0.454994774
0.042,0.383,0.729,0.657,0.454,1.0,0.414774252
0.211,0.453,0.502,0.51,0.512,1.0,0.086742908
0.059,0.341,0.641,0.639,0.561,1.0,0.939109287
0.061,0.145,0.732,0.155,0.782,1.0,0.541995963
0.139,0.042,0.902,0.585,0.795,0.961,0.439586095
0.0,0.175,0.934,0.608,0.702,0.964,0.772445753
0.0,0.0,0.854,0.316,0.888,1.0,0.917280205
0.315,0.053,0.531,0.38,0.784,1.0,0.034779755
0.343,0.047,0.678,0.387,0.912,1.0,0.020829207
0.0,0.385,0.727,0.65,0.498,1.0,0.733337863
0.0,0.099,0.841,0.681,0.797,1.0,0.98677659
0.0,0.291,0.495,0.628,0.594,1.0,0.968238663
0.124,0.0,0.579,0.5,0.916,1.0,0.516967762
0.0,0.047,0.829,0.662,1.0,1.0,0.986730331
0.365,0.048,0.576,0.419,0.877,1.0,0.022458402
0.11,0.066,0.51,0.423,0.877,1.0,0.668690029
0.236,0.181,0.901,0.796,0.835,0.974,0.166665462
0.291,0.337,0.507,0.407,0.565,1.0,0.060441612
0.0,0.132,0.856,0.802,0.771,0.975,0.972606793
0.275,0.316,0.593,0.277,0.52,1.0,0.002012279
0.337,0.281,0.529,0.401,0.61,1.0,0.02844657
0.0,0.071,0.663,0.758,0.765,1.0,0.987081131
0.0,0.0,0.539,0.66,0.85,1.0,0.986670098
0.009,0.37,0.785,0.716,0.467,1.0,0.574603941
0.092,0.121,0.59,0.611,0.76,1.0,0.974339107
0.0,0.235,0.54,0.674,0.774,1.0,0.986624802
0.0,0.325,0.644,0.617,0.573,1.0,0.954086213
0.02,0.007,0.462,0.208,0.914,1.0,0.737613474
0.0,0.0,0.74,0.848,0.943,1.0,0.987458915
0.0,0.361,0.689,0.478,0.57,1.0,0.944198772
0.0,0.0,0.889,0.513,0.855,1.0,0.980688194
0.0,0.235,0.651,0.372,0.671,1.0,0.945503188
0.354,0.148,0.73,0.388,0.758,1.0,0.016117024
0.0,0.205,0.584,0.774,0.678,1.0,0.985293884
0.0,0.114,0.563,0.29,0.851,1.0,0.893061541
0.17,0.443,0.847,0.398,0.474,1.0,0.126031016
0.0,0.53,0.75,0.812,0.587,1.0,0.07766645
0.0,0.158,0.513,0.36,0.782,1.0,0.941765823
0.052,0.226,0.848,0.169,0.739,1.0,0.565199814
0.226,0.131,0.625,0.503,0.748,1.0,0.181964757
0.0,0.145,0.905,0.538,0.691,1.0,0.979055144
0.242,0.095,0.642,0.313,0.846,1.0,0.084219849
0.011,0.162,0.598,0.204,0.766,1.0,0.71556466
0.16,0.195,0.718,0.419,0.825,1.0,0.415456577
0.0,0.062,0.619,0.649,0.85,1.0,0.98653132
0.0,0.0,0.637,0.525,0.842,1.0,0.981672649
0.13,0.352,0.897,0.234,0.566,1.0,0.314674458
0.055,0.392,0.859,0.585,0.444,1.0,0.303142403
0.0,0.113,0.779,0.585,0.724,1.0,0.984400019
0.096,0.177,0.869,0.452,0.66,1.0,0.93303631
0.176,0.053,0.604,0.391,0.969,1.0,0.383130491
0.228,0.449,0.785,0.335,0.461,1.0,0.014293638
0.263,0.143,0.582,0.36,0.792,1.0,0.081000974
0.041,0.232,0.51,0.255,0.707,1.0,0.850479386
0.0,0.388,0.898,0.648,0.699,0.986,0.98350471
0.11,0.094,0.907,0.449,0.742,0.982,0.669549198
0.0,0.185,0.651,0.457,0.727,1.0,0.973531497
0.0,0.29,0.662,0.472,0.641,1.0,0.971339481
0.0,0.175,0.878,0.733,0.702,1.0,0.986033069
0.0,0.158,0.888,0.396,0.847,1.0,0.958902961
0.211,0.381,0.735,0.348,0.456,1.0,0.068576501
0.0,0.025,0.703,0.846,0.85,1.0,0.987427593
0.142,0.098,0.827,0.463,0.739,1.0,0.456881768
0.0,0.376,0.667,0.514,0.568,1.0,0.94427828
0.0,0.018,0.699,0.315,0.895,1.0,0.916506807
0.057,0.123,0.857,0.511,0.795,1.0,0.980484846
0.0,0.332,0.835,0.606,0.504,1.0,0.766103412
0.0,0.134,0.899,0.781,0.703,0.929,0.07405678
0.023,0.257,0.731,0.546,0.696,1.0,0.981731437
0.0,0.061,0.503,0.599,0.776,1.0,0.985406641
0.182,0.351,0.772,0.525,0.547,1.0,0.357222882
0.0,0.0,0.803,0.713,0.875,1.0,0.98709655
0.182,0.367,0.913,0.38,0.533,1.0,0.319137033
0.0,0.231,0.576,0.496,0.681,1.0,0.977309338
0.0,0.0,0.598,0.716,0.95,1.0,0.987125944
0.175,0.365,0.747,0.388,0.471,1.0,0.227176463
0.0,0.427,0.748,0.641,0.461,1.0,0.265572635
0.087,0.042,0.886,0.213,0.901,1.0,0.758853232
0.156,0.398,0.922,0.412,0.519,1.0,0.33004796
0.0,0.0,0.863,0.4,0.908,1.0,0.960528782
0.233,0.349,0.786,0.316,0.488,1.0,0.060539913
0.0,0.353,0.919,0.623,0.585,1.0,0.943812796
0.036,0.239,0.521,0.557,0.845,1.0,0.983735042
0.0,0.053,0.439,0.711,0.784,1.0,0.986927415
0.371,0.012,0.809,0.835,0.922,1.0,0.040635892
0.0,0.339,0.61,0.367,0.601,1.0,0.93350083
0.22,0.33,0.567,0.344,0.581,1.0,0.142773023
0.213,0.431,0.668,0.517,0.449,1.0,0.028981925
0.331,0.233,0.857,0.59,0.82,1.0,0.057729662
0.0,0.192,0.696,0.7,0.707,1.0,0.985958861
0.268,0.0,0.917,0.358,0.985,0.961,0.069944041
0.0,0.423,0.494,0.83,0.453,1.0,0.173058399
0.428,0.128,0.835,0.496,0.792,1.0,0.010357261
0.229,0.0,0.888,0.353,0.895,1.0,0.134016525
0.0,0.008,0.856,0.567,0.875,1.0,0.984316656
0.0,0.401,0.692,0.617,0.588,1.0,0.965096405
0.0,0.142,0.549,0.777,0.838,1.0,0.98735194
0.279,0.478,0.637,0.298,0.537,1.0,0.006226211
0.159,0.424,0.446,0.378,0.458,1.0,0.112108898
0.069,0.151,0.695,0.482,0.736,1.0,0.977001425
0.0,0.214,0.884,0.688,0.622,0.992,0.97788517
0.227,0.032,0.529,0.491,0.876,1.0,0.178609031
0.266,0.14,0.922,0.455,0.742,0.975,0.100736342
0.0,0.352,0.489,0.238,0.683,1.0,0.823194117
0.0,0.239,0.511,0.77,0.719,1.0,0.986568424
0.0,0.183,0.615,0.224,0.654,1.0,0.791731056
0.0,0.162,0.498,0.637,0.674,1.0,0.984130655
0.025,0.106,0.552,0.539,0.731,1.0,0.982023931
0.135,0.175,0.558,0.416,0.89,1.0,0.464327585
0.086,0.323,0.728,0.471,0.513,1.0,0.81689659
0.003,0.289,0.503,0.722,0.548,1.0,0.91772015
0.0,0.277,0.666,0.721,0.56,1.0,0.938237589
0.0,0.102,0.872,0.314,0.832,1.0,0.915731
0.198,0.379,0.888,0.351,0.458,1.0,0.109388274
0.15,0.469,0.606,0.236,0.492,1.0,0.027449104
0.0,0.039,0.564,0.7,0.837,1.0,0.986982348
0.0,0.209,0.471,0.311,0.732,1.0,0.912896173
0.245,0.323,0.642,0.329,0.651,1.0,0.089156101
0.019,0.0,0.628,0.7,0.939,1.0,0.987026198
0.053,0.283,0.939,0.332,0.677,0.966,0.691757029
0.073,0.153,0.795,0.15,0.743,1.0,0.533081413
0.148,0.348,0.618,0.394,0.57,1.0,0.404415545
0.012,0.486,0.857,0.22,0.55,1.0,0.177634695
0.064,0.025,0.521,0.85,0.812,1.0,0.987377961
0.04,0.359,0.499,0.181,0.541,1.0,0.54991112
0.0,0.022,0.726,0.737,0.861,1.0,0.987246893
0.235,0.424,0.709,0.998,0.534,1.0,0.105459126
0.286,0.004,0.841,0.445,0.955,1.0,0.08373509
0.071,0.148,0.764,0.825,0.689,1.0,0.985795026
0.0,0.308,0.553,0.238,0.528,1.0,0.758712527
0.259,0.034,0.643,0.327,0.96,1.0,0.069040057
0.0,0.341,0.629,0.658,0.56,1.0,0.937895945
0.224,0.125,0.72,0.343,0.783,1.0,0.141393918
0.148,0.154,0.895,0.553,0.729,1.0,0.453046584
0.194,0.236,0.777,0.509,0.6,1.0,0.329168552
0.4,0.154,0.69,0.507,0.683,1.0,0.019402397
0.0,0.32,0.578,0.274,0.587,1.0,0.861899165
0.24,0.506,0.543,0.336,0.509,1.0,0.00192747
0.0,0.0,0.6,0.392,0.841,1.0,0.9571586
0.0,0.347,0.885,0.677,0.546,0.995,0.914848219
0.0,0.351,0.623,0.764,0.557,1.0,0.932740925
0.092,0.038,0.581,0.458,0.798,1.0,0.962915472
0.0,0.367,0.797,0.528,0.578,1.0,0.955254742
0.117,0.28,0.607,0.437,0.6,1.0,0.547083521
0.0,0.011,0.585,0.581,0.92,1.0,0.984991753
0.273,0.342,0.761,0.303,0.613,1.0,0.03289758
0.147,0.018,0.849,0.192,0.895,1.0,0.09877996
0.083,0.047,0.631,0.813,0.789,1.0,0.987288334
0.437,0.055,0.884,0.529,0.947,1.0,0.011367256
0.204,0.0,0.67,0.564,0.872,1.0,0.268552022
0.053,0.154,0.713,0.511,0.749,1.0,0.980200062
0.138,0.283,0.913,0.245,0.599,0.958,0.273967731
0.0,0.215,0.944,0.689,0.622,0.969,0.60174995
0.076,0.118,0.714,0.5,0.897,1.0,0.979531711
0.157,-0.0,0.472,0.392,0.876,1.0,0.411563087
0.081,0.474,0.905,0.921,0.71,0.94,0.095615535
0.0,0.314,0.873,0.764,0.581,0.994,0.962040401
0.016,0.0,0.933,0.557,0.916,0.967,0.815951166
0.065,0.142,0.595,0.632,0.76,1.0,0.986032105
0.2,0.214,0.654,0.351,0.674,1.0,0.248884115
0.0,0.412,0.506,0.812,0.468,1.0,0.582898327
0.223,0.425,0.744,0.379,0.464,1.0,0.043245686
0.0,0.018,0.678,0.34,0.887,1.0,0.932470116
0.0,0.0,0.764,0.535,0.846,1.0,0.982340517
0.051,0.121,0.686,0.671,0.825,1.0,0.986758279
0.0,0.044,0.848,0.43,0.793,1.0,0.969088196
0.0,0.2,0.729,0.736,0.637,1.0,0.981260652
0.0,0.313,0.498,0.58,0.524,1.0,0.870865757
0.0,0.287,0.826,0.395,0.55,1.0,0.900615297
0.131,0.113,0.877,0.608,0.867,0.986,0.495942434
0.0,0.0,0.856,0.303,0.947,1.0,0.906318681
0.288,0.0,0.73,0.314,0.908,1.0,0.024927973
0.256,0.073,0.819,0.301,0.822,1.0,0.052287931
0.178,0.367,0.715,0.544,0.542,1.0,0.359865443
0.142,0.227,0.751,0.471,0.824,1.0,0.458403987
0.0,0.126,0.712,0.635,0.766,1.0,0.986120287
0.32,0.0,0.629,0.59,0.893,1.0,0.065043448
0.0,0.02,0.814,0.544,0.816,1.0,0.982896593
0.0,0.506,0.687,0.744,0.58,1.0,0.184351447
0.267,0.0,0.57,0.381,0.873,1.0,0.086489445
0.0,0.118,0.457,0.754,0.769,1.0,0.987096068
0.0,0.077,0.615,0.637,0.76,1.0,0.986105831
0.295,0.177,0.477,0.432,0.703,1.0,0.070881273
0.303,0.143,0.544,0.342,0.741,1.0,0.02710746
0.24,0.442,0.685,0.711,0.469,1.0,0.036723609
0.137,0.137,0.83,0.914,1.0,1.0,0.48101755
0.0,0.196,0.713,0.807,0.64,1.0,0.981798898
0.194,0.388,0.928,0.606,0.573,0.95,0.199883966
0.0,0.103,0.906,0.519,0.78,0.99,0.978456665
0.235,0.053,0.928,0.667,0.857,0.932,0.015626001
0.0,0.102,0.742,0.621,0.735,1.0,0.985571921
0.231,0.0,0.742,0.322,0.841,1.0,0.112031318
0.0,0.172,0.714,0.571,0.926,1.0,0.984532533
0.0,0.105,0.943,0.675,0.791,0.943,0.0
0.185,0.37,0.677,0.357,0.508,1.0,0.277731599
0.0,0.497,0.917,0.686,0.585,1.0,0.235366284
0.572,0.375,0.846,0.865,0.461,0.972,0.000652449
0.0,0.012,0.752,0.326,0.897,1.0,0.924308243
0.0,0.339,0.505,0.501,0.497,1.0,0.721949405
0.054,0.024,0.893,0.671,0.812,0.945,0.371612411
0.0,0.254,0.662,0.671,0.639,1.0,0.98111031
0.0,0.413,0.607,0.786,0.534,1.0,0.896557008
0.0,0.311,0.602,0.727,0.583,1.0,0.963045576
0.0,0.032,0.517,0.724,0.847,1.0,0.987154374
0.0,0.327,0.494,0.779,0.51,1.0,0.802878099
0.0,0.371,0.64,0.795,0.526,1.0,0.877424938
0.054,0.217,0.935,0.419,0.62,0.942,0.136224924
0.0,0.124,0.579,0.782,0.873,1.0,0.987387116
0.0,0.436,0.507,0.639,0.514,1.0,0.595144992
0.211,0.245,0.886,0.897,0.795,0.94,0.108875085
0.0,0.251,0.718,0.548,0.675,1.0,0.981051522
0.005,0.093,0.568,0.577,0.976,1.0,0.984824545
0.141,0.48,0.513,0.437,0.502,1.0,0.052604036
0.011,0.254,0.734,0.295,0.583,1.0,0.883701263
0.345,0.476,0.708,0.793,0.698,1.0,0.029855069
0.229,0.398,0.89,0.467,0.504,0.941,0.057911326
0.192,0.38,0.526,0.412,0.457,1.0,0.148517366
0.0,0.192,0.441,0.731,0.88,1.0,0.987223763
0.183,0.066,0.85,0.386,0.77,0.99,0.368736625
0.33,0.098,0.803,0.451,0.739,1.0,0.046155685
0.091,0.0,0.776,0.524,0.958,1.0,0.974482221
0.345,0.399,0.88,0.963,0.537,0.973,0.038260285
0.0,0.409,0.845,0.592,0.467,1.0,0.574178452
0.253,0.252,0.541,0.604,0.73,1.0,0.13728166
0.352,0.199,0.725,0.684,0.764,1.0,0.048580442
0.046,0.436,0.873,0.676,0.511,0.961,0.501658347
0.0,0.284,0.762,0.662,0.609,1.0,0.974296702
0.251,0.293,0.523,0.486,0.686,1.0,0.131714644
0.0,0.13,0.519,0.562,0.706,1.0,0.982996821
0.177,0.335,0.56,0.676,0.727,1.0,0.411379495
0.0,0.253,0.91,0.72,0.811,0.99,0.981529053
0.159,0.222,0.682,0.329,0.824,1.0,0.377010773
0.129,0.394,0.538,0.301,0.506,1.0,0.322994383
0.0,0.166,0.553,0.79,0.798,1.0,0.987291225
0.025,0.101,0.783,0.387,0.893,1.0,0.954818652
0.209,0.004,0.748,0.518,0.88,1.0,0.238748995
0.317,0.21,0.914,0.473,0.714,0.946,0.046078104
0.0,0.15,0.605,0.581,0.687,1.0,0.983295579
0.0,0.015,0.544,0.498,0.821,1.0,0.979286923
0.0,0.206,0.833,0.553,0.915,1.0,0.983543259
0.0,0.188,0.475,0.686,0.828,1.0,0.986872964
0.055,0.008,0.52,0.808,0.905,1.0,0.987428557
0.0,0.07,0.663,0.759,0.808,1.0,0.987267613
0.0,0.06,0.473,0.685,0.885,1.0,0.986914404
0.0,0.024,0.437,0.758,0.858,1.0,0.987334593
0.108,0.056,0.457,0.169,0.949,1.0,0.317588793
0.161,0.046,0.836,0.384,0.835,1.0,0.400512418
0.136,0.08,0.828,0.425,0.808,1.0,0.464019672
0.051,0.377,0.709,0.498,0.459,1.0,0.474667017
0.0,0.328,0.622,0.645,0.509,1.0,0.797374207
0.0,0.25,0.623,0.728,0.634,1.0,0.980659282
0.0,0.503,0.795,0.352,0.539,1.0,0.135238059
0.0,0.212,0.864,0.669,0.699,0.983,0.983150055
0.0,0.378,0.776,0.794,0.524,1.0,0.872199085
0.0,0.411,0.584,0.82,0.475,1.0,0.634618619
0.084,0.251,0.935,0.532,0.82,0.996,0.845164869
0.0,0.091,0.629,0.83,0.822,1.0,0.987381334
0.0,0.444,0.603,0.563,0.703,1.0,0.679988377
0.0,0.118,0.724,0.6,0.719,1.0,0.984842374
0.0,0.257,0.475,0.756,0.651,1.0,0.983135117
0.15,0.269,0.925,0.215,0.65,0.996,0.221018196
0.008,0.17,0.584,0.539,0.707,1.0,0.981614825
0.179,0.345,0.828,0.39,0.554,1.0,0.349575643
0.0,0.229,0.753,0.573,0.688,1.0,0.983007422
0.0,0.452,0.948,0.417,0.48,0.965,0.126431448
0.0,0.384,0.68,0.638,0.492,1.0,0.703008637
0.0,0.161,0.837,0.498,0.676,1.0,0.977298255
0.063,0.091,0.932,0.505,0.826,0.995,0.881699104
0.0,0.076,0.783,0.611,0.828,1.0,0.985899591
0.105,0.389,0.579,0.769,0.447,1.0,0.2210553
0.147,0.346,0.561,0.428,0.632,1.0,0.435894508
0.16,0.179,0.521,0.232,0.756,1.0,0.260616145
0.03,0.126,0.76,0.429,0.792,1.0,0.968872319
0.249,0.0,0.477,0.492,0.92,1.0,0.136428754
0.219,0.338,0.489,0.274,0.783,1.0,0.094626743
0.203,0.192,0.766,0.285,0.855,1.0,0.178101143
0.0,0.227,0.638,0.726,0.655,1.0,0.983451704
0.0,0.326,0.707,0.363,0.511,1.0,0.781032151
0.021,0.357,0.564,0.673,0.735,1.0,0.98624509
0.227,0.038,0.647,0.326,0.799,1.0,0.124310267
0.205,0.152,0.959,0.329,0.684,0.961,0.004734831
0.015,0.157,0.844,0.432,0.778,1.0,0.969445741
0.0,0.332,0.79,0.666,0.573,1.0,0.954624941
0.0,0.208,0.656,0.702,0.706,1.0,0.985947778
0.0,0.259,0.873,0.514,0.616,1.0,0.971049397
0.0,0.374,0.788,0.774,0.574,1.0,0.955908636
0.112,0.437,0.791,0.262,0.438,1.0,0.005189714
0.0,0.139,0.826,0.598,0.755,1.0,0.985225459
0.0,0.0,0.762,0.549,0.946,1.0,0.983287869
0.233,0.477,0.931,0.251,0.606,0.939,0.002891205
0.482,0.181,0.834,0.691,0.698,1.0,0.009319801
0.122,0.018,0.709,0.346,0.909,1.0,0.484906221
0.039,0.388,0.562,0.522,0.449,1.0,0.356284204
0.196,0.058,0.442,0.407,0.817,1.0,0.307411268
0.0,0.26,0.886,0.739,0.747,1.0,0.986812248
0.037,0.125,0.581,0.505,0.755,1.0,0.979688318
0.246,0.233,0.911,0.317,0.662,0.975,0.078529475
0.0,0.059,0.948,0.729,0.952,0.949,0.035378717
0.107,0.142,0.444,0.34,1.0,1.0,0.707493378
0.191,0.24,0.845,0.533,0.596,1.0,0.349975593
0.005,0.39,0.749,0.233,0.447,1.0,0.29367756
0.099,0.314,0.943,0.19,0.523,0.982,0.39444426
0.113,0.0,0.629,0.575,0.879,1.0,0.632465153
0.0,0.4,0.539,0.733,0.583,1.0,0.963070634
0.366,0.55,0.464,0.41,0.721,1.0,0.003084434
0.224,0.277,0.715,0.318,0.606,1.0,0.121760224
0.0,0.342,0.927,0.611,0.588,1.0,0.908658148
0.0,0.411,0.8,0.7,0.425,1.0,0.232007186
0.187,0.22,0.446,0.866,1.0,1.0,0.390338748
0.176,0.0,0.743,0.366,0.927,1.0,0.370915148
0.0,0.057,0.532,0.664,0.862,1.0,0.986733222
0.121,0.455,0.947,0.122,0.502,0.998,0.001313089
0.0,0.485,0.952,0.668,0.586,0.98,0.089087675
0.18,0.295,0.747,0.391,0.581,1.0,0.363246226
0.181,0.388,0.437,0.306,0.703,1.0,0.327428046
0.288,0.296,0.873,0.824,0.759,0.954,0.090367997
0.164,0.434,0.5,0.837,0.751,1.0,0.345573733
0.017,0.208,0.881,0.185,0.629,1.0,0.589377037
0.0,0.159,0.698,0.299,0.747,1.0,0.902243527
0.135,0.116,0.89,0.42,0.779,1.0,0.465138086
0.151,0.0,0.582,0.413,0.908,1.0,0.430054755
0.137,0.306,0.458,0.147,0.576,1.0,0.020101105
0.0,0.0,0.866,0.584,0.921,1.0,0.985091499
0.0,0.311,0.672,0.508,0.615,1.0,0.970163242
0.305,0.27,0.446,0.491,0.786,1.0,0.070353146
0.149,0.43,0.6,0.777,0.494,1.0,0.218160721
0.005,0.214,0.523,0.716,0.623,1.0,0.978389685
0.0,0.0,0.662,0.61,0.945,1.0,0.985928985
0.126,0.011,0.545,0.803,0.953,1.0,0.515289899
0.0,0.096,0.472,0.662,1.0,1.0,0.986730331
0.151,0.196,0.65,0.296,0.74,1.0,0.364376206
0.23,0.019,0.813,0.318,0.869,1.0,0.111447776
0.0,0.255,0.481,0.848,0.651,1.0,0.983232936
0.0,0.179,0.448,0.682,0.714,1.0,0.985997892
0.055,0.128,0.872,0.345,0.857,1.0,0.935006667
0.194,0.34,0.672,0.474,0.558,1.0,0.307389584
0.099,0.377,0.622,0.611,0.459,1.0,0.426775646
0.0,0.232,0.692,0.431,0.693,1.0,0.968176502
0.0,0.228,0.635,0.67,0.657,1.0,0.983337501
0.175,0.263,0.454,0.563,0.715,1.0,0.410896664
0.0,0.367,0.532,0.532,0.634,1.0,0.975938907
0.0,0.278,0.911,0.79,0.671,0.994,0.97864122
0.0,0.233,0.778,0.728,0.646,1.0,0.982384849
0.0,0.363,0.529,0.555,0.761,1.0,0.983363522
0.105,0.273,0.705,0.681,0.628,1.0,0.789343884
0.131,0.1,0.685,0.566,0.803,1.0,0.494447199
0.0,0.266,0.887,0.713,0.628,0.992,0.97927584
0.003,0.264,0.573,0.496,0.644,1.0,0.974480294
0.14,0.491,0.912,0.656,0.551,0.936,0.027763763
0.375,0.152,0.711,0.575,0.759,1.0,0.035887087
0.209,0.01,0.639,0.361,0.911,1.0,0.199998651
0.056,0.438,0.48,0.581,0.567,1.0,0.705717696
0.0,0.074,0.581,0.533,0.839,1.0,0.982213786
0.179,0.206,0.841,0.28,0.726,1.0,0.303511995
0.0,0.281,0.899,0.713,0.859,0.963,0.88704687
0.0,0.07,0.673,0.64,1.0,1.0,0.986463376
0.258,0.098,0.922,0.558,0.82,0.965,0.116008171
0.347,0.247,0.521,0.365,0.589,1.0,0.007378356
0.338,0.382,0.479,0.351,0.454,1.0,0.001758335
0.0,0.134,0.846,0.421,0.81,1.0,0.967009419
0.0,0.303,0.943,0.496,0.621,0.985,0.670779888
0.0,0.075,0.528,0.302,0.868,1.0,0.90536892
0.005,0.119,0.696,0.764,0.954,1.0,0.987368324
0.188,0.05,0.567,0.363,0.836,1.0,0.34153761
0.0,0.455,0.8,0.482,0.684,1.0,0.553280819
0.0,0.142,0.615,0.834,0.759,1.0,0.987126426
0.2,0.256,0.658,0.314,0.751,1.0,0.227854933
0.0,0.112,0.668,0.705,0.765,1.0,0.986780445
0.201,0.384,0.719,0.289,0.552,1.0,0.178550725
0.561,0.091,0.714,0.717,0.902,1.0,0.003141295
0.062,0.033,0.521,0.709,0.975,1.0,0.987081612
0.061,0.007,0.874,0.662,0.941,0.966,0.922155741
0.0,0.0,0.624,0.774,0.855,1.0,0.987363987
0.0,0.288,0.842,0.735,0.764,1.0,0.986965482
0.0,0.212,0.593,0.583,0.803,1.0,0.984963805
0.182,0.403,0.901,0.222,0.524,0.994,0.18831529
0.0,0.323,0.484,0.257,0.597,1.0,0.846053432
0.183,0.281,0.596,0.362,0.608,1.0,0.350270014
0.233,0.347,0.839,0.489,0.528,1.0,0.125824777
0.0,0.296,0.503,0.559,0.541,1.0,0.905338081
0.0,0.422,0.79,0.611,0.651,1.0,0.749905915
0.0,0.096,0.707,0.656,0.882,1.0,0.986642631
0.063,0.405,0.909,0.658,0.498,0.93,0.056259002
0.0,0.116,0.566,0.34,0.822,1.0,0.932432048
0.117,0.564,0.597,0.33,0.578,1.0,0.011387976
0.0,0.387,0.685,0.533,0.664,1.0,0.979478224
0.024,0.229,0.545,0.674,0.673,1.0,0.984511331
0.0,0.187,0.724,0.57,0.69,1.0,0.982913458
0.056,0.193,0.468,0.602,0.686,1.0,0.983961038
0.0,0.064,0.824,0.711,0.842,1.0,0.987056073
0.0,0.297,0.593,0.492,0.614,1.0,0.968460322
0.485,0.499,0.833,0.564,0.703,1.0,0.003203456
0.102,0.009,0.47,0.475,0.941,1.0,0.848688284
0.148,0.494,0.863,0.622,0.77,0.977,0.15052579
0.0,0.332,0.577,0.797,0.548,1.0,0.91787242
0.309,0.281,0.768,0.424,0.603,1.0,0.052762089
0.049,0.347,0.685,0.497,0.541,1.0,0.902207387
0.439,0.393,0.9,0.47,0.444,0.939,0.000692444
0.0,0.236,0.699,0.523,0.704,1.0,0.980472799
0.0,0.235,0.846,0.578,0.693,1.0,0.983410745
0.035,0.091,0.748,0.694,0.879,1.0,0.986978493
0.07,0.249,0.602,0.419,0.773,1.0,0.966381546
0.213,0.272,0.72,0.274,0.77,1.0,0.114526428
0.0,0.331,0.589,0.442,0.506,1.0,0.769087136
0.056,0.247,0.635,0.659,0.589,1.0,0.966045202
0.0,0.193,0.534,0.788,0.883,1.0,0.987400127
0.095,0.239,0.668,0.402,0.597,1.0,0.920786755
0.0,0.417,0.728,0.579,0.461,1.0,0.497181798
0.195,0.121,0.477,0.499,0.782,1.0,0.3317663
0.07,0.37,0.504,0.62,0.467,1.0,0.57435867
0.027,0.31,0.882,0.387,0.695,0.995,0.953693973
0.084,0.525,0.537,0.176,0.564,1.0,0.032836383
0.0,0.317,0.665,0.481,0.581,1.0,0.953868409
0.449,0.131,0.701,0.988,0.705,1.0,0.014416996
0.249,0.437,0.459,0.314,0.475,1.0,0.025103373
0.0,0.475,0.708,0.628,0.478,1.0,0.017505767
0.042,0.136,0.566,0.171,0.7,1.0,0.567683359
0.319,0.247,0.801,0.388,0.59,1.0,0.032805544
0.177,0.0,0.468,0.517,0.934,1.0,0.406287601
0.059,0.326,0.791,0.495,0.51,1.0,0.798616462
0.199,0.391,0.833,0.375,0.53,1.0,0.225104915
0.002,0.061,0.932,0.74,0.818,0.98,0.878719716
0.0,0.41,0.528,0.746,0.426,1.0,0.232031761
0.0,0.146,0.905,0.731,0.86,0.976,0.972861219
0.001,0.0,0.615,0.517,0.929,1.0,0.981097299
0.31,0.224,0.661,0.526,0.687,1.0,0.068705159
0.0,0.036,0.746,0.722,0.845,1.0,0.9871404
0.074,0.158,0.55,0.657,0.81,1.0,0.986578061
0.0,0.305,0.947,0.748,0.578,0.956,0.297768616
0.198,0.314,0.495,0.525,0.565,1.0,0.284089359
0.159,0.377,0.623,0.331,0.673,1.0,0.376833928
0.0,0.073,0.892,0.478,0.816,0.971,0.947154548
0.0,0.278,0.516,0.541,0.857,1.0,0.982756369
0.0,0.294,0.579,0.671,0.591,1.0,0.967484059
0.0,0.013,0.65,0.697,0.865,1.0,0.986987166
0.0,0.382,0.888,0.503,0.455,1.0,0.423141883
0.189,0.062,0.5,0.5,0.774,1.0,0.372118854
0.0,0.127,0.544,0.724,0.934,1.0,0.987186178
0.0,0.093,0.746,0.576,0.944,1.0,0.984783586
0.088,0.412,0.644,0.395,0.67,1.0,0.956630474
0.209,0.173,0.73,0.339,0.715,1.0,0.189128682
0.0,0.044,0.899,0.707,0.88,0.993,0.986096675
0.114,0.214,0.526,0.614,0.623,1.0,0.611919765
0.096,0.291,0.885,0.289,0.546,1.0,0.802015556
0.121,0.225,0.82,0.618,0.753,1.0,0.541466872
0.358,0.389,0.454,0.439,0.689,1.0,0.029804954
0.0,0.119,0.889,0.615,0.814,1.0,0.985897664
0.0,0.0,0.901,0.662,0.91,1.0,0.985558911
0.0,0.0,0.537,0.401,0.902,1.0,0.960924877
0.0,0.499,0.861,0.683,0.669,1.0,0.246509472
0.175,0.106,0.448,0.536,0.792,1.0,0.409924737
0.234,0.031,0.816,0.492,0.805,1.0,0.1627792
0.0,0.416,0.929,0.469,0.578,0.969,0.844051273
0.0,0.198,0.53,0.527,0.825,1.0,0.981794562
0.004,0.376,0.774,0.42,0.571,1.0,0.936964495
0.0,0.094,0.844,0.767,0.817,1.0,0.987301344
0.216,0.302,0.87,0.756,0.535,0.996,0.173740242
0.188,0.512,0.709,0.269,0.515,1.0,0.004116595
0.0,0.088,0.694,0.547,0.813,1.0,0.983077775
0.114,0.388,0.815,0.593,0.511,1.0,0.469006037
0.041,0.413,0.712,0.185,0.507,1.0,0.480325588
0.266,0.226,0.572,0.434,0.946,1.0,0.105774749
0.0,0.433,0.481,0.451,0.581,1.0,0.720004106
0.0,0.134,0.563,0.586,0.93,1.0,0.985157997
0.009,0.082,0.584,0.563,0.803,1.0,0.984008743
0.159,0.021,0.84,0.579,0.816,1.0,0.435517687
0.189,0.235,0.793,0.379,0.662,1.0,0.341628683
0.101,0.497,0.552,0.479,0.524,1.0,0.145212718
0.035,0.23,0.7,0.532,0.678,1.0,0.980197652
0.012,0.458,0.794,0.769,0.578,1.0,0.493499366
0.0,0.347,0.713,0.441,0.594,1.0,0.955343887
0.278,0.103,0.509,0.279,0.78,1.0,0.001454758
0.0,0.291,0.468,0.68,0.622,1.0,0.977998409
0.0,0.246,0.925,0.482,0.769,0.972,0.909898475
0.0,0.015,0.857,0.625,0.862,1.0,0.986220033
0.0,0.22,0.441,0.848,0.704,1.0,0.986315925
0.107,0.356,0.836,0.599,0.48,0.998,0.451937806
0.093,0.145,0.567,0.385,0.747,1.0,0.938978701
0.0,0.44,0.766,0.487,0.698,1.0,0.718759442
0.101,0.466,0.919,0.766,0.525,0.973,0.290293404
0.0,0.224,0.738,0.634,0.773,1.0,0.986150644
0.098,0.29,0.836,0.455,0.596,1.0,0.906938845
0.231,0.244,0.818,0.405,0.593,1.0,0.143712182
0.198,0.281,0.824,0.323,0.753,1.0,0.249466693
0.044,0.216,0.565,0.188,0.835,1.0,0.601706582
0.311,0.134,0.519,0.312,0.8,1.0,0.000914103
0.0,0.346,0.631,0.731,0.549,1.0,0.920383432
0.0,0.468,0.837,0.741,0.534,1.0,0.313636033
0.064,0.47,0.911,0.51,0.515,0.966,0.217545376
0.0,0.283,0.781,0.639,0.652,1.0,0.982447492
0.088,0.079,0.867,0.426,0.971,1.0,0.968279622
0.0,0.552,0.711,0.811,0.726,1.0,0.062225004
0.003,0.421,0.606,0.714,0.516,1.0,0.604445036
0.088,0.056,0.478,0.822,0.781,1.0,0.98726665
0.185,0.081,0.809,0.392,1.0,1.0,0.36665833
0.181,0.228,0.843,0.326,0.669,1.0,0.341928887
0.0,0.197,0.585,0.749,0.684,1.0,0.985490486
0.0,0.02,0.542,0.514,0.816,1.0,0.980781676
0.0,0.295,0.467,0.853,0.602,1.0,0.972676182
0.202,0.28,0.684,0.227,0.557,1.0,0.092429427
0.0,0.234,0.714,0.843,0.725,1.0,0.986726958
0.08,0.38,0.498,0.148,0.54,1.0,0.508211264
0.053,0.176,0.531,0.669,0.661,1.0,0.983616985
0.205,0.0,0.755,0.335,0.929,1.0,0.208321467
0.377,0.247,0.842,0.384,0.751,1.0,0.00363039
0.0,0.219,0.901,0.611,0.687,1.0,0.983107651
0.121,0.249,0.565,0.33,0.898,1.0,0.482704087
0.0,0.331,0.533,0.674,0.59,1.0,0.967069171
0.0,0.169,0.699,0.646,0.727,1.0,0.985834539
0.091,0.122,0.889,0.687,0.963,0.963,0.880637067
0.116,0.178,0.727,0.609,0.782,1.0,0.589005999
0.16,0.364,0.801,0.277,0.559,1.0,0.305892903
0.328,0.057,0.482,0.395,0.91,1.0,0.032819518
0.0,0.083,0.845,0.563,0.844,1.0,0.984075241
0.0,0.371,0.624,0.641,0.523,1.0,0.865860117
0.0,0.15,0.9,0.846,0.749,0.946,0.405483364
0.178,0.047,0.88,0.375,0.79,1.0,0.37261325
0.136,0.291,0.848,0.588,0.697,1.0,0.479934794
0.219,0.013,0.842,0.407,0.966,1.0,0.184174602
0.131,0.022,0.806,0.391,1.0,1.0,0.467027971
0.173,0.444,0.597,0.422,0.551,1.0,0.244536706
0.063,0.092,0.612,0.836,0.859,1.0,0.987429521
0.0,0.212,0.476,0.719,0.835,1.0,0.987103778
0.207,0.011,0.692,0.574,0.947,1.0,0.252118892
0.0,0.457,0.834,0.592,0.716,1.0,0.529128171
0.312,0.355,0.774,0.418,0.527,1.0,0.038322927
0.329,0.418,0.482,0.398,0.465,1.0,0.013486028
0.228,0.254,0.813,0.83,0.976,1.0,0.185110389
0.241,0.284,0.76,0.318,0.553,1.0,0.078100613
0.0,0.055,0.579,0.724,0.838,1.0,0.987143773
0.0,0.367,0.925,0.734,0.559,0.947,0.368044181
0.126,0.049,0.803,0.516,0.93,1.0,0.508869013
0.25,0.335,0.444,0.474,0.502,1.0,0.08394663
0.066,0.377,0.573,0.647,0.459,1.0,0.476499078
0.0,0.016,0.68,0.588,0.899,1.0,0.985233168
0.0,0.154,0.532,0.825,0.75,1.0,0.98701897
0.0,0.185,0.661,0.565,0.764,1.0,0.983941282
0.35,0.362,0.611,0.779,0.793,1.0,0.049995687
0.233,0.408,0.576,0.746,0.598,1.0,0.162596572
0.144,0.212,0.604,0.356,0.912,1.0,0.418352601
0.325,0.213,0.474,0.469,0.864,1.0,0.052256128
0.214,0.0,0.62,0.352,0.91,1.0,0.175155968
0.0,0.504,0.891,0.49,0.587,0.976,0.194048068
0.0,0.155,0.92,0.72,0.851,0.979,0.95638954
0.05,0.103,0.816,0.399,1.0,1.0,0.960158708
0.108,0.259,0.685,0.857,0.577,1.0,0.711428308
0.109,0.085,0.828,0.54,0.752,1.0,0.708918742
0.0,0.227,0.559,0.714,0.658,1.0,0.983705648
0.0,0.057,0.762,0.358,0.822,1.0,0.940963513
0.0,0.388,0.608,0.593,0.448,1.0,0.347794179
0.0,0.389,0.726,0.606,0.534,1.0,0.895642423
0.035,0.415,0.534,0.666,0.421,1.0,0.231992248
0.0,0.417,0.446,0.81,0.614,1.0,0.976381261
0.0,0.0,0.88,0.68,0.893,1.0,0.986886456
0.34,0.16,0.547,0.387,0.721,1.0,0.022278183
0.012,0.077,0.939,0.502,0.97,0.973,0.754122257
0.159,0.25,0.487,1.0,0.587,1.0,0.418745805
0.342,0.146,0.622,0.381,0.821,1.0,0.018349999
0.385,0.169,0.642,0.686,1.0,1.0,0.033069607
0.0,0.321,0.49,0.614,0.563,1.0,0.941417915
0.0,0.134,0.839,0.499,0.806,1.0,0.97935583
0.067,0.093,0.696,0.528,0.993,1.0,0.981928521
0.0,0.388,0.935,0.545,0.492,0.962,0.517605272
0.261,0.22,0.797,0.374,0.716,1.0,0.089526175
0.0,0.282,0.574,0.745,0.685,1.0,0.985503496
0.138,0.412,0.532,0.44,0.571,1.0,0.435634781
0.0,0.0,0.907,0.522,0.913,1.0,0.978713982
0.0,0.397,0.802,0.624,0.486,1.0,0.682244481
0.0,0.005,0.495,0.745,0.916,1.0,0.987312909
0.229,0.044,0.739,0.465,0.792,1.0,0.170554133
0.0,0.256,0.483,0.773,0.816,1.0,0.987311945
0.09,0.459,0.61,0.551,0.52,1.0,0.378596599
0.048,0.314,0.677,0.47,0.861,1.0,0.97602227
0.275,0.421,0.765,0.289,0.475,1.0,0.006585202
0.011,0.181,0.863,0.521,0.902,1.0,0.981387383
0.554,0.435,0.853,0.554,0.605,0.974,0.0
0.0,0.342,0.461,0.627,0.543,1.0,0.909398779
0.0,0.244,0.625,0.602,0.662,1.0,0.982693726
0.0,0.064,0.923,0.7,1.0,0.961,0.820759722
0.0,0.383,0.458,0.66,0.506,1.0,0.77686496
0.261,0.414,0.502,0.646,0.422,1.0,0.020483708
0.067,0.201,0.706,0.492,0.685,1.0,0.977044793
0.06,0.143,0.792,0.488,0.735,1.0,0.977691941
0.134,0.404,0.633,0.367,0.509,1.0,0.346308581
0.1,0.049,0.929,0.311,0.875,1.0,0.789124153
0.104,0.0,0.761,0.378,0.869,1.0,0.777966509
0.0,0.0,0.714,0.57,0.898,1.0,0.984479528
0.301,0.076,0.556,0.494,0.966,1.0,0.074500099
0.426,0.126,0.627,0.488,0.711,1.0,0.009858529
0.0,0.33,0.797,0.652,0.634,1.0,0.980089714
0.102,0.132,0.465,0.53,0.806,1.0,0.854005693
0.0,0.231,0.748,0.651,0.667,1.0,0.983927789
0.273,0.136,0.684,0.435,0.7,1.0,0.097411456
0.261,0.322,0.849,0.301,0.567,1.0,0.04173214
0.0,0.149,0.693,0.674,0.906,1.0,0.986842124
0.0,0.403,0.504,0.702,0.505,1.0,0.771803905
0.0,0.383,0.665,0.84,0.5,1.0,0.742492383
0.038,0.0,0.531,0.683,0.901,1.0,0.986906695
0.044,0.223,0.922,0.508,0.613,0.979,0.934810065
0.0,0.319,0.717,0.819,0.579,1.0,0.960343745
0.166,0.284,0.906,0.388,0.601,0.991,0.382397089
0.0,0.0,0.426,0.632,0.858,1.0,0.986322671
0.163,0.337,0.678,0.293,0.594,1.0,0.331537413
0.0,0.116,0.866,0.81,0.854,0.974,0.96982208
0.068,0.046,0.89,0.655,0.925,0.963,0.887367794
0.062,0.316,0.929,0.487,0.52,0.981,0.788756488
0.103,0.33,0.65,0.338,0.768,1.0,0.781559796
0.09,0.0,0.753,0.622,0.905,1.0,0.980639525
0.194,0.097,0.481,0.256,1.0,1.0,0.212179299
0.0,0.108,0.456,0.596,0.774,1.0,0.98530063
0.0,0.0,0.524,0.591,0.92,1.0,0.985346889
0.233,0.121,0.575,0.736,0.715,1.0,0.172727838
0.156,0.198,0.49,0.566,0.638,1.0,0.435049794
0.065,0.189,0.676,0.561,0.744,1.0,0.98351772
0.0,0.0,0.932,0.602,0.901,0.972,0.858477424
0.0,0.048,0.421,0.786,0.788,1.0,0.987254603
0.208,0.476,0.85,0.515,0.489,0.98,0.01742674
0.0,0.052,0.571,0.543,0.852,1.0,0.982889847
0.206,0.043,0.752,0.57,0.865,1.0,0.25734571
0.049,0.244,0.638,0.573,0.692,1.0,0.983124516
0.0,0.374,0.734,0.79,0.463,1.0,0.528773517
0.264,0.0,0.665,0.3,0.843,1.0,0.041482051
0.196,0.304,0.751,0.539,0.533,1.0,0.275164208
0.075,0.275,0.833,0.653,0.607,1.0,0.973705933
0.0,0.091,0.435,0.825,0.81,1.0,0.987356759
0.303,0.0,0.891,0.432,0.897,0.961,0.062069361
0.0,0.414,0.869,0.733,0.423,1.0,0.232025497
0.0,0.373,0.588,0.803,0.464,1.0,0.53861518
0.283,0.158,0.896,0.376,0.72,1.0,0.06414862
0.0,0.381,0.941,0.559,0.528,0.956,0.436962808
0.0,0.031,0.463,0.739,0.875,1.0,0.987269059
0.0,0.047,0.741,0.624,0.859,1.0,0.98619594
0.091,0.174,0.522,0.311,0.752,1.0,0.905894156
0.126,0.221,0.723,0.388,0.826,1.0,0.483138249
0.349,0.157,0.904,0.366,0.74,0.966,0.007512797
0.351,0.184,0.768,0.368,0.79,1.0,0.007644829
0.0,0.029,0.597,0.525,0.905,1.0,0.981704452
0.0,0.443,0.713,0.661,0.642,1.0,0.686794275
0.0,0.185,0.688,0.677,0.651,1.0,0.982682162
0.303,0.057,0.833,0.313,0.832,1.0,0.008648559
0.0,0.136,0.66,0.632,0.828,1.0,0.986289904
0.038,0.257,0.675,0.34,0.58,1.0,0.91369511
0.0,0.354,0.772,0.705,0.723,1.0,0.986292795
0.0,0.149,0.612,0.779,0.688,1.0,0.985717927
0.022,0.269,0.624,0.543,0.639,1.0,0.977419686
0.056,0.153,0.555,0.218,0.76,1.0,0.775763411
0.342,0.35,0.506,0.384,0.603,1.0,0.018639601
0.24,0.47,0.918,0.466,0.495,0.929,0.002715806
0.282,0.485,0.636,0.359,0.494,1.0,0.003001553
0.082,0.425,0.511,0.514,0.569,1.0,0.713940766
0.0,0.217,0.936,0.59,0.794,0.966,0.765709726
0.0,0.296,0.766,0.853,0.652,1.0,0.983409782
0.14,0.448,0.478,0.229,0.492,1.0,0.097875494
0.0,0.25,0.758,0.267,0.673,1.0,0.864510406
0.251,0.044,0.473,0.373,0.869,1.0,0.102576112
0.0,0.402,0.462,0.471,0.517,1.0,0.83465871
0.012,0.209,0.714,0.39,0.713,1.0,0.955580002
0.208,0.0,0.888,0.364,0.89,0.977,0.205581568
0.176,0.072,0.631,0.264,0.873,1.0,0.288353887
0.262,0.105,0.451,0.296,0.783,1.0,0.040031148
0.0,0.136,0.53,0.385,0.773,1.0,0.953689154
0.048,0.328,0.499,0.509,0.556,1.0,0.926281491
0.176,0.118,0.598,0.285,0.821,1.0,0.313625432
0.222,0.323,0.847,0.319,0.557,1.0,0.117427752
0.0,0.383,0.678,0.633,0.523,1.0,0.865800365
0.314,0.084,0.477,0.613,0.953,1.0,0.070247135
0.0,0.452,0.886,0.561,0.574,0.961,0.491034613
0.063,0.242,0.499,0.564,0.692,1.0,0.982665296
0.023,0.21,0.743,0.251,0.702,1.0,0.844853582
0.13,0.089,0.888,0.339,0.838,1.0,0.445421511
0.118,0.338,0.607,0.185,0.779,1.0,0.169096484
0.0,0.334,0.575,0.561,0.586,1.0,0.962394092
0.245,0.043,0.797,0.329,1.0,1.0,0.090526532
0.187,0.023,0.888,0.843,1.0,0.985,0.39012239
0.262,0.089,0.886,0.283,0.787,1.0,0.025318767
0.0,0.177,0.835,0.598,0.751,1.0,0.985172453
0.0,0.401,0.665,0.64,0.435,1.0,0.231965263
0.17,0.163,0.703,0.277,0.673,1.0,0.309810486
0.343,0.374,0.684,0.393,0.501,1.0,0.014851158
0.132,0.094,0.53,0.204,0.742,1.0,0.222099025
0.0,0.316,0.71,0.674,0.6,1.0,0.971141433
0.0,0.031,0.422,0.751,0.806,1.0,0.987243038
0.545,0.381,0.91,0.566,0.683,0.913,5.2524e-05
0.104,0.0,0.59,0.446,0.91,1.0,0.800060619
0.292,0.0,0.876,0.409,0.896,0.987,0.068347132
0.0,0.02,0.912,0.683,1.0,1.0,0.97967579
0.0,0.175,0.794,0.619,0.778,1.0,0.985926576
0.188,0.271,0.498,0.334,0.648,1.0,0.325317466
0.0,0.373,0.623,0.395,0.659,1.0,0.956028139
0.294,0.25,0.853,0.429,0.704,0.983,0.071255202
0.062,0.216,0.57,0.41,0.676,1.0,0.962247122
0.0,0.147,0.932,0.616,0.782,0.987,0.882702352
0.092,0.193,0.72,0.533,0.72,1.0,0.970193118
0.0,0.242,0.648,0.594,0.637,1.0,0.979587608
0.165,0.358,0.748,0.358,0.543,1.0,0.341081282
0.028,0.332,0.688,0.71,0.505,1.0,0.771825107
0.0,0.41,0.691,0.575,0.504,1.0,0.765642264
0.296,0.102,0.732,0.407,0.778,1.0,0.063341009
0.09,0.448,0.79,0.313,0.479,1.0,0.292802971
0.04,0.123,0.491,0.555,0.872,1.0,0.983645897
0.0,0.403,0.662,0.812,0.502,1.0,0.75177267
0.075,0.065,0.894,0.156,0.971,1.0,0.54370081
0.352,0.449,0.473,0.437,0.756,1.0,0.023620666
0.064,0.353,0.922,0.665,0.641,0.937,0.139543064
0.0,0.528,0.499,0.81,0.554,1.0,0.046490101
0.185,0.462,0.499,0.283,0.518,1.0,0.090309691
0.0,0.209,0.68,0.721,0.686,1.0,0.985390739
0.056,0.392,0.634,0.46,0.655,1.0,0.971389595
0.0,0.227,0.801,0.554,0.832,1.0,0.983550969
0.115,0.269,0.842,0.222,0.568,1.0,0.390491982
0.207,0.472,0.437,0.487,0.502,1.0,0.041780327
0.155,0.002,0.753,0.582,0.977,1.0,0.443036749
0.3,0.43,0.52,0.337,0.576,1.0,0.020575263
0.125,0.199,0.76,0.749,0.637,1.0,0.513599989
0.0,0.084,0.749,0.705,0.864,1.0,0.987036317
0.078,0.317,0.946,0.384,0.621,0.977,0.564218731
0.0,0.049,0.846,0.761,0.788,1.0,0.987211235
0.207,0.045,0.575,0.5,0.854,1.0,0.246935443
0.16,0.099,0.53,0.422,0.971,1.0,0.416262259
0.299,0.0,0.521,0.326,0.964,1.0,0.021808844
0.293,0.344,0.509,0.301,0.604,1.0,0.007698798
0.242,0.096,0.457,0.376,0.871,1.0,0.118499908
0.0,0.006,0.913,0.648,0.922,0.99,0.977724226
0.0,0.347,0.832,0.427,0.656,1.0,0.965591765
0.246,0.347,0.533,0.89,0.824,1.0,0.149709506
0.168,0.005,0.612,0.378,0.877,1.0,0.386413455
0.157,0.154,0.783,0.276,0.782,1.0,0.330227697
0.272,0.329,0.65,0.463,0.507,1.0,0.068810688
0.0,0.057,0.904,0.564,0.843,0.985,0.981008636
0.421,0.323,0.667,0.543,0.514,1.0,0.009017188
0.0,0.0,0.73,0.68,0.848,1.0,0.986860917
0.09,0.162,0.765,0.144,0.674,1.0,0.516184727
0.0,0.122,0.461,0.764,0.773,1.0,0.987141364
0.307,0.236,0.498,0.451,0.74,1.0,0.063130915
0.323,0.418,0.865,0.449,0.644,0.984,0.049233373
0.244,0.3,0.622,0.309,0.594,1.0,0.073414451
0.106,0.419,0.543,0.466,0.58,1.0,0.623254736
0.23,0.341,0.93,0.323,0.545,0.964,0.082227327
0.0,0.258,0.812,0.735,0.675,1.0,0.984982597
0.187,0.0,0.732,0.542,0.853,1.0,0.385695472
0.183,0.311,0.495,0.477,0.575,1.0,0.371854308
0.124,0.256,0.628,0.394,0.653,1.0,0.492599237
0.176,0.092,0.733,0.373,0.744,1.0,0.373798162
0.238,0.129,0.753,0.551,1.0,1.0,0.159753554
0.0,0.057,0.85,0.762,0.917,0.971,0.957723349
0.0,0.018,0.838,0.549,0.913,1.0,0.983284014
0.0,0.266,0.789,0.521,0.826,1.0,0.981336787
0.0,0.0,0.574,0.745,0.914,1.0,0.987312427
0.229,0.242,0.586,0.629,0.664,1.0,0.179350144
0.138,0.306,0.9,0.602,0.673,0.961,0.440456348
0.0,0.339,0.765,0.526,0.573,1.0,0.95064616
0.349,0.397,0.65,0.982,0.544,1.0,0.038323891
0.003,0.187,0.471,0.518,0.826,1.0,0.981114165
0.087,0.434,0.862,0.773,0.478,0.966,0.3908423
0.361,0.153,0.675,0.777,0.683,1.0,0.044426744
0.258,0.332,0.641,0.442,0.505,1.0,0.076940276
0.126,0.354,0.564,0.333,0.576,1.0,0.43681632
0.0,0.226,0.532,0.765,0.752,1.0,0.986966928
0.0,0.176,0.784,0.663,0.854,1.0,0.986712984
0.326,0.227,0.612,0.415,0.827,1.0,0.04120305
0.528,0.247,0.61,0.61,0.927,1.0,0.004000946
0.044,0.148,0.948,0.424,0.747,0.965,0.434986187
0.286,0.292,0.721,0.444,0.694,1.0,0.083016626
0.0,0.159,0.798,0.358,0.678,1.0,0.939562243
0.011,0.0,0.799,0.202,0.966,1.0,0.70234125
0.026,0.022,0.945,0.289,0.881,0.988,0.593636264
0.0,0.121,0.46,0.637,0.831,1.0,0.98636893
0.016,0.282,0.675,0.502,0.892,1.0,0.979729277
0.0,0.258,0.44,0.636,0.884,1.0,0.986397842
0.0,0.215,0.655,0.79,0.76,1.0,0.987094623
0.091,0.191,0.459,0.477,0.646,1.0,0.965410101
0.113,0.13,0.591,0.455,0.798,1.0,0.621448696
0.0,0.386,0.693,0.656,0.62,1.0,0.977183571
0.0,0.406,0.553,0.693,0.641,1.0,0.981491949
0.0,0.231,0.612,0.742,0.718,1.0,0.986474459
0.273,0.329,0.536,0.459,0.507,1.0,0.067634931
0.049,0.359,0.808,0.251,0.648,1.0,0.843831059
0.337,0.19,0.673,0.459,0.852,1.0,0.043514569
0.362,0.336,0.605,0.379,0.546,1.0,0.006593394
0.2,0.006,0.473,0.32,1.0,1.0,0.232548323
0.039,0.122,0.478,0.227,0.815,1.0,0.799943525
0.0,0.398,0.765,0.778,0.438,1.0,0.240998352
0.0,0.129,0.795,0.845,0.942,1.0,0.987455542
0.015,0.1,0.554,0.513,0.797,1.0,0.9806588
0.254,0.297,0.724,0.3,0.54,1.0,0.045169784
0.147,0.286,0.809,0.449,0.709,1.0,0.444620165
0.169,0.157,0.903,0.521,0.747,0.923,0.023581635
0.064,0.261,0.875,0.509,0.642,1.0,0.975509081
0.021,0.095,0.601,0.731,1.0,1.0,0.987233401
0.121,0.313,0.799,0.326,0.829,1.0,0.480037431
0.036,0.281,0.696,0.533,0.637,1.0,0.976546542
0.127,0.0,0.651,0.319,0.888,1.0,0.443542228
0.0,0.35,0.75,0.617,0.662,1.0,0.983059946
0.0,0.316,0.573,0.814,0.729,1.0,0.986776108
0.0,0.314,0.829,0.693,0.764,1.0,0.986697564
0.266,0.337,0.601,0.294,0.499,1.0,0.022814984
0.0,0.159,0.614,0.735,0.826,1.0,0.987193888
0.0,0.332,0.464,0.509,0.504,1.0,0.763508555
0.0,0.406,0.832,0.766,0.639,1.0,0.981622053
0.164,0.0,0.54,0.568,0.885,1.0,0.426290405
0.0,0.204,0.578,0.497,0.633,1.0,0.973025536
0.037,0.368,0.54,0.165,0.468,1.0,0.345672516
0.125,0.218,0.808,0.319,0.664,1.0,0.450099
0.195,0.146,0.9,0.253,0.996,0.964,0.188966293
0.503,0.436,0.684,0.694,0.499,1.0,0.002427649
0.0,0.288,0.704,0.232,0.549,1.0,0.774539949
0.0,0.285,0.81,0.606,0.848,1.0,0.985788762
0.0,0.453,0.921,0.328,0.475,0.991,0.217576216
0.183,0.091,0.435,0.772,0.746,1.0,0.401559998
0.029,0.137,0.453,0.694,0.935,1.0,0.986986685
0.033,0.071,0.62,0.59,0.864,1.0,0.98528762
0.0,0.145,0.496,0.804,0.748,1.0,0.986979938
0.071,0.062,0.7,0.632,0.839,1.0,0.986302433
0.098,0.461,0.642,0.525,0.474,1.0,0.128939087
0.0,0.013,0.937,0.648,0.875,0.952,0.445725088
0.0,0.366,0.512,0.61,0.534,1.0,0.89570603
0.0,0.384,0.653,0.406,0.453,1.0,0.399296184
0.0,0.546,0.82,0.513,0.587,1.0,0.049397208
0.0,0.423,0.537,0.689,0.56,1.0,0.706095962
0.0,0.096,0.436,0.794,0.862,1.0,0.987395308
0.077,0.235,0.44,0.485,0.657,1.0,0.974747248
0.028,0.473,0.447,0.551,0.502,1.0,0.126657926
0.0,0.0,0.664,0.815,0.922,1.0,0.987436749
0.0,0.188,0.733,0.613,0.723,1.0,0.985251961
0.0,0.034,0.727,0.561,0.849,1.0,0.983961038
0.02,0.028,0.696,0.542,0.859,1.0,0.982827204
0.0,0.455,0.682,0.595,0.621,1.0,0.55204242
0.031,0.068,0.73,0.577,1.0,1.0,0.984824545
0.0,0.315,0.727,0.76,0.615,1.0,0.976550879
0.044,0.09,0.495,0.678,0.786,1.0,0.986721176
0.0,0.153,0.667,0.674,0.732,1.0,0.986220997
0.025,0.091,0.91,0.706,0.877,0.956,0.739387228
0.0,0.323,0.734,0.713,0.602,1.0,0.972385134
0.025,0.143,0.716,0.711,0.769,1.0,0.986842124
0.041,0.244,0.497,0.751,0.592,1.0,0.968316726
0.0,0.402,0.509,0.713,0.435,1.0,0.232015377
0.0,0.095,0.634,0.879,0.99,1.0,0.987469034
0.204,0.462,0.895,0.85,0.794,0.946,0.10394317
0.0,0.267,0.843,0.284,0.663,1.0,0.884719931
0.108,0.448,0.703,0.278,0.556,1.0,0.411997249
0.014,0.17,0.664,0.708,0.791,1.0,0.986933197
0.213,0.042,0.59,0.348,0.858,1.0,0.177563379
0.186,0.369,0.864,0.329,0.802,1.0,0.33280087
0.0,0.42,0.821,0.552,0.749,1.0,0.751409342
0.052,0.259,0.634,0.468,0.753,1.0,0.975424272
0.0,0.224,0.799,0.456,0.613,1.0,0.963940405
0.0,0.213,0.517,0.745,0.67,1.0,0.984779731
0.153,0.132,0.595,0.628,1.0,1.0,0.447825067
0.218,0.235,0.528,0.388,0.675,1.0,0.178239439
-0.0,0.25,0.688,0.727,0.655,1.0,0.98345845
0.334,0.41,0.93,0.386,0.696,0.958,0.017150148
0.326,0.335,0.516,0.469,0.722,1.0,0.051396958
0.0,0.433,0.703,0.765,0.535,1.0,0.666016145
0.64,0.239,0.506,0.685,0.598,1.0,0.000397059
0.112,0.391,0.484,0.337,0.754,1.0,0.593070552
0.116,0.271,0.84,0.41,0.778,1.0,0.567124393
0.0,0.095,0.788,0.739,0.877,1.0,0.987270986
0.152,0.33,0.539,0.55,0.552,1.0,0.401750818
0.142,0.455,0.794,0.718,0.53,1.0,0.201339688
0.111,0.079,0.88,0.75,0.833,0.946,0.316298351
0.381,0.304,0.462,0.587,0.533,1.0,0.023208188
0.379,0.106,0.86,0.39,0.869,0.995,0.005498109
0.0,0.239,0.652,0.608,0.749,1.0,0.985443745
0.17,0.115,0.9,0.447,0.774,0.987,0.40519858
0.0,0.262,0.643,0.575,0.633,1.0,0.978221514
0.089,0.343,0.637,0.476,0.55,1.0,0.913889302
0.0,0.476,0.762,0.878,0.496,1.0,0.0820553
0.185,0.339,0.731,0.376,0.563,1.0,0.336790733
0.023,0.441,0.636,0.656,0.485,1.0,0.411253246
0.229,0.564,0.477,0.472,0.608,1.0,0.01258349
0.404,0.312,0.591,0.454,0.594,1.0,0.010343287
0.312,0.126,0.663,0.816,1.0,1.0,0.073253989
0.311,0.225,0.59,0.409,1.0,1.0,0.050351306
0.437,0.195,0.724,0.76,0.74,1.0,0.016633586
0.0,0.298,0.55,0.559,0.707,1.0,0.982848888
0.03,0.448,0.871,0.903,0.508,1.0,0.44455174
0.0,0.421,0.94,0.396,0.596,0.994,0.553445136
0.133,0.217,0.474,0.593,0.752,1.0,0.488579498
0.005,0.108,0.861,0.291,0.826,1.0,0.894148152
0.152,0.092,0.907,0.306,0.795,0.991,0.371015859
0.0,0.094,0.551,0.595,0.743,1.0,0.98499368
0.0,0.352,0.657,0.592,0.69,1.0,0.983802022
0.272,0.414,0.596,0.625,0.423,1.0,0.018196283
0.0,0.267,0.549,0.785,0.636,1.0,0.981248606
0.031,0.092,0.52,0.511,0.792,1.0,0.980472799
0.0,0.344,0.77,0.514,0.58,1.0,0.956199202
0.1,0.287,0.607,0.617,0.609,1.0,0.896234157
0.336,0.451,0.573,0.338,0.63,1.0,0.000755568
0.0,0.081,0.484,0.58,1.0,1.0,0.984952722
0.054,0.193,0.558,0.49,0.684,1.0,0.976787476
0.204,0.095,0.661,0.417,0.824,1.0,0.250412117
0.0,0.34,0.462,0.723,0.66,1.0,0.983916706
0.247,0.454,0.644,0.348,0.541,1.0,0.046414448
0.0,0.017,0.555,0.756,0.867,1.0,0.987335075
0.0,0.34,0.925,0.67,0.496,0.961,0.583037105
0.0,0.344,0.483,0.361,0.706,1.0,0.941644874
0.0,0.398,0.542,0.687,0.63,1.0,0.979642541
0.0,0.299,0.614,0.611,0.677,1.0,0.983863219
0.0,0.161,0.552,0.584,0.77,1.0,0.984853939
0.25,0.116,0.876,0.8,1.0,0.964,0.141269596
0.0,0.223,0.733,0.734,0.854,1.0,0.987217499
0.0,0.325,0.776,0.572,0.578,1.0,0.957468441
0.0,0.225,0.767,0.292,0.707,1.0,0.894740849
0.0,0.182,0.551,0.558,0.706,1.0,0.982773235
0.213,0.218,0.635,0.335,0.762,1.0,0.170854819
0.141,0.0,0.439,0.581,0.95,1.0,0.469261909
0.063,0.168,0.901,0.255,0.669,1.0,0.849271826
0.165,0.253,0.739,0.52,0.804,1.0,0.421645684
0.501,0.222,0.548,0.823,0.614,1.0,0.007067552
0.302,0.276,0.565,0.338,0.611,1.0,0.024903398
0.0,0.016,0.666,0.679,0.916,1.0,0.986880192
0.006,0.165,0.858,0.562,0.752,1.0,0.983661798
0.258,0.235,0.752,0.322,0.786,1.0,0.066900083
0.0,0.225,0.706,0.462,0.916,1.0,0.974925539
0.0,0.298,0.763,0.72,0.605,1.0,0.973348387
0.163,0.11,0.719,0.35,0.899,1.0,0.381154834
0.0,0.332,0.482,0.323,0.758,1.0,0.922108036
0.121,0.268,0.669,0.627,0.787,1.0,0.541876942
0.016,0.304,0.807,0.186,0.532,1.0,0.553985792
0.269,0.317,0.829,0.469,0.718,1.0,0.107880992
0.0,0.48,0.873,0.51,0.614,1.0,0.313016351
0.124,0.0,0.621,0.419,0.854,1.0,0.50397613
0.0,0.127,0.618,0.579,0.845,1.0,0.98487755
0.2,0.142,0.711,0.368,0.775,1.0,0.257593871
0.074,0.27,0.671,0.221,0.773,1.0,0.784530027
0.0,0.0,0.706,0.834,0.888,1.0,0.987442531
0.032,0.021,0.576,0.443,0.905,1.0,0.971826649
0.061,0.037,0.643,0.386,0.898,1.0,0.954326183
0.0,0.207,0.687,0.798,0.898,1.0,0.987415065
0.09,0.432,0.798,0.361,0.491,1.0,0.451870345
0.0,0.334,0.533,0.373,0.596,1.0,0.934506006
0.129,0.244,0.605,0.161,0.665,1.0,0.069714672
0.007,0.453,0.678,0.306,0.569,1.0,0.500994816
0.0,0.065,0.783,0.544,0.863,1.0,0.982950562
0.0,0.332,0.932,0.603,0.545,0.974,0.804536687
0.0,0.079,0.809,0.708,0.943,1.0,0.98707583
0.0,0.179,0.794,0.917,0.726,1.0,0.986762134
0.334,0.252,0.687,0.395,0.63,1.0,0.028301528
0.0,0.164,0.683,0.545,0.776,1.0,0.982832986
0.0,0.477,0.653,0.648,0.652,1.0,0.33469991
0.0,0.1,0.809,0.827,0.857,1.0,0.987422293
0.0,0.129,0.741,0.454,0.708,1.0,0.972792312
0.003,0.159,0.532,0.694,0.744,1.0,0.98650048
0.127,0.229,0.568,0.427,0.607,1.0,0.481567361
0.118,0.479,0.678,0.271,0.623,1.0,0.175015745
0.0,0.497,0.514,0.673,0.517,1.0,0.11555136
0.077,0.567,0.679,1.0,0.607,1.0,0.026137942
0.044,0.033,0.538,0.411,0.897,1.0,0.964328308
0.246,0.308,0.62,0.275,0.729,1.0,0.036884553
0.1,0.028,0.556,0.533,0.862,1.0,0.904739119
0.0,0.528,0.875,0.582,0.554,1.0,0.046165322
0.145,0.363,0.835,0.415,0.535,1.0,0.383241321
0.001,0.19,0.563,0.584,0.825,1.0,0.985033193
0.0,0.306,0.514,0.376,0.628,1.0,0.943495246
0.0,0.19,0.72,0.369,0.646,1.0,0.942436583
0.066,0.0,0.923,0.917,0.918,0.947,0.404237736
0.144,0.171,0.56,0.579,0.823,1.0,0.463102678
0.0,0.146,0.473,0.737,0.832,1.0,0.987219427
0.0,0.093,0.789,0.531,0.818,1.0,0.982049469
0.211,0.351,0.794,0.344,0.59,1.0,0.174600857
0.0,0.228,0.837,0.696,0.703,1.0,0.985839358
0.0,0.328,0.717,0.389,0.508,1.0,0.775072895
0.084,0.487,0.687,0.63,0.491,1.0,0.014739365
0.0,0.09,0.644,0.905,0.82,1.0,0.987404464
0.211,0.073,0.644,0.348,0.902,1.0,0.185200498
0.0,0.551,0.55,0.65,0.583,1.0,0.039942002
0.157,0.389,0.472,0.552,0.508,1.0,0.334006984
0.192,0.01,0.703,0.283,0.915,1.0,0.258622659
0.416,0.249,0.45,0.426,0.718,1.0,0.002471981
0.221,0.376,0.743,0.244,0.636,1.0,0.049072429
0.0,0.275,0.478,0.694,0.608,1.0,0.974276464
0.22,0.36,0.766,0.571,0.625,1.0,0.196798568
0.181,0.158,0.795,0.373,0.741,1.0,0.366377883
0.256,0.328,0.798,0.439,0.719,1.0,0.118490752
0.0,0.339,0.777,0.33,0.566,1.0,0.896661091
0.076,0.169,0.852,0.785,1.0,0.997,0.987397236
0.0,0.398,0.806,0.592,0.484,1.0,0.676199935
0.0,0.409,0.578,0.265,0.515,1.0,0.746200836
0.205,0.075,0.531,0.702,0.761,1.0,0.265244483
0.0,0.154,0.843,0.765,0.682,1.0,0.98542977
0.0,0.197,0.709,0.519,0.732,1.0,0.980657836
0.213,0.062,0.806,0.584,0.988,1.0,0.226232003
0.0,0.451,0.735,0.615,0.569,1.0,0.573380479
0.268,0.405,0.722,0.474,0.501,1.0,0.069188954
0.0,0.194,0.87,0.761,0.7,1.0,0.986101012
0.0,0.059,0.808,0.758,0.851,1.0,0.987327847
0.0,0.265,0.484,0.582,0.904,1.0,0.985031748
0.225,0.288,0.884,0.514,0.689,0.972,0.18373032
0.044,0.224,0.936,0.193,0.926,1.0,0.569516383
0.01,0.346,0.892,0.752,0.627,0.954,0.677854668
0.155,0.127,0.714,0.338,0.994,1.0,0.389470905
0.12,0.32,0.576,0.258,0.516,1.0,0.341515926
0.0,0.255,0.579,0.644,0.634,1.0,0.980006833
0.25,0.0,0.754,0.341,0.981,1.0,0.089213443
0.044,0.261,0.596,0.369,0.734,1.0,0.945440545
0.0,0.308,0.761,0.82,0.587,1.0,0.965703076
0.0,0.328,0.523,0.82,0.56,1.0,0.938423108
0.084,0.151,0.544,0.672,1.0,1.0,0.986829114
0.0,0.023,0.749,0.681,0.814,1.0,0.986819958
0.067,0.196,0.796,0.334,0.725,1.0,0.92881756
0.0,0.209,0.756,0.612,0.812,1.0,0.985902964
0.0,0.024,0.838,0.417,0.903,1.0,0.966061586
0.288,0.16,0.508,0.333,0.756,1.0,0.037829977
0.0,0.22,0.891,0.426,0.815,1.0,0.968084947
0.139,0.341,0.492,0.414,0.535,1.0,0.39381735
0.0,0.015,0.552,0.787,0.945,1.0,0.987407355
0.0,0.396,0.898,0.775,0.555,0.923,0.032142976
0.021,0.368,0.593,0.627,0.468,1.0,0.582609207
0.0,0.055,0.626,0.671,0.893,1.0,0.986813212
0.118,0.051,0.722,0.601,0.844,1.0,0.564206203
0.2,0.09,0.692,0.239,1.0,1.0,0.137747144
0.0,0.4,0.874,0.696,0.53,1.0,0.887803884
0.015,0.163,0.538,0.503,0.893,1.0,0.979821314
0.053,0.191,0.467,0.162,0.737,1.0,0.554499462
0.0,0.442,0.79,0.735,0.503,1.0,0.47561967
0.007,0.189,0.524,0.62,0.725,1.0,0.985423988
0.0,0.0,0.831,0.443,0.95,1.0,0.97182954
0.214,0.108,0.919,0.512,0.853,0.941,0.098499031
0.0,0.375,0.766,0.753,0.501,1.0,0.747087954
0.143,0.142,0.898,0.401,0.736,1.0,0.440379249
0.208,0.131,0.562,0.44,0.855,1.0,0.233591566
0.184,0.322,0.943,0.42,0.515,0.973,0.166872183
0.0,0.345,0.546,0.567,0.491,1.0,0.699129603
0.0,0.381,0.648,0.585,0.754,1.0,0.984758529
0.051,0.171,0.628,0.629,0.992,1.0,0.98630436
0.001,0.067,0.88,0.55,0.821,1.0,0.983291242
0.01,0.314,0.676,0.477,0.758,1.0,0.976604366
0.26,0.176,0.439,0.912,0.703,1.0,0.129508654
0.33,0.145,0.51,0.361,0.758,1.0,0.015442892
0.0,0.365,0.873,0.819,0.603,0.959,0.804601739
0.0,0.166,0.587,0.607,0.961,1.0,0.985844177
0.128,0.149,0.865,0.139,0.876,1.0,0.031706886
0.0,0.0,0.606,0.584,0.922,1.0,0.985091499
0.306,0.262,0.427,0.32,0.671,1.0,0.011111866
0.032,0.439,0.591,0.546,0.576,1.0,0.705159211
0.039,0.472,0.914,0.482,0.562,1.0,0.314705779
0.0,0.147,0.584,0.524,1.0,1.0,0.981623499
0.0,0.27,0.532,0.36,0.832,1.0,0.941862678
0.0,0.45,0.824,0.658,0.603,1.0,0.605843897
0.0,0.521,0.675,0.484,0.574,1.0,0.093854309
0.018,0.321,0.724,0.472,0.732,1.0,0.97571532
0.0,0.529,0.67,0.516,0.58,1.0,0.074004739
0.002,0.12,0.584,0.405,0.772,1.0,0.962102562
0.242,0.411,0.516,0.52,0.562,1.0,0.130697421
0.076,0.291,0.542,0.627,0.726,1.0,0.98556903
0.0,0.155,0.528,0.522,0.912,1.0,0.98146641
0.426,0.039,0.534,0.543,0.798,1.0,0.01461938
0.0,0.108,0.838,0.563,0.775,1.0,0.983906587
0.248,0.081,0.709,0.303,0.806,1.0,0.065507004
0.0,0.225,0.7,0.582,0.699,1.0,0.983780338
0.0,0.182,0.651,0.533,0.752,1.0,0.981871178
0.048,0.244,0.743,0.445,0.878,1.0,0.972186604
0.0,0.213,0.722,0.832,0.623,1.0,0.978675433
0.0,0.229,0.799,0.733,0.704,1.0,0.98610053
0.0,0.121,0.891,0.284,0.716,1.0,0.885567055
0.151,0.164,0.788,0.633,0.924,1.0,0.451460276
0.172,0.406,0.681,0.523,0.497,1.0,0.289684806
0.301,0.526,0.695,0.553,0.571,1.0,0.01213198
0.249,0.057,0.603,0.476,0.779,1.0,0.134403465
0.195,0.016,0.615,0.565,0.932,1.0,0.336695805
0.284,0.316,0.901,0.482,0.765,0.962,0.089373905
0.139,0.317,0.822,0.603,0.64,1.0,0.469078799
0.26,0.037,0.6,0.487,0.846,1.0,0.12095695
0.287,0.221,0.557,0.588,0.615,1.0,0.090745782
0.033,0.0,0.828,0.421,0.908,1.0,0.967074953
0.0,0.231,0.637,0.335,0.605,1.0,0.920452821
0.223,0.362,0.899,0.337,0.537,1.0,0.116213928
0.197,0.361,0.513,0.524,0.745,1.0,0.316459777
0.017,0.296,0.655,0.629,0.54,1.0,0.905620937
0.015,0.196,0.698,0.211,0.837,1.0,0.751235388
0.001,0.121,0.659,0.553,0.716,1.0,0.982701436
0.0,0.368,0.592,0.378,0.468,1.0,0.569632031
0.0,0.307,0.483,0.352,0.762,1.0,0.938045805
0.028,0.161,0.939,0.537,0.73,0.979,0.768903544
0.0,0.0,0.551,0.81,0.912,1.0,0.987430003
0.0,0.186,0.853,0.691,0.765,1.0,0.986697082
0.0,0.123,0.552,0.569,0.824,1.0,0.984374962
0.0,0.021,0.482,0.74,0.949,1.0,0.987285442
0.0,0.275,0.857,0.809,0.721,1.0,0.986646004
0.024,0.088,0.864,0.53,0.805,1.0,0.981970925
0.133,0.256,0.754,0.179,0.763,1.0,0.08093544
0.0,0.231,0.58,0.838,0.664,1.0,0.984508922
0.047,0.122,0.763,0.365,0.873,1.0,0.944096616
0.128,0.392,0.71,0.393,0.646,1.0,0.474389944
0.0,0.376,0.717,0.738,0.461,1.0,0.497705106
0.0,0.163,0.93,0.501,0.887,1.0,0.901006091
0.022,0.562,0.782,0.661,0.602,1.0,0.031451978
0.0,0.276,0.507,0.754,0.627,1.0,0.979503763
0.0,0.317,0.593,0.56,0.596,1.0,0.96731926
0.0,0.249,0.496,0.745,0.756,1.0,0.986963073
0.0,0.235,0.786,0.663,0.683,1.0,0.98488526
0.0,0.206,0.826,0.319,0.743,1.0,0.919230804
0.0,0.094,0.893,0.736,0.823,1.0,0.986920669
0.098,0.446,0.937,0.127,0.587,0.98,0.267219176
0.0,0.016,0.91,0.448,0.879,0.967,0.912940987
0.192,0.326,0.658,0.471,0.733,1.0,0.349456622
0.062,0.017,0.917,0.699,0.981,0.924,0.024923154
0.0,0.453,0.798,0.452,0.553,1.0,0.513734912
0.174,0.401,0.805,0.624,0.691,1.0,0.413498267
0.106,0.23,0.794,0.466,0.837,1.0,0.770039306
0.0,0.41,0.784,0.824,0.497,1.0,0.725299348
0.042,0.311,0.902,0.474,0.592,0.997,0.957871283
0.088,0.039,0.711,0.497,0.976,1.0,0.979241145
0.084,0.0,0.749,0.369,0.94,1.0,0.945891573
0.0,0.131,0.834,0.604,0.75,1.0,0.985343516
0.178,0.523,0.586,0.593,0.539,1.0,0.017216646
0.198,0.368,0.907,0.55,0.834,0.934,0.066179691
0.0,0.119,0.84,0.389,0.918,1.0,0.95581419
0.0,0.408,0.842,0.542,0.685,1.0,0.981118019
0.019,0.152,0.586,0.539,0.748,1.0,0.982204149
0.019,0.209,0.75,0.438,0.819,1.0,0.97077425
0.246,0.0,0.525,0.918,0.888,1.0,0.149749983
0.0,0.28,0.532,0.315,0.65,1.0,0.914063257
0.337,0.091,0.482,0.344,0.892,1.0,0.003526307
0.0,0.331,0.789,0.775,0.569,1.0,0.950353667
0.0,0.124,0.658,0.537,0.86,1.0,0.982480259
0.33,0.06,0.513,0.39,0.777,1.0,0.029304776
0.011,0.385,0.629,0.725,0.594,1.0,0.968984594
0.0,0.337,0.75,0.783,0.5,1.0,0.742477927
0.0,0.137,0.71,0.787,0.956,1.0,0.987407837
0.0,0.279,0.644,0.337,0.675,1.0,0.92950133
0.257,0.07,0.459,0.416,1.0,1.0,0.112379708
0.0,0.295,0.536,0.767,0.581,1.0,0.96210738
0.372,0.472,0.832,0.385,0.603,1.0,0.002942283
0.164,0.075,0.846,0.388,0.762,1.0,0.397019842
0.198,0.011,0.782,0.533,0.957,1.0,0.30959991
0.0,0.075,0.491,0.595,0.94,1.0,0.985490968
0.2,0.178,0.598,0.288,0.864,1.0,0.203108624
0.087,0.423,0.674,0.129,0.539,1.0,0.329128557
0.0,0.499,0.799,0.697,0.643,1.0,0.243991714
0.272,0.144,0.896,0.49,0.828,0.951,0.09412271
0.0,0.025,0.697,0.511,0.997,1.0,0.980604831
0.143,0.04,0.579,0.4,0.838,1.0,0.440797028
0.0,0.142,0.63,0.581,0.818,1.0,0.984920918
0.137,0.32,0.632,0.408,0.558,1.0,0.420600995
0.207,0.343,0.717,0.518,0.617,1.0,0.24130482
0.0,0.098,0.804,0.37,0.738,1.0,0.94591904
0.0,0.199,0.9,0.505,0.719,1.0,0.978386794
0.0,0.082,0.757,0.837,0.797,1.0,0.987330256
0.0,0.402,0.699,0.344,0.503,1.0,0.731276915
0.165,0.19,0.561,0.174,0.722,1.0,0.011643848
0.21,0.432,0.475,0.371,0.638,1.0,0.164048921
0.0,0.412,0.597,0.334,0.424,1.0,0.223987464
0.206,0.351,0.614,0.524,0.532,1.0,0.205267391
0.172,0.362,0.491,0.582,0.687,1.0,0.414589697
0.035,0.147,0.515,0.499,0.981,1.0,0.979444493
0.0,0.378,0.794,0.56,0.673,1.0,0.981665903
0.0,0.245,0.77,0.806,0.664,1.0,0.984489647
0.0,0.026,0.898,0.51,0.883,1.0,0.979843962
0.075,0.182,0.808,0.38,0.742,1.0,0.95092998
0.076,0.31,0.828,0.411,0.762,1.0,0.96410424
0.0,0.461,0.451,0.688,0.626,1.0,0.48129366
0.337,0.208,0.845,0.364,0.628,1.0,0.012232208
0.141,0.398,0.865,0.467,0.698,1.0,0.458737921
0.0,0.3,0.496,0.856,0.583,1.0,0.963238805
0.003,0.067,0.933,0.274,0.938,0.967,0.743837275
0.215,0.394,0.45,0.76,0.481,1.0,0.115001549
0.489,0.0,0.809,0.677,0.912,1.0,0.008513154
0.069,0.342,0.711,0.147,0.617,1.0,0.526911581
0.0,0.348,0.64,0.45,0.574,1.0,0.94439682
0.234,0.378,0.571,0.278,0.632,1.0,0.061322948
0.081,0.158,0.652,0.383,0.852,1.0,0.952824202
0.105,0.472,0.569,0.677,0.701,1.0,0.346005968
0.066,0.33,0.613,0.903,0.506,1.0,0.777196485
0.0,0.193,0.688,0.438,0.643,1.0,0.966499603
0.13,0.166,0.815,1.0,0.782,1.0,0.500803996
0.0,0.097,0.539,0.893,0.822,1.0,0.987409282
0.125,0.224,0.74,0.549,0.857,1.0,0.515526978
0.0,0.31,0.845,0.455,0.527,1.0,0.871459418
0.061,0.427,0.729,0.613,0.728,1.0,0.753410538
0.289,0.358,0.748,0.416,0.528,1.0,0.055738103
0.11,0.405,0.601,0.435,0.474,1.0,0.372075004
0.317,0.379,0.482,0.455,0.716,1.0,0.055528491
0.041,0.101,0.885,0.617,0.871,0.988,0.98546061
0.0,0.152,0.729,0.444,0.685,1.0,0.97047742
0.169,0.0,0.77,0.392,0.96,1.0,0.391974688
0.007,0.569,0.447,0.441,0.57,1.0,0.001919279
0.0,0.481,0.626,0.532,0.702,1.0,0.31975045
0.0,0.174,0.849,0.469,0.779,1.0,0.975740859
0.0,0.032,0.749,0.823,1.0,1.0,0.987445422
0.0,0.426,0.545,0.682,0.514,1.0,0.595330511
0.0,0.095,0.712,0.507,0.741,1.0,0.979728313
0.011,0.181,0.781,0.567,0.834,1.0,0.984281962
0.255,0.225,0.614,0.296,0.612,1.0,0.046933901
0.329,0.303,0.851,0.379,0.584,1.0,0.022004482
0.316,0.0,0.722,0.414,0.905,1.0,0.047961242
0.0,0.117,0.708,0.399,0.805,1.0,0.960088355
0.0,0.44,0.485,0.375,0.503,1.0,0.4866501
0.326,0.098,0.601,0.339,0.88,1.0,0.007659285
0.0,0.402,0.473,0.76,0.484,1.0,0.676817207
0.0,0.153,0.748,0.754,0.755,1.0,0.986986685
0.134,0.274,0.67,0.435,0.623,1.0,0.463980159
0.0,0.281,0.486,0.616,0.608,1.0,0.973470781
0.061,0.248,0.453,0.605,0.751,1.0,0.985387366
0.0,0.292,0.583,0.678,0.629,1.0,0.979421364
0.0,0.109,0.766,0.801,0.791,1.0,0.987283997
0.004,0.185,0.822,0.55,0.7,1.0,0.982143434
0.003,0.144,0.666,0.551,0.741,1.0,0.982904303
0.0,0.331,0.558,0.836,0.545,1.0,0.913957728
0.107,0.045,0.627,0.447,0.849,1.0,0.747549101
0.088,0.433,0.497,0.125,0.497,1.0,0.237349651
