0.683,0.0,0.0,0.224,-0.328,0.224,292754.286
0.0,0.029,1.0,0.772,0.743,0.029,292272.429
0.0,0.964,0.791,1.0,0.046,0.964,0.143
0.362,0.0,1.0,0.962,1.508,-0.546,296335.714
0.953,0.0,0.749,1.0,-4.902,4.672,6.714
1.0,0.831,0.342,1.0,-0.257,1.088,0.286
0.623,0.0,0.0,0.517,-0.83,0.517,253885.286
1.0,0.285,0.0,0.783,-0.498,0.783,3787.714
0.0,0.653,0.745,1.0,0.466,0.653,64.286
0.901,0.0,1.0,0.998,10.081,-9.083,296465.286
0.143,0.0,0.164,1.0,47.619,-6.81,163477.143
1.0,0.242,0.794,1.0,-3.68,3.922,1.286
0.269,0.0,0.0,0.022,-0.082,0.022,292754.286
0.0,0.267,1.0,0.309,0.042,0.267,292754.286
0.0,0.991,0.21,1.0,0.043,0.991,0.0
0.369,0.0,1.0,0.171,0.271,-0.1,296465.571
0.295,0.0,0.181,1.0,-8.772,2.588,47747.143
1.0,0.683,0.945,1.0,-5.764,6.447,0.0
0.427,0.0,0.0,0.946,-2.215,0.946,71722.571
1.0,0.28,0.0,0.322,-0.042,0.322,292754.286
0.0,0.233,0.776,1.0,0.988,0.233,237547.857
0.151,0.0,1.0,0.123,0.145,-0.022,296465.571
0.649,0.0,0.562,1.0,-11.494,7.46,513.143
1.0,0.454,0.933,1.0,-8.149,8.603,0.143
0.705,0.0,0.0,0.953,-1.352,0.953,17685.429
1.0,0.011,0.0,0.356,-0.345,0.356,292754.286
0.0,0.366,0.042,1.0,15.095,0.366,0.0
0.776,0.0,1.0,0.515,2.299,-1.784,296465.429
0.266,0.0,0.896,1.0,1.587,-0.422,295697.571
1.0,0.468,0.94,1.0,-8.867,9.335,0.143
0.445,0.0,0.0,0.235,-0.528,0.235,292754.286
0.0,0.06,1.0,0.318,0.258,0.06,292754.286
0.0,0.109,0.592,1.0,1.505,0.109,245565.143
0.301,0.0,1.0,0.923,1.32,-0.397,296300.286
0.315,0.0,0.529,1.0,4.673,-1.472,290557.857
1.0,0.249,0.298,1.0,-1.07,1.319,118.0
0.369,0.0,0.0,0.715,-1.938,0.715,175407.714
1.0,0.062,0.0,0.332,-0.27,0.332,292754.286
0.0,0.637,0.6,1.0,0.605,0.637,43.857
0.987,0.0,1.0,0.701,53.923,-53.222,296465.429
0.46,0.0,0.661,1.0,4.975,-2.289,295433.571
1.0,0.444,0.201,1.0,-0.696,1.14,39.0
0.08,0.0,0.0,0.017,-0.213,0.017,292754.286
0.0,0.417,1.0,0.668,0.251,0.417,158231.857
0.0,0.574,0.703,1.0,0.606,0.574,198.286
0.815,0.0,1.0,0.894,4.832,-3.938,296464.429
0.222,0.0,0.512,1.0,3.448,-0.766,283497.286
1.0,0.584,0.762,1.0,-1.748,2.332,0.0
0.611,0.0,0.0,0.797,-1.304,0.797,50666.0
1.0,0.139,0.0,0.682,-0.543,0.682,21160.571
0.0,0.716,0.669,1.0,0.425,0.716,15.429
0.459,0.0,1.0,0.145,0.268,-0.123,296465.571
0.295,0.0,0.604,1.0,3.236,-0.955,292193.143
1.0,0.252,0.782,1.0,-3.431,3.683,1.571
0.569,0.0,0.0,0.945,-1.661,0.945,33588.571
1.0,0.071,0.0,0.19,-0.119,0.19,292754.286
0.0,0.527,0.067,1.0,7.06,0.527,0.0
0.6,0.0,1.0,0.93,2.325,-1.395,296455.714
0.816,0.0,0.17,1.0,-1.548,1.263,3204.0
1.0,0.94,0.615,1.0,-0.156,1.096,0.0
0.669,0.0,0.0,0.42,-0.628,0.42,292754.286
0.0,0.034,1.0,0.937,0.903,0.034,290482.429
0.0,0.16,0.985,1.0,0.853,0.16,281529.286
0.338,0.0,1.0,0.929,1.403,-0.474,296337.286
0.918,0.0,0.184,1.0,-1.362,1.251,1680.286
1.0,0.966,0.118,1.0,-0.039,1.005,0.286
0.022,0.0,0.0,0.517,-23.5,0.517,292754.286
1.0,0.126,0.0,0.947,-0.821,0.947,2622.429
0.0,0.237,0.364,1.0,2.096,0.237,64446.143
0.363,0.0,1.0,0.126,0.198,-0.072,296465.571
0.816,0.0,0.427,1.0,-2.571,2.098,487.0
1.0,0.877,0.802,1.0,-0.621,1.498,0.0
0.729,0.0,0.0,0.331,-0.454,0.331,292754.286
0.0,0.207,1.0,0.661,0.454,0.207,291965.571
0.0,0.16,0.151,1.0,5.563,0.16,0.0
0.053,0.0,1.0,0.201,0.212,-0.011,296465.571
0.327,0.0,0.33,1.0,333.333,-109.0,278240.714
1.0,0.635,0.884,1.0,-3.147,3.782,0.0
0.194,0.0,0.0,0.174,-0.897,0.174,292754.286
1.0,0.234,0.0,0.532,-0.298,0.532,105385.143
0.0,0.88,0.056,1.0,2.143,0.88,0.0
0.656,0.0,1.0,0.577,1.677,-1.1,296465.286
0.746,0.0,0.868,1.0,8.197,-6.115,296453.286
1.0,0.078,0.148,1.0,-1.082,1.16,949.143
0.354,0.0,0.0,0.123,-0.347,0.123,292754.286
1.0,0.322,0.0,0.878,-0.556,0.878,1169.143
0.0,0.999,0.769,1.0,0.001,0.999,0.143
0.681,0.0,1.0,0.787,2.467,-1.68,296462.571
0.723,0.0,0.333,1.0,-2.564,1.854,1865.143
1.0,0.135,0.68,1.0,-2.703,2.838,7.571
0.626,0.0,0.0,0.245,-0.391,0.245,292754.286
0.0,0.572,1.0,0.955,0.383,0.572,772.429
0.0,0.372,0.954,1.0,0.658,0.372,126680.143
0.919,0.0,1.0,0.833,10.284,-9.451,296465.429
0.308,0.0,0.452,1.0,6.944,-2.139,285405.0
1.0,0.832,0.36,1.0,-0.263,1.095,0.286
0.876,0.0,0.0,0.167,-0.191,0.167,292754.286
1.0,0.182,0.0,0.927,-0.745,0.927,2180.0
0.0,0.96,0.977,1.0,0.041,0.96,0.286
0.393,0.0,1.0,0.677,1.115,-0.438,296457.286
0.767,0.0,0.498,1.0,-3.717,2.851,382.143
1.0,0.562,0.72,1.0,-1.564,2.126,0.571
0.011,0.0,0.0,0.313,-28.455,0.313,292754.286
1.0,0.418,0.0,0.501,-0.083,0.501,91797.429
0.0,0.763,0.452,1.0,0.524,0.763,0.571
0.592,0.0,1.0,0.607,1.488,-0.881,296464.857
0.485,0.0,0.029,1.0,-2.193,1.064,37939.571
1.0,0.357,0.742,1.0,-2.492,2.849,1.429
0.847,0.0,0.0,0.312,-0.368,0.312,292754.286
1.0,0.244,0.0,0.466,-0.222,0.466,228630.571
0.0,0.881,0.402,1.0,0.296,0.881,0.0
0.515,0.0,1.0,0.509,1.049,-0.54,296465.429
0.497,0.0,0.088,1.0,-2.445,1.215,26195.143
1.0,0.594,0.559,1.0,-0.921,1.515,1.0
0.025,0.0,0.0,0.235,-9.4,0.235,292754.286
1.0,0.244,0.0,0.943,-0.699,0.943,1253.714
0.0,0.215,0.258,1.0,3.043,0.215,1257.429
0.31,0.0,1.0,0.741,1.074,-0.333,296431.714
0.509,0.0,0.159,1.0,-2.857,1.454,17507.286
1.0,0.439,0.418,1.0,-0.964,1.403,10.0
0.735,0.0,0.0,0.03,-0.041,0.03,292754.286
1.0,0.387,0.0,0.415,-0.028,0.415,292754.286
0.0,0.379,0.987,1.0,0.629,0.379,120333.143
0.885,0.0,1.0,0.032,0.278,-0.246,296465.571
0.671,0.0,0.245,1.0,-2.347,1.575,4310.429
1.0,0.65,0.159,1.0,-0.416,1.066,2.857
0.402,0.0,0.0,0.106,-0.264,0.106,292754.286
1.0,0.111,0.0,0.134,-0.023,0.134,292754.286
0.0,0.907,0.793,1.0,0.117,0.907,0.571
0.857,0.0,1.0,0.886,6.196,-5.31,296464.857
0.363,0.0,0.774,1.0,2.433,-0.883,295563.286
1.0,0.069,0.234,1.0,-1.215,1.284,538.143
0.665,0.0,0.0,0.731,-1.099,0.731,60083.429
1.0,0.641,0.0,0.858,-0.217,0.858,57.571
0.0,0.644,0.866,1.0,0.411,0.644,100.429
0.698,0.0,1.0,0.26,0.861,-0.601,296465.571
0.973,0.0,0.405,1.0,-1.761,1.713,220.857
1.0,0.027,0.091,1.0,-1.07,1.097,1808.857
0.227,0.0,0.0,0.538,-2.37,0.538,292754.286
1.0,0.098,0.0,0.9,-0.802,0.9,4245.0
0.0,0.383,0.238,1.0,2.592,0.383,2.571
0.39,0.0,1.0,0.58,0.951,-0.371,296462.0
0.58,0.0,0.848,1.0,3.731,-2.164,296371.286
1.0,0.831,0.18,1.0,-0.206,1.037,0.286
0.544,0.0,0.0,0.495,-0.91,0.495,292754.286
0.0,0.407,1.0,0.9,0.493,0.407,98041.429
0.0,0.548,0.074,1.0,6.108,0.548,0.0
0.315,0.0,1.0,0.097,0.142,-0.045,296465.571
0.781,0.0,0.368,1.0,-2.421,1.891,993.571
1.0,0.833,0.749,1.0,-0.665,1.498,0.0
0.446,0.0,0.0,0.731,-1.639,0.731,135046.0
0.0,0.016,1.0,0.548,0.532,0.016,292747.571
0.0,0.572,0.008,1.0,53.5,0.572,0.0
0.21,0.0,1.0,0.385,0.487,-0.102,296465.571
0.666,0.0,0.049,1.0,-1.621,1.079,13917.143
1.0,0.105,0.841,1.0,-5.629,5.734,0.857
0.354,0.0,0.0,0.303,-0.856,0.303,292754.286
1.0,0.835,0.0,0.994,-0.159,0.994,0.571
0.0,0.542,0.704,1.0,0.651,0.542,379.857
0.457,0.0,1.0,0.893,1.645,-0.752,296429.0
0.379,0.0,0.555,1.0,5.682,-2.153,292960.857
1.0,0.452,0.602,1.0,-1.377,1.829,2.429
0.611,0.0,0.0,0.603,-0.987,0.603,170164.286
1.0,0.209,0.0,0.4,-0.191,0.4,292754.286
0.0,0.361,0.132,1.0,4.841,0.361,0.0
0.108,0.0,1.0,0.637,0.714,-0.077,296439.0
0.594,0.0,0.59,1.0,-250.0,148.5,623.571
1.0,0.591,0.296,1.0,-0.581,1.172,3.286
0.119,0.0,0.0,0.825,-6.933,0.825,292754.286
1.0,0.182,0.0,0.873,-0.691,0.873,3279.286
0.0,0.774,0.828,1.0,0.273,0.774,9.286
0.38,0.0,1.0,0.8,1.29,-0.49,296429.714
0.607,0.0,0.503,1.0,-9.615,5.837,1155.143
1.0,0.225,0.589,1.0,-1.886,2.111,12.0
0.219,0.0,0.0,0.452,-2.064,0.452,292754.286
0.0,0.515,1.0,0.674,0.159,0.515,20115.429
0.0,0.579,0.317,1.0,1.328,0.579,1.857
0.61,0.0,1.0,0.588,1.508,-0.92,296464.857
0.361,0.0,0.418,1.0,17.544,-6.333,287052.286
1.0,0.296,0.735,1.0,-2.657,2.953,2.143
0.406,0.0,0.0,0.354,-0.872,0.354,292754.286
0.0,0.414,1.0,0.806,0.392,0.414,117106.286
0.0,0.314,0.668,1.0,1.027,0.314,148562.0
0.342,0.0,1.0,0.98,1.489,-0.509,296299.571
0.798,0.0,0.022,1.0,-1.289,1.028,8291.0
1.0,0.791,0.395,1.0,-0.345,1.136,0.286
0.804,0.0,0.0,0.89,-1.107,0.89,15154.714
0.0,0.137,1.0,0.591,0.454,0.137,292692.143
0.0,0.57,0.919,1.0,0.468,0.57,476.0
0.502,0.0,1.0,0.576,1.157,-0.581,296464.857
0.627,0.0,0.281,1.0,-2.89,1.812,4401.0
1.0,0.269,0.626,1.0,-1.955,2.224,7.286
0.619,0.0,0.0,0.86,-1.389,0.86,36714.714
0.0,0.031,1.0,0.812,0.781,0.031,291982.0
0.0,0.194,0.506,1.0,1.593,0.194,174971.0
0.433,0.0,1.0,0.476,0.84,-0.364,296465.571
0.071,0.0,0.571,1.0,2.0,-0.142,274533.571
1.0,0.402,0.134,1.0,-0.691,1.093,87.429
0.52,0.0,0.0,0.267,-0.513,0.267,292754.286
0.0,0.576,1.0,0.744,0.168,0.576,2790.714
0.0,0.628,0.317,1.0,1.174,0.628,0.571
0.366,0.0,1.0,0.32,0.505,-0.185,296465.571
0.703,0.0,0.958,1.0,3.922,-2.757,296457.857
1.0,0.521,0.446,1.0,-0.865,1.386,3.143
0.898,0.0,0.0,0.412,-0.459,0.412,292754.286
0.0,0.672,1.0,0.79,0.118,0.672,321.857
0.0,0.236,0.829,1.0,0.922,0.236,249833.714
0.817,0.0,1.0,0.369,2.016,-1.647,296465.571
0.469,0.0,0.219,1.0,-4.0,1.876,15800.429
1.0,0.31,0.528,1.0,-1.462,1.772,11.714
0.973,0.0,0.0,0.868,-0.892,0.868,9005.714
0.0,0.069,1.0,0.508,0.439,0.069,292750.429
0.0,0.742,0.188,1.0,1.372,0.742,0.0
0.039,0.0,1.0,0.11,0.114,-0.004,296465.571
0.481,0.0,0.223,1.0,-3.876,1.864,14590.429
1.0,0.395,0.662,1.0,-1.79,2.185,2.143
0.577,0.0,0.0,0.163,-0.282,0.163,292754.286
0.0,0.129,1.0,0.56,0.431,0.129,292728.286
0.0,0.493,0.121,1.0,4.19,0.493,0.0
0.294,0.0,1.0,0.696,0.986,-0.29,296445.286
0.813,0.0,0.499,1.0,-3.185,2.589,287.857
1.0,0.122,0.073,1.0,-0.947,1.069,1220.571
0.364,0.0,0.0,0.437,-1.201,0.437,292754.286
0.0,0.482,1.0,0.662,0.18,0.482,52402.571
0.0,0.425,0.128,1.0,4.492,0.425,0.0
0.322,0.0,1.0,0.547,0.807,-0.26,296462.429
0.593,0.0,0.127,1.0,-2.146,1.273,13304.143
1.0,0.811,0.265,1.0,-0.257,1.068,0.286
0.389,0.0,0.0,0.29,-0.746,0.29,292754.286
0.0,0.476,1.0,0.638,0.162,0.476,63867.0
0.0,0.977,0.863,1.0,0.027,0.977,0.143
0.131,0.0,1.0,0.784,0.902,-0.118,296295.714
0.613,0.0,0.996,1.0,2.611,-1.601,296453.0
1.0,0.952,0.504,1.0,-0.097,1.049,0.143
0.418,0.0,0.0,0.519,-1.242,0.519,292754.286
1.0,0.227,0.0,0.334,-0.107,0.334,292754.286
0.0,0.338,0.54,1.0,1.226,0.338,58418.429
0.417,0.0,1.0,0.392,0.672,-0.28,296465.571
0.228,0.0,0.664,1.0,2.294,-0.523,291950.429
1.0,0.895,0.964,1.0,-2.917,3.812,0.0
0.565,0.0,0.0,0.199,-0.352,0.199,292754.286
0.0,0.038,1.0,0.657,0.619,0.038,292664.857
0.0,0.004,0.968,1.0,1.029,0.004,289396.571
0.736,0.0,1.0,0.322,1.22,-0.898,296465.571
0.439,0.0,0.098,1.0,-2.933,1.287,34034.857
1.0,0.669,0.355,1.0,-0.513,1.182,1.0
0.211,0.0,0.0,0.922,-4.37,0.922,227263.714
0.0,0.008,1.0,0.544,0.536,0.008,292748.286
0.0,0.071,0.977,1.0,0.951,0.071,287336.286
0.01,0.0,1.0,0.157,0.159,-0.002,296465.571
0.216,0.0,0.026,1.0,-5.263,1.137,159015.0
1.0,0.769,0.503,1.0,-0.465,1.234,0.286
0.381,0.0,0.0,0.247,-0.648,0.247,292754.286
0.0,0.424,1.0,0.612,0.188,0.424,165974.143
0.0,0.027,0.584,1.0,1.666,0.027,258200.571
0.956,0.0,1.0,0.106,2.409,-2.303,296465.571
0.008,0.0,0.844,1.0,1.196,-0.01,289532.429
1.0,0.263,0.83,1.0,-4.335,4.598,0.714
0.108,0.0,0.0,0.292,-2.704,0.292,292754.286
0.0,0.532,1.0,0.919,0.387,0.532,2743.143
0.0,0.771,0.496,1.0,0.462,0.771,0.857
0.581,0.0,1.0,0.512,1.222,-0.71,296465.429
0.077,0.0,0.617,1.0,1.852,-0.143,280055.571
1.0,0.189,0.716,1.0,-2.856,3.045,4.571
0.326,0.0,0.0,0.809,-2.482,0.809,152703.0
1.0,0.283,0.0,0.91,-0.627,0.91,1211.714
0.0,0.554,0.427,1.0,1.044,0.554,38.857
0.217,0.0,1.0,0.869,1.11,-0.241,296256.429
0.95,0.0,0.408,1.0,-1.845,1.753,246.429
1.0,0.667,0.568,1.0,-0.771,1.438,0.571
0.944,0.0,0.0,0.791,-0.838,0.791,16755.857
0.0,0.272,1.0,0.462,0.19,0.272,292750.429
0.0,0.998,0.426,1.0,0.005,0.998,0.0
0.127,0.0,1.0,0.041,0.047,-0.006,296465.571
0.461,0.0,0.117,1.0,-2.907,1.34,27184.571
1.0,0.485,0.764,1.0,-2.182,2.667,0.714
0.044,0.0,0.0,0.794,-18.045,0.794,292754.286
1.0,0.086,0.0,0.461,-0.375,0.461,255673.0
0.0,0.846,0.896,1.0,0.172,0.846,1.571
0.781,0.0,1.0,0.058,0.265,-0.207,296465.571
0.508,0.0,0.621,1.0,8.85,-4.496,295504.857
1.0,0.165,0.78,1.0,-3.795,3.96,2.143
0.983,0.0,0.0,0.528,-0.537,0.528,178646.429
1.0,0.569,0.0,0.751,-0.182,0.751,522.857
0.0,0.982,0.057,1.0,0.316,0.982,0.0
0.396,0.0,1.0,0.968,1.603,-0.635,296364.857
0.599,0.0,0.732,1.0,7.519,-4.504,296261.143
1.0,0.36,0.511,1.0,-1.309,1.669,10.0
0.984,0.0,0.0,0.162,-0.165,0.162,292754.286
1.0,0.321,0.0,0.691,-0.37,0.691,7836.429
0.0,0.322,0.66,1.0,1.027,0.322,127202.571
0.103,0.0,1.0,0.11,0.123,-0.013,296465.571
0.053,0.0,0.77,1.0,1.395,-0.074,288312.0
1.0,0.62,0.967,1.0,-11.515,12.135,0.0
0.882,0.0,0.0,0.502,-0.569,0.502,244990.143
0.0,0.094,1.0,0.133,0.039,0.094,292754.286
0.0,0.268,0.846,1.0,0.865,0.268,230667.857
0.274,0.0,1.0,0.904,1.245,-0.341,296286.286
0.32,0.0,0.975,1.0,1.527,-0.489,296201.286
1.0,0.223,0.662,1.0,-2.299,2.522,6.286
0.349,0.0,0.0,0.086,-0.246,0.086,292754.286
0.0,0.53,1.0,0.568,0.038,0.53,24977.0
0.0,0.435,0.185,1.0,3.054,0.435,0.0
0.143,0.0,1.0,0.36,0.42,-0.06,296465.571
0.565,0.0,0.878,1.0,3.195,-1.805,296386.714
1.0,0.913,0.136,1.0,-0.101,1.014,0.286
0.379,0.0,0.0,0.453,-1.195,0.453,292754.286
0.0,0.588,1.0,0.943,0.355,0.588,558.571
0.0,0.135,0.976,1.0,0.886,0.135,283399.571
0.605,0.0,1.0,0.566,1.433,-0.867,296465.286
0.957,0.0,0.452,1.0,-1.98,1.895,166.571
1.0,0.959,0.792,1.0,-0.197,1.156,0.0
0.745,0.0,0.0,0.658,-0.883,0.658,80688.714
0.0,0.191,1.0,0.881,0.69,0.191,285731.286
0.0,0.097,0.401,1.0,2.252,0.097,168657.429
0.536,0.0,1.0,0.519,1.119,-0.6,296465.429
0.887,0.0,0.839,1.0,-20.833,18.479,5.0
1.0,0.701,0.204,1.0,-0.376,1.077,1.429
0.631,0.0,0.0,0.026,-0.041,0.026,292754.286
0.0,0.069,1.0,0.457,0.388,0.069,292754.286
0.0,0.273,0.671,1.0,1.083,0.273,185564.143
0.882,0.0,1.0,0.515,4.364,-3.849,296465.429
0.509,0.0,0.558,1.0,20.408,-10.388,294938.429
1.0,0.975,0.05,1.0,-0.026,1.001,0.286
0.886,0.0,0.0,0.963,-1.087,0.963,7367.857
1.0,0.294,0.0,0.981,-0.687,0.981,592.714
0.0,0.818,0.158,1.0,1.152,0.818,0.0
0.569,0.0,1.0,0.067,0.155,-0.088,296465.571
0.022,0.0,0.648,1.0,1.597,-0.035,277080.857
1.0,0.883,0.066,1.0,-0.125,1.008,0.286
0.378,0.0,0.0,0.69,-1.825,0.69,181891.143
1.0,0.379,0.0,0.586,-0.207,0.586,24509.0
0.0,0.284,0.047,1.0,15.234,0.284,0.0
0.353,0.0,1.0,0.624,0.964,-0.34,296460.571
0.64,0.0,0.896,1.0,3.906,-2.5,296437.286
1.0,0.053,0.032,1.0,-0.978,1.031,2303.429
0.21,0.0,0.0,0.232,-1.105,0.232,292754.286
0.0,0.669,1.0,0.84,0.171,0.669,239.143
0.0,0.598,0.647,1.0,0.621,0.598,94.571
0.692,0.0,1.0,0.307,0.997,-0.69,296465.571
0.898,0.0,0.783,1.0,-8.696,7.809,7.857
1.0,0.088,0.735,1.0,-3.442,3.53,4.857
0.787,0.0,0.0,0.144,-0.183,0.144,292754.286
0.0,0.087,1.0,0.782,0.695,0.087,291830.857
0.0,0.095,0.493,1.0,1.836,0.095,202358.429
0.962,0.0,1.0,0.423,11.132,-10.709,296465.571
0.443,0.0,0.657,1.0,4.673,-2.07,295253.286
1.0,0.882,0.561,1.0,-0.269,1.151,0.143
0.263,0.0,0.0,0.024,-0.091,0.024,292754.286
1.0,0.261,0.0,0.78,-0.519,0.78,4513.143
0.0,0.747,0.709,1.0,0.357,0.747,10.571
0.914,0.0,1.0,0.557,6.477,-5.92,296465.429
0.702,0.0,0.272,1.0,-2.326,1.633,3109.429
1.0,0.623,0.716,1.0,-1.327,1.95,0.0
0.713,0.0,0.0,0.918,-1.288,0.918,19662.0
0.0,0.04,1.0,0.41,0.37,0.04,292754.286
0.0,0.983,0.605,1.0,0.028,0.983,0.143
0.106,0.0,1.0,0.748,0.837,-0.089,296330.571
0.093,0.0,0.043,1.0,-20.0,1.86,292754.286
1.0,0.16,0.637,1.0,-2.314,2.474,10.857
0.517,0.0,0.0,0.964,-1.865,0.964,41206.429
0.0,0.733,1.0,0.93,0.197,0.733,42.143
0.0,0.152,0.432,1.0,1.963,0.152,167492.0
0.199,0.0,1.0,0.438,0.547,-0.109,296465.571
0.362,0.0,0.261,1.0,-9.901,3.584,21688.429
1.0,0.562,0.75,1.0,-1.752,2.314,0.429
0.516,0.0,0.0,0.299,-0.579,0.299,292754.286
1.0,0.279,0.0,0.781,-0.502,0.781,4011.571
0.0,0.113,0.19,1.0,4.668,0.113,1.429
0.605,0.0,1.0,0.8,2.025,-1.225,296459.571
0.448,0.0,0.493,1.0,22.222,-9.956,293102.571
1.0,0.039,0.134,1.0,-1.11,1.149,1280.429
0.38,0.0,0.0,0.364,-0.958,0.364,292754.286
0.0,0.295,1.0,0.785,0.49,0.295,278190.286
0.0,0.091,0.991,1.0,0.917,0.091,286800.571
0.054,0.0,1.0,0.303,0.32,-0.017,296465.571
0.766,0.0,0.94,1.0,5.747,-4.402,296459.429
1.0,0.867,0.028,1.0,-0.137,1.004,0.286
0.187,0.0,0.0,0.047,-0.251,0.047,292754.286
0.0,0.683,1.0,0.899,0.216,0.683,136.286
0.0,0.355,0.856,1.0,0.754,0.355,130553.0
0.104,0.0,1.0,0.177,0.198,-0.021,296465.571
0.602,0.0,0.056,1.0,-1.832,1.103,18526.0
1.0,0.715,0.018,1.0,-0.29,1.005,2.571
0.73,0.0,0.0,0.65,-0.89,0.65,87412.714
1.0,0.724,0.0,0.965,-0.241,0.965,3.714
0.0,0.044,0.585,1.0,1.634,0.044,256260.286
0.735,0.0,1.0,0.035,0.132,-0.097,296465.571
0.662,0.0,0.817,1.0,6.452,-4.271,296411.429
1.0,0.335,0.327,1.0,-0.988,1.323,46.714
0.304,0.0,0.0,0.993,-3.266,0.993,132591.429
0.0,0.312,1.0,0.756,0.444,0.312,277154.143
0.0,0.103,0.24,1.0,3.738,0.103,13916.714
0.14,0.0,1.0,0.63,0.733,-0.103,296446.286
0.817,0.0,0.075,1.0,-1.348,1.101,5547.143
1.0,0.995,0.173,1.0,-0.006,1.001,0.143
0.613,0.0,0.0,0.84,-1.37,0.84,41188.286
0.0,0.277,1.0,0.829,0.552,0.277,277720.286
0.0,0.433,0.756,1.0,0.75,0.433,18326.714
0.86,0.0,1.0,0.921,6.579,-5.658,296464.857
0.944,0.0,0.594,1.0,-2.857,2.697,43.286
1.0,0.807,0.686,1.0,-0.615,1.422,0.0
0.461,0.0,0.0,0.83,-1.8,0.83,85489.286
0.0,0.491,1.0,0.927,0.436,0.491,10181.571
0.0,0.303,0.559,1.0,1.247,0.303,116269.143
0.127,0.0,1.0,0.345,0.395,-0.05,296465.571
0.003,0.0,0.076,1.0,13.699,-0.041,3711.286
1.0,0.032,0.251,1.0,-1.292,1.324,563.143
0.42,0.0,0.0,0.291,-0.693,0.291,292754.286
0.0,0.558,1.0,0.612,0.054,0.558,10747.714
0.0,0.744,0.948,1.0,0.27,0.744,19.429
0.164,0.0,1.0,0.989,1.183,-0.194,295705.714
0.081,0.0,0.534,1.0,2.208,-0.179,270966.714
1.0,0.404,0.447,1.0,-1.078,1.482,11.0
0.279,0.0,0.0,0.592,-2.122,0.592,292754.286
1.0,0.194,0.0,0.714,-0.52,0.714,11899.429
0.0,0.143,0.805,1.0,1.065,0.143,270889.0
0.819,0.0,1.0,0.817,4.514,-3.697,296464.857
0.665,0.0,0.639,1.0,-38.462,25.577,263.143
1.0,0.69,0.636,1.0,-0.852,1.542,0.0
0.508,0.0,0.0,0.244,-0.48,0.244,292754.286
0.0,0.098,1.0,0.959,0.861,0.098,288138.286
0.0,0.592,0.641,1.0,0.637,0.592,100.286
0.978,0.0,1.0,0.803,36.5,-35.697,296465.429
0.155,0.0,0.55,1.0,2.532,-0.392,281419.714
1.0,0.294,0.869,1.0,-5.389,5.683,0.429
0.16,0.0,0.0,0.25,-1.562,0.25,292754.286
1.0,0.217,0.0,0.965,-0.748,0.965,1288.571
0.0,0.703,0.381,1.0,0.78,0.703,0.571
0.814,0.0,1.0,0.119,0.64,-0.521,296465.571
0.665,0.0,0.101,1.0,-1.773,1.179,10416.714
1.0,0.896,0.697,1.0,-0.343,1.239,0.0
0.907,0.0,0.0,0.704,-0.776,0.704,36412.143
1.0,0.294,0.0,0.607,-0.313,0.607,26461.429
0.0,0.704,0.687,1.0,0.431,0.704,21.286
0.322,0.0,1.0,0.136,0.201,-0.065,296465.571
0.098,0.0,0.372,1.0,3.65,-0.358,242003.286
1.0,0.189,0.673,1.0,-2.48,2.669,6.429
0.127,0.0,0.0,0.651,-5.126,0.651,292754.286
0.0,0.421,1.0,0.883,0.462,0.421,73249.286
0.0,0.06,0.245,1.0,3.837,0.06,50807.857
0.573,0.0,1.0,0.741,1.735,-0.994,296460.143
0.414,0.0,0.153,1.0,-3.831,1.586,29045.857
1.0,0.997,0.557,1.0,-0.007,1.004,0.143
0.201,0.0,0.0,0.264,-1.313,0.264,292754.286
1.0,0.058,0.0,0.621,-0.563,0.621,56657.143
0.0,0.305,0.008,1.0,86.875,0.305,0.0
0.44,0.0,1.0,0.293,0.523,-0.23,296465.571
0.394,0.0,0.506,1.0,8.929,-3.518,292226.286
1.0,0.903,0.09,1.0,-0.107,1.01,0.286
0.195,0.0,0.0,0.314,-1.61,0.314,292754.286
1.0,0.149,0.0,0.989,-0.84,0.989,1728.429
0.0,0.804,0.431,1.0,0.455,0.804,0.286
0.433,0.0,1.0,0.3,0.529,-0.229,296465.571
0.41,0.0,0.253,1.0,-6.369,2.611,17751.571
1.0,0.467,0.901,1.0,-5.384,5.851,0.143
0.735,0.0,0.0,0.278,-0.378,0.278,292754.286
1.0,0.594,0.0,0.605,-0.011,0.605,4397.0
0.0,0.669,0.618,1.0,0.536,0.669,26.571
0.448,0.0,1.0,0.919,1.665,-0.746,296419.714
0.125,0.0,0.789,1.0,1.506,-0.188,292308.143
1.0,0.447,0.959,1.0,-13.488,13.935,0.143
0.574,0.0,0.0,0.081,-0.141,0.081,292754.286
1.0,0.437,0.0,0.686,-0.249,0.686,3899.143
0.0,0.656,0.737,1.0,0.467,0.656,59.143
0.416,0.0,1.0,0.325,0.557,-0.232,296465.571
0.981,0.0,0.776,1.0,-4.878,4.785,4.571
1.0,0.024,0.363,1.0,-1.532,1.556,239.857
0.721,0.0,0.0,0.466,-0.646,0.466,292754.286
0.0,0.052,1.0,0.789,0.737,0.052,292029.571
0.0,0.437,0.365,1.0,1.542,0.437,98.857
0.452,0.0,1.0,0.54,0.985,-0.445,296465.0
0.079,0.0,0.15,1.0,14.085,-1.113,107697.143
1.0,0.495,0.066,1.0,-0.541,1.036,44.143
0.07,0.0,0.0,0.215,-3.071,0.215,292754.286
1.0,0.152,0.0,0.957,-0.805,0.957,2111.0
0.0,0.315,0.344,1.0,1.991,0.315,4726.714
0.014,0.0,1.0,0.608,0.617,-0.009,296441.143
0.278,0.0,0.175,1.0,-9.709,2.699,54617.857
1.0,0.747,0.427,1.0,-0.442,1.189,0.286
0.477,0.0,0.0,0.01,-0.021,0.01,292754.286
1.0,0.104,0.0,0.216,-0.112,0.216,292754.286
0.0,0.244,0.605,1.0,1.25,0.244,183228.0
0.188,0.0,1.0,0.754,0.929,-0.175,296381.714
0.741,0.0,0.179,1.0,-1.779,1.319,4406.286
1.0,0.143,0.631,1.0,-2.322,2.465,12.0
0.551,0.0,0.0,0.042,-0.076,0.042,292754.286
0.0,0.371,1.0,0.844,0.473,0.371,180644.571
0.0,0.88,0.986,1.0,0.122,0.88,0.857
0.001,0.0,1.0,0.661,0.662,-0.001,296397.0
0.312,0.0,0.36,1.0,20.833,-6.5,279524.571
1.0,0.591,0.146,1.0,-0.479,1.07,7.714
0.664,0.0,0.0,0.561,-0.845,0.561,193506.571
0.0,0.499,1.0,0.814,0.315,0.499,14203.571
0.0,0.561,0.817,1.0,0.537,0.561,411.143
0.017,0.0,1.0,0.365,0.371,-0.006,296465.571
0.883,0.0,0.623,1.0,-3.846,3.396,54.714
1.0,0.761,0.592,1.0,-0.586,1.347,0.143
0.057,0.0,0.0,0.989,-17.351,0.989,292754.286
1.0,0.211,0.0,0.734,-0.523,0.734,9084.429
0.0,0.953,0.095,1.0,0.495,0.953,0.0
0.584,0.0,1.0,0.443,1.065,-0.622,296465.571
0.991,0.0,0.283,1.0,-1.412,1.4,531.714
1.0,0.647,0.488,1.0,-0.689,1.336,0.714
0.816,0.0,0.0,0.506,-0.62,0.506,246379.429
1.0,0.883,0.0,0.906,-0.023,0.906,2.143
0.0,0.825,0.604,1.0,0.29,0.825,0.857
0.974,0.0,1.0,0.117,4.5,-4.383,296465.571
0.186,0.0,0.856,1.0,1.493,-0.278,294610.571
1.0,0.13,0.682,1.0,-2.736,2.866,7.571
0.282,0.0,0.0,0.269,-0.954,0.269,292754.286
0.0,0.192,1.0,0.284,0.092,0.192,292754.286
0.0,0.453,0.326,1.0,1.678,0.453,21.286
0.343,0.0,1.0,0.741,1.128,-0.387,296439.571
0.266,0.0,0.581,1.0,3.175,-0.844,290586.429
1.0,0.41,0.751,1.0,-2.369,2.779,1.0
0.628,0.0,0.0,0.815,-1.298,0.815,43625.714
1.0,0.544,0.0,0.991,-0.447,0.991,37.286
0.0,0.305,0.463,1.0,1.501,0.305,61986.857
0.459,0.0,1.0,0.032,0.059,-0.027,296465.571
0.452,0.0,0.757,1.0,3.279,-1.482,295984.286
1.0,0.389,0.112,1.0,-0.688,1.077,112.429
0.329,0.0,0.0,0.676,-2.055,0.676,226881.0
0.0,0.271,1.0,0.782,0.511,0.271,283154.143
0.0,0.285,0.525,1.0,1.362,0.285,126034.286
0.324,0.0,1.0,0.444,0.657,-0.213,296465.571
0.253,0.0,0.328,1.0,13.333,-3.373,268211.571
1.0,0.513,0.527,1.0,-1.03,1.543,2.429
0.618,0.0,0.0,0.948,-1.534,0.948,26553.143
1.0,0.693,0.0,0.723,-0.03,0.723,277.0
0.0,0.79,0.997,1.0,0.211,0.79,9.286
0.915,0.0,1.0,0.168,1.976,-1.808,296465.571
0.799,0.0,0.417,1.0,-2.618,2.092,596.0
1.0,0.841,0.637,1.0,-0.438,1.279,0.0
0.816,0.0,0.0,0.143,-0.175,0.143,292754.286
0.0,0.061,1.0,0.879,0.818,0.061,290944.571
0.0,0.811,0.794,1.0,0.238,0.811,3.143
0.022,0.0,1.0,0.672,0.687,-0.015,296390.571
0.986,0.0,0.392,1.0,-1.684,1.66,226.857
1.0,0.329,0.942,1.0,-11.569,11.898,0.143
0.417,0.0,0.0,0.899,-2.156,0.899,86693.857
0.0,0.058,1.0,0.591,0.533,0.058,292727.0
0.0,0.599,0.662,1.0,0.606,0.599,99.0
0.298,0.0,1.0,0.884,1.259,-0.375,296337.714
0.318,0.0,0.934,1.0,1.623,-0.516,296097.714
1.0,0.117,0.973,1.0,-32.704,32.821,0.143
0.691,0.0,0.0,0.307,-0.444,0.307,292754.286
0.0,0.611,1.0,0.636,0.025,0.611,2946.571
0.0,0.688,0.75,1.0,0.416,0.688,33.857
0.059,0.0,1.0,0.491,0.522,-0.031,296465.143
0.222,0.0,0.892,1.0,1.493,-0.331,295344.429
1.0,0.736,0.174,1.0,-0.32,1.056,1.429
0.719,0.0,0.0,0.147,-0.204,0.147,292754.286
0.0,0.279,1.0,0.817,0.538,0.279,278462.286
0.0,0.349,0.77,1.0,0.845,0.349,121484.143
0.56,0.0,1.0,0.471,1.07,-0.599,296465.571
0.307,0.0,0.186,1.0,-8.264,2.537,43697.286
1.0,0.128,0.237,1.0,-1.143,1.271,384.857
0.06,0.0,0.0,0.259,-4.317,0.259,292754.286
0.0,0.216,1.0,1.0,0.784,0.216,274289.571
0.0,0.714,0.274,1.0,1.044,0.714,0.143
0.835,0.0,1.0,0.765,4.636,-3.871,296465.143
0.277,0.0,0.068,1.0,-4.785,1.325,120010.429
1.0,0.215,0.265,1.0,-1.068,1.283,181.286
0.524,0.0,0.0,0.344,-0.656,0.344,292754.286
0.0,0.564,1.0,0.579,0.015,0.564,11515.286
0.0,0.103,0.105,1.0,8.543,0.103,0.0
0.606,0.0,1.0,0.798,2.025,-1.227,296459.714
0.935,0.0,0.413,1.0,-1.916,1.791,260.857
1.0,0.839,0.65,1.0,-0.46,1.299,0.0
0.155,0.0,0.0,0.55,-3.548,0.55,292754.286
1.0,0.346,0.0,0.719,-0.373,0.719,4875.571
0.0,0.794,0.52,1.0,0.396,0.794,0.714
0.802,0.0,1.0,0.559,2.823,-2.264,296465.429
0.275,0.0,0.586,1.0,3.215,-0.884,291109.571
1.0,0.816,0.932,1.0,-2.706,3.522,0.0
0.942,0.0,0.0,0.851,-0.903,0.851,11211.0
1.0,0.154,0.0,0.593,-0.439,0.593,57305.429
0.0,0.19,0.781,1.0,1.037,0.19,259224.143
0.999,0.0,1.0,0.183,183.0,-182.817,296465.571
0.376,0.0,0.472,1.0,10.417,-3.917,290691.286
1.0,0.617,0.39,1.0,-0.628,1.245,1.714
0.153,0.0,0.0,0.817,-5.34,0.817,292754.286
1.0,0.434,0.0,0.804,-0.37,0.804,929.286
0.0,0.74,0.603,1.0,0.431,0.74,7.429
0.448,0.0,1.0,0.345,0.625,-0.28,296465.571
0.368,0.0,0.913,1.0,1.835,-0.675,296173.714
1.0,0.974,0.896,1.0,-0.25,1.224,0.0
0.744,0.0,0.0,0.907,-1.219,0.907,18021.429
0.0,0.225,1.0,0.578,0.353,0.225,292564.714
0.0,0.875,0.398,1.0,0.314,0.875,0.0
0.968,0.0,1.0,0.538,16.812,-16.274,296465.429
0.626,0.0,0.913,1.0,3.484,-2.181,296438.143
1.0,0.519,0.839,1.0,-2.988,3.507,0.143
0.768,0.0,0.0,0.406,-0.529,0.406,292754.286
0.0,0.468,1.0,0.708,0.24,0.468,57030.286
0.0,0.078,0.142,1.0,6.493,0.078,0.0
0.89,0.0,1.0,0.948,8.618,-7.67,296465.286
0.829,0.0,0.118,1.0,-1.406,1.166,4079.286
1.0,0.709,0.25,1.0,-0.388,1.097,1.429
0.699,0.0,0.0,0.222,-0.318,0.222,292754.286
0.0,0.208,1.0,0.511,0.303,0.208,292738.0
0.0,0.956,0.622,1.0,0.071,0.956,0.143
0.008,0.0,1.0,0.485,0.489,-0.004,296465.429
0.933,0.0,0.344,1.0,-1.698,1.584,459.571
1.0,0.534,0.364,1.0,-0.733,1.267,4.0
0.874,0.0,0.0,0.477,-0.546,0.477,259429.286
1.0,0.088,0.0,0.651,-0.563,0.651,35682.857
0.0,0.344,0.547,1.0,1.199,0.344,53272.429
0.073,0.0,1.0,0.145,0.156,-0.011,296465.571
0.157,0.0,0.1,1.0,-17.544,2.754,149138.714
1.0,0.239,0.561,1.0,-1.733,1.972,13.857
0.259,0.0,0.0,0.007,-0.027,0.007,292754.286
1.0,0.141,0.0,0.651,-0.51,0.651,29441.429
0.0,0.628,0.562,1.0,0.662,0.628,40.0
0.591,0.0,1.0,0.953,2.33,-1.377,296453.0
0.297,0.0,0.584,1.0,3.484,-1.035,291741.429
1.0,0.527,0.275,1.0,-0.652,1.179,7.429
0.328,0.0,0.0,0.506,-1.543,0.506,292754.286
0.0,0.505,1.0,0.746,0.241,0.505,17424.714
0.0,0.33,0.532,1.0,1.259,0.33,65792.857
0.986,0.0,1.0,0.818,58.429,-57.611,296465.429
0.03,0.0,0.397,1.0,2.725,-0.082,205684.429
1.0,0.692,0.969,1.0,-9.935,10.627,0.0
0.903,0.0,0.0,0.247,-0.274,0.247,292754.286
0.0,0.871,1.0,0.944,0.073,0.871,1.857
0.0,0.19,0.796,1.0,1.018,0.19,261087.571
0.794,0.0,1.0,0.047,0.228,-0.181,296465.571
0.465,0.0,0.657,1.0,5.208,-2.422,295442.857
1.0,0.122,0.667,1.0,-2.637,2.759,8.857
0.367,0.0,0.0,0.939,-2.559,0.939,108806.286
1.0,0.5,0.0,0.567,-0.067,0.567,18300.429
0.0,0.622,0.835,1.0,0.453,0.622,140.571
0.42,0.0,1.0,0.293,0.505,-0.212,296465.571
0.279,0.0,0.347,1.0,14.706,-4.103,274777.286
1.0,0.174,0.418,1.0,-1.419,1.593,76.714
0.126,0.0,0.0,0.305,-2.421,0.305,292754.286
1.0,0.754,0.0,0.884,-0.13,0.884,13.571
0.0,0.069,0.323,1.0,2.882,0.069,153504.429
0.703,0.0,1.0,0.504,1.697,-1.193,296465.429
0.869,0.0,0.697,1.0,-5.814,5.052,25.0
1.0,0.615,0.347,1.0,-0.59,1.205,1.857
0.447,0.0,0.0,0.75,-1.678,0.75,126415.714
0.0,0.526,1.0,0.946,0.42,0.526,2808.571
0.0,0.133,0.312,1.0,2.779,0.133,122750.571
0.765,0.0,1.0,0.354,1.506,-1.152,296465.571
0.872,0.0,0.547,1.0,-3.077,2.683,136.714
1.0,0.101,0.21,1.0,-1.138,1.239,544.0
0.799,0.0,0.0,0.369,-0.462,0.369,292754.286
1.0,0.767,0.0,0.923,-0.156,0.923,4.429
0.0,0.023,0.26,1.0,3.758,0.023,125310.857
0.259,0.0,1.0,0.024,0.032,-0.008,296465.571
0.19,0.0,0.645,1.0,2.198,-0.418,289845.143
1.0,0.797,0.327,1.0,-0.302,1.099,0.286
0.86,0.0,0.0,0.541,-0.629,0.541,178096.857
0.0,0.477,1.0,0.859,0.382,0.477,21630.571
0.0,0.381,0.755,1.0,0.82,0.381,64806.714
0.657,0.0,1.0,0.877,2.557,-1.68,296459.0
0.789,0.0,0.624,1.0,-6.061,4.782,135.571
1.0,0.71,0.913,1.0,-3.333,4.043,0.0
0.716,0.0,0.0,0.698,-0.975,0.698,64360.714
1.0,0.455,0.0,0.528,-0.073,0.528,45432.286
0.0,0.755,0.685,1.0,0.358,0.755,8.429
0.233,0.0,1.0,0.401,0.523,-0.122,296465.571
0.134,0.0,0.198,1.0,15.625,-2.094,170111.286
1.0,0.202,0.909,1.0,-8.769,8.971,0.429
0.819,0.0,0.0,0.041,-0.05,0.041,292754.286
1.0,0.784,0.0,0.959,-0.175,0.959,2.286
0.0,0.806,0.797,1.0,0.243,0.806,3.714
0.617,0.0,1.0,0.187,0.488,-0.301,296465.571
0.888,0.0,0.696,1.0,-5.208,4.625,21.857
1.0,0.776,0.978,1.0,-10.182,10.958,0.0
0.886,0.0,0.0,0.725,-0.818,0.725,32547.571
1.0,0.049,0.0,0.954,-0.905,0.954,3778.857
0.0,0.934,0.931,1.0,0.071,0.934,0.286
0.039,0.0,1.0,0.896,0.932,-0.036,295471.143
0.55,0.0,0.303,1.0,-4.049,2.227,5913.286
1.0,0.397,0.248,1.0,-0.802,1.199,46.286
0.187,0.0,0.0,0.586,-3.134,0.586,292754.286
0.0,0.331,1.0,0.48,0.149,0.331,292686.429
0.0,0.122,0.378,1.0,2.323,0.122,160933.429
0.186,0.0,1.0,0.43,0.528,-0.098,296465.571
0.034,0.0,0.945,1.0,1.098,-0.037,293459.286
1.0,0.604,0.641,1.0,-1.103,1.707,0.286
0.291,0.0,0.0,0.72,-2.474,0.72,228026.714
0.0,0.43,1.0,0.808,0.378,0.43,78735.857
0.0,0.005,0.77,1.0,1.292,0.005,281101.0
0.31,0.0,1.0,0.902,1.307,-0.405,296332.286
0.446,0.0,0.557,1.0,9.009,-4.018,294189.714
1.0,0.994,0.648,1.0,-0.017,1.011,0.0
0.836,0.0,0.0,0.38,-0.455,0.38,292754.286
0.0,0.203,1.0,0.728,0.525,0.203,290925.714
0.0,0.56,0.936,1.0,0.47,0.56,649.714
0.379,0.0,1.0,0.999,1.609,-0.61,296328.571
0.94,0.0,0.525,1.0,-2.41,2.265,101.0
1.0,0.354,0.578,1.0,-1.531,1.885,6.857
0.196,0.0,0.0,0.476,-2.429,0.476,292754.286
1.0,0.625,0.0,0.9,-0.275,0.9,38.143
0.0,0.155,0.905,1.0,0.934,0.155,277432.143
0.178,0.0,1.0,0.653,0.794,-0.141,296442.0
0.516,0.0,0.007,1.0,-1.965,1.014,36044.143
1.0,0.488,0.769,1.0,-2.216,2.704,0.714
0.635,0.0,0.0,0.582,-0.917,0.582,179038.857
1.0,0.07,0.0,0.408,-0.338,0.408,292754.286
0.0,0.609,0.137,1.0,2.854,0.609,0.0
0.074,0.0,1.0,0.15,0.162,-0.012,296465.571
0.337,0.0,0.523,1.0,5.376,-1.812,291138.0
1.0,0.513,0.953,1.0,-10.362,10.875,0.0
0.674,0.0,0.0,0.183,-0.272,0.183,292754.286
1.0,0.251,0.0,0.916,-0.665,0.916,1471.571
0.0,0.1,0.332,1.0,2.711,0.1,151110.857
0.278,0.0,1.0,0.318,0.44,-0.122,296465.571
0.029,0.0,0.471,1.0,2.262,-0.066,248798.143
1.0,0.444,0.416,1.0,-0.952,1.396,9.714
0.544,0.0,0.0,0.575,-1.057,0.575,213890.429
0.0,0.666,1.0,0.741,0.075,0.666,488.286
0.0,0.062,0.183,1.0,5.126,0.062,1.286
0.659,0.0,1.0,0.161,0.472,-0.311,296465.571
0.459,0.0,0.81,1.0,2.849,-1.308,296151.286
1.0,0.364,0.841,1.0,-4.0,4.364,0.429
0.338,0.0,0.0,0.63,-1.864,0.63,253319.286
0.0,0.407,1.0,0.719,0.312,0.407,159555.0
0.0,0.113,0.2,1.0,4.435,0.113,4.571
0.283,0.0,1.0,0.891,1.243,-0.352,296314.286
0.086,0.0,0.613,1.0,1.898,-0.163,280497.286
1.0,0.65,0.746,1.0,-1.378,2.028,0.0
0.738,0.0,0.0,0.456,-0.618,0.456,292754.286
1.0,0.601,0.0,0.739,-0.138,0.739,466.143
0.0,0.178,0.466,1.0,1.764,0.178,169775.857
0.121,0.0,1.0,0.693,0.788,-0.095,296407.143
0.825,0.0,0.979,1.0,6.494,-5.357,296464.143
1.0,0.143,0.455,1.0,-1.572,1.715,64.714
0.395,0.0,0.0,0.759,-1.922,0.759,143110.143
0.0,0.044,1.0,0.44,0.396,0.044,292754.286
0.0,0.708,0.422,1.0,0.692,0.708,1.857
0.193,0.0,1.0,0.392,0.486,-0.094,296465.571
0.617,0.0,0.018,1.0,-1.669,1.03,20811.143
1.0,0.92,0.12,1.0,-0.091,1.011,0.286
0.162,0.0,0.0,0.057,-0.352,0.057,292754.286
0.0,0.268,1.0,0.35,0.082,0.268,292754.286
0.0,0.188,0.94,1.0,0.864,0.188,274966.714
0.513,0.0,1.0,0.003,0.006,-0.003,296465.571
0.772,0.0,0.727,1.0,-22.222,17.156,44.714
1.0,0.682,0.391,1.0,-0.522,1.204,0.714
0.055,0.0,0.0,0.167,-3.036,0.167,292754.286
0.0,0.019,1.0,0.655,0.636,0.019,292682.429
0.0,0.086,0.088,1.0,10.386,0.086,0.0
0.135,0.0,1.0,0.303,0.35,-0.047,296465.571
0.966,0.0,0.2,1.0,-1.305,1.261,1161.857
1.0,0.888,0.311,1.0,-0.163,1.051,0.286
0.651,0.0,0.0,0.551,-0.846,0.551,215795.714
0.0,0.618,1.0,0.634,0.016,0.618,2627.571
0.0,0.692,0.075,1.0,4.107,0.692,0.0
0.532,0.0,1.0,0.905,1.934,-1.029,296448.429
0.511,0.0,0.751,1.0,4.167,-2.129,296137.429
1.0,0.922,0.55,1.0,-0.173,1.095,0.143
0.446,0.0,0.0,0.889,-1.993,0.889,76428.0
0.0,0.021,1.0,0.347,0.326,0.021,292754.286
0.0,0.041,0.047,1.0,20.404,0.041,0.0
0.199,0.0,1.0,0.656,0.819,-0.163,296444.0
0.553,0.0,0.66,1.0,9.346,-5.168,295994.429
1.0,0.516,0.521,1.0,-1.01,1.526,2.429
0.253,0.0,0.0,0.916,-3.621,0.916,171331.286
1.0,0.367,0.0,0.837,-0.47,0.837,1181.286
0.0,0.976,0.605,1.0,0.04,0.976,0.0
0.704,0.0,1.0,0.526,1.777,-1.251,296465.429
0.295,0.0,0.571,1.0,3.623,-1.069,291305.429
1.0,0.551,0.63,1.0,-1.214,1.765,0.857
0.454,0.0,0.0,0.048,-0.106,0.048,292754.286
1.0,0.155,0.0,0.239,-0.084,0.239,292754.286
0.0,0.161,0.773,1.0,1.085,0.161,264550.714
0.071,0.0,1.0,0.272,0.293,-0.021,296465.571
0.844,0.0,0.056,1.0,-1.269,1.071,5424.857
1.0,0.603,0.204,1.0,-0.499,1.102,4.286
0.247,0.0,0.0,0.927,-3.753,0.927,174101.857
1.0,0.07,0.0,0.1,-0.03,0.1,292754.286
0.0,0.891,0.076,1.0,1.434,0.891,0.0
0.93,0.0,1.0,0.839,11.986,-11.147,296465.429
0.653,0.0,0.477,1.0,-5.682,3.71,1010.0
1.0,0.191,0.997,1.0,-269.667,269.858,0.143
0.029,0.0,0.0,0.619,-21.345,0.619,292754.286
0.0,0.15,1.0,0.628,0.478,0.15,292572.571
0.0,0.993,0.474,1.0,0.015,0.993,0.0
0.818,0.0,1.0,0.391,2.148,-1.757,296465.571
0.028,0.0,0.803,1.0,1.29,-0.036,288578.286
1.0,0.7,0.364,1.0,-0.472,1.172,0.714
0.286,0.0,0.0,0.44,-1.538,0.44,292754.286
1.0,0.178,0.0,0.514,-0.336,0.514,146896.714
0.0,0.902,0.76,1.0,0.129,0.902,0.571
0.247,0.0,1.0,0.063,0.084,-0.021,296465.571
0.604,0.0,0.13,1.0,-2.11,1.274,12340.857
1.0,0.836,0.125,1.0,-0.187,1.023,0.286
0.732,0.0,0.0,0.376,-0.514,0.376,292754.286
0.0,0.585,1.0,0.848,0.263,0.585,1149.286
0.0,0.761,0.548,1.0,0.436,0.761,2.714
0.891,0.0,1.0,0.88,8.073,-7.193,296465.429
0.325,0.0,0.098,1.0,-4.405,1.432,65075.0
1.0,0.71,0.58,1.0,-0.69,1.4,0.286
0.974,0.0,0.0,0.899,-0.923,0.899,7399.286
1.0,0.167,0.0,0.835,-0.668,0.835,4775.286
0.0,0.403,0.418,1.0,1.428,0.403,1355.714
0.497,0.0,1.0,0.411,0.817,-0.406,296465.571
0.873,0.0,0.679,1.0,-5.155,4.5,29.0
1.0,0.769,0.192,1.0,-0.286,1.055,0.571
0.481,0.0,0.0,0.353,-0.734,0.353,292754.286
1.0,0.084,0.0,0.948,-0.864,0.948,3281.714
0.0,0.12,0.627,1.0,1.404,0.12,250943.429
0.203,0.0,1.0,0.277,0.348,-0.071,296465.571
0.54,0.0,0.684,1.0,6.944,-3.75,296037.429
1.0,0.385,0.371,1.0,-0.978,1.363,22.429
0.998,0.0,0.0,0.383,-0.384,0.383,292754.286
0.0,0.441,1.0,0.871,0.43,0.441,53089.857
0.0,0.499,0.642,1.0,0.78,0.499,763.857
0.381,0.0,1.0,0.112,0.181,-0.069,296465.571
0.199,0.0,0.611,1.0,2.427,-0.483,288497.143
1.0,0.305,0.19,1.0,-0.858,1.163,154.857
0.877,0.0,0.0,0.946,-1.079,0.946,8385.143
1.0,0.194,0.0,0.751,-0.557,0.751,8447.143
0.0,0.291,0.206,1.0,3.442,0.291,1.143
0.359,0.0,1.0,0.88,1.373,-0.493,296387.571
0.069,0.0,0.433,1.0,2.747,-0.19,250895.714
1.0,0.915,0.457,1.0,-0.157,1.072,0.286
0.543,0.0,0.0,0.756,-1.392,0.756,81258.0
0.0,0.599,1.0,0.918,0.319,0.599,518.143
0.0,0.879,0.471,1.0,0.257,0.879,0.0
0.827,0.0,1.0,0.793,4.584,-3.791,296465.143
0.89,0.0,0.044,1.0,-1.182,1.052,4678.857
1.0,0.047,0.137,1.0,-1.104,1.151,1211.286
0.732,0.0,0.0,0.021,-0.029,0.021,292754.286
1.0,0.045,0.0,0.88,-0.835,0.88,6266.429
0.0,0.822,0.236,1.0,0.754,0.822,0.0
0.489,0.0,1.0,0.751,1.47,-0.719,296456.857
0.271,0.0,0.106,1.0,-6.061,1.642,98301.857
1.0,0.294,0.291,1.0,-0.996,1.29,89.714
0.255,0.0,0.0,0.278,-1.09,0.278,292754.286
1.0,0.342,0.0,0.75,-0.408,0.75,3610.857
0.0,0.525,0.71,1.0,0.669,0.525,600.857
0.778,0.0,1.0,0.334,1.505,-1.171,296465.571
0.197,0.0,0.535,1.0,2.959,-0.583,283322.143
1.0,0.638,0.345,1.0,-0.553,1.191,1.429
0.584,0.0,0.0,0.665,-1.139,0.665,119342.286
0.0,0.05,1.0,0.31,0.26,0.05,292754.286
0.0,0.897,0.919,1.0,0.112,0.897,0.571
0.638,0.0,1.0,0.546,1.508,-0.962,296465.429
0.417,0.0,0.205,1.0,-4.717,1.967,21735.0
1.0,0.337,0.044,1.0,-0.694,1.031,269.857
0.26,0.0,0.0,0.388,-1.492,0.388,292754.286
1.0,0.138,0.0,0.227,-0.089,0.227,292754.286
0.0,0.417,0.261,1.0,2.234,0.417,4.857
0.677,0.0,1.0,0.944,2.923,-1.979,296458.714
0.932,0.0,0.093,1.0,-1.192,1.111,2857.571
1.0,0.109,0.743,1.0,-3.467,3.576,4.571
0.639,0.0,0.0,0.79,-1.236,0.79,47235.857
0.0,0.137,1.0,0.385,0.248,0.137,292754.286
0.0,0.056,0.653,1.0,1.446,0.056,264999.286
0.21,0.0,1.0,0.554,0.701,-0.147,296461.571
0.239,0.0,0.318,1.0,12.658,-3.025,263663.429
1.0,0.724,0.367,1.0,-0.436,1.16,0.714
0.967,0.0,0.0,0.003,-0.003,0.003,292754.286
1.0,0.128,0.0,0.833,-0.705,0.833,5955.0
0.0,0.3,0.808,1.0,0.866,0.3,196353.286
0.841,0.0,1.0,0.873,5.491,-4.618,296464.857
0.347,0.0,0.926,1.0,1.727,-0.599,296154.143
1.0,0.188,0.573,1.0,-1.902,2.09,16.571
0.418,0.0,0.0,0.171,-0.409,0.171,292754.286
0.0,0.089,1.0,0.749,0.66,0.089,292113.429
0.0,0.039,0.231,1.0,4.16,0.039,33437.429
0.738,0.0,1.0,0.812,3.099,-2.287,296464.0
0.698,0.0,0.952,1.0,3.937,-2.748,296457.429
1.0,0.168,0.742,1.0,-3.225,3.393,3.571
0.06,0.0,0.0,0.21,-3.5,0.21,292754.286
0.0,0.687,1.0,0.925,0.238,0.687,106.714
0.0,0.571,0.009,1.0,47.667,0.571,0.0
0.734,0.0,1.0,0.114,0.429,-0.315,296465.571
0.069,0.0,0.628,1.0,1.789,-0.123,280159.143
1.0,0.204,0.643,1.0,-2.23,2.434,8.143
0.379,0.0,0.0,0.491,-1.296,0.491,292754.286
1.0,0.314,0.0,0.913,-0.599,0.913,902.286
0.0,0.706,0.168,1.0,1.75,0.706,0.0
0.802,0.0,1.0,0.881,4.449,-3.568,296464.286
0.374,0.0,0.945,1.0,1.751,-0.655,296252.286
1.0,0.666,0.51,1.0,-0.682,1.348,0.571
0.099,0.0,0.0,0.542,-5.475,0.542,292754.286
0.0,0.644,1.0,0.989,0.345,0.644,149.857
0.0,0.277,0.824,1.0,0.877,0.277,217469.571
0.581,0.0,1.0,0.623,1.487,-0.864,296464.571
0.386,0.0,0.082,1.0,-3.289,1.27,48886.571
1.0,0.561,0.742,1.0,-1.702,2.263,0.571
0.38,0.0,0.0,0.974,-2.563,0.974,89848.714
0.0,0.749,1.0,0.771,0.022,0.749,107.143
0.0,0.881,0.054,1.0,2.204,0.881,0.0
0.541,0.0,1.0,0.122,0.266,-0.144,296465.571
0.79,0.0,0.619,1.0,-5.848,4.62,139.286
1.0,0.561,0.332,1.0,-0.657,1.218,3.714
0.027,0.0,0.0,0.14,-5.185,0.14,292754.286
0.0,0.661,1.0,0.772,0.111,0.661,432.571
0.0,0.641,0.163,1.0,2.202,0.641,0.0
0.024,0.0,1.0,0.823,0.843,-0.02,295900.429
0.562,0.0,0.574,1.0,83.333,-46.833,295549.714
1.0,0.091,0.03,1.0,-0.937,1.028,1898.286
0.098,0.0,0.0,0.823,-8.398,0.823,292754.286
1.0,0.557,0.0,0.618,-0.061,0.618,4580.429
0.0,0.256,0.617,1.0,1.206,0.256,181105.0
0.047,0.0,1.0,0.636,0.667,-0.031,296432.714
0.18,0.0,0.042,1.0,-7.246,1.304,185420.0
1.0,0.888,0.328,1.0,-0.167,1.055,0.286
0.79,0.0,0.0,0.713,-0.903,0.713,45820.286
1.0,0.381,0.0,0.823,-0.442,0.823,1211.429
0.0,0.053,0.737,1.0,1.285,0.053,275173.714
0.221,0.0,1.0,0.78,1.001,-0.221,296372.714
0.542,0.0,0.812,1.0,3.704,-2.007,296296.857
1.0,0.63,0.901,1.0,-3.737,4.367,0.0
0.358,0.0,0.0,0.734,-2.05,0.734,170790.0
0.0,0.056,1.0,0.265,0.209,0.056,292754.286
0.0,0.883,0.773,1.0,0.151,0.883,0.714
0.92,0.0,1.0,0.72,9.0,-8.28,296465.429
0.194,0.0,0.838,1.0,1.553,-0.301,294497.857
1.0,0.48,0.101,1.0,-0.578,1.058,44.714
0.058,0.0,0.0,0.078,-1.345,0.078,292754.286
1.0,0.1,0.0,0.141,-0.041,0.141,292754.286
0.0,0.016,0.839,1.0,1.173,0.016,284330.571
0.491,0.0,1.0,0.526,1.033,-0.507,296465.286
0.801,0.0,0.531,1.0,-3.704,2.967,239.857
1.0,0.8,0.342,1.0,-0.304,1.104,0.286
0.955,0.0,0.0,0.908,-0.951,0.908,7534.286
1.0,0.269,0.0,0.731,-0.462,0.731,6820.143
0.0,0.197,0.641,1.0,1.253,0.197,219827.143
0.184,0.0,1.0,0.192,0.235,-0.043,296465.571
0.671,0.0,0.132,1.0,-1.855,1.245,8389.571
1.0,0.141,0.094,1.0,-0.948,1.089,951.143
0.237,0.0,0.0,0.418,-1.764,0.418,292754.286
1.0,0.634,0.0,0.726,-0.092,0.726,419.429
0.0,0.777,0.129,1.0,1.729,0.777,0.0
0.876,0.0,1.0,0.663,5.347,-4.684,296465.429
0.514,0.0,0.856,1.0,2.924,-1.503,296318.857
1.0,0.783,0.925,1.0,-2.893,3.676,0.0
0.558,0.0,0.0,0.744,-1.333,0.744,81370.714
1.0,0.144,0.0,0.791,-0.647,0.791,7670.286
0.0,0.579,0.556,1.0,0.757,0.579,74.571
0.92,0.0,1.0,0.882,11.025,-10.143,296465.429
0.741,0.0,0.306,1.0,-2.299,1.703,2019.571
1.0,0.208,0.753,1.0,-3.206,3.414,2.714
0.742,0.0,0.0,0.136,-0.183,0.136,292754.286
0.0,0.482,1.0,0.757,0.275,0.482,33311.571
0.0,0.096,0.972,1.0,0.93,0.096,285801.571
0.762,0.0,1.0,0.412,1.731,-1.319,296465.571
0.259,0.0,0.34,1.0,12.346,-3.198,271060.714
1.0,0.798,0.702,1.0,-0.678,1.476,0.0
0.703,0.0,0.0,0.829,-1.179,0.829,30285.857
0.0,0.239,1.0,0.985,0.746,0.239,270791.429
0.0,0.462,0.004,1.0,134.5,0.462,0.0
0.957,0.0,1.0,0.88,20.465,-19.585,296465.429
0.547,0.0,0.262,1.0,-3.509,1.919,7704.857
1.0,0.134,0.973,1.0,-32.074,32.208,0.143
0.336,0.0,0.0,0.664,-1.976,0.664,232764.0
0.0,0.021,1.0,0.961,0.94,0.021,290320.429
0.0,0.948,0.992,1.0,0.052,0.948,0.286
0.559,0.0,1.0,0.052,0.118,-0.066,296465.571
0.378,0.0,0.735,1.0,2.801,-1.059,295373.714
1.0,0.228,0.047,1.0,-0.81,1.038,687.571
0.366,0.0,0.0,0.692,-1.891,0.692,185082.0
1.0,0.268,0.0,0.78,-0.512,0.78,4329.0
0.0,0.096,0.244,1.0,3.705,0.096,21902.286
0.137,0.0,1.0,0.319,0.37,-0.051,296465.571
0.076,0.0,0.98,1.0,1.106,-0.084,294666.429
1.0,0.479,0.741,1.0,-2.012,2.491,0.857
0.703,0.0,0.0,0.724,-1.03,0.724,55170.571
1.0,0.368,0.0,0.451,-0.083,0.451,218738.0
0.0,0.589,0.104,1.0,3.952,0.589,0.0
0.017,0.0,1.0,0.056,0.057,-0.001,296465.571
0.695,0.0,0.31,1.0,-2.597,1.805,2549.571
1.0,0.662,0.043,1.0,-0.353,1.015,5.0
0.854,0.0,0.0,0.248,-0.29,0.248,292754.286
1.0,0.291,0.0,0.683,-0.392,0.683,10067.429
0.0,0.666,0.092,1.0,3.63,0.666,0.0
0.562,0.0,1.0,0.284,0.648,-0.364,296465.571
0.685,0.0,0.202,1.0,-2.07,1.418,5174.0
1.0,0.323,0.313,1.0,-0.985,1.308,58.857
0.939,0.0,0.0,0.073,-0.078,0.073,292754.286
0.0,0.776,1.0,0.81,0.034,0.776,46.857
0.0,0.431,0.244,1.0,2.332,0.431,1.571
0.389,0.0,1.0,0.326,0.534,-0.208,296465.571
0.161,0.0,0.189,1.0,35.714,-5.75,173280.571
1.0,0.791,0.891,1.0,-1.917,2.708,0.0
0.64,0.0,0.0,0.16,-0.25,0.16,292754.286
0.0,0.499,1.0,0.699,0.2,0.499,26470.0
0.0,0.511,0.965,1.0,0.507,0.511,3031.429
0.41,0.0,1.0,0.523,0.886,-0.363,296465.143
0.426,0.0,0.471,1.0,22.222,-9.467,292137.0
1.0,0.261,0.03,1.0,-0.762,1.023,576.429
0.482,0.0,0.0,0.077,-0.16,0.077,292754.286
1.0,0.05,0.0,0.327,-0.277,0.327,292754.286
0.0,0.882,0.3,1.0,0.393,0.882,0.0
0.804,0.0,1.0,0.711,3.628,-2.917,296465.143
0.43,0.0,0.68,1.0,4.0,-1.72,295342.0
1.0,0.021,0.692,1.0,-3.179,3.2,9.429
0.717,0.0,0.0,0.613,-0.855,0.613,126073.571
0.0,0.71,1.0,0.91,0.2,0.71,81.143
0.0,0.89,0.001,1.0,110.0,0.89,0.0
0.304,0.0,1.0,0.722,1.037,-0.315,296437.0
0.33,0.0,0.19,1.0,-7.143,2.357,38201.143
1.0,0.704,0.9,1.0,-2.96,3.664,0.0
0.166,0.0,0.0,0.75,-4.518,0.75,292754.286
0.0,0.337,1.0,0.564,0.227,0.337,290369.286
0.0,0.071,0.282,1.0,3.294,0.071,129148.857
0.664,0.0,1.0,0.296,0.881,-0.585,296465.571
0.834,0.0,0.837,1.0,333.333,-278.0,296457.0
1.0,0.501,0.287,1.0,-0.7,1.201,10.0
0.306,0.0,0.0,0.067,-0.219,0.067,292754.286
0.0,0.291,1.0,0.548,0.257,0.291,292403.857
0.0,0.897,0.712,1.0,0.145,0.897,0.429
0.855,0.0,1.0,0.17,1.172,-1.002,296465.571
0.947,0.0,0.934,1.0,-76.923,72.846,0.571
1.0,0.236,0.928,1.0,-10.611,10.847,0.286
0.489,0.0,0.0,0.145,-0.297,0.145,292754.286
1.0,0.163,0.0,0.368,-0.205,0.368,292754.286
0.0,0.229,0.1,1.0,7.71,0.229,0.0
0.799,0.0,1.0,0.529,2.632,-2.103,296465.429
0.886,0.0,0.341,1.0,-1.835,1.626,629.429
1.0,0.919,0.925,1.0,-1.08,1.999,0.0
0.433,0.0,0.0,0.75,-1.732,0.75,132734.429
0.0,0.205,1.0,0.963,0.758,0.205,279143.571
0.0,0.573,0.913,1.0,0.468,0.573,435.571
0.171,0.0,1.0,0.326,0.393,-0.067,296465.571
0.123,0.0,0.357,1.0,4.274,-0.526,246323.286
1.0,0.079,0.437,1.0,-1.636,1.715,105.714
0.61,0.0,0.0,0.36,-0.59,0.36,292754.286
0.0,0.093,1.0,0.145,0.052,0.093,292754.286
0.0,0.391,0.605,1.0,1.007,0.391,28525.143
0.028,0.0,1.0,0.683,0.703,-0.02,296380.286
0.195,0.0,0.053,1.0,-7.042,1.373,154438.714
1.0,0.391,0.271,1.0,-0.835,1.226,42.714
0.689,0.0,0.0,0.096,-0.139,0.096,292754.286
1.0,0.759,0.0,0.991,-0.232,0.991,2.0
0.0,0.535,0.048,1.0,9.688,0.535,0.0
0.027,0.0,1.0,0.573,0.589,-0.016,296455.429
0.828,0.0,0.16,1.0,-1.497,1.24,3186.857
1.0,0.215,0.526,1.0,-1.656,1.871,21.0
0.87,0.0,0.0,0.392,-0.451,0.392,292754.286
0.0,0.217,1.0,0.839,0.622,0.217,285750.143
0.0,0.587,0.343,1.0,1.204,0.587,3.429
0.713,0.0,1.0,0.647,2.254,-1.607,296465.0
0.816,0.0,0.001,1.0,-1.227,1.001,8502.286
1.0,0.926,0.27,1.0,-0.101,1.027,0.286
0.3,0.0,0.0,0.953,-3.177,0.953,137339.714
0.0,0.103,1.0,0.749,0.646,0.103,292007.857
0.0,0.484,0.428,1.0,1.206,0.484,113.857
0.986,0.0,1.0,0.683,48.786,-48.103,296465.429
0.405,0.0,0.712,1.0,3.257,-1.319,295409.571
1.0,0.828,0.643,1.0,-0.482,1.31,0.0
0.227,0.0,0.0,0.587,-2.586,0.587,292754.286
0.0,0.578,1.0,0.737,0.159,0.578,2800.143
0.0,0.124,0.754,1.0,1.162,0.124,268453.857
0.935,0.0,1.0,0.11,1.692,-1.582,296465.571
0.676,0.0,0.222,1.0,-2.203,1.489,4815.571
1.0,0.533,0.748,1.0,-1.853,2.386,0.571
0.464,0.0,0.0,0.255,-0.55,0.255,292754.286
0.0,0.64,1.0,0.929,0.289,0.64,225.571
0.0,0.823,0.787,1.0,0.225,0.823,2.0
0.53,0.0,1.0,0.179,0.381,-0.202,296465.571
0.008,0.0,0.156,1.0,6.757,-0.054,3711.286
1.0,0.293,0.881,1.0,-5.941,6.234,0.429
0.686,0.0,0.0,0.757,-1.103,0.757,47626.0
0.0,0.365,1.0,0.54,0.175,0.365,288803.286
0.0,0.322,0.719,1.0,0.943,0.322,153984.429
0.219,0.0,1.0,0.333,0.426,-0.093,296465.571
0.743,0.0,0.042,1.0,-1.427,1.06,9683.286
1.0,0.978,0.151,1.0,-0.026,1.004,0.286
0.574,0.0,0.0,0.935,-1.629,0.935,33863.286
0.0,0.488,1.0,0.9,0.412,0.488,12316.143
0.0,0.261,0.974,1.0,0.759,0.261,259297.714
0.647,0.0,1.0,0.637,1.805,-1.168,296464.857
0.598,0.0,0.091,1.0,-1.972,1.179,15848.714
1.0,0.197,0.934,1.0,-12.167,12.364,0.143
0.47,0.0,0.0,0.578,-1.23,0.578,241528.0
0.0,0.3,1.0,0.954,0.654,0.3,243477.571
0.0,0.213,0.423,1.0,1.861,0.213,150728.857
0.851,0.0,1.0,0.444,2.98,-2.536,296465.571
0.99,0.0,0.196,1.0,-1.259,1.247,1037.0
1.0,0.531,0.602,1.0,-1.178,1.709,1.571
0.846,0.0,0.0,0.943,-1.115,0.943,9702.714
1.0,0.076,0.0,0.609,-0.533,0.609,61795.857
0.0,0.088,0.996,1.0,0.916,0.088,287115.571
0.5,0.0,1.0,0.995,1.99,-0.995,296423.143
0.99,0.0,0.073,1.0,-1.091,1.08,2413.714
1.0,0.351,0.9,1.0,-6.49,6.841,0.429
0.467,0.0,0.0,0.323,-0.692,0.323,292754.286
0.0,0.578,1.0,0.818,0.24,0.578,1608.571
0.0,0.002,0.138,1.0,7.232,0.002,0.0
0.372,0.0,1.0,0.126,0.201,-0.075,296465.571
0.435,0.0,0.036,1.0,-2.506,1.09,47969.0
1.0,0.858,0.552,1.0,-0.317,1.175,0.286
0.995,0.0,0.0,0.039,-0.039,0.039,292754.286
0.0,0.693,1.0,0.893,0.2,0.693,117.571
0.0,0.315,0.92,1.0,0.745,0.315,204814.429
0.514,0.0,1.0,0.848,1.745,-0.897,296450.571
0.083,0.0,0.647,1.0,1.773,-0.147,282842.714
1.0,0.686,0.296,1.0,-0.446,1.132,0.857
0.028,0.0,0.0,0.074,-2.643,0.074,292754.286
0.0,0.099,1.0,0.887,0.788,0.099,290041.0
0.0,0.235,0.21,1.0,3.643,0.235,2.571
0.416,0.0,1.0,0.277,0.474,-0.197,296465.571
0.262,0.0,0.92,1.0,1.52,-0.398,295807.429
1.0,0.956,0.183,1.0,-0.054,1.01,0.286
0.021,0.0,0.0,0.961,-45.762,0.961,292754.286
0.0,0.284,1.0,0.634,0.35,0.284,290729.714
0.0,0.758,0.154,1.0,1.571,0.758,0.0
0.193,0.0,1.0,0.119,0.147,-0.028,296465.571
0.242,0.0,0.396,1.0,6.494,-1.571,275937.0
1.0,0.666,0.355,1.0,-0.518,1.184,1.0
0.428,0.0,0.0,0.745,-1.741,0.745,137171.286
1.0,0.242,0.0,0.303,-0.061,0.303,292754.286
0.0,0.294,0.776,1.0,0.91,0.294,194237.714
0.875,0.0,1.0,0.758,6.064,-5.306,296465.429
0.898,0.0,0.575,1.0,-3.096,2.78,88.143
1.0,0.467,0.973,1.0,-19.741,20.208,0.143
0.48,0.0,0.0,0.598,-1.246,0.598,208849.571
0.0,0.36,1.0,0.835,0.475,0.36,216946.571
0.0,0.429,0.973,1.0,0.587,0.429,43062.857
0.579,0.0,1.0,0.582,1.382,-0.8,296464.857
0.953,0.0,0.586,1.0,-2.725,2.597,44.0
1.0,0.863,0.009,1.0,-0.138,1.001,0.429
0.565,0.0,0.0,0.348,-0.616,0.348,292754.286
0.0,0.127,1.0,0.525,0.398,0.127,292744.143
0.0,0.432,0.999,1.0,0.569,0.432,42748.714
0.829,0.0,1.0,0.029,0.17,-0.141,296465.571
0.184,0.0,0.088,1.0,-10.417,1.917,142075.286
1.0,0.803,0.227,1.0,-0.255,1.058,0.286
0.598,0.0,0.0,0.043,-0.072,0.043,292754.286
1.0,0.185,0.0,0.583,-0.398,0.583,58296.714
0.0,0.115,0.71,1.0,1.246,0.115,264634.429
0.797,0.0,1.0,0.207,1.02,-0.813,296465.571
0.745,0.0,0.578,1.0,-5.988,4.461,241.714
1.0,0.766,0.259,1.0,-0.316,1.082,0.429
0.138,0.0,0.0,0.639,-4.63,0.639,292754.286
1.0,0.427,0.0,0.913,-0.486,0.913,298.286
0.0,0.585,0.902,1.0,0.46,0.585,330.857
0.761,0.0,1.0,0.011,0.046,-0.035,296465.571
0.992,0.0,0.692,1.0,-3.333,3.307,10.857
1.0,0.784,0.358,1.0,-0.336,1.12,0.286
0.08,0.0,0.0,0.348,-4.35,0.348,292754.286
1.0,0.849,0.0,0.869,-0.02,0.869,6.571
0.0,0.311,0.659,1.0,1.046,0.311,151069.286
0.687,0.0,1.0,0.045,0.144,-0.099,296465.571
0.955,0.0,0.848,1.0,-9.346,8.925,2.143
1.0,0.508,0.226,1.0,-0.636,1.144,14.571
0.811,0.0,0.0,0.618,-0.762,0.618,93770.143
0.0,0.563,1.0,0.906,0.343,0.563,1287.143
0.0,0.847,0.968,1.0,0.158,0.847,1.571
0.398,0.0,1.0,0.055,0.091,-0.036,296465.571
0.892,0.0,0.028,1.0,-1.157,1.032,5085.857
1.0,0.567,0.955,1.0,-9.622,10.189,0.0
0.882,0.0,0.0,0.854,-0.968,0.854,13702.429
1.0,0.056,0.0,0.058,-0.002,0.058,292754.286
0.0,0.664,0.318,1.0,1.057,0.664,0.571
0.665,0.0,1.0,0.365,1.09,-0.725,296465.571
0.2,0.0,0.437,1.0,4.219,-0.844,275512.571
1.0,0.571,0.94,1.0,-7.15,7.721,0.0
0.098,0.0,0.0,0.69,-7.041,0.69,292754.286
1.0,0.463,0.0,0.681,-0.218,0.681,3431.429
0.0,0.379,0.652,1.0,0.952,0.379,45212.571
0.092,0.0,1.0,0.962,1.059,-0.097,295354.857
0.175,0.0,0.685,1.0,1.961,-0.343,290812.286
1.0,0.07,0.798,1.0,-4.604,4.674,2.143
0.42,0.0,0.0,0.918,-2.186,0.918,80886.714
1.0,0.098,0.0,0.834,-0.736,0.834,6831.429
0.0,0.656,0.732,1.0,0.47,0.656,58.429
0.65,0.0,1.0,0.907,2.591,-1.684,296458.429
0.064,0.0,0.362,1.0,3.356,-0.215,211095.429
1.0,0.347,0.498,1.0,-1.301,1.648,11.429
0.219,0.0,0.0,0.512,-2.338,0.512,292754.286
1.0,0.795,0.0,0.836,-0.041,0.836,20.0
0.0,0.368,0.679,1.0,0.931,0.368,64741.286
0.479,0.0,1.0,0.358,0.687,-0.329,296465.571
0.986,0.0,0.959,1.0,-37.037,36.519,0.143
1.0,0.491,0.416,1.0,-0.872,1.363,4.571
0.39,0.0,0.0,0.28,-0.718,0.28,292754.286
1.0,0.362,0.0,0.427,-0.065,0.427,251358.571
0.0,0.819,0.582,1.0,0.311,0.819,0.857
0.075,0.0,1.0,0.603,0.652,-0.049,296448.857
0.964,0.0,0.715,1.0,-4.016,3.871,10.0
1.0,0.183,0.79,1.0,-3.89,4.073,2.0
0.043,0.0,0.0,0.545,-12.674,0.545,292754.286
1.0,0.413,0.0,0.689,-0.276,0.689,4461.286
0.0,0.528,0.425,1.0,1.111,0.528,54.714
0.635,0.0,1.0,0.36,0.986,-0.626,296465.571
0.148,0.0,0.874,1.0,1.377,-0.204,294327.571
1.0,0.514,0.862,1.0,-3.522,4.036,0.0
0.313,0.0,0.0,0.828,-2.645,0.828,153393.857
1.0,0.993,0.0,0.998,-0.005,0.998,0.143
0.0,0.682,0.682,1.0,0.466,0.682,27.857
0.38,0.0,1.0,0.801,1.292,-0.491,296429.571
0.094,0.0,0.643,1.0,1.821,-0.171,283370.143
1.0,0.188,0.439,1.0,-1.447,1.635,56.714
0.125,0.0,0.0,0.479,-3.832,0.479,292754.286
1.0,0.042,0.0,0.558,-0.516,0.558,127136.429
0.0,0.638,0.754,1.0,0.48,0.638,78.857
0.869,0.0,1.0,0.786,6.0,-5.214,296465.429
0.372,0.0,0.542,1.0,5.882,-2.188,292561.714
1.0,0.362,0.681,1.0,-2.0,2.362,2.143
0.524,0.0,0.0,0.857,-1.635,0.857,56725.143
1.0,0.038,0.0,0.716,-0.678,0.716,22675.857
0.0,0.621,0.77,1.0,0.492,0.621,107.286
0.585,0.0,1.0,0.823,1.983,-1.16,296458.286
0.992,0.0,0.917,1.0,-13.333,13.227,0.429
1.0,0.503,0.288,1.0,-0.698,1.201,9.714
0.968,0.0,0.0,0.877,-0.906,0.877,8657.571
0.0,0.389,1.0,0.965,0.576,0.389,114533.857
0.0,0.602,0.728,1.0,0.547,0.602,132.571
0.937,0.0,1.0,0.778,12.349,-11.571,296465.429
0.292,0.0,0.09,1.0,-4.95,1.446,91192.0
1.0,0.186,0.657,1.0,-2.373,2.559,8.0
0.357,0.0,0.0,0.433,-1.213,0.433,292754.286
0.0,0.338,1.0,0.376,0.038,0.338,292754.286
0.0,0.885,0.78,1.0,0.147,0.885,0.571
0.602,0.0,1.0,0.677,1.701,-1.024,296463.143
0.952,0.0,0.776,1.0,-5.682,5.409,5.857
1.0,0.504,0.882,1.0,-4.203,4.707,0.0
0.94,0.0,0.0,0.636,-0.677,0.636,64964.143
1.0,0.196,0.0,0.546,-0.35,0.546,97999.143
0.0,0.819,0.415,1.0,0.436,0.819,0.143
0.312,0.0,1.0,0.9,1.308,-0.408,296335.571
0.831,0.0,0.964,1.0,7.519,-6.248,296463.857
1.0,0.319,0.382,1.0,-1.102,1.421,37.0
0.762,0.0,0.0,0.866,-1.136,0.866,20327.571
1.0,0.008,0.0,0.233,-0.225,0.233,292754.286
0.0,0.838,0.705,1.0,0.23,0.838,1.286
0.962,0.0,1.0,0.581,15.289,-14.708,296465.429
0.282,0.0,0.033,1.0,-4.016,1.133,129647.286
1.0,0.111,0.507,1.0,-1.803,1.914,44.429
0.881,0.0,0.0,0.231,-0.262,0.231,292754.286
0.0,0.65,1.0,0.884,0.234,0.65,249.714
0.0,0.466,0.106,1.0,5.038,0.466,0.0
0.909,0.0,1.0,0.848,9.319,-8.471,296465.429
0.191,0.0,0.734,1.0,1.842,-0.352,292689.571
1.0,0.034,0.016,1.0,-0.982,1.016,2776.143
0.489,0.0,0.0,0.55,-1.125,0.55,254144.286
0.0,0.225,1.0,0.535,0.31,0.225,292709.143
0.0,0.427,0.413,1.0,1.387,0.427,362.0
0.951,0.0,1.0,0.286,5.837,-5.551,296465.571
0.423,0.0,0.691,1.0,3.731,-1.578,295378.286
1.0,0.417,0.245,1.0,-0.772,1.189,39.0
0.733,0.0,0.0,0.94,-1.282,0.94,16356.429
0.0,0.46,1.0,0.668,0.208,0.46,73437.571
0.0,0.364,0.163,1.0,3.902,0.364,0.0
0.686,0.0,1.0,0.172,0.548,-0.376,296465.571
0.256,0.0,0.788,1.0,1.88,-0.481,294681.286
1.0,0.575,0.717,1.0,-1.502,2.077,0.429
0.182,0.0,0.0,0.369,-2.027,0.369,292754.286
0.0,0.26,1.0,0.987,0.727,0.26,264318.571
0.0,0.239,0.541,1.0,1.407,0.239,170253.429
0.135,0.0,1.0,0.972,1.124,-0.152,295609.0
0.151,0.0,0.994,1.0,1.186,-0.179,295529.143
1.0,0.601,0.22,1.0,-0.512,1.113,3.857
0.178,0.0,0.0,0.637,-3.579,0.637,292754.286
1.0,0.69,0.0,0.938,-0.248,0.938,10.143
0.0,0.36,0.035,1.0,18.286,0.36,0.0
0.736,0.0,1.0,0.438,1.659,-1.221,296465.571
0.963,0.0,0.725,1.0,-4.202,4.046,9.0
1.0,0.943,0.396,1.0,-0.094,1.037,0.286
0.993,0.0,0.0,0.34,-0.342,0.34,292754.286
1.0,0.423,0.0,0.743,-0.32,0.743,2093.0
0.0,0.365,0.054,1.0,11.759,0.365,0.0
0.865,0.0,1.0,0.106,0.785,-0.679,296465.571
0.32,0.0,0.809,1.0,2.045,-0.654,295493.571
1.0,0.189,0.842,1.0,-5.133,5.322,0.857
0.805,0.0,0.0,0.769,-0.955,0.769,30064.429
0.0,0.348,1.0,0.9,0.552,0.348,212052.0
0.0,0.23,0.864,1.0,0.891,0.23,258180.571
0.946,0.0,1.0,0.697,12.907,-12.21,296465.429
0.754,0.0,0.616,1.0,-7.246,5.464,172.143
1.0,0.797,0.877,1.0,-1.65,2.447,0.0
0.937,0.0,0.0,0.234,-0.25,0.234,292754.286
1.0,0.275,0.0,0.828,-0.553,0.828,2639.429
0.0,0.474,0.071,1.0,7.408,0.474,0.0
0.766,0.0,1.0,0.355,1.517,-1.162,296465.571
0.856,0.0,0.332,1.0,-1.908,1.634,803.571
1.0,0.85,0.704,1.0,-0.507,1.357,0.0
0.791,0.0,0.0,0.374,-0.473,0.374,292754.286
1.0,0.329,0.0,0.544,-0.215,0.544,60833.857
0.0,0.652,0.174,1.0,2.0,0.652,0.0
0.893,0.0,1.0,0.418,3.907,-3.489,296465.571
0.854,0.0,0.998,1.0,6.944,-5.931,296464.857
1.0,0.682,0.538,1.0,-0.688,1.37,0.571
0.295,0.0,0.0,0.709,-2.403,0.709,233147.286
1.0,0.436,0.0,0.712,-0.276,0.712,2792.143
0.0,0.168,0.959,1.0,0.868,0.168,279183.286
0.958,0.0,1.0,0.923,21.976,-21.053,296465.429
0.815,0.0,0.427,1.0,-2.577,2.101,489.0
1.0,0.911,0.706,1.0,-0.303,1.214,0.0
0.762,0.0,0.0,0.324,-0.425,0.324,292754.286
1.0,0.253,0.0,0.683,-0.43,0.683,12262.143
0.0,0.423,0.769,1.0,0.75,0.423,28297.143
0.003,0.0,1.0,0.602,0.604,-0.002,296442.571
0.874,0.0,0.994,1.0,8.333,-7.283,296464.857
1.0,0.891,0.713,1.0,-0.38,1.271,0.0
0.301,0.0,0.0,0.698,-2.319,0.698,236047.286
1.0,0.182,0.0,0.344,-0.162,0.344,292754.286
0.0,0.743,0.695,1.0,0.37,0.743,10.571
0.875,0.0,1.0,0.519,4.152,-3.633,296465.429
0.169,0.0,0.593,1.0,2.358,-0.399,285206.286
1.0,0.028,0.646,1.0,-2.746,2.774,13.857
0.807,0.0,0.0,0.288,-0.357,0.288,292754.286
1.0,0.129,0.0,0.377,-0.248,0.377,292754.286
0.0,0.599,0.868,1.0,0.462,0.599,225.143
0.595,0.0,1.0,0.972,2.4,-1.428,296452.571
0.534,0.0,0.162,1.0,-2.688,1.435,15238.571
1.0,0.949,0.983,1.0,-3.0,3.949,0.0
0.855,0.0,0.0,0.731,-0.855,0.731,33899.286
0.0,0.911,1.0,0.997,0.086,0.911,0.571
0.0,0.811,0.8,1.0,0.236,0.811,3.143
0.058,0.0,1.0,0.448,0.476,-0.028,296465.571
0.954,0.0,0.53,1.0,-2.358,2.25,86.143
1.0,0.391,0.326,1.0,-0.904,1.295,29.429
0.787,0.0,0.0,0.791,-1.005,0.791,27806.857
0.0,0.015,1.0,0.729,0.714,0.015,292524.143
0.0,0.593,0.171,1.0,2.38,0.593,0.0
0.218,0.0,1.0,0.74,0.946,-0.206,296406.857
0.055,0.0,0.132,1.0,12.987,-0.714,3711.286
1.0,0.644,0.371,1.0,-0.566,1.21,1.429
0.4,0.0,0.0,0.469,-1.172,0.469,292754.286
1.0,0.032,0.0,0.812,-0.78,0.812,10649.429
0.0,0.123,0.534,1.0,1.642,0.123,213762.714
0.719,0.0,1.0,0.812,2.89,-2.078,296463.429
0.11,0.0,0.21,1.0,10.0,-1.1,167214.429
1.0,0.233,0.906,1.0,-8.16,8.393,0.429
0.477,0.0,0.0,0.811,-1.7,0.811,84909.571
1.0,0.123,0.0,0.991,-0.868,0.991,1997.286
0.0,0.751,0.521,1.0,0.478,0.751,2.714
0.177,0.0,1.0,0.418,0.508,-0.09,296465.571
0.871,0.0,0.433,1.0,-2.283,1.989,336.143
1.0,0.528,0.603,1.0,-1.189,1.717,1.571
0.157,0.0,0.0,0.858,-5.465,0.858,292754.286
1.0,0.181,0.0,0.182,-0.001,0.182,292754.286
0.0,0.057,0.804,1.0,1.173,0.057,280055.0
0.408,0.0,1.0,0.179,0.302,-0.123,296465.571
0.017,0.0,0.451,1.0,2.304,-0.039,236229.714
1.0,0.175,0.926,1.0,-11.149,11.324,0.429
0.356,0.0,0.0,0.164,-0.461,0.164,292754.286
0.0,0.209,1.0,0.357,0.148,0.209,292754.286
0.0,0.555,0.933,1.0,0.477,0.555,727.857
0.603,0.0,1.0,0.509,1.282,-0.773,296465.429
0.252,0.0,0.685,1.0,2.309,-0.582,292999.857
1.0,0.85,0.084,1.0,-0.164,1.014,0.286
0.751,0.0,0.0,0.508,-0.676,0.508,249804.857
1.0,0.057,0.0,0.446,-0.389,0.446,292754.286
0.0,0.011,0.212,1.0,4.665,0.011,9686.857
0.774,0.0,1.0,0.991,4.385,-3.394,296463.143
0.043,0.0,0.568,1.0,1.905,-0.082,269756.714
1.0,0.519,0.09,1.0,-0.529,1.048,29.429
0.864,0.0,0.0,0.519,-0.601,0.519,226470.714
1.0,0.027,0.0,0.038,-0.011,0.038,292754.286
0.0,0.807,0.899,1.0,0.215,0.807,5.429
0.505,0.0,1.0,0.093,0.188,-0.095,296465.571
0.071,0.0,0.078,1.0,142.857,-10.143,3711.286
1.0,0.331,0.06,1.0,-0.712,1.043,261.571
0.294,0.0,0.0,0.86,-2.925,0.86,154771.714
0.0,0.495,1.0,0.652,0.157,0.495,39045.143
0.0,0.205,0.734,1.0,1.083,0.205,245649.286
0.19,0.0,1.0,0.621,0.767,-0.146,296453.429
0.258,0.0,0.21,1.0,-20.833,5.375,50425.286
1.0,0.069,0.91,1.0,-10.344,10.413,0.429
0.675,0.0,0.0,0.688,-1.019,0.688,77693.857
1.0,0.849,0.0,0.873,-0.024,0.873,5.857
0.0,0.678,0.895,1.0,0.36,0.678,65.857
0.969,0.0,1.0,0.534,17.226,-16.692,296465.429
0.584,0.0,0.465,1.0,-8.403,4.908,1779.714
1.0,0.81,0.76,1.0,-0.792,1.602,0.0
0.617,0.0,0.0,0.453,-0.734,0.453,292754.286
1.0,0.328,0.0,0.521,-0.193,0.521,93592.429
0.0,0.227,0.216,1.0,3.579,0.227,5.0
0.92,0.0,1.0,0.326,4.075,-3.749,296465.571
0.219,0.0,0.462,1.0,4.115,-0.901,279969.429
1.0,0.542,0.834,1.0,-2.759,3.301,0.0
0.684,0.0,0.0,0.82,-1.199,0.82,34045.0
1.0,0.465,0.0,0.88,-0.415,0.88,285.857
0.0,0.944,0.274,1.0,0.204,0.944,0.0
0.609,0.0,1.0,0.34,0.87,-0.53,296465.571
0.815,0.0,0.42,1.0,-2.532,2.063,525.286
1.0,0.073,0.927,1.0,-12.699,12.772,0.429
0.94,0.0,0.0,0.982,-1.045,0.982,5247.286
1.0,0.027,0.0,0.7,-0.673,0.7,27446.429
0.0,0.973,0.949,1.0,0.028,0.973,0.143
0.82,0.0,1.0,0.934,5.189,-4.255,296464.286
0.694,0.0,0.008,1.0,-1.458,1.012,14900.143
1.0,0.911,0.229,1.0,-0.115,1.026,0.286
0.215,0.0,0.0,0.656,-3.051,0.656,292754.286
1.0,0.569,0.0,0.923,-0.354,0.923,52.714
0.0,0.616,0.854,1.0,0.45,0.616,165.0
0.267,0.0,1.0,0.166,0.226,-0.06,296465.571
0.279,0.0,0.243,1.0,-27.778,7.75,38168.429
1.0,0.268,0.318,1.0,-1.073,1.341,90.571
0.835,0.0,0.0,0.61,-0.731,0.61,96559.714
1.0,0.471,0.0,0.906,-0.435,0.906,201.714
0.0,0.659,0.251,1.0,1.359,0.659,0.143
0.478,0.0,1.0,0.76,1.456,-0.696,296454.429
0.157,0.0,0.751,1.0,1.684,-0.264,292213.143
1.0,0.824,0.513,1.0,-0.361,1.185,0.286
0.345,0.0,0.0,0.016,-0.046,0.016,292754.286
1.0,0.2,0.0,0.674,-0.474,0.674,17640.571
0.0,0.296,0.07,1.0,10.057,0.296,0.0
0.464,0.0,1.0,0.33,0.616,-0.286,296465.571
0.247,0.0,0.84,1.0,1.686,-0.417,295130.714
1.0,0.838,0.025,1.0,-0.166,1.004,0.429
0.354,0.0,0.0,0.488,-1.379,0.488,292754.286
0.0,0.851,1.0,1.0,0.149,0.851,1.571
0.0,0.949,0.28,1.0,0.182,0.949,0.0
0.611,0.0,1.0,0.822,2.113,-1.291,296458.714
0.466,0.0,0.027,1.0,-2.278,1.062,42420.429
1.0,0.404,0.065,1.0,-0.637,1.041,124.429
0.411,0.0,0.0,0.138,-0.336,0.138,292754.286
0.0,0.464,1.0,0.504,0.04,0.464,115332.429
0.0,0.645,0.497,1.0,0.714,0.645,19.143
0.9,0.0,1.0,0.892,8.92,-8.028,296465.429
0.597,0.0,0.954,1.0,2.801,-1.672,296442.429
1.0,0.808,0.178,1.0,-0.234,1.042,0.286
0.138,0.0,0.0,0.497,-3.601,0.497,292754.286
1.0,0.124,0.0,0.204,-0.08,0.204,292754.286
0.0,0.968,0.173,1.0,0.185,0.968,0.0
0.179,0.0,1.0,0.837,1.019,-0.182,296255.571
0.734,0.0,0.326,1.0,-2.451,1.799,1835.143
1.0,0.375,0.393,1.0,-1.03,1.405,20.143
0.289,0.0,0.0,0.765,-2.647,0.765,195177.714
0.0,0.462,1.0,0.712,0.25,0.462,61479.571
0.0,0.901,0.28,1.0,0.354,0.901,0.0
0.748,0.0,1.0,0.628,2.492,-1.864,296465.143
0.505,0.0,0.63,1.0,8.0,-4.04,295558.857
1.0,0.535,0.324,1.0,-0.688,1.223,4.857
0.596,0.0,0.0,0.601,-1.008,0.601,174362.857
0.0,0.501,1.0,0.915,0.414,0.501,8604.286
0.0,0.829,0.591,1.0,0.289,0.829,0.571
0.797,0.0,1.0,0.664,3.271,-2.607,296465.143
0.428,0.0,0.872,1.0,2.252,-0.964,296217.286
1.0,0.48,0.858,1.0,-3.662,4.142,0.429
0.538,0.0,0.0,0.989,-1.838,0.989,34295.714
0.0,0.659,1.0,0.713,0.054,0.659,652.714
0.0,0.739,0.108,1.0,2.417,0.739,0.0
0.224,0.0,1.0,0.892,1.149,-0.257,296229.429
0.675,0.0,0.209,1.0,-2.146,1.448,5240.571
1.0,0.994,0.401,1.0,-0.01,1.004,0.143
0.465,0.0,0.0,0.965,-2.075,0.965,53927.857
1.0,0.07,0.0,0.685,-0.615,0.685,27115.0
0.0,0.631,0.869,1.0,0.425,0.631,129.571
0.706,0.0,1.0,0.519,1.765,-1.246,296465.429
0.586,0.0,0.969,1.0,2.611,-1.53,296444.143
1.0,0.753,0.044,1.0,-0.258,1.011,1.429
0.464,0.0,0.0,0.114,-0.246,0.114,292754.286
0.0,0.604,1.0,0.686,0.082,0.604,2365.857
0.0,0.045,0.446,1.0,2.141,0.045,193943.429
0.107,0.0,1.0,0.923,1.034,-0.111,295712.857
0.268,0.0,0.322,1.0,18.519,-4.963,269811.286
1.0,0.777,0.985,1.0,-14.867,15.644,0.0
0.921,0.0,0.0,0.768,-0.834,0.768,21186.571
0.0,0.15,1.0,0.849,0.699,0.15,289409.143
0.0,0.722,0.837,1.0,0.332,0.722,23.857
0.504,0.0,1.0,0.573,1.155,-0.582,296464.857
0.742,0.0,0.908,1.0,6.024,-4.47,296456.286
1.0,0.78,0.028,1.0,-0.226,1.006,1.286
0.994,0.0,0.0,0.817,-0.822,0.817,11910.714
1.0,0.344,0.0,0.66,-0.316,0.66,9830.571
0.0,0.694,0.667,1.0,0.459,0.694,23.143
0.816,0.0,1.0,0.456,2.478,-2.022,296465.571
0.614,0.0,0.134,1.0,-2.083,1.279,11381.857
1.0,0.602,0.168,1.0,-0.478,1.08,5.571
0.539,0.0,0.0,0.804,-1.492,0.804,66863.286
1.0,0.005,0.0,0.87,-0.865,0.87,7921.714
0.0,0.971,0.702,1.0,0.041,0.971,0.143
0.433,0.0,1.0,0.049,0.086,-0.037,296465.571
0.32,0.0,0.493,1.0,5.78,-1.85,289148.429
1.0,0.308,0.133,1.0,-0.798,1.106,209.714
0.237,0.0,0.0,0.437,-1.844,0.437,292754.286
1.0,0.534,0.0,0.723,-0.189,0.723,1074.571
0.0,0.042,0.75,1.0,1.277,0.042,277253.714
0.553,0.0,1.0,0.537,1.201,-0.664,296465.286
0.073,0.0,0.435,1.0,2.762,-0.202,252463.286
1.0,0.632,0.504,1.0,-0.742,1.374,0.857
0.537,0.0,0.0,0.804,-1.497,0.804,67446.857
1.0,0.359,0.0,0.593,-0.234,0.593,24002.143
0.0,0.365,0.639,1.0,0.994,0.365,56882.429
0.38,0.0,1.0,0.015,0.024,-0.009,296465.571
0.546,0.0,0.178,1.0,-2.717,1.484,12965.857
1.0,0.271,0.498,1.0,-1.452,1.723,19.571
0.142,0.0,0.0,0.212,-1.493,0.212,292754.286
0.0,0.793,1.0,0.951,0.158,0.793,12.0
0.0,0.67,0.134,1.0,2.463,0.67,0.0
0.062,0.0,1.0,0.278,0.296,-0.018,296465.571
0.537,0.0,0.089,1.0,-2.232,1.199,21450.429
1.0,0.341,0.139,1.0,-0.765,1.106,152.857
0.065,0.0,0.0,0.339,-5.215,0.339,292754.286
0.0,0.473,1.0,0.604,0.131,0.473,74908.714
0.0,0.234,0.326,1.0,2.35,0.234,31109.286
0.431,0.0,1.0,0.956,1.68,-0.724,296399.0
0.372,0.0,0.408,1.0,27.778,-10.333,287156.0
1.0,0.061,0.441,1.0,-1.68,1.741,110.0
0.19,0.0,0.0,0.648,-3.411,0.648,292754.286
0.0,0.078,1.0,0.205,0.127,0.078,292754.286
0.0,0.71,0.79,1.0,0.367,0.71,25.429
0.358,0.0,1.0,0.487,0.759,-0.272,296465.571
0.192,0.0,0.865,1.0,1.486,-0.285,294782.571
1.0,0.306,0.569,1.0,-1.61,1.916,9.0
