0.176,0.399,0.484,0.426,0.079863285
0.407,0.253,0.423,0.429,0.000552702
0.266,0.287,0.596,0.465,0.049897386
0.253,0.194,0.563,0.63,0.131551291
0.141,0.314,0.591,0.406,0.0
0.274,0.36,0.494,0.578,0.094846956
0.13,0.158,0.628,0.618,0.490013054
0.199,0.28,0.549,0.454,0.106056642
0.303,0.357,0.481,0.465,0.027373451
0.293,0.117,0.329,0.599,0.028392601
0.378,0.201,0.478,0.573,0.022841968
0.371,0.382,0.497,0.394,0.0
0.341,0.194,0.575,0.664,0.050791251
0.26,0.167,0.538,0.581,0.113494267
0.35,0.242,0.461,0.508,0.023609583
0.292,0.35,0.574,0.518,0.061381736
0.301,0.339,0.529,0.457,0.025598251
0.214,0.181,0.491,0.523,0.164024346
0.223,0.379,0.605,0.437,0.031033717
0.312,0.248,0.356,0.572,0.022712828
0.276,0.283,0.548,0.561,0.091893108
0.351,0.254,0.45,0.622,0.033666159
0.214,0.266,0.673,0.464,0.094394483
0.209,0.306,0.611,0.48,0.12675719
0.411,0.302,0.443,0.435,0.000867843
0.322,0.391,0.575,0.489,0.031657735
0.245,0.175,0.523,0.6,0.136808466
0.219,0.212,0.581,0.562,0.1813152
0.336,0.331,0.51,0.445,0.010705652
0.305,0.427,0.499,0.461,0.014770686
0.172,0.168,0.654,0.644,0.41313783
0.153,0.257,0.601,0.585,0.427069103
0.308,0.319,0.519,0.491,0.036887926
0.142,0.279,0.636,0.581,0.445627269
0.277,0.133,0.554,0.603,0.099785617
0.176,0.319,0.661,0.519,0.340138267
0.102,0.329,0.514,0.521,0.728310539
0.332,0.19,0.424,0.595,0.036669158
0.376,0.301,0.466,0.497,0.014330741
0.317,0.122,0.491,0.566,0.051366119
0.369,0.279,0.475,0.507,0.018896437
0.228,0.377,0.578,0.447,0.048313969
0.263,0.361,0.505,0.455,0.040398331
0.254,0.152,0.524,0.55,0.109640291
0.329,0.364,0.582,0.452,0.01626303
0.192,0.18,0.65,0.628,0.354126882
0.343,0.251,0.487,0.526,0.031183096
0.063,0.277,0.549,0.599,0.967694635
0.335,0.191,0.431,0.574,0.034774455
0.373,0.318,0.599,0.548,0.02893181
0.329,0.385,0.517,0.545,0.04238748
0.128,0.349,0.524,0.557,0.458300868
0.31,0.206,0.526,0.612,0.065301247
0.258,0.327,0.641,0.453,0.041980302
0.357,0.275,0.445,0.473,0.013815143
0.27,0.253,0.553,0.547,0.093683246
0.236,0.274,0.606,0.586,0.152622396
0.235,0.239,0.581,0.513,0.115934445
0.346,0.228,0.47,0.664,0.039859121
0.271,0.405,0.533,0.491,0.06319404
0.371,0.248,0.391,0.546,0.008453403
0.202,0.21,0.573,0.61,0.273115308
0.312,0.321,0.53,0.443,0.013307255
0.205,0.135,0.557,0.555,0.230610733
0.374,0.219,0.392,0.501,0.00593709
0.258,0.213,0.592,0.641,0.127196654
0.197,0.332,0.623,0.508,0.235705519
0.309,0.205,0.553,0.623,0.068607822
0.146,0.369,0.638,0.46,0.217970383
0.358,0.144,0.38,0.594,0.009579045
0.31,0.324,0.37,0.466,0.013289907
0.298,0.378,0.505,0.444,0.01669912
0.392,0.356,0.398,0.42,0.000351763
0.182,0.247,0.634,0.547,0.360438384
0.279,0.256,0.552,0.466,0.042008251
0.441,0.124,0.494,0.47,0.002653645
0.268,0.302,0.5,0.608,0.107109522
0.347,0.191,0.513,0.563,0.037355819
0.078,0.356,0.53,0.536,0.896145975
0.397,0.298,0.512,0.372,0.0
0.345,0.23,0.411,0.668,0.028956386
0.143,0.226,0.599,0.471,0.259627353
0.22,0.256,0.491,0.466,0.085828805
0.412,0.266,0.431,0.472,0.001647023
0.237,0.229,0.485,0.587,0.144280786
0.291,0.238,0.399,0.502,0.04155915
0.272,0.355,0.508,0.443,0.024025917
0.234,0.419,0.603,0.477,0.056581853
0.341,0.215,0.498,0.536,0.034445821
0.211,0.229,0.542,0.431,0.036946714
0.388,0.26,0.544,0.51,0.016005231
0.202,0.22,0.579,0.504,0.192689202
0.354,0.344,0.504,0.5,0.023395152
0.224,0.251,0.654,0.445,0.046214473
0.165,0.109,0.619,0.575,0.40219269
0.212,0.204,0.614,0.592,0.217510682
0.238,0.246,0.569,0.53,0.123240521
0.312,0.186,0.5,0.644,0.063551586
0.229,0.124,0.565,0.622,0.173362939
0.298,0.414,0.406,0.47,0.026774007
0.212,0.147,0.652,0.617,0.223798572
0.112,0.168,0.595,0.594,0.629950286
0.373,0.257,0.409,0.555,0.013578546
0.134,0.088,0.616,0.574,0.458676724
0.221,0.28,0.593,0.582,0.184928243
0.231,0.398,0.513,0.462,0.068819362
0.347,0.269,0.509,0.415,0.0
0.119,0.364,0.521,0.382,0.0
0.317,0.218,0.495,0.5,0.0350443
0.294,0.254,0.458,0.564,0.066144033
0.145,0.27,0.579,0.564,0.426563624
0.269,0.131,0.551,0.619,0.110823276
0.413,0.366,0.527,0.422,0.002042637
0.329,0.288,0.393,0.496,0.018277237
0.414,0.315,0.494,0.405,0.0
0.316,0.195,0.53,0.569,0.055179137
0.374,0.405,0.474,0.497,0.015487224
0.258,0.237,0.358,0.621,0.08335827
0.261,0.286,0.537,0.62,0.118927324
0.357,0.258,0.439,0.536,0.023199514
0.345,0.201,0.561,0.621,0.046401919
0.244,0.309,0.458,0.609,0.133602119
0.319,0.256,0.543,0.508,0.039047174
0.378,0.385,0.386,0.525,0.003198155
0.403,0.264,0.527,0.478,0.007855405
0.261,0.38,0.595,0.415,0.0
0.27,0.261,0.516,0.591,0.103656941
0.216,0.413,0.596,0.443,0.047915465
0.196,0.249,0.574,0.504,0.234148123
0.332,0.244,0.436,0.462,0.015565286
0.185,0.126,0.587,0.568,0.36942666
0.165,0.362,0.643,0.449,0.151691909
0.418,0.14,0.452,0.638,0.006681094
0.261,0.416,0.633,0.462,0.05027758
0.45,0.346,0.528,0.466,0.002862293
0.267,0.262,0.505,0.464,0.047107855
0.16,0.377,0.618,0.403,0.0
0.426,0.304,0.43,0.594,0.000811465
0.128,0.246,0.57,0.524,0.418222497
0.254,0.332,0.52,0.542,0.10590389
0.243,0.277,0.521,0.407,0.0
0.272,0.267,0.454,0.457,0.037225233
0.373,0.282,0.377,0.546,0.001650396
0.343,0.236,0.521,0.59,0.04270985
0.296,0.363,0.46,0.485,0.038173548
0.223,0.199,0.511,0.575,0.173407753
0.407,0.365,0.439,0.456,0.002086968
0.31,0.38,0.358,0.504,0.017358315
0.288,0.287,0.66,0.623,0.091704216
0.137,0.165,0.563,0.641,0.472424406
0.319,0.346,0.621,0.44,0.010747092
0.373,0.329,0.524,0.555,0.027054936
0.204,0.451,0.638,0.502,0.094696132
0.294,0.235,0.526,0.585,0.076201573
0.274,0.288,0.434,0.412,0.0
0.359,0.163,0.491,0.647,0.036076943
0.384,0.327,0.532,0.495,0.014475302
0.399,0.352,0.441,0.434,0.001360794
0.25,0.164,0.66,0.578,0.128377229
0.243,0.287,0.567,0.613,0.144922152
0.342,0.279,0.432,0.504,0.022255053
0.27,0.181,0.552,0.615,0.109351652
0.268,0.196,0.444,0.536,0.083770749
0.232,0.362,0.528,0.412,0.0
0.153,0.284,0.593,0.446,0.135975799
0.213,0.248,0.579,0.574,0.206221007
0.36,0.231,0.396,0.541,0.014038248
0.247,0.327,0.629,0.507,0.095680587
0.164,0.169,0.634,0.609,0.417006745
0.288,0.316,0.566,0.461,0.0337076
0.185,0.304,0.633,0.482,0.245062424
0.34,0.267,0.47,0.599,0.040128003
0.254,0.29,0.552,0.49,0.074913059
0.37,0.116,0.424,0.582,0.01948046
0.165,0.258,0.604,0.582,0.405367716
0.403,0.253,0.447,0.497,0.005360777
0.379,0.276,0.507,0.628,0.028045174
0.306,0.269,0.374,0.619,0.03752881
0.221,0.404,0.655,0.46,0.077927141
0.179,0.351,0.527,0.466,0.220819184
0.331,0.144,0.427,0.584,0.037010802
0.35,0.298,0.447,0.58,0.031319464
0.308,0.301,0.498,0.539,0.052452248
0.316,0.252,0.596,0.526,0.047702961
0.403,0.2,0.425,0.564,0.005217662
0.334,0.138,0.434,0.614,0.038644333
0.413,0.294,0.449,0.448,0.001594018
0.266,0.327,0.414,0.453,0.033922995
0.388,0.222,0.494,0.552,0.018106656
0.236,0.196,0.528,0.684,0.160749092
0.294,0.344,0.542,0.491,0.045480588
0.257,0.374,0.601,0.556,0.111656906
0.363,0.281,0.437,0.475,0.01226353
0.187,0.399,0.679,0.433,0.072031973
0.304,0.239,0.442,0.507,0.040672514
0.28,0.335,0.358,0.545,0.049615012
0.302,0.266,0.634,0.506,0.049240601
0.361,0.209,0.379,0.647,0.008171992
0.309,0.232,0.487,0.514,0.043919337
0.237,0.2,0.508,0.692,0.157435771
0.347,0.394,0.537,0.46,0.015814893
0.194,0.248,0.598,0.476,0.191480678
0.369,0.2,0.411,0.569,0.016383979
0.15,0.238,0.592,0.56,0.41512457
0.305,0.38,0.514,0.448,0.018168335
0.348,0.36,0.416,0.482,0.014795262
0.366,0.148,0.646,0.564,0.034572552
0.336,0.28,0.412,0.33,0.0
0.398,0.277,0.402,0.601,0.001407535
0.404,0.137,0.416,0.601,0.00355811
0.251,0.208,0.511,0.624,0.130488773
0.221,0.392,0.588,0.436,0.031812897
0.31,0.282,0.598,0.484,0.035047192
0.295,0.215,0.562,0.615,0.081191793
0.172,0.308,0.632,0.438,0.086765556
0.279,0.338,0.412,0.518,0.061722898
0.378,0.246,0.42,0.624,0.015940179
0.331,0.231,0.435,0.489,0.02229553
0.336,0.208,0.613,0.52,0.036976589
0.23,0.239,0.684,0.597,0.168364045
0.314,0.301,0.424,0.579,0.046545516
0.306,0.372,0.568,0.4,0.0
0.336,0.327,0.416,0.539,0.027645706
0.266,0.321,0.59,0.451,0.035835527
0.246,0.401,0.514,0.441,0.027878448
0.285,0.172,0.531,0.62,0.090622905
0.344,0.335,0.466,0.462,0.015020776
0.392,0.367,0.498,0.481,0.009218608
0.374,0.334,0.436,0.436,0.003071424
0.356,0.358,0.483,0.497,0.021053276
0.334,0.359,0.418,0.481,0.018036303
0.268,0.386,0.669,0.388,0.0
0.219,0.382,0.609,0.482,0.108604757
0.185,0.448,0.513,0.468,0.084195274
0.133,0.28,0.627,0.494,0.326330352
0.314,0.192,0.609,0.588,0.062916966
0.323,0.291,0.379,0.516,0.019467931
0.154,0.252,0.588,0.561,0.409140257
0.238,0.308,0.514,0.584,0.144174775
0.314,0.273,0.538,0.473,0.028159377
0.312,0.328,0.456,0.448,0.014987045
0.354,0.354,0.404,0.432,0.003663157
0.411,0.22,0.535,0.572,0.014501322
0.237,0.231,0.505,0.569,0.140415726
0.365,0.327,0.435,0.513,0.017487938
0.194,0.212,0.58,0.61,0.335577872
0.245,0.254,0.555,0.506,0.096011148
0.263,0.228,0.551,0.599,0.114419935
0.337,0.291,0.397,0.595,0.026389959
0.255,0.314,0.403,0.528,0.085768572
0.343,0.257,0.525,0.499,0.026907003
0.333,0.306,0.339,0.406,0.0
0.38,0.147,0.46,0.643,0.022616454
0.351,0.372,0.485,0.382,0.0
0.189,0.268,0.621,0.51,0.293363864
0.374,0.34,0.442,0.44,0.003747002
0.32,0.307,0.554,0.455,0.018991364
0.435,0.304,0.447,0.478,0.000899165
0.268,0.086,0.578,0.528,0.088748922
0.292,0.321,0.446,0.499,0.045987513
0.3,0.381,0.344,0.469,0.013195943
0.192,0.28,0.601,0.54,0.312359084
0.424,0.207,0.436,0.599,0.002338503
0.357,0.313,0.381,0.495,0.006972624
0.298,0.334,0.404,0.478,0.029438735
0.171,0.354,0.594,0.406,0.0
0.347,0.341,0.471,0.533,0.029623772
0.312,0.328,0.462,0.548,0.048407934
0.174,0.36,0.666,0.44,0.096262201
0.18,0.254,0.586,0.616,0.397720477
0.147,0.212,0.635,0.588,0.439561038
0.296,0.254,0.588,0.51,0.054796052
0.356,0.164,0.442,0.638,0.030554259
0.258,0.19,0.47,0.572,0.108104097
0.363,0.244,0.512,0.542,0.028432114
0.132,0.375,0.562,0.405,0.0
0.383,0.221,0.406,0.625,0.009465325
0.256,0.276,0.54,0.486,0.070117995
0.364,0.224,0.458,0.506,0.018898364
0.348,0.145,0.434,0.543,0.026403933
0.441,0.323,0.461,0.411,0.0
0.267,0.167,0.465,0.567,0.096802375
0.178,0.249,0.6,0.555,0.373953805
0.297,0.216,0.571,0.636,0.081251063
0.376,0.221,0.572,0.595,0.031951193
0.3,0.418,0.406,0.422,0.00917765
0.317,0.297,0.487,0.459,0.020276987
0.217,0.346,0.638,0.494,0.126843926
0.309,0.124,0.503,0.56,0.056962529
0.352,0.311,0.439,0.54,0.025410804
0.302,0.251,0.422,0.585,0.056534148
0.297,0.235,0.529,0.568,0.070143534
0.281,0.305,0.479,0.395,0.0
0.211,0.229,0.593,0.537,0.189919909
0.249,0.362,0.683,0.376,0.0
0.291,0.383,0.397,0.391,0.0
0.368,0.188,0.41,0.565,0.016371932
0.402,0.389,0.424,0.42,0.000810501
0.25,0.188,0.6,0.64,0.138159141
0.279,0.283,0.543,0.542,0.08177148
0.242,0.266,0.58,0.506,0.100201951
0.351,0.212,0.409,0.592,0.023973393
0.281,0.279,0.489,0.563,0.082732324
0.286,0.181,0.446,0.457,0.029089381
0.313,0.235,0.501,0.527,0.046164358
0.226,0.367,0.684,0.409,0.0
0.182,0.267,0.67,0.567,0.377264235
0.298,0.368,0.544,0.4,0.0
0.295,0.267,0.573,0.54,0.06651218
0.318,0.349,0.428,0.451,0.013980424
0.225,0.293,0.619,0.447,0.050606695
0.306,0.27,0.422,0.48,0.028169978
0.289,0.361,0.309,0.513,0.014394348
0.403,0.353,0.469,0.389,0.0
0.41,0.305,0.54,0.467,0.006079241
0.173,0.252,0.649,0.528,0.353423838
0.27,0.348,0.466,0.496,0.064008878
0.255,0.347,0.471,0.465,0.052722094
0.304,0.409,0.536,0.412,0.0
0.321,0.39,0.457,0.472,0.022530682
0.141,0.249,0.597,0.705,0.468732818
0.26,0.407,0.482,0.477,0.059812775
0.335,0.265,0.486,0.508,0.029947105
0.172,0.3,0.65,0.536,0.362645337
0.198,0.248,0.627,0.524,0.252365126
0.154,0.343,0.494,0.501,0.31436558
0.315,0.321,0.547,0.334,0.0
0.375,0.248,0.381,0.592,0.002901806
0.068,0.22,0.54,0.504,0.764591793
0.385,0.247,0.469,0.482,0.009667709
0.175,0.372,0.465,0.489,0.268141471
0.198,0.237,0.58,0.593,0.298815714
0.426,0.265,0.458,0.393,0.0
0.232,0.219,0.52,0.611,0.162008694
0.228,0.242,0.542,0.474,0.086475953
0.355,0.173,0.459,0.591,0.031664
0.366,0.46,0.468,0.49,0.005431129
0.385,0.294,0.511,0.558,0.02122723
0.236,0.196,0.516,0.527,0.122034888
0.355,0.346,0.397,0.368,0.0
0.345,0.338,0.462,0.46,0.013994398
0.329,0.347,0.471,0.506,0.030422227
0.168,0.231,0.65,0.459,0.20249087
0.216,0.261,0.566,0.445,0.051819556
0.209,0.244,0.501,0.552,0.205037058
0.263,0.249,0.511,0.663,0.117962625
0.394,0.305,0.554,0.373,0.0
0.229,0.386,0.647,0.462,0.07255769
0.188,0.307,0.54,0.523,0.317034645
0.279,0.374,0.506,0.516,0.069751294
0.161,0.355,0.521,0.466,0.23035968
0.371,0.318,0.443,0.506,0.015467467
0.184,0.271,0.576,0.567,0.371126206
0.316,0.182,0.524,0.57,0.055151188
0.32,0.237,0.54,0.627,0.059713992
0.319,0.192,0.499,0.502,0.034920461
0.34,0.399,0.46,0.414,0.0
0.286,0.219,0.49,0.529,0.067265821
0.303,0.231,0.426,0.559,0.052755343
0.203,0.297,0.632,0.477,0.141884459
0.319,0.322,0.485,0.49,0.030172138
0.271,0.424,0.567,0.496,0.049097004
0.155,0.261,0.52,0.665,0.436688625
0.144,0.216,0.578,0.67,0.460686594
0.375,0.248,0.521,0.528,0.022580796
0.208,0.339,0.62,0.471,0.117011419
0.394,0.21,0.454,0.646,0.015042942
0.407,0.368,0.469,0.402,0.0
0.129,0.357,0.581,0.391,0.0
0.173,0.214,0.643,0.5,0.300113383
0.242,0.41,0.566,0.452,0.04794004
0.177,0.278,0.377,0.561,0.350897406
0.229,0.326,0.623,0.344,0.0
0.387,0.237,0.423,0.497,0.006916727
0.307,0.32,0.419,0.451,0.016094859
0.188,0.191,0.605,0.589,0.36860893
0.191,0.259,0.561,0.479,0.214056655
0.404,0.213,0.502,0.569,0.014266171
0.43,0.136,0.554,0.631,0.0134841
0.127,0.183,0.593,0.606,0.496443576
0.253,0.318,0.617,0.53,0.104684765
0.2,0.268,0.616,0.464,0.131806681
0.316,0.26,0.484,0.56,0.050402865
0.319,0.228,0.452,0.544,0.042132572
0.37,0.313,0.46,0.479,0.012921279
0.277,0.372,0.587,0.544,0.086613767
0.302,0.201,0.584,0.635,0.076960514
0.193,0.317,0.537,0.474,0.193534397
0.399,0.322,0.479,0.55,0.012627821
0.25,0.242,0.462,0.694,0.130301808
0.346,0.126,0.444,0.624,0.03497973
0.156,0.182,0.554,0.604,0.427148611
0.205,0.289,0.701,0.487,0.147538211
0.376,0.261,0.528,0.599,0.029823265
0.245,0.263,0.411,0.575,0.116811926
0.18,0.219,0.6,0.627,0.400135598
0.184,0.411,0.554,0.481,0.244888951
0.353,0.314,0.524,0.504,0.025469592
0.221,0.196,0.603,0.69,0.199904687
0.181,0.332,0.599,0.508,0.313484245
0.149,0.231,0.589,0.681,0.451983584
0.174,0.288,0.607,0.458,0.196349468
0.252,0.383,0.582,0.471,0.062412933
0.153,0.194,0.649,0.53,0.378516127
0.144,0.384,0.59,0.476,0.270186998
0.361,0.254,0.393,0.52,0.011504588
0.346,0.275,0.476,0.457,0.013683593
0.315,0.161,0.525,0.557,0.053400082
0.172,0.286,0.648,0.476,0.250013131
0.409,0.28,0.428,0.524,0.003240078
0.17,0.388,0.588,0.456,0.185703568
0.165,0.336,0.611,0.444,0.122384242
0.331,0.353,0.549,0.459,0.018376983
0.392,0.186,0.478,0.618,0.018552383
0.189,0.159,0.569,0.626,0.370800946
0.08,0.366,0.546,0.484,0.675324863
0.13,0.289,0.613,0.493,0.330087473
0.294,0.382,0.484,0.402,0.0
0.392,0.366,0.49,0.446,0.004107921
0.343,0.419,0.444,0.463,0.008629284
0.29,0.203,0.505,0.585,0.078768963
0.298,0.393,0.49,0.504,0.047248078
0.193,0.289,0.563,0.545,0.309121898
0.326,0.35,0.522,0.424,0.008093448
0.292,0.19,0.647,0.57,0.079066757
0.188,0.364,0.586,0.482,0.234872852
0.216,0.318,0.488,0.51,0.145869504
0.38,0.149,0.492,0.469,0.010275826
0.308,0.177,0.49,0.67,0.066828767
0.345,0.477,0.497,0.487,0.002191534
0.2,0.167,0.674,0.587,0.283505336
0.243,0.22,0.577,0.47,0.067885021
0.249,0.308,0.483,0.514,0.094625779
0.246,0.229,0.486,0.591,0.13019387
0.33,0.26,0.396,0.584,0.029108656
0.239,0.286,0.643,0.514,0.111694492
0.363,0.27,0.559,0.564,0.033653149
0.343,0.216,0.435,0.581,0.032457635
0.341,0.309,0.472,0.526,0.030726767
0.169,0.339,0.579,0.564,0.38909553
0.223,0.391,0.519,0.399,0.0
0.284,0.286,0.498,0.452,0.028005179
0.356,0.352,0.449,0.43,0.004820603
0.202,0.367,0.582,0.395,0.0
0.29,0.227,0.478,0.671,0.0829429
0.304,0.418,0.366,0.422,0.005688928
0.209,0.196,0.587,0.6,0.231412079
0.339,0.229,0.401,0.633,0.028094325
0.293,0.259,0.451,0.473,0.034390888
0.324,0.396,0.475,0.409,0.0
0.242,0.275,0.532,0.471,0.068634325
0.362,0.22,0.408,0.574,0.018419388
0.187,0.232,0.641,0.608,0.379138218
0.338,0.291,0.502,0.397,0.0
0.278,0.32,0.614,0.514,0.073240015
0.159,0.299,0.549,0.583,0.413314675
0.136,0.393,0.564,0.427,0.090501957
0.298,0.1,0.364,0.57,0.037264264
0.287,0.197,0.493,0.65,0.087258024
0.359,0.206,0.369,0.7,0.004414871
0.347,0.145,0.459,0.542,0.029745203
0.264,0.289,0.548,0.481,0.061712297
0.178,0.104,0.558,0.572,0.384531762
0.21,0.389,0.624,0.491,0.138374535
0.314,0.298,0.406,0.514,0.031992633
0.276,0.165,0.551,0.591,0.098910546
0.363,0.297,0.553,0.552,0.031796031
0.391,0.346,0.439,0.376,0.0
0.21,0.35,0.522,0.554,0.203860337
0.326,0.333,0.502,0.482,0.025984708
0.211,0.329,0.593,0.439,0.041404952
0.296,0.299,0.508,0.553,0.066157525
0.43,0.362,0.444,0.565,0.002141901
0.311,0.323,0.475,0.429,0.009191624
0.301,0.301,0.407,0.447,0.015051133
0.324,0.196,0.42,0.628,0.042296889
0.28,0.221,0.516,0.58,0.08984758
0.212,0.357,0.583,0.449,0.06646833
0.308,0.387,0.578,0.533,0.05433635
0.229,0.382,0.535,0.438,0.029844949
0.205,0.255,0.515,0.553,0.226576056
0.426,0.057,0.444,0.54,0.002505229
0.313,0.308,0.455,0.604,0.054943022
0.338,0.44,0.488,0.455,0.006514849
0.3,0.327,0.544,0.499,0.045772118
0.233,0.254,0.578,0.56,0.147970446
0.121,0.334,0.529,0.438,0.104426002
0.292,0.348,0.558,0.402,0.0
0.196,0.395,0.666,0.42,0.05222818
0.257,0.333,0.485,0.391,0.0
0.269,0.21,0.549,0.598,0.107863163
0.232,0.244,0.56,0.65,0.169002038
0.117,0.187,0.509,0.605,0.557603171
0.348,0.175,0.452,0.615,0.034959974
0.316,0.201,0.428,0.635,0.04993449
0.173,0.24,0.652,0.508,0.322076907
0.269,0.195,0.647,0.609,0.112437532
0.431,0.371,0.527,0.451,0.002768329
0.272,0.153,0.554,0.603,0.105607541
0.374,0.191,0.384,0.675,0.005065874
0.348,0.345,0.45,0.475,0.016266403
0.256,0.374,0.574,0.606,0.125154017
0.358,0.349,0.542,0.464,0.015228461
0.351,0.429,0.567,0.435,0.0
0.244,0.291,0.522,0.539,0.117558339
0.198,0.353,0.591,0.475,0.163750163
0.175,0.24,0.577,0.497,0.289175472
0.232,0.311,0.568,0.469,0.076860286
0.372,0.377,0.45,0.459,0.008636512
0.294,0.223,0.36,0.687,0.044188219
0.345,0.106,0.448,0.556,0.031149365
0.259,0.33,0.455,0.443,0.02650368
0.319,0.281,0.539,0.536,0.046756092
0.235,0.201,0.627,0.536,0.132468767
0.186,0.267,0.678,0.524,0.329321304
0.166,0.153,0.654,0.643,0.420737363
0.342,0.334,0.54,0.612,0.046127736
0.397,0.169,0.419,0.639,0.007001536
0.212,0.354,0.54,0.514,0.164351534
0.35,0.316,0.458,0.392,0.0
0.214,0.12,0.701,0.592,0.210500472
0.403,0.338,0.417,0.512,0.002626178
0.373,0.298,0.413,0.626,0.016666353
0.313,0.215,0.513,0.53,0.0477285
0.209,0.418,0.593,0.476,0.121208485
0.322,0.166,0.434,0.612,0.045813077
0.179,0.175,0.585,0.656,0.404437711
0.425,0.373,0.551,0.577,0.0125035
0.211,0.168,0.564,0.61,0.224027941
0.255,0.445,0.615,0.462,0.021139048
0.323,0.191,0.368,0.663,0.022784144
0.323,0.224,0.391,0.568,0.030057935
0.307,0.252,0.489,0.602,0.063656633
0.249,0.232,0.571,0.493,0.081853879
0.293,0.27,0.439,0.551,0.061735909
0.378,0.194,0.409,0.544,0.01087045
0.201,0.377,0.595,0.429,0.044803082
0.412,0.295,0.423,0.443,0.000470785
0.336,0.277,0.394,0.513,0.019112313
0.359,0.244,0.499,0.52,0.025809309
0.384,0.282,0.456,0.372,0.0
0.113,0.335,0.603,0.506,0.456398936
0.368,0.202,0.428,0.611,0.022189038
0.385,0.173,0.531,0.643,0.027234673
0.221,0.294,0.569,0.46,0.077419734
0.275,0.259,0.467,0.485,0.053973986
0.279,0.168,0.611,0.626,0.101975705
0.356,0.272,0.378,0.466,0.004585934
0.26,0.22,0.568,0.578,0.114223815
0.208,0.386,0.55,0.5,0.157263262
0.182,0.186,0.657,0.628,0.397109951
0.407,0.337,0.415,0.409,0.0
0.335,0.169,0.383,0.655,0.02254321
0.182,0.354,0.545,0.408,0.0
0.288,0.363,0.41,0.395,0.0
0.17,0.376,0.644,0.426,0.082263949
0.134,0.309,0.634,0.591,0.468819073
0.284,0.291,0.426,0.489,0.045382769
0.188,0.187,0.622,0.626,0.377901264
0.391,0.34,0.457,0.478,0.007045868
0.188,0.246,0.654,0.56,0.354466117
0.356,0.415,0.436,0.445,0.006874805
0.262,0.31,0.548,0.488,0.068009824
0.285,0.221,0.547,0.605,0.089905405
0.288,0.345,0.444,0.379,0.0
0.151,0.235,0.557,0.635,0.442942303
0.312,0.186,0.462,0.557,0.05032673
0.368,0.318,0.473,0.546,0.024190715
0.27,0.311,0.61,0.516,0.081643303
0.212,0.32,0.594,0.486,0.126775983
0.359,0.128,0.385,0.61,0.011813947
0.375,0.161,0.461,0.608,0.024332385
0.272,0.309,0.582,0.585,0.103717656
0.162,0.201,0.61,0.647,0.427084523
0.353,0.245,0.458,0.609,0.033409324
0.321,0.248,0.643,0.574,0.056316826
0.254,0.377,0.566,0.447,0.035572427
0.378,0.256,0.421,0.482,0.008044297
0.439,0.267,0.441,0.403,0.0
0.2,0.323,0.608,0.515,0.225972758
0.234,0.348,0.61,0.412,0.0
0.165,0.179,0.654,0.613,0.416873267
0.288,0.24,0.61,0.567,0.081923268
0.169,0.428,0.651,0.46,0.123240039
0.278,0.234,0.44,0.606,0.087947577
0.227,0.335,0.597,0.393,0.0
0.252,0.158,0.448,0.592,0.117261026
0.281,0.195,0.607,0.637,0.10031278
0.291,0.317,0.463,0.507,0.051720291
0.257,0.359,0.537,0.407,0.0
0.296,0.321,0.558,0.471,0.035377753
0.269,0.309,0.499,0.407,0.0
0.109,0.271,0.583,0.341,0.0
0.332,0.174,0.402,0.618,0.03169773
0.307,0.233,0.619,0.561,0.063417145
0.307,0.202,0.412,0.654,0.053799068
0.299,0.327,0.495,0.493,0.041945126
0.185,0.259,0.677,0.561,0.366191883
0.409,0.191,0.443,0.681,0.008103085
0.186,0.252,0.646,0.45,0.141663763
0.204,0.203,0.653,0.635,0.265884403
0.206,0.274,0.558,0.612,0.248234558
0.306,0.322,0.484,0.597,0.063414735
0.28,0.179,0.516,0.571,0.087896499
0.367,0.345,0.445,0.405,0.0
0.349,0.401,0.457,0.421,0.005465342
0.261,0.164,0.593,0.588,0.116350778
0.193,0.234,0.651,0.528,0.294846571
0.17,0.342,0.562,0.53,0.357021943
0.217,0.286,0.632,0.474,0.103451666
0.175,0.228,0.638,0.644,0.409460699
0.326,0.176,0.485,0.621,0.05096135
0.166,0.293,0.616,0.439,0.092829859
0.303,0.307,0.382,0.497,0.026974946
0.248,0.387,0.616,0.395,0.0
0.32,0.376,0.441,0.4,0.0
0.197,0.238,0.598,0.481,0.179381947
0.225,0.293,0.559,0.509,0.128675505
0.36,0.229,0.418,0.419,0.003720499
0.319,0.359,0.397,0.425,0.006096107
0.272,0.213,0.551,0.643,0.109477419
0.197,0.257,0.481,0.505,0.224067936
0.205,0.22,0.665,0.684,0.263712626
0.269,0.367,0.422,0.419,0.016690929
0.356,0.258,0.422,0.52,0.019424082
0.358,0.221,0.472,0.617,0.033381857
0.261,0.307,0.615,0.417,0.0
0.295,0.17,0.543,0.628,0.08126311
0.392,0.352,0.454,0.398,0.0
0.274,0.189,0.53,0.665,0.107036278
0.218,0.343,0.64,0.453,0.069148477
0.277,0.294,0.567,0.482,0.053922908
0.325,0.253,0.486,0.415,0.0
0.274,0.349,0.486,0.549,0.08656558
0.259,0.304,0.517,0.47,0.056239245
0.198,0.354,0.534,0.508,0.226502812
0.227,0.235,0.505,0.549,0.15134641
0.272,0.23,0.448,0.568,0.089792166
0.412,0.258,0.42,0.612,0.002004569
0.379,0.222,0.419,0.64,0.015413498
0.224,0.324,0.522,0.463,0.077933405
0.216,0.307,0.704,0.519,0.160277344
0.227,0.323,0.564,0.521,0.13576715
0.252,0.208,0.55,0.598,0.127657319
0.382,0.222,0.554,0.602,0.028551135
0.445,0.4,0.529,0.41,0.0
0.11,0.428,0.574,0.452,0.12114006
0.335,0.302,0.459,0.428,0.006448352
0.242,0.125,0.598,0.621,0.148957311
0.306,0.26,0.574,0.508,0.047096772
0.243,0.355,0.603,0.435,0.024312146
0.384,0.402,0.498,0.434,0.003308985
0.243,0.235,0.564,0.577,0.136669206
0.26,0.324,0.508,0.578,0.11089411
0.189,0.158,0.643,0.604,0.36814441
0.227,0.315,0.621,0.409,0.0
0.2,0.379,0.68,0.475,0.152792013
0.338,0.206,0.457,0.503,0.02558524
0.294,0.12,0.582,0.592,0.080138913
0.225,0.159,0.484,0.605,0.173947926
0.378,0.237,0.444,0.685,0.021524542
0.151,0.174,0.533,0.454,0.184073891
0.196,0.199,0.64,0.537,0.281274289
0.334,0.141,0.444,0.619,0.040667213
0.189,0.379,0.583,0.465,0.19563534
0.374,0.157,0.506,0.605,0.029490777
0.272,0.283,0.59,0.551,0.0944711
0.236,0.35,0.554,0.498,0.099640093
0.206,0.339,0.58,0.435,0.040664804
0.334,0.27,0.5,0.432,0.007201993
0.357,0.268,0.397,0.582,0.017250377
0.305,0.419,0.531,0.483,0.024984833
0.283,0.304,0.51,0.612,0.090811316
0.391,0.222,0.393,0.692,0.000857242
0.297,0.145,0.347,0.629,0.034334991
0.237,0.252,0.489,0.54,0.126262794
0.174,0.296,0.594,0.528,0.351924266
0.18,0.265,0.557,0.553,0.367737232
0.236,0.311,0.607,0.421,0.026266119
0.165,0.359,0.552,0.441,0.102566957
0.337,0.289,0.541,0.561,0.04279514
0.175,0.308,0.629,0.372,0.0
0.217,0.149,0.641,0.585,0.198328498
0.307,0.209,0.515,0.521,0.048977983
0.409,0.358,0.457,0.416,0.0
0.149,0.231,0.625,0.531,0.385334553
0.298,0.224,0.638,0.58,0.075337584
0.167,0.222,0.607,0.54,0.370533509
0.364,0.368,0.588,0.422,0.005730851
0.144,0.315,0.544,0.537,0.398410512
0.376,0.188,0.448,0.538,0.017612741
0.212,0.361,0.618,0.445,0.055897601
0.195,0.409,0.577,0.411,0.0
0.398,0.364,0.446,0.474,0.004637012
0.255,0.244,0.617,0.522,0.098009935
0.293,0.305,0.583,0.487,0.044996793
0.284,0.207,0.61,0.516,0.068046928
0.421,0.335,0.507,0.369,0.0
0.159,0.25,0.637,0.572,0.40979656
0.285,0.292,0.445,0.458,0.030078655
0.38,0.348,0.462,0.61,0.022066643
0.29,0.402,0.53,0.438,0.014049331
0.375,0.338,0.425,0.536,0.014783697
0.287,0.405,0.569,0.503,0.058086726
0.36,0.264,0.444,0.586,0.02722889
0.282,0.314,0.54,0.434,0.01513016
0.281,0.172,0.461,0.602,0.086788203
0.206,0.344,0.528,0.526,0.200146584
0.151,0.396,0.641,0.399,0.0
0.364,0.271,0.422,0.593,0.021905699
0.322,0.332,0.396,0.367,0.0
0.18,0.241,0.619,0.673,0.405055465
0.199,0.289,0.633,0.453,0.10388631
0.287,0.395,0.513,0.457,0.03094939
0.265,0.255,0.547,0.719,0.119491591
0.217,0.416,0.547,0.42,0.033489796
0.299,0.297,0.483,0.561,0.063639286
0.361,0.355,0.365,0.419,0.000267918
0.244,0.186,0.483,0.57,0.127779713
0.379,0.166,0.477,0.615,0.024546334
0.408,0.156,0.496,0.54,0.010976461
0.21,0.289,0.586,0.455,0.083071077
0.357,0.232,0.567,0.714,0.043504449
0.133,0.361,0.611,0.453,0.192663663
0.284,0.315,0.418,0.583,0.073429389
0.421,0.23,0.481,0.512,0.005865774
0.315,0.205,0.579,0.543,0.052339009
0.265,0.3,0.603,0.488,0.066937187
0.358,0.325,0.382,0.479,0.006072495
0.34,0.191,0.466,0.559,0.035727589
0.29,0.174,0.637,0.554,0.076803907
0.34,0.368,0.536,0.438,0.007481958
0.23,0.424,0.464,0.47,0.049869438
0.273,0.378,0.547,0.382,0.0
0.299,0.188,0.499,0.54,0.059550157
0.288,0.354,0.5,0.367,0.0
0.208,0.329,0.625,0.509,0.173449675
0.342,0.366,0.448,0.444,0.008293423
0.326,0.38,0.42,0.534,0.032298137
0.252,0.269,0.546,0.577,0.12248688
0.409,0.194,0.451,0.622,0.008921778
0.34,0.224,0.528,0.602,0.045628522
0.329,0.229,0.373,0.547,0.017064376
0.347,0.195,0.439,0.576,0.030991312
0.347,0.207,0.599,0.599,0.045400116
0.213,0.367,0.631,0.449,0.065496885
0.351,0.155,0.601,0.545,0.036617598
0.22,0.196,0.674,0.62,0.198139606
0.447,0.304,0.485,0.539,0.003693033
0.366,0.249,0.49,0.553,0.027206243
0.334,0.43,0.43,0.454,0.00641173
0.313,0.338,0.429,0.4,0.0
0.153,0.43,0.609,0.544,0.308204904
0.21,0.176,0.676,0.665,0.23754529
0.335,0.357,0.379,0.364,0.0
0.177,0.367,0.567,0.427,0.080369245
0.296,0.213,0.382,0.619,0.050665965
0.265,0.337,0.565,0.515,0.084393322
0.342,0.393,0.494,0.397,0.0
0.382,0.367,0.413,0.453,0.003673276
0.419,0.433,0.427,0.497,0.00075075
0.145,0.208,0.575,0.682,0.459176903
0.236,0.263,0.6,0.563,0.144189231
0.296,0.324,0.506,0.404,0.0
0.219,0.36,0.619,0.361,0.0
0.306,0.204,0.55,0.567,0.063306797
0.117,0.271,0.559,0.447,0.174245721
0.299,0.334,0.407,0.388,0.0
0.118,0.346,0.601,0.4,0.0
0.262,0.268,0.555,0.388,0.0
0.162,0.251,0.595,0.617,0.421820602
0.226,0.367,0.579,0.413,0.0
0.245,0.199,0.583,0.671,0.147473641
0.149,0.343,0.581,0.465,0.236223527
0.354,0.287,0.424,0.514,0.019550331
0.391,0.295,0.429,0.489,0.005848427
0.234,0.394,0.54,0.432,0.026582706
0.256,0.188,0.52,0.622,0.124170525
0.257,0.188,0.603,0.594,0.122484952
0.195,0.155,0.493,0.631,0.326075444
0.194,0.178,0.604,0.522,0.280828562
0.395,0.139,0.414,0.539,0.004958899
0.184,0.274,0.645,0.508,0.307867114
0.139,0.109,0.497,0.603,0.455015976
0.206,0.464,0.566,0.481,0.025295638
0.233,0.291,0.527,0.563,0.14675373
0.336,0.177,0.416,0.626,0.03412827
0.22,0.365,0.626,0.555,0.175746256
0.334,0.198,0.598,0.56,0.046160503
0.312,0.273,0.466,0.449,0.015853925
0.317,0.239,0.449,0.599,0.050714152
0.423,0.271,0.469,0.637,0.007860224
0.326,0.197,0.518,0.606,0.052895084
0.398,0.263,0.472,0.543,0.01182503
0.353,0.433,0.369,0.536,0.004260191
0.332,0.322,0.446,0.494,0.024254322
0.268,0.36,0.536,0.4,0.0
0.165,0.368,0.628,0.452,0.170251039
0.275,0.382,0.493,0.514,0.072295554
0.363,0.211,0.417,0.641,0.022248789
0.287,0.382,0.539,0.456,0.030151417
0.34,0.403,0.373,0.505,0.009500501
0.301,0.251,0.501,0.547,0.059908185
0.244,0.362,0.629,0.472,0.069795626
0.227,0.228,0.491,0.546,0.148439303
0.203,0.284,0.611,0.448,0.076828001
0.245,0.244,0.631,0.463,0.059947216
0.23,0.172,0.668,0.522,0.131843302
0.17,0.319,0.502,0.372,0.0
0.361,0.332,0.441,0.462,0.010810699
0.194,0.379,0.528,0.491,0.215814026
0.228,0.111,0.682,0.605,0.175003698
0.3,0.144,0.502,0.616,0.072473845
0.391,0.302,0.515,0.568,0.019694891
0.24,0.202,0.622,0.664,0.156779949
0.129,0.335,0.617,0.44,0.110504761
0.207,0.201,0.473,0.594,0.231976346
0.275,0.202,0.418,0.566,0.081137824
0.38,0.211,0.446,0.596,0.019310843
0.369,0.32,0.461,0.432,0.004051061
0.393,0.255,0.526,0.526,0.015610582
0.338,0.399,0.45,0.399,0.0
0.245,0.236,0.573,0.548,0.122323527
0.243,0.281,0.549,0.487,0.081374903
0.274,0.122,0.678,0.574,0.100303625
0.3,0.181,0.596,0.569,0.070448074
0.342,0.404,0.494,0.522,0.031197552
0.314,0.24,0.581,0.39,0.0
0.299,0.324,0.493,0.422,0.011331116
0.216,0.352,0.508,0.452,0.068206426
0.387,0.318,0.447,0.487,0.008196567
0.162,0.267,0.578,0.508,0.329790643
0.327,0.314,0.375,0.588,0.021538035
0.396,0.44,0.398,0.469,0.000202866
0.311,0.134,0.483,0.602,0.059848433
0.288,0.318,0.462,0.524,0.061301264
0.179,0.347,0.661,0.409,0.0
0.253,0.24,0.559,0.588,0.124654802
0.262,0.315,0.548,0.457,0.044340008
0.378,0.327,0.438,0.493,0.010922492
0.21,0.353,0.486,0.503,0.153517706
0.204,0.236,0.486,0.66,0.259979598
0.191,0.273,0.604,0.455,0.147946353
0.168,0.16,0.612,0.639,0.416833272
0.208,0.267,0.635,0.548,0.211116781
0.214,0.23,0.535,0.494,0.131444798
0.279,0.267,0.603,0.533,0.080335033
0.251,0.113,0.581,0.595,0.130023289
0.25,0.414,0.53,0.442,0.029400186
0.268,0.222,0.528,0.52,0.08327828
0.403,0.217,0.409,0.609,0.00191205
0.225,0.309,0.577,0.533,0.148892259
0.306,0.189,0.406,0.499,0.032099126
0.38,0.316,0.56,0.544,0.024330457
0.311,0.377,0.531,0.409,0.0
0.129,0.232,0.479,0.601,0.480381967
0.174,0.165,0.66,0.534,0.359381648
0.302,0.186,0.524,0.556,0.062916484
0.253,0.235,0.547,0.593,0.125151126
0.386,0.216,0.556,0.524,0.019126769
0.405,0.214,0.441,0.634,0.008719875
0.307,0.328,0.416,0.54,0.044004146
0.169,0.266,0.565,0.582,0.399196438
0.196,0.268,0.57,0.494,0.210330855
0.302,0.227,0.556,0.617,0.074332409
0.368,0.27,0.408,0.551,0.01509932
0.184,0.317,0.538,0.57,0.371378223
0.204,0.297,0.638,0.553,0.236285688
0.244,0.205,0.642,0.574,0.13587557
0.124,0.179,0.586,0.571,0.491079427
0.265,0.228,0.591,0.486,0.065169215
0.324,0.142,0.36,0.637,0.018333615
0.218,0.231,0.632,0.499,0.13144528
0.226,0.226,0.554,0.48,0.09529172
0.276,0.151,0.544,0.649,0.104663081
0.4,0.395,0.422,0.417,0.0
0.373,0.283,0.503,0.499,0.017833437
0.31,0.355,0.424,0.477,0.02577606
0.213,0.448,0.615,0.456,0.017344823
0.187,0.297,0.523,0.439,0.08038081
0.362,0.397,0.416,0.461,0.008735777
0.334,0.342,0.446,0.446,0.009790103
0.119,0.299,0.613,0.515,0.436359992
0.228,0.425,0.488,0.427,0.0
0.281,0.238,0.461,0.518,0.065731073
0.139,0.345,0.629,0.577,0.449330421
0.228,0.369,0.548,0.463,0.0738915
0.235,0.32,0.537,0.412,0.0
0.362,0.106,0.386,0.575,0.010452189
0.24,0.211,0.504,0.633,0.148417137
0.38,0.23,0.438,0.666,0.019244827
0.317,0.308,0.497,0.5,0.035151757
0.29,0.23,0.45,0.692,0.07942093
0.402,0.245,0.442,0.567,0.008336309
0.321,0.18,0.421,0.555,0.038392316
0.119,0.192,0.619,0.596,0.538465319
0.339,0.381,0.433,0.451,0.01065361
0.182,0.273,0.556,0.479,0.246017003
0.211,0.117,0.513,0.587,0.21534806
0.177,0.273,0.569,0.519,0.338065755
0.212,0.294,0.568,0.644,0.225315973
0.271,0.22,0.469,0.62,0.101800787
0.449,0.224,0.467,0.606,0.002445478
0.356,0.353,0.369,0.511,0.003895417
0.269,0.343,0.611,0.527,0.088094546
0.212,0.325,0.643,0.533,0.183955834
0.326,0.16,0.434,0.588,0.041513373
0.224,0.181,0.484,0.675,0.183703335
0.161,0.353,0.639,0.521,0.355576822
0.251,0.268,0.583,0.46,0.052641622
0.236,0.29,0.576,0.478,0.081837014
0.14,0.234,0.558,0.472,0.266403856
0.337,0.2,0.475,0.501,0.026585597
0.402,0.204,0.422,0.584,0.005309699
0.237,0.323,0.707,0.497,0.098148231
0.144,0.313,0.636,0.561,0.427250285
0.393,0.317,0.427,0.523,0.007194765
0.216,0.198,0.567,0.564,0.190200838
0.377,0.351,0.405,0.502,0.00795997
0.418,0.434,0.425,0.528,0.000914585
0.411,0.347,0.51,0.461,0.004725675
0.403,0.191,0.423,0.649,0.005830598
0.382,0.169,0.444,0.553,0.015688644
0.219,0.189,0.613,0.58,0.190463937
0.343,0.267,0.395,0.377,0.0
0.249,0.315,0.518,0.515,0.097156548
0.331,0.379,0.409,0.463,0.013953439
0.315,0.385,0.349,0.465,0.007568694
0.393,0.282,0.471,0.528,0.012286659
0.154,0.3,0.653,0.57,0.41741055
0.388,0.168,0.488,0.652,0.022257463
0.192,0.375,0.639,0.455,0.143470767
0.255,0.259,0.499,0.559,0.110464766
0.269,0.269,0.515,0.585,0.103496479
0.421,0.23,0.437,0.542,0.002452706
0.383,0.414,0.391,0.45,0.001159373
0.136,0.326,0.584,0.466,0.251734362
0.228,0.336,0.71,0.462,0.073751276
0.354,0.331,0.418,0.363,0.0
0.292,0.376,0.492,0.444,0.018011728
0.396,0.342,0.424,0.44,0.001262975
0.224,0.294,0.702,0.448,0.053232874
0.297,0.251,0.445,0.583,0.064820343
0.199,0.3,0.6,0.546,0.264308696
0.389,0.189,0.457,0.633,0.017541907
0.244,0.257,0.528,0.515,0.103464676
0.206,0.316,0.662,0.55,0.223286346
0.164,0.418,0.634,0.522,0.353449859
0.213,0.416,0.672,0.47,0.105303001
0.239,0.321,0.415,0.433,0.022951352
0.368,0.36,0.386,0.506,0.006240185
0.262,0.177,0.58,0.627,0.120894308
0.301,0.402,0.489,0.486,0.037338954
0.215,0.38,0.605,0.38,0.0
0.207,0.253,0.685,0.506,0.17237752
0.27,0.256,0.518,0.602,0.105590676
0.361,0.254,0.456,0.462,0.011586506
0.171,0.279,0.663,0.435,0.082116497
0.363,0.341,0.415,0.401,0.0
0.373,0.247,0.551,0.623,0.033744704
0.254,0.316,0.586,0.504,0.086739053
0.351,0.338,0.405,0.5,0.015259782
0.385,0.364,0.41,0.578,0.009112116
0.339,0.397,0.519,0.427,0.007052614
0.129,0.206,0.587,0.576,0.475064558
0.141,0.272,0.637,0.602,0.456697212
0.367,0.358,0.471,0.378,0.0
0.185,0.185,0.675,0.683,0.394614841
0.339,0.113,0.457,0.565,0.035802278
0.391,0.144,0.421,0.626,0.009947674
0.225,0.198,0.431,0.616,0.168400667
0.229,0.282,0.483,0.614,0.166046744
0.263,0.226,0.621,0.544,0.101037509
0.243,0.264,0.601,0.474,0.071875848
0.366,0.414,0.416,0.46,0.007928167
0.348,0.221,0.481,0.547,0.032194536
0.226,0.148,0.482,0.574,0.162963755
0.381,0.176,0.549,0.591,0.028017226
0.266,0.365,0.594,0.429,0.019435164
0.303,0.246,0.485,0.44,0.012198959
0.341,0.213,0.492,0.55,0.036342452
0.143,0.273,0.619,0.463,0.235134024
0.358,0.371,0.466,0.462,0.012647096
0.412,0.321,0.474,0.471,0.00414888
0.259,0.306,0.587,0.426,0.020733316
0.32,0.29,0.486,0.531,0.042087759
0.267,0.424,0.502,0.466,0.029759659
0.373,0.393,0.495,0.432,0.004248144
0.353,0.267,0.467,0.555,0.03017792
0.255,0.221,0.379,0.451,0.031446195
0.191,0.345,0.595,0.501,0.258830344
0.3,0.373,0.436,0.475,0.030453548
0.41,0.361,0.418,0.577,0.001959755
0.23,0.188,0.612,0.666,0.176504716
0.241,0.319,0.629,0.415,0.0
0.337,0.37,0.395,0.384,0.0
0.119,0.382,0.601,0.416,0.0
0.22,0.233,0.578,0.561,0.178040428
0.304,0.185,0.368,0.618,0.036573748
0.359,0.251,0.517,0.511,0.025055186
0.362,0.253,0.476,0.591,0.030747487
0.135,0.328,0.623,0.518,0.390933855
0.436,0.169,0.52,0.639,0.010263779
0.241,0.364,0.453,0.513,0.101199898
0.243,0.18,0.589,0.566,0.13380354
0.337,0.331,0.592,0.509,0.033368365
0.208,0.215,0.581,0.502,0.160852694
0.387,0.223,0.406,0.629,0.007573994
0.33,0.205,0.424,0.543,0.032219593
0.34,0.221,0.468,0.499,0.02485232
0.167,0.273,0.569,0.543,0.37196562
0.41,0.311,0.414,0.431,0.000140223
0.394,0.372,0.538,0.474,0.009044172
0.314,0.251,0.576,0.543,0.052878701
0.187,0.266,0.621,0.552,0.351507932
0.238,0.379,0.52,0.513,0.109651374
0.198,0.375,0.688,0.463,0.140012885
0.207,0.177,0.687,0.636,0.249452719
0.307,0.209,0.363,0.651,0.032726999
0.137,0.261,0.609,0.505,0.35344504
0.206,0.298,0.62,0.442,0.055083727
0.249,0.215,0.397,0.675,0.115980222
0.142,0.231,0.632,0.549,0.418273575
0.376,0.23,0.462,0.58,0.022572604
0.365,0.142,0.561,0.578,0.034537376
0.358,0.311,0.5,0.455,0.011794191
0.248,0.258,0.586,0.506,0.0934958
0.209,0.353,0.599,0.359,0.0
0.307,0.314,0.489,0.512,0.044442164
0.174,0.342,0.634,0.4,0.0
0.136,0.219,0.632,0.625,0.47427044
0.33,0.285,0.461,0.507,0.029513906
0.22,0.387,0.666,0.433,0.032432578
0.2,0.37,0.592,0.469,0.142368736
0.104,0.44,0.585,0.445,0.046582619
0.214,0.396,0.582,0.426,0.035269815
0.25,0.293,0.552,0.513,0.096273284
0.4,0.239,0.456,0.537,0.009261976
0.256,0.138,0.52,0.564,0.112117572
0.413,0.147,0.443,0.569,0.005467751
0.336,0.297,0.402,0.637,0.029996256
0.372,0.43,0.408,0.434,0.0
0.377,0.257,0.415,0.505,0.010024291
0.162,0.377,0.614,0.401,0.0
0.182,0.358,0.636,0.422,0.077306977
0.174,0.256,0.669,0.45,0.15376394
0.171,0.277,0.643,0.523,0.348727556
0.323,0.195,0.421,0.509,0.028898562
0.24,0.329,0.57,0.442,0.033040695
0.386,0.276,0.446,0.36,0.0
0.333,0.257,0.575,0.595,0.050928583
0.175,0.306,0.538,0.486,0.264775626
0.297,0.219,0.581,0.695,0.083814117
0.258,0.377,0.612,0.483,0.068259914
0.407,0.166,0.436,0.584,0.006427631
0.272,0.166,0.694,0.61,0.109582467
0.281,0.304,0.445,0.554,0.075867639
0.245,0.203,0.657,0.458,0.054428387
0.216,0.156,0.434,0.532,0.160220483
0.238,0.382,0.532,0.448,0.043103536
0.266,0.203,0.5,0.606,0.10897194
0.376,0.26,0.56,0.592,0.03112479
0.269,0.098,0.497,0.586,0.102253743
0.332,0.395,0.438,0.401,0.0
0.191,0.241,0.568,0.447,0.112000478
0.26,0.324,0.682,0.457,0.046034736
0.3,0.289,0.558,0.457,0.026474286
0.201,0.324,0.575,0.568,0.265886812
0.328,0.241,0.522,0.521,0.037864671
0.178,0.393,0.504,0.451,0.155143045
0.142,0.323,0.592,0.537,0.403530836
0.176,0.166,0.583,0.605,0.400067654
0.35,0.352,0.41,0.441,0.005054309
0.218,0.356,0.536,0.42,0.032925529
0.313,0.264,0.431,0.574,0.047984854
0.265,0.32,0.427,0.498,0.065735891
0.136,0.295,0.62,0.521,0.393471369
0.41,0.183,0.464,0.575,0.009163194
0.2,0.234,0.586,0.61,0.288175115
0.331,0.344,0.461,0.471,0.019566232
0.169,0.162,0.571,0.524,0.351452036
0.186,0.415,0.638,0.485,0.248379118
0.165,0.234,0.559,0.534,0.365652191
0.243,0.361,0.683,0.435,0.024423458
0.217,0.167,0.551,0.607,0.20141245
0.369,0.163,0.403,0.599,0.014855977
0.247,0.241,0.528,0.631,0.138306592
0.185,0.289,0.524,0.551,0.35386571
0.41,0.374,0.423,0.54,0.002533178
0.338,0.238,0.476,0.554,0.036834438
0.173,0.307,0.593,0.429,0.081667397
0.313,0.321,0.455,0.533,0.043784896
0.255,0.282,0.489,0.494,0.074973774
0.162,0.244,0.614,0.614,0.421539673
0.318,0.247,0.398,0.471,0.017941857
0.325,0.18,0.559,0.61,0.056253219
0.297,0.192,0.527,0.57,0.070559386
0.401,0.286,0.439,0.468,0.003395721
0.179,0.189,0.553,0.667,0.403770806
0.296,0.115,0.555,0.603,0.078401298
0.248,0.065,0.623,0.557,0.123279552
0.342,0.182,0.485,0.62,0.042133054
0.16,0.224,0.539,0.494,0.292277253
0.183,0.305,0.507,0.459,0.190191682
0.311,0.379,0.415,0.389,0.0
0.295,0.391,0.501,0.393,0.0
0.412,0.322,0.47,0.472,0.004062625
0.19,0.199,0.59,0.623,0.364971794
0.292,0.348,0.566,0.41,0.0
0.392,0.23,0.462,0.504,0.009713968
0.245,0.299,0.543,0.455,0.049336011
0.31,0.262,0.505,0.53,0.049194823
0.226,0.171,0.601,0.639,0.183824766
0.225,0.445,0.505,0.454,0.017599249
0.249,0.158,0.547,0.504,0.09020609
0.211,0.193,0.671,0.609,0.226214656
0.246,0.306,0.53,0.456,0.049670427
0.312,0.186,0.428,0.505,0.033948052
0.123,0.2,0.607,0.521,0.430741416
0.256,0.349,0.678,0.413,0.0
0.376,0.178,0.566,0.67,0.034417391
0.378,0.133,0.379,0.549,0.000416334
0.225,0.279,0.533,0.43,0.029845431
0.357,0.223,0.51,0.691,0.039563736
0.241,0.136,0.488,0.568,0.132087609
0.21,0.275,0.484,0.509,0.161812574
0.259,0.331,0.487,0.467,0.053303226
0.252,0.174,0.534,0.57,0.119894432
0.269,0.122,0.453,0.606,0.100384579
0.279,0.295,0.585,0.52,0.07455455
0.322,0.169,0.456,0.544,0.040920675
0.319,0.36,0.449,0.486,0.026620292
0.293,0.371,0.569,0.429,0.013070658
0.254,0.289,0.422,0.499,0.074077019
0.341,0.371,0.447,0.545,0.03112479
0.168,0.273,0.614,0.534,0.36411166
0.344,0.194,0.376,0.509,0.009693248
0.323,0.283,0.503,0.487,0.028481746
0.371,0.34,0.389,0.432,0.001539567
0.214,0.39,0.547,0.452,0.071173767
0.361,0.295,0.473,0.391,0.0
0.307,0.287,0.571,0.419,0.010727818
0.37,0.246,0.43,0.59,0.021033037
0.327,0.434,0.419,0.454,0.006766866
0.22,0.329,0.524,0.37,0.0
0.277,0.209,0.497,0.609,0.096666007
0.38,0.221,0.482,0.473,0.010467127
0.294,0.244,0.496,0.556,0.068149084
0.398,0.156,0.424,0.632,0.00775855
0.193,0.262,0.559,0.626,0.344689506
0.228,0.183,0.474,0.654,0.171597377
0.145,0.402,0.517,0.412,0.0
0.295,0.331,0.595,0.456,0.027651488
0.35,0.222,0.526,0.592,0.040181491
0.157,0.429,0.617,0.447,0.05984506
0.386,0.217,0.452,0.689,0.018856442
0.321,0.358,0.539,0.402,0.0
0.331,0.264,0.517,0.662,0.052554886
0.419,0.256,0.461,0.64,0.007801436
0.387,0.326,0.475,0.478,0.009083204
0.402,0.222,0.406,0.609,0.001281286
0.199,0.121,0.521,0.549,0.264114503
0.213,0.379,0.66,0.393,0.0
0.385,0.309,0.395,0.497,0.00285362
0.236,0.268,0.548,0.574,0.146506051
0.17,0.309,0.544,0.583,0.397394735
0.294,0.347,0.52,0.504,0.051542964
0.346,0.386,0.474,0.421,0.006014189
0.195,0.42,0.631,0.48,0.138018435
0.305,0.32,0.378,0.44,0.00760387
0.169,0.321,0.653,0.445,0.126404463
0.441,0.093,0.465,0.581,0.003224658
0.222,0.27,0.662,0.492,0.11457076
0.213,0.283,0.619,0.541,0.186646582
0.348,0.266,0.408,0.61,0.025552473
0.211,0.386,0.486,0.434,0.036367991
0.283,0.298,0.551,0.419,0.01500391
0.303,0.197,0.471,0.641,0.067912005
0.248,0.16,0.488,0.606,0.13027916
0.267,0.238,0.56,0.466,0.049630432
0.287,0.334,0.583,0.472,0.041489761
0.27,0.21,0.518,0.502,0.070537702
0.371,0.209,0.479,0.551,0.024123736
0.193,0.43,0.629,0.43,0.0
0.305,0.31,0.426,0.534,0.045968238
0.289,0.339,0.467,0.427,0.012784428
0.391,0.216,0.429,0.478,0.005091413
0.215,0.327,0.642,0.437,0.034853963
0.132,0.264,0.598,0.43,0.092247281
0.268,0.407,0.55,0.465,0.048278793
0.279,0.213,0.551,0.601,0.096745997
0.314,0.183,0.442,0.609,0.052625239
0.154,0.226,0.576,0.528,0.372944775
0.223,0.217,0.578,0.526,0.148385334
0.258,0.279,0.488,0.559,0.106157834
0.225,0.225,0.585,0.667,0.187971718
0.27,0.186,0.6,0.526,0.086603648
0.183,0.242,0.546,0.554,0.362802426
0.172,0.394,0.632,0.428,0.081948807
0.321,0.332,0.447,0.444,0.010770704
0.329,0.379,0.515,0.42,0.007749876
0.175,0.132,0.555,0.607,0.400590962
0.326,0.351,0.445,0.385,0.0
0.39,0.283,0.412,0.613,0.008010085
0.297,0.333,0.491,0.485,0.039325212
0.3,0.303,0.514,0.591,0.070659132
0.227,0.183,0.509,0.569,0.161038213
0.307,0.169,0.407,0.595,0.049302762
0.165,0.258,0.652,0.708,0.426028751
0.328,0.38,0.441,0.556,0.03781022
0.378,0.312,0.52,0.377,0.0
0.311,0.357,0.447,0.486,0.029844949
0.242,0.183,0.602,0.521,0.112231774
0.38,0.39,0.468,0.456,0.007148505
0.437,0.252,0.441,0.534,0.000524754
0.197,0.336,0.6,0.384,0.0
0.211,0.18,0.589,0.662,0.231582178
0.342,0.149,0.486,0.643,0.04317437
0.305,0.401,0.481,0.535,0.05224119
0.286,0.289,0.464,0.495,0.049811614
0.224,0.239,0.56,0.573,0.172590506
0.238,0.193,0.48,0.621,0.148187768
0.352,0.227,0.366,0.559,0.005257657
0.232,0.415,0.703,0.449,0.04897461
0.245,0.314,0.627,0.456,0.051282274
0.399,0.217,0.549,0.351,0.0
0.273,0.167,0.54,0.661,0.10865198
0.297,0.303,0.493,0.493,0.043046193
0.313,0.212,0.509,0.513,0.042599502
0.284,0.311,0.398,0.577,0.066902975
0.37,0.375,0.434,0.433,0.003405358
0.302,0.222,0.508,0.534,0.05619154
0.186,0.277,0.596,0.508,0.302362259
0.315,0.389,0.561,0.437,0.009596874
0.348,0.243,0.48,0.647,0.039723235
0.227,0.326,0.665,0.452,0.058816273
0.211,0.336,0.597,0.462,0.096691064
0.275,0.358,0.558,0.455,0.035919372
0.138,0.18,0.6,0.608,0.464621524
0.31,0.189,0.506,0.559,0.056280204
0.317,0.298,0.505,0.584,0.055190701
0.336,0.294,0.41,0.484,0.01723062
0.315,0.353,0.387,0.371,0.0
0.23,0.228,0.592,0.566,0.156918727
0.297,0.183,0.436,0.675,0.06919811
0.216,0.359,0.63,0.407,0.0
0.184,0.342,0.504,0.518,0.322922585
0.338,0.166,0.382,0.657,0.020492864
0.387,0.39,0.391,0.498,0.001207078
0.236,0.271,0.674,0.599,0.156582865
0.174,0.342,0.62,0.365,0.0
0.395,0.311,0.426,0.463,0.003139849
0.226,0.188,0.686,0.62,0.182545408
0.135,0.231,0.487,0.569,0.446233458
0.118,0.332,0.6,0.572,0.53256726
0.374,0.243,0.438,0.543,0.017571301
0.286,0.279,0.498,0.455,0.029117811
0.306,0.459,0.596,0.467,0.004183574
0.301,0.385,0.539,0.419,0.011467484
0.24,0.304,0.646,0.532,0.122489771
0.182,0.2,0.611,0.638,0.397814923
0.241,0.221,0.478,0.653,0.14552015
0.192,0.28,0.544,0.572,0.334914341
0.217,0.373,0.533,0.395,0.0
0.241,0.171,0.465,0.639,0.142883852
0.187,0.359,0.629,0.381,0.0
0.113,0.299,0.559,0.445,0.163613313
0.228,0.111,0.594,0.568,0.16236624
0.151,0.253,0.627,0.305,0.0
0.221,0.235,0.564,0.555,0.171654237
0.29,0.382,0.48,0.39,0.0
0.343,0.376,0.374,0.546,0.011410624
0.388,0.223,0.49,0.631,0.022054115
0.205,0.239,0.659,0.579,0.246602954
0.209,0.248,0.505,0.534,0.19234033
0.323,0.34,0.572,0.432,0.008765653
0.353,0.367,0.489,0.491,0.020795477
0.228,0.197,0.474,0.677,0.172772652
0.202,0.383,0.658,0.475,0.142632317
0.159,0.333,0.61,0.588,0.417905428
0.301,0.298,0.479,0.53,0.053746063
0.351,0.454,0.456,0.463,0.00245126
0.33,0.267,0.478,0.601,0.046325784
0.373,0.341,0.403,0.464,0.005694229
0.186,0.208,0.602,0.533,0.337434508
0.217,0.158,0.551,0.6,0.199674354
0.428,0.14,0.454,0.504,0.002511012
0.331,0.191,0.501,0.669,0.051307331
0.266,0.172,0.61,0.659,0.119569654
0.189,0.28,0.653,0.582,0.361269124
0.144,0.395,0.619,0.423,0.087864214
0.367,0.295,0.493,0.503,0.020026898
0.326,0.401,0.508,0.413,0.0
0.381,0.261,0.385,0.445,0.000512707
0.222,0.183,0.61,0.643,0.194661004
0.369,0.391,0.461,0.395,0.0
0.298,0.236,0.462,0.576,0.065139339
0.34,0.325,0.51,0.523,0.033028167
0.307,0.396,0.497,0.418,0.0
0.188,0.35,0.571,0.376,0.0
0.355,0.345,0.633,0.497,0.025216612
0.376,0.18,0.452,0.658,0.023658734
0.341,0.238,0.443,0.565,0.033166463
0.378,0.233,0.546,0.565,0.027008677
0.242,0.155,0.594,0.629,0.149747092
0.328,0.368,0.346,0.445,0.001915424
0.448,0.19,0.492,0.56,0.004598944
0.2,0.216,0.537,0.533,0.243767645
0.347,0.358,0.509,0.578,0.038838044
0.267,0.324,0.404,0.4,0.0
0.208,0.236,0.566,0.686,0.245250834
0.183,0.279,0.565,0.559,0.36791215
0.213,0.228,0.459,0.558,0.189614887
0.343,0.169,0.499,0.557,0.03717271
0.338,0.395,0.4,0.399,0.0
0.386,0.393,0.406,0.408,0.0
0.137,0.289,0.595,0.441,0.111491626
0.295,0.372,0.547,0.424,0.012577707
0.367,0.265,0.389,0.491,0.006551471
0.202,0.329,0.545,0.555,0.248711125
0.229,0.341,0.46,0.521,0.126179913
0.302,0.184,0.556,0.678,0.077462138
0.386,0.332,0.456,0.4,0.0
0.259,0.387,0.455,0.447,0.031708331
0.21,0.326,0.497,0.481,0.122879602
0.107,0.254,0.569,0.562,0.713959559
0.281,0.352,0.553,0.392,0.0
0.243,0.281,0.507,0.501,0.092166327
0.259,0.163,0.751,0.587,0.119934909
0.249,0.125,0.577,0.559,0.122007904
0.28,0.265,0.576,0.615,0.098519751
0.321,0.349,0.537,0.499,0.034622666
0.4,0.326,0.526,0.55,0.015631302
0.25,0.416,0.508,0.538,0.107971101
0.223,0.23,0.486,0.524,0.142938303
0.342,0.315,0.496,0.535,0.033790963
0.149,0.19,0.583,0.548,0.403283638
0.227,0.332,0.573,0.452,0.058420178
0.185,0.292,0.634,0.58,0.376853202
0.423,0.269,0.525,0.591,0.012181612
0.399,0.199,0.407,0.522,0.001862418
0.237,0.162,0.663,0.538,0.130446368
0.206,0.245,0.524,0.512,0.183361209
0.258,0.164,0.604,0.612,0.124498677
0.224,0.158,0.61,0.65,0.190088081
0.218,0.184,0.595,0.538,0.169128769
0.234,0.269,0.66,0.569,0.151092466
0.18,0.277,0.552,0.535,0.351785488
0.262,0.248,0.574,0.586,0.11432308
0.406,0.205,0.44,0.585,0.007424134
0.251,0.38,0.437,0.407,0.0
0.206,0.319,0.588,0.503,0.171392101
0.282,0.338,0.416,0.4,0.0
0.32,0.259,0.558,0.506,0.038191859
0.381,0.426,0.589,0.514,0.016203279
0.418,0.197,0.482,0.59,0.009655662
0.278,0.288,0.554,0.458,0.037102839
0.282,0.27,0.506,0.51,0.064025743
0.242,0.237,0.614,0.587,0.142734955
0.135,0.351,0.631,0.435,0.091107182
0.455,0.384,0.5,0.434,0.00076376
0.132,0.227,0.618,0.649,0.488361212
0.238,0.218,0.648,0.432,0.025725464
0.356,0.15,0.426,0.612,0.026820749
0.232,0.201,0.54,0.576,0.154550348
0.363,0.226,0.403,0.56,0.016051972
0.204,0.428,0.596,0.438,0.002333203
0.35,0.231,0.49,0.512,0.026415498
0.359,0.288,0.395,0.553,0.014672385
0.354,0.243,0.51,0.539,0.031087204
0.361,0.149,0.487,0.625,0.034057436
0.163,0.11,0.661,0.591,0.413357562
0.253,0.193,0.557,0.575,0.121305823
0.391,0.23,0.473,0.564,0.015875127
0.216,0.127,0.58,0.591,0.201911183
0.263,0.186,0.525,0.641,0.117664831
0.249,0.206,0.413,0.622,0.118634349
0.365,0.217,0.431,0.547,0.020391672
0.336,0.365,0.424,0.445,0.008402325
0.271,0.136,0.517,0.612,0.105782941
0.335,0.339,0.47,0.519,0.031379698
0.261,0.257,0.678,0.471,0.057563417
0.504,0.38,0.516,0.466,0.000315141
0.257,0.32,0.563,0.608,0.12362746
0.336,0.143,0.532,0.615,0.048705246
0.393,0.311,0.451,0.525,0.010161141
0.214,0.283,0.624,0.633,0.217977611
0.281,0.177,0.619,0.613,0.09834146
0.139,0.316,0.639,0.512,0.368786258
0.13,0.094,0.578,0.534,0.427183788
0.325,0.36,0.427,0.514,0.030075282
0.296,0.282,0.498,0.566,0.068660827
0.395,0.173,0.453,0.571,0.012359903
0.309,0.36,0.405,0.422,0.007714218
0.304,0.142,0.498,0.536,0.054505486
0.363,0.217,0.445,0.625,0.027742079
0.345,0.342,0.429,0.47,0.01448783
0.201,0.374,0.633,0.514,0.218116871
0.179,0.347,0.651,0.363,0.0
0.157,0.315,0.601,0.547,0.390070348
0.177,0.248,0.63,0.496,0.286036104
0.302,0.2,0.364,0.626,0.036970325
0.231,0.295,0.575,0.527,0.132704882
0.287,0.18,0.514,0.662,0.08978542
0.377,0.231,0.39,0.647,0.006435341
0.178,0.163,0.572,0.56,0.377429034
0.374,0.366,0.43,0.459,0.007158143
0.287,0.209,0.517,0.531,0.068587102
0.33,0.228,0.434,0.67,0.042552279
0.417,0.204,0.485,0.6,0.010476283
0.415,0.274,0.431,0.51,0.00215443
0.215,0.366,0.552,0.463,0.090621942
0.316,0.3,0.426,0.647,0.049888713
0.3,0.321,0.45,0.509,0.045031006
0.272,0.239,0.572,0.621,0.108799432
0.316,0.25,0.476,0.482,0.028281289
0.236,0.37,0.54,0.454,0.053492118
0.288,0.345,0.558,0.373,0.0
0.335,0.436,0.485,0.494,0.019057862
0.362,0.195,0.394,0.488,0.008872627
0.196,0.252,0.635,0.676,0.329011463
0.347,0.405,0.511,0.426,0.006456543
0.338,0.234,0.61,0.518,0.035798423
0.246,0.2,0.598,0.618,0.141691712
0.194,0.379,0.593,0.417,0.0
0.331,0.364,0.559,0.426,0.007951779
0.211,0.367,0.679,0.522,0.177870328
0.235,0.263,0.587,0.503,0.106806428
0.274,0.316,0.694,0.492,0.063284149
0.342,0.332,0.502,0.575,0.040134268
0.355,0.148,0.389,0.532,0.012763708
0.226,0.128,0.596,0.618,0.181003431
0.396,0.25,0.494,0.634,0.018971608
0.323,0.209,0.419,0.607,0.041718648
0.235,0.349,0.483,0.541,0.129511545
0.314,0.314,0.464,0.38,0.0
0.244,0.399,0.506,0.417,0.0
0.212,0.137,0.58,0.631,0.224486679
0.18,0.264,0.672,0.456,0.180868027
0.183,0.177,0.675,0.659,0.398420149
0.378,0.341,0.484,0.474,0.011227514
0.162,0.157,0.558,0.571,0.402419168
0.337,0.332,0.459,0.468,0.017467217
0.337,0.13,0.498,0.576,0.042136427
0.433,0.227,0.461,0.691,0.004894811
0.233,0.429,0.585,0.551,0.116342105
0.409,0.319,0.445,0.581,0.007197174
0.225,0.311,0.543,0.557,0.161993274
0.272,0.355,0.494,0.531,0.08271064
0.187,0.177,0.639,0.589,0.373664203
0.382,0.233,0.417,0.561,0.011729138
0.209,0.211,0.435,0.493,0.137547169
0.332,0.358,0.394,0.41,0.0
0.239,0.23,0.559,0.572,0.141313928
0.347,0.171,0.501,0.625,0.041629984
0.338,0.323,0.516,0.505,0.029629073
0.234,0.221,0.574,0.523,0.124551682
0.396,0.379,0.605,0.451,0.006009852
0.315,0.292,0.525,0.496,0.035699159
0.23,0.369,0.538,0.375,0.0
0.304,0.188,0.588,0.621,0.07431988
0.208,0.268,0.626,0.454,0.084740748
0.346,0.38,0.592,0.552,0.039464472
0.194,0.25,0.578,0.604,0.334183348
0.366,0.273,0.492,0.581,0.030096484
0.303,0.321,0.413,0.584,0.053431403
0.327,0.452,0.349,0.46,0.000671242
0.173,0.281,0.55,0.467,0.230012736
0.363,0.233,0.403,0.627,0.017783804
0.289,0.346,0.581,0.514,0.062181154
0.309,0.173,0.497,0.655,0.066240888
0.133,0.161,0.601,0.643,0.484218114
0.289,0.334,0.503,0.441,0.016077511
0.176,0.257,0.658,0.617,0.404389043
0.313,0.191,0.481,0.545,0.048989066
0.155,0.268,0.601,0.452,0.174108388
0.238,0.413,0.528,0.419,0.02520842
0.168,0.158,0.604,0.618,0.413067959
0.276,0.195,0.561,0.577,0.096493498
0.338,0.355,0.506,0.523,0.033484495
0.371,0.221,0.457,0.575,0.023823051
0.22,0.323,0.44,0.331,0.0
0.312,0.429,0.464,0.493,0.024293835
0.109,0.252,0.609,0.544,0.638396942
0.19,0.366,0.602,0.378,0.0
0.399,0.347,0.403,0.569,0.001245146
0.406,0.451,0.422,0.497,0.001293814
0.275,0.26,0.524,0.57,0.09417957
0.179,0.308,0.518,0.562,0.374829841
0.319,0.361,0.377,0.505,0.018735493
0.327,0.191,0.491,0.619,0.050794624
0.377,0.341,0.431,0.501,0.011577832
0.184,0.287,0.572,0.515,0.320299298
0.351,0.295,0.483,0.747,0.039782022
0.144,0.395,0.637,0.471,0.258854437
0.261,0.211,0.51,0.597,0.113926021
0.289,0.357,0.569,0.446,0.021372754
0.21,0.266,0.543,0.48,0.12314222
0.388,0.364,0.409,0.466,0.0031013
0.379,0.269,0.433,0.581,0.016996915
0.385,0.229,0.451,0.543,0.014476265
0.241,0.213,0.549,0.567,0.135726191
0.226,0.334,0.64,0.444,0.043204246
0.306,0.279,0.572,0.517,0.05032143
0.126,0.29,0.61,0.592,0.495248545
0.289,0.293,0.603,0.55,0.075959194
0.22,0.336,0.604,0.486,0.111290205
0.43,0.175,0.492,0.542,0.006590021
0.319,0.178,0.494,0.524,0.041617938
0.21,0.271,0.639,0.555,0.208075715
0.374,0.305,0.416,0.533,0.013422421
0.311,0.296,0.451,0.526,0.043090525
0.216,0.319,0.604,0.505,0.143457274
0.109,0.246,0.561,0.502,0.496945201
0.328,0.248,0.492,0.482,0.024910626
0.334,0.296,0.483,0.474,0.020794031
0.237,0.322,0.397,0.566,0.122901768
0.247,0.115,0.502,0.595,0.131101708
0.341,0.224,0.355,0.48,0.002972641
0.294,0.326,0.438,0.436,0.011225105
0.17,0.325,0.67,0.621,0.412179877
0.379,0.195,0.417,0.669,0.015118113
0.19,0.181,0.616,0.523,0.307741829
0.245,0.244,0.545,0.618,0.14117274
0.199,0.189,0.486,0.612,0.289569157
0.36,0.401,0.47,0.499,0.019729586
0.26,0.27,0.45,0.356,0.0
0.38,0.203,0.421,0.609,0.01496247
0.361,0.279,0.393,0.291,0.0
0.222,0.302,0.508,0.434,0.030813985
0.209,0.314,0.645,0.436,0.038708903
0.251,0.186,0.509,0.588,0.124439407
0.122,0.292,0.616,0.656,0.531870962
0.265,0.261,0.543,0.533,0.092333053
0.331,0.129,0.417,0.527,0.028275025
0.3,0.151,0.458,0.591,0.064986587
0.189,0.177,0.648,0.619,0.371469778
0.385,0.43,0.427,0.438,9.3482e-05
0.137,0.4,0.623,0.566,0.445815197
0.297,0.176,0.479,0.586,0.069476147
0.258,0.294,0.544,0.58,0.115866501
0.194,0.281,0.614,0.56,0.316400507
0.135,0.272,0.543,0.442,0.122729741
0.196,0.174,0.522,0.648,0.322387712
0.223,0.287,0.689,0.623,0.190641265
0.256,0.341,0.57,0.441,0.025752448
0.216,0.196,0.617,0.652,0.213054371
0.318,0.389,0.486,0.451,0.016091004
0.37,0.236,0.541,0.538,0.026784609
0.145,0.255,0.645,0.549,0.412982669
0.238,0.205,0.65,0.52,0.117579059
0.239,0.313,0.603,0.601,0.150839004
0.313,0.213,0.503,0.635,0.062608089
0.298,0.183,0.456,0.551,0.059327053
0.226,0.256,0.619,0.634,0.183729356
0.184,0.128,0.675,0.552,0.360846526
0.146,0.36,0.582,0.468,0.249588606
0.388,0.297,0.466,0.461,0.006312465
0.17,0.214,0.45,0.618,0.398841301
0.162,0.33,0.642,0.444,0.123359542
0.383,0.42,0.399,0.42,0.0
0.42,0.146,0.432,0.526,0.001753516
0.317,0.263,0.515,0.459,0.021026773
0.35,0.2,0.512,0.637,0.041769244
0.347,0.292,0.365,0.48,0.003947941
0.151,0.269,0.615,0.547,0.399830575
0.233,0.388,0.647,0.444,0.039251486
0.194,0.283,0.63,0.519,0.277827972
0.179,0.186,0.621,0.613,0.399414242
0.241,0.344,0.444,0.564,0.125717802
0.343,0.293,0.473,0.505,0.025755339
0.245,0.187,0.551,0.657,0.145154894
0.171,0.312,0.623,0.476,0.250338873
0.289,0.303,0.515,0.515,0.060333674
0.387,0.17,0.495,0.62,0.022742222
0.147,0.323,0.639,0.409,0.0
0.302,0.284,0.454,0.643,0.066586388
0.261,0.374,0.619,0.448,0.034524847
0.397,0.364,0.432,0.406,0.0
0.376,0.193,0.444,0.681,0.022548993
0.445,0.254,0.457,0.627,0.001800739
0.385,0.155,0.407,0.619,0.008774808
0.307,0.275,0.487,0.593,0.062364746
0.133,0.102,0.499,0.6,0.468536216
0.181,0.335,0.509,0.443,0.110821348
0.261,0.326,0.647,0.38,0.0
0.343,0.271,0.457,0.471,0.016784893
0.278,0.228,0.56,0.608,0.099549984
0.44,0.129,0.454,0.585,0.002008906
0.205,0.25,0.567,0.686,0.26136834
0.319,0.139,0.493,0.527,0.04218365
0.322,0.287,0.412,0.589,0.039350751
0.301,0.351,0.521,0.463,0.028580529
0.168,0.151,0.608,0.643,0.417233222
0.328,0.138,0.534,0.614,0.053189987
0.263,0.279,0.506,0.551,0.099458429
0.377,0.298,0.523,0.492,0.015915122
0.374,0.182,0.4,0.682,0.012188358
0.263,0.21,0.505,0.556,0.101191707
0.392,0.2,0.413,0.581,0.006927328
0.269,0.257,0.485,0.595,0.102711517
0.319,0.341,0.581,0.483,0.030824104
0.257,0.392,0.418,0.56,0.098447953
0.191,0.218,0.574,0.521,0.298774273
0.129,0.111,0.567,0.601,0.486767194
0.261,0.234,0.506,0.516,0.085936743
0.343,0.17,0.488,0.622,0.042084386
0.288,0.387,0.46,0.402,0.0
0.38,0.222,0.466,0.528,0.016820551
0.257,0.347,0.451,0.483,0.063878774
0.213,0.289,0.582,0.481,0.118523037
0.433,0.246,0.479,0.61,0.006601104
0.246,0.281,0.57,0.527,0.109896162
0.221,0.303,0.605,0.485,0.108774375
0.231,0.366,0.621,0.496,0.104733915
0.186,0.187,0.679,0.499,0.27945042
0.384,0.261,0.596,0.527,0.021315894
0.325,0.362,0.477,0.386,0.0
0.33,0.283,0.524,0.489,0.027645224
0.403,0.209,0.481,0.625,0.014813573
0.291,0.403,0.595,0.461,0.032622916
0.327,0.317,0.507,0.488,0.027830743
0.281,0.111,0.548,0.611,0.095499887
0.286,0.25,0.472,0.416,0.0
0.225,0.241,0.615,0.577,0.17346895
0.317,0.262,0.482,0.544,0.04632723
0.117,0.293,0.611,0.519,0.463853909
0.348,0.276,0.392,0.672,0.020525149
0.351,0.225,0.486,0.547,0.031539678
0.207,0.183,0.507,0.587,0.233371353
0.316,0.292,0.416,0.418,0.0
0.169,0.302,0.581,0.448,0.145395828
0.368,0.379,0.371,0.381,0.0
0.274,0.235,0.54,0.627,0.105298182
0.357,0.249,0.403,0.527,0.016076066
0.254,0.273,0.49,0.613,0.123072831
0.401,0.386,0.413,0.478,0.001663889
0.308,0.174,0.549,0.663,0.071309172
0.246,0.322,0.5,0.493,0.082205643
0.263,0.333,0.554,0.497,0.073234714
0.19,0.439,0.676,0.463,0.111455968
0.213,0.298,0.567,0.427,0.035912626
0.348,0.236,0.446,0.536,0.027193714
0.332,0.256,0.536,0.498,0.030230925
0.403,0.342,0.411,0.454,0.000734848
0.241,0.309,0.52,0.549,0.126690693
0.22,0.295,0.495,0.467,0.088239588
0.182,0.166,0.51,0.656,0.394331985
0.205,0.203,0.594,0.613,0.255456307
0.272,0.279,0.641,0.556,0.097073666
0.322,0.315,0.462,0.458,0.017769348
0.261,0.195,0.611,0.531,0.097195097
0.42,0.266,0.434,0.494,0.001470178
0.211,0.288,0.453,0.53,0.17713789
0.199,0.194,0.643,0.55,0.268451793
0.382,0.191,0.44,0.525,0.013056202
0.26,0.238,0.546,0.544,0.10190728
0.249,0.241,0.537,0.496,0.082938081
0.323,0.33,0.559,0.378,0.0
0.188,0.238,0.626,0.574,0.362624135
0.231,0.257,0.573,0.589,0.162142171
0.143,0.369,0.551,0.429,0.087856504
0.346,0.393,0.466,0.533,0.029525953
0.312,0.283,0.7,0.557,0.059314524
0.286,0.161,0.532,0.661,0.09215669
0.206,0.181,0.463,0.614,0.240570936
0.242,0.286,0.69,0.606,0.147838896
0.179,0.335,0.657,0.505,0.308732067
0.213,0.364,0.626,0.43,0.03609959
0.224,0.113,0.528,0.543,0.155364222
0.321,0.162,0.535,0.66,0.060244047
0.275,0.349,0.585,0.585,0.10040819
0.28,0.271,0.522,0.481,0.049787039
0.31,0.285,0.503,0.547,0.053199143
0.256,0.087,0.51,0.561,0.110708109
0.295,0.351,0.512,0.423,0.012295333
0.195,0.242,0.695,0.652,0.33598746
0.321,0.198,0.557,0.633,0.060399208
0.364,0.29,0.382,0.464,0.003936858
0.169,0.233,0.666,0.695,0.420190926
0.318,0.277,0.467,0.393,0.0
0.408,0.214,0.41,0.592,0.000637511
0.153,0.329,0.55,0.549,0.397414973
0.243,0.365,0.489,0.381,0.0
0.36,0.36,0.404,0.478,0.010104763
0.423,0.378,0.437,0.426,0.000358991
0.265,0.269,0.351,0.455,0.02666366
0.322,0.199,0.586,0.641,0.061427995
0.179,0.269,0.623,0.549,0.367737232
0.21,0.189,0.708,0.608,0.230490748
0.2,0.27,0.506,0.572,0.271752586
0.139,0.231,0.625,0.619,0.465663322
0.169,0.334,0.615,0.534,0.36321635
0.418,0.165,0.43,0.643,0.002778448
0.264,0.38,0.678,0.386,0.0
0.37,0.156,0.394,0.634,0.011515671
0.163,0.215,0.521,0.677,0.423250785
0.341,0.234,0.389,0.619,0.021871969
0.372,0.265,0.512,0.611,0.031241884
0.294,0.274,0.61,0.389,0.0
0.224,0.234,0.472,0.704,0.18298198
0.203,0.105,0.576,0.569,0.252401748
0.356,0.336,0.488,0.53,0.027569571
0.31,0.268,0.522,0.54,0.052667643
0.379,0.166,0.437,0.622,0.019002929
0.348,0.237,0.426,0.629,0.03076869
0.162,0.221,0.594,0.444,0.123216427
0.308,0.39,0.472,0.476,0.029308631
0.197,0.354,0.541,0.486,0.186325177
0.322,0.234,0.5,0.654,0.056604019
0.229,0.407,0.449,0.433,0.027191787
0.351,0.164,0.361,0.624,0.004414871
0.295,0.328,0.543,0.458,0.028628234
0.173,0.262,0.603,0.446,0.130217481
0.314,0.249,0.482,0.461,0.021675849
0.278,0.244,0.56,0.574,0.093319918
0.165,0.216,0.595,0.486,0.271872089
0.278,0.397,0.546,0.407,0.0
0.276,0.293,0.561,0.501,0.066293412
0.371,0.144,0.423,0.641,0.020271687
0.181,0.318,0.503,0.428,0.077524781
0.383,0.328,0.527,0.51,0.017232066
0.338,0.297,0.548,0.485,0.024846537
0.295,0.136,0.533,0.606,0.078654761
0.219,0.282,0.615,0.518,0.151653842
0.194,0.307,0.57,0.375,0.0
0.29,0.36,0.472,0.416,0.0
0.223,0.23,0.661,0.574,0.177613011
0.369,0.251,0.371,0.503,0.000635101
0.445,0.292,0.459,0.596,0.001967465
0.354,0.111,0.364,0.595,0.004116595
0.203,0.277,0.609,0.514,0.205013447
0.095,0.302,0.555,0.466,0.52972135
0.337,0.234,0.483,0.616,0.044159307
0.247,0.208,0.553,0.546,0.117729401
0.315,0.22,0.437,0.662,0.053349004
0.231,0.307,0.577,0.363,0.0
0.17,0.363,0.596,0.411,0.0
0.181,0.287,0.675,0.599,0.392869517
0.218,0.184,0.682,0.512,0.147697227
0.439,0.345,0.467,0.457,0.001298151
0.263,0.312,0.595,0.472,0.057271888
0.364,0.125,0.514,0.609,0.034666516
0.419,0.285,0.429,0.615,0.002250803
0.321,0.138,0.511,0.598,0.054768104
0.329,0.323,0.471,0.383,0.0
0.248,0.29,0.606,0.532,0.111047344
0.221,0.391,0.569,0.463,0.082594992
0.373,0.313,0.423,0.485,0.010032001
0.324,0.363,0.504,0.539,0.043060167
0.269,0.287,0.567,0.423,0.018776452
0.178,0.273,0.663,0.527,0.347866459
0.358,0.232,0.442,0.46,0.010905627
0.378,0.348,0.494,0.392,0.0
0.252,0.264,0.552,0.648,0.133865219
0.346,0.367,0.562,0.539,0.036308239
0.251,0.39,0.559,0.42,0.02230324
0.329,0.24,0.427,0.499,0.024737635
0.321,0.341,0.597,0.465,0.023658734
0.321,0.284,0.478,0.642,0.054451517
0.247,0.464,0.531,0.498,0.028335258
0.33,0.208,0.46,0.655,0.046701641
0.36,0.378,0.45,0.394,0.0
0.294,0.129,0.454,0.591,0.070144016
0.173,0.268,0.659,0.414,0.0
0.168,0.221,0.58,0.543,0.371304979
0.355,0.204,0.446,0.514,0.021837274
0.372,0.348,0.428,0.575,0.019080028
0.249,0.309,0.502,0.553,0.115480526
0.185,0.246,0.62,0.502,0.288449297
0.218,0.37,0.524,0.432,0.032827228
0.294,0.287,0.519,0.431,0.012521811
0.27,0.305,0.496,0.449,0.031291516
0.164,0.227,0.629,0.575,0.40365034
0.219,0.291,0.657,0.527,0.159350712
0.361,0.348,0.399,0.458,0.006809752
0.376,0.389,0.512,0.509,0.019123396
0.218,0.314,0.608,0.484,0.113064923
0.261,0.4,0.453,0.454,0.038641924
0.408,0.38,0.432,0.412,0.0
0.226,0.201,0.624,0.411,0.0
0.266,0.205,0.504,0.518,0.082925553
0.316,0.331,0.585,0.441,0.011527236
0.363,0.392,0.549,0.435,0.005572317
0.34,0.41,0.518,0.448,0.011962362
0.31,0.24,0.492,0.536,0.049818842
0.307,0.315,0.565,0.433,0.01069746
0.381,0.336,0.417,0.442,0.002567872
0.222,0.385,0.461,0.441,0.036699997
0.262,0.32,0.588,0.455,0.042091132
0.282,0.233,0.596,0.525,0.074043288
0.314,0.195,0.5,0.457,0.020760782
0.218,0.138,0.574,0.61,0.200125382
0.325,0.322,0.431,0.512,0.029979872
0.167,0.292,0.637,0.521,0.349717312
0.331,0.248,0.541,0.493,0.029093718
0.346,0.367,0.52,0.433,0.006606404
0.155,0.339,0.555,0.397,0.0
0.307,0.175,0.453,0.553,0.052067236
0.324,0.247,0.448,0.533,0.036916838
0.218,0.373,0.622,0.488,0.117819993
0.292,0.124,0.58,0.599,0.083055657
0.353,0.183,0.529,0.559,0.035488101
0.197,0.174,0.681,0.67,0.319973555
0.343,0.181,0.523,0.535,0.035005269
0.356,0.188,0.434,0.646,0.029195874
0.307,0.215,0.525,0.591,0.065269925
0.189,0.315,0.547,0.453,0.148474961
0.286,0.318,0.456,0.412,0.0
0.4,0.241,0.466,0.625,0.014056559
0.18,0.323,0.566,0.45,0.149997181
0.218,0.235,0.495,0.537,0.164324068
0.268,0.218,0.492,0.518,0.080593796
0.396,0.443,0.478,0.447,0.000628837
0.34,0.149,0.5,0.591,0.04257059
0.436,0.208,0.488,0.644,0.007401968
0.285,0.241,0.554,0.587,0.08754088
0.222,0.207,0.63,0.595,0.186994491
0.373,0.122,0.387,0.62,0.006814571
0.326,0.425,0.412,0.441,0.00119455
0.283,0.33,0.487,0.489,0.050570073
0.258,0.343,0.605,0.468,0.056876274
0.143,0.295,0.559,0.432,0.087922038
0.299,0.307,0.583,0.373,0.0
0.23,0.283,0.502,0.547,0.143178273
0.26,0.404,0.612,0.432,0.020611403
0.287,0.373,0.569,0.555,0.078764145
0.262,0.246,0.42,0.607,0.10214725
0.386,0.41,0.524,0.436,0.00341885
0.217,0.336,0.561,0.53,0.165461757
0.388,0.189,0.48,0.531,0.015097875
0.184,0.261,0.533,0.459,0.188846308
0.321,0.189,0.449,0.644,0.050584529
0.377,0.219,0.379,0.637,0.00102686
0.195,0.329,0.493,0.423,0.053321537
0.376,0.165,0.446,0.548,0.018244952
0.222,0.237,0.476,0.549,0.160330349
0.205,0.296,0.481,0.464,0.110675824
0.341,0.32,0.472,0.406,0.0
0.264,0.168,0.49,0.49,0.065778296
0.18,0.328,0.46,0.59,0.381846796
0.299,0.281,0.629,0.509,0.052777509
0.213,0.232,0.491,0.586,0.205686616
0.164,0.383,0.602,0.415,0.0
0.247,0.425,0.443,0.585,0.100543113
0.293,0.22,0.467,0.658,0.077951234
0.322,0.282,0.404,0.548,0.03279928
0.171,0.314,0.624,0.54,0.367079483
0.149,0.344,0.611,0.49,0.294228335
0.209,0.413,0.573,0.439,0.042870312
0.25,0.27,0.582,0.462,0.05575015
0.345,0.25,0.575,0.574,0.042679492
0.331,0.302,0.545,0.51,0.034513764
0.416,0.168,0.52,0.646,0.014830438
0.439,0.211,0.447,0.607,0.001327063
0.315,0.142,0.574,0.626,0.065188008
0.218,0.233,0.613,0.619,0.203066702
0.324,0.396,0.59,0.433,0.008738668
0.243,0.265,0.657,0.509,0.102594905
0.342,0.3,0.56,0.411,0.0
0.241,0.387,0.545,0.443,0.033762533
0.464,0.363,0.482,0.595,0.00203589
0.221,0.162,0.551,0.566,0.176713364
0.267,0.211,0.443,0.545,0.087608342
0.219,0.407,0.609,0.459,0.078915451
0.171,0.391,0.54,0.506,0.31536401
0.336,0.35,0.453,0.458,0.014484457
0.373,0.278,0.493,0.514,0.019920405
0.221,0.266,0.541,0.48,0.102333251
0.264,0.339,0.582,0.535,0.095720582
0.25,0.157,0.522,0.633,0.133594891
0.42,0.26,0.484,0.613,0.00998285
0.363,0.232,0.45,0.58,0.026440555
0.292,0.332,0.358,0.474,0.021135193
0.327,0.198,0.389,0.568,0.026901702
0.172,0.359,0.586,0.455,0.180859353
0.356,0.282,0.366,0.572,0.003866023
0.398,0.331,0.436,0.425,0.001271649
0.101,0.301,0.577,0.507,0.67757904
0.256,0.284,0.558,0.482,0.067687455
0.252,0.259,0.64,0.517,0.098095226
0.223,0.242,0.579,0.622,0.188644887
0.183,0.406,0.677,0.43,0.076351916
0.364,0.304,0.536,0.36,0.0
0.175,0.195,0.597,0.588,0.396468103
0.239,0.361,0.593,0.455,0.053447787
0.263,0.215,0.637,0.57,0.110476331
0.418,0.232,0.444,0.494,0.002631961
0.373,0.261,0.413,0.427,0.00253366
0.137,0.269,0.633,0.717,0.479049603
0.403,0.148,0.475,0.622,0.014040657
0.219,0.332,0.589,0.494,0.122525911
0.296,0.356,0.425,0.434,0.010521096
0.352,0.421,0.443,0.443,0.001916869
0.106,0.3,0.55,0.472,0.436950761
0.344,0.406,0.398,0.418,0.0
0.363,0.172,0.571,0.572,0.035116581
0.144,0.325,0.61,0.473,0.264881155
0.328,0.164,0.602,0.626,0.05718226
0.299,0.216,0.432,0.472,0.029731711
0.198,0.203,0.666,0.609,0.304431399
0.351,0.237,0.501,0.541,0.031837472
0.328,0.219,0.598,0.605,0.055385376
0.239,0.32,0.625,0.476,0.077067007
0.255,0.228,0.567,0.587,0.122268112
0.364,0.362,0.478,0.38,0.0
0.197,0.317,0.637,0.443,0.072296518
0.244,0.071,0.637,0.559,0.130467571
0.221,0.312,0.677,0.52,0.148909124
0.242,0.359,0.45,0.474,0.068261359
0.132,0.312,0.562,0.482,0.297871254
0.337,0.401,0.487,0.483,0.022695962
0.314,0.157,0.536,0.635,0.064301853
0.438,0.184,0.47,0.528,0.003357653
0.171,0.442,0.581,0.472,0.13216519
0.344,0.16,0.502,0.644,0.04388127
0.228,0.302,0.583,0.516,0.130136046
0.307,0.339,0.493,0.499,0.039677939
0.194,0.161,0.586,0.643,0.34094925
0.133,0.199,0.595,0.479,0.291260994
0.33,0.221,0.538,0.492,0.028788214
0.189,0.273,0.51,0.503,0.274821119
0.366,0.163,0.542,0.525,0.026372612
0.197,0.271,0.649,0.515,0.247960857
0.262,0.218,0.568,0.597,0.116260669
0.272,0.133,0.512,0.571,0.096978739
0.178,0.201,0.608,0.589,0.393645805
0.324,0.176,0.595,0.586,0.055666305
0.185,0.278,0.615,0.548,0.353976058
0.312,0.221,0.548,0.475,0.029769296
0.227,0.265,0.589,0.581,0.169666051
0.179,0.33,0.622,0.492,0.274425024
0.258,0.338,0.57,0.492,0.073568649
0.228,0.171,0.674,0.624,0.178377253
0.355,0.328,0.447,0.548,0.026236725
0.161,0.237,0.582,0.575,0.407494197
0.188,0.195,0.554,0.475,0.222848811
0.24,0.164,0.666,0.654,0.156692249
0.175,0.131,0.599,0.517,0.336693396
0.296,0.292,0.454,0.482,0.036404613
0.259,0.475,0.551,0.491,0.011103674
0.188,0.26,0.558,0.58,0.363759897
0.206,0.292,0.556,0.362,0.0
0.221,0.206,0.525,0.649,0.193868332
0.28,0.257,0.468,0.635,0.091819383
0.229,0.107,0.581,0.605,0.171015281
0.348,0.184,0.468,0.59,0.035660609
0.197,0.399,0.614,0.429,0.05010218
0.202,0.238,0.45,0.544,0.232708303
0.391,0.244,0.415,0.546,0.006841556
0.282,0.356,0.488,0.422,0.014591432
0.232,0.365,0.434,0.407,0.0
0.318,0.157,0.552,0.647,0.062915039
0.376,0.401,0.444,0.439,0.00340584
0.249,0.35,0.531,0.451,0.041670461
0.15,0.405,0.616,0.426,0.086339103
0.17,0.264,0.587,0.504,0.312925278
0.35,0.418,0.404,0.456,0.008647113
0.289,0.334,0.493,0.426,0.013195943
0.278,0.166,0.56,0.592,0.097128118
0.215,0.299,0.533,0.477,0.10936659
0.224,0.424,0.654,0.442,0.010122592
0.255,0.165,0.599,0.641,0.131266507
0.177,0.262,0.596,0.658,0.407590571
0.404,0.316,0.411,0.576,0.002045046
0.249,0.201,0.467,0.621,0.128446136
0.149,0.234,0.607,0.518,0.366804818
0.193,0.244,0.605,0.522,0.287658071
0.169,0.422,0.653,0.424,0.0
0.351,0.336,0.417,0.34,0.0
0.28,0.222,0.62,0.615,0.099748031
0.361,0.357,0.425,0.383,0.0
0.196,0.28,0.608,0.547,0.289550365
0.169,0.139,0.637,0.557,0.384783779
0.272,0.254,0.568,0.482,0.057732071
0.161,0.291,0.607,0.499,0.306179614
0.231,0.266,0.575,0.549,0.146124411
0.264,0.318,0.48,0.45,0.033867098
0.253,0.277,0.451,0.508,0.084348508
0.31,0.266,0.484,0.582,0.05826598
0.372,0.362,0.44,0.626,0.023035679
0.242,0.328,0.546,0.508,0.101359878
0.395,0.255,0.511,0.509,0.012467359
0.268,0.275,0.586,0.357,0.0
0.378,0.21,0.408,0.432,0.001854708
0.289,0.324,0.499,0.584,0.079042664
0.323,0.238,0.441,0.61,0.046264105
0.24,0.318,0.602,0.44,0.029080226
0.424,0.215,0.466,0.512,0.004305487
0.159,0.168,0.627,0.602,0.423567853
0.168,0.245,0.596,0.485,0.268526483
0.252,0.237,0.52,0.503,0.085943971
0.343,0.311,0.515,0.426,0.006762529
0.388,0.285,0.41,0.563,0.007444854
0.231,0.21,0.537,0.581,0.158095929
0.377,0.228,0.475,0.615,0.025329369
0.25,0.457,0.558,0.469,0.011652521
0.221,0.293,0.551,0.533,0.156857048
0.25,0.268,0.562,0.54,0.11164486
0.298,0.372,0.462,0.386,0.0
0.354,0.325,0.368,0.479,0.003134067
0.416,0.165,0.442,0.639,0.005530876
0.258,0.355,0.418,0.537,0.089504491
0.316,0.316,0.428,0.406,0.0
0.363,0.3,0.421,0.387,0.0
0.341,0.274,0.579,0.54,0.038894904
0.373,0.337,0.489,0.459,0.009980441
0.301,0.396,0.531,0.492,0.041310024
0.297,0.389,0.419,0.475,0.030568233
0.216,0.366,0.565,0.386,0.0
0.17,0.263,0.632,0.571,0.394246694
0.243,0.361,0.633,0.473,0.071338565
0.347,0.293,0.397,0.519,0.017075459
0.127,0.271,0.603,0.465,0.261376532
0.232,0.163,0.52,0.611,0.162008694
0.196,0.382,0.692,0.418,0.0
0.414,0.317,0.416,0.399,0.0
0.315,0.462,0.537,0.48,0.006776022
0.187,0.375,0.589,0.439,0.080851595
0.347,0.249,0.557,0.561,0.039394119
0.373,0.245,0.395,0.535,0.0087777
0.371,0.232,0.581,0.662,0.037373166
0.301,0.319,0.311,0.473,0.004373912
0.372,0.433,0.449,0.461,0.005358367
0.22,0.21,0.582,0.618,0.196214545
0.28,0.209,0.542,0.611,0.096338818
0.339,0.173,0.462,0.667,0.042321464
0.36,0.169,0.366,0.609,0.0024874
0.383,0.218,0.425,0.578,0.013480727
0.244,0.28,0.548,0.502,0.093243301
0.254,0.2,0.548,0.6,0.125203167
0.174,0.334,0.568,0.36,0.0
0.142,0.212,0.542,0.532,0.395988163
0.202,0.317,0.548,0.509,0.201623508
0.261,0.171,0.641,0.631,0.123816834
0.148,0.243,0.594,0.603,0.442512477
0.339,0.284,0.435,0.528,0.027856764
0.447,0.315,0.451,0.561,0.000489577
0.191,0.473,0.577,0.555,0.127168223
0.374,0.141,0.38,0.627,0.002989506
0.259,0.154,0.643,0.582,0.118066227
0.376,0.228,0.426,0.512,0.012548313
0.185,0.223,0.597,0.635,0.389607273
0.245,0.271,0.533,0.471,0.066228842
0.378,0.112,0.448,0.59,0.020316982
0.152,0.334,0.621,0.565,0.41664438
0.268,0.312,0.676,0.377,0.0
0.239,0.334,0.589,0.402,0.0
0.234,0.268,0.652,0.566,0.149987544
0.195,0.21,0.473,0.558,0.299827154
0.164,0.401,0.518,0.431,0.082725578
0.209,0.273,0.535,0.469,0.110953862
0.342,0.164,0.404,0.638,0.027705939
0.243,0.197,0.573,0.583,0.138788942
0.225,0.237,0.563,0.506,0.125179074
0.177,0.334,0.609,0.408,0.0
0.207,0.383,0.531,0.457,0.093646142
0.369,0.207,0.451,0.534,0.020356977
0.359,0.328,0.463,0.518,0.022876663
0.242,0.241,0.442,0.543,0.115186586
0.246,0.401,0.534,0.419,0.023162892
0.292,0.357,0.551,0.485,0.044220023
0.39,0.144,0.46,0.59,0.016317963
0.166,0.268,0.577,0.409,0.0
0.202,0.263,0.656,0.431,0.043904399
0.297,0.283,0.523,0.539,0.062346917
0.369,0.33,0.483,0.497,0.017576601
0.346,0.258,0.394,0.578,0.020502983
0.223,0.357,0.667,0.377,0.0
0.215,0.171,0.587,0.543,0.180518673
0.382,0.367,0.414,0.473,0.005505337
0.274,0.207,0.45,0.538,0.079186742
0.291,0.168,0.421,0.666,0.072007879
0.282,0.318,0.58,0.56,0.086049982
0.245,0.248,0.605,0.554,0.126319655
0.246,0.387,0.616,0.405,0.0
0.331,0.243,0.479,0.609,0.046449624
0.105,0.228,0.517,0.506,0.588331384
0.407,0.327,0.417,0.417,0.0
0.263,0.249,0.532,0.713,0.120741556
0.248,0.213,0.556,0.691,0.141831453
0.16,0.218,0.598,0.586,0.415166492
0.36,0.185,0.522,0.615,0.037211259
0.22,0.38,0.508,0.446,0.049931599
0.432,0.389,0.549,0.509,0.007449673
0.346,0.287,0.532,0.499,0.026295513
0.282,0.322,0.496,0.428,0.014705634
0.336,0.292,0.402,0.526,0.022916658
0.177,0.367,0.635,0.46,0.202056707
0.302,0.226,0.598,0.55,0.064173195
0.222,0.337,0.416,0.467,0.081015912
0.324,0.298,0.614,0.526,0.043812363
0.397,0.234,0.417,0.695,0.006658928
0.194,0.393,0.631,0.445,0.089022141
0.193,0.397,0.599,0.443,0.084765323
0.392,0.237,0.454,0.537,0.011612045
0.297,0.152,0.599,0.582,0.075897996
0.353,0.281,0.478,0.465,0.014669976
0.22,0.364,0.578,0.552,0.172747113
0.149,0.347,0.621,0.493,0.302190715
