0.431,0.577,0.713,0.651,0.00257751
0.4,0.599,0.697,0.651,0.00196361
0.587,0.429,0.633,0.657,0.000997948
0.414,0.545,0.72,0.678,0.006151521
0.548,0.536,0.571,0.75,0.000393686
0.414,0.506,0.886,0.676,0.010295101
0.363,0.596,0.805,0.672,0.003445835
0.431,0.54,0.849,0.586,0.00304203
0.456,0.373,0.766,0.869,0.013388208
0.325,0.543,0.704,0.747,0.015257373
0.651,0.524,0.659,0.649,3.9031e-05
0.542,0.327,0.661,0.825,0.003866987
0.378,0.564,0.726,0.664,0.006130319
0.462,0.413,0.67,0.799,0.011865989
0.526,0.521,0.702,0.703,0.002250322
0.527,0.418,0.668,0.788,0.004934806
0.435,0.503,0.746,0.731,0.008469304
0.389,0.418,0.683,0.842,0.031088168
0.423,0.436,0.833,0.782,0.017498057
0.594,0.544,0.614,0.598,0.000117576
0.551,0.527,0.647,0.605,0.000938678
0.428,0.381,0.708,0.783,0.018292175
0.57,0.484,0.764,0.638,0.001770863
0.419,0.416,0.809,0.723,0.020717896
0.459,0.552,0.783,0.624,0.002666173
0.572,0.366,0.65,0.798,0.001985776
0.379,0.467,0.817,0.789,0.02378691
0.439,0.432,0.703,0.686,0.013823335
0.482,0.521,0.772,0.735,0.004165745
0.364,0.338,0.828,0.739,0.043604678
0.426,0.618,0.727,0.652,0.00082303
0.415,0.369,0.701,0.653,0.020679347
0.524,0.404,0.631,0.802,0.004703027
0.332,0.464,0.815,0.728,0.037975501
0.456,0.506,0.708,0.768,0.006368362
0.356,0.458,0.755,0.54,0.019971965
0.535,0.341,0.623,0.794,0.003822174
0.395,0.52,0.8,0.736,0.011333043
0.471,0.545,0.752,0.689,0.003297902
0.555,0.398,0.633,0.796,0.00269894
0.313,0.417,0.812,0.825,0.072438187
0.564,0.393,0.694,0.8,0.002816034
0.409,0.39,0.767,0.796,0.023723304
0.283,0.446,0.769,0.66,0.077031349
0.477,0.556,0.753,0.652,0.002348141
0.489,0.396,0.707,0.886,0.008711684
0.476,0.497,0.792,0.628,0.005225372
0.573,0.345,0.653,0.761,0.001972766
0.611,0.433,0.625,0.863,0.000254908
0.47,0.581,0.867,0.615,0.000949279
0.369,0.583,0.778,0.696,0.00491023
0.386,0.413,0.726,0.819,0.032849394
0.472,0.423,0.612,0.825,0.008548331
0.39,0.454,0.842,0.766,0.023330582
0.432,0.526,0.746,0.672,0.006441124
0.417,0.497,0.764,0.715,0.011225587
0.582,0.355,0.646,0.815,0.001491862
0.613,0.346,0.671,0.814,0.000813874
0.504,0.6,0.804,0.626,0.000406696
0.611,0.517,0.699,0.787,0.000534391
0.504,0.55,0.73,0.69,0.002060466
0.454,0.485,0.875,0.683,0.008087183
0.381,0.519,0.691,0.713,0.012770454
0.436,0.418,0.796,0.732,0.01687452
0.347,0.383,0.841,0.819,0.051449482
0.409,0.379,0.615,0.779,0.022379857
0.525,0.557,0.816,0.684,0.00145524
0.473,0.514,0.789,0.604,0.003833738
0.332,0.548,0.786,0.562,0.002964449
0.445,0.412,0.751,0.84,0.015137388
0.39,0.557,0.706,0.637,0.005639296
0.601,0.548,0.671,0.626,0.000295385
0.445,0.561,0.801,0.733,0.003575457
0.388,0.383,0.834,0.782,0.032088043
0.417,0.521,0.75,0.653,0.007872752
0.592,0.386,0.6,0.795,0.000257799
0.577,0.451,0.595,0.676,0.000531018
0.564,0.372,0.59,0.795,0.001136726
0.379,0.627,0.831,0.633,0.000225996
0.546,0.421,0.622,0.765,0.002736044
0.45,0.39,0.774,0.83,0.014335078
0.438,0.525,0.76,0.659,0.005877339
0.458,0.438,0.766,0.728,0.011346536
0.4,0.4,0.799,0.806,0.026863635
0.432,0.372,0.688,0.844,0.017332776
0.338,0.432,0.809,0.772,0.048108694
0.421,0.462,0.841,0.648,0.01358722
0.497,0.53,0.731,0.73,0.003056486
0.512,0.447,0.676,0.735,0.0050519
0.428,0.62,0.714,0.66,0.000881818
0.389,0.408,0.812,0.778,0.031575818
0.523,0.51,0.747,0.716,0.002836272
0.462,0.573,0.836,0.631,0.00173906
0.448,0.502,0.75,0.67,0.007114775
0.297,0.566,0.775,0.608,0.007393294
0.345,0.561,0.702,0.749,0.009265831
0.478,0.34,0.762,0.798,0.010311002
0.45,0.601,0.728,0.609,0.000214431
0.437,0.431,0.767,0.702,0.014563002
0.554,0.564,0.72,0.656,0.000717019
0.424,0.375,0.764,0.829,0.019547921
0.609,0.51,0.621,0.685,0.000134923
0.402,0.429,0.672,0.764,0.022431899
0.46,0.311,0.822,0.789,0.012777682
0.572,0.445,0.674,0.819,0.001937108
0.429,0.401,0.911,0.801,0.018468056
0.552,0.61,0.678,0.628,0.000110348
0.401,0.527,0.805,0.661,0.009104888
0.492,0.336,0.782,0.79,0.008686627
0.443,0.483,0.699,0.793,0.009194515
0.395,0.585,0.845,0.683,0.003743147
0.413,0.362,0.855,0.728,0.02236251
0.522,0.541,0.734,0.695,0.001910123
0.511,0.431,0.769,0.807,0.006048402
0.375,0.393,0.785,0.867,0.038626022
0.378,0.402,0.804,0.722,0.036933221
0.328,0.521,0.826,0.62,0.017090397
0.369,0.544,0.861,0.67,0.009631569
0.579,0.375,0.643,0.665,0.001533784
0.424,0.57,0.733,0.674,0.003613525
0.413,0.42,0.695,0.762,0.019371558
0.522,0.348,0.672,0.844,0.005355958
0.485,0.415,0.677,0.899,0.008974302
0.54,0.53,0.724,0.627,0.001446566
0.646,0.553,0.664,0.661,5.2042e-05
0.604,0.444,0.674,0.748,0.000927595
0.528,0.372,0.716,0.867,0.005197424
0.483,0.535,0.686,0.765,0.003270917
0.592,0.501,0.7,0.517,0.000148897
0.45,0.455,0.67,0.692,0.010192945
0.477,0.465,0.604,0.637,0.005802649
0.511,0.579,0.661,0.621,0.000654376
0.483,0.529,0.715,0.682,0.0034627
0.377,0.457,0.808,0.683,0.026180829
0.375,0.48,0.691,0.68,0.021401184
0.499,0.368,0.785,0.85,0.007959488
0.52,0.568,0.628,0.658,0.000928077
0.526,0.462,0.634,0.819,0.003344161
0.381,0.528,0.861,0.642,0.010528324
0.461,0.443,0.711,0.685,0.010118255
0.408,0.557,0.69,0.745,0.005791566
0.516,0.485,0.69,0.585,0.002816034
0.556,0.518,0.664,0.728,0.00138296
0.523,0.523,0.719,0.643,0.002124072
0.515,0.472,0.608,0.63,0.003058895
0.421,0.561,0.813,0.593,0.002117808
0.565,0.514,0.709,0.599,0.00105529
0.349,0.55,0.839,0.647,0.009580973
0.441,0.479,0.731,0.854,0.009932736
0.466,0.372,0.628,0.853,0.010803953
0.503,0.476,0.61,0.706,0.003978299
0.582,0.433,0.652,0.749,0.001393561
0.449,0.354,0.687,0.808,0.014026683
0.333,0.55,0.665,0.664,0.011477122
0.597,0.349,0.685,0.843,0.001369949
0.58,0.515,0.616,0.619,0.00047464
0.623,0.564,0.734,0.598,0.000117094
0.454,0.388,0.7,0.848,0.013346768
0.399,0.427,0.831,0.699,0.023760408
0.38,0.472,0.873,0.688,0.02218711
0.509,0.444,0.661,0.854,0.005301507
0.36,0.46,0.751,0.642,0.028954458
0.47,0.569,0.7,0.679,0.002121663
0.601,0.597,0.603,0.679,5.782e-06
0.552,0.602,0.734,0.626,0.000183592
0.397,0.476,0.754,0.712,0.017506249
0.6,0.322,0.616,0.808,0.000420189
0.332,0.373,0.818,0.73,0.059087564
0.307,0.517,0.799,0.703,0.02589749
0.517,0.364,0.707,0.837,0.005969375
0.426,0.37,0.772,0.86,0.019104603
0.568,0.446,0.582,0.744,0.000556557
0.459,0.552,0.705,0.686,0.003265135
0.496,0.532,0.576,0.662,0.001857118
0.528,0.5,0.688,0.552,0.00132369
0.325,0.505,0.81,0.779,0.026320088
0.363,0.368,0.759,0.804,0.044047996
0.447,0.409,0.809,0.895,0.014876215
0.548,0.417,0.58,0.692,0.001705329
0.416,0.582,0.72,0.596,0.000919885
0.388,0.455,0.824,0.741,0.023694874
0.592,0.386,0.644,0.859,0.00112227
0.551,0.438,0.685,0.76,0.003122502
0.426,0.369,0.744,0.803,0.019012567
0.486,0.432,0.71,0.728,0.007993219
0.315,0.583,0.787,0.619,0.004453902
0.364,0.513,0.826,0.711,0.016174367
0.463,0.427,0.677,0.703,0.010267152
0.4,0.497,0.808,0.77,0.014109564
0.503,0.558,0.587,0.634,0.001061554
0.577,0.513,0.601,0.719,0.000431271
0.552,0.565,0.664,0.643,0.000579205
0.36,0.537,0.818,0.729,0.012266421
0.496,0.375,0.601,0.803,0.006536052
0.368,0.518,0.812,0.79,0.014903682
0.56,0.517,0.577,0.587,0.000290566
0.353,0.417,0.837,0.754,0.04862622
0.359,0.422,0.803,0.732,0.039524223
0.547,0.441,0.701,0.793,0.003370664
0.367,0.659,0.867,0.671,0.000281893
0.626,0.366,0.632,0.846,8.77e-05
0.435,0.555,0.769,0.777,0.004498234
0.368,0.447,0.824,0.755,0.032477874
0.522,0.414,0.631,0.824,0.004858189
0.525,0.412,0.676,0.809,0.005148273
0.62,0.422,0.695,0.86,0.000781589
0.411,0.561,0.735,0.655,0.00457726
0.467,0.4,0.773,0.628,0.010969233
0.501,0.385,0.745,0.812,0.007668922
0.539,0.292,0.639,0.782,0.003802899
0.556,0.573,0.694,0.615,0.000381157
0.64,0.438,0.658,0.718,0.000194193
0.43,0.536,0.866,0.614,0.004613882
0.599,0.479,0.641,0.721,0.000595106
0.481,0.485,0.721,0.785,0.006058039
0.427,0.497,0.669,0.763,0.009727942
0.338,0.332,0.775,0.738,0.055747259
0.606,0.468,0.674,0.884,0.000773879
0.408,0.38,0.727,0.818,0.023889066
0.379,0.564,0.731,0.71,0.006624233
0.461,0.43,0.795,0.651,0.010593377
0.45,0.571,0.828,0.633,0.002068176
0.413,0.527,0.783,0.628,0.007055987
0.463,0.575,0.843,0.673,0.002099015
0.558,0.421,0.64,0.673,0.002310555
0.527,0.527,0.699,0.729,0.002072994
0.37,0.52,0.711,0.892,0.014208347
0.47,0.418,0.712,0.794,0.011045368
0.419,0.468,0.806,0.772,0.01413944
0.505,0.477,0.741,0.843,0.004857225
0.571,0.47,0.643,0.657,0.001356939
0.54,0.434,0.692,0.742,0.003803381
0.33,0.553,0.826,0.699,0.012130052
0.563,0.543,0.675,0.665,0.0008876
0.535,0.549,0.661,0.725,0.001247073
0.557,0.454,0.741,0.748,0.002819889
0.498,0.393,0.724,0.855,0.00783613
0.411,0.343,0.774,0.785,0.023023632
0.546,0.552,0.622,0.645,0.000731957
0.507,0.391,0.653,0.767,0.00637318
0.371,0.598,0.697,0.704,0.003394757
0.542,0.455,0.76,0.692,0.003464628
0.389,0.375,0.675,0.865,0.031032271
0.452,0.624,0.794,0.63,0.000117094
0.529,0.57,0.675,0.626,0.000678951
0.489,0.569,0.855,0.625,0.001343447
0.526,0.604,0.627,0.624,0.000167208
0.334,0.55,0.728,0.698,0.012187394
0.468,0.557,0.756,0.657,0.002583292
0.412,0.47,0.741,0.655,0.014375555
0.409,0.627,0.775,0.669,0.000983492
0.346,0.38,0.838,0.832,0.051931831
0.5,0.547,0.75,0.576,0.00090832
0.464,0.514,0.796,0.63,0.004728566
0.493,0.551,0.553,0.593,0.000725211
0.44,0.65,0.734,0.65,0.0
0.523,0.607,0.779,0.621,0.000167208
0.488,0.468,0.698,0.75,0.006112972
0.526,0.326,0.575,0.8,0.002958667
0.56,0.58,0.671,0.624,0.000294421
0.444,0.554,0.802,0.59,0.001888921
0.527,0.506,0.779,0.66,0.002707132
0.353,0.369,0.815,0.706,0.048366493
0.553,0.456,0.65,0.861,0.002359224
0.545,0.583,0.749,0.627,0.000435608
0.549,0.482,0.631,0.63,0.001772309
0.458,0.398,0.904,0.786,0.013133782
0.574,0.5,0.714,0.572,0.000868325
0.355,0.415,0.845,0.851,0.047812345
0.467,0.361,0.877,0.841,0.011836113
0.498,0.573,0.728,0.697,0.001541494
0.464,0.39,0.67,0.858,0.011594697
0.375,0.543,0.835,0.791,0.010111027
0.53,0.632,0.676,0.668,0.000168172
0.596,0.536,0.6,0.664,4.5777e-05
0.543,0.502,0.723,0.702,0.002290317
0.323,0.342,0.738,0.78,0.064888286
0.475,0.407,0.729,0.764,0.010531697
0.372,0.378,0.816,0.83,0.040134268
0.591,0.488,0.759,0.764,0.001342001
0.393,0.503,0.77,0.606,0.011586024
0.431,0.47,0.755,0.756,0.012006212
0.608,0.53,0.626,0.754,0.000172027
0.542,0.493,0.542,0.737,0.0
0.532,0.469,0.583,0.67,0.00187832
0.534,0.479,0.606,0.679,0.002189606
0.41,0.418,0.805,0.774,0.023377323
0.617,0.511,0.677,0.779,0.000425007
0.636,0.533,0.652,0.807,7.9026e-05
0.441,0.476,0.833,0.806,0.010300883
0.36,0.354,0.804,0.832,0.045518174
0.332,0.419,0.798,0.703,0.050654882
0.402,0.465,0.85,0.738,0.017987152
0.528,0.343,0.638,0.723,0.004473177
0.462,0.408,0.75,0.738,0.012341592
0.511,0.385,0.741,0.808,0.006685912
0.577,0.464,0.659,0.726,0.00140368
0.553,0.432,0.681,0.912,0.00301119
0.569,0.512,0.685,0.663,0.001224425
0.547,0.464,0.733,0.702,0.002948066
0.445,0.464,0.647,0.766,0.009970804
0.356,0.429,0.818,0.745,0.040669141
0.375,0.491,0.827,0.681,0.019489616
0.522,0.384,0.77,0.808,0.005907696
0.451,0.374,0.761,0.742,0.014084507
0.412,0.382,0.808,0.726,0.022621273
0.405,0.566,0.733,0.668,0.004761333
0.411,0.367,0.712,0.76,0.022697408
0.526,0.429,0.748,0.8,0.004956008
0.656,0.371,0.676,0.734,0.000208649
0.63,0.625,0.67,0.655,1.6383e-05
0.494,0.568,0.716,0.572,0.000132995
0.367,0.596,0.859,0.724,0.003850604
0.515,0.52,0.626,0.72,0.002292726
0.416,0.575,0.795,0.591,0.001130943
0.565,0.417,0.663,0.786,0.002516794
0.418,0.63,0.783,0.64,0.000255872
0.507,0.511,0.607,0.713,0.00263437
0.616,0.353,0.703,0.823,0.000982046
0.377,0.401,0.673,0.733,0.036957315
0.534,0.554,0.632,0.678,0.001007103
0.532,0.416,0.704,0.698,0.004806147
0.545,0.549,0.587,0.653,0.000518489
0.434,0.448,0.688,0.611,0.011930559
0.59,0.391,0.678,0.807,0.001567997
0.469,0.415,0.877,0.71,0.011437609
0.483,0.469,0.732,0.801,0.006670493
0.442,0.492,0.904,0.682,0.008703974
0.53,0.45,0.61,0.806,0.003083952
0.569,0.463,0.667,0.697,0.001755444
0.401,0.451,0.789,0.725,0.020546351
0.477,0.546,0.715,0.635,0.002555344
0.334,0.474,0.772,0.742,0.03394757
0.523,0.429,0.64,0.778,0.004357047
0.535,0.392,0.725,0.782,0.004812893
0.535,0.529,0.567,0.713,0.000646666
0.333,0.6,0.809,0.638,0.002839164
0.612,0.384,0.668,0.8,0.000809538
0.524,0.43,0.678,0.794,0.004671706
0.341,0.604,0.757,0.67,0.003370182
0.454,0.627,0.782,0.647,0.000307913
0.34,0.464,0.79,0.694,0.034869864
0.549,0.346,0.597,0.779,0.002258513
0.609,0.414,0.611,0.78,4.9632e-05
0.394,0.45,0.748,0.81,0.022883409
0.36,0.544,0.812,0.72,0.010897435
0.459,0.534,0.759,0.812,0.004551239
0.399,0.537,0.704,0.783,0.008694818
0.587,0.514,0.81,0.664,0.001077456
0.546,0.558,0.626,0.627,0.000606189
0.539,0.383,0.649,0.732,0.003904091
0.444,0.499,0.897,0.725,0.008046225
0.489,0.492,0.568,0.668,0.003272844
0.527,0.528,0.709,0.679,0.002007942
0.405,0.369,0.789,0.823,0.025112046
0.536,0.467,0.645,0.785,0.002868558
0.556,0.512,0.608,0.62,0.000892901
0.483,0.463,0.754,0.693,0.006887815
0.471,0.587,0.859,0.611,0.000648112
0.597,0.475,0.645,0.695,0.000677024
0.374,0.437,0.727,0.653,0.032773741
0.467,0.554,0.687,0.577,0.000929523
0.442,0.496,0.732,0.676,0.008131033
0.424,0.551,0.758,0.633,0.004313197
0.512,0.589,0.654,0.635,0.00054692
0.607,0.465,0.631,0.651,0.000349836
0.533,0.416,0.725,0.728,0.004905894
0.551,0.516,0.749,0.648,0.001679308
0.57,0.538,0.592,0.748,0.00034309
0.476,0.379,0.665,0.803,0.009967431
0.414,0.353,0.79,0.791,0.022134105
0.465,0.536,0.659,0.66,0.003532089
0.58,0.541,0.616,0.769,0.000421634
0.48,0.625,0.774,0.653,0.000312732
0.33,0.597,0.826,0.675,0.004589789
0.578,0.554,0.69,0.714,0.000625464
0.366,0.494,0.772,0.6,0.017008479
0.421,0.434,0.723,0.804,0.017702851
0.497,0.557,0.709,0.672,0.001904822
0.466,0.363,0.736,0.833,0.011776361
0.435,0.503,0.895,0.747,0.008585434
0.443,0.542,0.595,0.627,0.003337897
0.571,0.512,0.673,0.674,0.00116612
0.465,0.44,0.745,0.768,0.010337505
0.563,0.419,0.657,0.809,0.002307664
0.508,0.414,0.646,0.789,0.006206454
0.581,0.573,0.639,0.655,0.000274665
0.614,0.398,0.634,0.86,0.000354173
0.564,0.432,0.598,0.802,0.001275985
0.559,0.389,0.568,0.76,0.000497287
0.401,0.473,0.789,0.687,0.016811396
0.383,0.426,0.881,0.652,0.029253698
0.401,0.566,0.761,0.717,0.005387279
0.358,0.461,0.782,0.797,0.030847234
0.541,0.364,0.557,0.778,0.000988792
0.465,0.536,0.701,0.61,0.002920117
0.434,0.571,0.788,0.671,0.003135512
0.475,0.584,0.691,0.658,0.001297187
0.569,0.41,0.677,0.718,0.002418011
0.5,0.479,0.681,0.669,0.004632675
0.541,0.535,0.627,0.727,0.001235508
0.481,0.56,0.683,0.634,0.001779537
0.532,0.486,0.552,0.808,0.00075605
0.526,0.411,0.619,0.778,0.004335362
0.402,0.293,0.846,0.761,0.026123968
0.451,0.423,0.609,0.685,0.010923938
0.399,0.352,0.695,0.846,0.026829422
0.438,0.404,0.786,0.832,0.016565161
0.5,0.508,0.7,0.804,0.003749893
0.319,0.531,0.797,0.671,0.018386621
0.382,0.606,0.802,0.654,0.001891812
0.43,0.495,0.69,0.609,0.007929131
0.476,0.512,0.766,0.686,0.004831204
0.377,0.455,0.747,0.651,0.026108067
0.555,0.411,0.779,0.812,0.003735919
0.342,0.433,0.81,0.733,0.046238566
0.524,0.477,0.618,0.777,0.002935537
0.602,0.581,0.65,0.727,0.000174918
0.502,0.549,0.772,0.575,0.000785926
0.538,0.566,0.642,0.676,0.000787372
0.458,0.588,0.622,0.664,0.001368986
0.493,0.379,0.703,0.735,0.008185484
0.438,0.568,0.804,0.715,0.003453545
0.364,0.481,0.76,0.735,0.024197943
0.37,0.54,0.77,0.596,0.007001536
0.432,0.397,0.794,0.773,0.017766939
0.416,0.425,0.787,0.81,0.01905208
0.437,0.395,0.815,0.835,0.01679694
0.428,0.407,0.734,0.779,0.018456491
0.527,0.412,0.649,0.779,0.004702064
0.541,0.37,0.626,0.786,0.003473783
0.375,0.425,0.75,0.759,0.033503288
0.372,0.586,0.826,0.652,0.003665567
0.372,0.437,0.848,0.681,0.034344147
0.575,0.524,0.629,0.796,0.000714128
0.356,0.392,0.782,0.678,0.046635625
0.479,0.468,0.748,0.614,0.006189107
0.598,0.494,0.642,0.722,0.00055222
0.519,0.37,0.651,0.857,0.005331865
0.534,0.595,0.684,0.619,0.000229851
0.513,0.501,0.677,0.757,0.003308021
0.614,0.525,0.614,0.549,0.0
0.474,0.495,0.662,0.643,0.005247538
0.542,0.435,0.662,0.738,0.003441498
0.528,0.522,0.718,0.732,0.002232011
0.501,0.459,0.733,0.759,0.005683146
0.401,0.451,0.691,0.819,0.020320355
0.48,0.347,0.718,0.763,0.009816124
0.474,0.547,0.726,0.755,0.003191409
0.537,0.38,0.681,0.8,0.004392223
0.595,0.377,0.681,0.829,0.001406571
0.36,0.511,0.826,0.652,0.016286642
0.482,0.574,0.72,0.618,0.001132389
0.582,0.392,0.688,0.872,0.001908677
0.5,0.528,0.649,0.708,0.002724479
0.53,0.532,0.712,0.592,0.001206115
0.366,0.382,0.774,0.756,0.042757073
0.447,0.523,0.691,0.583,0.003411622
0.427,0.376,0.833,0.803,0.018875716
0.498,0.566,0.754,0.658,0.001570888
0.544,0.528,0.588,0.614,0.000665459
0.478,0.558,0.718,0.636,0.002039264
0.393,0.611,0.891,0.657,0.00157908
0.493,0.332,0.713,0.784,0.008285231
0.477,0.524,0.673,0.688,0.003876143
0.444,0.425,0.72,0.812,0.013329421
0.5,0.481,0.704,0.726,0.004832168
0.417,0.635,0.895,0.697,0.000984937
0.447,0.363,0.749,0.831,0.014770205
0.454,0.489,0.75,0.765,0.00792383
0.544,0.54,0.7,0.588,0.000800864
0.344,0.352,0.792,0.847,0.052927851
0.51,0.419,0.616,0.783,0.004920832
0.432,0.44,0.704,0.85,0.015024631
0.534,0.451,0.704,0.743,0.003778324
0.39,0.409,0.811,0.811,0.031134427
0.34,0.364,0.836,0.788,0.054931939
0.518,0.55,0.582,0.68,0.001015295
0.576,0.435,0.598,0.717,0.000709309
0.342,0.618,0.834,0.744,0.003024201
0.469,0.444,0.712,0.899,0.009384853
0.416,0.448,0.76,0.784,0.017295191
0.461,0.357,0.716,0.825,0.012330027
0.489,0.531,0.741,0.613,0.002572691
0.394,0.58,0.826,0.636,0.003226585
0.349,0.58,0.831,0.682,0.005894686
0.499,0.564,0.795,0.594,0.000805201
0.389,0.48,0.851,0.712,0.01877356
0.515,0.526,0.581,0.724,0.001569925
0.42,0.362,0.756,0.856,0.020537677
0.49,0.336,0.736,0.794,0.008783964
0.411,0.486,0.671,0.754,0.01317715
0.582,0.452,0.61,0.654,0.000692444
0.485,0.553,0.711,0.635,0.002043118
0.507,0.52,0.699,0.566,0.001421991
0.52,0.351,0.642,0.778,0.005156947
0.447,0.524,0.671,0.664,0.005164657
0.492,0.423,0.732,0.772,0.007563875
0.34,0.46,0.697,0.81,0.03643738
0.506,0.539,0.774,0.685,0.00241512
0.548,0.325,0.608,0.763,0.002638225
0.486,0.465,0.674,0.699,0.006202117
0.652,0.341,0.658,0.764,8.1436e-05
0.488,0.377,0.714,0.787,0.008868773
0.591,0.464,0.659,0.646,0.000950243
0.547,0.381,0.653,0.869,0.00345499
0.386,0.457,0.816,0.713,0.023676563
0.386,0.344,0.814,0.784,0.033069125
0.346,0.408,0.768,0.722,0.051618135
0.431,0.414,0.701,0.85,0.017623824
0.41,0.463,0.744,0.673,0.015924759
0.616,0.433,0.672,0.733,0.000688107
0.505,0.331,0.675,0.751,0.006802043
0.453,0.415,0.775,0.687,0.013634443
0.367,0.303,0.805,0.769,0.042390853
0.443,0.546,0.797,0.672,0.004303077
0.512,0.544,0.628,0.678,0.0016875
0.356,0.468,0.83,0.646,0.027761354
0.456,0.383,0.817,0.81,0.013441214
0.516,0.528,0.572,0.668,0.001261529
0.454,0.582,0.842,0.634,0.001505836
0.348,0.624,0.826,0.718,0.002364524
0.561,0.447,0.759,0.699,0.002804951
0.538,0.46,0.674,0.663,0.003060823
0.408,0.446,0.776,0.685,0.019370594
0.49,0.607,0.768,0.731,0.000889528
0.568,0.568,0.63,0.61,0.000265027
0.483,0.503,0.783,0.769,0.00507262
0.308,0.446,0.704,0.796,0.05950438
0.538,0.442,0.647,0.756,0.00339283
0.526,0.376,0.612,0.84,0.004204776
0.452,0.436,0.73,0.68,0.011930077
0.383,0.383,0.823,0.739,0.034465096
0.535,0.416,0.697,0.76,0.004617737
0.465,0.577,0.767,0.645,0.00167208
0.57,0.392,0.59,0.872,0.000821584
0.405,0.492,0.877,0.722,0.01388405
0.338,0.396,0.77,0.81,0.055878327
0.4,0.502,0.708,0.643,0.01209584
0.472,0.593,0.612,0.609,0.000328152
0.431,0.59,0.729,0.654,0.001881211
0.585,0.453,0.593,0.69,0.000229851
0.418,0.38,0.86,0.788,0.021121219
0.552,0.547,0.652,0.655,0.000850014
0.478,0.51,0.688,0.648,0.004326207
0.403,0.495,0.785,0.628,0.012298224
0.595,0.469,0.687,0.697,0.001060591
0.476,0.462,0.7,0.84,0.007433771
0.403,0.448,0.821,0.602,0.017937038
0.536,0.522,0.612,0.592,0.001031197
0.469,0.505,0.797,0.641,0.005210434
0.559,0.497,0.606,0.775,0.00112757
0.492,0.575,0.62,0.659,0.001181539
0.351,0.509,0.827,0.705,0.019157127
0.594,0.557,0.636,0.595,0.00012384
0.315,0.589,0.813,0.669,0.006265242
0.437,0.425,0.706,0.837,0.014474338
0.351,0.474,0.815,0.77,0.029098537
0.425,0.424,0.839,0.738,0.017023417
0.472,0.579,0.798,0.665,0.001690391
0.373,0.419,0.767,0.726,0.034250183
0.537,0.562,0.759,0.605,0.00063992
0.484,0.404,0.623,0.814,0.008414853
0.428,0.413,0.782,0.825,0.018635264
0.503,0.544,0.657,0.594,0.001265384
0.59,0.395,0.614,0.827,0.000714128
0.489,0.413,0.737,0.799,0.008902503
0.348,0.492,0.79,0.772,0.025050367
0.52,0.401,0.814,0.875,0.006121646
0.397,0.456,0.821,0.748,0.02081957
0.468,0.579,0.714,0.673,0.001768454
0.432,0.489,0.836,0.642,0.009435449
0.639,0.485,0.681,0.733,0.00031225
0.351,0.436,0.813,0.798,0.042706477
0.55,0.438,0.568,0.758,0.000884709
0.42,0.399,0.824,0.847,0.020626341
0.581,0.473,0.615,0.671,0.000723283
0.58,0.496,0.805,0.677,0.001480779
0.464,0.478,0.806,0.68,0.007604352
0.551,0.538,0.739,0.706,0.001379105
0.357,0.546,0.799,0.619,0.008389314
0.371,0.496,0.791,0.654,0.018411196
0.429,0.351,0.891,0.795,0.018463719
0.523,0.521,0.625,0.682,0.001946263
0.487,0.398,0.689,0.788,0.00881914
0.396,0.449,0.834,0.801,0.022526345
0.478,0.467,0.833,0.797,0.007310895
0.512,0.567,0.627,0.639,0.000961808
0.421,0.443,0.813,0.797,0.017061967
0.449,0.343,0.773,0.815,0.014483493
0.526,0.43,0.752,0.765,0.004956972
0.492,0.434,0.72,0.741,0.007466538
0.394,0.543,0.799,0.673,0.008075619
0.595,0.514,0.725,0.796,0.000886636
0.561,0.403,0.777,0.769,0.003394757
0.336,0.382,0.805,0.738,0.056838207
0.438,0.321,0.744,0.803,0.01645915
0.348,0.499,0.84,0.686,0.022330225
0.42,0.416,0.838,0.814,0.020622486
0.589,0.508,0.617,0.65,0.000416334
0.353,0.285,0.727,0.749,0.048367457
0.363,0.668,0.783,0.694,0.000387422
0.531,0.504,0.594,0.658,0.001577153
0.461,0.322,0.733,0.782,0.012429292
0.412,0.582,0.652,0.648,0.002708578
0.591,0.41,0.719,0.762,0.00179833
0.495,0.556,0.681,0.584,0.000803273
0.518,0.43,0.694,0.679,0.005073584
0.41,0.465,0.742,0.619,0.014367845
0.502,0.477,0.74,0.695,0.004927096
0.49,0.538,0.756,0.742,0.003079616
0.431,0.55,0.839,0.628,0.003917101
0.529,0.501,0.609,0.713,0.002044564
0.559,0.346,0.729,0.839,0.003336933
0.46,0.535,0.602,0.689,0.003606297
0.497,0.432,0.75,0.798,0.007206329
0.55,0.426,0.644,0.754,0.002803024
0.349,0.565,0.847,0.671,0.00773542
0.49,0.547,0.656,0.631,0.001990595
0.479,0.441,0.789,0.761,0.008816249
0.578,0.43,0.614,0.874,0.001038906
0.533,0.341,0.733,0.795,0.004979138
0.464,0.442,0.73,0.734,0.010116328
0.484,0.525,0.654,0.713,0.003483902
0.452,0.409,0.846,0.732,0.014011745
0.351,0.525,0.823,0.759,0.015660696
0.383,0.489,0.843,0.673,0.018185682
0.387,0.426,0.823,0.81,0.028632089
0.523,0.477,0.721,0.665,0.003590395
0.384,0.412,0.764,0.8,0.033975518
0.603,0.525,0.749,0.595,0.000464038
0.441,0.479,0.711,0.575,0.006823727
0.532,0.562,0.688,0.63,0.000817729
0.528,0.622,0.684,0.654,0.000186001
0.496,0.467,0.782,0.771,0.005840235
0.68,0.406,0.699,0.765,0.000127213
0.448,0.472,0.764,0.722,0.009561698
0.58,0.483,0.656,0.561,0.000677024
0.486,0.574,0.698,0.674,0.00158679
0.493,0.356,0.653,0.722,0.007738793
0.397,0.426,0.833,0.73,0.024613313
0.36,0.584,0.768,0.598,0.001436929
0.397,0.396,0.765,0.864,0.028013371
0.398,0.447,0.737,0.707,0.021919674
0.571,0.427,0.625,0.782,0.001536194
0.56,0.351,0.58,0.813,0.001018668
0.486,0.459,0.798,0.659,0.006691695
0.444,0.443,0.673,0.677,0.012090057
0.44,0.425,0.744,0.851,0.014191
0.549,0.5,0.563,0.642,0.000356582
0.458,0.507,0.74,0.701,0.006153931
0.499,0.578,0.773,0.644,0.001128052
0.342,0.346,0.841,0.778,0.053909898
0.543,0.539,0.619,0.601,0.000742558
0.424,0.349,0.678,0.81,0.019046779
0.571,0.574,0.609,0.664,0.000258763
0.607,0.334,0.683,0.762,0.001064927
0.534,0.581,0.684,0.687,0.000692926
0.487,0.357,0.717,0.802,0.009000322
0.366,0.457,0.746,0.801,0.029642565
0.427,0.525,0.733,0.645,0.006413657
0.481,0.36,0.799,0.83,0.010009353
0.383,0.367,0.721,0.727,0.034145617
0.324,0.361,0.792,0.753,0.064295589
0.546,0.472,0.602,0.82,0.001758335
0.501,0.44,0.847,0.864,0.006848784
0.386,0.439,0.858,0.815,0.028622451
0.54,0.352,0.724,0.85,0.004477513
0.492,0.575,0.688,0.692,0.001483188
0.554,0.405,0.694,0.751,0.003374519
0.636,0.457,0.678,0.625,0.000341644
0.404,0.554,0.785,0.77,0.006520632
0.353,0.52,0.843,0.601,0.012492898
0.569,0.594,0.609,0.66,0.000156125
0.519,0.607,0.641,0.743,0.000517044
0.625,0.536,0.697,0.868,0.000309359
0.373,0.403,0.871,0.813,0.03966541
0.564,0.447,0.638,0.791,0.001895185
0.55,0.418,0.762,0.792,0.004002392
0.445,0.434,0.838,0.798,0.013433504
0.54,0.47,0.661,0.846,0.002797241
0.36,0.432,0.762,0.71,0.038972967
0.49,0.334,0.804,0.77,0.008938643
0.447,0.463,0.811,0.793,0.01050134
0.449,0.334,0.793,0.734,0.014434825
0.518,0.586,0.654,0.638,0.000564267
0.543,0.436,0.605,0.772,0.002544743
0.403,0.54,0.675,0.774,0.00787998
0.578,0.487,0.652,0.879,0.001148772
0.425,0.562,0.784,0.675,0.004180201
0.615,0.52,0.661,0.852,0.000323333
0.615,0.604,0.675,0.63,3.7586e-05
0.548,0.352,0.712,0.804,0.003872288
0.574,0.315,0.63,0.779,0.001621002
0.585,0.348,0.631,0.812,0.001206115
0.439,0.48,0.727,0.748,0.010011762
0.339,0.542,0.794,0.764,0.013803578
0.506,0.326,0.659,0.691,0.0064763
0.389,0.61,0.835,0.632,0.00098831
0.525,0.52,0.703,0.768,0.002353441
0.478,0.524,0.768,0.598,0.002974568
0.489,0.535,0.715,0.686,0.002994325
0.56,0.35,0.716,0.804,0.003191409
0.483,0.412,0.855,0.77,0.009779502
0.448,0.51,0.776,0.732,0.006743255
0.455,0.6,0.714,0.636,0.000809538
0.563,0.52,0.595,0.612,0.00050066
0.385,0.403,0.753,0.847,0.033479195
0.431,0.43,0.849,0.733,0.015818267
0.528,0.393,0.734,0.845,0.005314036
0.486,0.489,0.831,0.571,0.003716163
0.655,0.503,0.708,0.606,0.000199975
0.478,0.614,0.698,0.686,0.000711718
0.356,0.477,0.85,0.719,0.026760033
0.515,0.515,0.707,0.707,0.00282278
0.429,0.386,0.775,0.739,0.018305667
0.547,0.4,0.665,0.8,0.003607261
0.425,0.431,0.761,0.772,0.017004624
0.55,0.474,0.686,0.714,0.002426685
0.459,0.396,0.769,0.802,0.012896703
0.444,0.437,0.752,0.885,0.013514458
0.531,0.42,0.791,0.818,0.004732421
0.457,0.398,0.704,0.858,0.01290875
0.448,0.419,0.644,0.677,0.01180431
0.393,0.489,0.805,0.673,0.016138708
0.366,0.393,0.842,0.806,0.042886213
0.574,0.446,0.712,0.708,0.002031072
0.537,0.463,0.645,0.845,0.002903734
0.586,0.477,0.592,0.699,0.000148415
0.573,0.51,0.661,0.754,0.001114078
0.53,0.455,0.712,0.729,0.003877588
0.549,0.447,0.605,0.64,0.001949636
0.456,0.431,0.696,0.851,0.011452546
0.526,0.428,0.65,0.628,0.003937822
0.366,0.458,0.862,0.644,0.028056739
0.415,0.395,0.809,0.861,0.021904254
0.621,0.449,0.647,0.635,0.000281893
0.396,0.586,0.763,0.664,0.003344161
0.599,0.467,0.639,0.799,0.000631247
0.434,0.378,0.683,0.812,0.016876448
0.51,0.589,0.642,0.673,0.000768097
0.454,0.467,0.802,0.708,0.009292816
0.583,0.376,0.739,0.762,0.00221129
0.463,0.493,0.791,0.755,0.006987562
0.541,0.395,0.625,0.775,0.003453063
0.566,0.56,0.72,0.664,0.000698708
0.625,0.335,0.651,0.703,0.000337789
0.503,0.494,0.581,0.774,0.002906625
0.507,0.546,0.571,0.657,0.001128534
0.461,0.418,0.705,0.824,0.012260156
0.544,0.417,0.794,0.753,0.004428845
0.394,0.55,0.776,0.573,0.0023997
0.473,0.429,0.691,0.889,0.00933763
0.54,0.383,0.738,0.879,0.004567141
0.435,0.578,0.779,0.594,0.000853387
0.446,0.57,0.863,0.646,0.002411265
0.348,0.526,0.782,0.674,0.015176901
0.51,0.532,0.712,0.568,0.001015295
0.539,0.5,0.631,0.694,0.001962165
0.541,0.607,0.667,0.647,0.000227441
0.401,0.566,0.761,0.624,0.003822174
0.389,0.435,0.719,0.925,0.027533431
0.489,0.407,0.611,0.722,0.007540746
0.481,0.42,0.625,0.738,0.007750358
0.553,0.524,0.583,0.786,0.000595588
0.544,0.393,0.588,0.748,0.002258031
0.391,0.523,0.889,0.598,0.008317998
0.588,0.518,0.662,0.71,0.00071991
0.539,0.57,0.673,0.62,0.000551256
0.579,0.326,0.591,0.768,0.000436572
0.378,0.416,0.836,0.738,0.037023331
0.532,0.341,0.75,0.815,0.005151164
0.627,0.435,0.685,0.863,0.000594625
0.492,0.466,0.73,0.716,0.006014671
0.531,0.523,0.678,0.677,0.001913496
0.565,0.474,0.695,0.756,0.001964574
0.616,0.628,0.638,0.66,1.5902e-05
0.492,0.539,0.73,0.617,0.002199244
0.453,0.512,0.781,0.726,0.006270061
0.446,0.601,0.688,0.613,0.00033297
0.54,0.493,0.59,0.549,0.000753159
0.593,0.479,0.669,0.747,0.000965663
0.388,0.602,0.88,0.61,0.000438981
0.314,0.437,0.798,0.761,0.061504612
0.395,0.304,0.869,0.78,0.028870131
0.58,0.508,0.721,0.63,0.001053362
0.562,0.471,0.594,0.793,0.000978191
0.505,0.598,0.624,0.674,0.000630765
0.428,0.4,0.802,0.818,0.018660803
0.575,0.368,0.657,0.812,0.001924097
0.554,0.298,0.632,0.792,0.002742308
0.393,0.564,0.771,0.676,0.005719768
0.414,0.548,0.77,0.71,0.006235366
0.396,0.557,0.818,0.605,0.004059252
0.421,0.498,0.685,0.754,0.010336059
0.48,0.415,0.738,0.621,0.009212826
0.408,0.544,0.675,0.788,0.00702081
0.395,0.513,0.883,0.707,0.012173902
0.37,0.476,0.828,0.736,0.024133373
0.372,0.519,0.8,0.739,0.014184735
0.596,0.548,0.656,0.702,0.000371038
0.57,0.472,0.61,0.726,0.001025414
0.518,0.556,0.732,0.587,0.000687625
0.506,0.502,0.72,0.818,0.003811572
0.488,0.37,0.837,0.852,0.009216199
0.615,0.374,0.625,0.848,0.000199011
0.455,0.557,0.833,0.623,0.002480172
0.452,0.444,0.839,0.696,0.011556148
0.604,0.564,0.614,0.578,1.3974e-05
0.482,0.423,0.694,0.723,0.008306433
0.553,0.554,0.68,0.668,0.000836522
0.476,0.53,0.83,0.734,0.004022149
0.505,0.463,0.747,0.791,0.005339093
0.595,0.579,0.597,0.698,1.1083e-05
0.415,0.538,0.741,0.69,0.006941302
0.512,0.411,0.656,0.893,0.005958774
0.547,0.452,0.621,0.696,0.002335612
0.409,0.609,0.749,0.631,0.000846159
0.488,0.337,0.56,0.783,0.005690374
0.352,0.354,0.811,0.79,0.049135554
0.514,0.518,0.606,0.724,0.002147684
0.524,0.321,0.664,0.799,0.005125143
0.483,0.463,0.623,0.629,0.005599301
0.487,0.499,0.681,0.778,0.004762297
0.506,0.575,0.565,0.777,0.000771952
0.44,0.431,0.886,0.835,0.014332669
0.584,0.435,0.742,0.713,0.001980476
0.444,0.513,0.646,0.721,0.006345714
0.549,0.576,0.551,0.58,3.373e-06
0.52,0.529,0.732,0.705,0.002297545
0.515,0.522,0.619,0.718,0.002177078
0.623,0.399,0.647,0.779,0.000341162
0.562,0.49,0.706,0.748,0.00191205
0.562,0.525,0.648,0.725,0.001086611
0.349,0.403,0.821,0.695,0.050085315
0.355,0.617,0.733,0.625,0.000448137
0.542,0.572,0.69,0.71,0.000798936
0.487,0.387,0.747,0.781,0.009188733
0.515,0.548,0.799,0.666,0.001843143
0.427,0.446,0.839,0.718,0.015356156
0.493,0.593,0.763,0.671,0.000981564
0.452,0.494,0.734,0.72,0.007607243
0.549,0.446,0.669,0.746,0.002928791
0.522,0.562,0.718,0.738,0.001369468
0.565,0.499,0.709,0.845,0.001700029
0.582,0.551,0.696,0.701,0.000608599
0.443,0.346,0.837,0.83,0.015614918
0.348,0.473,0.75,0.74,0.029923976
0.493,0.356,0.655,0.828,0.007824084
0.541,0.393,0.652,0.837,0.003819282
0.452,0.547,0.794,0.659,0.003682432
0.546,0.432,0.678,0.801,0.003375964
0.454,0.58,0.728,0.6,0.000737739
0.494,0.403,0.718,0.677,0.008054898
0.457,0.477,0.759,0.709,0.008331972
0.524,0.459,0.62,0.849,0.003365845
0.578,0.586,0.602,0.702,0.000135405
0.654,0.414,0.748,0.8,0.000703527
0.586,0.417,0.69,0.899,0.001805558
0.503,0.598,0.699,0.598,0.0
0.497,0.491,0.779,0.721,0.004856743
0.459,0.352,0.685,0.836,0.012446157
0.403,0.533,0.855,0.654,0.008093448
0.571,0.58,0.587,0.694,0.000116612
0.364,0.329,0.753,0.815,0.043623952
0.403,0.536,0.728,0.667,0.007906001
0.395,0.393,0.821,0.849,0.028882178
0.576,0.515,0.622,0.646,0.00063221
0.518,0.482,0.644,0.726,0.003399576
0.358,0.379,0.766,0.865,0.046362888
0.528,0.451,0.554,0.653,0.001226353
0.348,0.521,0.842,0.583,0.010854067
0.54,0.545,0.624,0.721,0.001074565
0.593,0.606,0.72,0.686,0.00019082
0.518,0.571,0.694,0.675,0.001089021
0.412,0.611,0.804,0.627,0.000589806
0.332,0.367,0.816,0.823,0.059279348
0.376,0.489,0.707,0.713,0.019691518
0.489,0.528,0.739,0.624,0.002890724
0.546,0.372,0.758,0.77,0.0042573
0.375,0.548,0.833,0.682,0.008867809
0.449,0.595,0.571,0.603,0.000183592
0.502,0.361,0.698,0.823,0.007277164
0.548,0.53,0.685,0.706,0.001422955
0.427,0.509,0.778,0.588,0.005963593
0.516,0.433,0.766,0.815,0.005687483
0.55,0.371,0.712,0.786,0.003740256
0.493,0.47,0.855,0.685,0.005867219
0.504,0.35,0.656,0.847,0.006723498
0.362,0.476,0.814,0.631,0.023982067
0.556,0.619,0.594,0.677,9.9747e-05
0.491,0.47,0.617,0.754,0.005120325
0.605,0.628,0.625,0.745,3.2285e-05
0.53,0.368,0.656,0.633,0.004308378
0.401,0.493,0.791,0.709,0.014269062
0.394,0.422,0.752,0.744,0.025611743
0.328,0.554,0.816,0.637,0.010117773
0.45,0.569,0.798,0.673,0.002712914
0.51,0.5,0.615,0.746,0.00296975
0.498,0.385,0.726,0.683,0.007709881
0.405,0.548,0.803,0.718,0.007008282
0.327,0.456,0.809,0.77,0.043592149
0.457,0.471,0.819,0.809,0.008937198
0.392,0.5,0.858,0.65,0.013999216
0.532,0.495,0.608,0.614,0.001776646
0.326,0.532,0.792,0.692,0.017407466
0.582,0.586,0.608,0.648,0.000101192
0.451,0.469,0.767,0.724,0.009514475
0.373,0.309,0.765,0.777,0.039550726
0.383,0.333,0.705,0.792,0.034173566
0.433,0.394,0.655,0.842,0.016819587
0.337,0.433,0.773,0.691,0.048053761
0.654,0.44,0.692,0.65,0.000308395
0.52,0.404,0.668,0.864,0.005476907
0.519,0.579,0.667,0.747,0.000982046
0.378,0.621,0.832,0.673,0.001592572
0.504,0.345,0.647,0.756,0.006590021
0.47,0.469,0.798,0.67,0.007571103
0.402,0.437,0.86,0.783,0.023044353
0.472,0.464,0.8,0.85,0.007989846
0.435,0.502,0.777,0.732,0.008675544
0.406,0.422,0.834,0.766,0.021845466
0.662,0.523,0.692,0.691,0.000104565
0.311,0.395,0.78,0.861,0.074117978
0.454,0.504,0.666,0.67,0.006182361
0.485,0.574,0.74,0.65,0.001481743
0.35,0.522,0.797,0.616,0.013544334
0.459,0.372,0.672,0.85,0.012354121
0.59,0.545,0.688,0.645,0.000482831
0.483,0.361,0.789,0.773,0.009727942
0.566,0.588,0.716,0.658,0.000366219
0.34,0.568,0.754,0.68,0.008174883
0.559,0.434,0.592,0.69,0.001328509
0.433,0.49,0.732,0.716,0.009850819
0.384,0.401,0.744,0.809,0.03392444
0.541,0.498,0.675,0.672,0.002188642
0.508,0.549,0.756,0.655,0.001861454
0.435,0.362,0.679,0.778,0.016633105
0.501,0.463,0.574,0.791,0.003589431
0.41,0.505,0.774,0.703,0.011144151
0.352,0.485,0.838,0.771,0.026015548
0.439,0.334,0.791,0.803,0.016348321
0.603,0.421,0.621,0.741,0.000382603
0.397,0.518,0.742,0.641,0.010126447
0.458,0.465,0.684,0.749,0.008747824
0.577,0.366,0.607,0.754,0.001017704
0.429,0.559,0.857,0.713,0.004435109
0.481,0.485,0.838,0.625,0.005541477
0.569,0.525,0.639,0.611,0.000697262
0.367,0.363,0.855,0.799,0.042455424
0.4,0.445,0.678,0.871,0.021681149
0.418,0.499,0.686,0.729,0.010595786
0.554,0.421,0.68,0.745,0.002948066
0.557,0.522,0.641,0.762,0.001200814
0.43,0.328,0.706,0.806,0.017843074
0.404,0.449,0.794,0.673,0.01971513
0.629,0.376,0.677,0.832,0.000566676
0.523,0.536,0.664,0.658,0.001693283
0.423,0.419,0.845,0.751,0.017458062
0.51,0.537,0.692,0.693,0.002229119
0.509,0.429,0.617,0.787,0.005009013
0.596,0.495,0.656,0.575,0.000445727
0.426,0.439,0.791,0.867,0.016622504
0.548,0.366,0.622,0.75,0.00293891
0.374,0.57,0.834,0.614,0.003814464
0.43,0.566,0.778,0.612,0.002335612
0.415,0.363,0.881,0.813,0.021923529
0.472,0.497,0.808,0.731,0.006128874
0.39,0.567,0.832,0.573,0.000565231
0.351,0.474,0.827,0.672,0.028373326
0.522,0.54,0.672,0.622,0.00143211
0.41,0.382,0.808,0.854,0.023425992
0.382,0.515,0.876,0.672,0.013229674
0.451,0.359,0.807,0.802,0.014211238
0.506,0.479,0.54,0.781,0.001683163
0.54,0.399,0.603,0.799,0.003018418
0.44,0.614,0.742,0.642,0.000641366
0.404,0.365,0.882,0.833,0.025518742
0.504,0.468,0.614,0.71,0.004204776
0.498,0.456,0.764,0.696,0.006085024
0.401,0.418,0.793,0.762,0.026415498
0.523,0.469,0.701,0.729,0.00382892
0.397,0.519,0.763,0.569,0.005738561
0.589,0.423,0.661,0.721,0.001297669
0.553,0.464,0.618,0.778,0.001854708
0.535,0.629,0.775,0.639,5.5897e-05
0.432,0.368,0.802,0.83,0.017811753
0.51,0.512,0.71,0.634,0.00280736
0.515,0.379,0.607,0.801,0.004917458
0.457,0.428,0.707,0.735,0.011315214
0.428,0.445,0.73,0.841,0.015254
0.629,0.381,0.673,0.843,0.000531018
0.543,0.421,0.637,0.817,0.003111419
0.363,0.494,0.761,0.752,0.021186753
0.45,0.5,0.686,0.602,0.005699048
0.388,0.363,0.852,0.835,0.032130447
0.391,0.469,0.707,0.867,0.01998883
0.549,0.605,0.711,0.613,7.1316e-05
0.573,0.612,0.763,0.706,0.000271291
0.597,0.471,0.697,0.831,0.001085166
0.473,0.429,0.708,0.887,0.009434003
0.548,0.407,0.668,0.857,0.003567747
0.357,0.411,0.831,0.745,0.046751273
0.516,0.358,0.744,0.718,0.00625175
0.42,0.441,0.782,0.755,0.017561663
0.532,0.657,0.676,0.663,2.5539e-05
0.51,0.602,0.742,0.726,0.000770506
0.391,0.559,0.861,0.679,0.006348123
0.416,0.624,0.816,0.648,0.000635101
0.38,0.504,0.751,0.736,0.016029325
0.541,0.35,0.725,0.828,0.004413425
0.473,0.404,0.85,0.784,0.011033803
0.41,0.406,0.826,0.79,0.023408163
0.389,0.365,0.757,0.849,0.031532932
0.418,0.551,0.796,0.689,0.005591109
0.537,0.411,0.763,0.711,0.00481723
0.48,0.542,0.736,0.872,0.003279591
0.641,0.492,0.681,0.75,0.000279483
0.373,0.526,0.827,0.736,0.012882247
0.587,0.427,0.639,0.749,0.001116005
0.357,0.492,0.827,0.672,0.0224425
0.561,0.506,0.673,0.784,0.001565106
0.446,0.423,0.63,0.847,0.012244737
0.55,0.557,0.614,0.621,0.000485723
0.512,0.487,0.732,0.65,0.003828438
0.477,0.564,0.599,0.642,0.001561733
0.383,0.554,0.861,0.6,0.004576778
0.443,0.429,0.749,0.785,0.013646008
0.435,0.533,0.689,0.612,0.004355119
0.538,0.559,0.656,0.656,0.000863507
0.431,0.481,0.688,0.754,0.010792388
0.372,0.546,0.76,0.628,0.007869861
0.576,0.511,0.701,0.676,0.001143472
0.618,0.476,0.74,0.682,0.000831222
0.464,0.389,0.702,0.786,0.01180961
0.323,0.412,0.821,0.684,0.064410274
0.512,0.599,0.748,0.755,0.000827367
0.618,0.591,0.748,0.621,0.000103602
0.369,0.368,0.803,0.859,0.041532165
0.482,0.539,0.748,0.711,0.003252124
0.447,0.583,0.805,0.655,0.001898076
0.378,0.53,0.856,0.744,0.011715164
0.496,0.462,0.796,0.712,0.005994914
0.431,0.435,0.793,0.799,0.015866935
0.417,0.488,0.736,0.592,0.009416656
0.436,0.511,0.852,0.807,0.007810591
0.272,0.555,0.73,0.675,0.017464326
0.413,0.578,0.829,0.71,0.00387807
0.612,0.505,0.632,0.68,0.000202384
0.448,0.413,0.716,0.729,0.014296047
0.39,0.483,0.802,0.791,0.018213148
0.571,0.496,0.615,0.653,0.000861097
0.347,0.595,0.767,0.599,0.000339235
0.433,0.48,0.772,0.772,0.010934539
0.354,0.492,0.757,0.708,0.023448639
0.514,0.402,0.686,0.81,0.006069604
0.483,0.482,0.781,0.635,0.005649897
0.459,0.417,0.795,0.821,0.012938144
0.499,0.535,0.697,0.634,0.002293208
0.51,0.407,0.64,0.757,0.005925044
0.391,0.38,0.744,0.716,0.030342237
0.58,0.543,0.606,0.645,0.000271291
0.405,0.481,0.736,0.559,0.009332811
0.383,0.424,0.699,0.868,0.029934095
0.512,0.568,0.786,0.592,0.000547883
0.504,0.483,0.556,0.681,0.002281161
0.497,0.362,0.629,0.816,0.00705936
0.578,0.528,0.628,0.8,0.000636547
0.403,0.344,0.771,0.778,0.025745702
0.616,0.56,0.624,0.634,3.2767e-05
0.385,0.495,0.793,0.707,0.016945837
0.497,0.602,0.767,0.616,0.000245752
0.613,0.542,0.667,0.628,0.000221177
0.589,0.353,0.607,0.768,0.000573422
0.509,0.393,0.829,0.821,0.007012137
0.525,0.464,0.645,0.788,0.003456436
0.478,0.621,0.692,0.665,0.000458738
0.455,0.621,0.839,0.623,3.2767e-05
0.426,0.537,0.798,0.719,0.006381854
0.385,0.454,0.757,0.764,0.024877377
0.37,0.375,0.858,0.811,0.041094148
0.534,0.399,0.696,0.763,0.004665924
0.322,0.503,0.798,0.533,0.009348231
0.523,0.53,0.767,0.724,0.002272969
0.63,0.358,0.63,0.848,0.0
0.441,0.369,0.938,0.869,0.0160539
0.458,0.544,0.794,0.652,0.003520524
0.448,0.521,0.752,0.695,0.00581566
0.569,0.589,0.631,0.639,0.000200939
0.437,0.365,0.857,0.786,0.01680224
0.381,0.597,0.817,0.603,0.000416815
0.443,0.554,0.803,0.694,0.003936858
0.385,0.435,0.847,0.757,0.029400186
0.552,0.37,0.67,0.834,0.003327296
0.404,0.565,0.836,0.7,0.005264885
0.367,0.435,0.825,0.774,0.036695661
0.606,0.575,0.636,0.593,3.3249e-05
0.378,0.409,0.787,0.835,0.037106212
0.372,0.359,0.754,0.785,0.040019583
0.419,0.532,0.79,0.663,0.00685553
0.476,0.353,0.806,0.711,0.01053748
0.389,0.466,0.865,0.68,0.020862938
0.606,0.361,0.646,0.781,0.000707863
0.55,0.446,0.574,0.646,0.001053844
0.61,0.394,0.642,0.844,0.000551738
0.386,0.503,0.642,0.683,0.014453136
0.494,0.464,0.838,0.662,0.005898059
0.333,0.417,0.781,0.785,0.058622562
0.527,0.684,0.751,0.686,4.337e-06
0.506,0.462,0.784,0.654,0.005068283
0.378,0.404,0.797,0.828,0.037112958
0.464,0.468,0.674,0.694,0.007827939
0.472,0.456,0.774,0.758,0.008454366
0.564,0.561,0.731,0.679,0.000757978
0.564,0.495,0.61,0.719,0.001055772
0.391,0.47,0.807,0.81,0.020098696
0.452,0.466,0.826,0.848,0.009774202
0.557,0.418,0.634,0.77,0.002600639
0.49,0.451,0.694,0.679,0.006630498
0.585,0.535,0.635,0.673,0.000489577
0.377,0.487,0.713,0.645,0.019012567
0.517,0.461,0.685,0.809,0.004318497
0.577,0.409,0.611,0.787,0.001129979
0.389,0.43,0.841,0.812,0.027787375
0.48,0.476,0.67,0.686,0.006120682
0.394,0.345,0.732,0.793,0.02907348
0.428,0.574,0.668,0.718,0.003417887
0.474,0.502,0.72,0.698,0.00545956
0.412,0.414,0.785,0.778,0.022705118
0.454,0.546,0.778,0.578,0.001624857
0.401,0.535,0.803,0.715,0.008668797
0.462,0.52,0.728,0.68,0.00492035
0.412,0.361,0.713,0.802,0.022422262
0.401,0.549,0.757,0.707,0.007063697
0.406,0.469,0.65,0.713,0.015849588
0.357,0.474,0.798,0.756,0.027503555
0.466,0.371,0.772,0.817,0.011895865
0.441,0.491,0.719,0.851,0.00896611
0.36,0.455,0.845,0.789,0.032270189
0.54,0.616,0.736,0.618,1.542e-05
0.455,0.452,0.716,0.774,0.010286909
0.453,0.47,0.679,0.796,0.008956954
0.493,0.453,0.769,0.669,0.006498466
0.434,0.362,0.688,0.68,0.016583472
0.359,0.439,0.849,0.761,0.038957547
0.611,0.565,0.721,0.701,0.000315623
0.421,0.478,0.768,0.75,0.012731905
0.502,0.453,0.79,0.83,0.006042137
0.518,0.357,0.778,0.851,0.006224765
0.45,0.419,0.836,0.78,0.012673599
0.642,0.338,0.703,0.734,0.000559448
0.427,0.432,0.671,0.784,0.016063055
0.433,0.528,0.677,0.716,0.006283553
0.539,0.506,0.549,0.806,0.000314178
0.612,0.565,0.666,0.577,3.4694e-05
0.469,0.546,0.747,0.671,0.003202974
0.568,0.41,0.574,0.874,0.00031466
0.493,0.346,0.693,0.816,0.008165728
0.48,0.406,0.708,0.712,0.009684574
0.495,0.323,0.597,0.74,0.006490756
0.624,0.488,0.674,0.716,0.000411515
0.564,0.373,0.608,0.829,0.001702438
0.553,0.366,0.603,0.853,0.002183824
0.536,0.563,0.72,0.607,0.000627392
0.527,0.496,0.699,0.708,0.002926864
0.336,0.398,0.768,0.75,0.056830015
0.387,0.442,0.839,0.734,0.027235637
0.514,0.362,0.688,0.792,0.006083578
0.33,0.505,0.75,0.685,0.024396473
0.351,0.438,0.81,0.764,0.042295444
0.558,0.458,0.634,0.756,0.001952046
0.424,0.53,0.806,0.643,0.006272952
0.397,0.429,0.732,0.688,0.024187824
0.534,0.369,0.636,0.823,0.004084309
0.566,0.547,0.582,0.658,0.000218768
0.411,0.526,0.813,0.634,0.007526289
0.421,0.468,0.859,0.74,0.013759728
0.483,0.421,0.689,0.693,0.008093929
0.524,0.547,0.649,0.769,0.00152993
0.58,0.445,0.612,0.751,0.000877963
0.389,0.567,0.752,0.613,0.003699779
0.473,0.407,0.664,0.81,0.010333168
0.463,0.438,0.58,0.871,0.008613383
0.544,0.554,0.76,0.582,0.000478013
0.463,0.538,0.706,0.646,0.00350896
0.503,0.604,0.721,0.68,0.000690516
0.558,0.353,0.684,0.81,0.003084916
0.335,0.566,0.809,0.703,0.009134763
0.629,0.413,0.671,0.743,0.000512707
0.515,0.394,0.761,0.727,0.006397756
0.628,0.514,0.668,0.683,0.000247198
0.347,0.469,0.831,0.849,0.031533895
0.609,0.559,0.615,0.63,3.0358e-05
0.407,0.398,0.821,0.739,0.024368525
0.487,0.369,0.618,0.796,0.007965753
0.571,0.478,0.691,0.798,0.001708221
0.495,0.554,0.801,0.598,0.001275022
0.459,0.283,0.803,0.758,0.012910196
0.417,0.582,0.701,0.709,0.003317176
0.396,0.403,0.787,0.893,0.02843886
0.374,0.406,0.728,0.826,0.038944055
0.527,0.574,0.674,0.584,0.000186965
0.438,0.439,0.79,0.837,0.014400612
0.498,0.516,0.71,0.661,0.003302238
0.403,0.552,0.875,0.577,0.002331275
0.399,0.333,0.699,0.808,0.026835687
0.372,0.453,0.84,0.659,0.028420067
0.484,0.476,0.782,0.587,0.004908303
0.405,0.583,0.811,0.73,0.003902164
0.473,0.358,0.715,0.814,0.010701315
0.46,0.407,0.75,0.891,0.012687573
0.43,0.578,0.84,0.61,0.001559805
0.442,0.614,0.74,0.664,0.000946388
0.524,0.391,0.68,0.783,0.005262476
0.541,0.456,0.691,0.808,0.003230922
0.464,0.399,0.778,0.815,0.012171975
0.576,0.456,0.664,0.77,0.001562215
0.608,0.614,0.676,0.614,0.0
0.619,0.442,0.629,0.68,0.000153234
0.481,0.336,0.727,0.766,0.009770347
0.524,0.578,0.637,0.726,0.000861579
0.511,0.518,0.729,0.564,0.001388742
0.597,0.308,0.625,0.758,0.000687625
0.542,0.442,0.61,0.84,0.002622323
0.565,0.51,0.673,0.663,0.00130297
0.601,0.51,0.649,0.635,0.00041537
0.344,0.552,0.778,0.633,0.009075012
0.471,0.536,0.613,0.744,0.003336933
0.594,0.442,0.624,0.885,0.000663532
0.389,0.48,0.798,0.568,0.012942963
0.424,0.434,0.698,0.784,0.016906805
0.421,0.423,0.797,0.879,0.017942821
0.531,0.394,0.613,0.746,0.003866987
0.554,0.547,0.676,0.767,0.001018186
0.543,0.571,0.685,0.731,0.000802309
0.488,0.38,0.692,0.717,0.008669761
0.421,0.53,0.798,0.804,0.007456419
0.378,0.428,0.795,0.764,0.032353552
0.392,0.487,0.726,0.815,0.017123164
0.368,0.414,0.738,0.788,0.041793819
0.472,0.437,0.681,0.919,0.009380998
0.488,0.586,0.645,0.624,0.000687625
0.482,0.378,0.632,0.808,0.00880613
0.453,0.397,0.875,0.721,0.013837309
0.348,0.501,0.682,0.659,0.020967021
0.551,0.446,0.63,0.802,0.002427649
0.436,0.418,0.696,0.692,0.016304471
0.54,0.379,0.621,0.641,0.003282482
0.442,0.414,0.782,0.687,0.015520954
0.494,0.42,0.744,0.766,0.00744389
0.431,0.518,0.754,0.736,0.007514243
0.466,0.359,0.598,0.729,0.010036338
0.503,0.586,0.781,0.664,0.000991683
0.547,0.334,0.654,0.798,0.003467519
0.413,0.466,0.815,0.798,0.01553011
0.414,0.613,0.832,0.647,0.001036497
0.438,0.461,0.871,0.681,0.011630837
0.572,0.549,0.62,0.576,0.000186001
0.498,0.6,0.716,0.63,0.000458256
0.556,0.649,0.686,0.671,6.6498e-05
0.412,0.45,0.764,0.81,0.017954867
0.421,0.392,0.737,0.714,0.02001726
0.574,0.456,0.662,0.738,0.001605583
0.592,0.567,0.6,0.711,6.1197e-05
0.551,0.521,0.695,0.707,0.001547277
0.45,0.557,0.812,0.709,0.003546545
0.52,0.48,0.576,0.632,0.002006015
0.438,0.529,0.662,0.621,0.004624483
0.493,0.413,0.763,0.873,0.008554113
0.467,0.386,0.727,0.878,0.011579278
0.483,0.459,0.749,0.837,0.007216931
0.548,0.394,0.662,0.708,0.003468965
0.304,0.394,0.714,0.778,0.079802569
0.474,0.364,0.814,0.849,0.010900326
0.385,0.467,0.845,0.691,0.021794388
0.503,0.489,0.749,0.674,0.004427881
0.536,0.58,0.678,0.598,0.000206721
0.397,0.512,0.857,0.724,0.012206187
0.556,0.319,0.72,0.803,0.003436198
0.594,0.557,0.658,0.579,0.000103602
0.465,0.574,0.742,0.724,0.002288389
0.348,0.583,0.716,0.621,0.003416441
0.384,0.463,0.864,0.683,0.022802455
0.397,0.464,0.782,0.678,0.018971608
0.619,0.397,0.7,0.808,0.000905429
0.507,0.494,0.663,0.742,0.003769168
0.388,0.512,0.752,0.664,0.01282105
0.505,0.482,0.569,0.686,0.002684002
0.499,0.449,0.761,0.679,0.006312465
0.339,0.576,0.779,0.632,0.005374269
0.605,0.354,0.683,0.789,0.001113596
0.553,0.609,0.654,0.725,0.00029924
0.418,0.549,0.826,0.693,0.005778074
0.525,0.345,0.681,0.803,0.005184895
0.562,0.5,0.624,0.668,0.001187322
0.603,0.429,0.609,0.757,0.000157571
0.56,0.418,0.66,0.842,0.002767365
0.435,0.395,0.758,0.749,0.017064376
0.6,0.428,0.6,0.86,0.0
0.353,0.491,0.745,0.673,0.02343852
0.388,0.415,0.862,0.703,0.031854337
0.48,0.567,0.74,0.694,0.002081668
0.408,0.479,0.78,0.767,0.014953314
0.347,0.552,0.811,0.622,0.008238972
0.555,0.31,0.745,0.764,0.003648219
0.484,0.402,0.798,0.776,0.009622895
0.413,0.324,0.806,0.736,0.022356246
0.378,0.559,0.751,0.717,0.007272345
0.479,0.345,0.643,0.829,0.009325101
0.433,0.528,0.755,0.668,0.006186698
0.389,0.489,0.829,0.705,0.017223874
0.507,0.57,0.721,0.594,0.000533909
0.474,0.377,0.73,0.839,0.01068445
0.594,0.577,0.67,0.665,0.000242861
0.498,0.581,0.71,0.643,0.000986865
0.57,0.462,0.586,0.752,0.000504033
0.454,0.563,0.738,0.613,0.001917351
0.42,0.609,0.822,0.625,0.000566194
0.506,0.435,0.73,0.646,0.006006479
0.435,0.513,0.723,0.763,0.007512315
0.559,0.53,0.771,0.788,0.001460059
0.466,0.41,0.879,0.844,0.011983564
0.599,0.614,0.599,0.78,0.0
0.436,0.48,0.82,0.714,0.010460381
0.522,0.553,0.64,0.693,0.001345374
0.543,0.555,0.607,0.701,0.000725693
0.41,0.345,0.834,0.731,0.023315162
0.404,0.357,0.836,0.685,0.025111083
0.422,0.55,0.789,0.776,0.005667244
0.49,0.504,0.736,0.683,0.004429809
0.407,0.458,0.897,0.712,0.017742846
0.403,0.567,0.873,0.639,0.004179719
0.541,0.366,0.699,0.822,0.004239953
0.382,0.411,0.776,0.709,0.034780237
0.416,0.516,0.824,0.666,0.008798902
0.428,0.427,0.777,0.648,0.01560769
0.523,0.534,0.747,0.656,0.001946263
0.421,0.595,0.669,0.647,0.001644614
0.54,0.371,0.682,0.741,0.004176346
0.567,0.422,0.567,0.792,0.0
0.624,0.294,0.658,0.78,0.000461629
0.374,0.45,0.778,0.584,0.024765102
0.392,0.441,0.828,0.581,0.021151577
0.56,0.462,0.67,0.75,0.002156357
0.416,0.446,0.826,0.762,0.01772598
0.387,0.405,0.795,0.865,0.032590631
0.615,0.481,0.631,0.683,0.000189856
0.521,0.387,0.727,0.823,0.005812287
0.585,0.498,0.603,0.656,0.000341644
0.605,0.51,0.615,0.736,0.000134441
0.395,0.437,0.773,0.819,0.025374182
0.608,0.36,0.686,0.802,0.001055772
0.516,0.454,0.73,0.658,0.004655323
0.421,0.387,0.767,0.797,0.020273614
0.479,0.589,0.675,0.741,0.00135983
0.415,0.485,0.839,0.819,0.013117881
0.412,0.645,0.856,0.739,0.000918921
0.496,0.566,0.774,0.666,0.001668226
0.531,0.413,0.609,0.811,0.003782179
0.388,0.485,0.776,0.667,0.017724053
0.612,0.487,0.622,0.679,0.000122876
0.476,0.392,0.732,0.756,0.010407376
0.368,0.505,0.84,0.643,0.016357476
0.381,0.377,0.831,0.821,0.035586883
0.651,0.469,0.697,0.737,0.000311286
0.526,0.549,0.639,0.634,0.001115042
0.436,0.47,0.803,0.704,0.011204866
0.461,0.346,0.751,0.79,0.012530002
0.52,0.401,0.782,0.881,0.006083096
0.445,0.548,0.69,0.682,0.004016848
0.518,0.367,0.685,0.77,0.005738079
0.365,0.469,0.786,0.807,0.026830386
0.437,0.415,0.853,0.737,0.016731406
0.419,0.555,0.845,0.683,0.005128998
0.51,0.524,0.712,0.581,0.001575707
0.491,0.605,0.727,0.627,0.000358509
0.537,0.458,0.654,0.704,0.003061787
0.41,0.534,0.87,0.742,0.007986955
0.375,0.6,0.739,0.634,0.001802185
0.312,0.538,0.784,0.732,0.018513352
0.374,0.579,0.824,0.615,0.002964449
0.376,0.606,0.787,0.634,0.001353084
0.448,0.54,0.654,0.639,0.003731582
0.466,0.511,0.778,0.783,0.005583399
0.484,0.531,0.728,0.809,0.003551364
0.49,0.344,0.626,0.828,0.007786016
0.595,0.53,0.617,0.661,0.000245752
0.468,0.563,0.792,0.667,0.002418011
0.51,0.61,0.641,0.662,0.000416815
0.505,0.521,0.699,0.709,0.002964931
0.46,0.346,0.772,0.7,0.01258108
0.368,0.55,0.786,0.581,0.003999019
0.56,0.597,0.584,0.621,5.0596e-05
0.47,0.418,0.692,0.732,0.010871896
0.37,0.601,0.828,0.669,0.002801096
0.443,0.457,0.745,0.805,0.011445318
0.518,0.54,0.734,0.756,0.002092751
0.493,0.582,0.643,0.715,0.00125912
0.413,0.389,0.78,0.833,0.022433344
0.461,0.576,0.687,0.586,0.000410069
0.573,0.416,0.679,0.72,0.002232974
0.556,0.5,0.67,0.702,0.001722195
0.651,0.373,0.659,0.819,0.000105529
0.425,0.452,0.833,0.744,0.014947532
0.549,0.401,0.721,0.835,0.003877588
0.458,0.372,0.804,0.794,0.013089932
0.489,0.496,0.707,0.774,0.004909267
0.528,0.421,0.736,0.819,0.004761333
0.571,0.495,0.631,0.731,0.001102513
0.517,0.475,0.615,0.715,0.003257907
0.585,0.486,0.597,0.794,0.000280929
0.461,0.56,0.826,0.67,0.002774112
0.483,0.51,0.747,0.74,0.00464424
0.586,0.489,0.642,0.715,0.000848087
0.479,0.422,0.729,0.755,0.008873591
0.401,0.422,0.738,0.73,0.023067482
0.357,0.377,0.775,0.793,0.046784522
0.401,0.464,0.792,0.83,0.018413605
0.582,0.275,0.646,0.739,0.001486561
0.369,0.385,0.827,0.835,0.041541321
0.457,0.491,0.823,0.754,0.007627964
0.586,0.521,0.604,0.705,0.000286229
0.442,0.444,0.774,0.788,0.013119808
0.482,0.497,0.594,0.711,0.004241398
0.557,0.555,0.641,0.739,0.000736294
0.42,0.439,0.776,0.679,0.017481192
0.484,0.443,0.65,0.805,0.007411123
0.463,0.488,0.826,0.736,0.007297402
0.434,0.48,0.74,0.656,0.010124519
0.384,0.395,0.828,0.799,0.034051653
0.43,0.474,0.771,0.72,0.011711309
0.558,0.507,0.645,0.755,0.001431629
0.505,0.546,0.635,0.698,0.00191446
0.448,0.436,0.867,0.842,0.012977657
0.364,0.404,0.828,0.848,0.043740083
0.521,0.447,0.699,0.767,0.004631711
0.565,0.466,0.597,0.808,0.000966144
0.537,0.411,0.668,0.823,0.004290067
0.383,0.552,0.675,0.62,0.00591637
0.447,0.524,0.844,0.748,0.005837826
0.44,0.524,0.746,0.645,0.005571353
0.632,0.505,0.66,0.557,9.8301e-05
0.384,0.45,0.86,0.752,0.026304187
0.572,0.609,0.696,0.613,2.9394e-05
0.467,0.624,0.781,0.65,0.000350318
0.557,0.613,0.577,0.631,2.7948e-05
0.356,0.454,0.818,0.692,0.033311023
0.537,0.396,0.65,0.75,0.004054434
0.509,0.565,0.749,0.645,0.001290441
0.509,0.481,0.691,0.606,0.003541727
0.62,0.591,0.699,0.611,5.156e-05
0.321,0.453,0.745,0.623,0.044349163
0.382,0.552,0.72,0.702,0.007924794
0.462,0.369,0.84,0.845,0.012522292
0.575,0.355,0.583,0.738,0.000325261
0.569,0.389,0.629,0.865,0.001868201
0.453,0.443,0.569,0.789,0.009064893
0.412,0.316,0.874,0.792,0.022774507
0.415,0.389,0.797,0.802,0.021867632
0.344,0.402,0.765,0.796,0.052856053
0.414,0.494,0.736,0.65,0.011198602
0.493,0.461,0.717,0.777,0.006125982
0.519,0.406,0.751,0.782,0.00607635
0.624,0.367,0.704,0.849,0.000831222
0.48,0.467,0.754,0.711,0.006970214
0.377,0.478,0.851,0.72,0.021985689
0.482,0.448,0.69,0.746,0.007639528
0.457,0.538,0.701,0.66,0.003900236
0.38,0.372,0.876,0.68,0.03561194
0.375,0.408,0.839,0.665,0.037872863
0.413,0.394,0.711,0.699,0.021884979
0.429,0.473,0.752,0.727,0.011918994
0.447,0.45,0.816,0.72,0.011675651
0.624,0.47,0.654,0.724,0.000296349
0.402,0.447,0.846,0.761,0.021054239
0.573,0.277,0.645,0.775,0.001881211
0.406,0.409,0.868,0.729,0.024715951
0.512,0.512,0.642,0.696,0.002725443
0.574,0.51,0.64,0.658,0.000869771
0.39,0.582,0.868,0.63,0.002963486
0.517,0.387,0.751,0.851,0.006238257
0.377,0.58,0.837,0.65,0.00408961
0.516,0.387,0.732,0.753,0.00620019
0.489,0.393,0.755,0.855,0.008990685
0.619,0.424,0.685,0.858,0.000729547
0.44,0.616,0.83,0.65,0.0007069
0.374,0.481,0.742,0.787,0.02222325
0.47,0.582,0.902,0.716,0.001857599
0.545,0.347,0.683,0.811,0.003879998
0.56,0.433,0.582,0.757,0.00099843
0.47,0.498,0.77,0.79,0.006158749
0.378,0.488,0.748,0.708,0.019620202
0.412,0.353,0.78,0.812,0.022716683
0.57,0.405,0.622,0.829,0.001690873
0.47,0.59,0.768,0.624,0.000797491
0.474,0.404,0.678,0.72,0.010259924
0.481,0.417,0.707,0.825,0.009655662
0.502,0.434,0.768,0.768,0.006799633
0.389,0.465,0.679,0.809,0.021036892
0.512,0.573,0.662,0.731,0.001216234
0.471,0.553,0.749,0.667,0.002790495
0.534,0.473,0.646,0.719,0.002812661
0.447,0.532,0.671,0.617,0.00391662
0.515,0.57,0.619,0.594,0.000409106
0.511,0.339,0.797,0.811,0.006809271
0.449,0.528,0.689,0.712,0.005175258
0.555,0.443,0.571,0.729,0.000729547
0.448,0.479,0.75,0.769,0.009164157
0.427,0.627,0.811,0.637,0.000241416
0.469,0.336,0.831,0.813,0.011525308
0.305,0.621,0.731,0.665,0.002546188
0.367,0.404,0.778,0.864,0.04241832
0.354,0.429,0.776,0.71,0.041194858
0.491,0.513,0.811,0.645,0.00374652
0.607,0.538,0.667,0.714,0.000367665
0.504,0.53,0.61,0.642,0.00199975
0.373,0.449,0.781,0.775,0.030299832
0.388,0.43,0.764,0.763,0.028093361
0.439,0.495,0.853,0.623,0.007765296
0.481,0.596,0.614,0.707,0.000960362
0.458,0.49,0.778,0.696,0.00742847
0.41,0.472,0.828,0.724,0.015286767
0.556,0.387,0.624,0.841,0.002500893
0.565,0.437,0.623,0.745,0.001778573
0.596,0.484,0.604,0.778,0.000173954
0.448,0.55,0.714,0.572,0.001170938
0.455,0.514,0.809,0.766,0.006051293
0.526,0.415,0.632,0.675,0.004474622
0.599,0.529,0.601,0.647,2.5057e-05
0.376,0.388,0.789,0.834,0.038152828
0.371,0.54,0.859,0.585,0.005934681
0.418,0.406,0.788,0.9,0.021093271
0.413,0.547,0.746,0.701,0.006325957
0.501,0.402,0.685,0.844,0.00727861
0.443,0.571,0.665,0.663,0.002558235
0.407,0.428,0.737,0.758,0.021359744
0.483,0.37,0.709,0.804,0.009414728
0.488,0.556,0.698,0.762,0.002307664
0.427,0.495,0.837,0.603,0.008238972
0.466,0.459,0.846,0.763,0.008817213
0.482,0.516,0.836,0.756,0.004477032
0.333,0.55,0.743,0.798,0.012738169
0.443,0.404,0.836,0.756,0.015559986
0.394,0.389,0.824,0.756,0.029231532
0.401,0.469,0.821,0.781,0.017742846
0.54,0.444,0.66,0.69,0.003316213
0.463,0.59,0.703,0.662,0.001313089
0.429,0.511,0.791,0.657,0.007817819
0.455,0.579,0.681,0.671,0.001984331
0.452,0.354,0.808,0.824,0.014064269
0.545,0.479,0.697,0.723,0.002606422
0.521,0.444,0.761,0.686,0.004963718
0.378,0.5,0.862,0.772,0.017379036
0.519,0.594,0.673,0.654,0.00053921
0.397,0.383,0.797,0.831,0.02805192
0.439,0.62,0.695,0.68,0.000962771
0.544,0.585,0.669,0.623,0.000308395
0.436,0.49,0.832,0.776,0.009758782
0.509,0.397,0.703,0.827,0.006612669
0.34,0.577,0.805,0.657,0.006253677
0.342,0.457,0.838,0.643,0.035259695
0.481,0.367,0.697,0.769,0.009570372
0.521,0.503,0.631,0.683,0.00253366
0.493,0.395,0.707,0.731,0.00820765
0.544,0.424,0.581,0.77,0.001781464
0.548,0.38,0.653,0.789,0.003381265
0.42,0.446,0.814,0.802,0.016914515
0.555,0.568,0.837,0.7,0.000841823
0.548,0.576,0.572,0.64,0.000157571
0.547,0.507,0.715,0.739,0.002063357
0.535,0.319,0.687,0.803,0.00455654
0.414,0.478,0.892,0.622,0.012340146
0.419,0.421,0.773,0.801,0.018350962
0.393,0.366,0.811,0.792,0.029787607
0.575,0.602,0.825,0.632,0.00017299
0.456,0.565,0.766,0.766,0.002957221
0.484,0.532,0.843,0.744,0.003589431
0.366,0.485,0.836,0.671,0.02231866
0.435,0.369,0.841,0.731,0.017128464
0.371,0.59,0.703,0.713,0.00411274
0.448,0.45,0.69,0.738,0.011174509
0.42,0.392,0.696,0.8,0.020162785
0.512,0.541,0.704,0.697,0.002092751
0.453,0.441,0.755,0.904,0.011851533
0.553,0.427,0.581,0.835,0.001298633
0.503,0.543,0.717,0.613,0.001730386
0.523,0.6,0.615,0.602,2.6503e-05
0.409,0.558,0.811,0.708,0.0056764
0.588,0.498,0.714,0.688,0.001098658
0.609,0.349,0.689,0.771,0.001047098
0.53,0.535,0.652,0.611,0.001204669
0.455,0.517,0.745,0.617,0.004734831
0.412,0.457,0.784,0.737,0.01670683
0.398,0.569,0.644,0.709,0.005080812
0.475,0.518,0.711,0.742,0.004498716
0.568,0.504,0.668,0.6,0.001063482
0.55,0.458,0.698,0.652,0.002638707
0.584,0.536,0.656,0.642,0.000531018
0.376,0.556,0.774,0.612,0.005382943
0.539,0.639,0.761,0.671,0.000147933
0.425,0.516,0.729,0.712,0.008153681
0.426,0.517,0.806,0.685,0.007948405
0.411,0.401,0.879,0.79,0.023102177
0.457,0.472,0.869,0.634,0.008056826
0.609,0.369,0.639,0.831,0.000538246
0.472,0.612,0.728,0.738,0.000956989
0.315,0.588,0.759,0.744,0.007287765
0.616,0.399,0.636,0.751,0.000342608
0.509,0.436,0.624,0.84,0.005139118
0.487,0.411,0.717,0.785,0.008997913
0.438,0.417,0.804,0.875,0.016595037
0.516,0.607,0.66,0.653,0.000361401
0.459,0.469,0.644,0.597,0.006677239
0.375,0.333,0.811,0.797,0.038626986
0.337,0.638,0.775,0.662,0.000958435
0.471,0.487,0.645,0.601,0.005071656
0.535,0.435,0.636,0.727,0.003562929
0.629,0.583,0.739,0.597,4.0477e-05
0.598,0.454,0.68,0.716,0.001052399
0.423,0.394,0.791,0.826,0.01982114
0.514,0.556,0.718,0.583,0.000607153
0.402,0.47,0.785,0.696,0.017105335
0.411,0.357,0.817,0.833,0.023098322
0.544,0.591,0.6,0.673,0.000283338
0.404,0.491,0.709,0.759,0.014004517
0.456,0.49,0.752,0.714,0.007631818
0.531,0.563,0.615,0.585,0.000311768
0.497,0.581,0.791,0.687,0.001327545
0.391,0.477,0.815,0.785,0.018917639
0.525,0.363,0.689,0.797,0.005238864
0.402,0.543,0.82,0.674,0.007456419
0.546,0.486,0.659,0.73,0.002258031
0.491,0.394,0.732,0.88,0.008656751
0.381,0.604,0.785,0.668,0.002397291
0.431,0.514,0.793,0.62,0.006521114
0.598,0.555,0.608,0.607,5.2042e-05
0.481,0.564,0.783,0.642,0.001846035
0.436,0.393,0.736,0.881,0.016822479
0.506,0.337,0.736,0.817,0.007139832
0.414,0.498,0.748,0.68,0.011185592
0.557,0.596,0.697,0.71,0.000416334
0.341,0.388,0.776,0.818,0.054391765
0.499,0.467,0.602,0.809,0.004369093
0.539,0.54,0.737,0.652,0.001421509
0.427,0.592,0.755,0.743,0.002532214
0.463,0.467,0.677,0.795,0.008128142
0.553,0.536,0.719,0.562,0.000450064
0.404,0.525,0.73,0.563,0.003948905
0.525,0.57,0.749,0.654,0.000998911
0.337,0.337,0.831,0.817,0.056468614
0.458,0.593,0.616,0.671,0.001230208
0.545,0.394,0.703,0.848,0.004014921
0.448,0.418,0.722,0.834,0.014435788
0.484,0.388,0.728,0.767,0.0094075
0.456,0.535,0.74,0.719,0.004526664
0.584,0.505,0.648,0.773,0.00083074
0.452,0.602,0.762,0.676,0.001265384
0.448,0.463,0.754,0.695,0.010124519
0.378,0.528,0.81,0.778,0.012163301
0.366,0.527,0.789,0.729,0.013384353
0.456,0.515,0.635,0.647,0.004867826
0.546,0.457,0.69,0.755,0.002943729
0.475,0.565,0.669,0.611,0.001341519
0.592,0.528,0.72,0.694,0.000768097
0.382,0.387,0.79,0.71,0.034801439
0.6,0.49,0.69,0.734,0.000858206
0.385,0.342,0.677,0.798,0.032978534
0.583,0.528,0.597,0.678,0.000203348
0.425,0.643,0.789,0.649,0.000112275
0.454,0.582,0.696,0.682,0.00195831
0.566,0.448,0.666,0.758,0.002091787
0.438,0.424,0.77,0.662,0.014066678
0.434,0.364,0.716,0.797,0.017084133
0.449,0.388,0.631,0.758,0.013386763
0.462,0.467,0.766,0.741,0.008551704
0.448,0.461,0.766,0.747,0.010495076
0.51,0.384,0.762,0.878,0.006850229
0.47,0.561,0.746,0.584,0.000891455
0.426,0.431,0.666,0.74,0.016205206
0.434,0.537,0.762,0.745,0.005822406
0.401,0.383,0.743,0.659,0.025591023
0.42,0.488,0.782,0.764,0.011927186
0.386,0.432,0.82,0.826,0.029064806
0.396,0.427,0.874,0.754,0.025020491
0.4,0.347,0.778,0.799,0.026833277
0.398,0.556,0.804,0.634,0.005324637
0.435,0.331,0.744,0.799,0.017071122
0.484,0.615,0.648,0.641,0.000320442
0.414,0.458,0.668,0.756,0.015720929
0.596,0.676,0.66,0.688,8.674e-06
0.506,0.577,0.822,0.615,0.000760869
0.37,0.523,0.79,0.731,0.013721661
0.466,0.492,0.76,0.684,0.006675793
0.464,0.378,0.788,0.748,0.012139208
0.485,0.414,0.89,0.766,0.009549651
0.508,0.453,0.617,0.737,0.004464985
0.463,0.579,0.763,0.669,0.001897594
0.391,0.534,0.783,0.73,0.009807451
0.514,0.4,0.686,0.83,0.006072977
0.463,0.551,0.777,0.679,0.003254534
0.605,0.441,0.669,0.7,0.000865434
0.42,0.483,0.846,0.65,0.011677579
0.557,0.553,0.6,0.713,0.000494396
0.561,0.527,0.711,0.663,0.001229244
0.335,0.601,0.767,0.607,0.000558966
0.469,0.561,0.742,0.583,0.000855797
0.521,0.435,0.604,0.8,0.003871324
0.486,0.517,0.814,0.701,0.004139724
0.38,0.34,0.848,0.834,0.036128021
0.395,0.447,0.709,0.739,0.022786072
0.38,0.426,0.851,0.706,0.03133633
0.536,0.549,0.679,0.616,0.000941569
0.519,0.334,0.745,0.814,0.006059485
0.39,0.42,0.704,0.737,0.026920013
0.541,0.44,0.741,0.732,0.003945532
0.451,0.418,0.722,0.848,0.013966449
0.501,0.511,0.578,0.545,0.000851942
0.439,0.433,0.765,0.805,0.01439242
0.353,0.481,0.743,0.727,0.026596198
0.286,0.468,0.776,0.792,0.058596541
0.453,0.536,0.727,0.66,0.00423658
0.54,0.498,0.744,0.754,0.002590038
0.522,0.396,0.74,0.682,0.005705312
0.491,0.455,0.705,0.787,0.006530269
0.482,0.531,0.75,0.627,0.003045403
0.441,0.62,0.745,0.658,0.000719428
0.402,0.42,0.852,0.816,0.023059772
0.383,0.449,0.739,0.827,0.026816894
0.59,0.341,0.698,0.788,0.001707257
0.413,0.434,0.777,0.691,0.019486242
0.489,0.587,0.675,0.712,0.001206115
0.573,0.43,0.629,0.818,0.001506318
0.519,0.484,0.619,0.776,0.003060341
0.54,0.404,0.673,0.778,0.004119968
0.579,0.391,0.663,0.859,0.00182676
0.399,0.623,0.675,0.645,0.000687143
0.46,0.559,0.716,0.654,0.002585219
0.626,0.527,0.662,0.678,0.000188892
0.558,0.623,0.589,0.625,2.409e-06
0.343,0.474,0.841,0.78,0.031356568
0.459,0.643,0.759,0.697,0.000469339
0.325,0.498,0.821,0.688,0.028207563
0.404,0.477,0.754,0.719,0.015777308
0.305,0.578,0.791,0.654,0.008023577
0.51,0.358,0.65,0.85,0.006059485
0.567,0.401,0.633,0.7,0.002011315
0.611,0.611,0.669,0.695,8.6736e-05
0.593,0.367,0.718,0.763,0.00171593
0.588,0.347,0.624,0.845,0.000979637
0.584,0.44,0.596,0.654,0.0003508
0.508,0.473,0.76,0.595,0.003858795
0.393,0.45,0.845,0.822,0.023376359
0.507,0.39,0.699,0.728,0.006756747
0.592,0.519,0.592,0.695,0.0
0.474,0.442,0.716,0.812,0.009006587
0.337,0.451,0.801,0.761,0.041696964
0.55,0.556,0.67,0.736,0.00090061
0.397,0.359,0.802,0.853,0.028068786
0.479,0.447,0.713,0.797,0.008143562
0.345,0.57,0.773,0.6,0.003621235
0.396,0.573,0.818,0.731,0.005127071
0.474,0.626,0.806,0.69,0.000582578
0.414,0.408,0.814,0.736,0.022074353
0.428,0.513,0.714,0.628,0.006946121
0.349,0.384,0.827,0.761,0.050456835
0.4,0.59,0.767,0.779,0.00353498
0.506,0.531,0.722,0.685,0.002587629
0.51,0.52,0.72,0.53,0.000338753
0.411,0.414,0.689,0.63,0.021208437
0.457,0.565,0.765,0.603,0.001496681
0.498,0.346,0.58,0.82,0.005599783
0.444,0.511,0.746,0.63,0.006058521
0.489,0.456,0.769,0.852,0.006940339
0.508,0.483,0.594,0.669,0.003088771
0.435,0.505,0.769,0.733,0.008342091
0.637,0.526,0.649,0.574,2.8912e-05
0.413,0.313,0.685,0.813,0.021946176
0.457,0.382,0.669,0.857,0.01266107
0.409,0.499,0.746,0.685,0.011909357
0.417,0.493,0.687,0.725,0.011408696
0.551,0.424,0.655,0.702,0.002849765
0.518,0.638,0.666,0.695,0.000231778
0.546,0.399,0.647,0.733,0.003432825
0.469,0.361,0.771,0.853,0.011473267
0.451,0.535,0.737,0.751,0.004820121
0.374,0.681,0.65,0.683,3.0358e-05
0.556,0.574,0.752,0.618,0.000446691
0.559,0.444,0.591,0.714,0.00122828
0.423,0.534,0.827,0.63,0.005646524
0.372,0.399,0.816,0.825,0.04013234
0.58,0.392,0.67,0.783,0.001856154
0.497,0.455,0.713,0.833,0.006086951
0.581,0.531,0.583,0.629,2.5539e-05
0.546,0.433,0.624,0.709,0.002754355
0.412,0.515,0.746,0.686,0.009510138
0.557,0.422,0.695,0.785,0.002909516
0.464,0.491,0.776,0.675,0.006815053
0.549,0.449,0.667,0.669,0.002770738
0.421,0.456,0.764,0.712,0.015042942
0.4,0.481,0.802,0.621,0.014536017
0.526,0.594,0.665,0.652,0.000469339
0.596,0.537,0.622,0.713,0.000261172
0.55,0.59,0.618,0.686,0.000334898
0.646,0.613,0.702,0.621,5.782e-06
0.59,0.389,0.64,0.797,0.001155037
0.379,0.594,0.869,0.68,0.003375
0.4,0.53,0.723,0.79,0.009419547
0.546,0.514,0.575,0.679,0.000692444
0.493,0.401,0.669,0.831,0.007986955
0.43,0.344,0.729,0.796,0.017995344
0.489,0.528,0.761,0.627,0.002973123
0.548,0.311,0.61,0.682,0.002662318
0.459,0.557,0.785,0.637,0.002610277
0.392,0.491,0.846,0.763,0.016578172
0.502,0.551,0.628,0.642,0.001576189
0.58,0.424,0.77,0.779,0.002199244
0.327,0.346,0.673,0.738,0.061657846
0.462,0.483,0.621,0.719,0.006771685
0.549,0.353,0.645,0.8,0.003226585
0.588,0.479,0.658,0.645,0.000919885
0.555,0.488,0.615,0.724,0.001467287
0.364,0.406,0.776,0.726,0.043497221
0.527,0.457,0.805,0.842,0.0042573
0.379,0.621,0.763,0.629,0.000337307
0.397,0.623,0.807,0.625,7.2762e-05
0.406,0.491,0.649,0.781,0.013367488
0.639,0.354,0.683,0.796,0.000467893
0.499,0.417,0.744,0.801,0.007861187
0.487,0.313,0.65,0.809,0.008442802
0.403,0.535,0.683,0.689,0.008112722
0.378,0.475,0.826,0.729,0.022437681
0.352,0.57,0.828,0.656,0.006449315
0.575,0.63,0.621,0.656,3.8549e-05
0.437,0.368,0.701,0.846,0.016395544
0.514,0.367,0.64,0.787,0.005601229
0.568,0.519,0.692,0.616,0.001012886
0.378,0.369,0.692,0.755,0.036598323
0.623,0.524,0.683,0.69,0.000293457
0.58,0.598,0.664,0.644,0.000160944
0.554,0.333,0.582,0.715,0.001424401
0.413,0.372,0.727,0.744,0.022151452
0.538,0.359,0.601,0.851,0.003110937
0.64,0.566,0.684,0.783,0.000100228
0.477,0.367,0.871,0.819,0.010552418
0.616,0.42,0.622,0.834,0.00010312
0.594,0.541,0.598,0.615,3.7104e-05
0.509,0.551,0.593,0.607,0.000901574
0.379,0.462,0.679,0.714,0.024241793
0.478,0.517,0.886,0.745,0.004647613
0.431,0.532,0.759,0.692,0.006216573
0.475,0.428,0.756,0.818,0.009476889
0.5,0.629,0.606,0.671,0.000241416
0.417,0.458,0.823,0.714,0.015530592
0.476,0.373,0.685,0.837,0.010129338
0.532,0.631,0.76,0.655,0.00013155
0.469,0.538,0.637,0.664,0.003247787
0.564,0.391,0.701,0.761,0.002856511
0.564,0.463,0.692,0.7,0.002092269
0.559,0.373,0.655,0.721,0.002737008
0.362,0.604,0.856,0.644,0.002077813
0.511,0.406,0.623,0.75,0.005571835
0.448,0.436,0.69,0.838,0.012518919
0.476,0.331,0.712,0.819,0.010306183
0.355,0.48,0.801,0.772,0.026542229
0.607,0.375,0.685,0.819,0.001076974
0.495,0.601,0.653,0.669,0.000686661
0.454,0.541,0.774,0.586,0.002325493
0.503,0.453,0.729,0.803,0.005818551
0.605,0.467,0.667,0.728,0.00074063
0.461,0.423,0.763,0.659,0.010651201
0.564,0.542,0.712,0.668,0.000978673
0.553,0.466,0.727,0.804,0.002680147
0.476,0.376,0.712,0.744,0.010265225
0.4,0.339,0.682,0.835,0.026363938
0.51,0.392,0.722,0.784,0.006653145
0.479,0.458,0.775,0.828,0.007667959
0.3,0.395,0.756,0.73,0.083600167
0.491,0.452,0.839,0.71,0.006919136
0.531,0.363,0.717,0.723,0.004974319
0.423,0.422,0.833,0.711,0.017339522
0.438,0.664,0.628,0.672,8.7218e-05
0.451,0.378,0.783,0.874,0.014193891
0.582,0.371,0.606,0.797,0.000783999
0.417,0.422,0.885,0.774,0.018839576
0.512,0.557,0.738,0.567,0.000264063
0.337,0.626,0.813,0.664,0.001619075
0.619,0.527,0.625,0.695,4.8187e-05
0.405,0.461,0.796,0.783,0.017951976
0.559,0.58,0.637,0.696,0.000418743
0.369,0.489,0.859,0.826,0.021507195
0.388,0.466,0.796,0.776,0.021578993
0.416,0.582,0.707,0.624,0.002034927
0.429,0.438,0.643,0.792,0.015278575
0.531,0.428,0.565,0.88,0.001838325
0.56,0.585,0.584,0.597,2.8912e-05
0.436,0.454,0.738,0.816,0.012825869
0.449,0.527,0.69,0.645,0.004697245
0.451,0.49,0.755,0.776,0.008158982
0.555,0.466,0.789,0.728,0.002736526
0.408,0.406,0.84,0.65,0.023194695
0.563,0.504,0.703,0.654,0.001526075
0.377,0.599,0.747,0.657,0.002557753
0.492,0.411,0.722,0.789,0.008461594
0.614,0.566,0.754,0.632,0.00025298
0.486,0.513,0.666,0.761,0.004042387
0.484,0.442,0.79,0.748,0.008174883
0.402,0.414,0.782,0.868,0.026135051
0.429,0.43,0.772,0.882,0.016231709
0.384,0.451,0.766,0.807,0.026077709
0.473,0.599,0.757,0.599,0.0
0.402,0.469,0.789,0.695,0.017220983
0.609,0.466,0.631,0.681,0.000309359
0.558,0.376,0.786,0.83,0.003575939
0.487,0.559,0.783,0.669,0.002109616
0.495,0.441,0.781,0.687,0.007130194
0.479,0.587,0.795,0.739,0.001522702
0.497,0.446,0.665,0.75,0.006234403
0.632,0.581,0.694,0.647,8.3363e-05
0.527,0.452,0.713,0.748,0.004140688
0.45,0.584,0.822,0.59,0.000293939
0.567,0.518,0.615,0.726,0.000819657
0.433,0.403,0.793,0.757,0.017535161
0.375,0.482,0.845,0.736,0.021792942
0.41,0.62,0.668,0.63,0.000333934
0.475,0.607,0.659,0.629,0.000369111
0.384,0.358,0.787,0.836,0.034037197
0.515,0.465,0.749,0.705,0.004580151
0.384,0.362,0.86,0.838,0.034093576
0.552,0.592,0.786,0.664,0.000465484
0.39,0.585,0.779,0.619,0.002188642
0.552,0.562,0.734,0.692,0.000881818
0.579,0.375,0.629,0.716,0.001383924
0.552,0.436,0.812,0.748,0.003551846
0.544,0.472,0.623,0.748,0.002181414
0.506,0.524,0.762,0.738,0.003007335
0.532,0.431,0.606,0.851,0.00322514
0.344,0.486,0.837,0.746,0.027684737
0.454,0.385,0.78,0.733,0.013638298
0.382,0.395,0.734,0.746,0.034787465
0.503,0.344,0.679,0.782,0.007046831
0.593,0.564,0.709,0.578,7.7099e-05
0.514,0.612,0.62,0.622,9.4446e-05
0.356,0.393,0.818,0.783,0.047296747
0.459,0.387,0.759,0.853,0.012885621
0.386,0.472,0.746,0.77,0.020908234
0.334,0.448,0.797,0.626,0.041539875
0.548,0.527,0.658,0.631,0.001191658
0.399,0.462,0.853,0.768,0.019202422
0.435,0.521,0.793,0.635,0.006020453
0.355,0.489,0.819,0.767,0.02420469
0.574,0.656,0.576,0.686,1.927e-06
0.583,0.512,0.627,0.752,0.000635101
0.429,0.44,0.873,0.724,0.015796101
0.533,0.537,0.635,0.745,0.001436929
0.505,0.578,0.65,0.656,0.000991683
0.431,0.584,0.728,0.65,0.002188642
0.555,0.333,0.633,0.791,0.002698458
0.57,0.523,0.592,0.739,0.000405251
0.645,0.528,0.653,0.742,3.5176e-05
0.53,0.614,0.702,0.628,0.000114684
0.393,0.545,0.841,0.678,0.007944551
0.487,0.428,0.769,0.784,0.008217288
0.343,0.508,0.783,0.756,0.021123147
0.445,0.541,0.601,0.663,0.003839039
0.58,0.479,0.746,0.701,0.001633049
0.482,0.381,0.73,0.837,0.009689875
0.585,0.514,0.589,0.569,3.5176e-05
0.519,0.539,0.633,0.603,0.001192622
0.491,0.436,0.634,0.754,0.006874323
0.52,0.384,0.598,0.836,0.004264528
0.481,0.464,0.743,0.778,0.007111402
0.442,0.532,0.79,0.668,0.005267294
0.476,0.331,0.748,0.757,0.010504231
0.524,0.604,0.698,0.63,0.000254426
0.382,0.399,0.712,0.805,0.034726268
0.602,0.457,0.632,0.862,0.000506443
0.57,0.556,0.68,0.7,0.000675578
0.448,0.512,0.802,0.612,0.005355958
0.575,0.389,0.659,0.767,0.001948672
0.417,0.37,0.804,0.865,0.021363117
0.564,0.417,0.572,0.879,0.000417297
0.55,0.369,0.72,0.747,0.003783624
0.497,0.453,0.661,0.705,0.005763618
0.478,0.36,0.766,0.778,0.010317266
0.533,0.404,0.721,0.726,0.004877945
0.569,0.409,0.659,0.667,0.002188642
0.469,0.359,0.739,0.811,0.011359064
0.56,0.415,0.588,0.735,0.001297669
0.526,0.363,0.606,0.799,0.00403805
0.503,0.538,0.627,0.696,0.002162622
0.522,0.435,0.74,0.745,0.005171885
0.464,0.407,0.796,0.871,0.012203296
0.39,0.427,0.808,0.817,0.027381642
0.481,0.565,0.656,0.599,0.000975782
0.46,0.353,0.821,0.815,0.01278491
0.572,0.588,0.67,0.596,4.8669e-05
0.492,0.429,0.622,0.813,0.006608332
0.45,0.575,0.71,0.785,0.002650753
0.546,0.535,0.596,0.761,0.000841823
0.58,0.411,0.62,0.703,0.001177202
0.426,0.489,0.812,0.733,0.01100441
0.434,0.376,0.606,0.848,0.015797064
0.582,0.41,0.654,0.824,0.001589199
0.597,0.364,0.685,0.838,0.001369949
0.539,0.546,0.656,0.58,0.000569086
0.415,0.339,0.623,0.811,0.020654771
0.584,0.424,0.606,0.709,0.000642811
0.461,0.35,0.682,0.766,0.012079938
0.334,0.464,0.828,0.89,0.037468094
0.416,0.339,0.658,0.825,0.020874985
0.569,0.454,0.573,0.788,0.000155161
0.381,0.39,0.861,0.834,0.035612422
0.452,0.444,0.738,0.788,0.011580241
0.594,0.539,0.672,0.543,2.9876e-05
0.433,0.579,0.751,0.619,0.001740024
0.529,0.547,0.6,0.717,0.001056736
0.523,0.401,0.755,0.659,0.005593037
0.595,0.597,0.609,0.631,2.7466e-05
0.554,0.394,0.588,0.734,0.001629676
0.485,0.607,0.752,0.609,3.0358e-05
0.487,0.446,0.695,0.74,0.007328724
0.411,0.38,0.761,0.834,0.023020741
0.556,0.497,0.63,0.63,0.001344411
0.549,0.33,0.823,0.782,0.004151289
0.515,0.62,0.703,0.62,0.0
0.432,0.445,0.774,0.791,0.014671422
0.355,0.471,0.853,0.751,0.028832546
0.483,0.413,0.781,0.743,0.009694212
0.431,0.444,0.679,0.603,0.012534821
0.607,0.408,0.663,0.722,0.0008876
0.39,0.593,0.85,0.611,0.00118443
0.573,0.515,0.581,0.813,0.000182628
0.484,0.361,0.774,0.839,0.009606512
0.53,0.572,0.602,0.7,0.000672687
0.588,0.413,0.6,0.772,0.000403805
0.543,0.469,0.622,0.842,0.002267187
0.539,0.46,0.755,0.856,0.003541727
0.6,0.544,0.626,0.716,0.000217322
0.364,0.496,0.851,0.796,0.020715487
0.369,0.55,0.737,0.656,0.008317516
0.504,0.393,0.764,0.829,0.007439071
0.562,0.416,0.682,0.779,0.002847355
0.441,0.395,0.741,0.833,0.015866453
0.357,0.378,0.843,0.856,0.04687945
0.412,0.407,0.796,0.734,0.02263332
0.548,0.404,0.626,0.868,0.003030947
0.402,0.606,0.828,0.632,0.001066855
0.461,0.606,0.745,0.696,0.001137689
0.526,0.539,0.657,0.65,0.001486561
0.501,0.433,0.661,0.855,0.00628789
0.312,0.528,0.8,0.568,0.010324494
0.389,0.535,0.745,0.715,0.009774202
0.484,0.443,0.75,0.594,0.006803488
0.519,0.366,0.705,0.81,0.005798312
0.483,0.451,0.651,0.787,0.007078153
0.367,0.33,0.795,0.71,0.042158593
0.49,0.366,0.678,0.808,0.008399915
0.447,0.509,0.779,0.679,0.006662301
0.497,0.557,0.639,0.617,0.00130297
0.644,0.434,0.65,0.814,6.0715e-05
0.355,0.46,0.803,0.786,0.031972395
0.38,0.541,0.824,0.705,0.009694694
0.526,0.462,0.76,0.76,0.00409732
0.399,0.606,0.757,0.672,0.002039745
0.584,0.535,0.634,0.635,0.000438018
0.6,0.529,0.604,0.647,4.915e-05
0.475,0.412,0.743,0.636,0.01005754
0.376,0.56,0.627,0.708,0.006921546
0.444,0.356,0.808,0.742,0.015340254
0.435,0.488,0.821,0.766,0.010003089
0.455,0.459,0.733,0.757,0.009784321
0.5,0.352,0.788,0.76,0.007843358
0.61,0.363,0.626,0.735,0.000326706
0.553,0.456,0.707,0.766,0.002755801
0.444,0.354,0.84,0.8,0.015424581
0.478,0.416,0.792,0.711,0.010268116
0.555,0.366,0.661,0.762,0.003049258
0.445,0.566,0.72,0.676,0.002961076
0.397,0.505,0.711,0.599,0.010195354
0.555,0.411,0.669,0.817,0.003141295
0.429,0.459,0.695,0.743,0.013044155
0.455,0.482,0.749,0.669,0.008026468
0.572,0.422,0.626,0.692,0.001486561
0.444,0.33,0.77,0.791,0.015350373
0.581,0.34,0.655,0.772,0.00164365
0.476,0.53,0.824,0.656,0.00368195
0.445,0.461,0.797,0.725,0.010860331
0.588,0.585,0.614,0.657,0.00010312
0.475,0.604,0.741,0.719,0.001077938
0.549,0.413,0.561,0.743,0.000701117
0.333,0.462,0.825,0.762,0.038343648
0.501,0.531,0.629,0.797,0.002507639
0.548,0.659,0.566,0.681,1.0601e-05
0.38,0.425,0.832,0.861,0.031616295
0.507,0.399,0.637,0.853,0.006200672
0.486,0.386,0.746,0.844,0.009307272
0.533,0.487,0.644,0.715,0.002585219
0.553,0.403,0.591,0.849,0.001801221
0.496,0.479,0.8,0.679,0.005279341
0.49,0.517,0.734,0.686,0.003808681
