0.602,0.604,0.768,0.77,0.000231296
0.671,0.595,0.863,0.837,0.000125286
0.693,0.752,0.835,0.846,1.446e-06
0.631,0.632,0.649,0.85,2.3612e-05
0.735,0.651,0.761,0.769,5.782e-06
0.631,0.657,0.707,0.777,3.8068e-05
0.654,0.681,0.71,0.707,7.228e-06
0.642,0.549,0.742,0.751,0.000278519
0.587,0.618,0.797,0.69,0.000178291
0.712,0.558,0.714,0.794,5.301e-06
0.6,0.721,0.82,0.777,1.3974e-05
0.671,0.539,0.703,0.753,9.3964e-05
0.673,0.668,0.719,0.836,1.4938e-05
0.617,0.597,0.699,0.753,0.000153234
0.558,0.573,0.806,0.799,0.000783517
0.579,0.714,0.799,0.83,2.1202e-05
0.589,0.658,0.797,0.808,9.4928e-05
0.701,0.663,0.832,0.883,1.6865e-05
0.642,0.677,0.702,0.685,4.337e-06
0.6,0.659,0.794,0.711,5.927e-05
0.604,0.599,0.822,0.797,0.000274183
0.627,0.549,0.771,0.717,0.000372965
0.616,0.646,0.826,0.816,9.3964e-05
0.641,0.636,0.764,0.734,6.3125e-05
0.676,0.655,0.724,0.797,1.7347e-05
0.647,0.606,0.715,0.796,7.9508e-05
0.673,0.611,0.863,0.731,9.2037e-05
0.651,0.746,0.743,0.786,1.446e-06
0.696,0.575,0.726,0.781,5.3005e-05
0.613,0.567,0.769,0.796,0.000372002
0.638,0.612,0.787,0.822,0.000116612
0.614,0.667,0.86,0.775,5.6379e-05
0.682,0.597,0.774,0.755,8.8182e-05
0.557,0.707,0.755,0.737,2.1202e-05
0.714,0.663,0.72,0.712,1.446e-06
0.644,0.578,0.666,0.78,4.6259e-05
0.65,0.628,0.81,0.778,7.4689e-05
0.657,0.714,0.837,0.774,7.228e-06
0.614,0.64,0.797,0.694,8.1436e-05
0.604,0.714,0.82,0.754,1.2529e-05
0.606,0.626,0.764,0.816,0.000138778
0.669,0.678,0.706,0.73,9.155e-06
0.685,0.64,0.753,0.816,3.3249e-05
0.589,0.57,0.769,0.786,0.000516562
0.628,0.616,0.803,0.782,0.000129622
0.638,0.536,0.718,0.73,0.00028382
0.668,0.619,0.846,0.765,8.0954e-05
0.672,0.65,0.826,0.76,3.7104e-05
0.735,0.598,0.795,0.77,2.4093e-05
0.615,0.616,0.743,0.713,0.000132032
0.644,0.688,0.848,0.744,1.9757e-05
0.71,0.668,0.764,0.864,7.228e-06
0.667,0.561,0.811,0.795,0.000201421
0.671,0.605,0.705,0.817,4.2404e-05
0.633,0.674,0.726,0.816,2.9394e-05
0.656,0.654,0.772,0.748,3.2767e-05
0.558,0.572,0.786,0.788,0.000781589
0.633,0.619,0.795,0.743,0.000104565
0.604,0.665,0.794,0.743,5.6379e-05
0.551,0.567,0.801,0.757,0.000917476
0.627,0.641,0.807,0.709,7.228e-05
0.711,0.579,0.755,0.789,6.3607e-05
0.569,0.663,0.743,0.833,0.000102156
0.576,0.667,0.805,0.815,8.8182e-05
0.689,0.715,0.907,0.727,2.409e-06
0.702,0.575,0.782,0.767,8.6254e-05
0.598,0.597,0.742,0.661,0.000202866
0.665,0.633,0.695,0.805,1.6383e-05
0.674,0.739,0.71,0.753,9.64e-07
0.593,0.614,0.799,0.788,0.000221177
0.697,0.696,0.733,0.72,3.373e-06
0.645,0.628,0.747,0.778,6.8907e-05
0.626,0.654,0.734,0.708,4.2404e-05
0.598,0.633,0.715,0.683,7.8544e-05
0.66,0.585,0.728,0.761,0.000105529
0.679,0.582,0.731,0.826,8.6736e-05
0.669,0.715,0.695,0.719,0.0
0.619,0.607,0.797,0.722,0.000165762
0.58,0.686,0.82,0.698,1.7829e-05
0.578,0.618,0.755,0.778,0.000241898
0.675,0.681,0.691,0.719,4.337e-06
0.716,0.617,0.77,0.829,2.843e-05
0.649,0.572,0.683,0.802,6.5052e-05
0.581,0.649,0.687,0.663,2.8912e-05
0.65,0.698,0.745,0.726,7.71e-06
0.629,0.703,0.829,0.901,2.0238e-05
0.625,0.617,0.855,0.743,0.000137332
0.676,0.566,0.69,0.796,2.5539e-05
0.653,0.575,0.737,0.771,0.000150343
0.667,0.596,0.747,0.82,9.7337e-05
0.658,0.599,0.856,0.767,0.000133477
0.68,0.631,0.739,0.839,3.3731e-05
0.594,0.697,0.732,0.755,2.5057e-05
0.714,0.679,0.736,0.719,3.855e-06
0.598,0.614,0.756,0.81,0.000197566
0.712,0.638,0.786,0.754,2.313e-05
0.648,0.647,0.752,0.821,4.385e-05
0.635,0.669,0.857,0.815,4.0477e-05
0.657,0.619,0.821,0.765,8.6736e-05
0.599,0.642,0.837,0.708,0.000102156
0.574,0.597,0.744,0.835,0.000399468
0.66,0.706,0.786,0.788,1.0119e-05
0.612,0.644,0.768,0.72,8.7218e-05
0.615,0.664,0.699,0.698,2.5539e-05
0.702,0.567,0.736,0.803,6.4088e-05
0.587,0.585,0.721,0.831,0.000373929
0.7,0.724,0.832,0.776,1.446e-06
0.659,0.661,0.795,0.679,9.155e-06
0.689,0.629,0.761,0.791,3.6622e-05
0.566,0.613,0.78,0.817,0.000323815
0.591,0.663,0.751,0.815,7.4689e-05
0.571,0.626,0.813,0.724,0.00021925
0.621,0.656,0.829,0.808,6.6498e-05
0.651,0.596,0.711,0.844,7.8063e-05
0.578,0.538,0.809,0.782,0.001040352
0.692,0.616,0.758,0.734,5.1078e-05
0.624,0.637,0.836,0.681,6.2643e-05
0.59,0.723,0.692,0.749,9.155e-06
0.608,0.692,0.818,0.768,3.2285e-05
0.621,0.659,0.745,0.797,5.4451e-05
0.666,0.662,0.706,0.688,4.819e-06
0.668,0.675,0.756,0.744,1.7829e-05
0.666,0.635,0.739,0.723,3.614e-05
0.602,0.704,0.756,0.768,2.072e-05
0.743,0.648,0.791,0.68,2.891e-06
0.576,0.59,0.766,0.744,0.000446691
0.662,0.68,0.741,0.795,1.7347e-05
0.552,0.593,0.692,0.821,0.000493432
0.573,0.591,0.742,0.751,0.000444282
0.694,0.64,0.716,0.802,1.2529e-05
0.563,0.674,0.755,0.732,6.2643e-05
0.61,0.704,0.812,0.706,9.64e-07
0.672,0.699,0.77,0.727,6.264e-06
0.675,0.62,0.689,0.786,1.1565e-05
0.635,0.663,0.815,0.773,4.3368e-05
0.517,0.642,0.755,0.778,0.000313696
0.648,0.645,0.722,0.685,2.2648e-05
0.576,0.633,0.804,0.869,0.000197566
0.559,0.613,0.753,0.796,0.000349354
0.664,0.665,0.728,0.915,1.9275e-05
0.574,0.668,0.796,0.694,4.5777e-05
0.767,0.657,0.767,0.829,0.0
0.708,0.642,0.89,0.759,3.084e-05
0.557,0.617,0.783,0.761,0.00031996
0.671,0.563,0.673,0.631,3.855e-06
0.511,0.642,0.745,0.662,0.000128659
0.634,0.648,0.828,0.698,4.4814e-05
0.577,0.631,0.762,0.733,0.000179255
0.594,0.586,0.824,0.773,0.000385494
0.712,0.633,0.746,0.827,1.6865e-05
0.557,0.598,0.791,0.824,0.000503552
0.676,0.635,0.76,0.837,4.0959e-05
0.595,0.593,0.801,0.779,0.000337307
0.63,0.711,0.734,0.717,2.409e-06
0.588,0.627,0.759,0.779,0.000176845
0.681,0.648,0.695,0.732,5.301e-06
0.587,0.642,0.719,0.694,9.2037e-05
0.685,0.657,0.771,0.803,2.2166e-05
0.584,0.638,0.816,0.792,0.000164799
0.595,0.66,0.793,0.709,6.0233e-05
0.691,0.618,0.771,0.778,5.0596e-05
0.613,0.698,0.787,0.712,8.674e-06
0.721,0.673,0.743,0.708,2.409e-06
0.582,0.654,0.674,0.822,8.3363e-05
0.671,0.557,0.721,0.757,0.000114203
0.64,0.578,0.695,0.822,0.000107456
0.624,0.639,0.756,0.657,3.2767e-05
0.695,0.6,0.717,0.784,2.9394e-05
0.664,0.608,0.734,0.714,6.8907e-05
0.571,0.609,0.781,0.819,0.000341162
0.6,0.621,0.77,0.781,0.000165762
0.649,0.565,0.671,0.695,5.0596e-05
0.617,0.561,0.788,0.705,0.000367665
0.609,0.646,0.785,0.804,9.9265e-05
0.634,0.654,0.712,0.83,3.9995e-05
0.655,0.666,0.757,0.864,2.4575e-05
0.602,0.637,0.748,0.699,9.3e-05
0.572,0.717,0.79,0.739,1.2529e-05
0.652,0.647,0.709,0.709,1.9757e-05
0.681,0.648,0.807,0.826,3.2767e-05
0.689,0.596,0.783,0.846,8.1917e-05
0.58,0.608,0.803,0.828,0.000310805
0.63,0.734,0.739,0.742,1.446e-06
0.574,0.647,0.706,0.731,0.000119503
0.564,0.627,0.798,0.747,0.000238043
0.699,0.6,0.717,0.806,2.2166e-05
0.659,0.553,0.691,0.789,8.6736e-05
0.666,0.725,0.788,0.799,4.819e-06
0.65,0.692,0.77,0.694,1.446e-06
0.672,0.703,0.718,0.731,2.409e-06
0.609,0.625,0.726,0.773,0.000123358
0.682,0.578,0.706,0.814,4.6741e-05
0.713,0.605,0.723,0.841,1.301e-05
0.562,0.599,0.772,0.795,0.00046452
0.627,0.603,0.807,0.789,0.000169136
0.643,0.659,0.795,0.807,4.0477e-05
0.563,0.608,0.749,0.784,0.000374411
0.591,0.532,0.737,0.744,0.000825439
0.603,0.656,0.735,0.692,4.3368e-05
0.611,0.587,0.735,0.812,0.000263582
0.611,0.718,0.766,0.786,1.2529e-05
0.683,0.664,0.793,0.712,1.3974e-05
0.666,0.635,0.699,0.717,1.5902e-05
0.65,0.627,0.705,0.819,4.2404e-05
0.623,0.584,0.817,0.816,0.000256835
0.629,0.59,0.787,0.763,0.00020383
0.628,0.658,0.746,0.766,4.9632e-05
0.64,0.645,0.722,0.825,4.4332e-05
0.754,0.652,0.784,0.688,1.446e-06
0.695,0.628,0.759,0.724,3.1803e-05
0.61,0.636,0.78,0.788,0.000117576
0.644,0.696,0.778,0.71,4.819e-06
0.725,0.655,0.759,0.667,2.409e-06
0.618,0.641,0.794,0.711,8.2881e-05
0.602,0.513,0.738,0.739,0.000816766
0.621,0.608,0.789,0.802,0.00016769
0.656,0.645,0.794,0.649,5.782e-06
0.589,0.599,0.811,0.661,0.000248644
0.683,0.681,0.759,0.737,9.637e-06
0.673,0.636,0.759,0.71,3.7104e-05
0.607,0.662,0.753,0.745,6.1197e-05
0.566,0.573,0.766,0.787,0.000705454
0.643,0.658,0.649,0.791,4.819e-06
0.632,0.75,0.778,0.768,1.446e-06
0.594,0.718,0.774,0.72,9.64e-07
0.65,0.665,0.764,0.799,2.843e-05
0.747,0.617,0.773,0.713,5.782e-06
0.675,0.627,0.713,0.753,2.5539e-05
0.611,0.677,0.833,0.681,2.409e-06
0.645,0.634,0.655,0.756,1.1083e-05
0.594,0.575,0.746,0.767,0.000426453
0.632,0.684,0.768,0.804,2.7948e-05
0.628,0.685,0.706,0.743,1.8311e-05
0.635,0.594,0.839,0.74,0.000186001
0.676,0.683,0.714,0.823,7.228e-06
0.633,0.578,0.795,0.753,0.000235633
0.536,0.586,0.764,0.79,0.000776771
0.616,0.714,0.754,0.804,1.301e-05
0.616,0.671,0.672,0.847,2.5539e-05
0.551,0.677,0.799,0.691,2.5057e-05
0.601,0.534,0.681,0.764,0.000496324
0.69,0.657,0.73,0.755,1.2529e-05
0.588,0.662,0.786,0.716,6.5052e-05
0.569,0.731,0.787,0.783,1.3974e-05
0.666,0.599,0.716,0.737,6.1679e-05
0.676,0.604,0.688,0.816,1.2529e-05
0.56,0.617,0.716,0.805,0.000288157
0.692,0.593,0.728,0.813,5.1078e-05
0.673,0.698,0.751,0.702,1.446e-06
0.664,0.602,0.692,0.78,3.3731e-05
0.673,0.7,0.719,0.766,6.264e-06
0.604,0.683,0.634,0.773,1.3974e-05
0.685,0.576,0.747,0.71,0.000104083
0.713,0.554,0.777,0.786,9.8783e-05
0.63,0.594,0.792,0.658,0.000138296
0.64,0.622,0.744,0.768,8.1917e-05
0.728,0.582,0.73,0.794,3.373e-06
0.578,0.649,0.812,0.765,0.000135405
0.649,0.667,0.757,0.831,2.6503e-05
0.563,0.548,0.807,0.676,0.00103987
0.732,0.645,0.764,0.703,7.71e-06
0.689,0.674,0.721,0.716,5.301e-06
0.649,0.625,0.825,0.761,8.3363e-05
0.636,0.603,0.732,0.791,0.000119021
0.648,0.651,0.764,0.765,4.1922e-05
0.635,0.704,0.739,0.84,1.3974e-05
0.715,0.567,0.721,0.747,1.4938e-05
0.672,0.662,0.782,0.704,1.6865e-05
0.73,0.654,0.77,0.858,7.71e-06
0.615,0.603,0.825,0.759,0.00021154
0.687,0.615,0.749,0.737,5.4451e-05
0.666,0.66,0.806,0.796,3.0358e-05
0.689,0.634,0.745,0.826,2.9876e-05
0.558,0.64,0.718,0.728,0.000175882
0.674,0.693,0.792,0.713,4.819e-06
0.681,0.681,0.736,0.791,1.1083e-05
0.627,0.671,0.803,0.825,4.2886e-05
0.577,0.676,0.803,0.758,6.2161e-05
0.52,0.655,0.732,0.803,0.000225032
0.623,0.729,0.833,0.753,5.782e-06
0.736,0.656,0.76,0.719,4.337e-06
0.709,0.548,0.729,0.74,5.1078e-05
0.67,0.727,0.738,0.735,9.64e-07
0.648,0.579,0.722,0.795,0.000133959
0.558,0.55,0.774,0.79,0.001110705
0.68,0.627,0.722,0.699,2.4575e-05
0.714,0.564,0.812,0.788,9.6855e-05
0.628,0.719,0.758,0.817,9.637e-06
0.579,0.661,0.737,0.797,9.4928e-05
0.716,0.596,0.73,0.748,1.6383e-05
0.606,0.597,0.828,0.813,0.000277556
0.592,0.615,0.796,0.709,0.000197084
0.695,0.626,0.719,0.788,1.6865e-05
0.669,0.568,0.777,0.768,0.00015998
0.648,0.686,0.768,0.768,1.7347e-05
0.658,0.68,0.724,0.777,1.542e-05
0.579,0.684,0.783,0.686,1.446e-06
0.595,0.594,0.793,0.824,0.000327188
0.635,0.707,0.743,0.713,3.855e-06
0.54,0.7,0.718,0.844,5.3005e-05
0.591,0.621,0.766,0.787,0.00018841
0.623,0.612,0.721,0.654,6.1679e-05
0.558,0.596,0.712,0.747,0.000445246
0.644,0.563,0.768,0.749,0.00023997
0.564,0.676,0.792,0.788,7.6135e-05
0.57,0.543,0.716,0.751,0.000964217
0.769,0.664,0.807,0.746,2.409e-06
0.576,0.622,0.798,0.759,0.00023226
0.625,0.594,0.758,0.79,0.000197566
0.643,0.692,0.731,0.696,1.927e-06
0.624,0.618,0.707,0.798,9.2037e-05
0.616,0.645,0.79,0.787,9.1555e-05
0.574,0.701,0.818,0.783,3.6622e-05
0.548,0.586,0.77,0.786,0.000668832
0.575,0.662,0.819,0.722,8.7218e-05
0.63,0.657,0.836,0.665,8.674e-06
0.698,0.664,0.762,0.772,1.2047e-05
0.553,0.648,0.791,0.72,0.000156125
0.593,0.609,0.723,0.751,0.000214913
0.62,0.535,0.707,0.781,0.000378266
0.645,0.612,0.869,0.706,0.000107938
0.708,0.559,0.804,0.799,0.000114684
0.671,0.589,0.755,0.763,0.000113239
0.658,0.594,0.836,0.838,0.00014456
0.605,0.552,0.749,0.714,0.000504033
0.616,0.656,0.684,0.764,4.4814e-05
0.653,0.613,0.76,0.762,9.0109e-05
0.511,0.67,0.757,0.7,9.8783e-05
0.672,0.765,0.756,0.781,4.82e-07
0.637,0.581,0.78,0.823,0.000205757
0.589,0.668,0.725,0.758,5.8788e-05
0.659,0.647,0.685,0.755,1.0601e-05
0.69,0.661,0.784,0.713,1.3974e-05
0.713,0.745,0.745,0.759,0.0
0.61,0.674,0.844,0.721,3.8549e-05
0.607,0.635,0.629,0.703,3.0358e-05
0.625,0.552,0.801,0.77,0.00039995
0.661,0.645,0.691,0.843,1.4456e-05
0.713,0.706,0.797,0.786,3.855e-06
0.661,0.58,0.715,0.804,9.0591e-05
0.732,0.668,0.766,0.846,3.373e-06
0.645,0.548,0.751,0.796,0.00028382
0.648,0.686,0.82,0.71,1.1083e-05
0.627,0.584,0.733,0.814,0.000196602
0.65,0.607,0.736,0.731,9.0591e-05
0.637,0.592,0.789,0.812,0.000178291
0.632,0.705,0.774,0.727,8.674e-06
0.64,0.727,0.786,0.757,4.819e-06
0.693,0.648,0.705,0.792,6.264e-06
0.687,0.54,0.739,0.66,0.000137332
0.601,0.642,0.769,0.776,0.000112275
0.667,0.614,0.695,0.838,2.6021e-05
0.66,0.652,0.666,0.776,2.409e-06
0.688,0.665,0.7,0.689,1.927e-06
0.637,0.612,0.721,0.84,8.7218e-05
0.581,0.675,0.827,0.74,5.7342e-05
0.643,0.631,0.765,0.829,7.0835e-05
0.697,0.629,0.737,0.808,2.2648e-05
0.625,0.586,0.779,0.792,0.00022696
0.581,0.635,0.725,0.745,0.000152752
0.579,0.655,0.788,0.723,0.000100228
0.612,0.714,0.752,0.82,1.3492e-05
0.645,0.742,0.72,0.776,2.409e-06
0.685,0.572,0.827,0.754,0.000149379
0.627,0.621,0.717,0.745,8.5291e-05
0.61,0.649,0.856,0.701,6.6016e-05
0.608,0.619,0.8,0.761,0.000160462
0.679,0.603,0.771,0.713,7.8544e-05
0.662,0.61,0.682,0.748,1.6383e-05
0.615,0.664,0.783,0.697,3.1803e-05
0.59,0.574,0.786,0.758,0.000491023
0.555,0.66,0.755,0.674,4.8669e-05
0.564,0.622,0.788,0.838,0.000272737
0.684,0.643,0.7,0.757,8.674e-06
0.611,0.585,0.81,0.743,0.000302131
0.643,0.727,0.753,0.831,5.301e-06
0.646,0.686,0.724,0.71,7.71e-06
0.623,0.579,0.731,0.757,0.000229369
0.571,0.646,0.807,0.85,0.000165762
0.625,0.66,0.813,0.668,1.2047e-05
0.619,0.657,0.77,0.717,4.915e-05
0.62,0.612,0.809,0.76,0.000159016
0.69,0.649,0.742,0.795,2.1202e-05
0.627,0.581,0.737,0.767,0.00021154
0.603,0.647,0.817,0.715,8.3363e-05
0.674,0.587,0.74,0.719,9.3482e-05
0.578,0.699,0.766,0.751,2.7948e-05
0.686,0.623,0.746,0.777,4.0959e-05
0.725,0.621,0.745,0.817,1.1083e-05
0.72,0.663,0.746,0.685,1.446e-06
0.588,0.682,0.728,0.784,4.7223e-05
0.588,0.641,0.83,0.787,0.000150825
0.619,0.613,0.839,0.781,0.000167208
0.664,0.622,0.733,0.656,2.9394e-05
0.636,0.662,0.72,0.78,3.2767e-05
0.643,0.626,0.847,0.778,9.2037e-05
0.571,0.595,0.753,0.731,0.000426935
0.636,0.571,0.704,0.755,0.000148415
0.6,0.626,0.83,0.638,3.0358e-05
0.724,0.715,0.74,0.735,4.82e-07
0.658,0.685,0.714,0.693,3.855e-06
0.599,0.556,0.829,0.778,0.000571013
0.645,0.609,0.821,0.747,0.000124322
0.624,0.701,0.792,0.877,2.2648e-05
0.635,0.664,0.791,0.754,3.8549e-05
0.608,0.597,0.716,0.749,0.00021154
0.683,0.692,0.769,0.758,7.71e-06
0.633,0.572,0.775,0.772,0.000246234
0.668,0.628,0.744,0.769,4.5777e-05
0.694,0.6,0.778,0.826,7.0353e-05
0.656,0.576,0.712,0.816,0.000100228
0.596,0.621,0.676,0.783,0.000118539
0.598,0.552,0.844,0.794,0.000625946
0.713,0.642,0.819,0.778,2.5057e-05
0.556,0.688,0.742,0.766,5.156e-05
0.614,0.75,0.75,0.83,2.891e-06
0.615,0.703,0.777,0.753,1.9275e-05
0.622,0.612,0.646,0.757,4.385e-05
0.661,0.619,0.75,0.753,6.7461e-05
0.705,0.718,0.815,0.762,1.927e-06
0.637,0.6,0.743,0.786,0.000135887
0.584,0.634,0.748,0.714,0.000144078
0.604,0.629,0.74,0.751,0.000120949
0.527,0.611,0.775,0.825,0.000558003
0.608,0.654,0.746,0.738,7.1798e-05
0.55,0.632,0.702,0.707,0.000199493
0.578,0.64,0.766,0.756,0.000163353
0.677,0.668,0.677,0.782,0.0
0.682,0.654,0.716,0.736,1.2047e-05
0.675,0.593,0.763,0.827,0.00010312
0.692,0.676,0.736,0.826,8.192e-06
0.694,0.591,0.718,0.823,4.0477e-05
0.635,0.68,0.804,0.808,3.084e-05
0.656,0.673,0.692,0.795,1.1565e-05
0.622,0.608,0.698,0.816,0.000110348
0.661,0.635,0.679,0.645,1.927e-06
0.67,0.655,0.732,0.849,2.313e-05
0.638,0.741,0.742,0.805,3.855e-06
0.724,0.678,0.738,0.782,2.409e-06
0.7,0.632,0.754,0.796,2.6021e-05
0.594,0.636,0.716,0.864,0.00012384
0.678,0.623,0.756,0.755,5.0114e-05
0.591,0.594,0.755,0.788,0.000342126
0.618,0.674,0.718,0.712,2.4575e-05
0.605,0.715,0.761,0.743,9.155e-06
0.611,0.538,0.775,0.756,0.000586915
0.653,0.627,0.777,0.73,6.2161e-05
0.681,0.648,0.782,0.81,3.084e-05
0.581,0.612,0.789,0.846,0.000274183
0.632,0.618,0.83,0.76,0.000122394
0.621,0.703,0.743,0.769,1.7347e-05
0.617,0.642,0.785,0.706,7.8063e-05
0.597,0.602,0.847,0.807,0.000280447
0.61,0.55,0.828,0.73,0.000522344
0.715,0.706,0.834,0.766,3.855e-06
0.62,0.627,0.728,0.817,9.8783e-05
0.66,0.623,0.866,0.779,8.3845e-05
0.646,0.609,0.838,0.757,0.000126731
0.664,0.624,0.734,0.814,4.9632e-05
0.656,0.713,0.89,0.773,8.674e-06
0.699,0.564,0.757,0.812,0.000103602
0.672,0.651,0.75,0.731,2.8912e-05
0.726,0.631,0.77,0.843,1.4456e-05
0.637,0.672,0.761,0.772,3.1321e-05
0.679,0.654,0.791,0.744,2.6021e-05
0.648,0.697,0.748,0.741,9.637e-06
0.637,0.671,0.857,0.685,9.637e-06
0.725,0.545,0.749,0.781,5.7824e-05
0.59,0.584,0.804,0.71,0.000396577
0.634,0.632,0.742,0.828,7.3244e-05
0.612,0.666,0.759,0.848,5.686e-05
0.676,0.546,0.696,0.698,4.8669e-05
0.636,0.671,0.676,0.777,1.4938e-05
0.715,0.552,0.749,0.78,8.0954e-05
0.664,0.674,0.674,0.746,1.446e-06
0.577,0.673,0.762,0.781,6.8907e-05
0.619,0.583,0.723,0.749,0.000217322
0.633,0.646,0.693,0.778,3.9513e-05
0.674,0.647,0.732,0.747,2.5057e-05
0.68,0.629,0.709,0.847,1.8311e-05
0.568,0.632,0.782,0.664,0.000109866
0.758,0.655,0.776,0.703,9.64e-07
0.688,0.63,0.782,0.776,3.9031e-05
0.731,0.57,0.781,0.806,4.0959e-05
0.604,0.602,0.674,0.796,0.00014697
0.656,0.687,0.686,0.761,6.746e-06
0.63,0.689,0.778,0.753,2.313e-05
0.578,0.637,0.792,0.701,0.000145524
0.678,0.743,0.778,0.747,9.64e-07
0.578,0.723,0.752,0.865,1.5902e-05
0.593,0.628,0.759,0.84,0.00015998
0.553,0.705,0.721,0.753,2.5539e-05
0.594,0.609,0.716,0.777,0.000207685
0.654,0.619,0.74,0.659,4.1441e-05
0.603,0.665,0.831,0.821,6.5052e-05
0.667,0.583,0.735,0.791,0.000107938
0.645,0.526,0.705,0.744,0.000230333
0.622,0.617,0.658,0.709,4.6741e-05
0.66,0.682,0.706,0.736,8.674e-06
0.651,0.603,0.823,0.765,0.000130104
0.678,0.697,0.722,0.811,4.819e-06
0.676,0.661,0.712,0.703,8.192e-06
0.554,0.714,0.77,0.742,1.4938e-05
0.643,0.542,0.737,0.634,0.000228405
0.565,0.722,0.792,0.744,1.1565e-05
0.618,0.615,0.814,0.829,0.000160944
0.558,0.582,0.804,0.652,0.00049536
0.695,0.68,0.741,0.74,7.228e-06
0.542,0.693,0.786,0.749,4.4332e-05
0.598,0.615,0.83,0.767,0.000207685
0.617,0.56,0.733,0.768,0.000341644
0.603,0.585,0.765,0.831,0.000322851
0.548,0.623,0.78,0.819,0.000325742
0.67,0.591,0.708,0.805,5.5415e-05
0.557,0.606,0.759,0.786,0.000415852
0.586,0.538,0.706,0.716,0.000744004
0.532,0.674,0.76,0.768,0.000107456
0.573,0.682,0.793,0.73,4.5296e-05
0.725,0.607,0.729,0.813,2.891e-06
0.617,0.576,0.745,0.764,0.000286229
0.66,0.622,0.664,0.83,3.855e-06
0.704,0.663,0.732,0.733,6.264e-06
0.644,0.638,0.768,0.714,5.6379e-05
0.584,0.615,0.722,0.865,0.00021925
0.652,0.662,0.757,0.834,2.843e-05
0.662,0.675,0.754,0.793,1.9757e-05
0.557,0.672,0.711,0.715,5.686e-05
0.654,0.659,0.699,0.775,1.5902e-05
0.662,0.589,0.784,0.825,0.000133959
0.608,0.597,0.74,0.741,0.000235151
0.665,0.595,0.795,0.839,0.000116612
0.742,0.656,0.78,0.792,4.819e-06
0.68,0.597,0.77,0.781,8.8664e-05
0.624,0.65,0.868,0.66,1.4938e-05
0.583,0.662,0.803,0.809,9.2037e-05
0.677,0.692,0.703,0.698,0.0
0.584,0.674,0.73,0.746,5.3487e-05
0.574,0.704,0.724,0.728,1.542e-05
0.666,0.685,0.814,0.835,1.8311e-05
0.679,0.707,0.713,0.825,2.891e-06
0.632,0.595,0.764,0.651,0.00011083
0.603,0.704,0.697,0.738,1.301e-05
0.662,0.611,0.682,0.821,1.6865e-05
0.635,0.694,0.741,0.778,1.7347e-05
0.72,0.678,0.762,0.686,0.0
0.668,0.673,0.682,0.735,4.337e-06
0.593,0.607,0.778,0.825,0.000255872
0.579,0.656,0.783,0.709,8.77e-05
0.65,0.663,0.749,0.74,2.6021e-05
0.64,0.554,0.704,0.752,0.000177809
0.613,0.633,0.829,0.633,0.0
0.56,0.687,0.8,0.715,3.614e-05
0.575,0.636,0.751,0.85,0.000185037
0.626,0.636,0.812,0.722,8.5291e-05
0.625,0.565,0.785,0.631,0.000214913
0.697,0.703,0.699,0.749,0.0
0.591,0.626,0.783,0.784,0.0001754
0.628,0.695,0.814,0.783,2.3612e-05
0.592,0.683,0.756,0.693,1.301e-05
0.693,0.561,0.707,0.715,3.4213e-05
0.594,0.689,0.77,0.777,3.8068e-05
0.65,0.707,0.742,0.723,3.855e-06
0.603,0.66,0.791,0.706,5.0596e-05
0.598,0.56,0.834,0.786,0.000548365
0.702,0.727,0.764,0.751,4.82e-07
0.588,0.593,0.824,0.741,0.000376339
0.626,0.575,0.814,0.769,0.000279965
0.674,0.628,0.72,0.742,2.8912e-05
0.618,0.604,0.81,0.762,0.00019082
0.645,0.675,0.803,0.797,2.8912e-05
0.643,0.643,0.683,0.783,2.4093e-05
0.611,0.606,0.845,0.761,0.000219732
0.62,0.632,0.72,0.808,8.5291e-05
0.628,0.587,0.662,0.785,7.999e-05
0.599,0.644,0.815,0.722,0.00010312
0.665,0.628,0.865,0.801,6.8907e-05
0.667,0.681,0.771,0.73,1.3492e-05
0.561,0.73,0.777,0.764,1.1565e-05
0.634,0.561,0.674,0.779,0.00012384
0.519,0.686,0.737,0.803,9.8783e-05
0.714,0.665,0.752,0.749,7.228e-06
0.612,0.648,0.64,0.888,3.5176e-05
0.643,0.725,0.737,0.745,3.373e-06
0.631,0.708,0.717,0.766,1.1083e-05
0.634,0.659,0.812,0.677,1.6865e-05
0.547,0.675,0.785,0.851,9.6855e-05
0.588,0.615,0.781,0.789,0.00023467
0.646,0.524,0.694,0.706,0.000186965
0.635,0.7,0.683,0.77,9.637e-06
0.551,0.583,0.791,0.783,0.000694371
0.595,0.561,0.837,0.751,0.000557039
0.703,0.577,0.759,0.677,6.8907e-05
0.65,0.625,0.676,0.725,1.8793e-05
0.597,0.644,0.787,0.67,5.4451e-05
0.574,0.646,0.782,0.832,0.000159016
0.696,0.686,0.748,0.772,6.746e-06
0.645,0.666,0.697,0.788,2.0238e-05
0.71,0.679,0.73,0.713,3.855e-06
0.606,0.623,0.82,0.779,0.00015998
0.63,0.605,0.85,0.765,0.000164317
0.571,0.598,0.771,0.646,0.00026069
0.716,0.632,0.776,0.754,2.0238e-05
0.668,0.657,0.674,0.805,1.446e-06
0.573,0.575,0.743,0.761,0.000593661
0.619,0.561,0.805,0.751,0.000380194
0.614,0.688,0.81,0.716,1.8793e-05
0.596,0.646,0.802,0.664,4.2404e-05
0.693,0.678,0.747,0.82,8.192e-06
0.577,0.569,0.821,0.813,0.000665941
0.698,0.639,0.702,0.699,1.927e-06
0.654,0.633,0.72,0.695,2.8912e-05
0.622,0.583,0.808,0.733,0.000256835
0.619,0.63,0.793,0.756,0.000107456
0.605,0.624,0.773,0.77,0.000146488
0.684,0.564,0.74,0.79,0.000116612
0.643,0.636,0.773,0.738,6.4088e-05
0.536,0.587,0.722,0.731,0.000700635
0.641,0.714,0.773,0.798,8.674e-06
0.619,0.683,0.793,0.815,3.3731e-05
0.633,0.598,0.687,0.776,8.1917e-05
0.663,0.612,0.779,0.758,8.5291e-05
0.594,0.608,0.804,0.858,0.000254426
0.583,0.687,0.749,0.775,4.5777e-05
0.722,0.629,0.788,0.746,1.8793e-05
0.653,0.665,0.801,0.78,3.0358e-05
0.672,0.692,0.808,0.718,8.674e-06
0.614,0.543,0.838,0.787,0.000546438
0.656,0.639,0.708,0.727,2.4093e-05
0.623,0.674,0.683,0.804,2.4093e-05
0.609,0.622,0.835,0.728,0.000150343
0.651,0.616,0.661,0.77,9.155e-06
0.648,0.608,0.798,0.846,0.00011613
0.666,0.668,0.822,0.814,2.4575e-05
0.592,0.636,0.796,0.664,7.3726e-05
0.601,0.606,0.775,0.67,0.000171545
0.614,0.691,0.768,0.803,2.9394e-05
0.588,0.644,0.834,0.764,0.000134441
0.561,0.619,0.765,0.737,0.000282856
0.666,0.644,0.852,0.796,4.9632e-05
0.631,0.624,0.734,0.742,8.2881e-05
0.595,0.69,0.837,0.825,4.0959e-05
0.689,0.542,0.853,0.74,0.000211058
0.618,0.575,0.778,0.795,0.000305022
0.563,0.713,0.747,0.743,1.3974e-05
0.625,0.663,0.817,0.797,5.4933e-05
0.594,0.578,0.818,0.804,0.000444764
0.608,0.592,0.714,0.836,0.000229851
0.67,0.62,0.686,0.862,1.2047e-05
0.689,0.628,0.693,0.86,2.891e-06
0.748,0.612,0.748,0.82,0.0
0.598,0.616,0.786,0.778,0.000191301
0.589,0.68,0.827,0.786,5.5897e-05
0.607,0.672,0.773,0.81,5.3005e-05
0.61,0.671,0.84,0.677,6.746e-06
0.709,0.739,0.813,0.739,0.0
0.639,0.636,0.775,0.761,7.0353e-05
0.695,0.626,0.701,0.818,6.746e-06
0.6,0.72,0.65,0.808,8.192e-06
0.629,0.611,0.795,0.847,0.000137814
0.58,0.59,0.816,0.77,0.000440427
0.612,0.61,0.66,0.79,9.4446e-05
0.569,0.646,0.809,0.804,0.00016769
0.581,0.692,0.797,0.71,1.6383e-05
0.58,0.577,0.692,0.764,0.000432717
0.571,0.623,0.819,0.701,0.000214431
0.62,0.558,0.868,0.798,0.000412961
0.581,0.69,0.671,0.764,2.7948e-05
0.608,0.662,0.801,0.792,6.9389e-05
0.613,0.626,0.707,0.806,0.00010312
0.58,0.677,0.822,0.766,5.9752e-05
0.657,0.628,0.673,0.74,1.0119e-05
0.619,0.659,0.727,0.717,4.0959e-05
0.59,0.642,0.68,0.674,5.3969e-05
0.719,0.646,0.769,0.718,1.301e-05
0.707,0.653,0.811,0.707,1.3974e-05
0.697,0.605,0.824,0.827,7.228e-05
0.596,0.759,0.734,0.779,2.891e-06
0.58,0.69,0.784,0.734,3.2767e-05
0.526,0.676,0.752,0.76,0.000106975
0.602,0.691,0.664,0.711,7.71e-06
0.622,0.692,0.756,0.72,1.5902e-05
0.653,0.541,0.681,0.747,9.7819e-05
0.711,0.63,0.731,0.745,1.2529e-05
0.616,0.645,0.792,0.773,8.9627e-05
0.572,0.597,0.763,0.783,0.000420189
0.544,0.673,0.786,0.709,6.1679e-05
0.625,0.643,0.781,0.785,8.1917e-05
0.595,0.563,0.775,0.685,0.000477049
0.686,0.678,0.744,0.81,1.1083e-05
0.581,0.69,0.781,0.828,4.3368e-05
0.608,0.593,0.82,0.667,0.00023226
0.642,0.573,0.738,0.709,0.000178291
0.548,0.724,0.762,0.77,1.9275e-05
0.632,0.698,0.812,0.742,1.6865e-05
0.722,0.647,0.768,0.829,1.2529e-05
0.542,0.711,0.78,0.733,1.8793e-05
0.645,0.704,0.779,0.782,1.2047e-05
0.647,0.574,0.725,0.678,0.00013155
0.597,0.647,0.825,0.757,0.000105047
0.586,0.614,0.764,0.762,0.00023997
0.557,0.627,0.749,0.703,0.000221659
0.663,0.721,0.731,0.733,4.82e-07
0.658,0.627,0.694,0.743,2.2648e-05
0.623,0.614,0.759,0.738,0.000133959
0.57,0.582,0.712,0.83,0.00050307
0.705,0.713,0.715,0.715,0.0
0.689,0.615,0.721,0.801,3.2767e-05
0.633,0.644,0.774,0.75,6.6498e-05
0.656,0.624,0.776,0.728,6.3607e-05
0.689,0.701,0.885,0.741,8.674e-06
0.616,0.585,0.734,0.741,0.000233224
0.587,0.667,0.795,0.667,0.0
0.516,0.661,0.742,0.76,0.000196602
0.701,0.617,0.753,0.813,3.614e-05
0.639,0.688,0.747,0.772,1.8793e-05
0.577,0.579,0.823,0.775,0.000561376
0.635,0.582,0.863,0.816,0.000233706
0.638,0.668,0.828,0.786,3.7586e-05
0.701,0.644,0.865,0.87,3.1803e-05
0.604,0.637,0.808,0.837,0.000126249
0.718,0.603,0.728,0.843,8.192e-06
0.628,0.677,0.781,0.789,3.4694e-05
0.634,0.617,0.852,0.843,0.000126249
0.617,0.651,0.861,0.719,7.0835e-05
0.653,0.7,0.745,0.726,7.71e-06
0.609,0.655,0.853,0.743,7.8063e-05
0.57,0.65,0.748,0.692,9.9265e-05
0.615,0.681,0.853,0.833,4.385e-05
0.733,0.533,0.749,0.773,4.7223e-05
0.679,0.578,0.802,0.722,0.000134923
0.71,0.594,0.71,0.706,0.0
0.686,0.625,0.768,0.751,4.4332e-05
0.653,0.655,0.743,0.71,2.4093e-05
0.575,0.595,0.809,0.749,0.000422116
0.68,0.647,0.744,0.719,2.4093e-05
0.707,0.698,0.715,0.708,0.0
0.56,0.657,0.684,0.727,9.7819e-05
0.744,0.615,0.806,0.853,1.6383e-05
0.586,0.682,0.804,0.736,4.3368e-05
0.613,0.618,0.707,0.828,0.000118058
0.6,0.658,0.826,0.774,8.2881e-05
0.641,0.603,0.807,0.841,0.00013926
0.551,0.579,0.763,0.717,0.000712682
0.637,0.623,0.817,0.802,0.00010071
0.646,0.592,0.878,0.71,0.000163835
0.629,0.646,0.727,0.756,5.8306e-05
0.576,0.707,0.784,0.761,2.5057e-05
0.705,0.577,0.721,0.785,2.8912e-05
0.707,0.721,0.797,0.747,9.64e-07
0.657,0.575,0.735,0.771,0.00013926
0.631,0.638,0.785,0.798,8.1436e-05
0.636,0.664,0.758,0.806,3.8549e-05
0.674,0.66,0.686,0.763,5.782e-06
0.594,0.71,0.83,0.806,2.2648e-05
0.578,0.652,0.762,0.832,0.000126731
0.654,0.661,0.718,0.729,1.7347e-05
0.64,0.628,0.82,0.694,7.1798e-05
0.664,0.638,0.74,0.796,3.9513e-05
0.667,0.702,0.76,0.758,8.674e-06
0.647,0.685,0.837,0.759,2.1202e-05
0.63,0.615,0.822,0.763,0.000134441
0.614,0.605,0.717,0.717,0.000153234
0.538,0.664,0.724,0.87,0.00014697
0.668,0.6,0.746,0.826,8.9627e-05
0.633,0.556,0.759,0.794,0.000309359
0.75,0.645,0.798,0.763,3.855e-06
0.597,0.756,0.825,0.77,2.409e-06
0.637,0.664,0.727,0.72,2.5057e-05
0.679,0.678,0.756,0.75,1.3492e-05
0.639,0.65,0.708,0.82,3.5176e-05
0.671,0.642,0.721,0.684,1.5902e-05
0.644,0.597,0.758,0.733,0.000132032
0.682,0.606,0.732,0.814,5.8788e-05
0.601,0.663,0.725,0.719,4.9632e-05
0.653,0.641,0.795,0.679,3.2767e-05
0.632,0.676,0.788,0.812,3.4694e-05
0.7,0.623,0.798,0.734,3.4694e-05
0.621,0.564,0.753,0.784,0.000333934
0.623,0.665,0.787,0.765,4.7705e-05
0.682,0.698,0.772,0.708,2.891e-06
0.578,0.533,0.722,0.741,0.000965663
0.59,0.735,0.686,0.799,7.228e-06
0.643,0.649,0.813,0.781,5.3005e-05
0.672,0.605,0.708,0.777,4.385e-05
0.615,0.734,0.823,0.838,7.71e-06
0.682,0.613,0.805,0.787,7.5653e-05
0.642,0.647,0.788,0.683,3.2767e-05
0.651,0.652,0.875,0.672,1.5902e-05
0.622,0.674,0.77,0.69,1.2529e-05
0.653,0.601,0.665,0.747,1.4938e-05
0.597,0.553,0.803,0.787,0.000614863
0.672,0.66,0.784,0.682,1.1083e-05
0.659,0.712,0.717,0.716,4.82e-07
0.644,0.642,0.728,0.723,4.0477e-05
0.679,0.658,0.751,0.79,2.2166e-05
0.636,0.617,0.86,0.847,0.000123358
0.751,0.621,0.779,0.794,5.301e-06
0.76,0.573,0.774,0.813,5.782e-06
0.567,0.545,0.755,0.731,0.001049989
0.676,0.69,0.824,0.7,2.409e-06
0.569,0.673,0.815,0.779,7.7581e-05
0.588,0.64,0.796,0.796,0.000148415
0.652,0.615,0.78,0.799,9.3482e-05
0.563,0.696,0.811,0.822,4.6259e-05
0.613,0.727,0.762,0.791,1.0119e-05
0.609,0.678,0.809,0.72,3.3731e-05
0.639,0.708,0.847,0.75,1.0119e-05
0.598,0.572,0.82,0.77,0.000451028
0.616,0.589,0.752,0.76,0.000245271
0.62,0.649,0.788,0.765,7.2762e-05
0.674,0.699,0.74,0.715,4.819e-06
0.733,0.678,0.753,0.713,4.82e-07
0.547,0.667,0.757,0.793,0.000113721
0.711,0.623,0.881,0.703,3.614e-05
0.57,0.669,0.751,0.726,6.9871e-05
0.653,0.548,0.753,0.79,0.00026069
0.647,0.632,0.739,0.706,4.8187e-05
0.587,0.594,0.789,0.814,0.000372002
0.644,0.633,0.762,0.762,6.4088e-05
0.667,0.646,0.757,0.753,3.6622e-05
0.683,0.612,0.703,0.828,2.4575e-05
0.625,0.694,0.751,0.766,2.0238e-05
0.557,0.672,0.795,0.78,9.1073e-05
0.596,0.656,0.842,0.846,9.4446e-05
0.625,0.69,0.779,0.784,2.6985e-05
0.676,0.646,0.708,0.746,1.4456e-05
0.585,0.571,0.801,0.735,0.000542583
0.601,0.572,0.785,0.716,0.000400914
0.657,0.587,0.895,0.724,0.000160944
0.67,0.693,0.844,0.703,2.891e-06
0.687,0.677,0.823,0.737,1.2529e-05
0.579,0.727,0.794,0.779,1.542e-05
0.643,0.679,0.815,0.759,2.5057e-05
0.561,0.63,0.773,0.856,0.000245752
0.61,0.6,0.86,0.76,0.000250089
0.689,0.565,0.693,0.815,7.71e-06
0.584,0.674,0.768,0.902,6.3125e-05
0.621,0.702,0.755,0.752,1.6865e-05
0.636,0.608,0.84,0.622,3.614e-05
0.702,0.583,0.742,0.809,5.7824e-05
0.658,0.55,0.726,0.718,0.000175882
0.58,0.622,0.818,0.757,0.000221659
0.644,0.662,0.77,0.836,3.614e-05
0.575,0.589,0.801,0.781,0.000481386
0.683,0.601,0.745,0.77,7.3244e-05
0.785,0.598,0.795,0.718,1.446e-06
0.604,0.679,0.826,0.679,0.0
0.713,0.697,0.753,0.725,3.855e-06
0.674,0.688,0.886,0.72,1.1565e-05
0.661,0.666,0.759,0.755,2.313e-05
0.65,0.66,0.72,0.704,1.6865e-05
0.644,0.652,0.726,0.836,3.614e-05
0.632,0.699,0.704,0.739,1.1565e-05
0.661,0.586,0.791,0.818,0.000143597
0.598,0.59,0.74,0.748,0.00030454
0.538,0.652,0.782,0.692,0.000137332
0.718,0.614,0.742,0.702,1.542e-05
0.661,0.657,0.763,0.903,3.1321e-05
0.647,0.684,0.713,0.778,1.301e-05
0.639,0.623,0.787,0.704,7.6617e-05
0.654,0.68,0.83,0.728,1.7829e-05
0.642,0.575,0.73,0.809,0.000170581
0.67,0.578,0.732,0.8,0.00010842
0.652,0.695,0.728,0.715,5.782e-06
0.661,0.674,0.683,0.704,3.373e-06
0.63,0.626,0.745,0.854,9.1073e-05
0.632,0.66,0.668,0.762,2.1684e-05
0.661,0.596,0.709,0.808,6.2161e-05
0.63,0.602,0.754,0.776,0.000150825
0.66,0.709,0.689,0.775,3.855e-06
0.64,0.585,0.761,0.775,0.0001754
0.637,0.666,0.663,0.72,9.155e-06
0.636,0.69,0.764,0.7,3.373e-06
0.642,0.728,0.752,0.76,4.337e-06
0.587,0.66,0.801,0.744,8.6736e-05
0.642,0.68,0.676,0.804,8.674e-06
0.578,0.674,0.706,0.724,4.5296e-05
0.589,0.658,0.757,0.756,8.6736e-05
0.692,0.697,0.698,0.779,0.0
0.622,0.675,0.738,0.769,3.614e-05
0.687,0.663,0.829,0.724,1.7829e-05
0.605,0.642,0.793,0.758,0.000106975
0.644,0.744,0.702,0.766,9.64e-07
0.603,0.612,0.793,0.796,0.00019612
0.599,0.685,0.799,0.711,2.3612e-05
0.697,0.699,0.822,0.717,3.373e-06
0.609,0.694,0.855,0.726,1.9757e-05
0.607,0.62,0.766,0.848,0.000157089
0.561,0.685,0.749,0.705,2.7948e-05
0.587,0.644,0.801,0.724,0.000119985
0.696,0.598,0.784,0.81,6.7943e-05
0.659,0.662,0.731,0.792,2.2166e-05
0.689,0.597,0.743,0.825,6.698e-05
0.647,0.66,0.703,0.722,1.8793e-05
0.639,0.591,0.695,0.718,8.6254e-05
0.578,0.662,0.762,0.778,9.5892e-05
0.596,0.577,0.742,0.781,0.000398023
0.649,0.616,0.781,0.81,9.3482e-05
0.736,0.717,0.802,0.761,1.446e-06
0.639,0.724,0.679,0.834,3.855e-06
0.624,0.666,0.77,0.786,4.8669e-05
0.586,0.616,0.674,0.708,0.000142151
0.696,0.536,0.742,0.784,0.000138778
0.617,0.649,0.787,0.765,7.8544e-05
0.618,0.645,0.78,0.723,7.7099e-05
0.62,0.689,0.84,0.735,2.3612e-05
0.621,0.648,0.745,0.749,6.7461e-05
0.625,0.607,0.845,0.815,0.000171545
0.597,0.616,0.764,0.664,0.000120467
0.632,0.748,0.814,0.772,1.446e-06
0.609,0.692,0.707,0.843,2.6503e-05
0.581,0.654,0.721,0.786,0.000105047
0.703,0.703,0.757,0.719,2.891e-06
0.573,0.657,0.787,0.783,0.000120467
0.697,0.658,0.715,0.756,4.337e-06
0.657,0.618,0.703,0.746,4.0959e-05
0.625,0.647,0.761,0.773,6.8907e-05
0.758,0.58,0.81,0.782,1.8311e-05
0.593,0.653,0.813,0.775,9.9747e-05
0.666,0.608,0.852,0.796,0.000107938
0.575,0.528,0.765,0.778,0.00117913
0.717,0.692,0.775,0.736,4.819e-06
0.601,0.655,0.737,0.681,3.5176e-05
0.604,0.639,0.794,0.759,0.000116612
0.628,0.673,0.82,0.713,2.6985e-05
0.712,0.589,0.818,0.777,7.2762e-05
0.63,0.632,0.699,0.776,5.6379e-05
0.632,0.717,0.686,0.725,1.446e-06
0.57,0.608,0.802,0.706,0.000322851
0.57,0.585,0.72,0.833,0.000483795
0.655,0.58,0.742,0.758,0.000141669
0.735,0.645,0.771,0.725,7.228e-06
0.681,0.632,0.743,0.782,3.3731e-05
0.674,0.695,0.756,0.745,8.192e-06
0.566,0.721,0.704,0.749,1.1565e-05
0.632,0.552,0.844,0.796,0.000377784
0.617,0.651,0.663,0.805,4.1922e-05
0.615,0.623,0.69,0.791,9.1555e-05
0.624,0.71,0.747,0.772,1.301e-05
0.633,0.618,0.769,0.701,9.1073e-05
0.666,0.622,0.864,0.852,8.0954e-05
0.648,0.594,0.662,0.836,2.1202e-05
0.68,0.586,0.746,0.736,9.541e-05
0.705,0.652,0.741,0.858,1.1083e-05
0.639,0.617,0.811,0.777,0.00010842
0.656,0.628,0.824,0.754,7.0353e-05
0.597,0.664,0.719,0.802,6.3607e-05
0.701,0.613,0.813,0.697,4.5777e-05
0.693,0.672,0.747,0.726,8.674e-06
0.566,0.678,0.814,0.706,3.7586e-05
0.715,0.633,0.727,0.657,2.891e-06
0.565,0.684,0.751,0.694,1.8793e-05
0.655,0.688,0.725,0.706,4.819e-06
0.631,0.591,0.829,0.801,0.000211058
0.669,0.637,0.753,0.723,3.9513e-05
0.603,0.578,0.785,0.792,0.000374893
0.669,0.6,0.705,0.786,4.5296e-05
0.616,0.676,0.68,0.75,2.3612e-05
0.625,0.691,0.811,0.787,2.7948e-05
0.571,0.66,0.735,0.874,0.000109384
0.636,0.618,0.656,0.814,2.4575e-05
0.581,0.588,0.796,0.778,0.000447173
0.635,0.561,0.782,0.775,0.000290566
0.588,0.565,0.822,0.789,0.000591733
0.688,0.612,0.76,0.82,6.0233e-05
0.62,0.707,0.622,0.729,0.0
0.651,0.722,0.679,0.762,1.927e-06
0.579,0.571,0.821,0.8,0.000614381
0.657,0.577,0.711,0.729,9.1555e-05
0.62,0.621,0.704,0.869,9.541e-05
0.717,0.644,0.833,0.696,1.4938e-05
0.662,0.564,0.752,0.796,0.000178773
0.678,0.672,0.75,0.693,8.674e-06
0.677,0.605,0.728,0.711,5.6379e-05
0.576,0.664,0.8,0.682,3.7586e-05
0.672,0.65,0.782,0.674,1.4938e-05
0.646,0.702,0.84,0.716,4.819e-06
0.584,0.497,0.742,0.735,0.001351157
0.672,0.585,0.698,0.815,4.3368e-05
0.692,0.718,0.748,0.722,4.82e-07
0.645,0.727,0.829,0.783,6.746e-06
0.611,0.558,0.787,0.788,0.000452956
0.632,0.664,0.822,0.804,4.915e-05
0.684,0.655,0.768,0.795,2.4093e-05
0.708,0.647,0.71,0.711,4.82e-07
0.655,0.656,0.849,0.778,3.7586e-05
0.679,0.624,0.707,0.742,2.2648e-05
0.718,0.717,0.718,0.731,0.0
0.611,0.689,0.817,0.745,3.0358e-05
0.586,0.595,0.786,0.813,0.000367183
0.711,0.61,0.843,0.774,5.4933e-05
0.667,0.644,0.697,0.796,1.5902e-05
0.603,0.704,0.783,0.716,8.192e-06
0.591,0.668,0.765,0.738,5.686e-05
0.608,0.708,0.794,0.822,2.0238e-05
0.628,0.598,0.698,0.724,0.000109384
0.616,0.576,0.85,0.712,0.000316587
0.624,0.621,0.724,0.677,7.0353e-05
0.658,0.62,0.779,0.745,7.2762e-05
0.662,0.615,0.742,0.723,6.7461e-05
0.629,0.674,0.673,0.804,1.6865e-05
0.679,0.557,0.752,0.767,0.000154198
0.536,0.745,0.784,0.767,7.228e-06
0.667,0.568,0.772,0.742,0.000161426
0.601,0.618,0.809,0.842,0.000181182
0.64,0.643,0.778,0.739,5.7824e-05
0.578,0.607,0.78,0.761,0.000313214
0.689,0.587,0.739,0.745,7.3726e-05
0.656,0.704,0.852,0.786,1.301e-05
0.641,0.633,0.717,0.681,3.1803e-05
0.555,0.596,0.681,0.79,0.000434645
0.691,0.654,0.893,0.76,2.6021e-05
0.626,0.609,0.852,0.771,0.000163353
0.635,0.74,0.719,0.792,3.855e-06
0.571,0.619,0.741,0.829,0.000254426
0.615,0.681,0.733,0.737,3.1321e-05
0.591,0.611,0.781,0.845,0.000242379
0.596,0.622,0.718,0.714,0.00013685
0.742,0.696,0.746,0.726,0.0
0.636,0.691,0.772,0.771,1.8793e-05
0.528,0.729,0.768,0.801,2.843e-05
0.68,0.628,0.744,0.726,3.614e-05
0.634,0.6,0.664,0.746,4.8187e-05
0.607,0.668,0.849,0.912,6.0233e-05
0.669,0.726,0.673,0.732,0.0
0.647,0.63,0.817,0.76,7.5171e-05
0.67,0.71,0.74,0.786,5.301e-06
0.723,0.628,0.725,0.83,1.446e-06
0.613,0.678,0.739,0.77,3.8068e-05
0.591,0.677,0.819,0.875,5.5897e-05
0.744,0.656,0.786,0.764,3.855e-06
0.608,0.563,0.708,0.797,0.000340199
0.641,0.608,0.825,0.794,0.000134441
0.717,0.689,0.727,0.709,9.64e-07
0.62,0.624,0.747,0.809,0.000115166
0.7,0.692,0.73,0.746,3.373e-06
0.734,0.76,0.806,0.792,9.64e-07
0.651,0.603,0.889,0.799,0.000137332
0.636,0.6,0.85,0.66,0.000120949
0.592,0.622,0.79,0.762,0.000181664
0.593,0.626,0.771,0.799,0.000169136
0.661,0.61,0.671,0.85,1.0601e-05
0.637,0.723,0.702,0.811,6.746e-06
0.62,0.621,0.726,0.681,7.8063e-05
0.672,0.664,0.786,0.906,2.5057e-05
0.693,0.67,0.713,0.784,3.855e-06
0.564,0.718,0.76,0.824,2.4093e-05
0.639,0.691,0.723,0.725,8.192e-06
0.697,0.597,0.743,0.845,5.2524e-05
0.57,0.696,0.704,0.76,3.0358e-05
0.691,0.709,0.816,0.809,4.819e-06
0.598,0.576,0.752,0.794,0.000400432
0.62,0.63,0.8,0.739,0.000106975
0.741,0.634,0.771,0.762,6.746e-06
0.67,0.585,0.761,0.761,0.000119985
0.608,0.612,0.783,0.77,0.000187928
0.755,0.703,0.773,0.705,0.0
0.695,0.584,0.739,0.774,6.5534e-05
0.592,0.572,0.736,0.788,0.000447173
0.606,0.626,0.82,0.794,0.000150825
0.656,0.649,0.77,0.784,4.0477e-05
0.662,0.642,0.756,0.686,2.6503e-05
0.655,0.691,0.667,0.721,9.64e-07
0.633,0.689,0.707,0.699,3.855e-06
0.577,0.656,0.667,0.684,5.0114e-05
0.6,0.585,0.844,0.791,0.000360919
0.717,0.672,0.739,0.732,3.855e-06
0.646,0.712,0.795,0.716,9.64e-07
0.661,0.534,0.681,0.772,7.4208e-05
0.614,0.631,0.726,0.805,0.000104565
0.617,0.712,0.771,0.768,1.3492e-05
0.638,0.556,0.755,0.696,0.000270328
0.623,0.616,0.755,0.778,0.000130104
0.588,0.551,0.796,0.753,0.000722319
0.639,0.676,0.784,0.694,1.2047e-05
0.594,0.619,0.826,0.831,0.000201903
0.676,0.666,0.716,0.76,1.1565e-05
0.606,0.65,0.764,0.754,8.4809e-05
0.682,0.738,0.79,0.744,1.446e-06
0.59,0.665,0.838,0.837,7.7099e-05
0.628,0.686,0.818,0.752,2.7466e-05
0.673,0.633,0.723,0.75,2.7948e-05
0.722,0.647,0.8,0.747,1.3492e-05
0.677,0.697,0.741,0.747,6.746e-06
0.635,0.642,0.885,0.702,5.7342e-05
0.591,0.712,0.776,0.756,1.5902e-05
0.659,0.576,0.671,0.824,1.9757e-05
0.639,0.668,0.725,0.746,2.5539e-05
0.591,0.687,0.779,0.781,4.4332e-05
0.704,0.498,0.714,0.704,3.7104e-05
0.527,0.597,0.725,0.791,0.000694853
0.521,0.642,0.763,0.702,0.000240934
0.601,0.691,0.753,0.751,2.9394e-05
0.703,0.554,0.735,0.78,7.0835e-05
0.752,0.631,0.764,0.733,1.927e-06
0.663,0.649,0.837,0.809,4.2404e-05
0.658,0.598,0.754,0.804,0.000111793
0.59,0.697,0.758,0.703,5.301e-06
0.617,0.606,0.759,0.844,0.0001807
0.615,0.665,0.775,0.771,5.4451e-05
0.622,0.565,0.764,0.809,0.000323815
0.675,0.62,0.751,0.74,5.4933e-05
0.681,0.679,0.741,0.721,9.637e-06
0.661,0.659,0.791,0.823,3.1321e-05
0.668,0.645,0.674,0.753,1.927e-06
0.652,0.69,0.792,0.776,1.4938e-05
0.65,0.715,0.716,0.859,4.819e-06
0.589,0.644,0.815,0.73,0.000120467
0.58,0.542,0.816,0.75,0.000937232
0.582,0.651,0.792,0.713,0.000101674
0.664,0.635,0.744,0.821,4.1922e-05
0.691,0.694,0.787,0.748,5.301e-06
0.588,0.636,0.778,0.774,0.000155643
0.58,0.72,0.828,0.842,1.7829e-05
0.686,0.553,0.776,0.777,0.000170581
0.638,0.658,0.733,0.738,3.3731e-05
0.655,0.611,0.707,0.795,5.2524e-05
0.701,0.642,0.723,0.818,9.637e-06
0.621,0.56,0.781,0.758,0.000365256
0.647,0.551,0.723,0.779,0.000208167
0.648,0.591,0.8,0.795,0.000158534
0.744,0.585,0.83,0.718,3.0358e-05
0.648,0.618,0.766,0.816,8.6736e-05
0.677,0.609,0.689,0.725,1.1083e-05
0.679,0.742,0.789,0.812,2.409e-06
0.63,0.606,0.72,0.618,2.3612e-05
0.701,0.659,0.777,0.723,1.3492e-05
0.521,0.604,0.709,0.784,0.00063462
0.666,0.695,0.71,0.737,3.855e-06
0.581,0.687,0.819,0.709,2.5539e-05
0.679,0.657,0.804,0.705,2.0238e-05
0.645,0.719,0.845,0.753,6.264e-06
0.665,0.592,0.777,0.806,0.000121912
0.639,0.562,0.879,0.766,0.000298758
0.638,0.682,0.794,0.694,7.71e-06
0.746,0.606,0.754,0.746,5.301e-06
0.612,0.698,0.792,0.736,1.9757e-05
0.604,0.597,0.836,0.811,0.000284302
0.688,0.58,0.71,0.816,3.7586e-05
0.623,0.729,0.782,0.773,6.264e-06
0.578,0.653,0.8,0.711,0.00010312
0.672,0.621,0.694,0.771,1.7347e-05
0.676,0.682,0.691,0.832,4.819e-06
0.565,0.65,0.811,0.786,0.000158053
0.611,0.67,0.767,0.726,4.1441e-05
0.562,0.604,0.724,0.789,0.000386458
0.6,0.725,0.714,0.775,9.637e-06
0.588,0.628,0.787,0.783,0.000177327
0.565,0.648,0.779,0.874,0.000164799
0.597,0.633,0.789,0.789,0.000141187
0.583,0.579,0.815,0.779,0.00050837
0.656,0.611,0.748,0.669,6.6498e-05
0.654,0.618,0.75,0.703,6.6498e-05
0.606,0.684,0.752,0.7,1.1083e-05
0.617,0.554,0.761,0.77,0.000415852
0.662,0.601,0.858,0.787,0.000127695
0.719,0.654,0.745,0.674,2.891e-06
0.572,0.614,0.708,0.782,0.000252017
0.723,0.665,0.795,0.725,6.746e-06
0.61,0.66,0.852,0.676,2.3612e-05
0.689,0.632,0.729,0.7,1.9757e-05
0.593,0.701,0.744,0.761,2.4093e-05
0.52,0.687,0.7,0.691,1.301e-05
0.72,0.653,0.74,0.855,4.819e-06
0.695,0.665,0.787,0.747,1.3492e-05
0.649,0.661,0.755,0.765,2.9876e-05
0.692,0.643,0.8,0.675,1.9275e-05
0.649,0.579,0.699,0.799,9.1555e-05
0.64,0.577,0.739,0.798,0.000181182
0.686,0.524,0.686,0.76,0.0
0.682,0.617,0.686,0.783,3.855e-06
0.631,0.599,0.739,0.723,0.000142151
0.653,0.665,0.787,0.722,2.313e-05
0.614,0.631,0.714,0.759,9.541e-05
0.602,0.613,0.844,0.768,0.000201903
0.656,0.566,0.756,0.672,0.00016769
0.654,0.673,0.654,0.719,0.0
0.719,0.64,0.753,0.698,1.0601e-05
0.674,0.665,0.818,0.735,2.2166e-05
0.573,0.624,0.812,0.818,0.000242379
0.633,0.538,0.825,0.742,0.000441873
0.512,0.674,0.754,0.694,6.6498e-05
0.654,0.606,0.754,0.842,0.000102156
0.75,0.595,0.776,0.661,4.337e-06
0.568,0.661,0.816,0.792,0.000117094
0.68,0.648,0.737,0.772,2.4093e-05
0.672,0.674,0.721,0.719,1.1083e-05
0.648,0.692,0.686,0.73,5.301e-06
0.549,0.67,0.769,0.748,9.2519e-05
0.637,0.548,0.801,0.776,0.000350318
0.616,0.595,0.676,0.689,0.000111311
0.609,0.623,0.817,0.739,0.000147933
0.615,0.59,0.797,0.788,0.000264545
0.681,0.597,0.743,0.7,6.9871e-05
0.605,0.633,0.697,0.821,9.4928e-05
0.633,0.612,0.781,0.726,0.000116612
0.631,0.643,0.753,0.745,6.8425e-05
0.564,0.644,0.718,0.686,0.000110348
0.623,0.575,0.819,0.819,0.000297312
0.589,0.644,0.641,0.71,5.6379e-05
0.688,0.691,0.714,0.709,4.82e-07
0.673,0.714,0.723,0.792,3.373e-06
0.618,0.681,0.688,0.691,6.746e-06
0.66,0.643,0.75,0.827,4.2886e-05
0.505,0.633,0.741,0.823,0.000440909
0.656,0.651,0.696,0.841,1.6865e-05
0.671,0.626,0.777,0.788,5.4933e-05
0.579,0.609,0.782,0.741,0.000295867
0.627,0.554,0.689,0.796,0.000206721
0.646,0.636,0.658,0.798,1.2529e-05
0.625,0.595,0.775,0.797,0.000193711
0.74,0.581,0.814,0.793,3.8068e-05
0.55,0.668,0.766,0.762,9.9265e-05
0.648,0.58,0.782,0.724,0.000171063
0.581,0.635,0.765,0.769,0.000171063
0.739,0.763,0.757,0.894,0.0
0.585,0.65,0.833,0.696,8.5772e-05
0.625,0.571,0.825,0.675,0.000260208
0.661,0.592,0.719,0.782,8.6736e-05
0.734,0.632,0.738,0.748,2.891e-06
0.685,0.592,0.771,0.812,9.4928e-05
0.653,0.681,0.811,0.787,2.2648e-05
0.606,0.585,0.782,0.713,0.000300203
0.597,0.724,0.797,0.77,1.1083e-05
0.634,0.627,0.749,0.782,8.4809e-05
0.639,0.589,0.689,0.791,8.4327e-05
0.651,0.601,0.707,0.843,6.9389e-05
0.666,0.574,0.762,0.774,0.000150343
0.646,0.608,0.852,0.848,0.000133477
0.658,0.622,0.788,0.808,7.2762e-05
0.639,0.591,0.799,0.761,0.000178291
0.638,0.635,0.674,0.703,2.2166e-05
0.633,0.674,0.847,0.68,3.855e-06
0.69,0.609,0.834,0.791,7.9508e-05
0.603,0.678,0.751,0.724,3.3249e-05
0.657,0.671,0.755,0.789,2.1684e-05
0.705,0.7,0.761,0.768,4.337e-06
0.603,0.737,0.699,0.787,5.782e-06
0.69,0.725,0.802,0.839,2.891e-06
0.713,0.603,0.721,0.787,1.1565e-05
0.536,0.718,0.734,0.834,3.6622e-05
0.637,0.555,0.74,0.797,0.000271291
0.656,0.704,0.718,0.812,7.228e-06
0.66,0.562,0.74,0.772,0.000169617
0.701,0.637,0.735,0.677,1.1565e-05
0.657,0.705,0.813,0.727,5.301e-06
0.556,0.613,0.758,0.827,0.000364774
0.655,0.623,0.675,0.701,1.2047e-05
0.591,0.724,0.775,0.752,8.192e-06
0.653,0.601,0.807,0.621,4.4332e-05
0.675,0.7,0.789,0.772,9.637e-06
0.665,0.605,0.729,0.815,7.3244e-05
0.59,0.692,0.748,0.758,3.3731e-05
0.698,0.583,0.73,0.752,4.8187e-05
0.696,0.661,0.708,0.789,2.891e-06
0.645,0.621,0.748,0.734,7.7581e-05
0.587,0.587,0.793,0.791,0.000413924
0.677,0.753,0.815,0.777,1.446e-06
0.643,0.635,0.773,0.773,6.7461e-05
0.613,0.728,0.734,0.732,9.64e-07
0.715,0.668,0.761,0.84,6.264e-06
0.714,0.697,0.742,0.707,1.927e-06
0.649,0.678,0.745,0.872,2.072e-05
0.64,0.587,0.692,0.757,8.5772e-05
0.663,0.582,0.809,0.824,0.000156607
0.686,0.58,0.762,0.79,0.000107456
0.65,0.634,0.814,0.762,6.5052e-05
0.556,0.648,0.752,0.694,0.000128659
0.567,0.68,0.739,0.818,6.3607e-05
0.681,0.642,0.737,0.8,2.843e-05
0.659,0.592,0.835,0.732,0.000143115
0.612,0.561,0.746,0.781,0.000397541
0.611,0.589,0.775,0.831,0.000282374
0.743,0.667,0.755,0.819,9.64e-07
0.708,0.623,0.74,0.819,1.7829e-05
0.698,0.669,0.728,0.763,5.782e-06
0.569,0.636,0.789,0.808,0.000201421
0.596,0.638,0.772,0.708,0.000114203
0.587,0.648,0.655,0.728,6.9389e-05
0.607,0.669,0.819,0.729,4.8187e-05
0.626,0.732,0.786,0.748,4.337e-06
0.603,0.675,0.847,0.839,5.4451e-05
0.603,0.747,0.763,0.753,4.82e-07
0.656,0.535,0.708,0.763,0.000174436
0.764,0.63,0.776,0.764,1.446e-06
0.553,0.696,0.773,0.732,2.843e-05
0.686,0.619,0.722,0.771,3.2767e-05
0.694,0.681,0.7,0.704,4.82e-07
0.71,0.696,0.728,0.788,1.927e-06
0.651,0.71,0.673,0.764,1.446e-06
0.562,0.619,0.724,0.779,0.000272737
0.669,0.687,0.777,0.701,4.819e-06
0.652,0.609,0.75,0.802,9.8783e-05
0.672,0.607,0.806,0.765,9.3482e-05
0.659,0.577,0.798,0.817,0.000172027
0.589,0.634,0.803,0.832,0.000162871
0.558,0.743,0.8,0.753,2.891e-06
0.735,0.543,0.86,0.717,8.3363e-05
0.584,0.66,0.818,0.754,9.3482e-05
0.566,0.611,0.774,0.731,0.000326224
0.685,0.614,0.765,0.75,6.1679e-05
0.613,0.572,0.701,0.782,0.000252499
0.61,0.649,0.766,0.785,8.77e-05
0.595,0.613,0.775,0.733,0.000201903
0.571,0.692,0.795,0.71,1.6865e-05
0.58,0.574,0.828,0.798,0.000592215
0.536,0.615,0.762,0.765,0.000438499
0.656,0.675,0.8,0.717,1.6865e-05
0.657,0.632,0.755,0.726,4.7705e-05
0.606,0.597,0.792,0.732,0.00025539
0.602,0.578,0.828,0.824,0.000396095
0.658,0.608,0.77,0.84,9.8301e-05
0.606,0.745,0.704,0.801,3.855e-06
0.595,0.569,0.819,0.723,0.000481386
0.586,0.607,0.832,0.827,0.00029924
0.629,0.597,0.645,0.819,3.8549e-05
0.648,0.688,0.79,0.863,1.8311e-05
0.635,0.684,0.743,0.866,2.3612e-05
0.606,0.568,0.757,0.804,0.000403323
0.674,0.54,0.73,0.732,0.000152752
0.624,0.609,0.78,0.825,0.000156125
0.498,0.618,0.734,0.803,0.000664014
0.65,0.569,0.774,0.774,0.000201903
0.653,0.582,0.771,0.808,0.00015998
0.68,0.623,0.768,0.777,5.1078e-05
0.669,0.605,0.675,0.837,5.301e-06
0.566,0.6,0.77,0.749,0.000422116
0.652,0.73,0.776,0.822,5.301e-06
0.633,0.692,0.787,0.728,1.542e-05
0.694,0.725,0.744,0.763,4.82e-07
0.711,0.62,0.787,0.694,2.7466e-05
0.649,0.619,0.683,0.787,2.7466e-05
0.605,0.666,0.791,0.784,6.1197e-05
0.606,0.62,0.832,0.76,0.00016769
0.642,0.681,0.759,0.699,8.674e-06
0.705,0.657,0.749,0.757,1.1083e-05
0.625,0.648,0.837,0.724,6.5534e-05
0.717,0.621,0.729,0.761,8.674e-06
0.609,0.616,0.803,0.718,0.000161426
0.693,0.674,0.713,0.774,3.855e-06
0.672,0.571,0.73,0.762,0.00010842
0.662,0.673,0.854,0.693,1.0601e-05
0.636,0.583,0.766,0.783,0.000201903
0.639,0.601,0.679,0.759,5.2042e-05
0.634,0.593,0.738,0.796,0.000160462
0.593,0.675,0.779,0.679,5.301e-06
0.611,0.566,0.703,0.78,0.000294903
0.649,0.721,0.729,0.761,3.855e-06
0.691,0.55,0.703,0.776,3.2285e-05
0.625,0.655,0.727,0.827,5.2042e-05
0.612,0.754,0.742,0.754,0.0
0.69,0.7,0.784,0.808,7.228e-06
0.688,0.54,0.758,0.776,0.000179737
0.619,0.602,0.727,0.732,0.00015227
0.686,0.61,0.688,0.812,3.373e-06
0.615,0.669,0.811,0.705,3.0358e-05
0.609,0.761,0.831,0.791,3.373e-06
0.609,0.656,0.819,0.738,7.3244e-05
0.631,0.627,0.809,0.77,9.9265e-05
0.717,0.689,0.763,0.795,4.819e-06
0.648,0.579,0.76,0.777,0.000176364
0.6,0.606,0.768,0.842,0.00023226
0.629,0.545,0.715,0.773,0.000285747
0.654,0.584,0.775,0.764,0.000151788
0.673,0.684,0.785,0.746,1.3974e-05
0.594,0.727,0.826,0.729,1.927e-06
0.683,0.621,0.837,0.756,6.5052e-05
0.652,0.711,0.698,0.779,4.337e-06
0.657,0.621,0.787,0.701,6.1679e-05
0.682,0.684,0.758,0.804,1.1083e-05
0.707,0.629,0.745,0.833,1.9275e-05
0.67,0.663,0.704,0.847,1.3492e-05
0.621,0.693,0.743,0.759,2.072e-05
0.562,0.601,0.808,0.733,0.000426453
0.674,0.633,0.686,0.715,5.301e-06
0.604,0.702,0.754,0.74,1.8311e-05
0.635,0.62,0.829,0.844,0.000113239
0.674,0.66,0.722,0.774,1.6865e-05
0.593,0.692,0.728,0.764,3.084e-05
0.592,0.581,0.78,0.793,0.000412479
0.556,0.588,0.72,0.74,0.000533909
0.596,0.654,0.708,0.762,7.7099e-05
0.52,0.587,0.68,0.723,0.000819175
0.7,0.738,0.754,0.752,0.0
0.682,0.612,0.75,0.79,6.457e-05
0.648,0.716,0.728,0.73,4.82e-07
0.661,0.62,0.865,0.786,8.8664e-05
0.585,0.709,0.709,0.717,5.782e-06
0.587,0.716,0.825,0.782,2.0238e-05
0.622,0.629,0.83,0.743,0.00011083
0.713,0.702,0.715,0.746,0.0
0.717,0.668,0.757,0.67,0.0
0.596,0.697,0.664,0.823,1.8793e-05
0.614,0.713,0.772,0.737,8.674e-06
0.578,0.556,0.8,0.792,0.000781589
0.665,0.567,0.677,0.747,2.1684e-05
0.601,0.619,0.799,0.849,0.000174436
0.594,0.616,0.783,0.792,0.000202866
0.663,0.618,0.755,0.78,7.0835e-05
0.63,0.617,0.728,0.659,5.4451e-05
0.606,0.62,0.84,0.866,0.00017299
0.658,0.66,0.81,0.674,8.674e-06
0.659,0.657,0.709,0.831,1.7829e-05
0.667,0.627,0.749,0.709,4.4332e-05
0.643,0.616,0.701,0.72,5.3969e-05
0.59,0.673,0.65,0.813,3.614e-05
0.656,0.648,0.731,0.742,2.9876e-05
0.555,0.647,0.801,0.729,0.000166726
0.712,0.603,0.726,0.645,1.0601e-05
0.628,0.715,0.736,0.823,1.0119e-05
0.648,0.716,0.694,0.722,0.0
0.69,0.554,0.714,0.776,5.686e-05
0.624,0.564,0.688,0.66,0.000149861
0.689,0.621,0.763,0.699,4.0959e-05
0.555,0.732,0.731,0.754,8.674e-06
0.624,0.668,0.802,0.792,4.5296e-05
0.723,0.607,0.747,0.821,2.0238e-05
0.618,0.57,0.788,0.808,0.000323815
0.564,0.623,0.772,0.871,0.000267436
0.589,0.706,0.815,0.71,2.891e-06
0.644,0.646,0.77,0.664,1.9757e-05
0.645,0.598,0.809,0.78,0.000148415
0.724,0.672,0.784,0.692,4.82e-07
0.607,0.589,0.633,0.805,0.000102638
0.643,0.69,0.845,0.774,1.9275e-05
0.718,0.708,0.732,0.782,0.0
0.565,0.648,0.795,0.773,0.000159498
0.713,0.623,0.717,0.773,2.891e-06
0.624,0.733,0.782,0.801,8.192e-06
0.63,0.592,0.762,0.778,0.000191783
0.539,0.614,0.679,0.77,0.000366701
0.669,0.686,0.775,0.753,1.4456e-05
0.605,0.567,0.743,0.689,0.000372484
0.688,0.578,0.808,0.746,0.00012384
0.576,0.715,0.748,0.755,1.4456e-05
0.64,0.557,0.798,0.797,0.000292975
0.629,0.63,0.773,0.724,8.3845e-05
0.611,0.545,0.843,0.703,0.000530536
0.632,0.602,0.754,0.818,0.000148415
0.633,0.651,0.841,0.715,5.3005e-05
0.571,0.679,0.635,0.693,1.3492e-05
0.73,0.685,0.846,0.709,2.409e-06
0.657,0.65,0.781,0.712,3.1321e-05
0.626,0.621,0.784,0.738,0.000109866
0.65,0.695,0.734,0.751,1.0119e-05
0.654,0.642,0.719,0.82,3.2767e-05
0.741,0.661,0.797,0.687,2.891e-06
0.675,0.611,0.839,0.821,9.2037e-05
0.678,0.567,0.688,0.813,1.6865e-05
0.691,0.698,0.789,0.716,2.891e-06
0.602,0.722,0.754,0.728,1.927e-06
0.741,0.6,0.745,0.774,2.409e-06
0.532,0.61,0.762,0.764,0.000525718
0.676,0.638,0.788,0.826,4.2886e-05
0.638,0.585,0.788,0.763,0.000191301
0.674,0.593,0.724,0.659,5.4451e-05
0.546,0.688,0.794,0.794,6.6498e-05
0.651,0.65,0.831,0.856,4.6741e-05
0.632,0.594,0.778,0.73,0.000176364
0.657,0.624,0.753,0.798,6.457e-05
0.681,0.619,0.799,0.775,6.0715e-05
0.63,0.58,0.832,0.784,0.000251535
0.595,0.644,0.837,0.716,0.000106493
0.564,0.704,0.738,0.718,1.2529e-05
0.649,0.652,0.805,0.758,4.1922e-05
0.688,0.601,0.756,0.699,6.7943e-05
0.679,0.692,0.743,0.722,5.301e-06
0.637,0.635,0.873,0.683,5.5897e-05
0.725,0.605,0.731,0.851,5.782e-06
0.637,0.642,0.787,0.752,6.3607e-05
0.606,0.581,0.748,0.807,0.000323333
0.654,0.64,0.795,0.734,4.915e-05
0.693,0.584,0.795,0.806,9.9747e-05
0.6,0.655,0.804,0.767,8.6736e-05
0.617,0.558,0.771,0.79,0.000400432
0.573,0.655,0.8,0.767,0.000126731
0.581,0.52,0.825,0.738,0.001183467
0.605,0.627,0.739,0.869,0.000129622
0.658,0.595,0.772,0.787,0.000121431
0.669,0.58,0.791,0.808,0.000140705
0.609,0.647,0.795,0.713,7.7581e-05
0.642,0.526,0.728,0.76,0.000321406
0.631,0.631,0.843,0.789,9.7819e-05
0.59,0.683,0.814,0.721,3.2767e-05
0.608,0.614,0.812,0.824,0.00018841
0.627,0.681,0.769,0.695,1.1083e-05
0.571,0.718,0.791,0.766,1.7347e-05
0.683,0.664,0.745,0.802,1.5902e-05
0.654,0.689,0.788,0.83,1.5902e-05
0.646,0.572,0.746,0.801,0.000189856
0.571,0.697,0.819,0.729,2.5539e-05
0.584,0.665,0.814,0.801,8.3363e-05
0.649,0.608,0.675,0.77,2.6503e-05
0.649,0.681,0.747,0.807,1.8793e-05
0.616,0.577,0.8,0.769,0.000313696
0.681,0.597,0.794,0.698,8.4327e-05
0.596,0.727,0.84,0.745,8.192e-06
0.586,0.604,0.752,0.824,0.000296349
0.629,0.629,0.787,0.715,8.3363e-05
0.58,0.579,0.716,0.763,0.000455847
0.648,0.575,0.68,0.785,6.2161e-05
0.624,0.531,0.805,0.771,0.000530536
0.683,0.564,0.709,0.674,4.9632e-05
0.639,0.652,0.887,0.784,5.7824e-05
0.68,0.552,0.712,0.772,7.6617e-05
0.62,0.733,0.814,0.747,4.819e-06
0.655,0.686,0.793,0.729,1.301e-05
0.612,0.647,0.772,0.855,9.0109e-05
0.562,0.639,0.602,0.829,8.9145e-05
0.622,0.658,0.712,0.852,4.6259e-05
0.623,0.568,0.778,0.764,0.00030454
0.622,0.69,0.805,0.732,2.1202e-05
0.557,0.618,0.749,0.754,0.000305022
0.613,0.632,0.861,0.787,0.000128659
0.599,0.582,0.813,0.768,0.000378748
0.624,0.78,0.708,0.794,0.0
0.586,0.645,0.748,0.827,0.000129622
0.624,0.654,0.846,0.838,6.8907e-05
0.615,0.727,0.745,0.739,4.819e-06
0.567,0.63,0.759,0.788,0.000220695
0.717,0.498,0.815,0.736,0.000187446
0.578,0.607,0.742,0.777,0.00030454
0.624,0.687,0.696,0.839,2.2166e-05
0.645,0.592,0.681,0.828,5.5415e-05
0.673,0.68,0.753,0.736,1.3974e-05
0.727,0.584,0.735,0.772,1.0601e-05
0.636,0.687,0.775,0.729,1.6865e-05
0.604,0.669,0.798,0.801,5.7342e-05
0.665,0.607,0.745,0.731,7.999e-05
0.681,0.669,0.797,0.689,6.746e-06
0.638,0.642,0.824,0.778,7.0353e-05
0.667,0.611,0.671,0.847,2.891e-06
0.703,0.601,0.791,0.723,5.5897e-05
0.639,0.593,0.791,0.729,0.000163835
0.611,0.642,0.711,0.73,7.5171e-05
0.673,0.626,0.723,0.771,3.5176e-05
0.603,0.675,0.807,0.761,4.8669e-05
0.673,0.619,0.687,0.853,1.1083e-05
0.627,0.665,0.763,0.761,4.5296e-05
0.643,0.566,0.715,0.798,0.000157089
0.586,0.605,0.834,0.749,0.000308877
0.649,0.697,0.689,0.751,5.782e-06
0.686,0.561,0.696,0.793,2.6503e-05
0.561,0.59,0.701,0.78,0.000476567
0.661,0.582,0.819,0.792,0.000164799
0.586,0.691,0.75,0.751,3.3731e-05
0.642,0.677,0.698,0.803,1.542e-05
0.587,0.618,0.811,0.778,0.000225032
0.656,0.657,0.798,0.673,9.637e-06
0.604,0.607,0.737,0.703,0.000180218
0.577,0.579,0.791,0.823,0.000547883
0.639,0.696,0.793,0.718,7.71e-06
0.632,0.582,0.748,0.754,0.000206721
0.695,0.62,0.733,0.84,2.9876e-05
0.667,0.628,0.713,0.778,2.9394e-05
0.589,0.654,0.759,0.752,9.5892e-05
0.619,0.687,0.811,0.713,1.9757e-05
0.629,0.611,0.753,0.823,0.000130586
0.653,0.661,0.813,0.699,1.9275e-05
0.655,0.614,0.809,0.768,9.6855e-05
0.672,0.597,0.748,0.721,8.8182e-05
0.667,0.579,0.707,0.769,6.9871e-05
0.616,0.551,0.719,0.789,0.000362846
0.649,0.611,0.781,0.739,0.00010071
0.578,0.738,0.752,0.742,4.82e-07
0.54,0.639,0.784,0.855,0.000269846
0.559,0.532,0.687,0.778,0.001213343
0.666,0.666,0.74,0.689,8.192e-06
0.531,0.627,0.761,0.759,0.000357064
0.7,0.555,0.724,0.606,2.6985e-05
0.599,0.658,0.715,0.806,7.0835e-05
0.613,0.712,0.655,0.756,7.71e-06
0.618,0.649,0.846,0.745,8.0472e-05
0.596,0.68,0.752,0.696,1.8311e-05
0.656,0.599,0.745,0.827,0.000106493
0.64,0.62,0.74,0.768,8.1917e-05
0.617,0.648,0.815,0.74,7.9026e-05
0.557,0.681,0.729,0.763,6.2643e-05
0.631,0.602,0.873,0.782,0.00017299
0.632,0.562,0.794,0.81,0.000302613
0.602,0.681,0.77,0.755,3.9513e-05
0.633,0.54,0.693,0.768,0.000226478
0.626,0.633,0.704,0.831,6.6016e-05
0.563,0.684,0.795,0.772,6.0233e-05
0.634,0.64,0.824,0.852,7.999e-05
0.64,0.638,0.69,0.756,3.1321e-05
0.667,0.692,0.869,0.71,7.71e-06
0.693,0.721,0.761,0.721,0.0
0.685,0.617,0.704,0.683,1.6383e-05
0.673,0.633,0.786,0.799,4.7223e-05
0.619,0.621,0.727,0.801,0.000111311
0.654,0.595,0.726,0.701,8.77e-05
0.662,0.668,0.82,0.682,4.819e-06
0.679,0.6,0.743,0.752,7.5171e-05
0.603,0.58,0.793,0.777,0.000354655
0.626,0.686,0.792,0.736,2.4093e-05
0.576,0.612,0.796,0.81,0.000296349
0.656,0.598,0.751,0.778,0.000111793
0.707,0.675,0.727,0.718,3.373e-06
0.693,0.59,0.701,0.734,1.6865e-05
0.611,0.479,0.723,0.68,0.000827848
0.648,0.595,0.736,0.645,7.3726e-05
0.634,0.551,0.732,0.741,0.000280447
0.555,0.708,0.723,0.772,2.8912e-05
0.559,0.606,0.747,0.818,0.000403805
0.665,0.659,0.777,0.879,2.9394e-05
0.671,0.652,0.711,0.69,1.0119e-05
0.595,0.601,0.804,0.827,0.000282856
0.61,0.71,0.702,0.766,1.4456e-05
0.687,0.607,0.725,0.773,4.6741e-05
0.655,0.563,0.773,0.813,0.000214431
0.661,0.607,0.707,0.755,5.1078e-05
0.61,0.677,0.668,0.755,2.313e-05
0.628,0.591,0.692,0.821,0.000117576
0.636,0.624,0.784,0.76,9.0591e-05
0.609,0.628,0.785,0.814,0.000133477
0.581,0.656,0.713,0.704,7.0353e-05
0.599,0.558,0.725,0.722,0.000460184
0.624,0.642,0.744,0.762,7.7581e-05
0.738,0.523,0.838,0.755,9.2519e-05
0.644,0.67,0.71,0.806,2.1684e-05
0.581,0.564,0.813,0.711,0.000636547
0.768,0.705,0.79,0.765,4.82e-07
0.622,0.68,0.678,0.796,2.072e-05
0.655,0.602,0.695,0.767,4.8669e-05
0.651,0.653,0.759,0.703,2.7948e-05
0.547,0.632,0.795,0.748,0.000261172
0.675,0.573,0.735,0.799,0.00010842
0.744,0.644,0.766,0.77,4.819e-06
0.642,0.655,0.798,0.821,4.5296e-05
0.637,0.665,0.833,0.743,3.7104e-05
0.643,0.704,0.833,0.776,1.1565e-05
0.701,0.648,0.755,0.68,1.0119e-05
0.55,0.569,0.778,0.688,0.000841341
0.675,0.685,0.761,0.715,8.674e-06
0.672,0.707,0.7,0.725,9.64e-07
0.611,0.618,0.825,0.713,0.000154679
0.596,0.674,0.682,0.772,3.9513e-05
0.667,0.692,0.733,0.784,1.0601e-05
0.585,0.629,0.717,0.753,0.000151788
0.592,0.64,0.82,0.712,0.000120467
0.615,0.596,0.775,0.728,0.000219732
0.583,0.6,0.717,0.764,0.000304058
0.66,0.609,0.741,0.733,8.0472e-05
0.599,0.603,0.731,0.673,0.0001754
0.614,0.695,0.734,0.757,2.2166e-05
0.58,0.706,0.682,0.718,8.192e-06
0.61,0.664,0.83,0.784,6.4088e-05
0.636,0.631,0.738,0.763,6.9389e-05
0.608,0.588,0.826,0.749,0.00031225
0.639,0.616,0.823,0.7,9.9265e-05
0.668,0.551,0.702,0.799,8.7218e-05
0.595,0.597,0.749,0.763,0.000293939
0.701,0.638,0.717,0.66,3.373e-06
0.533,0.625,0.683,0.773,0.000327188
0.598,0.682,0.738,0.712,2.6503e-05
0.621,0.567,0.807,0.762,0.000337307
0.593,0.616,0.773,0.809,0.000206239
0.706,0.7,0.812,0.768,5.301e-06
0.622,0.718,0.768,0.726,1.927e-06
0.592,0.642,0.84,0.712,0.000112757
0.768,0.637,0.814,0.767,5.301e-06
0.7,0.638,0.75,0.754,2.4093e-05
0.6,0.621,0.686,0.783,0.000114684
0.656,0.664,0.796,0.725,2.3612e-05
0.537,0.679,0.735,0.783,9.3964e-05
0.531,0.611,0.763,0.673,0.000400432
0.704,0.685,0.84,0.693,2.891e-06
0.625,0.588,0.751,0.834,0.000212985
0.691,0.642,0.695,0.736,1.927e-06
0.668,0.702,0.672,0.75,4.82e-07
0.622,0.69,0.76,0.736,2.1202e-05
0.665,0.736,0.739,0.86,2.891e-06
0.6,0.602,0.742,0.806,0.000239488
0.722,0.665,0.722,0.761,0.0
0.587,0.582,0.731,0.768,0.000408142
0.583,0.601,0.817,0.787,0.000342126
0.615,0.636,0.771,0.78,0.000111311
0.646,0.669,0.696,0.685,7.228e-06
0.582,0.67,0.82,0.882,7.5653e-05
0.664,0.684,0.71,0.786,1.0119e-05
0.627,0.631,0.739,0.851,8.6254e-05
0.663,0.672,0.765,0.676,1.446e-06
0.677,0.714,0.725,0.762,2.409e-06
0.676,0.624,0.694,0.79,1.301e-05
0.666,0.572,0.782,0.714,0.000154679
0.734,0.69,0.79,0.746,1.927e-06
0.668,0.583,0.708,0.769,6.457e-05
0.635,0.649,0.811,0.661,1.4456e-05
0.627,0.623,0.745,0.723,9.2037e-05
0.56,0.68,0.666,0.682,2.409e-06
0.671,0.518,0.745,0.748,0.000253944
0.609,0.61,0.679,0.708,0.000108902
0.563,0.658,0.719,0.744,0.000112275
0.62,0.579,0.752,0.769,0.000267436
0.613,0.703,0.839,0.709,3.855e-06
0.637,0.725,0.741,0.757,5.782e-06
0.628,0.635,0.74,0.784,7.999e-05
0.556,0.543,0.734,0.791,0.001208042
0.68,0.575,0.686,0.809,7.71e-06
0.709,0.616,0.731,0.776,2.0238e-05
0.605,0.648,0.729,0.798,8.3845e-05
0.662,0.56,0.848,0.804,0.000229369
0.745,0.589,0.811,0.823,2.4575e-05
0.626,0.729,0.678,0.815,3.373e-06
0.586,0.625,0.794,0.793,0.000195156
0.554,0.676,0.784,0.808,8.4809e-05
0.604,0.608,0.73,0.74,0.000187928
0.604,0.599,0.67,0.801,0.00015998
0.628,0.599,0.654,0.743,5.3969e-05
0.694,0.688,0.704,0.83,1.446e-06
0.625,0.687,0.787,0.733,2.2648e-05
0.632,0.591,0.814,0.815,0.000205276
0.723,0.607,0.759,0.853,2.5539e-05
0.579,0.643,0.775,0.859,0.000154198
0.597,0.664,0.835,0.83,7.5171e-05
0.67,0.669,0.716,0.779,1.4456e-05
0.689,0.638,0.689,0.778,0.0
0.687,0.57,0.811,0.764,0.000141187
0.594,0.616,0.632,0.793,8.3363e-05
0.669,0.706,0.755,0.708,1.446e-06
0.71,0.667,0.714,0.737,4.82e-07
0.612,0.648,0.762,0.772,8.5772e-05
0.614,0.612,0.746,0.732,0.000155643
0.62,0.757,0.792,0.803,2.409e-06
0.652,0.585,0.652,0.823,0.0
0.66,0.62,0.756,0.852,7.0353e-05
0.688,0.715,0.815,0.739,2.891e-06
0.693,0.631,0.697,0.744,3.373e-06
0.652,0.65,0.766,0.729,3.614e-05
0.742,0.645,0.814,0.847,9.155e-06
0.612,0.684,0.796,0.78,3.8068e-05
0.611,0.575,0.665,0.751,0.000191301
0.654,0.667,0.715,0.797,1.7347e-05
0.558,0.664,0.808,0.746,0.000105047
0.571,0.665,0.787,0.677,2.9876e-05
0.661,0.61,0.685,0.73,2.2166e-05
0.666,0.589,0.774,0.809,0.000125767
0.601,0.682,0.787,0.694,1.3492e-05
0.655,0.738,0.695,0.826,2.409e-06
0.581,0.559,0.685,0.809,0.000540655
0.655,0.703,0.781,0.713,4.337e-06
0.604,0.595,0.69,0.737,0.000189374
0.614,0.627,0.768,0.747,0.000123358
0.536,0.626,0.75,0.682,0.000256354
0.574,0.63,0.81,0.71,0.000185037
0.741,0.634,0.759,0.812,5.301e-06
0.668,0.603,0.812,0.799,0.000105047
0.685,0.698,0.767,0.874,7.71e-06
0.667,0.671,0.779,0.839,2.1684e-05
0.676,0.698,0.706,0.74,1.927e-06
0.605,0.742,0.823,0.766,4.337e-06
0.648,0.666,0.716,0.769,2.072e-05
0.727,0.695,0.753,0.749,2.409e-06
0.587,0.604,0.74,0.828,0.000282374
0.678,0.695,0.726,0.717,2.409e-06
0.601,0.566,0.831,0.764,0.000475603
0.616,0.67,0.842,0.812,5.156e-05
0.707,0.62,0.771,0.758,3.1803e-05
0.557,0.583,0.777,0.773,0.000638956
0.601,0.651,0.723,0.788,8.0472e-05
0.588,0.622,0.682,0.782,0.000142151
0.642,0.591,0.694,0.819,8.0954e-05
0.579,0.555,0.693,0.793,0.000618236
0.688,0.668,0.718,0.792,6.746e-06
0.712,0.613,0.766,0.667,2.843e-05
0.623,0.563,0.681,0.793,0.00018311
0.615,0.67,0.729,0.772,4.385e-05
0.598,0.665,0.796,0.71,4.7705e-05
0.645,0.612,0.811,0.704,0.00010071
0.629,0.619,0.833,0.705,0.000106975
0.671,0.638,0.751,0.734,3.9031e-05
0.768,0.559,0.844,0.701,2.6021e-05
0.587,0.636,0.653,0.77,0.00010071
0.731,0.621,0.745,0.732,6.746e-06
0.676,0.674,0.814,0.74,1.6865e-05
0.702,0.671,0.744,0.801,7.228e-06
0.713,0.625,0.767,0.693,1.9275e-05
0.625,0.645,0.821,0.721,6.9389e-05
0.635,0.678,0.867,0.794,3.4694e-05
0.583,0.545,0.833,0.721,0.000840859
0.645,0.668,0.691,0.672,9.64e-07
0.629,0.563,0.783,0.813,0.000310805
0.607,0.622,0.835,0.844,0.000164317
0.656,0.64,0.84,0.725,5.2524e-05
0.623,0.607,0.761,0.817,0.000158534
0.555,0.557,0.785,0.755,0.001026378
0.579,0.628,0.743,0.864,0.000190338
0.681,0.733,0.774,0.753,2.409e-06
0.563,0.668,0.793,0.792,9.6855e-05
0.658,0.636,0.71,0.784,2.8912e-05
0.65,0.721,0.678,0.741,9.64e-07
0.579,0.698,0.813,0.83,3.5658e-05
0.689,0.631,0.723,0.727,1.8793e-05
0.665,0.548,0.747,0.778,0.000207685
0.629,0.686,0.833,0.732,2.3612e-05
0.727,0.625,0.775,0.795,1.6383e-05
0.678,0.687,0.714,0.705,3.855e-06
0.608,0.653,0.848,0.765,8.6254e-05
0.688,0.688,0.754,0.772,6.746e-06
0.657,0.659,0.693,0.793,1.301e-05
0.691,0.632,0.733,0.8,2.313e-05
0.585,0.611,0.831,0.811,0.000277556
0.667,0.591,0.704,0.841,5.5415e-05
0.654,0.72,0.712,0.83,4.337e-06
0.527,0.685,0.769,0.773,8.8182e-05
0.526,0.675,0.746,0.763,0.00011083
0.648,0.695,0.83,0.751,1.2529e-05
0.562,0.604,0.79,0.684,0.000350318
0.719,0.669,0.781,0.777,6.264e-06
0.545,0.654,0.731,0.68,8.5291e-05
0.646,0.636,0.804,0.882,7.1316e-05
0.657,0.724,0.69,0.792,2.891e-06
0.659,0.663,0.683,0.743,7.228e-06
0.637,0.616,0.671,0.756,3.3731e-05
0.631,0.622,0.719,0.724,7.4208e-05
0.666,0.617,0.748,0.745,6.698e-05
0.826,0.628,0.828,0.694,0.0
0.664,0.627,0.876,0.639,1.542e-05
0.708,0.61,0.817,0.758,5.156e-05
0.582,0.609,0.772,0.811,0.000288157
0.639,0.588,0.691,0.802,8.9145e-05
0.576,0.749,0.808,0.775,4.337e-06
0.725,0.723,0.763,0.777,4.82e-07
0.64,0.777,0.686,0.859,9.64e-07
0.648,0.684,0.742,0.738,1.3974e-05
0.623,0.64,0.829,0.778,9.4928e-05
0.653,0.605,0.713,0.794,6.8425e-05
0.696,0.627,0.782,0.741,3.4694e-05
0.669,0.605,0.743,0.853,8.1436e-05
0.616,0.651,0.794,0.679,3.9995e-05
0.594,0.621,0.758,0.805,0.000178773
0.639,0.67,0.809,0.792,3.5176e-05
0.584,0.753,0.788,0.765,2.891e-06
0.615,0.592,0.817,0.75,0.00026069
0.626,0.705,0.724,0.767,1.3492e-05
0.541,0.687,0.789,0.855,8.2399e-05
0.615,0.628,0.797,0.838,0.000125767
0.629,0.654,0.772,0.802,6.0715e-05
0.683,0.705,0.831,0.777,6.746e-06
0.571,0.662,0.759,0.832,0.000103602
0.613,0.64,0.831,0.868,0.000113239
0.567,0.648,0.757,0.814,0.000155643
0.606,0.557,0.77,0.743,0.000478976
0.521,0.685,0.759,0.752,8.3363e-05
0.666,0.631,0.716,0.827,3.0358e-05
0.737,0.652,0.771,0.71,4.819e-06
0.66,0.591,0.732,0.743,0.000101674
0.676,0.682,0.726,0.792,9.155e-06
0.608,0.644,0.73,0.754,8.9145e-05
0.68,0.657,0.794,0.8,2.5057e-05
0.656,0.668,0.716,0.828,1.6383e-05
0.672,0.611,0.862,0.669,7.1316e-05
0.638,0.667,0.722,0.773,2.843e-05
0.674,0.528,0.724,0.758,0.000159016
0.726,0.593,0.75,0.769,2.4093e-05
0.538,0.648,0.782,0.73,0.000198529
0.647,0.694,0.875,0.742,1.3492e-05
0.517,0.684,0.707,0.734,7.5653e-05
0.648,0.633,0.712,0.875,3.9031e-05
0.574,0.636,0.806,0.712,0.000168654
0.593,0.679,0.769,0.721,3.5658e-05
0.68,0.582,0.72,0.756,6.7943e-05
0.723,0.601,0.735,0.841,1.0601e-05
0.668,0.572,0.72,0.722,9.3e-05
0.672,0.684,0.838,0.71,1.0601e-05
0.559,0.63,0.747,0.706,0.000206239
0.67,0.711,0.794,0.817,7.228e-06
0.743,0.6,0.755,0.824,7.228e-06
0.697,0.647,0.753,0.739,1.8793e-05
0.613,0.597,0.739,0.761,0.000217322
0.646,0.697,0.684,0.837,6.264e-06
0.674,0.662,0.788,0.713,1.8793e-05
0.681,0.672,0.723,0.812,1.1083e-05
0.609,0.622,0.727,0.758,0.000128659
0.671,0.647,0.711,0.749,1.7347e-05
0.653,0.675,0.801,0.806,2.5057e-05
0.741,0.72,0.807,0.78,1.927e-06
0.532,0.661,0.78,0.78,0.000176364
0.604,0.594,0.822,0.794,0.000299722
0.723,0.595,0.773,0.829,3.3731e-05
0.615,0.579,0.738,0.819,0.000279483
0.644,0.707,0.858,0.737,8.674e-06
0.661,0.64,0.709,0.674,1.1083e-05
0.576,0.59,0.792,0.788,0.00045922
0.554,0.623,0.758,0.725,0.000273701
0.707,0.619,0.757,0.761,3.1321e-05
0.634,0.682,0.724,0.816,2.2166e-05
0.608,0.645,0.818,0.731,9.541e-05
0.633,0.686,0.747,0.724,1.6865e-05
0.697,0.658,0.729,0.726,8.192e-06
0.6,0.635,0.798,0.869,0.000135887
0.611,0.62,0.779,0.724,0.000141669
0.646,0.556,0.748,0.804,0.00024768
0.575,0.661,0.805,0.782,0.00011083
0.686,0.534,0.726,0.772,0.000122876
0.614,0.699,0.822,0.741,2.072e-05
0.699,0.691,0.705,0.709,0.0
0.652,0.688,0.692,0.77,9.155e-06
0.646,0.58,0.738,0.75,0.000154679
0.68,0.637,0.782,0.835,4.1441e-05
0.719,0.613,0.891,0.809,4.7223e-05
0.592,0.636,0.754,0.75,0.000138296
0.665,0.69,0.789,0.722,9.155e-06
0.601,0.73,0.763,0.772,8.192e-06
0.648,0.642,0.748,0.822,4.9632e-05
0.639,0.596,0.805,0.722,0.000155643
0.654,0.603,0.81,0.791,0.000120949
0.586,0.694,0.69,0.808,2.8912e-05
0.632,0.685,0.752,0.739,2.2648e-05
0.606,0.618,0.718,0.772,0.000140223
0.652,0.504,0.658,0.678,4.8669e-05
0.597,0.673,0.839,0.677,6.264e-06
0.742,0.698,0.746,0.712,0.0
0.591,0.605,0.785,0.785,0.000279483
0.676,0.639,0.716,0.807,2.2166e-05
0.705,0.652,0.751,0.688,8.674e-06
0.665,0.72,0.722,0.724,0.0
0.586,0.631,0.776,0.747,0.000164317
0.647,0.587,0.752,0.825,0.000154679
0.695,0.661,0.759,0.717,1.1565e-05
0.591,0.685,0.751,0.7,1.4938e-05
0.665,0.568,0.683,0.796,2.9876e-05
0.627,0.717,0.875,0.813,1.4456e-05
0.581,0.684,0.712,0.754,4.0959e-05
0.65,0.595,0.736,0.837,0.000114684
0.63,0.697,0.804,0.765,2.0238e-05
0.67,0.607,0.797,0.719,8.7218e-05
0.652,0.637,0.754,0.875,5.4451e-05
0.65,0.744,0.818,0.888,3.373e-06
0.628,0.602,0.814,0.803,0.000172027
0.559,0.613,0.787,0.859,0.000358028
0.622,0.672,0.808,0.722,3.3731e-05
0.736,0.696,0.746,0.72,4.82e-07
0.691,0.587,0.711,0.717,2.7466e-05
0.645,0.61,0.731,0.794,9.2519e-05
0.678,0.68,0.742,0.816,1.301e-05
0.657,0.665,0.718,0.705,1.2047e-05
0.734,0.683,0.744,0.687,0.0
0.704,0.596,0.768,0.816,5.5897e-05
0.75,0.645,0.816,0.766,6.264e-06
0.673,0.602,0.725,0.674,4.9632e-05
0.649,0.73,0.769,0.736,9.64e-07
0.562,0.588,0.772,0.746,0.000546438
0.632,0.585,0.758,0.687,0.000177327
0.675,0.666,0.717,0.696,8.674e-06
0.656,0.597,0.812,0.833,0.000132032
0.662,0.661,0.792,0.669,5.782e-06
0.601,0.643,0.839,0.783,0.000117576
0.593,0.599,0.813,0.753,0.000313214
0.671,0.65,0.705,0.716,1.301e-05
0.654,0.708,0.746,0.722,2.891e-06
0.684,0.578,0.802,0.828,0.000132032
0.606,0.668,0.8,0.807,5.7342e-05
0.666,0.623,0.702,0.693,2.6503e-05
0.675,0.627,0.713,0.761,2.6021e-05
0.637,0.639,0.74,0.755,6.0715e-05
0.545,0.646,0.741,0.756,0.000195638
0.673,0.657,0.755,0.865,2.6021e-05
0.671,0.624,0.679,0.634,9.64e-07
0.6,0.661,0.744,0.703,4.915e-05
0.622,0.564,0.82,0.778,0.000358028
0.548,0.643,0.782,0.779,0.000216359
0.575,0.556,0.709,0.794,0.000698708
0.617,0.729,0.695,0.739,2.409e-06
0.615,0.632,0.827,0.76,0.000119985
0.588,0.652,0.788,0.695,7.4689e-05
0.632,0.577,0.874,0.753,0.00026069
0.631,0.525,0.833,0.711,0.000501624
0.655,0.637,0.839,0.873,6.1679e-05
0.579,0.639,0.713,0.724,0.000132995
0.708,0.571,0.736,0.802,5.1078e-05
0.648,0.638,0.724,0.854,4.4814e-05
0.641,0.686,0.749,0.762,1.7829e-05
0.634,0.54,0.772,0.774,0.000396577
0.611,0.663,0.653,0.897,3.4213e-05
0.579,0.635,0.803,0.788,0.000184073
0.653,0.696,0.809,0.796,1.4456e-05
0.645,0.548,0.877,0.768,0.000334416
0.58,0.592,0.798,0.72,0.000406696
0.677,0.676,0.797,0.703,9.637e-06
0.574,0.609,0.802,0.781,0.000330561
0.599,0.613,0.703,0.809,0.000158053
0.649,0.562,0.891,0.742,0.0002631
0.651,0.538,0.687,0.778,0.000126731
0.693,0.645,0.761,0.799,2.6021e-05
0.708,0.582,0.896,0.79,9.7337e-05
0.639,0.758,0.759,0.78,9.64e-07
0.543,0.591,0.783,0.803,0.000658713
0.617,0.655,0.749,0.847,6.7943e-05
0.727,0.664,0.727,0.68,0.0
0.566,0.678,0.674,0.754,4.5296e-05
0.637,0.594,0.703,0.744,0.00010312
0.651,0.712,0.765,0.776,6.746e-06
0.573,0.672,0.776,0.724,6.0233e-05
0.649,0.609,0.739,0.787,9.3482e-05
0.675,0.663,0.751,0.773,2.1202e-05
0.606,0.589,0.848,0.833,0.000320442
0.661,0.649,0.695,0.795,1.4938e-05
0.628,0.618,0.794,0.85,0.000120467
0.655,0.565,0.829,0.699,0.00021154
0.665,0.644,0.715,0.723,2.1202e-05
0.572,0.709,0.808,0.765,2.5539e-05
0.649,0.641,0.754,0.861,5.3487e-05
0.653,0.687,0.784,0.735,1.3492e-05
0.628,0.674,0.646,0.718,5.782e-06
0.649,0.632,0.727,0.745,4.5296e-05
0.702,0.623,0.808,0.819,3.7104e-05
0.638,0.69,0.828,0.732,1.6383e-05
0.656,0.58,0.783,0.771,0.00015998
0.626,0.677,0.733,0.719,2.4093e-05
0.592,0.622,0.784,0.85,0.000185519
0.702,0.63,0.716,0.754,6.746e-06
0.706,0.633,0.74,0.835,1.6865e-05
0.708,0.647,0.73,0.745,9.637e-06
0.644,0.663,0.702,0.718,1.8311e-05
0.625,0.606,0.823,0.68,0.000134923
0.663,0.651,0.703,0.817,1.8311e-05
0.702,0.582,0.784,0.826,7.9508e-05
0.627,0.616,0.743,0.764,0.000113239
0.626,0.685,0.82,0.849,3.3249e-05
0.673,0.661,0.704,0.747,1.2529e-05
0.695,0.581,0.741,0.773,7.3726e-05
0.555,0.592,0.801,0.82,0.000576795
0.657,0.664,0.853,0.79,3.2767e-05
0.666,0.655,0.787,0.737,2.7948e-05
0.678,0.622,0.744,0.754,4.8669e-05
0.601,0.711,0.783,0.761,1.6865e-05
0.546,0.687,0.764,0.697,2.072e-05
0.549,0.601,0.781,0.835,0.000506443
0.587,0.678,0.813,0.735,4.6741e-05
0.605,0.659,0.693,0.765,5.3969e-05
0.648,0.615,0.783,0.805,9.7819e-05
0.641,0.665,0.791,0.695,2.0238e-05
0.572,0.608,0.678,0.788,0.000258281
0.629,0.605,0.719,0.829,0.000118539
0.754,0.595,0.78,0.753,4.819e-06
0.558,0.725,0.788,0.759,1.2529e-05
0.655,0.683,0.697,0.731,6.746e-06
0.656,0.644,0.78,0.798,4.7705e-05
0.654,0.642,0.838,0.81,5.5415e-05
0.681,0.626,0.777,0.748,4.7223e-05
0.661,0.631,0.683,0.753,1.3492e-05
0.67,0.665,0.692,0.743,8.192e-06
0.618,0.651,0.822,0.779,8.0472e-05
0.67,0.652,0.824,0.846,3.6622e-05
0.589,0.631,0.827,0.845,0.00017299
0.594,0.639,0.711,0.757,0.000109866
0.675,0.717,0.783,0.769,5.301e-06
0.648,0.646,0.784,0.688,3.3249e-05
0.645,0.673,0.778,0.741,2.4093e-05
0.716,0.588,0.778,0.808,5.2042e-05
0.765,0.639,0.795,0.653,4.82e-07
0.677,0.654,0.803,0.828,3.084e-05
0.569,0.538,0.785,0.638,0.000991202
0.592,0.674,0.814,0.726,4.6741e-05
0.592,0.616,0.7,0.746,0.000161908
0.717,0.671,0.759,0.751,5.782e-06
0.597,0.635,0.747,0.693,0.000102638
0.653,0.566,0.745,0.734,0.000183592
0.662,0.725,0.742,0.821,4.337e-06
0.709,0.673,0.733,0.777,5.301e-06
0.641,0.677,0.763,0.732,1.9757e-05
0.691,0.613,0.699,0.691,1.0601e-05
0.665,0.68,0.697,0.806,9.637e-06
0.676,0.548,0.688,0.692,2.4093e-05
0.621,0.667,0.801,0.883,5.156e-05
0.593,0.658,0.759,0.804,8.5772e-05
0.561,0.75,0.731,0.792,9.637e-06
0.614,0.637,0.66,0.751,5.8306e-05
0.682,0.568,0.71,0.804,5.7342e-05
0.609,0.656,0.756,0.76,7.228e-05
0.661,0.654,0.697,0.74,1.4456e-05
0.677,0.678,0.713,0.712,6.264e-06
0.598,0.698,0.73,0.778,2.6985e-05
0.553,0.652,0.801,0.73,0.000150825
0.654,0.584,0.776,0.828,0.000153234
0.599,0.612,0.743,0.806,0.00019612
0.642,0.6,0.75,0.734,0.000127695
0.637,0.631,0.791,0.843,7.999e-05
0.602,0.719,0.764,0.727,9.64e-07
0.634,0.702,0.816,0.834,1.8311e-05
0.61,0.591,0.832,0.803,0.000293457
0.666,0.67,0.756,0.686,5.782e-06
0.678,0.661,0.716,0.729,1.0601e-05
0.638,0.681,0.782,0.819,2.7466e-05
0.7,0.713,0.728,0.751,0.0
0.707,0.617,0.753,0.787,3.3249e-05
0.686,0.598,0.806,0.757,9.1555e-05
0.581,0.641,0.723,0.839,0.000142633
0.655,0.694,0.727,0.77,9.637e-06
0.663,0.576,0.677,0.804,2.4093e-05
0.489,0.663,0.723,0.737,0.000231778
0.704,0.649,0.81,0.709,1.7829e-05
0.651,0.55,0.793,0.754,0.000282374
0.677,0.649,0.785,0.659,7.228e-06
0.616,0.608,0.814,0.734,0.000182146
0.672,0.609,0.705,0.843,3.9513e-05
0.597,0.644,0.681,0.686,4.915e-05
0.638,0.601,0.722,0.739,0.000107456
