0.328,0.282,0.446,0.438,0.007071888
0.362,0.184,0.426,0.602,0.023925688
0.299,0.321,0.415,0.451,0.018237242
0.349,0.24,0.458,0.596,0.034410163
0.148,0.218,0.588,0.559,0.417479457
0.326,0.277,0.454,0.455,0.015210632
0.26,0.314,0.621,0.528,0.096580234
0.306,0.346,0.398,0.492,0.02830201
0.387,0.218,0.429,0.499,0.007801436
0.255,0.188,0.591,0.534,0.10422169
0.342,0.403,0.494,0.483,0.021834865
0.319,0.247,0.527,0.478,0.027908806
0.236,0.247,0.68,0.501,0.103581288
0.194,0.186,0.67,0.45,0.111800503
0.151,0.243,0.555,0.421,0.08586109
0.405,0.33,0.407,0.491,0.000333934
0.248,0.206,0.518,0.535,0.10977425
0.348,0.363,0.416,0.431,0.004567141
0.215,0.263,0.516,0.547,0.180456994
0.21,0.268,0.61,0.502,0.154716592
0.416,0.322,0.535,0.465,0.005174776
0.244,0.163,0.714,0.653,0.150111384
0.188,0.165,0.54,0.575,0.360594509
0.169,0.285,0.589,0.537,0.365157795
0.321,0.409,0.417,0.424,0.006710488
0.31,0.4,0.52,0.442,0.013002232
0.197,0.173,0.521,0.537,0.268952936
0.147,0.399,0.577,0.583,0.435829456
0.194,0.358,0.546,0.548,0.303639208
0.277,0.348,0.439,0.488,0.052031096
0.37,0.229,0.454,0.535,0.020403236
0.209,0.32,0.587,0.536,0.197003362
0.195,0.329,0.52,0.463,0.156880177
0.299,0.198,0.499,0.466,0.030126842
0.227,0.305,0.621,0.379,0.0
0.222,0.327,0.506,0.417,0.0
0.266,0.354,0.442,0.378,0.0
0.318,0.279,0.508,0.526,0.043431687
0.335,0.129,0.445,0.627,0.04067155
0.145,0.383,0.627,0.41,0.0
0.175,0.193,0.458,0.531,0.347369172
0.354,0.305,0.53,0.317,0.0
0.319,0.24,0.515,0.524,0.042839954
0.232,0.428,0.612,0.434,0.0
0.334,0.301,0.49,0.451,0.013313519
0.372,0.38,0.464,0.43,0.003850604
0.152,0.225,0.537,0.519,0.362162024
0.328,0.247,0.404,0.627,0.034948409
0.413,0.242,0.499,0.51,0.008088147
0.133,0.436,0.623,0.494,0.234462783
0.169,0.173,0.622,0.512,0.33218167
0.116,0.221,0.606,0.627,0.581387191
0.254,0.173,0.546,0.563,0.115532567
0.177,0.314,0.565,0.516,0.332753165
0.143,0.268,0.635,0.498,0.323831869
0.253,0.204,0.541,0.635,0.130771147
0.273,0.219,0.515,0.551,0.090291862
0.282,0.314,0.394,0.574,0.067254256
0.218,0.284,0.572,0.415,0.0
0.334,0.213,0.508,0.575,0.04425809
0.386,0.335,0.502,0.511,0.015141243
0.261,0.324,0.522,0.55,0.102135685
0.276,0.343,0.516,0.423,0.016483726
0.214,0.382,0.608,0.427,0.035359924
0.199,0.218,0.585,0.56,0.275832077
0.33,0.261,0.524,0.495,0.029465238
0.336,0.358,0.424,0.482,0.018311931
0.226,0.325,0.461,0.533,0.140246109
0.335,0.235,0.437,0.535,0.030772063
0.272,0.471,0.56,0.535,0.037087901
0.267,0.279,0.647,0.487,0.064839136
0.252,0.127,0.498,0.517,0.094198845
0.183,0.282,0.6,0.534,0.346570235
0.244,0.234,0.438,0.578,0.124467356
0.296,0.322,0.57,0.424,0.012528557
0.32,0.275,0.544,0.577,0.054610051
0.354,0.297,0.464,0.565,0.030533538
0.329,0.406,0.523,0.442,0.010259924
0.344,0.25,0.454,0.456,0.012543495
0.284,0.355,0.594,0.437,0.015000055
0.232,0.37,0.59,0.499,0.106573204
0.306,0.361,0.608,0.439,0.012155109
0.314,0.165,0.512,0.639,0.062869743
0.259,0.353,0.529,0.515,0.088149479
0.345,0.157,0.503,0.596,0.040978981
0.129,0.334,0.553,0.512,0.388733647
0.25,0.142,0.714,0.544,0.115537868
0.337,0.407,0.351,0.409,0.0
0.282,0.196,0.532,0.592,0.090696631
0.349,0.115,0.473,0.557,0.032498112
0.278,0.25,0.452,0.64,0.092521945
0.238,0.263,0.47,0.561,0.132722229
0.347,0.209,0.545,0.548,0.036647956
0.166,0.202,0.546,0.658,0.418916386
0.262,0.143,0.628,0.589,0.116186943
0.282,0.239,0.52,0.551,0.080535008
0.432,0.262,0.44,0.508,0.000862543
0.106,0.36,0.57,0.434,0.124177753
0.232,0.272,0.472,0.464,0.068549034
0.185,0.263,0.496,0.533,0.336066968
0.32,0.259,0.504,0.591,0.054038556
0.352,0.351,0.388,0.442,0.003851567
0.153,0.126,0.633,0.611,0.43698642
0.256,0.391,0.58,0.503,0.084311404
0.281,0.347,0.477,0.391,0.0
0.423,0.148,0.459,0.564,0.005301025
0.202,0.404,0.67,0.506,0.196973968
0.305,0.187,0.427,0.585,0.054984944
0.164,0.328,0.66,0.384,0.0
0.28,0.149,0.6,0.641,0.101572382
0.424,0.37,0.446,0.449,0.000931932
0.274,0.225,0.524,0.627,0.104288188
0.219,0.235,0.59,0.491,0.11856496
0.198,0.209,0.477,0.496,0.195915305
0.245,0.361,0.533,0.429,0.023410572
0.251,0.316,0.553,0.512,0.094261969
0.34,0.338,0.354,0.4,0.0
0.302,0.341,0.442,0.541,0.051940987
0.241,0.282,0.643,0.488,0.085938671
0.34,0.27,0.374,0.58,0.01408258
0.185,0.166,0.593,0.63,0.388830984
0.319,0.159,0.521,0.613,0.058168161
0.348,0.358,0.532,0.448,0.01125739
0.215,0.349,0.596,0.405,0.0
0.161,0.321,0.573,0.453,0.175919247
0.349,0.297,0.449,0.517,0.024359369
0.178,0.263,0.672,0.569,0.384861841
0.311,0.37,0.587,0.384,0.0
0.272,0.226,0.478,0.556,0.090115499
0.351,0.161,0.584,0.587,0.042147028
0.351,0.253,0.505,0.473,0.017930292
0.387,0.201,0.451,0.489,0.008745896
0.332,0.444,0.448,0.522,0.021747647
0.171,0.167,0.666,0.553,0.37921098
0.281,0.292,0.507,0.548,0.079730771
0.462,0.103,0.512,0.599,0.005113579
0.159,0.259,0.591,0.567,0.405476136
0.389,0.236,0.425,0.566,0.010350515
0.286,0.324,0.472,0.446,0.02082728
0.38,0.325,0.442,0.421,0.002645935
0.334,0.21,0.384,0.62,0.023007731
0.31,0.308,0.486,0.34,0.0
0.347,0.332,0.539,0.4,0.0
0.182,0.241,0.546,0.555,0.365695077
0.408,0.373,0.42,0.423,0.00042308
0.212,0.369,0.655,0.391,0.0
0.236,0.241,0.594,0.545,0.135326723
0.274,0.345,0.482,0.471,0.047082316
0.238,0.241,0.674,0.539,0.129916314
0.292,0.296,0.392,0.49,0.034645314
0.37,0.157,0.402,0.623,0.014462291
0.275,0.333,0.487,0.549,0.085567151
0.364,0.364,0.454,0.408,0.0
0.295,0.381,0.485,0.415,0.0
0.236,0.186,0.612,0.574,0.148744325
0.431,0.237,0.459,0.589,0.004265974
0.364,0.381,0.392,0.405,0.0
0.293,0.181,0.544,0.653,0.084788935
0.392,0.311,0.42,0.543,0.007273309
0.206,0.309,0.704,0.371,0.0
0.299,0.3,0.491,0.584,0.068475308
0.436,0.324,0.446,0.504,0.001012886
0.422,0.135,0.448,0.633,0.005090449
0.328,0.113,0.518,0.567,0.046870294
0.195,0.376,0.599,0.478,0.18930601
0.37,0.25,0.449,0.522,0.018445409
0.292,0.273,0.5,0.375,0.0
0.314,0.188,0.516,0.598,0.059993957
0.226,0.299,0.514,0.449,0.052265284
0.167,0.277,0.608,0.535,0.365795787
0.213,0.225,0.592,0.557,0.197293928
0.218,0.38,0.702,0.434,0.033409806
0.306,0.386,0.474,0.57,0.058519443
0.275,0.186,0.548,0.644,0.105824863
0.25,0.262,0.526,0.552,0.115279587
0.419,0.27,0.427,0.506,0.001085166
0.216,0.145,0.473,0.595,0.195513427
0.234,0.196,0.605,0.692,0.168790498
0.364,0.434,0.55,0.452,0.005454741
0.234,0.304,0.658,0.474,0.080581267
0.275,0.308,0.527,0.544,0.08645186
0.335,0.412,0.45,0.472,0.018404932
0.291,0.338,0.565,0.504,0.055260572
0.386,0.152,0.428,0.566,0.012251483
0.39,0.221,0.438,0.571,0.012310271
0.326,0.176,0.536,0.538,0.043304474
0.27,0.188,0.494,0.608,0.10438938
0.299,0.246,0.569,0.601,0.076094116
0.264,0.109,0.506,0.587,0.108332984
0.215,0.373,0.574,0.547,0.183072571
0.373,0.377,0.483,0.412,0.0
0.219,0.236,0.589,0.504,0.135571512
0.242,0.281,0.5,0.465,0.062054905
0.31,0.256,0.478,0.504,0.039138729
0.395,0.222,0.425,0.6,0.008754088
0.4,0.321,0.408,0.575,0.002398737
0.307,0.315,0.513,0.423,0.010285463
0.214,0.434,0.592,0.476,0.074962691
0.172,0.242,0.648,0.524,0.350203517
0.385,0.28,0.437,0.492,0.008411962
0.228,0.323,0.48,0.457,0.064124044
0.17,0.434,0.642,0.435,0.0
0.197,0.153,0.651,0.581,0.303875805
0.292,0.37,0.446,0.42,0.011748413
0.177,0.252,0.517,0.448,0.141956739
0.377,0.291,0.447,0.453,0.006429077
0.256,0.202,0.559,0.556,0.111436211
0.219,0.213,0.577,0.627,0.200324875
0.115,0.382,0.591,0.472,0.323188094
0.231,0.334,0.665,0.522,0.1300469
0.414,0.13,0.56,0.62,0.017239776
0.314,0.273,0.484,0.597,0.057043482
0.157,0.212,0.631,0.66,0.43757478
0.289,0.372,0.447,0.39,0.0
0.4,0.241,0.423,0.559,0.005644597
0.154,0.276,0.648,0.514,0.352420108
0.255,0.288,0.457,0.434,0.020191215
0.146,0.285,0.562,0.561,0.421956006
0.218,0.359,0.574,0.411,0.0
0.28,0.424,0.618,0.436,0.0
0.456,0.275,0.478,0.439,0.000476085
0.367,0.288,0.47,0.596,0.028473554
0.394,0.273,0.47,0.585,0.01551469
0.175,0.343,0.607,0.423,0.081192275
0.177,0.136,0.587,0.584,0.392339944
0.389,0.207,0.443,0.613,0.015044387
0.148,0.212,0.614,0.632,0.449938056
0.305,0.207,0.387,0.616,0.044629128
0.286,0.43,0.484,0.44,0.002076849
0.149,0.156,0.607,0.62,0.44559402
0.383,0.348,0.428,0.506,0.009641206
0.262,0.329,0.566,0.463,0.050095434
0.203,0.428,0.702,0.452,0.046645262
0.191,0.354,0.618,0.588,0.350717188
0.303,0.148,0.422,0.642,0.059582924
0.246,0.315,0.662,0.357,0.0
0.157,0.151,0.543,0.639,0.432066552
0.19,0.125,0.66,0.589,0.357797268
0.257,0.196,0.515,0.544,0.103468049
0.222,0.349,0.568,0.543,0.161645848
0.346,0.169,0.378,0.635,0.014321104
0.189,0.414,0.473,0.422,0.067126079
0.28,0.246,0.44,0.66,0.088739767
0.245,0.36,0.611,0.472,0.068883932
0.155,0.385,0.609,0.42,0.085193704
0.273,0.222,0.536,0.638,0.107062299
0.41,0.384,0.438,0.44,0.000941569
0.327,0.385,0.463,0.402,0.0
0.384,0.168,0.401,0.606,0.007235241
0.16,0.125,0.598,0.597,0.41952884
0.408,0.425,0.41,0.441,2.2648e-05
0.386,0.278,0.508,0.524,0.017095697
0.295,0.268,0.392,0.566,0.051772815
0.204,0.218,0.581,0.62,0.262205826
0.354,0.207,0.476,0.642,0.036419551
0.265,0.191,0.373,0.689,0.083987589
0.305,0.268,0.481,0.54,0.053460797
0.194,0.229,0.588,0.609,0.335651598
0.195,0.166,0.688,0.583,0.321946321
0.139,0.247,0.637,0.565,0.440768116
0.335,0.238,0.348,0.45,0.001576671
0.178,0.354,0.61,0.37,0.0
0.17,0.28,0.568,0.554,0.380061959
0.349,0.389,0.567,0.469,0.018735011
0.14,0.28,0.482,0.62,0.455526756
0.476,0.439,0.534,0.454,0.000532464
0.255,0.269,0.541,0.523,0.09658168
0.355,0.316,0.431,0.544,0.023692946
0.29,0.199,0.572,0.543,0.07182236
0.359,0.157,0.441,0.643,0.029191055
0.391,0.183,0.441,0.565,0.012087166
0.163,0.237,0.597,0.595,0.413909782
0.222,0.172,0.604,0.67,0.196484391
0.186,0.249,0.515,0.615,0.379159902
0.338,0.326,0.592,0.646,0.052257092
0.261,0.289,0.435,0.567,0.098962587
0.185,0.173,0.561,0.563,0.365227666
0.331,0.215,0.541,0.523,0.037757697
0.213,0.162,0.526,0.644,0.219125902
0.227,0.183,0.585,0.672,0.183362655
0.289,0.312,0.505,0.4,0.0
0.449,0.277,0.477,0.508,0.002272969
0.306,0.364,0.554,0.51,0.047216757
0.272,0.396,0.492,0.454,0.035488582
0.311,0.372,0.433,0.424,0.008337754
0.139,0.269,0.627,0.431,0.089556051
0.209,0.205,0.674,0.575,0.224627866
0.336,0.231,0.382,0.504,0.013814661
0.33,0.16,0.534,0.646,0.053741726
0.417,0.167,0.443,0.637,0.005478834
0.272,0.427,0.674,0.497,0.049858355
0.327,0.368,0.441,0.426,0.006753374
0.212,0.213,0.684,0.561,0.20451905
0.179,0.306,0.571,0.464,0.216403832
0.257,0.247,0.495,0.477,0.062219222
0.249,0.282,0.583,0.431,0.022835704
0.135,0.276,0.611,0.624,0.476244652
0.281,0.279,0.467,0.589,0.085621602
0.409,0.245,0.477,0.501,0.006760602
0.185,0.156,0.625,0.54,0.347385073
0.306,0.279,0.498,0.573,0.061249222
0.276,0.186,0.494,0.53,0.078406117
0.277,0.241,0.515,0.563,0.08945534
0.161,0.163,0.657,0.615,0.423992379
0.286,0.379,0.564,0.518,0.066371956
0.333,0.127,0.437,0.585,0.037830941
0.379,0.152,0.406,0.65,0.011629874
0.377,0.258,0.479,0.582,0.024103979
0.102,0.398,0.576,0.474,0.510034169
0.303,0.38,0.569,0.484,0.038060791
0.123,0.184,0.619,0.56,0.486410612
0.277,0.171,0.561,0.644,0.104131099
0.324,0.369,0.546,0.485,0.028923137
0.294,0.24,0.492,0.57,0.070956926
0.271,0.308,0.503,0.426,0.017747664
0.219,0.301,0.531,0.421,0.032421977
0.256,0.232,0.405,0.635,0.107356238
0.264,0.204,0.44,0.538,0.087416077
0.371,0.283,0.491,0.443,0.006088879
0.182,0.192,0.55,0.568,0.375115106
0.342,0.28,0.558,0.48,0.022792336
0.42,0.262,0.427,0.526,0.00110685
0.357,0.248,0.489,0.504,0.022725356
0.323,0.441,0.451,0.557,0.033218986
0.331,0.148,0.433,0.638,0.041039697
0.164,0.391,0.609,0.445,0.12754408
0.319,0.294,0.447,0.466,0.020438895
0.378,0.34,0.422,0.493,0.009347267
0.13,0.192,0.552,0.66,0.493857393
0.288,0.383,0.512,0.402,0.0
0.393,0.318,0.441,0.402,0.0
0.393,0.425,0.449,0.431,0.0
0.274,0.308,0.588,0.561,0.095696489
0.226,0.36,0.612,0.428,0.029888799
0.234,0.379,0.601,0.383,0.0
0.174,0.248,0.612,0.48,0.256249461
0.235,0.376,0.591,0.424,0.026545602
0.397,0.395,0.417,0.467,0.002334648
0.157,0.304,0.573,0.514,0.347767194
0.259,0.382,0.583,0.51,0.08665328
0.32,0.203,0.462,0.595,0.050100253
0.202,0.266,0.684,0.546,0.243754153
0.226,0.375,0.686,0.377,0.0
0.355,0.274,0.381,0.514,0.008706865
0.296,0.236,0.434,0.588,0.064599648
0.342,0.288,0.534,0.535,0.035844683
0.175,0.284,0.643,0.442,0.110511025
0.252,0.32,0.568,0.418,0.0
0.164,0.382,0.566,0.522,0.352329998
0.295,0.411,0.331,0.459,0.010872378
0.202,0.398,0.556,0.518,0.215741264
0.215,0.301,0.589,0.455,0.075779939
0.307,0.215,0.489,0.58,0.060834334
0.375,0.214,0.549,0.636,0.033136587
0.368,0.435,0.414,0.455,0.003593768
0.265,0.22,0.593,0.486,0.065194272
0.252,0.387,0.576,0.397,0.0
0.184,0.317,0.54,0.503,0.293698762
0.448,0.279,0.49,0.449,0.001284177
0.334,0.284,0.483,0.57,0.041472414
0.342,0.282,0.471,0.576,0.037284021
0.263,0.401,0.561,0.41,0.0
0.163,0.199,0.535,0.543,0.374962354
0.257,0.349,0.532,0.489,0.071526012
0.405,0.282,0.457,0.562,0.009237883
0.199,0.169,0.681,0.622,0.299567909
0.211,0.314,0.564,0.455,0.081328644
0.234,0.157,0.544,0.653,0.164258534
0.158,0.268,0.544,0.627,0.428499768
0.189,0.098,0.469,0.578,0.350745136
0.295,0.217,0.517,0.472,0.035867812
0.271,0.186,0.417,0.661,0.094881651
0.236,0.323,0.58,0.431,0.026167818
0.156,0.399,0.592,0.409,0.0
0.26,0.313,0.414,0.503,0.071026315
0.278,0.364,0.634,0.478,0.05172511
0.229,0.245,0.513,0.575,0.15940179
0.344,0.392,0.479,0.394,0.0
0.359,0.317,0.411,0.481,0.011659749
0.359,0.257,0.381,0.661,0.010230048
0.368,0.179,0.504,0.618,0.032565092
0.268,0.295,0.564,0.601,0.110277801
0.127,0.257,0.613,0.621,0.501033847
0.392,0.231,0.4,0.659,0.003296456
0.231,0.445,0.477,0.45,0.008850943
0.205,0.348,0.507,0.441,0.050312274
0.215,0.275,0.585,0.595,0.206403634
0.317,0.389,0.461,0.441,0.009855637
0.22,0.248,0.614,0.67,0.202337636
0.261,0.266,0.583,0.466,0.052985676
0.325,0.284,0.537,0.46,0.019854389
0.322,0.243,0.432,0.568,0.041441574
0.324,0.258,0.414,0.544,0.033718683
0.148,0.243,0.634,0.549,0.407559249
0.334,0.346,0.516,0.376,0.0
0.175,0.387,0.627,0.489,0.27269801
0.422,0.341,0.43,0.466,0.00059077
0.239,0.373,0.561,0.437,0.025202155
0.367,0.243,0.473,0.559,0.026015548
0.288,0.209,0.507,0.699,0.088822166
0.159,0.199,0.49,0.679,0.427336058
0.22,0.173,0.47,0.621,0.188431902
0.28,0.293,0.61,0.535,0.080358163
0.173,0.272,0.621,0.516,0.33717189
0.204,0.316,0.56,0.576,0.24916649
0.395,0.358,0.435,0.388,0.0
0.186,0.201,0.55,0.663,0.387234075
0.191,0.245,0.523,0.467,0.190680778
0.293,0.184,0.513,0.486,0.042962348
0.319,0.323,0.488,0.497,0.032586294
0.203,0.342,0.597,0.466,0.122434838
0.259,0.275,0.553,0.666,0.125780927
0.376,0.153,0.486,0.595,0.026172155
0.143,0.296,0.545,0.548,0.412318173
0.219,0.263,0.549,0.579,0.18757225
0.37,0.323,0.428,0.453,0.006813607
0.392,0.259,0.49,0.577,0.017935111
0.197,0.22,0.593,0.56,0.291424829
0.328,0.4,0.374,0.448,0.005809395
0.317,0.247,0.449,0.454,0.016611421
0.336,0.245,0.362,0.541,0.009499537
0.153,0.281,0.635,0.575,0.422221034
0.324,0.33,0.558,0.662,0.059725557
0.188,0.209,0.522,0.549,0.341405097
0.382,0.291,0.386,0.487,0.001114078
0.211,0.31,0.628,0.362,0.0
0.252,0.378,0.599,0.404,0.0
0.264,0.173,0.584,0.626,0.118544721
0.279,0.342,0.562,0.398,0.0
0.274,0.437,0.586,0.445,0.008404252
0.263,0.417,0.465,0.503,0.073895837
0.334,0.407,0.463,0.493,0.024714024
0.31,0.258,0.596,0.54,0.05537863
0.281,0.412,0.479,0.492,0.053114816
0.323,0.3,0.452,0.556,0.042038608
0.285,0.302,0.561,0.538,0.074755488
0.393,0.299,0.405,0.469,0.001770863
0.132,0.314,0.614,0.494,0.328168195
0.221,0.161,0.599,0.635,0.196225628
0.382,0.286,0.5,0.434,0.003496913
0.291,0.216,0.495,0.537,0.065310884
0.325,0.361,0.501,0.493,0.029892172
0.333,0.391,0.478,0.391,0.0
0.208,0.13,0.548,0.606,0.236023552
0.224,0.368,0.656,0.408,0.0
0.289,0.244,0.513,0.524,0.064012733
0.284,0.286,0.484,0.362,0.0
0.193,0.281,0.595,0.643,0.348275565
0.276,0.249,0.549,0.492,0.060178513
0.245,0.379,0.627,0.423,0.023857745
0.215,0.206,0.541,0.646,0.21258214
0.314,0.364,0.447,0.37,0.0
0.297,0.217,0.471,0.595,0.069859714
0.194,0.131,0.652,0.629,0.340584476
0.38,0.262,0.393,0.602,0.006022381
0.311,0.223,0.539,0.667,0.068327375
0.322,0.367,0.574,0.511,0.039540125
0.132,0.373,0.59,0.565,0.456672637
0.19,0.29,0.641,0.545,0.329805099
0.235,0.24,0.701,0.722,0.168552455
0.415,0.371,0.459,0.425,0.001036979
0.258,0.379,0.542,0.469,0.056641123
0.227,0.227,0.615,0.527,0.141393436
0.234,0.255,0.616,0.619,0.163579582
0.255,0.19,0.615,0.532,0.103430463
0.34,0.317,0.51,0.447,0.011465075
0.354,0.193,0.526,0.471,0.017353497
0.177,0.184,0.499,0.623,0.397706985
0.396,0.26,0.432,0.506,0.005931308
0.185,0.186,0.585,0.624,0.387666311
0.307,0.389,0.549,0.441,0.012747806
0.277,0.33,0.483,0.41,0.0
0.153,0.272,0.563,0.633,0.439460328
0.134,0.227,0.478,0.609,0.466847271
0.32,0.224,0.49,0.648,0.056710994
0.264,0.128,0.576,0.596,0.114157799
0.311,0.293,0.499,0.433,0.009551579
0.318,0.186,0.488,0.648,0.057927227
0.386,0.19,0.409,0.496,0.005224408
0.282,0.212,0.378,0.62,0.064228128
0.24,0.374,0.724,0.45,0.045672853
0.319,0.164,0.533,0.638,0.06058039
0.401,0.358,0.409,0.432,0.000345017
0.296,0.328,0.446,0.554,0.06068351
0.228,0.276,0.626,0.566,0.162248664
0.309,0.167,0.481,0.629,0.063271139
0.23,0.345,0.568,0.511,0.121409424
0.338,0.27,0.56,0.558,0.042726233
0.302,0.276,0.535,0.557,0.063651814
0.336,0.364,0.494,0.504,0.028961686
0.311,0.128,0.533,0.612,0.064935027
0.397,0.45,0.413,0.463,0.000530054
0.121,0.325,0.599,0.477,0.313679401
0.394,0.414,0.4,0.429,0.000300203
0.254,0.24,0.58,0.613,0.128992092
0.24,0.329,0.6,0.475,0.075232537
0.366,0.248,0.44,0.578,0.023684273
0.271,0.354,0.619,0.426,0.018452155
0.281,0.218,0.54,0.416,0.0
0.387,0.119,0.457,0.613,0.018088345
0.234,0.424,0.556,0.431,0.0
0.241,0.332,0.52,0.575,0.137060964
0.337,0.246,0.584,0.59,0.048669588
0.166,0.418,0.595,0.454,0.178484228
0.15,0.325,0.608,0.369,0.0
0.218,0.45,0.615,0.488,0.055783399
0.184,0.301,0.532,0.475,0.23412162
0.328,0.217,0.622,0.699,0.060000704
0.216,0.322,0.615,0.54,0.176451228
0.185,0.318,0.659,0.514,0.317448087
0.398,0.265,0.399,0.497,0.000216359
0.278,0.166,0.522,0.656,0.101097742
0.249,0.318,0.543,0.668,0.138863149
0.215,0.369,0.595,0.427,0.034759517
0.285,0.329,0.617,0.531,0.073662131
0.337,0.236,0.603,0.542,0.04128834
0.267,0.406,0.519,0.428,0.018775488
0.303,0.344,0.461,0.469,0.028311647
0.15,0.15,0.486,0.644,0.440481405
0.225,0.22,0.568,0.63,0.184026668
0.318,0.106,0.414,0.606,0.043768031
0.148,0.216,0.614,0.644,0.451599053
0.261,0.259,0.517,0.391,0.0
0.311,0.278,0.519,0.52,0.046414929
0.346,0.353,0.366,0.47,0.003896863
0.165,0.389,0.579,0.483,0.267161352
0.193,0.413,0.601,0.449,0.112119499
0.348,0.211,0.436,0.516,0.02309784
0.177,0.185,0.648,0.548,0.368693739
0.2,0.364,0.606,0.442,0.062879862
0.228,0.329,0.516,0.391,0.0
0.26,0.384,0.614,0.474,0.060372223
0.385,0.389,0.513,0.423,0.003400539
0.324,0.268,0.454,0.672,0.05009447
0.259,0.258,0.605,0.582,0.117518343
0.374,0.104,0.392,0.601,0.008534838
0.346,0.419,0.464,0.42,0.0
0.222,0.224,0.616,0.562,0.174119471
0.418,0.379,0.448,0.541,0.004400415
0.145,0.401,0.617,0.483,0.28473458
0.174,0.142,0.474,0.456,0.182184007
0.234,0.19,0.534,0.574,0.149520132
0.346,0.241,0.42,0.487,0.016468788
0.231,0.205,0.581,0.613,0.16780797
0.339,0.101,0.507,0.585,0.043010053
0.438,0.416,0.508,0.428,0.001190695
0.223,0.194,0.499,0.686,0.188256984
0.25,0.208,0.426,0.562,0.108923272
0.343,0.221,0.471,0.647,0.041043552
0.279,0.312,0.645,0.537,0.082343939
0.37,0.308,0.578,0.492,0.019433719
0.159,0.195,0.573,0.623,0.427425685
0.319,0.336,0.509,0.454,0.018028593
0.279,0.2,0.561,0.588,0.09499489
0.229,0.2,0.599,0.533,0.14114672
0.294,0.378,0.598,0.43,0.01301187
0.316,0.192,0.484,0.64,0.058642319
0.224,0.287,0.575,0.459,0.072650209
0.415,0.43,0.437,0.472,0.001130943
0.403,0.33,0.449,0.598,0.010110063
0.365,0.354,0.405,0.459,0.006913836
0.269,0.195,0.431,0.606,0.096759489
0.25,0.264,0.474,0.582,0.121096692
0.255,0.237,0.571,0.539,0.105964123
0.216,0.21,0.556,0.614,0.206025368
0.333,0.359,0.457,0.453,0.01338339
0.287,0.217,0.477,0.515,0.059850361
0.286,0.129,0.486,0.621,0.085818204
0.279,0.32,0.683,0.578,0.095303285
0.307,0.199,0.436,0.605,0.056884948
0.205,0.27,0.603,0.42,0.041415553
0.252,0.253,0.474,0.559,0.111812068
0.343,0.358,0.499,0.362,0.0
0.237,0.447,0.525,0.523,0.075918235
0.413,0.244,0.423,0.493,0.001234063
0.294,0.345,0.602,0.575,0.077577305
0.329,0.143,0.476,0.619,0.047818128
0.281,0.252,0.577,0.516,0.070400369
0.245,0.32,0.609,0.474,0.070289058
0.4,0.193,0.5,0.661,0.018510942
0.385,0.334,0.401,0.494,0.004059252
0.372,0.395,0.483,0.463,0.010882497
0.181,0.144,0.497,0.64,0.393659779
0.269,0.147,0.617,0.593,0.109416222
0.222,0.256,0.638,0.584,0.18364262
0.214,0.301,0.582,0.555,0.192081085
0.214,0.202,0.478,0.63,0.208930548
0.313,0.235,0.513,0.708,0.065451589
0.343,0.169,0.352,0.519,0.002836272
0.348,0.263,0.39,0.621,0.019076173
0.31,0.263,0.486,0.599,0.060579908
0.327,0.354,0.454,0.378,0.0
0.24,0.336,0.412,0.526,0.105293845
0.19,0.245,0.603,0.525,0.310536661
0.15,0.235,0.608,0.533,0.385681016
0.288,0.378,0.522,0.414,0.0
0.32,0.274,0.414,0.592,0.041383268
0.219,0.318,0.575,0.484,0.110975064
0.291,0.342,0.497,0.4,0.0
0.359,0.375,0.439,0.509,0.019154718
0.264,0.27,0.494,0.558,0.099950898
0.286,0.234,0.58,0.446,0.022360101
0.378,0.334,0.408,0.453,0.00400191
0.255,0.388,0.393,0.514,0.076833783
0.282,0.265,0.382,0.449,0.019615865
0.201,0.161,0.687,0.557,0.260095246
0.339,0.395,0.455,0.527,0.029984209
0.384,0.257,0.404,0.607,0.008205241
0.324,0.305,0.658,0.567,0.053518139
0.336,0.263,0.4,0.581,0.027282378
0.186,0.45,0.558,0.462,0.057146602
0.269,0.173,0.525,0.533,0.088054551
0.139,0.283,0.601,0.471,0.263960306
0.349,0.311,0.559,0.441,0.008080437
0.363,0.176,0.444,0.503,0.017543834
0.295,0.288,0.609,0.39,0.0
0.322,0.379,0.52,0.493,0.031671228
0.266,0.412,0.464,0.436,0.018184718
0.291,0.286,0.443,0.602,0.07290078
0.221,0.213,0.565,0.685,0.19826971
0.2,0.398,0.51,0.425,0.045339883
0.245,0.352,0.545,0.458,0.053533559
0.409,0.252,0.443,0.576,0.00676783
0.146,0.265,0.559,0.479,0.274521397
0.211,0.196,0.597,0.576,0.215312884
0.348,0.247,0.376,0.575,0.011390867
0.296,0.251,0.484,0.553,0.064289807
0.28,0.348,0.448,0.414,0.0
0.417,0.164,0.515,0.661,0.014411213
0.258,0.234,0.56,0.613,0.1229514
0.298,0.235,0.532,0.605,0.075399263
0.225,0.27,0.537,0.628,0.182053421
0.317,0.219,0.463,0.579,0.050351787
0.32,0.383,0.542,0.447,0.01473021
0.183,0.347,0.541,0.409,0.0
0.357,0.357,0.433,0.389,0.0
0.386,0.214,0.42,0.444,0.00236356
0.379,0.181,0.489,0.545,0.02100268
0.349,0.13,0.383,0.608,0.01509161
0.315,0.264,0.44,0.576,0.048335172
0.281,0.331,0.557,0.502,0.061965278
0.324,0.256,0.568,0.604,0.056813631
0.357,0.174,0.513,0.652,0.03915704
0.419,0.129,0.519,0.621,0.013567463
0.332,0.342,0.548,0.37,0.0
0.349,0.289,0.52,0.373,0.0
0.232,0.423,0.71,0.447,0.018206402
0.469,0.159,0.495,0.597,0.002769775
0.372,0.261,0.384,0.571,0.005523648
0.325,0.363,0.565,0.387,0.0
0.312,0.31,0.446,0.474,0.025508623
0.378,0.237,0.48,0.539,0.020051473
0.256,0.268,0.54,0.55,0.108179268
0.283,0.143,0.543,0.635,0.094980434
0.238,0.24,0.572,0.456,0.055170463
0.213,0.266,0.652,0.614,0.219496458
0.241,0.35,0.437,0.526,0.107639095
0.362,0.153,0.464,0.579,0.028504876
0.142,0.204,0.616,0.628,0.461069679
0.415,0.24,0.502,0.648,0.013614204
0.286,0.381,0.546,0.477,0.044140515
0.28,0.364,0.584,0.39,0.0
0.273,0.267,0.495,0.417,0.0
0.164,0.229,0.607,0.641,0.422650859
0.372,0.251,0.468,0.527,0.02010737
0.242,0.123,0.688,0.571,0.138581257
0.153,0.207,0.649,0.513,0.352009556
0.146,0.382,0.568,0.512,0.357030135
0.361,0.29,0.515,0.5,0.021964969
0.13,0.288,0.55,0.396,0.0
0.135,0.193,0.633,0.627,0.477292232
0.223,0.338,0.599,0.592,0.183006555
0.212,0.379,0.56,0.395,0.0
0.284,0.321,0.522,0.497,0.055323215
0.359,0.192,0.379,0.589,0.008610973
0.248,0.403,0.608,0.455,0.04846624
0.262,0.261,0.588,0.479,0.062622545
0.33,0.199,0.432,0.631,0.041216542
0.183,0.246,0.502,0.368,0.0
0.161,0.322,0.657,0.444,0.123628906
0.219,0.27,0.489,0.442,0.04278743
0.327,0.212,0.447,0.562,0.040074034
0.223,0.2,0.417,0.586,0.164681613
0.312,0.188,0.488,0.686,0.063482679
0.228,0.275,0.514,0.523,0.133177112
0.217,0.166,0.543,0.626,0.204286308
0.289,0.329,0.389,0.429,0.010325458
0.144,0.184,0.6,0.564,0.428947423
0.32,0.237,0.544,0.589,0.056299961
0.336,0.245,0.61,0.521,0.037157772
0.334,0.213,0.502,0.537,0.03757266
0.317,0.226,0.563,0.618,0.062484249
0.269,0.357,0.439,0.423,0.017134247
0.337,0.149,0.37,0.595,0.01409559
0.342,0.33,0.45,0.368,0.0
0.194,0.253,0.657,0.475,0.190377683
0.232,0.228,0.524,0.432,0.027134444
0.198,0.314,0.604,0.552,0.277010243
0.202,0.457,0.554,0.537,0.127929092
0.246,0.234,0.586,0.614,0.140701956
0.247,0.292,0.551,0.392,0.0
0.393,0.21,0.403,0.574,0.003541727
0.336,0.264,0.462,0.464,0.016653343
0.137,0.275,0.593,0.535,0.411339018
0.218,0.256,0.612,0.518,0.154005355
0.371,0.382,0.474,0.436,0.004123341
0.343,0.334,0.595,0.448,0.012442302
0.201,0.252,0.645,0.388,0.0
0.327,0.341,0.457,0.581,0.043649491
0.172,0.365,0.479,0.427,0.080879061
0.18,0.282,0.668,0.614,0.398673129
0.31,0.203,0.47,0.613,0.060144782
0.343,0.259,0.509,0.523,0.03195312
0.295,0.147,0.459,0.639,0.073989319
0.346,0.371,0.514,0.451,0.012290996
0.369,0.337,0.405,0.525,0.012476997
0.298,0.337,0.468,0.357,0.0
0.362,0.27,0.472,0.648,0.032540517
0.197,0.263,0.636,0.519,0.253923004
0.212,0.354,0.636,0.488,0.130298435
0.207,0.207,0.637,0.599,0.241994855
0.187,0.179,0.63,0.673,0.387098189
0.354,0.281,0.404,0.414,0.0
0.245,0.322,0.587,0.422,0.023750289
0.179,0.212,0.571,0.541,0.359118067
0.353,0.272,0.567,0.598,0.041672389
0.142,0.302,0.484,0.458,0.210674909
0.303,0.188,0.451,0.629,0.064512911
0.363,0.213,0.389,0.523,0.009671082
0.36,0.316,0.43,0.504,0.017117381
0.349,0.308,0.482,0.564,0.034163447
0.216,0.469,0.44,0.531,0.066768533
0.148,0.251,0.63,0.471,0.254960465
0.332,0.216,0.448,0.592,0.040682633
0.23,0.149,0.708,0.601,0.16948246
0.177,0.232,0.411,0.626,0.384095672
0.369,0.163,0.381,0.563,0.005286087
0.183,0.337,0.663,0.401,0.0
0.401,0.23,0.419,0.565,0.004635566
0.232,0.341,0.452,0.467,0.071359768
0.402,0.313,0.45,0.445,0.002127927
0.205,0.302,0.621,0.532,0.213301087
0.295,0.173,0.567,0.597,0.079342868
0.215,0.43,0.605,0.514,0.122364004
0.337,0.267,0.461,0.499,0.025195891
0.264,0.345,0.454,0.521,0.082050963
0.316,0.387,0.496,0.455,0.018878607
0.269,0.252,0.505,0.624,0.108201434
0.308,0.308,0.486,0.454,0.02030349
0.356,0.271,0.452,0.514,0.022089773
0.27,0.169,0.476,0.593,0.100265557
0.198,0.305,0.536,0.595,0.297259282
0.25,0.452,0.474,0.462,0.011075726
0.214,0.166,0.624,0.579,0.205271246
0.255,0.402,0.551,0.504,0.084999993
0.291,0.322,0.363,0.638,0.047878361
0.323,0.219,0.423,0.671,0.044744776
0.203,0.388,0.679,0.422,0.043054867
0.272,0.308,0.514,0.412,0.0
0.135,0.265,0.623,0.483,0.297584061
0.264,0.3,0.568,0.602,0.114810248
0.318,0.366,0.4,0.498,0.024746309
0.219,0.324,0.629,0.452,0.066363765
0.386,0.372,0.508,0.462,0.008352692
0.244,0.148,0.444,0.646,0.135157106
0.319,0.319,0.471,0.571,0.048892692
0.318,0.265,0.496,0.524,0.042295444
0.312,0.392,0.566,0.414,0.0
0.169,0.219,0.643,0.593,0.405465535
0.262,0.277,0.484,0.439,0.021263852
0.171,0.332,0.618,0.446,0.130738862
0.153,0.239,0.601,0.555,0.405377835
0.383,0.371,0.447,0.383,0.0
0.35,0.185,0.42,0.627,0.028459098
0.198,0.167,0.589,0.628,0.30663257
0.29,0.332,0.494,0.476,0.039352678
0.344,0.205,0.564,0.361,0.0
0.183,0.202,0.517,0.567,0.370636629
0.357,0.287,0.379,0.558,0.008743487
0.194,0.282,0.664,0.488,0.212996546
0.326,0.279,0.4,0.534,0.027899168
0.221,0.274,0.582,0.556,0.17276976
0.187,0.437,0.641,0.445,0.040622881
0.224,0.137,0.578,0.635,0.187633929
0.332,0.226,0.443,0.606,0.040951997
0.399,0.241,0.403,0.563,0.001223944
0.352,0.362,0.382,0.459,0.005648933
0.348,0.143,0.508,0.633,0.042152811
0.376,0.178,0.504,0.674,0.030235262
0.144,0.275,0.518,0.549,0.410985809
0.259,0.263,0.493,0.499,0.075800177
0.368,0.357,0.472,0.425,0.004345482
0.337,0.163,0.497,0.649,0.046995098
0.364,0.285,0.39,0.519,0.009540496
0.284,0.13,0.574,0.552,0.081079518
0.381,0.271,0.428,0.539,0.012947781
0.381,0.103,0.469,0.543,0.018128822
0.168,0.353,0.616,0.529,0.359043377
0.263,0.369,0.705,0.465,0.051714991
0.353,0.255,0.413,0.393,0.0
0.099,0.212,0.597,0.663,0.921736516
0.37,0.357,0.456,0.435,0.003867469
0.228,0.205,0.604,0.573,0.164705225
0.288,0.312,0.372,0.466,0.023460686
0.189,0.367,0.671,0.473,0.215895944
0.16,0.361,0.63,0.371,0.0
0.2,0.367,0.67,0.485,0.168179972
0.345,0.133,0.495,0.613,0.041395797
0.176,0.268,0.518,0.478,0.250295023
0.139,0.388,0.617,0.436,0.089536776
0.252,0.18,0.574,0.622,0.132641757
0.376,0.179,0.444,0.657,0.022349981
0.313,0.214,0.439,0.601,0.05230576
0.253,0.413,0.549,0.503,0.086039863
0.206,0.29,0.562,0.608,0.247564762
0.403,0.291,0.423,0.499,0.003097445
0.4,0.381,0.448,0.432,0.001459095
0.305,0.183,0.489,0.656,0.068832854
0.292,0.339,0.528,0.515,0.058366691
0.13,0.244,0.59,0.486,0.31123055
0.155,0.349,0.637,0.421,0.085246227
0.141,0.248,0.595,0.478,0.278682324
0.297,0.351,0.463,0.383,0.0
0.211,0.123,0.521,0.611,0.221835925
0.187,0.194,0.629,0.693,0.387831109
0.262,0.232,0.74,0.6,0.119196688
0.252,0.301,0.548,0.547,0.111632813
0.356,0.139,0.416,0.525,0.019048225
0.244,0.154,0.578,0.594,0.140175756
0.238,0.304,0.615,0.414,0.0
0.324,0.233,0.52,0.653,0.056961083
0.303,0.373,0.408,0.437,0.008793601
0.338,0.17,0.42,0.603,0.033166944
0.255,0.144,0.637,0.622,0.13018616
0.27,0.383,0.584,0.541,0.092562422
0.444,0.237,0.554,0.635,0.010912855
0.183,0.314,0.627,0.558,0.368091404
0.392,0.362,0.466,0.502,0.009754445
0.329,0.404,0.487,0.458,0.017128464
0.376,0.235,0.41,0.512,0.010079224
0.12,0.193,0.538,0.645,0.539840087
0.252,0.22,0.55,0.41,0.0
0.278,0.261,0.602,0.571,0.094150176
0.378,0.246,0.418,0.5,0.009534713
0.369,0.213,0.453,0.532,0.020291443
0.287,0.183,0.654,0.627,0.093184031
0.371,0.292,0.466,0.544,0.022216504
0.29,0.197,0.407,0.593,0.065027546
0.367,0.24,0.419,0.469,0.009281251
0.466,0.362,0.499,0.434,0.000522826
0.321,0.186,0.447,0.618,0.049089776
0.336,0.336,0.454,0.666,0.042610585
0.194,0.16,0.56,0.649,0.340347398
0.306,0.368,0.378,0.532,0.031321392
0.18,0.335,0.559,0.619,0.397033816
0.234,0.209,0.538,0.425,0.026567286
0.34,0.293,0.408,0.501,0.018894991
0.274,0.287,0.498,0.547,0.08668412
0.256,0.397,0.612,0.429,0.021429614
0.178,0.348,0.654,0.402,0.0
0.213,0.34,0.539,0.528,0.174413411
0.305,0.308,0.451,0.532,0.048564059
0.289,0.191,0.543,0.583,0.081749314
0.295,0.344,0.525,0.5,0.048935097
0.275,0.148,0.412,0.635,0.087652674
0.275,0.417,0.439,0.483,0.051123257
0.357,0.312,0.455,0.494,0.018345662
0.35,0.413,0.496,0.483,0.020151702
0.316,0.284,0.416,0.421,0.007237651
0.205,0.122,0.561,0.576,0.243347457
0.132,0.296,0.617,0.545,0.43494812
0.185,0.18,0.619,0.572,0.372604576
0.201,0.285,0.551,0.526,0.230978398
0.316,0.366,0.518,0.382,0.0
0.359,0.393,0.363,0.511,0.001215752
0.255,0.219,0.571,0.625,0.12874393
0.247,0.321,0.551,0.489,0.079717279
0.299,0.387,0.561,0.451,0.022324924
0.219,0.305,0.535,0.459,0.077996048
0.205,0.297,0.561,0.518,0.198360783
0.439,0.235,0.455,0.597,0.002380426
0.204,0.272,0.61,0.572,0.248767503
0.244,0.325,0.64,0.559,0.130496001
0.384,0.154,0.504,0.512,0.016083776
0.41,0.296,0.418,0.414,0.0
0.371,0.267,0.491,0.573,0.027252984
0.294,0.157,0.478,0.61,0.075247475
0.243,0.408,0.475,0.44,0.026929169
0.255,0.253,0.465,0.563,0.108380207
0.139,0.227,0.595,0.543,0.415841589
0.318,0.379,0.476,0.473,0.024795941
0.249,0.286,0.497,0.543,0.110738467
0.15,0.184,0.63,0.65,0.449098161
0.333,0.343,0.369,0.433,0.002594375
0.302,0.289,0.352,0.533,0.025065305
0.285,0.361,0.573,0.385,0.0
0.23,0.378,0.608,0.508,0.119558089
0.369,0.288,0.381,0.394,0.0
0.267,0.447,0.527,0.498,0.039971396
0.302,0.317,0.472,0.515,0.047649474
0.149,0.195,0.563,0.565,0.420084433
0.297,0.297,0.499,0.631,0.076124956
0.197,0.331,0.57,0.403,0.0
0.302,0.139,0.532,0.597,0.070780081
0.176,0.235,0.497,0.529,0.347975361
0.211,0.318,0.578,0.516,0.17063075
0.32,0.36,0.5,0.528,0.042328211
0.157,0.205,0.556,0.618,0.429174864
0.379,0.305,0.439,0.377,0.0
0.35,0.191,0.462,0.594,0.034348966
0.216,0.362,0.51,0.568,0.189360461
0.156,0.265,0.63,0.439,0.09516017
0.19,0.121,0.494,0.581,0.348508789
0.354,0.252,0.366,0.542,0.004157071
0.351,0.142,0.529,0.549,0.034732532
0.176,0.374,0.664,0.459,0.19915731
0.251,0.381,0.521,0.393,0.0
0.329,0.274,0.589,0.57,0.05008917
0.338,0.389,0.536,0.469,0.020149774
0.42,0.389,0.472,0.401,0.0
0.345,0.336,0.385,0.42,0.003210684
0.247,0.256,0.667,0.418,0.0
0.161,0.271,0.66,0.505,0.322924512
0.202,0.276,0.576,0.504,0.192635233
0.429,0.172,0.435,0.564,0.000925668
0.287,0.333,0.597,0.419,0.014393384
0.358,0.387,0.434,0.41,0.0
0.144,0.219,0.594,0.701,0.462516245
0.285,0.248,0.559,0.502,0.058468847
0.268,0.2,0.594,0.562,0.10231494
0.297,0.286,0.451,0.502,0.043962705
0.346,0.249,0.368,0.564,0.008473641
0.279,0.3,0.515,0.544,0.08127612
0.368,0.283,0.444,0.399,0.0
0.296,0.233,0.542,0.523,0.058550282
0.377,0.211,0.445,0.645,0.021882088
0.224,0.344,0.648,0.515,0.137842554
0.428,0.247,0.468,0.591,0.005993951
0.193,0.356,0.569,0.37,0.0
0.345,0.233,0.461,0.587,0.03583119
0.299,0.316,0.527,0.586,0.071616603
0.218,0.249,0.582,0.496,0.126482044
0.386,0.123,0.42,0.595,0.011555184
0.261,0.308,0.579,0.406,0.0
0.276,0.388,0.559,0.412,0.0
0.176,0.257,0.564,0.379,0.0
0.347,0.271,0.464,0.463,0.014650701
0.308,0.358,0.435,0.398,0.0
0.212,0.123,0.579,0.617,0.222272497
0.186,0.393,0.602,0.463,0.201745421
0.229,0.145,0.667,0.585,0.167650881
0.238,0.294,0.58,0.56,0.139190819
0.365,0.277,0.409,0.487,0.01061747
0.292,0.169,0.434,0.54,0.059124668
0.177,0.16,0.569,0.544,0.364261521
0.35,0.284,0.434,0.628,0.031499201
0.338,0.278,0.424,0.508,0.023372986
0.164,0.362,0.637,0.476,0.254302234
0.365,0.309,0.421,0.511,0.015428918
0.361,0.32,0.445,0.534,0.022397204
0.277,0.143,0.507,0.615,0.098221475
0.215,0.177,0.507,0.602,0.20371915
0.284,0.243,0.548,0.661,0.095527835
0.304,0.172,0.48,0.58,0.062456301
0.245,0.265,0.595,0.619,0.14356184
0.355,0.324,0.456,0.378,0.0
0.306,0.371,0.537,0.431,0.01065361
0.236,0.227,0.4,0.469,0.064787094
0.289,0.332,0.397,0.576,0.06093119
0.207,0.385,0.633,0.443,0.056498008
0.37,0.313,0.576,0.391,0.0
0.222,0.324,0.598,0.416,0.0
0.162,0.223,0.628,0.511,0.336332477
0.324,0.34,0.584,0.438,0.00914151
0.172,0.162,0.612,0.596,0.402889953
0.236,0.137,0.602,0.513,0.114797719
0.216,0.409,0.579,0.449,0.061830355
0.309,0.417,0.506,0.441,0.011963326
0.239,0.33,0.569,0.614,0.151959828
0.409,0.329,0.424,0.389,0.0
0.18,0.423,0.609,0.533,0.271875944
0.303,0.202,0.463,0.68,0.068092706
0.43,0.223,0.503,0.509,0.00586481
0.169,0.264,0.617,0.522,0.348994029
0.249,0.316,0.579,0.596,0.132946297
0.391,0.247,0.395,0.501,0.001120342
0.405,0.248,0.411,0.486,0.00094446
0.132,0.207,0.627,0.543,0.432092573
0.148,0.364,0.566,0.508,0.34555735
0.325,0.187,0.341,0.505,0.00564026
0.148,0.346,0.622,0.479,0.273055074
0.242,0.337,0.554,0.503,0.097288579
0.314,0.391,0.473,0.614,0.057336458
0.304,0.259,0.608,0.585,0.07047795
0.3,0.208,0.57,0.558,0.067202214
0.405,0.374,0.417,0.392,0.0
0.232,0.305,0.47,0.659,0.162067964
0.397,0.187,0.417,0.639,0.006520632
0.39,0.393,0.472,0.415,0.0
0.37,0.252,0.53,0.442,0.006475336
0.213,0.303,0.497,0.557,0.192742689
0.253,0.23,0.493,0.538,0.103542739
0.324,0.189,0.502,0.643,0.055067343
0.222,0.187,0.642,0.608,0.190037484
0.171,0.267,0.637,0.547,0.373419896
0.35,0.339,0.522,0.437,0.006332704
0.279,0.219,0.443,0.431,0.014465182
0.361,0.405,0.387,0.411,0.0
0.346,0.224,0.56,0.607,0.045017995
0.183,0.218,0.511,0.6,0.383401783
0.294,0.242,0.542,0.578,0.075725006
0.363,0.18,0.447,0.634,0.028295263
0.311,0.248,0.535,0.574,0.059922641
0.219,0.403,0.476,0.404,0.0
0.265,0.405,0.617,0.447,0.032191645
0.225,0.179,0.511,0.663,0.183321214
0.222,0.362,0.578,0.388,0.0
0.337,0.135,0.447,0.617,0.03951555
0.278,0.158,0.594,0.658,0.105087124
0.327,0.328,0.483,0.478,0.023885693
0.396,0.182,0.412,0.65,0.005576171
0.194,0.115,0.526,0.599,0.330116867
0.154,0.279,0.634,0.522,0.365528833
0.381,0.391,0.471,0.465,0.008565678
0.263,0.136,0.503,0.633,0.115294525
0.131,0.252,0.603,0.596,0.47945919
0.404,0.264,0.478,0.472,0.005492808
0.29,0.346,0.384,0.546,0.049632841
0.342,0.163,0.412,0.559,0.026612582
0.204,0.268,0.597,0.558,0.239678999
0.215,0.402,0.599,0.484,0.1184204
0.13,0.274,0.616,0.534,0.427887314
0.321,0.274,0.551,0.52,0.04211137
0.435,0.189,0.453,0.65,0.003148041
0.182,0.374,0.548,0.404,0.0
0.255,0.352,0.591,0.45,0.038766246
0.243,0.305,0.603,0.477,0.074766089
0.295,0.191,0.637,0.565,0.075002205
0.252,0.182,0.502,0.642,0.129868127
0.345,0.174,0.453,0.648,0.037522545
0.18,0.292,0.606,0.536,0.354046411
0.292,0.177,0.482,0.615,0.078202769
0.276,0.328,0.492,0.418,0.0
0.189,0.215,0.559,0.603,0.365627616
0.337,0.258,0.427,0.538,0.028941448
0.157,0.202,0.645,0.576,0.415990004
0.199,0.312,0.681,0.466,0.140876392
0.159,0.206,0.567,0.486,0.275801719
0.259,0.188,0.511,0.511,0.084894946
0.213,0.332,0.553,0.502,0.145469072
0.258,0.275,0.564,0.595,0.120248123
0.335,0.394,0.449,0.516,0.028764121
0.242,0.201,0.598,0.353,0.0
0.254,0.331,0.588,0.477,0.066387858
0.285,0.292,0.457,0.584,0.078962674
0.23,0.261,0.46,0.533,0.131811017
0.31,0.405,0.348,0.407,0.0
0.311,0.174,0.473,0.626,0.060593401
0.193,0.238,0.531,0.562,0.321530951
0.358,0.183,0.56,0.579,0.037309078
0.187,0.356,0.517,0.416,0.0
0.374,0.292,0.515,0.494,0.017055702
0.305,0.344,0.507,0.5,0.041816949
0.224,0.165,0.528,0.529,0.146945514
0.321,0.313,0.555,0.585,0.055824839
0.17,0.423,0.546,0.425,0.0
0.373,0.176,0.513,0.593,0.029810737
0.159,0.307,0.571,0.441,0.104250602
0.198,0.248,0.658,0.552,0.277629443
0.312,0.291,0.519,0.431,0.009620004
0.187,0.261,0.611,0.609,0.378884756
0.346,0.225,0.376,0.527,0.010259442
0.381,0.278,0.425,0.456,0.004917458
0.307,0.397,0.523,0.399,0.0
0.225,0.252,0.551,0.714,0.187615618
0.382,0.271,0.429,0.513,0.010793833
0.186,0.426,0.628,0.44,0.013834418
0.215,0.265,0.595,0.549,0.185269887
0.32,0.312,0.544,0.568,0.053125417
0.342,0.313,0.362,0.469,0.003800971
0.371,0.205,0.497,0.577,0.028151185
0.311,0.298,0.501,0.516,0.044165572
0.375,0.211,0.438,0.563,0.01869598
0.321,0.258,0.531,0.554,0.049388052
0.212,0.207,0.504,0.653,0.221844117
0.327,0.443,0.591,0.443,0.0
0.282,0.384,0.452,0.448,0.023782574
0.172,0.318,0.612,0.481,0.258926717
0.328,0.264,0.428,0.582,0.038656862
0.148,0.275,0.64,0.435,0.086802659
0.248,0.242,0.566,0.544,0.116197544
0.31,0.252,0.434,0.4,0.0
0.127,0.249,0.553,0.577,0.481049835
0.388,0.147,0.442,0.565,0.013505302
0.27,0.368,0.538,0.378,0.0
0.387,0.323,0.396,0.529,0.003191409
0.218,0.293,0.638,0.445,0.050595131
0.213,0.248,0.573,0.469,0.103548039
0.187,0.223,0.528,0.553,0.34918774
0.397,0.403,0.411,0.41,0.0
0.297,0.117,0.605,0.539,0.065160541
0.411,0.257,0.475,0.689,0.012156555
0.319,0.139,0.592,0.558,0.053726306
0.396,0.409,0.468,0.421,0.002036854
0.208,0.19,0.571,0.67,0.244914972
0.383,0.352,0.543,0.416,0.0
0.323,0.279,0.435,0.347,0.0
0.259,0.223,0.545,0.483,0.066518444
0.36,0.226,0.577,0.644,0.041537466
0.229,0.405,0.714,0.459,0.067997778
0.417,0.256,0.489,0.538,0.008339682
0.27,0.206,0.604,0.584,0.106196383
0.284,0.279,0.542,0.629,0.093262094
0.177,0.352,0.646,0.47,0.234932604
0.3,0.387,0.496,0.467,0.030421745
0.332,0.207,0.44,0.591,0.03935557
0.403,0.264,0.491,0.574,0.013898024
0.199,0.285,0.622,0.526,0.246710411
0.185,0.282,0.622,0.494,0.269200615
0.152,0.328,0.57,0.359,0.0
0.33,0.216,0.434,0.57,0.037444001
0.376,0.135,0.528,0.601,0.029975536
0.383,0.266,0.515,0.512,0.017004143
0.215,0.277,0.701,0.473,0.105900517
0.255,0.418,0.477,0.466,0.053697876
0.416,0.221,0.468,0.555,0.007416424
0.298,0.13,0.492,0.584,0.06950265
0.206,0.271,0.52,0.527,0.200620742
0.176,0.259,0.568,0.559,0.378755134
0.386,0.381,0.405,0.455,0.002429094
0.365,0.316,0.462,0.556,0.025311058
0.36,0.174,0.42,0.555,0.021028701
0.255,0.253,0.571,0.517,0.094258114
0.213,0.387,0.644,0.439,0.040124148
0.202,0.385,0.662,0.467,0.129934625
0.195,0.199,0.631,0.557,0.306533305
0.258,0.177,0.47,0.541,0.097702504
0.279,0.264,0.511,0.552,0.083576556
0.296,0.276,0.614,0.534,0.064563989
0.344,0.223,0.364,0.561,0.007737347
0.379,0.28,0.491,0.572,0.023589827
0.229,0.228,0.599,0.606,0.171885051
0.147,0.323,0.611,0.547,0.406494322
0.339,0.145,0.583,0.643,0.051380093
0.275,0.307,0.42,0.539,0.074449984
0.394,0.334,0.44,0.501,0.006913354
0.294,0.294,0.474,0.616,0.075387699
0.146,0.182,0.6,0.65,0.45596381
0.213,0.377,0.575,0.433,0.035944911
0.221,0.239,0.559,0.488,0.111614984
0.301,0.23,0.451,0.64,0.066938151
0.201,0.32,0.669,0.58,0.273685839
0.201,0.349,0.671,0.571,0.269405891
0.235,0.417,0.643,0.441,0.032320303
0.28,0.208,0.537,0.58,0.091047431
0.292,0.203,0.488,0.677,0.082076502
0.343,0.268,0.531,0.594,0.043654792
0.358,0.215,0.444,0.575,0.027262139
0.349,0.234,0.415,0.508,0.018852587
0.216,0.394,0.562,0.401,0.0
0.304,0.347,0.519,0.466,0.028522705
0.26,0.17,0.604,0.605,0.121015738
0.255,0.299,0.529,0.489,0.072918127
0.241,0.161,0.448,0.563,0.125960663
0.342,0.242,0.581,0.526,0.035724697
0.273,0.183,0.531,0.631,0.10625999
0.287,0.275,0.554,0.445,0.021026291
0.463,0.278,0.493,0.52,0.002288389
0.414,0.374,0.454,0.467,0.002696049
0.379,0.335,0.417,0.595,0.014261352
0.241,0.19,0.537,0.624,0.148115006
0.282,0.42,0.522,0.425,0.0
0.295,0.323,0.591,0.423,0.012831651
0.307,0.184,0.741,0.61,0.072429032
0.39,0.152,0.404,0.58,0.005136226
0.276,0.229,0.544,0.637,0.103919077
0.253,0.338,0.587,0.612,0.130438177
0.389,0.337,0.475,0.427,0.002601121
0.326,0.278,0.392,0.522,0.023775346
0.336,0.155,0.348,0.631,0.005797831
0.255,0.316,0.535,0.406,0.0
0.147,0.381,0.549,0.416,0.0
0.371,0.245,0.473,0.607,0.027605711
0.335,0.283,0.489,0.668,0.047754039
0.219,0.39,0.503,0.498,0.125381458
0.095,0.356,0.525,0.473,0.596026809
0.186,0.373,0.612,0.429,0.07322074
0.332,0.327,0.489,0.413,0.0
0.215,0.34,0.528,0.498,0.134714269
0.18,0.212,0.538,0.554,0.368363178
0.155,0.324,0.633,0.544,0.39099457
0.397,0.275,0.443,0.436,0.001490898
0.324,0.309,0.554,0.403,0.0
0.307,0.259,0.457,0.633,0.062085744
0.23,0.313,0.578,0.479,0.089456786
0.169,0.206,0.62,0.594,0.405449633
0.246,0.226,0.614,0.497,0.087816027
0.269,0.212,0.579,0.584,0.106540437
0.091,0.399,0.559,0.479,0.647616033
0.234,0.398,0.454,0.4,0.0
0.216,0.223,0.512,0.607,0.201993101
0.391,0.157,0.539,0.551,0.019451066
0.15,0.422,0.582,0.478,0.18294343
0.298,0.324,0.484,0.56,0.064408346
0.376,0.419,0.514,0.643,0.026372612
0.296,0.214,0.48,0.604,0.072795733
0.183,0.348,0.589,0.414,0.0
0.297,0.236,0.499,0.544,0.062355108
0.276,0.329,0.54,0.409,0.0
0.295,0.269,0.503,0.545,0.064693612
0.187,0.364,0.661,0.496,0.26751167
0.292,0.183,0.482,0.63,0.079346723
0.4,0.216,0.416,0.501,0.002804469
0.244,0.219,0.522,0.607,0.13981291
0.217,0.36,0.52,0.43,0.033278256
0.182,0.349,0.605,0.478,0.24525758
0.287,0.218,0.457,0.674,0.083608359
0.19,0.151,0.572,0.647,0.367316561
0.188,0.253,0.552,0.512,0.300807755
0.251,0.24,0.485,0.54,0.106290347
0.153,0.247,0.546,0.505,0.329630663
0.389,0.293,0.403,0.483,0.002806879
0.393,0.262,0.451,0.607,0.014384229
0.278,0.265,0.524,0.669,0.101812352
0.176,0.239,0.641,0.621,0.40505161
0.388,0.227,0.425,0.615,0.012116078
0.207,0.169,0.623,0.641,0.249229132
0.206,0.248,0.602,0.432,0.040746239
0.315,0.379,0.543,0.481,0.030679062
0.186,0.366,0.62,0.416,0.0
0.179,0.211,0.541,0.557,0.372134273
0.15,0.109,0.56,0.539,0.391922647
0.438,0.216,0.476,0.595,0.005145382
0.189,0.196,0.616,0.668,0.376526978
0.234,0.413,0.458,0.483,0.084396695
0.242,0.206,0.518,0.678,0.149009353
0.222,0.187,0.54,0.62,0.188777883
0.233,0.111,0.514,0.527,0.126821761
0.118,0.384,0.607,0.506,0.411520201
0.283,0.074,0.441,0.546,0.070782008
0.21,0.17,0.558,0.642,0.232783956
0.332,0.292,0.38,0.496,0.013384835
0.27,0.211,0.498,0.687,0.109681249
0.267,0.362,0.555,0.398,0.0
0.294,0.383,0.58,0.391,0.0
0.149,0.214,0.603,0.547,0.40278876
0.181,0.231,0.447,0.477,0.240522749
0.33,0.179,0.346,0.606,0.007974426
0.294,0.393,0.496,0.407,0.0
0.323,0.255,0.446,0.555,0.041159682
0.365,0.238,0.466,0.512,0.020279878
0.18,0.35,0.518,0.444,0.116579184
0.406,0.234,0.484,0.584,0.012860563
0.405,0.355,0.524,0.449,0.004093465
0.162,0.147,0.662,0.639,0.426818532
0.174,0.411,0.604,0.435,0.081446701
0.231,0.349,0.486,0.429,0.027073729
0.29,0.232,0.574,0.528,0.066800819
0.077,0.434,0.555,0.446,0.089072737
0.388,0.256,0.424,0.484,0.005791084
0.206,0.155,0.622,0.629,0.253250317
0.257,0.352,0.509,0.548,0.104499246
0.29,0.344,0.516,0.374,0.0
0.275,0.228,0.577,0.596,0.102225794
0.327,0.316,0.553,0.53,0.041878146
0.24,0.245,0.66,0.639,0.155375305
0.385,0.212,0.399,0.514,0.004458239
0.179,0.225,0.616,0.477,0.248154086
0.323,0.176,0.549,0.594,0.055319842
0.44,0.214,0.458,0.54,0.002117326
0.294,0.407,0.556,0.461,0.030826514
0.134,0.193,0.542,0.65,0.479826373
0.338,0.211,0.484,0.626,0.044291821
0.309,0.309,0.477,0.399,0.0
0.189,0.386,0.501,0.47,0.20678961
0.286,0.406,0.536,0.48,0.045230981
0.248,0.236,0.692,0.552,0.121562658
0.269,0.144,0.361,0.596,0.070382058
0.344,0.137,0.476,0.603,0.03925245
0.188,0.286,0.65,0.548,0.343504112
0.137,0.266,0.516,0.631,0.468084225
0.402,0.208,0.41,0.51,0.001611847
0.322,0.329,0.426,0.537,0.035753128
0.308,0.344,0.514,0.56,0.058495831
0.257,0.29,0.601,0.476,0.06328704
0.331,0.258,0.503,0.524,0.036432561
0.281,0.15,0.417,0.626,0.080996637
0.301,0.153,0.429,0.544,0.051744385
0.237,0.208,0.561,0.566,0.142569674
0.307,0.116,0.491,0.614,0.064951411
0.349,0.123,0.605,0.623,0.046387463
0.187,0.299,0.651,0.573,0.36694215
0.181,0.13,0.669,0.492,0.2718904
0.267,0.169,0.681,0.501,0.074773317
0.299,0.286,0.426,0.526,0.048398296
0.361,0.213,0.409,0.563,0.01855672
0.16,0.242,0.576,0.578,0.410360345
0.241,0.29,0.597,0.578,0.141328384
0.335,0.281,0.502,0.522,0.034173566
0.292,0.366,0.528,0.376,0.0
0.351,0.212,0.397,0.635,0.020965094
0.18,0.208,0.662,0.542,0.359870262
0.229,0.385,0.484,0.443,0.038413037
0.211,0.32,0.696,0.436,0.037385213
0.373,0.29,0.429,0.484,0.010516278
0.363,0.37,0.531,0.371,0.0
0.143,0.341,0.627,0.512,0.362403922
0.274,0.156,0.616,0.562,0.096529156
0.163,0.187,0.609,0.644,0.424992254
0.256,0.286,0.5,0.602,0.119840945
0.426,0.269,0.474,0.445,0.001534748
0.356,0.261,0.378,0.487,0.005798794
0.136,0.151,0.63,0.543,0.422761207
0.195,0.145,0.586,0.513,0.260835876
0.252,0.286,0.456,0.533,0.099182801
0.224,0.214,0.64,0.506,0.128119912
0.257,0.321,0.461,0.464,0.050383109
0.427,0.296,0.445,0.614,0.003296456
0.32,0.265,0.456,0.556,0.044233515
0.289,0.114,0.403,0.585,0.064040199
0.231,0.173,0.641,0.567,0.156001733
0.227,0.339,0.607,0.519,0.135299738
0.148,0.253,0.536,0.609,0.441499109
0.238,0.386,0.43,0.442,0.031283324
0.413,0.395,0.416,0.436,9.4928e-05
0.208,0.458,0.546,0.49,0.047850895
0.353,0.248,0.487,0.592,0.035750718
0.288,0.32,0.36,0.489,0.028077941
0.388,0.33,0.476,0.457,0.006249822
0.352,0.425,0.43,0.443,0.001787729
0.347,0.264,0.503,0.604,0.040655166
0.32,0.123,0.47,0.565,0.047319877
0.243,0.319,0.577,0.431,0.024217218
0.126,0.233,0.619,0.483,0.313931418
0.374,0.16,0.477,0.633,0.02751512
0.286,0.343,0.45,0.501,0.051755468
0.28,0.199,0.548,0.545,0.082024461
0.305,0.305,0.473,0.477,0.031308863
0.271,0.344,0.473,0.505,0.069455909
0.326,0.343,0.524,0.348,0.0
0.352,0.275,0.506,0.518,0.028052884
0.387,0.381,0.427,0.389,0.0
0.227,0.223,0.635,0.619,0.179551083
0.139,0.291,0.555,0.603,0.458943197
0.337,0.385,0.453,0.411,0.0
0.349,0.31,0.475,0.406,0.0
0.268,0.266,0.52,0.642,0.111940245
0.193,0.195,0.689,0.639,0.34920075
0.226,0.139,0.54,0.603,0.175580012
0.235,0.303,0.489,0.529,0.123530123
0.209,0.251,0.493,0.537,0.193435133
0.255,0.348,0.463,0.351,0.0
0.373,0.182,0.439,0.672,0.023007731
0.243,0.309,0.537,0.471,0.067899959
0.223,0.295,0.547,0.487,0.106213249
0.414,0.19,0.425,0.586,0.002431504
0.171,0.172,0.517,0.586,0.396148625
0.398,0.25,0.49,0.538,0.012969947
0.168,0.184,0.635,0.586,0.403955844
0.333,0.208,0.557,0.598,0.050346005
0.218,0.14,0.562,0.524,0.158243381
0.381,0.37,0.533,0.482,0.013172814
0.221,0.124,0.529,0.582,0.182051493
0.269,0.241,0.431,0.561,0.088844332
0.17,0.296,0.556,0.366,0.0
0.291,0.404,0.465,0.428,0.012329545
0.23,0.174,0.524,0.602,0.164865205
0.253,0.341,0.475,0.473,0.06092348
0.343,0.183,0.57,0.619,0.047686096
0.341,0.327,0.407,0.525,0.022166872
0.292,0.333,0.586,0.427,0.01332412
0.238,0.257,0.578,0.677,0.159658626
0.165,0.242,0.579,0.602,0.412387562
0.215,0.303,0.605,0.401,0.0
0.188,0.343,0.598,0.583,0.366232841
0.324,0.26,0.434,0.572,0.041088847
0.138,0.192,0.598,0.678,0.474677137
0.21,0.38,0.556,0.405,0.0
0.301,0.306,0.653,0.56,0.068486873
0.217,0.237,0.561,0.599,0.199994314
0.35,0.249,0.566,0.413,0.0
0.161,0.31,0.651,0.514,0.344347862
0.234,0.405,0.491,0.435,0.026085901
0.229,0.34,0.529,0.422,0.028342005
0.276,0.379,0.58,0.479,0.05340731
0.206,0.374,0.523,0.38,0.0
0.348,0.317,0.465,0.541,0.029890245
0.231,0.199,0.611,0.692,0.175203673
0.295,0.345,0.577,0.513,0.056948073
0.14,0.334,0.62,0.558,0.43133845
0.126,0.378,0.604,0.399,0.0
0.322,0.269,0.48,0.573,0.048182902
0.452,0.279,0.512,0.52,0.004459202
0.32,0.278,0.418,0.524,0.033258981
0.109,0.415,0.595,0.453,0.246278175
0.371,0.416,0.505,0.462,0.011601925
0.146,0.358,0.586,0.414,0.0
0.229,0.284,0.561,0.36,0.0
0.411,0.264,0.487,0.555,0.010342324
0.298,0.151,0.438,0.573,0.06130801
0.357,0.253,0.441,0.481,0.014871397
0.224,0.339,0.642,0.411,0.0
0.279,0.248,0.433,0.588,0.082934227
0.264,0.149,0.494,0.563,0.101473117
0.328,0.369,0.5,0.427,0.007675668
0.27,0.188,0.508,0.572,0.09904836
0.39,0.284,0.472,0.598,0.018078225
0.333,0.241,0.415,0.572,0.032437397
0.255,0.345,0.453,0.577,0.110850742
0.328,0.187,0.528,0.649,0.054675103
0.392,0.377,0.518,0.481,0.009884067
0.362,0.289,0.44,0.524,0.020329511
0.283,0.226,0.467,0.538,0.071262912
0.455,0.401,0.503,0.487,0.002644489
0.375,0.385,0.403,0.467,0.00554485
0.374,0.228,0.416,0.72,0.017489865
0.199,0.343,0.607,0.5,0.202793483
0.334,0.291,0.402,0.483,0.016393135
0.224,0.346,0.609,0.458,0.071606484
0.376,0.211,0.496,0.523,0.020170976
0.266,0.284,0.438,0.408,0.0
0.363,0.365,0.448,0.444,0.006202117
0.164,0.316,0.638,0.452,0.170661108
0.314,0.306,0.475,0.438,0.009245111
0.161,0.26,0.649,0.435,0.083913863
0.257,0.274,0.423,0.48,0.059498116
0.195,0.169,0.613,0.581,0.32055276
0.114,0.113,0.61,0.609,0.608122649
0.33,0.29,0.366,0.492,0.009280769
0.285,0.235,0.659,0.455,0.031267904
0.358,0.229,0.366,0.603,0.003281036
0.256,0.27,0.51,0.468,0.056422837
0.396,0.357,0.494,0.373,0.0
0.291,0.206,0.422,0.548,0.060120689
0.216,0.292,0.639,0.582,0.200127309
0.272,0.133,0.46,0.479,0.052432492
0.217,0.332,0.496,0.442,0.044247489
0.116,0.282,0.613,0.655,0.585597749
0.245,0.2,0.472,0.692,0.139474639
0.42,0.367,0.442,0.433,0.000563303
0.176,0.285,0.524,0.507,0.313285715
0.322,0.208,0.386,0.692,0.032483656
0.183,0.217,0.535,0.629,0.39094301
0.146,0.19,0.522,0.577,0.431631907
0.418,0.166,0.482,0.608,0.0101144
0.157,0.235,0.601,0.621,0.431724426
0.399,0.332,0.473,0.48,0.00657171
0.299,0.221,0.481,0.549,0.060567862
0.275,0.272,0.525,0.643,0.104328183
0.207,0.286,0.485,0.432,0.039125719
0.333,0.422,0.533,0.424,0.0
0.244,0.23,0.567,0.522,0.109437424
0.229,0.209,0.525,0.501,0.111451631
0.417,0.325,0.447,0.519,0.00383663
0.373,0.25,0.403,0.618,0.013347732
0.15,0.382,0.634,0.396,0.0
0.134,0.391,0.614,0.395,0.0
0.205,0.285,0.607,0.629,0.258513757
0.361,0.2,0.395,0.618,0.015549384
0.165,0.354,0.561,0.544,0.375259185
0.278,0.399,0.504,0.406,0.0
0.354,0.263,0.478,0.493,0.020541532
0.278,0.28,0.614,0.588,0.098113055
0.323,0.165,0.481,0.582,0.048892692
0.294,0.208,0.496,0.626,0.078578626
0.289,0.36,0.577,0.544,0.073457337
0.318,0.202,0.552,0.6,0.059469685
0.259,0.209,0.595,0.653,0.126962948
0.191,0.239,0.561,0.599,0.352180138
0.289,0.396,0.571,0.49,0.049149528
0.194,0.342,0.494,0.398,0.0
0.175,0.321,0.655,0.557,0.379343976
0.23,0.298,0.577,0.544,0.145322102
0.311,0.358,0.515,0.466,0.02575293
0.392,0.205,0.418,0.549,0.007175008
0.291,0.419,0.376,0.439,0.000855797
0.285,0.251,0.361,0.635,0.053687757
0.376,0.216,0.462,0.523,0.017563591
0.382,0.218,0.41,0.625,0.011291121
0.305,0.343,0.491,0.48,0.033109602
0.382,0.231,0.409,0.476,0.005056236
0.145,0.295,0.631,0.455,0.193057349
0.362,0.338,0.365,0.467,0.000575832
0.388,0.356,0.436,0.462,0.00492806
0.197,0.323,0.582,0.479,0.176559167
0.28,0.17,0.53,0.634,0.097705395
0.333,0.372,0.473,0.436,0.006878178
0.338,0.299,0.456,0.533,0.031406682
0.225,0.283,0.617,0.485,0.102645019
0.37,0.209,0.44,0.506,0.015490115
0.232,0.224,0.587,0.55,0.144959256
0.192,0.31,0.554,0.53,0.302059647
0.29,0.273,0.404,0.483,0.035885641
0.337,0.191,0.427,0.535,0.02862197
0.321,0.159,0.547,0.575,0.053902669
0.231,0.391,0.453,0.501,0.103988948
0.329,0.179,0.517,0.615,0.051548746
0.333,0.243,0.643,0.637,0.055612336
0.346,0.403,0.468,0.413,0.0
0.249,0.331,0.573,0.557,0.120867805
0.212,0.204,0.63,0.484,0.125084628
0.328,0.191,0.591,0.603,0.055017711
0.392,0.373,0.4,0.495,0.001870128
0.392,0.351,0.454,0.355,0.0
0.149,0.286,0.599,0.498,0.315886836
0.334,0.14,0.49,0.578,0.043035592
0.3,0.338,0.43,0.444,0.014292192
0.282,0.191,0.452,0.519,0.064246921
0.227,0.358,0.553,0.506,0.121283657
0.343,0.253,0.531,0.569,0.040764068
0.238,0.412,0.442,0.458,0.05494254
0.203,0.318,0.579,0.57,0.253455111
0.274,0.257,0.67,0.485,0.059106357
0.266,0.301,0.432,0.541,0.085617265
0.116,0.26,0.538,0.576,0.558071547
0.338,0.099,0.56,0.563,0.043541071
0.295,0.193,0.497,0.539,0.062626882
0.353,0.172,0.459,0.57,0.030809166
0.382,0.251,0.418,0.463,0.005025397
0.344,0.418,0.544,0.458,0.015823085
0.259,0.224,0.495,0.552,0.103023767
0.238,0.408,0.631,0.423,0.025702816
0.376,0.426,0.408,0.434,0.0
0.206,0.191,0.648,0.69,0.258102242
0.373,0.171,0.374,0.619,0.00045922
0.244,0.33,0.595,0.51,0.101591175
0.273,0.146,0.469,0.592,0.096024641
0.389,0.324,0.503,0.442,0.00399661
0.335,0.248,0.389,0.492,0.014605888
0.244,0.207,0.588,0.452,0.04703172
0.194,0.368,0.654,0.394,0.0
0.21,0.282,0.572,0.464,0.10128808
0.253,0.203,0.591,0.662,0.135208666
0.336,0.393,0.424,0.457,0.012718412
0.359,0.325,0.397,0.473,0.00874686
0.145,0.235,0.627,0.605,0.44957521
0.265,0.227,0.511,0.459,0.043853803
0.322,0.292,0.494,0.509,0.035896724
0.31,0.386,0.46,0.494,0.034138871
0.157,0.282,0.593,0.478,0.263650465
0.345,0.178,0.467,0.636,0.039203781
0.225,0.164,0.611,0.643,0.186932812
0.198,0.353,0.596,0.358,0.0
0.166,0.274,0.606,0.51,0.33057946
0.098,0.243,0.586,0.486,0.630466848
0.356,0.172,0.472,0.662,0.035523759
0.177,0.375,0.625,0.405,0.0
0.158,0.28,0.603,0.574,0.412120126
0.287,0.299,0.459,0.511,0.056618475
0.335,0.335,0.475,0.49,0.024275042
0.267,0.359,0.507,0.372,0.0
0.248,0.191,0.528,0.616,0.135084826
0.314,0.261,0.438,0.635,0.053394781
0.277,0.329,0.475,0.447,0.025794371
0.359,0.14,0.467,0.628,0.032775186
0.309,0.24,0.625,0.482,0.034709884
0.288,0.282,0.614,0.48,0.04517653
0.2,0.3,0.688,0.534,0.248027837
0.378,0.38,0.386,0.434,0.000668832
0.195,0.313,0.514,0.517,0.263957414
0.358,0.427,0.514,0.457,0.007204884
0.223,0.251,0.615,0.581,0.179976572
0.19,0.312,0.632,0.374,0.0
0.209,0.285,0.65,0.361,0.0
0.213,0.343,0.505,0.401,0.0
0.215,0.231,0.647,0.511,0.153756712
0.209,0.17,0.563,0.612,0.233276907
0.258,0.165,0.612,0.506,0.084940241
0.202,0.269,0.616,0.697,0.282587378
0.451,0.384,0.462,0.45,0.000402359
0.387,0.376,0.445,0.425,0.002160694
0.241,0.382,0.567,0.444,0.035450997
0.406,0.188,0.462,0.54,0.008554595
0.398,0.267,0.516,0.653,0.020568999
0.26,0.265,0.504,0.526,0.091975026
0.309,0.171,0.523,0.671,0.068996689
0.395,0.197,0.401,0.635,0.002306218
0.253,0.259,0.509,0.519,0.095303285
0.237,0.111,0.627,0.573,0.146867933
0.182,0.217,0.637,0.531,0.345963082
0.239,0.343,0.655,0.513,0.111106614
0.303,0.334,0.475,0.464,0.026752323
0.347,0.305,0.423,0.423,0.004848551
0.208,0.199,0.612,0.497,0.152842609
0.287,0.244,0.526,0.692,0.091436298
0.284,0.246,0.522,0.56,0.081150835
0.153,0.336,0.631,0.362,0.0
0.36,0.348,0.418,0.476,0.011509889
0.247,0.357,0.523,0.383,0.0
0.377,0.234,0.399,0.534,0.008341609
0.133,0.272,0.625,0.508,0.370695899
0.462,0.123,0.465,0.585,0.000342126
0.158,0.369,0.638,0.481,0.267889936
0.196,0.27,0.529,0.474,0.174732889
0.348,0.359,0.51,0.487,0.021892689
0.265,0.282,0.539,0.542,0.095777925
0.236,0.364,0.542,0.558,0.139830739
0.4,0.165,0.409,0.563,0.002563054
0.322,0.323,0.566,0.391,0.0
0.4,0.249,0.415,0.441,0.000784962
0.31,0.155,0.564,0.637,0.069328214
0.349,0.296,0.409,0.588,0.024632106
0.342,0.278,0.548,0.555,0.040064397
0.289,0.164,0.399,0.62,0.065619279
0.333,0.271,0.481,0.548,0.038377378
0.251,0.372,0.528,0.373,0.0
0.306,0.352,0.561,0.448,0.018503714
0.214,0.358,0.6,0.432,0.035337758
0.277,0.177,0.659,0.614,0.104005331
0.165,0.335,0.657,0.449,0.151716485
0.258,0.287,0.466,0.519,0.087580875
0.288,0.163,0.511,0.611,0.08499421
0.166,0.309,0.602,0.445,0.126992342
0.251,0.375,0.579,0.447,0.036784324
0.347,0.375,0.393,0.579,0.019638994
0.319,0.309,0.511,0.457,0.019708383
0.121,0.302,0.593,0.429,0.099171718
0.345,0.189,0.508,0.619,0.042871275
0.185,0.371,0.585,0.425,0.074165682
0.185,0.303,0.585,0.489,0.258268486
0.364,0.211,0.42,0.605,0.021873896
0.242,0.296,0.589,0.406,0.0
0.203,0.144,0.485,0.616,0.26149218
0.229,0.374,0.651,0.394,0.0
0.273,0.214,0.543,0.535,0.085940116
0.234,0.245,0.404,0.487,0.081776781
0.137,0.319,0.613,0.507,0.35852296
0.414,0.29,0.418,0.38,0.0
0.211,0.141,0.673,0.591,0.221800749
0.31,0.212,0.374,0.644,0.034961901
0.172,0.245,0.598,0.527,0.352714047
0.35,0.386,0.522,0.44,0.007333061
0.29,0.234,0.402,0.57,0.060781329
0.235,0.27,0.551,0.557,0.14163967
0.3,0.339,0.54,0.351,0.0
0.208,0.259,0.602,0.495,0.149979352
0.321,0.372,0.597,0.466,0.023998932
0.302,0.356,0.586,0.582,0.071024388
0.32,0.239,0.388,0.635,0.034003948
0.311,0.331,0.516,0.419,0.009733243
0.333,0.414,0.493,0.431,0.007182718
0.26,0.341,0.553,0.465,0.052303833
0.292,0.35,0.606,0.364,0.0
0.214,0.356,0.552,0.4,0.0
0.24,0.266,0.596,0.552,0.132493342
0.166,0.211,0.666,0.62,0.417107937
0.264,0.176,0.616,0.598,0.115551842
0.329,0.155,0.393,0.539,0.02468222
0.241,0.321,0.591,0.588,0.144038407
0.385,0.266,0.483,0.639,0.022882927
0.483,0.381,0.501,0.439,0.000290084
0.207,0.352,0.613,0.398,0.0
0.209,0.132,0.627,0.624,0.237372299
0.153,0.27,0.627,0.624,0.439862687
0.394,0.287,0.472,0.479,0.007381729
0.3,0.325,0.516,0.468,0.031406682
0.263,0.358,0.619,0.362,0.0
0.301,0.264,0.389,0.484,0.026790873
0.293,0.306,0.599,0.456,0.028406093
0.291,0.368,0.527,0.454,0.027012532
0.309,0.285,0.433,0.495,0.032664838
0.273,0.292,0.541,0.536,0.086138164
0.388,0.153,0.488,0.621,0.021568874
0.143,0.282,0.581,0.539,0.40439868
0.319,0.365,0.529,0.449,0.015743577
0.293,0.265,0.597,0.561,0.075168931
0.218,0.272,0.552,0.496,0.1257896
0.162,0.274,0.656,0.484,0.27141046
0.199,0.238,0.663,0.599,0.294279895
0.291,0.296,0.601,0.556,0.075832462
0.279,0.237,0.501,0.629,0.096269911
0.424,0.305,0.43,0.479,0.00052379
0.23,0.198,0.66,0.488,0.098766949
0.385,0.465,0.465,0.489,0.002896506
0.381,0.346,0.497,0.512,0.016825852
0.195,0.167,0.625,0.662,0.336085279
0.294,0.304,0.48,0.564,0.06846808
0.329,0.296,0.563,0.476,0.024811361
0.366,0.28,0.602,0.588,0.036612298
0.098,0.3,0.598,0.468,0.537207163
0.241,0.243,0.581,0.607,0.147949726
0.262,0.291,0.502,0.601,0.112869767
0.244,0.323,0.647,0.639,0.148442194
0.33,0.376,0.512,0.424,0.007648202
0.25,0.301,0.566,0.379,0.0
0.207,0.27,0.588,0.624,0.246224688
0.235,0.26,0.555,0.496,0.098420486
0.264,0.266,0.55,0.434,0.019575388
0.262,0.22,0.612,0.544,0.102015218
0.231,0.316,0.667,0.422,0.028077941
0.243,0.343,0.481,0.399,0.0
0.501,0.167,0.505,0.495,0.000175882
0.201,0.381,0.583,0.515,0.21874089
0.374,0.321,0.38,0.529,0.002447405
0.378,0.27,0.506,0.534,0.021398775
0.45,0.353,0.499,0.479,0.002571727
0.291,0.211,0.543,0.554,0.073278082
0.219,0.231,0.595,0.577,0.188773064
0.379,0.249,0.451,0.597,0.020576709
0.327,0.223,0.465,0.496,0.027867365
0.238,0.369,0.594,0.377,0.0
0.209,0.403,0.483,0.465,0.102902818
0.448,0.175,0.474,0.651,0.003626053
0.325,0.177,0.501,0.601,0.051720773
0.213,0.351,0.545,0.513,0.160693677
0.373,0.212,0.379,0.537,0.002472462
0.28,0.199,0.545,0.607,0.096001511
0.18,0.244,0.675,0.466,0.221228772
0.273,0.345,0.579,0.499,0.068240157
0.294,0.269,0.466,0.619,0.074622011
0.429,0.197,0.451,0.575,0.003358617
0.132,0.124,0.568,0.556,0.446708098
0.184,0.275,0.626,0.561,0.368272587
0.385,0.396,0.414,0.488,0.005758799
0.154,0.131,0.578,0.621,0.43628482
0.144,0.398,0.542,0.462,0.229938528
0.279,0.415,0.467,0.437,0.014942713
0.185,0.213,0.637,0.547,0.353450822
0.279,0.16,0.471,0.59,0.088717601
0.238,0.287,0.552,0.651,0.156829099
0.46,0.244,0.556,0.538,0.006102371
0.383,0.19,0.527,0.554,0.022670423
0.214,0.276,0.574,0.528,0.172192965
0.375,0.21,0.419,0.516,0.012260638
0.357,0.416,0.407,0.448,0.006269097
0.43,0.334,0.512,0.436,0.001423437
0.342,0.275,0.568,0.664,0.049935936
0.236,0.39,0.606,0.556,0.141272487
0.375,0.322,0.533,0.522,0.022223732
0.324,0.356,0.432,0.428,0.006828545
0.245,0.343,0.509,0.494,0.084359109
0.216,0.179,0.586,0.579,0.197873615
0.353,0.22,0.427,0.616,0.028486083
0.299,0.214,0.591,0.582,0.073866925
0.254,0.212,0.528,0.54,0.105590676
0.267,0.19,0.577,0.644,0.116481364
0.209,0.24,0.577,0.498,0.151991631
0.167,0.322,0.593,0.462,0.216833658
0.154,0.325,0.612,0.437,0.085411508
0.202,0.221,0.68,0.543,0.24094342
0.413,0.246,0.421,0.686,0.002094678
0.182,0.262,0.602,0.512,0.31905367
0.303,0.236,0.441,0.446,0.015126787
0.198,0.179,0.63,0.647,0.30982446
0.094,0.131,0.562,0.569,0.92727221
0.233,0.383,0.539,0.441,0.032618097
0.223,0.281,0.574,0.503,0.12627195
0.188,0.154,0.656,0.632,0.37918496
0.217,0.208,0.579,0.542,0.174153202
0.36,0.342,0.436,0.42,0.004196585
0.355,0.197,0.409,0.645,0.023445748
0.347,0.347,0.575,0.509,0.03003866
0.274,0.381,0.476,0.381,0.0
0.385,0.298,0.431,0.572,0.013429167
0.414,0.424,0.476,0.431,0.0
0.248,0.393,0.524,0.425,0.022645848
0.256,0.124,0.54,0.618,0.12497669
0.33,0.402,0.534,0.413,0.0
0.23,0.112,0.514,0.596,0.162907859
0.159,0.388,0.645,0.438,0.089323309
0.255,0.265,0.491,0.523,0.094109217
0.266,0.277,0.462,0.451,0.033578459
0.225,0.211,0.539,0.611,0.179563611
0.276,0.271,0.558,0.379,0.0
0.229,0.302,0.597,0.464,0.074577679
0.331,0.25,0.433,0.524,0.030198158
0.317,0.349,0.381,0.407,0.0
0.208,0.216,0.586,0.682,0.245998692
0.323,0.329,0.405,0.401,0.0
0.277,0.307,0.53,0.538,0.082108306
0.295,0.194,0.546,0.648,0.082652816
0.34,0.346,0.452,0.452,0.011895383
0.464,0.212,0.542,0.552,0.005546296
0.202,0.364,0.565,0.465,0.12426979
0.185,0.183,0.659,0.615,0.387357915
0.225,0.18,0.613,0.656,0.18805219
0.212,0.363,0.632,0.48,0.119908888
0.167,0.358,0.591,0.492,0.282374393
0.222,0.161,0.581,0.563,0.173779273
0.265,0.226,0.599,0.526,0.090893233
0.305,0.15,0.467,0.618,0.064274869
0.371,0.203,0.463,0.663,0.027767137
0.279,0.26,0.405,0.552,0.070039932
0.343,0.176,0.488,0.65,0.043087152
0.405,0.301,0.461,0.617,0.011578796
0.159,0.171,0.645,0.486,0.276541868
0.213,0.454,0.545,0.467,0.024321783
0.224,0.258,0.59,0.524,0.145212236
0.43,0.271,0.43,0.637,0.0
0.324,0.322,0.46,0.44,0.008555077
0.417,0.197,0.473,0.501,0.005242719
0.359,0.273,0.425,0.617,0.025456582
0.385,0.215,0.493,0.532,0.017351087
0.409,0.272,0.421,0.518,0.00208745
0.392,0.432,0.4,0.488,0.001285141
0.164,0.445,0.622,0.451,0.033922995
0.371,0.236,0.524,0.558,0.028208045
0.208,0.269,0.638,0.513,0.179361227
0.143,0.235,0.573,0.603,0.45152581
0.188,0.141,0.581,0.629,0.377188582
0.426,0.278,0.476,0.546,0.006013225
0.301,0.234,0.465,0.646,0.069224131
0.399,0.334,0.487,0.414,0.0
0.374,0.285,0.44,0.489,0.01177588
0.252,0.225,0.44,0.467,0.054958441
0.369,0.234,0.399,0.538,0.011627946
0.239,0.158,0.593,0.655,0.157215075
0.161,0.316,0.608,0.532,0.368953947
0.289,0.272,0.485,0.602,0.080379365
0.26,0.147,0.59,0.599,0.119567726
0.318,0.181,0.446,0.629,0.051581032
0.361,0.166,0.377,0.578,0.006622306
0.117,0.259,0.597,0.558,0.527195883
0.162,0.28,0.631,0.464,0.225753508
0.228,0.259,0.532,0.671,0.178042355
0.314,0.327,0.335,0.329,0.0
0.408,0.344,0.506,0.41,0.0
0.163,0.379,0.627,0.521,0.35342191
0.42,0.281,0.446,0.539,0.003772541
0.261,0.323,0.441,0.433,0.018674777
0.251,0.187,0.595,0.551,0.116356561
0.418,0.237,0.472,0.543,0.006961541
0.22,0.334,0.487,0.463,0.082097704
0.392,0.268,0.536,0.649,0.024381053
0.202,0.287,0.622,0.497,0.177283414
0.332,0.463,0.432,0.504,0.009863347
0.197,0.344,0.618,0.378,0.0
0.287,0.145,0.517,0.635,0.088565331
0.221,0.172,0.574,0.64,0.195907595
0.38,0.354,0.506,0.374,0.0
0.295,0.311,0.487,0.405,0.0
0.245,0.299,0.565,0.469,0.065349433
0.245,0.233,0.727,0.583,0.13768691
0.285,0.182,0.409,0.637,0.074462031
0.181,0.359,0.577,0.437,0.078094831
0.203,0.195,0.578,0.613,0.267244233
0.177,0.274,0.573,0.506,0.311962025
0.246,0.321,0.627,0.423,0.023598982
0.363,0.377,0.524,0.465,0.014172689
0.278,0.106,0.514,0.603,0.096112341
0.251,0.28,0.541,0.462,0.054529097
0.222,0.152,0.486,0.647,0.187464312
0.255,0.269,0.569,0.613,0.127198581
0.22,0.249,0.57,0.37,0.0
0.342,0.331,0.414,0.521,0.022721019
0.261,0.429,0.555,0.485,0.046447696
0.34,0.185,0.591,0.635,0.050803779
0.377,0.215,0.447,0.504,0.013574691
0.291,0.362,0.424,0.378,0.0
0.355,0.368,0.487,0.416,0.0
0.193,0.372,0.451,0.504,0.248837856
0.358,0.339,0.504,0.395,0.0
0.384,0.393,0.438,0.431,0.002232974
0.317,0.336,0.449,0.554,0.04493656
0.153,0.213,0.647,0.617,0.438627179
0.394,0.345,0.542,0.477,0.009586755
0.299,0.3,0.545,0.41,0.0
0.346,0.153,0.396,0.533,0.018323978
0.189,0.39,0.663,0.394,0.0
0.202,0.167,0.62,0.545,0.24253551
0.37,0.283,0.478,0.463,0.011124876
0.383,0.395,0.39,0.453,0.001120342
0.218,0.126,0.678,0.578,0.193053494
0.227,0.142,0.591,0.638,0.181055955
0.337,0.236,0.429,0.552,0.031183578
0.246,0.315,0.639,0.505,0.095353881
0.145,0.357,0.605,0.507,0.346060901
0.293,0.308,0.52,0.537,0.064980805
0.368,0.253,0.368,0.629,0.0
0.314,0.444,0.498,0.468,0.012122824
0.284,0.314,0.468,0.482,0.044995348
0.233,0.281,0.643,0.556,0.147113686
0.308,0.163,0.512,0.581,0.062150315
0.344,0.231,0.46,0.591,0.036527971
0.397,0.201,0.479,0.604,0.016167139
0.208,0.229,0.608,0.725,0.247669809
0.277,0.356,0.379,0.414,0.0
0.359,0.172,0.405,0.547,0.01730531
0.306,0.312,0.458,0.478,0.030295496
0.295,0.244,0.585,0.552,0.070434582
0.089,0.27,0.588,0.608,0.972354294
0.32,0.205,0.51,0.569,0.051377683
0.436,0.252,0.48,0.604,0.006057075
0.299,0.251,0.388,0.643,0.051631146
0.177,0.352,0.573,0.45,0.152036445
0.326,0.253,0.357,0.597,0.014921511
0.427,0.129,0.463,0.579,0.005305844
0.335,0.283,0.447,0.485,0.021185789
0.282,0.41,0.48,0.474,0.043064504
0.36,0.202,0.449,0.574,0.027078548
0.386,0.292,0.402,0.524,0.005117434
0.267,0.218,0.573,0.648,0.11657822
0.295,0.259,0.353,0.487,0.021289391
0.217,0.225,0.501,0.586,0.192857855
0.393,0.152,0.461,0.536,0.011982601
0.364,0.247,0.524,0.559,0.031060219
0.283,0.323,0.587,0.429,0.015201476
0.248,0.38,0.506,0.482,0.072008361
0.281,0.243,0.423,0.403,0.0
0.334,0.151,0.496,0.605,0.04629639
0.226,0.187,0.478,0.679,0.178094397
0.279,0.303,0.522,0.549,0.083336104
0.393,0.189,0.441,0.57,0.011519044
0.172,0.398,0.654,0.474,0.24691665
0.235,0.281,0.487,0.603,0.151696728
0.178,0.299,0.558,0.613,0.398579165
0.194,0.265,0.538,0.639,0.338039734
0.315,0.259,0.455,0.543,0.044616118
0.356,0.397,0.454,0.399,0.0
0.375,0.261,0.513,0.499,0.017643581
0.319,0.259,0.415,0.521,0.032598823
0.389,0.215,0.405,0.617,0.006229584
0.349,0.385,0.368,0.467,0.003632318
0.372,0.43,0.548,0.462,0.007424134
0.376,0.276,0.396,0.476,0.004822531
0.266,0.37,0.558,0.396,0.0
0.382,0.272,0.431,0.34,0.0
0.364,0.232,0.4,0.621,0.016279896
0.371,0.174,0.449,0.606,0.024422012
0.222,0.25,0.504,0.524,0.146242469
0.34,0.409,0.491,0.465,0.017371326
0.16,0.264,0.598,0.558,0.396457021
0.252,0.385,0.538,0.525,0.100892949
0.225,0.302,0.595,0.54,0.154029449
0.318,0.269,0.554,0.506,0.03899706
0.235,0.301,0.597,0.621,0.161481531
0.308,0.188,0.572,0.606,0.068897424
0.178,0.334,0.554,0.52,0.337713991
0.11,0.131,0.596,0.599,0.67080109
0.373,0.356,0.373,0.496,0.0
0.281,0.35,0.459,0.368,0.0
0.256,0.367,0.557,0.477,0.064587601
0.368,0.155,0.372,0.599,0.001725568
0.454,0.316,0.485,0.532,0.002811697
0.334,0.333,0.544,0.447,0.012595054
0.312,0.405,0.547,0.457,0.022218913
0.234,0.261,0.56,0.503,0.107616929
0.211,0.254,0.678,0.621,0.228711211
0.32,0.175,0.504,0.518,0.040115475
0.149,0.301,0.637,0.599,0.44009302
0.32,0.428,0.5,0.518,0.031426439
0.284,0.317,0.508,0.523,0.067866228
0.208,0.309,0.705,0.439,0.043924638
0.311,0.324,0.605,0.428,0.010272453
0.144,0.311,0.615,0.497,0.317470253
0.404,0.101,0.407,0.566,0.000845678
0.286,0.337,0.54,0.448,0.024224446
0.262,0.265,0.492,0.469,0.053245884
0.31,0.217,0.539,0.51,0.044295194
0.238,0.225,0.498,0.593,0.145183324
0.342,0.196,0.586,0.514,0.033015638
0.256,0.321,0.54,0.415,0.0
0.229,0.274,0.645,0.458,0.066666378
0.193,0.172,0.653,0.658,0.350718633
0.166,0.289,0.616,0.581,0.403914403
0.315,0.354,0.597,0.459,0.022788481
0.402,0.33,0.404,0.495,0.000329597
0.264,0.219,0.606,0.577,0.110801592
0.364,0.238,0.442,0.572,0.024343949
0.331,0.308,0.493,0.472,0.021472019
0.355,0.275,0.441,0.54,0.024610904
0.24,0.261,0.588,0.593,0.146878052
0.283,0.234,0.637,0.576,0.089951664
0.35,0.173,0.355,0.495,0.001227317
0.065,0.421,0.559,0.427,0.0
0.308,0.131,0.458,0.563,0.053950856
0.106,0.071,0.598,0.509,0.596758766
0.196,0.26,0.54,0.476,0.17771854
0.439,0.347,0.483,0.493,0.003141295
0.183,0.36,0.617,0.504,0.299712951
0.24,0.284,0.53,0.364,0.0
0.416,0.415,0.452,0.423,0.000875071
0.135,0.362,0.605,0.512,0.376007525
0.326,0.336,0.422,0.37,0.0
0.412,0.264,0.425,0.462,0.001013367
0.188,0.376,0.678,0.45,0.136534765
0.259,0.333,0.541,0.517,0.089563279
0.264,0.213,0.403,0.644,0.097505902
0.324,0.237,0.436,0.535,0.03586974
0.353,0.347,0.478,0.349,0.0
0.19,0.394,0.534,0.394,0.0
0.245,0.216,0.579,0.584,0.136079882
0.182,0.372,0.601,0.38,0.0
0.342,0.291,0.428,0.52,0.024727034
0.347,0.236,0.479,0.471,0.017190143
0.281,0.4,0.429,0.446,0.021062431
0.274,0.383,0.52,0.391,0.0
0.344,0.181,0.476,0.573,0.036593023
0.277,0.182,0.54,0.638,0.102515397
0.17,0.267,0.639,0.537,0.364975649
0.173,0.322,0.611,0.488,0.272180966
0.271,0.283,0.601,0.445,0.027240455
0.187,0.193,0.507,0.499,0.273192406
0.379,0.219,0.479,0.557,0.021301438
0.19,0.32,0.595,0.488,0.236178713
0.256,0.387,0.592,0.447,0.035012979
0.388,0.203,0.396,0.679,0.003618825
0.401,0.325,0.407,0.531,0.001426328
0.236,0.3,0.55,0.532,0.126574563
0.372,0.371,0.474,0.433,0.004034195
0.182,0.324,0.578,0.486,0.258089231
0.405,0.325,0.411,0.484,0.000924222
0.168,0.337,0.592,0.581,0.40094128
0.333,0.195,0.371,0.591,0.016449995
0.248,0.132,0.482,0.6,0.128469748
0.338,0.228,0.536,0.587,0.045486852
0.184,0.36,0.476,0.39,0.0
0.435,0.19,0.493,0.638,0.008096821
0.322,0.388,0.412,0.458,0.014959097
0.235,0.322,0.533,0.4,0.0
0.339,0.258,0.427,0.594,0.033722538
0.321,0.333,0.537,0.523,0.042274241
0.37,0.416,0.48,0.536,0.022961953
0.241,0.303,0.545,0.408,0.0
0.241,0.396,0.565,0.504,0.099530709
0.345,0.222,0.473,0.588,0.037271974
0.302,0.37,0.6,0.499,0.045737905
0.294,0.228,0.622,0.478,0.040849841
0.328,0.291,0.463,0.529,0.035752164
0.237,0.391,0.653,0.392,0.0
0.265,0.342,0.613,0.503,0.077688134
0.174,0.199,0.636,0.683,0.413420686
0.366,0.259,0.392,0.583,0.011731548
0.427,0.192,0.445,0.636,0.003432343
0.117,0.349,0.599,0.415,0.0
0.152,0.224,0.604,0.528,0.376438796
0.407,0.244,0.445,0.562,0.00720392
0.36,0.334,0.46,0.428,0.00469339
0.296,0.227,0.512,0.633,0.078369977
0.263,0.359,0.519,0.513,0.083412721
0.294,0.397,0.576,0.401,0.0
0.145,0.334,0.561,0.406,0.0
0.301,0.183,0.524,0.667,0.076105199
0.202,0.227,0.63,0.549,0.246143252
0.246,0.358,0.56,0.382,0.0
0.23,0.342,0.613,0.502,0.11254788
0.303,0.295,0.524,0.499,0.043291464
0.217,0.153,0.543,0.577,0.192379843
0.174,0.279,0.622,0.487,0.268313497
0.283,0.307,0.463,0.573,0.08007627
0.428,0.377,0.488,0.443,0.001631122
0.194,0.201,0.618,0.657,0.343156204
0.394,0.228,0.404,0.605,0.003606779
0.32,0.209,0.554,0.597,0.057919518
0.385,0.341,0.441,0.587,0.015707437
0.167,0.355,0.619,0.417,0.0
0.156,0.284,0.633,0.454,0.182783932
0.246,0.282,0.636,0.552,0.123858757
0.283,0.37,0.522,0.446,0.022738367
0.243,0.268,0.593,0.602,0.144006122
0.345,0.197,0.505,0.635,0.043300619
0.179,0.185,0.619,0.587,0.391974207
0.345,0.29,0.539,0.458,0.015569141
0.264,0.348,0.554,0.462,0.048113031
0.432,0.376,0.478,0.391,0.0
0.207,0.325,0.464,0.465,0.106574649
0.216,0.3,0.71,0.522,0.162666925
0.194,0.208,0.653,0.547,0.3053296
0.223,0.124,0.722,0.598,0.185780185
0.226,0.166,0.548,0.604,0.176232942
0.376,0.231,0.462,0.474,0.010692159
0.163,0.333,0.587,0.478,0.25938931
0.321,0.356,0.423,0.611,0.044181955
0.223,0.214,0.517,0.567,0.170268868
0.142,0.31,0.604,0.502,0.335134072
0.331,0.181,0.403,0.497,0.019948835
0.158,0.224,0.562,0.597,0.421736275
0.218,0.382,0.55,0.55,0.175852749
0.291,0.313,0.361,0.483,0.024837864
0.368,0.204,0.382,0.48,0.003835184
0.372,0.218,0.43,0.618,0.020976659
0.325,0.284,0.447,0.517,0.03294914
0.241,0.315,0.501,0.564,0.131674167
0.249,0.187,0.415,0.557,0.106504778
0.201,0.238,0.685,0.481,0.156412766
0.357,0.105,0.496,0.587,0.034537376
0.27,0.374,0.626,0.422,0.018730192
0.213,0.255,0.595,0.497,0.139011082
0.191,0.255,0.659,0.639,0.36209649
0.396,0.375,0.49,0.403,0.0
0.214,0.266,0.488,0.553,0.185443841
0.332,0.327,0.498,0.531,0.037116813
0.223,0.405,0.479,0.436,0.030016494
0.327,0.347,0.527,0.605,0.052732695
0.361,0.367,0.491,0.429,0.005146346
0.353,0.363,0.463,0.587,0.032726518
0.34,0.202,0.522,0.441,0.008429791
0.367,0.254,0.415,0.432,0.003148523
0.406,0.248,0.411,0.494,0.000869289
0.333,0.394,0.517,0.422,0.007465574
0.193,0.407,0.623,0.419,0.058552691
0.229,0.169,0.643,0.547,0.150184146
0.086,0.325,0.508,0.513,0.819258705
0.242,0.189,0.676,0.516,0.109239377
0.226,0.221,0.532,0.507,0.123260277
0.189,0.189,0.509,0.541,0.328127718
0.152,0.212,0.572,0.622,0.439722945
0.208,0.415,0.592,0.434,0.039317984
0.291,0.308,0.449,0.555,0.066061634
0.25,0.221,0.562,0.633,0.136044224
