0.322,0.203,0.378,0.341,0.0
0.208,0.247,0.272,0.269,0.0
0.308,0.141,0.348,0.341,0.0
0.218,0.246,0.404,0.33,0.0
0.154,0.218,0.4,0.394,0.0
0.254,0.264,0.28,0.322,0.0
0.241,0.21,0.311,0.37,0.0
0.217,0.246,0.445,0.28,0.0
0.275,0.266,0.307,0.46,0.015120522
0.21,0.284,0.456,0.389,0.0
0.221,0.264,0.399,0.296,0.0
0.291,0.208,0.361,0.362,0.0
0.242,0.199,0.41,0.383,0.0
0.178,0.25,0.318,0.44,0.083820863
0.304,0.239,0.356,0.462,0.012178721
0.303,0.267,0.347,0.329,0.0
0.247,0.26,0.283,0.304,0.0
0.214,0.32,0.441,0.334,0.0
0.236,0.222,0.312,0.412,0.0
0.231,0.338,0.383,0.354,0.0
0.198,0.147,0.397,0.347,0.0
0.227,0.268,0.365,0.294,0.0
0.185,0.284,0.261,0.352,0.0
0.277,0.257,0.367,0.399,0.0
0.231,0.252,0.233,0.358,0.0
0.282,0.289,0.37,0.391,0.0
0.212,0.234,0.256,0.316,0.0
0.225,0.224,0.275,0.41,0.0
0.306,0.257,0.342,0.383,0.0
0.249,0.32,0.315,0.338,0.0
0.358,0.228,0.414,0.414,0.0
0.175,0.289,0.421,0.333,0.0
0.31,0.217,0.44,0.343,0.0
0.211,0.233,0.315,0.261,0.0
0.244,0.304,0.41,0.364,0.0
0.186,0.181,0.364,0.381,0.0
0.265,0.248,0.3,0.384,0.0
0.183,0.269,0.294,0.315,0.0
0.262,0.231,0.266,0.311,0.0
0.19,0.156,0.33,0.348,0.0
0.215,0.226,0.385,0.38,0.0
0.256,0.294,0.322,0.38,0.0
0.232,0.293,0.376,0.403,0.0
0.194,0.253,0.41,0.331,0.0
0.263,0.122,0.347,0.348,0.0
0.231,0.197,0.337,0.277,0.0
0.175,0.219,0.375,0.247,0.0
0.295,0.218,0.449,0.324,0.0
0.173,0.282,0.351,0.362,0.0
0.193,0.265,0.401,0.383,0.0
0.307,0.162,0.329,0.376,0.0
0.203,0.314,0.393,0.342,0.0
0.167,0.226,0.352,0.418,0.0
0.295,0.17,0.365,0.402,0.0
0.208,0.28,0.422,0.418,0.0
0.375,0.219,0.385,0.397,0.0
0.29,0.321,0.378,0.347,0.0
0.249,0.177,0.263,0.371,0.0
0.212,0.212,0.405,0.332,0.0
0.283,0.223,0.343,0.339,0.0
0.174,0.254,0.344,0.302,0.0
0.222,0.209,0.342,0.383,0.0
0.231,0.252,0.285,0.478,0.041467595
0.225,0.169,0.441,0.399,0.0
0.263,0.218,0.321,0.372,0.0
0.25,0.259,0.366,0.421,0.017059557
0.227,0.278,0.379,0.354,0.0
0.297,0.333,0.437,0.438,0.011169208
0.149,0.216,0.389,0.458,0.199211279
0.289,0.296,0.429,0.34,0.0
0.22,0.226,0.406,0.368,0.0
0.282,0.267,0.3,0.307,0.0
0.199,0.168,0.341,0.406,0.0
0.184,0.242,0.314,0.378,0.0
0.288,0.207,0.336,0.423,0.006442569
0.17,0.216,0.398,0.408,0.0
0.159,0.134,0.385,0.322,0.0
0.237,0.237,0.387,0.423,0.022120612
0.195,0.253,0.385,0.421,0.050167232
0.307,0.176,0.369,0.368,0.0
0.196,0.265,0.422,0.329,0.0
0.183,0.279,0.415,0.289,0.0
0.238,0.14,0.366,0.318,0.0
0.27,0.228,0.368,0.384,0.0
0.21,0.244,0.342,0.352,0.0
0.295,0.259,0.329,0.373,0.0
0.245,0.178,0.273,0.318,0.0
0.179,0.248,0.424,0.44,0.091685905
0.22,0.161,0.382,0.407,0.0
0.208,0.225,0.456,0.443,0.053453087
0.234,0.24,0.372,0.348,0.0
0.288,0.262,0.332,0.42,0.006132247
0.149,0.354,0.369,0.412,0.0
0.191,0.302,0.421,0.452,0.132037013
0.267,0.285,0.353,0.331,0.0
0.244,0.225,0.428,0.337,0.0
0.244,0.13,0.278,0.356,0.0
0.288,0.21,0.376,0.36,0.0
0.161,0.296,0.379,0.342,0.0
0.308,0.228,0.36,0.39,0.0
0.203,0.172,0.452,0.366,0.0
0.24,0.317,0.366,0.407,0.0
0.215,0.238,0.373,0.338,0.0
0.168,0.275,0.394,0.383,0.0
0.186,0.272,0.288,0.38,0.0
0.288,0.217,0.35,0.396,0.0
0.195,0.209,0.387,0.425,0.050310829
0.261,0.31,0.333,0.366,0.0
0.193,0.275,0.371,0.457,0.137171794
0.305,0.181,0.305,0.381,0.0
0.323,0.219,0.327,0.453,0.000802309
0.294,0.278,0.338,0.362,0.0
0.165,0.231,0.381,0.315,0.0
0.211,0.168,0.409,0.349,0.0
0.299,0.291,0.327,0.414,0.0
0.236,0.176,0.342,0.38,0.0
0.264,0.246,0.358,0.306,0.0
0.28,0.234,0.392,0.43,0.012431219
0.288,0.267,0.368,0.457,0.019297832
0.176,0.274,0.412,0.414,0.0
0.265,0.271,0.333,0.315,0.0
0.145,0.178,0.388,0.289,0.0
0.151,0.188,0.391,0.358,0.0
0.288,0.219,0.29,0.327,0.0
0.197,0.151,0.431,0.319,0.0
0.221,0.217,0.423,0.435,0.029671477
0.182,0.275,0.386,0.309,0.0
0.157,0.179,0.337,0.389,0.0
0.231,0.208,0.321,0.33,0.0
0.178,0.257,0.376,0.365,0.0
0.201,0.16,0.297,0.354,0.0
0.235,0.212,0.265,0.396,0.0
0.121,0.291,0.371,0.451,0.181709849
0.221,0.178,0.409,0.32,0.0
0.306,0.234,0.336,0.284,0.0
0.309,0.207,0.339,0.389,0.0
0.233,0.27,0.383,0.342,0.0
0.274,0.305,0.28,0.377,0.0
0.307,0.195,0.349,0.339,0.0
0.248,0.251,0.248,0.385,0.0
0.271,0.181,0.383,0.283,0.0
0.205,0.207,0.382,0.315,0.0
0.164,0.316,0.358,0.341,0.0
0.294,0.283,0.3,0.351,0.0
0.253,0.235,0.337,0.425,0.014366881
0.278,0.217,0.286,0.459,0.004477995
0.231,0.195,0.387,0.319,0.0
0.234,0.203,0.306,0.349,0.0
0.239,0.206,0.367,0.42,0.019802829
0.221,0.145,0.459,0.285,0.0
0.269,0.195,0.413,0.283,0.0
0.287,0.281,0.289,0.313,0.0
0.201,0.176,0.389,0.424,0.041149081
0.23,0.306,0.432,0.314,0.0
0.311,0.333,0.411,0.339,0.0
0.269,0.125,0.363,0.367,0.0
0.214,0.263,0.358,0.329,0.0
0.249,0.231,0.263,0.353,0.0
0.366,0.178,0.388,0.396,0.0
0.205,0.258,0.213,0.36,0.0
0.191,0.309,0.345,0.323,0.0
0.241,0.273,0.377,0.413,0.0
0.363,0.243,0.391,0.377,0.0
0.262,0.184,0.444,0.428,0.018551419
0.178,0.29,0.392,0.388,0.0
0.291,0.29,0.321,0.316,0.0
0.247,0.264,0.255,0.292,0.0
0.3,0.233,0.326,0.439,0.003740738
0.264,0.265,0.338,0.325,0.0
0.2,0.279,0.382,0.443,0.059981911
0.25,0.244,0.33,0.34,0.0
0.169,0.286,0.413,0.37,0.0
0.295,0.263,0.303,0.395,0.0
0.202,0.307,0.398,0.323,0.0
0.313,0.177,0.391,0.371,0.0
0.261,0.19,0.335,0.42,0.012570479
0.237,0.288,0.421,0.386,0.0
0.278,0.264,0.421,0.304,0.0
0.231,0.278,0.339,0.37,0.0
0.269,0.201,0.373,0.369,0.0
0.19,0.216,0.432,0.353,0.0
0.273,0.216,0.347,0.438,0.011361955
0.24,0.245,0.288,0.315,0.0
0.258,0.235,0.423,0.347,0.0
0.174,0.24,0.416,0.326,0.0
0.26,0.234,0.346,0.292,0.0
0.311,0.224,0.323,0.398,0.0
0.205,0.216,0.411,0.432,0.038854909
0.276,0.25,0.36,0.404,0.0
0.266,0.258,0.414,0.454,0.034696874
0.207,0.229,0.413,0.453,0.079383826
0.288,0.189,0.376,0.401,0.0
0.268,0.207,0.402,0.367,0.0
0.224,0.126,0.366,0.346,0.0
0.21,0.181,0.448,0.317,0.0
0.187,0.194,0.409,0.354,0.0
0.176,0.278,0.35,0.374,0.0
0.239,0.294,0.457,0.366,0.0
0.275,0.194,0.409,0.402,0.0
0.329,0.306,0.365,0.316,0.0
0.237,0.298,0.381,0.342,0.0
0.318,0.248,0.324,0.3,0.0
0.224,0.315,0.458,0.315,0.0
0.32,0.172,0.36,0.358,0.0
0.284,0.282,0.33,0.38,0.0
0.32,0.282,0.338,0.326,0.0
0.266,0.171,0.392,0.375,0.0
0.317,0.259,0.343,0.373,0.0
0.212,0.18,0.4,0.422,0.03360448
0.277,0.194,0.345,0.43,0.009576636
0.264,0.177,0.352,0.399,0.0
0.297,0.162,0.413,0.39,0.0
0.192,0.236,0.368,0.376,0.0
0.252,0.32,0.294,0.366,0.0
0.153,0.24,0.395,0.38,0.0
0.277,0.291,0.363,0.296,0.0
0.265,0.119,0.351,0.352,0.0
0.281,0.219,0.289,0.423,0.001668707
0.252,0.319,0.358,0.351,0.0
0.217,0.235,0.349,0.435,0.026890619
0.321,0.134,0.348,0.308,0.0
0.271,0.314,0.359,0.324,0.0
0.177,0.199,0.419,0.349,0.0
0.32,0.267,0.339,0.295,0.0
0.159,0.244,0.387,0.408,0.0
0.192,0.228,0.23,0.414,0.0
0.202,0.291,0.368,0.299,0.0
0.259,0.115,0.441,0.341,0.0
0.254,0.281,0.322,0.315,0.0
0.306,0.217,0.328,0.408,0.0
0.117,0.232,0.334,0.308,0.0
0.302,0.27,0.38,0.32,0.0
0.229,0.176,0.431,0.404,0.0
0.242,0.261,0.4,0.353,0.0
0.253,0.299,0.371,0.309,0.0
0.231,0.293,0.383,0.321,0.0
0.224,0.235,0.398,0.399,0.0
0.215,0.289,0.337,0.353,0.0
0.215,0.282,0.311,0.383,0.0
0.247,0.303,0.323,0.307,0.0
0.286,0.218,0.438,0.452,0.025101445
0.345,0.191,0.359,0.433,0.001031678
0.327,0.293,0.333,0.333,0.0
0.261,0.163,0.351,0.371,0.0
0.132,0.178,0.382,0.37,0.0
0.208,0.192,0.337,0.34,0.0
0.3,0.357,0.35,0.375,0.0
0.266,0.243,0.28,0.307,0.0
0.238,0.303,0.364,0.303,0.0
0.176,0.208,0.362,0.444,0.110878208
0.181,0.22,0.349,0.344,0.0
0.213,0.257,0.403,0.289,0.0
0.283,0.144,0.345,0.312,0.0
0.363,0.295,0.367,0.385,0.0
0.247,0.29,0.311,0.298,0.0
0.269,0.193,0.329,0.259,0.0
0.25,0.192,0.348,0.306,0.0
0.297,0.236,0.345,0.372,0.0
0.262,0.225,0.296,0.467,0.019894384
0.194,0.263,0.4,0.351,0.0
0.351,0.348,0.377,0.352,0.0
0.187,0.204,0.429,0.376,0.0
0.227,0.244,0.358,0.28,0.0
0.285,0.194,0.357,0.262,0.0
0.219,0.194,0.423,0.394,0.0
0.228,0.287,0.396,0.303,0.0
0.279,0.28,0.423,0.42,0.013970786
0.269,0.183,0.311,0.407,0.0
0.146,0.269,0.298,0.381,0.0
0.267,0.231,0.315,0.361,0.0
0.22,0.238,0.376,0.334,0.0
0.282,0.181,0.283,0.351,0.0
0.187,0.2,0.265,0.422,0.052273957
0.287,0.247,0.399,0.361,0.0
0.191,0.239,0.425,0.375,0.0
0.21,0.171,0.354,0.415,0.0
0.323,0.237,0.329,0.351,0.0
0.231,0.286,0.349,0.298,0.0
0.23,0.307,0.414,0.383,0.0
0.344,0.277,0.354,0.299,0.0
0.21,0.254,0.356,0.282,0.0
0.208,0.162,0.456,0.382,0.0
0.242,0.211,0.378,0.335,0.0
0.262,0.259,0.388,0.299,0.0
0.275,0.219,0.383,0.403,0.0
0.276,0.253,0.384,0.353,0.0
0.262,0.241,0.364,0.375,0.0
0.25,0.332,0.432,0.378,0.0
0.278,0.305,0.308,0.41,0.0
0.185,0.28,0.387,0.304,0.0
0.303,0.278,0.339,0.366,0.0
0.183,0.241,0.379,0.375,0.0
0.276,0.307,0.34,0.323,0.0
0.228,0.21,0.326,0.404,0.0
0.24,0.298,0.364,0.41,0.0
0.154,0.213,0.386,0.309,0.0
0.285,0.283,0.299,0.385,0.0
0.243,0.211,0.397,0.387,0.0
0.209,0.148,0.287,0.39,0.0
0.229,0.221,0.355,0.442,0.02954571
0.213,0.2,0.349,0.318,0.0
0.191,0.284,0.387,0.396,0.0
0.359,0.235,0.367,0.291,0.0
0.225,0.197,0.373,0.256,0.0
0.258,0.235,0.37,0.393,0.0
0.34,0.3,0.406,0.436,0.004698209
0.233,0.306,0.453,0.306,0.0
0.298,0.163,0.398,0.383,0.0
0.259,0.243,0.451,0.323,0.0
0.196,0.255,0.416,0.307,0.0
0.297,0.261,0.333,0.333,0.0
0.229,0.329,0.317,0.375,0.0
0.181,0.174,0.379,0.422,0.073734893
0.202,0.321,0.414,0.401,0.0
0.238,0.263,0.246,0.292,0.0
0.274,0.31,0.306,0.358,0.0
0.278,0.153,0.446,0.393,0.0
0.246,0.193,0.42,0.347,0.0
0.228,0.189,0.366,0.326,0.0
0.226,0.115,0.308,0.311,0.0
0.289,0.165,0.291,0.379,0.0
0.235,0.109,0.441,0.343,0.0
0.169,0.221,0.411,0.341,0.0
0.22,0.291,0.353,0.295,0.0
0.245,0.211,0.29,0.295,0.0
0.261,0.085,0.397,0.321,0.0
0.238,0.214,0.28,0.428,0.009730352
0.153,0.27,0.381,0.426,0.0813431
0.205,0.199,0.375,0.441,0.045159664
0.195,0.331,0.382,0.365,0.0
0.183,0.295,0.415,0.309,0.0
0.276,0.271,0.288,0.359,0.0
0.196,0.351,0.44,0.355,0.0
0.205,0.185,0.373,0.323,0.0
0.283,0.202,0.309,0.366,0.0
0.25,0.289,0.318,0.463,0.032934202
0.22,0.288,0.398,0.298,0.0
0.2,0.264,0.38,0.27,0.0
0.22,0.208,0.442,0.454,0.065016463
0.347,0.301,0.349,0.319,0.0
0.237,0.254,0.343,0.266,0.0
0.299,0.226,0.363,0.366,0.0
0.215,0.299,0.291,0.317,0.0
0.184,0.231,0.282,0.415,0.0
0.325,0.304,0.387,0.314,0.0
0.265,0.341,0.443,0.368,0.0
0.255,0.195,0.391,0.366,0.0
0.25,0.234,0.272,0.318,0.0
0.183,0.193,0.376,0.417,0.0
0.221,0.186,0.397,0.374,0.0
0.213,0.338,0.324,0.374,0.0
0.303,0.279,0.339,0.323,0.0
0.322,0.18,0.36,0.409,0.0
0.229,0.205,0.315,0.455,0.040552529
0.271,0.248,0.295,0.332,0.0
0.148,0.229,0.358,0.387,0.0
0.274,0.187,0.279,0.411,0.0
0.195,0.179,0.409,0.335,0.0
0.268,0.259,0.322,0.393,0.0
0.357,0.324,0.387,0.326,0.0
0.269,0.295,0.317,0.301,0.0
0.143,0.233,0.389,0.355,0.0
0.125,0.283,0.371,0.343,0.0
0.256,0.139,0.416,0.381,0.0
0.213,0.247,0.419,0.323,0.0
0.271,0.221,0.343,0.375,0.0
0.258,0.246,0.268,0.31,0.0
0.297,0.336,0.301,0.358,0.0
0.182,0.201,0.428,0.345,0.0
0.183,0.281,0.389,0.365,0.0
0.21,0.25,0.376,0.31,0.0
0.215,0.22,0.307,0.266,0.0
0.246,0.258,0.324,0.296,0.0
0.252,0.232,0.342,0.304,0.0
0.248,0.303,0.324,0.341,0.0
0.275,0.262,0.345,0.356,0.0
0.264,0.296,0.297,0.368,0.0
0.143,0.22,0.337,0.31,0.0
0.256,0.297,0.336,0.343,0.0
0.151,0.266,0.394,0.304,0.0
0.322,0.267,0.364,0.345,0.0
0.214,0.182,0.24,0.362,0.0
0.242,0.28,0.384,0.332,0.0
0.192,0.23,0.438,0.268,0.0
0.24,0.286,0.402,0.358,0.0
0.168,0.261,0.372,0.396,0.0
0.23,0.279,0.324,0.313,0.0
0.292,0.239,0.314,0.471,0.009759746
0.25,0.271,0.342,0.317,0.0
0.288,0.26,0.332,0.318,0.0
0.349,0.367,0.359,0.377,0.0
0.225,0.202,0.443,0.408,0.0
0.169,0.236,0.383,0.374,0.0
0.238,0.279,0.321,0.331,0.0
0.265,0.28,0.419,0.36,0.0
0.214,0.184,0.422,0.34,0.0
0.169,0.323,0.409,0.437,0.079711978
0.205,0.261,0.307,0.367,0.0
0.242,0.2,0.376,0.372,0.0
0.142,0.231,0.376,0.334,0.0
0.23,0.216,0.334,0.412,0.0
0.293,0.203,0.323,0.407,0.0
0.253,0.262,0.339,0.476,0.043025473
0.234,0.173,0.27,0.359,0.0
0.248,0.249,0.254,0.391,0.0
0.2,0.247,0.354,0.339,0.0
0.314,0.212,0.342,0.358,0.0
0.269,0.297,0.297,0.395,0.0
0.306,0.213,0.326,0.397,0.0
0.184,0.184,0.371,0.318,0.0
0.112,0.273,0.352,0.349,0.0
0.173,0.279,0.409,0.343,0.0
0.21,0.23,0.308,0.32,0.0
0.178,0.202,0.378,0.45,0.143266937
0.319,0.31,0.335,0.412,0.0
0.279,0.2,0.333,0.33,0.0
0.317,0.242,0.391,0.25,0.0
0.201,0.173,0.435,0.407,0.0
0.256,0.308,0.316,0.412,0.0
0.293,0.238,0.315,0.44,0.003951796
0.219,0.238,0.457,0.281,0.0
0.202,0.199,0.366,0.435,0.038169694
0.174,0.227,0.34,0.443,0.105249513
0.208,0.231,0.296,0.391,0.0
0.247,0.309,0.32,0.313,0.0
0.264,0.176,0.452,0.348,0.0
0.197,0.29,0.437,0.41,0.0
0.153,0.185,0.378,0.392,0.0
0.224,0.258,0.46,0.427,0.029275382
0.264,0.197,0.364,0.383,0.0
0.249,0.247,0.411,0.273,0.0
0.309,0.235,0.377,0.271,0.0
0.304,0.28,0.336,0.372,0.0
0.227,0.253,0.445,0.263,0.0
0.281,0.177,0.301,0.357,0.0
0.176,0.294,0.324,0.318,0.0
0.271,0.151,0.345,0.357,0.0
0.256,0.147,0.416,0.319,0.0
0.313,0.225,0.331,0.417,0.0
0.226,0.187,0.36,0.363,0.0
0.27,0.232,0.412,0.338,0.0
0.207,0.293,0.293,0.39,0.0
0.218,0.25,0.416,0.284,0.0
0.163,0.37,0.403,0.41,0.0
0.172,0.22,0.421,0.454,0.172065752
0.22,0.287,0.424,0.383,0.0
0.252,0.306,0.328,0.356,0.0
0.313,0.316,0.363,0.416,0.0
0.174,0.151,0.316,0.317,0.0
0.196,0.148,0.396,0.322,0.0
0.27,0.185,0.402,0.295,0.0
0.289,0.204,0.315,0.338,0.0
0.284,0.259,0.346,0.375,0.0
0.166,0.3,0.381,0.314,0.0
0.315,0.182,0.321,0.334,0.0
0.173,0.232,0.389,0.342,0.0
0.251,0.24,0.397,0.295,0.0
0.155,0.255,0.396,0.351,0.0
0.252,0.314,0.282,0.416,0.0
0.266,0.231,0.286,0.431,0.004859153
0.181,0.246,0.381,0.324,0.0
0.187,0.264,0.347,0.398,0.0
0.321,0.246,0.321,0.368,0.0
0.16,0.257,0.3,0.274,0.0
0.29,0.255,0.344,0.391,0.0
0.314,0.203,0.364,0.363,0.0
0.228,0.216,0.366,0.36,0.0
0.192,0.194,0.384,0.41,0.0
0.296,0.218,0.436,0.452,0.021273007
0.198,0.28,0.338,0.404,0.0
0.281,0.312,0.349,0.383,0.0
0.247,0.21,0.401,0.36,0.0
0.258,0.187,0.338,0.369,0.0
0.267,0.23,0.417,0.426,0.016914033
0.257,0.319,0.393,0.341,0.0
0.274,0.198,0.384,0.356,0.0
0.292,0.179,0.332,0.319,0.0
0.298,0.219,0.444,0.339,0.0
0.256,0.243,0.334,0.307,0.0
0.151,0.265,0.303,0.331,0.0
0.181,0.199,0.411,0.332,0.0
0.263,0.219,0.277,0.395,0.0
0.182,0.214,0.342,0.329,0.0
0.246,0.297,0.444,0.397,0.0
0.227,0.373,0.321,0.385,0.0
0.177,0.264,0.275,0.392,0.0
0.194,0.218,0.442,0.316,0.0
0.261,0.3,0.415,0.31,0.0
0.27,0.26,0.366,0.326,0.0
0.236,0.257,0.372,0.381,0.0
0.315,0.276,0.361,0.402,0.0
0.238,0.243,0.452,0.319,0.0
0.274,0.265,0.394,0.382,0.0
0.276,0.209,0.326,0.379,0.0
0.285,0.308,0.339,0.314,0.0
0.311,0.258,0.345,0.47,0.00892997
0.328,0.199,0.351,0.327,0.0
0.205,0.249,0.437,0.317,0.0
0.28,0.217,0.33,0.352,0.0
0.3,0.267,0.35,0.309,0.0
0.259,0.217,0.361,0.415,0.0
0.218,0.335,0.28,0.377,0.0
0.271,0.273,0.389,0.333,0.0
0.327,0.293,0.379,0.317,0.0
0.192,0.24,0.398,0.43,0.057815434
0.281,0.286,0.297,0.412,0.0
0.229,0.222,0.307,0.4,0.0
0.28,0.255,0.404,0.365,0.0
0.205,0.273,0.427,0.365,0.0
0.267,0.203,0.393,0.305,0.0
0.232,0.2,0.422,0.38,0.0
0.166,0.27,0.404,0.401,0.0
0.347,0.184,0.361,0.358,0.0
0.191,0.129,0.349,0.349,0.0
0.168,0.328,0.392,0.374,0.0
0.262,0.321,0.304,0.381,0.0
0.318,0.179,0.402,0.384,0.0
0.202,0.282,0.391,0.35,0.0
0.2,0.184,0.392,0.418,0.0
0.228,0.22,0.352,0.45,0.041037287
0.222,0.281,0.262,0.305,0.0
0.154,0.153,0.378,0.365,0.0
0.212,0.159,0.436,0.357,0.0
0.296,0.22,0.404,0.366,0.0
0.189,0.257,0.399,0.267,0.0
0.182,0.203,0.354,0.279,0.0
0.316,0.204,0.35,0.388,0.0
0.257,0.237,0.405,0.357,0.0
0.234,0.214,0.452,0.272,0.0
0.179,0.271,0.378,0.305,0.0
0.209,0.275,0.453,0.297,0.0
0.246,0.147,0.39,0.361,0.0
0.239,0.21,0.367,0.356,0.0
0.281,0.209,0.321,0.407,0.0
0.211,0.208,0.369,0.38,0.0
0.217,0.263,0.363,0.339,0.0
0.286,0.266,0.42,0.344,0.0
0.159,0.221,0.363,0.341,0.0
0.231,0.2,0.337,0.348,0.0
0.306,0.26,0.336,0.288,0.0
0.24,0.256,0.426,0.354,0.0
0.223,0.301,0.269,0.307,0.0
0.301,0.205,0.359,0.429,0.005670617
0.276,0.244,0.296,0.434,0.004369093
0.242,0.362,0.266,0.426,0.005107796
0.281,0.206,0.343,0.406,0.0
0.263,0.344,0.445,0.346,0.0
0.255,0.19,0.309,0.392,0.0
0.212,0.298,0.222,0.342,0.0
0.302,0.222,0.378,0.286,0.0
0.172,0.248,0.396,0.418,0.0
0.135,0.253,0.347,0.395,0.0
0.276,0.192,0.376,0.34,0.0
0.255,0.212,0.399,0.422,0.018522989
0.236,0.244,0.45,0.384,0.0
0.176,0.25,0.414,0.38,0.0
0.169,0.33,0.283,0.341,0.0
0.134,0.144,0.288,0.36,0.0
0.157,0.254,0.343,0.32,0.0
0.185,0.25,0.379,0.326,0.0
0.194,0.21,0.404,0.414,0.0
0.231,0.267,0.259,0.405,0.0
0.187,0.318,0.343,0.368,0.0
0.303,0.251,0.329,0.329,0.0
0.19,0.195,0.378,0.399,0.0
0.159,0.22,0.393,0.416,0.0
0.269,0.182,0.283,0.268,0.0
0.212,0.202,0.458,0.292,0.0
0.285,0.25,0.305,0.31,0.0
0.239,0.149,0.327,0.313,0.0
0.202,0.304,0.359,0.346,0.0
0.198,0.229,0.414,0.401,0.0
0.261,0.222,0.403,0.42,0.017479746
0.241,0.331,0.393,0.335,0.0
0.298,0.18,0.37,0.38,0.0
0.256,0.26,0.41,0.442,0.024766547
0.274,0.238,0.294,0.386,0.0
0.213,0.298,0.397,0.318,0.0
0.26,0.268,0.393,0.302,0.0
0.238,0.224,0.384,0.322,0.0
0.281,0.305,0.329,0.409,0.0
0.204,0.118,0.349,0.356,0.0
0.165,0.231,0.263,0.327,0.0
0.184,0.29,0.272,0.388,0.0
0.246,0.159,0.442,0.406,0.0
0.232,0.286,0.306,0.352,0.0
0.32,0.248,0.322,0.3,0.0
0.243,0.195,0.379,0.368,0.0
0.235,0.238,0.363,0.355,0.0
0.227,0.248,0.23,0.388,0.0
0.289,0.273,0.445,0.373,0.0
0.201,0.198,0.353,0.408,0.0
0.221,0.346,0.285,0.382,0.0
0.212,0.244,0.363,0.35,0.0
0.152,0.312,0.38,0.502,0.303635835
0.215,0.243,0.437,0.329,0.0
0.288,0.192,0.326,0.436,0.005623394
0.268,0.146,0.412,0.32,0.0
0.25,0.203,0.35,0.421,0.015887655
0.258,0.284,0.314,0.31,0.0
0.159,0.222,0.367,0.328,0.0
0.169,0.217,0.377,0.387,0.0
0.294,0.224,0.316,0.414,0.0
0.234,0.26,0.376,0.344,0.0
0.241,0.208,0.387,0.362,0.0
0.208,0.273,0.308,0.337,0.0
0.272,0.332,0.278,0.382,0.0
0.222,0.134,0.36,0.374,0.0
0.186,0.293,0.332,0.339,0.0
0.229,0.228,0.285,0.33,0.0
0.191,0.251,0.363,0.419,0.057577873
0.118,0.238,0.366,0.392,0.0
0.198,0.178,0.32,0.368,0.0
0.239,0.318,0.295,0.346,0.0
0.258,0.202,0.27,0.31,0.0
0.259,0.198,0.329,0.338,0.0
0.278,0.247,0.307,0.253,0.0
0.253,0.223,0.335,0.327,0.0
0.179,0.195,0.349,0.437,0.072794769
0.25,0.148,0.304,0.39,0.0
0.207,0.204,0.361,0.414,0.0
0.237,0.283,0.391,0.295,0.0
0.319,0.22,0.405,0.308,0.0
0.284,0.211,0.408,0.276,0.0
0.244,0.239,0.402,0.327,0.0
0.313,0.169,0.421,0.341,0.0
0.213,0.281,0.389,0.299,0.0
0.29,0.205,0.464,0.309,0.0
0.257,0.308,0.381,0.372,0.0
0.26,0.183,0.284,0.377,0.0
0.321,0.242,0.323,0.32,0.0
0.206,0.298,0.392,0.324,0.0
0.157,0.216,0.297,0.428,0.072286881
0.23,0.217,0.392,0.431,0.024857138
0.214,0.224,0.434,0.384,0.0
0.287,0.193,0.323,0.419,0.005534249
0.263,0.306,0.351,0.342,0.0
0.17,0.224,0.357,0.464,0.205437008
0.269,0.284,0.345,0.386,0.0
0.26,0.283,0.332,0.391,0.0
0.203,0.15,0.327,0.388,0.0
0.193,0.185,0.389,0.284,0.0
0.181,0.265,0.391,0.345,0.0
0.191,0.148,0.391,0.336,0.0
0.267,0.245,0.285,0.435,0.004468358
0.202,0.2,0.442,0.296,0.0
0.285,0.347,0.445,0.355,0.0
0.18,0.19,0.4,0.379,0.0
0.338,0.178,0.388,0.276,0.0
0.287,0.31,0.309,0.354,0.0
0.241,0.282,0.287,0.422,0.01041894
0.204,0.181,0.329,0.361,0.0
0.223,0.27,0.444,0.338,0.0
0.229,0.284,0.355,0.476,0.068197271
0.251,0.205,0.427,0.437,0.020416729
0.222,0.184,0.302,0.43,0.019772472
0.275,0.231,0.449,0.463,0.039705405
0.245,0.225,0.355,0.365,0.0
0.228,0.283,0.306,0.407,0.0
0.267,0.189,0.392,0.413,0.0
0.259,0.266,0.297,0.432,0.008308361
0.282,0.269,0.286,0.409,0.0
0.258,0.146,0.34,0.382,0.0
0.18,0.272,0.392,0.298,0.0
0.255,0.275,0.339,0.321,0.0
0.138,0.223,0.374,0.441,0.105056285
0.189,0.225,0.393,0.347,0.0
0.265,0.205,0.339,0.371,0.0
0.195,0.232,0.371,0.374,0.0
0.32,0.209,0.33,0.327,0.0
0.32,0.201,0.338,0.429,0.001543422
0.277,0.191,0.351,0.437,0.009994415
0.247,0.284,0.387,0.306,0.0
0.266,0.217,0.426,0.281,0.0
0.218,0.25,0.42,0.488,0.109614752
0.29,0.205,0.37,0.405,0.0
0.246,0.244,0.324,0.247,0.0
0.262,0.22,0.398,0.468,0.046147011
0.158,0.211,0.38,0.305,0.0
0.345,0.15,0.353,0.376,0.0
0.252,0.233,0.378,0.354,0.0
0.262,0.205,0.39,0.325,0.0
0.129,0.196,0.361,0.4,0.0
0.231,0.189,0.323,0.311,0.0
0.297,0.15,0.39,0.372,0.0
0.278,0.177,0.284,0.309,0.0
0.207,0.312,0.446,0.324,0.0
0.256,0.272,0.34,0.3,0.0
0.203,0.268,0.349,0.276,0.0
0.261,0.201,0.379,0.401,0.0
0.184,0.223,0.306,0.403,0.0
0.188,0.201,0.424,0.445,0.106860397
0.259,0.186,0.381,0.37,0.0
0.222,0.237,0.454,0.279,0.0
0.216,0.286,0.368,0.322,0.0
0.205,0.295,0.375,0.309,0.0
0.142,0.228,0.388,0.368,0.0
0.208,0.172,0.34,0.4,0.0
0.162,0.198,0.388,0.412,0.0
0.162,0.252,0.358,0.4,0.0
0.278,0.252,0.31,0.34,0.0
0.286,0.236,0.346,0.284,0.0
0.238,0.197,0.336,0.441,0.021758248
0.128,0.203,0.34,0.423,0.086997334
0.272,0.293,0.37,0.303,0.0
0.265,0.219,0.379,0.435,0.015193284
0.282,0.24,0.288,0.41,0.0
0.308,0.163,0.35,0.401,0.0
0.192,0.261,0.41,0.283,0.0
0.211,0.255,0.413,0.475,0.108123853
0.206,0.299,0.384,0.367,0.0
0.21,0.253,0.426,0.311,0.0
0.226,0.278,0.43,0.33,0.0
0.135,0.306,0.345,0.386,0.0
0.146,0.314,0.362,0.326,0.0
0.226,0.25,0.428,0.346,0.0
0.153,0.193,0.343,0.377,0.0
0.328,0.277,0.398,0.325,0.0
0.272,0.257,0.366,0.337,0.0
0.24,0.213,0.374,0.401,0.0
0.241,0.343,0.311,0.351,0.0
0.191,0.243,0.405,0.307,0.0
0.333,0.252,0.363,0.348,0.0
0.159,0.17,0.383,0.406,0.0
0.22,0.3,0.267,0.308,0.0
0.248,0.207,0.34,0.283,0.0
0.278,0.234,0.314,0.298,0.0
0.254,0.218,0.404,0.35,0.0
0.186,0.196,0.38,0.402,0.0
0.283,0.293,0.355,0.335,0.0
0.258,0.329,0.278,0.365,0.0
0.288,0.224,0.35,0.316,0.0
0.201,0.25,0.371,0.41,0.0
0.273,0.276,0.309,0.372,0.0
0.175,0.208,0.417,0.432,0.078814259
0.198,0.328,0.376,0.38,0.0
0.189,0.207,0.397,0.41,0.0
0.277,0.237,0.387,0.336,0.0
0.185,0.188,0.425,0.406,0.0
0.234,0.266,0.35,0.282,0.0
0.26,0.295,0.45,0.389,0.0
0.216,0.156,0.412,0.398,0.0
0.248,0.328,0.394,0.356,0.0
0.244,0.257,0.324,0.381,0.0
0.261,0.303,0.319,0.491,0.037674334
0.231,0.252,0.263,0.342,0.0
0.215,0.242,0.373,0.402,0.0
0.279,0.307,0.389,0.347,0.0
0.232,0.19,0.476,0.386,0.0
0.288,0.241,0.334,0.405,0.0
0.218,0.205,0.38,0.341,0.0
0.315,0.246,0.347,0.262,0.0
0.196,0.269,0.396,0.399,0.0
0.314,0.235,0.352,0.345,0.0
0.272,0.253,0.352,0.377,0.0
0.303,0.307,0.315,0.343,0.0
0.189,0.233,0.429,0.363,0.0
0.329,0.176,0.365,0.35,0.0
0.145,0.263,0.379,0.405,0.0
0.154,0.209,0.37,0.285,0.0
0.178,0.243,0.396,0.445,0.118529784
0.214,0.318,0.352,0.408,0.0
0.225,0.226,0.327,0.318,0.0
0.31,0.285,0.37,0.323,0.0
0.194,0.171,0.4,0.397,0.0
0.191,0.307,0.407,0.321,0.0
0.183,0.279,0.39,0.431,0.072638162
0.258,0.284,0.384,0.424,0.016967521
0.248,0.169,0.344,0.317,0.0
0.223,0.302,0.451,0.32,0.0
0.118,0.198,0.368,0.362,0.0
0.192,0.197,0.296,0.337,0.0
0.286,0.297,0.378,0.321,0.0
0.259,0.183,0.388,0.333,0.0
0.259,0.264,0.403,0.342,0.0
0.279,0.254,0.313,0.428,0.006163086
0.19,0.189,0.312,0.407,0.0
0.303,0.185,0.339,0.381,0.0
0.316,0.275,0.416,0.437,0.007237651
0.214,0.205,0.399,0.345,0.0
0.255,0.35,0.351,0.4,0.0
0.267,0.3,0.363,0.322,0.0
0.262,0.266,0.344,0.348,0.0
0.246,0.217,0.386,0.363,0.0
0.196,0.23,0.404,0.296,0.0
0.321,0.205,0.333,0.397,0.0
0.293,0.311,0.429,0.345,0.0
0.336,0.226,0.378,0.396,0.0
0.264,0.295,0.41,0.323,0.0
0.258,0.27,0.4,0.312,0.0
0.147,0.24,0.283,0.41,0.0
0.177,0.305,0.395,0.317,0.0
0.191,0.128,0.433,0.376,0.0
0.253,0.185,0.341,0.433,0.014631909
0.317,0.32,0.345,0.334,0.0
0.197,0.188,0.309,0.428,0.039529042
0.171,0.221,0.405,0.415,0.0
0.252,0.235,0.406,0.395,0.0
0.246,0.159,0.322,0.367,0.0
0.232,0.147,0.374,0.315,0.0
0.288,0.197,0.342,0.413,0.0
0.229,0.19,0.425,0.406,0.0
0.247,0.248,0.303,0.424,0.011836113
0.305,0.212,0.381,0.436,0.006895525
0.281,0.191,0.357,0.355,0.0
0.14,0.184,0.37,0.372,0.0
0.198,0.185,0.374,0.373,0.0
0.214,0.291,0.398,0.303,0.0
0.199,0.288,0.315,0.314,0.0
0.216,0.242,0.43,0.468,0.091930212
0.267,0.225,0.319,0.233,0.0
0.206,0.124,0.372,0.368,0.0
0.198,0.276,0.32,0.514,0.196740744
0.224,0.272,0.25,0.383,0.0
0.234,0.255,0.272,0.426,0.008772399
0.235,0.249,0.277,0.331,0.0
0.138,0.18,0.31,0.42,0.0794802
0.279,0.223,0.383,0.431,0.012037534
0.171,0.305,0.389,0.357,0.0
0.234,0.27,0.368,0.37,0.0
0.264,0.198,0.264,0.424,0.0
0.194,0.209,0.414,0.427,0.053787503
0.275,0.328,0.385,0.378,0.0
0.183,0.265,0.387,0.289,0.0
0.306,0.286,0.398,0.324,0.0
0.205,0.17,0.417,0.324,0.0
0.206,0.159,0.446,0.361,0.0
0.216,0.136,0.272,0.38,0.0
0.232,0.218,0.334,0.274,0.0
0.236,0.206,0.37,0.373,0.0
0.124,0.193,0.37,0.371,0.0
0.257,0.235,0.385,0.425,0.017238812
0.194,0.238,0.368,0.254,0.0
0.154,0.263,0.36,0.299,0.0
0.249,0.178,0.349,0.312,0.0
0.241,0.153,0.453,0.323,0.0
0.156,0.302,0.362,0.376,0.0
0.193,0.227,0.371,0.369,0.0
0.242,0.256,0.476,0.332,0.0
0.222,0.343,0.298,0.381,0.0
0.279,0.343,0.301,0.391,0.0
0.147,0.181,0.389,0.397,0.0
0.247,0.249,0.425,0.387,0.0
0.259,0.27,0.311,0.472,0.02958185
0.229,0.292,0.391,0.36,0.0
0.227,0.14,0.255,0.366,0.0
0.237,0.256,0.379,0.378,0.0
0.215,0.244,0.355,0.34,0.0
0.242,0.231,0.338,0.349,0.0
0.24,0.303,0.37,0.363,0.0
0.261,0.147,0.381,0.373,0.0
0.229,0.198,0.335,0.416,0.0
0.265,0.169,0.405,0.389,0.0
0.189,0.175,0.359,0.415,0.0
0.191,0.335,0.383,0.345,0.0
0.198,0.192,0.408,0.396,0.0
0.198,0.243,0.371,0.381,0.0
0.259,0.182,0.359,0.384,0.0
0.356,0.179,0.36,0.403,0.0
0.315,0.274,0.323,0.398,0.0
0.213,0.212,0.425,0.368,0.0
0.198,0.183,0.258,0.411,0.0
0.206,0.319,0.398,0.339,0.0
0.283,0.32,0.305,0.368,0.0
0.277,0.223,0.363,0.317,0.0
0.306,0.236,0.324,0.27,0.0
0.186,0.267,0.342,0.385,0.0
0.256,0.252,0.39,0.352,0.0
0.275,0.189,0.355,0.425,0.010821782
0.274,0.246,0.296,0.302,0.0
0.275,0.258,0.473,0.294,0.0
0.234,0.306,0.48,0.383,0.0
0.228,0.148,0.322,0.32,0.0
0.274,0.284,0.312,0.35,0.0
0.227,0.207,0.367,0.295,0.0
0.186,0.192,0.388,0.43,0.069454945
0.182,0.207,0.22,0.395,0.0
0.27,0.281,0.32,0.355,0.0
0.192,0.24,0.395,0.286,0.0
0.201,0.319,0.349,0.343,0.0
0.215,0.208,0.345,0.438,0.029100464
0.214,0.204,0.376,0.404,0.0
0.173,0.258,0.379,0.4,0.0
0.274,0.206,0.344,0.42,0.010342805
0.182,0.267,0.426,0.411,0.0
0.292,0.164,0.372,0.38,0.0
0.287,0.254,0.303,0.346,0.0
0.32,0.113,0.34,0.338,0.0
0.281,0.296,0.319,0.32,0.0
0.31,0.284,0.316,0.287,0.0
0.215,0.178,0.425,0.376,0.0
0.309,0.194,0.331,0.443,0.003319104
0.173,0.085,0.345,0.311,0.0
0.186,0.212,0.346,0.452,0.140397897
0.315,0.17,0.325,0.318,0.0
0.24,0.233,0.432,0.355,0.0
0.277,0.284,0.404,0.297,0.0
0.254,0.188,0.362,0.414,0.0
0.202,0.157,0.426,0.329,0.0
0.239,0.318,0.281,0.32,0.0
0.283,0.339,0.369,0.355,0.0
0.222,0.227,0.33,0.391,0.0
0.305,0.196,0.307,0.348,0.0
0.21,0.172,0.428,0.394,0.0
0.191,0.165,0.341,0.404,0.0
0.258,0.128,0.38,0.372,0.0
0.15,0.225,0.298,0.335,0.0
0.181,0.22,0.233,0.354,0.0
0.265,0.206,0.393,0.408,0.0
0.317,0.147,0.321,0.369,0.0
0.214,0.289,0.306,0.327,0.0
0.192,0.17,0.394,0.318,0.0
0.196,0.229,0.374,0.417,0.0
0.349,0.276,0.383,0.472,0.007672777
0.183,0.223,0.429,0.315,0.0
0.2,0.296,0.328,0.37,0.0
0.189,0.194,0.375,0.298,0.0
0.303,0.194,0.451,0.396,0.0
0.173,0.283,0.359,0.309,0.0
0.273,0.203,0.349,0.281,0.0
0.22,0.242,0.272,0.31,0.0
0.274,0.159,0.318,0.401,0.0
0.187,0.261,0.363,0.425,0.066079463
0.224,0.241,0.444,0.367,0.0
0.261,0.135,0.399,0.379,0.0
0.217,0.238,0.387,0.316,0.0
0.147,0.259,0.327,0.303,0.0
0.202,0.244,0.374,0.314,0.0
0.191,0.27,0.258,0.412,0.0
0.229,0.308,0.299,0.31,0.0
0.245,0.232,0.349,0.374,0.0
0.172,0.355,0.394,0.403,0.0
0.224,0.198,0.38,0.37,0.0
0.306,0.298,0.326,0.34,0.0
0.254,0.238,0.358,0.34,0.0
0.179,0.314,0.405,0.354,0.0
0.226,0.27,0.346,0.284,0.0
0.235,0.31,0.461,0.342,0.0
0.217,0.325,0.349,0.381,0.0
0.26,0.219,0.342,0.405,0.0
0.281,0.218,0.331,0.326,0.0
0.276,0.198,0.31,0.288,0.0
0.187,0.332,0.397,0.386,0.0
0.154,0.194,0.34,0.262,0.0
0.316,0.269,0.348,0.409,0.0
0.275,0.163,0.313,0.345,0.0
0.135,0.274,0.365,0.39,0.0
0.242,0.196,0.338,0.434,0.016936681
0.326,0.214,0.364,0.266,0.0
0.239,0.14,0.389,0.37,0.0
0.127,0.243,0.365,0.318,0.0
0.21,0.271,0.374,0.351,0.0
0.174,0.157,0.348,0.311,0.0
0.229,0.225,0.417,0.361,0.0
0.229,0.239,0.447,0.433,0.0271489
0.201,0.214,0.353,0.258,0.0
0.204,0.143,0.416,0.389,0.0
0.221,0.209,0.389,0.355,0.0
0.19,0.254,0.37,0.312,0.0
0.17,0.238,0.328,0.38,0.0
0.256,0.226,0.266,0.392,0.0
0.274,0.284,0.283,0.37,0.0
0.249,0.301,0.257,0.309,0.0
0.189,0.275,0.437,0.359,0.0
0.241,0.214,0.373,0.44,0.022916176
0.312,0.2,0.322,0.33,0.0
0.242,0.241,0.408,0.345,0.0
0.284,0.26,0.381,0.364,0.0
0.342,0.162,0.376,0.38,0.0
0.219,0.256,0.339,0.382,0.0
0.272,0.318,0.432,0.34,0.0
0.222,0.196,0.323,0.358,0.0
0.237,0.283,0.301,0.317,0.0
0.256,0.23,0.401,0.404,0.0
0.246,0.241,0.324,0.397,0.0
0.309,0.192,0.347,0.408,0.0
0.29,0.304,0.354,0.394,0.0
0.22,0.138,0.362,0.382,0.0
0.243,0.275,0.287,0.288,0.0
0.228,0.207,0.382,0.375,0.0
0.303,0.289,0.305,0.435,0.000315141
0.191,0.14,0.389,0.316,0.0
0.31,0.229,0.32,0.438,0.001283213
0.329,0.315,0.348,0.383,0.0
0.201,0.255,0.361,0.319,0.0
0.279,0.172,0.345,0.378,0.0
0.28,0.3,0.482,0.306,0.0
0.352,0.218,0.374,0.446,0.002673401
0.331,0.146,0.379,0.314,0.0
0.27,0.216,0.278,0.422,0.00221129
0.235,0.266,0.293,0.3,0.0
0.309,0.229,0.329,0.381,0.0
0.286,0.197,0.302,0.389,0.0
0.241,0.239,0.269,0.425,0.005919261
0.201,0.213,0.411,0.419,0.042262677
0.251,0.24,0.276,0.365,0.0
0.239,0.263,0.332,0.309,0.0
0.213,0.23,0.363,0.364,0.0
0.217,0.247,0.349,0.369,0.0
0.233,0.12,0.359,0.352,0.0
0.291,0.255,0.299,0.287,0.0
0.165,0.249,0.309,0.385,0.0
0.342,0.222,0.36,0.388,0.0
0.273,0.244,0.291,0.436,0.004288139
0.133,0.21,0.369,0.264,0.0
0.241,0.326,0.405,0.432,0.021997254
0.168,0.254,0.417,0.304,0.0
0.239,0.18,0.327,0.424,0.016890904
0.303,0.187,0.393,0.233,0.0
0.291,0.363,0.379,0.369,0.0
0.3,0.202,0.302,0.388,0.0
0.195,0.338,0.35,0.344,0.0
0.276,0.241,0.336,0.355,0.0
0.168,0.228,0.33,0.368,0.0
0.252,0.276,0.35,0.316,0.0
0.233,0.25,0.367,0.332,0.0
0.261,0.2,0.396,0.274,0.0
0.159,0.198,0.351,0.445,0.11893407
0.199,0.307,0.415,0.417,0.0
0.218,0.276,0.301,0.44,0.025225285
0.215,0.249,0.395,0.305,0.0
0.181,0.207,0.361,0.371,0.0
0.274,0.187,0.402,0.388,0.0
0.252,0.187,0.39,0.387,0.0
0.148,0.231,0.386,0.331,0.0
0.258,0.239,0.342,0.385,0.0
0.171,0.17,0.221,0.382,0.0
0.286,0.18,0.334,0.38,0.0
0.217,0.213,0.303,0.453,0.04693631
0.191,0.225,0.377,0.397,0.0
0.276,0.235,0.284,0.403,0.0
0.161,0.26,0.379,0.3,0.0
0.233,0.129,0.372,0.314,0.0
0.216,0.232,0.324,0.322,0.0
0.274,0.336,0.312,0.378,0.0
0.308,0.304,0.362,0.37,0.0
0.253,0.256,0.345,0.3,0.0
0.156,0.161,0.388,0.387,0.0
0.241,0.26,0.295,0.352,0.0
0.29,0.208,0.318,0.388,0.0
0.229,0.226,0.413,0.404,0.0
0.232,0.234,0.316,0.41,0.0
0.238,0.302,0.316,0.302,0.0
0.241,0.14,0.385,0.352,0.0
0.337,0.143,0.371,0.325,0.0
0.219,0.194,0.395,0.242,0.0
0.26,0.283,0.388,0.369,0.0
0.154,0.276,0.372,0.494,0.279270684
0.333,0.278,0.339,0.348,0.0
0.301,0.179,0.341,0.405,0.0
0.229,0.291,0.351,0.308,0.0
0.137,0.277,0.329,0.289,0.0
0.225,0.123,0.333,0.369,0.0
0.258,0.235,0.348,0.323,0.0
0.299,0.246,0.355,0.342,0.0
0.211,0.263,0.321,0.405,0.0
0.278,0.188,0.34,0.319,0.0
0.212,0.177,0.374,0.369,0.0
0.26,0.292,0.296,0.372,0.0
0.223,0.19,0.325,0.268,0.0
0.308,0.255,0.356,0.323,0.0
0.113,0.171,0.361,0.385,0.0
0.298,0.262,0.314,0.496,0.008714575
0.142,0.221,0.38,0.397,0.0
0.277,0.216,0.287,0.39,0.0
0.182,0.341,0.334,0.357,0.0
0.242,0.249,0.326,0.415,0.0
0.158,0.237,0.33,0.331,0.0
0.245,0.29,0.349,0.382,0.0
0.246,0.322,0.298,0.41,0.0
0.203,0.303,0.395,0.363,0.0
0.227,0.262,0.365,0.304,0.0
0.178,0.272,0.404,0.328,0.0
0.176,0.239,0.393,0.411,0.0
0.27,0.274,0.387,0.426,0.014861278
0.222,0.29,0.38,0.296,0.0
0.176,0.13,0.368,0.312,0.0
0.193,0.228,0.347,0.34,0.0
0.14,0.209,0.358,0.401,0.0
0.229,0.218,0.427,0.312,0.0
0.183,0.223,0.411,0.297,0.0
0.196,0.13,0.3,0.368,0.0
0.214,0.236,0.282,0.432,0.019883783
0.234,0.332,0.392,0.338,0.0
0.264,0.276,0.344,0.446,0.01923278
0.278,0.176,0.338,0.34,0.0
0.198,0.233,0.31,0.379,0.0
0.273,0.245,0.299,0.385,0.0
0.211,0.2,0.415,0.384,0.0
0.165,0.225,0.363,0.247,0.0
0.216,0.14,0.264,0.38,0.0
0.29,0.289,0.344,0.305,0.0
0.252,0.253,0.296,0.333,0.0
0.25,0.177,0.296,0.406,0.0
0.185,0.199,0.403,0.311,0.0
0.184,0.274,0.434,0.328,0.0
0.257,0.206,0.373,0.418,0.0
0.214,0.218,0.408,0.344,0.0
0.159,0.271,0.371,0.404,0.0
0.216,0.218,0.38,0.436,0.029911447
0.218,0.258,0.336,0.362,0.0
0.201,0.207,0.351,0.38,0.0
0.192,0.139,0.424,0.353,0.0
0.291,0.193,0.299,0.309,0.0
0.28,0.18,0.356,0.416,0.0
0.181,0.271,0.355,0.323,0.0
0.318,0.259,0.358,0.265,0.0
0.269,0.292,0.345,0.346,0.0
0.194,0.21,0.351,0.458,0.131484311
0.278,0.293,0.3,0.313,0.0
0.286,0.294,0.434,0.302,0.0
0.2,0.23,0.33,0.449,0.071794894
0.295,0.187,0.399,0.401,0.0
0.229,0.245,0.303,0.279,0.0
0.199,0.237,0.431,0.255,0.0
0.192,0.298,0.37,0.304,0.0
0.244,0.349,0.343,0.387,0.0
0.176,0.249,0.336,0.335,0.0
0.236,0.256,0.382,0.38,0.0
0.172,0.34,0.358,0.346,0.0
0.276,0.227,0.292,0.345,0.0
0.408,0.297,0.414,0.349,0.0
0.178,0.313,0.42,0.405,0.0
0.322,0.254,0.324,0.266,0.0
0.249,0.227,0.379,0.331,0.0
0.302,0.288,0.36,0.348,0.0
0.166,0.295,0.324,0.445,0.113883135
0.272,0.2,0.304,0.45,0.012039461
0.181,0.184,0.415,0.428,0.075768856
0.265,0.26,0.445,0.32,0.0
0.286,0.273,0.354,0.311,0.0
0.245,0.203,0.377,0.379,0.0
0.251,0.251,0.439,0.441,0.025063378
0.233,0.238,0.345,0.327,0.0
0.29,0.2,0.322,0.438,0.005058646
0.196,0.288,0.236,0.37,0.0
0.292,0.192,0.36,0.406,0.0
0.236,0.299,0.336,0.339,0.0
0.21,0.276,0.443,0.378,0.0
0.264,0.242,0.36,0.326,0.0
0.2,0.15,0.336,0.394,0.0
0.212,0.316,0.264,0.356,0.0
0.189,0.322,0.427,0.432,0.066163308
0.196,0.322,0.37,0.428,0.046815843
0.233,0.189,0.329,0.419,0.018950406
0.19,0.245,0.349,0.251,0.0
0.194,0.264,0.439,0.352,0.0
0.184,0.26,0.385,0.324,0.0
0.21,0.133,0.257,0.343,0.0
0.215,0.153,0.397,0.377,0.0
0.25,0.192,0.338,0.28,0.0
0.263,0.322,0.278,0.342,0.0
0.217,0.219,0.465,0.433,0.03252076
0.211,0.235,0.337,0.349,0.0
0.341,0.233,0.403,0.439,0.004925168
0.264,0.222,0.302,0.441,0.009949601
0.258,0.261,0.4,0.421,0.017948121
0.277,0.232,0.319,0.418,0.0
0.211,0.246,0.301,0.315,0.0
0.253,0.242,0.311,0.458,0.026407788
0.234,0.2,0.416,0.338,0.0
0.15,0.204,0.388,0.41,0.0
0.192,0.301,0.398,0.331,0.0
0.218,0.23,0.42,0.351,0.0
0.251,0.248,0.359,0.302,0.0
0.188,0.288,0.408,0.35,0.0
0.196,0.263,0.436,0.303,0.0
0.342,0.236,0.364,0.353,0.0
0.314,0.232,0.32,0.43,0.000708827
0.315,0.295,0.387,0.305,0.0
0.247,0.278,0.487,0.414,0.0
0.247,0.272,0.323,0.406,0.0
0.309,0.193,0.395,0.251,0.0
0.252,0.221,0.364,0.361,0.0
0.293,0.276,0.395,0.296,0.0
0.328,0.252,0.398,0.416,0.0
0.235,0.14,0.373,0.366,0.0
0.245,0.183,0.441,0.415,0.0
0.206,0.208,0.264,0.352,0.0
0.206,0.196,0.326,0.422,0.032175261
0.235,0.291,0.405,0.311,0.0
0.205,0.276,0.419,0.352,0.0
0.253,0.275,0.427,0.282,0.0
0.322,0.203,0.34,0.255,0.0
0.346,0.283,0.392,0.409,0.0
0.228,0.238,0.296,0.356,0.0
0.247,0.335,0.323,0.401,0.0
0.307,0.198,0.315,0.37,0.0
0.272,0.143,0.378,0.363,0.0
0.278,0.268,0.326,0.28,0.0
0.314,0.203,0.398,0.453,0.013743827
0.284,0.311,0.414,0.337,0.0
0.177,0.265,0.359,0.459,0.183933668
0.304,0.278,0.372,0.318,0.0
0.261,0.223,0.307,0.467,0.025159751
0.165,0.262,0.391,0.304,0.0
0.213,0.261,0.399,0.391,0.0
0.2,0.318,0.432,0.354,0.0
0.261,0.199,0.345,0.403,0.0
0.24,0.338,0.274,0.348,0.0
0.286,0.3,0.338,0.31,0.0
0.217,0.214,0.417,0.356,0.0
0.161,0.332,0.371,0.41,0.0
0.246,0.219,0.369,0.309,0.0
0.174,0.33,0.374,0.37,0.0
0.251,0.226,0.331,0.394,0.0
0.181,0.24,0.419,0.32,0.0
0.178,0.349,0.344,0.359,0.0
0.203,0.215,0.419,0.275,0.0
0.262,0.188,0.378,0.388,0.0
0.284,0.199,0.432,0.311,0.0
0.306,0.29,0.336,0.338,0.0
0.22,0.205,0.308,0.423,0.02163489
0.208,0.293,0.416,0.341,0.0
0.216,0.195,0.268,0.339,0.0
0.208,0.264,0.331,0.39,0.0
0.212,0.141,0.424,0.351,0.0
0.286,0.308,0.421,0.4,0.0
0.195,0.259,0.403,0.273,0.0
0.235,0.302,0.399,0.306,0.0
0.225,0.216,0.451,0.395,0.0
0.227,0.261,0.235,0.461,0.007812037
0.181,0.169,0.413,0.377,0.0
0.225,0.257,0.473,0.305,0.0
0.225,0.16,0.275,0.36,0.0
0.237,0.133,0.369,0.376,0.0
0.281,0.257,0.377,0.349,0.0
0.143,0.278,0.343,0.35,0.0
0.228,0.198,0.276,0.372,0.0
0.168,0.277,0.328,0.343,0.0
0.215,0.181,0.325,0.419,0.026102284
0.147,0.234,0.251,0.376,0.0
0.168,0.289,0.378,0.353,0.0
0.169,0.278,0.417,0.306,0.0
0.162,0.293,0.405,0.327,0.0
0.241,0.298,0.387,0.356,0.0
0.244,0.304,0.368,0.322,0.0
0.342,0.268,0.392,0.404,0.0
0.161,0.302,0.397,0.338,0.0
0.321,0.29,0.359,0.299,0.0
0.271,0.272,0.399,0.358,0.0
0.316,0.299,0.352,0.381,0.0
0.182,0.261,0.418,0.389,0.0
0.306,0.214,0.312,0.284,0.0
0.278,0.242,0.474,0.398,0.0
0.231,0.234,0.348,0.366,0.0
0.322,0.291,0.346,0.333,0.0
0.189,0.249,0.297,0.315,0.0
0.284,0.234,0.31,0.322,0.0
0.215,0.167,0.359,0.387,0.0
0.16,0.31,0.386,0.405,0.0
0.244,0.313,0.354,0.317,0.0
0.16,0.17,0.384,0.285,0.0
0.283,0.285,0.351,0.373,0.0
0.208,0.232,0.386,0.331,0.0
0.286,0.22,0.362,0.398,0.0
0.183,0.241,0.42,0.305,0.0
0.158,0.297,0.393,0.421,0.081121441
0.225,0.278,0.309,0.352,0.0
0.155,0.29,0.401,0.354,0.0
0.176,0.202,0.412,0.412,0.0
0.185,0.307,0.415,0.329,0.0
0.193,0.191,0.343,0.419,0.051196983
0.344,0.213,0.371,0.388,0.0
0.233,0.239,0.419,0.289,0.0
0.188,0.292,0.416,0.376,0.0
0.324,0.218,0.367,0.409,0.0
0.128,0.273,0.334,0.385,0.0
0.237,0.195,0.349,0.301,0.0
0.17,0.18,0.386,0.372,0.0
0.198,0.195,0.368,0.429,0.043079924
0.203,0.28,0.369,0.37,0.0
0.144,0.217,0.274,0.409,0.0
0.283,0.297,0.285,0.337,0.0
0.203,0.274,0.307,0.45,0.062307404
0.245,0.32,0.455,0.378,0.0
0.328,0.255,0.438,0.285,0.0
0.269,0.292,0.333,0.396,0.0
0.237,0.215,0.362,0.448,0.034065627
0.217,0.201,0.401,0.349,0.0
0.248,0.218,0.428,0.462,0.052035915
0.173,0.198,0.397,0.381,0.0
0.209,0.234,0.317,0.406,0.0
0.269,0.276,0.369,0.332,0.0
0.248,0.247,0.369,0.431,0.017718752
0.32,0.19,0.352,0.386,0.0
0.3,0.191,0.366,0.385,0.0
0.283,0.307,0.313,0.395,0.0
0.164,0.208,0.344,0.356,0.0
0.22,0.268,0.338,0.41,0.0
0.282,0.257,0.31,0.421,0.005065874
0.303,0.143,0.351,0.361,0.0
0.2,0.278,0.37,0.342,0.0
0.232,0.33,0.41,0.412,0.0
0.2,0.182,0.371,0.344,0.0
0.285,0.214,0.417,0.278,0.0
0.195,0.267,0.355,0.279,0.0
0.282,0.112,0.396,0.344,0.0
0.25,0.25,0.386,0.35,0.0
0.285,0.281,0.289,0.401,0.0
0.251,0.203,0.363,0.299,0.0
0.229,0.231,0.331,0.269,0.0
0.214,0.259,0.348,0.335,0.0
0.282,0.262,0.393,0.334,0.0
0.278,0.248,0.278,0.338,0.0
0.259,0.217,0.339,0.357,0.0
0.25,0.179,0.378,0.383,0.0
0.283,0.25,0.349,0.39,0.0
0.238,0.316,0.29,0.322,0.0
0.202,0.328,0.386,0.331,0.0
0.219,0.306,0.431,0.332,0.0
0.282,0.275,0.31,0.315,0.0
0.244,0.304,0.352,0.342,0.0
0.199,0.247,0.427,0.339,0.0
0.226,0.232,0.342,0.347,0.0
0.226,0.179,0.404,0.411,0.0
0.165,0.295,0.359,0.379,0.0
0.235,0.261,0.331,0.297,0.0
0.225,0.171,0.319,0.358,0.0
0.231,0.179,0.461,0.427,0.026636193
0.318,0.208,0.327,0.376,0.0
0.271,0.2,0.397,0.416,0.0
0.209,0.217,0.391,0.453,0.073838013
0.162,0.209,0.405,0.459,0.198495224
0.3,0.276,0.438,0.358,0.0
0.229,0.308,0.421,0.326,0.0
0.304,0.179,0.412,0.317,0.0
0.256,0.167,0.458,0.417,0.0
0.2,0.253,0.404,0.327,0.0
0.235,0.261,0.299,0.288,0.0
0.278,0.217,0.378,0.393,0.0
0.203,0.18,0.209,0.428,0.004315124
0.293,0.101,0.387,0.301,0.0
0.298,0.261,0.318,0.299,0.0
0.269,0.249,0.343,0.419,0.011602407
0.193,0.351,0.413,0.423,0.056015177
0.193,0.202,0.419,0.446,0.092959963
0.186,0.231,0.342,0.255,0.0
0.325,0.25,0.35,0.39,0.0
0.239,0.258,0.379,0.486,0.069798999
0.167,0.273,0.301,0.315,0.0
0.221,0.27,0.377,0.302,0.0
0.24,0.22,0.304,0.416,0.0
0.196,0.166,0.378,0.389,0.0
0.227,0.183,0.395,0.287,0.0
0.29,0.286,0.295,0.362,0.0
0.198,0.27,0.348,0.3,0.0
0.286,0.178,0.366,0.408,0.0
0.277,0.224,0.367,0.374,0.0
0.235,0.157,0.407,0.392,0.0
0.28,0.238,0.356,0.404,0.0
0.172,0.305,0.307,0.371,0.0
0.284,0.206,0.432,0.442,0.017194962
0.208,0.114,0.374,0.326,0.0
0.295,0.211,0.345,0.421,0.005695675
0.086,0.289,0.304,0.321,0.0
0.142,0.195,0.376,0.321,0.0
0.289,0.12,0.369,0.282,0.0
0.294,0.173,0.476,0.315,0.0
0.204,0.304,0.312,0.382,0.0
0.245,0.22,0.375,0.364,0.0
0.289,0.254,0.309,0.403,0.0
0.189,0.235,0.361,0.389,0.0
0.284,0.211,0.356,0.439,0.00948219
0.268,0.21,0.368,0.385,0.0
0.308,0.308,0.362,0.388,0.0
0.229,0.224,0.331,0.424,0.020630196
0.153,0.239,0.399,0.316,0.0
0.135,0.217,0.337,0.353,0.0
0.23,0.231,0.37,0.411,0.0
0.239,0.311,0.247,0.327,0.0
0.167,0.238,0.333,0.36,0.0
0.297,0.293,0.383,0.407,0.0
0.192,0.206,0.426,0.412,0.0
0.272,0.239,0.314,0.368,0.0
0.293,0.164,0.371,0.352,0.0
0.201,0.153,0.337,0.369,0.0
0.187,0.278,0.345,0.43,0.064753363
0.309,0.267,0.315,0.295,0.0
0.208,0.203,0.434,0.433,0.037439182
0.275,0.199,0.315,0.441,0.009143919
0.178,0.228,0.417,0.39,0.0
0.218,0.235,0.43,0.357,0.0
0.254,0.168,0.334,0.354,0.0
0.233,0.242,0.295,0.326,0.0
0.173,0.309,0.403,0.404,0.0
0.235,0.136,0.301,0.376,0.0
0.171,0.31,0.411,0.338,0.0
0.159,0.243,0.369,0.409,0.0
0.226,0.184,0.404,0.382,0.0
0.236,0.335,0.382,0.371,0.0
0.295,0.232,0.373,0.26,0.0
0.256,0.228,0.352,0.288,0.0
0.206,0.173,0.346,0.411,0.0
0.291,0.283,0.293,0.386,0.0
0.319,0.192,0.343,0.38,0.0
0.202,0.176,0.362,0.342,0.0
0.224,0.254,0.342,0.294,0.0
0.265,0.156,0.417,0.322,0.0
0.258,0.257,0.344,0.297,0.0
0.32,0.206,0.332,0.392,0.0
0.31,0.266,0.35,0.316,0.0
0.215,0.195,0.459,0.429,0.033395832
0.273,0.254,0.337,0.394,0.0
0.186,0.292,0.346,0.318,0.0
0.237,0.218,0.319,0.284,0.0
0.152,0.329,0.387,0.369,0.0
0.232,0.195,0.428,0.363,0.0
0.23,0.309,0.322,0.383,0.0
0.25,0.327,0.292,0.377,0.0
0.201,0.301,0.397,0.329,0.0
0.263,0.173,0.405,0.281,0.0
0.227,0.242,0.455,0.402,0.0
0.331,0.25,0.427,0.394,0.0
0.272,0.202,0.407,0.326,0.0
0.218,0.216,0.306,0.346,0.0
0.197,0.316,0.409,0.354,0.0
0.207,0.194,0.392,0.444,0.053845809
0.225,0.248,0.313,0.345,0.0
0.293,0.165,0.383,0.412,0.0
0.192,0.272,0.352,0.306,0.0
0.201,0.145,0.347,0.385,0.0
0.176,0.252,0.338,0.314,0.0
0.275,0.253,0.3,0.282,0.0
0.275,0.255,0.349,0.489,0.036142477
0.172,0.212,0.376,0.456,0.174761319
0.216,0.278,0.414,0.442,0.042676601
0.19,0.22,0.31,0.344,0.0
0.204,0.178,0.332,0.4,0.0
0.249,0.228,0.407,0.384,0.0
0.213,0.239,0.415,0.333,0.0
0.257,0.277,0.299,0.403,0.0
0.217,0.228,0.387,0.38,0.0
0.259,0.19,0.397,0.402,0.0
0.155,0.156,0.397,0.374,0.0
0.21,0.185,0.434,0.413,0.0
0.196,0.286,0.43,0.34,0.0
0.284,0.251,0.386,0.403,0.0
0.239,0.207,0.401,0.367,0.0
0.264,0.256,0.276,0.308,0.0
0.246,0.299,0.362,0.371,0.0
0.265,0.308,0.447,0.328,0.0
0.294,0.198,0.332,0.404,0.0
0.222,0.274,0.284,0.368,0.0
0.228,0.223,0.471,0.291,0.0
0.272,0.306,0.45,0.522,0.07511448
0.4,0.278,0.41,0.356,0.0
0.201,0.276,0.427,0.364,0.0
0.21,0.157,0.368,0.355,0.0
0.301,0.261,0.31,0.457,0.003094072
0.266,0.238,0.322,0.406,0.0
0.198,0.179,0.338,0.357,0.0
0.209,0.223,0.403,0.241,0.0
0.244,0.193,0.404,0.381,0.0
0.214,0.164,0.33,0.406,0.0
0.195,0.284,0.273,0.376,0.0
0.228,0.256,0.31,0.37,0.0
0.253,0.24,0.411,0.48,0.06094661
0.29,0.232,0.394,0.32,0.0
0.223,0.256,0.425,0.412,0.0
0.189,0.214,0.361,0.324,0.0
0.206,0.268,0.41,0.364,0.0
0.293,0.232,0.301,0.328,0.0
0.2,0.316,0.434,0.322,0.0
0.246,0.233,0.322,0.449,0.025392493
0.177,0.265,0.329,0.311,0.0
0.205,0.194,0.361,0.336,0.0
0.217,0.283,0.307,0.439,0.025502841
0.223,0.297,0.383,0.353,0.0
0.299,0.161,0.309,0.41,0.0
0.188,0.103,0.388,0.327,0.0
0.253,0.294,0.407,0.314,0.0
0.326,0.312,0.366,0.396,0.0
0.219,0.219,0.347,0.303,0.0
0.273,0.322,0.365,0.406,0.0
0.207,0.238,0.386,0.348,0.0
0.286,0.275,0.386,0.395,0.0
0.339,0.238,0.425,0.37,0.0
0.265,0.233,0.421,0.405,0.0
0.216,0.217,0.314,0.377,0.0
0.224,0.248,0.455,0.494,0.1084043
0.318,0.368,0.41,0.382,0.0
0.208,0.243,0.402,0.467,0.103698382
0.187,0.188,0.389,0.394,0.0
0.234,0.185,0.472,0.397,0.0
0.241,0.261,0.33,0.396,0.0
0.215,0.275,0.431,0.299,0.0
0.286,0.254,0.428,0.392,0.0
0.231,0.219,0.401,0.399,0.0
0.351,0.225,0.393,0.461,0.00804767
0.197,0.303,0.349,0.327,0.0
0.219,0.295,0.311,0.423,0.022564894
0.181,0.267,0.351,0.335,0.0
0.185,0.237,0.393,0.427,0.070807066
0.158,0.19,0.394,0.394,0.0
0.144,0.242,0.338,0.414,0.0
0.201,0.234,0.351,0.424,0.038072356
0.251,0.151,0.379,0.391,0.0
0.164,0.262,0.344,0.352,0.0
0.26,0.268,0.338,0.376,0.0
0.203,0.23,0.403,0.44,0.047049067
0.209,0.245,0.282,0.339,0.0
0.193,0.243,0.388,0.419,0.054762321
0.336,0.22,0.376,0.392,0.0
0.254,0.215,0.374,0.333,0.0
0.212,0.21,0.322,0.428,0.027678473
0.281,0.285,0.375,0.321,0.0
0.164,0.246,0.392,0.287,0.0
0.159,0.17,0.393,0.31,0.0
0.21,0.217,0.344,0.409,0.0
0.133,0.19,0.355,0.356,0.0
0.289,0.258,0.319,0.395,0.0
0.242,0.14,0.36,0.34,0.0
0.293,0.249,0.309,0.385,0.0
0.205,0.332,0.397,0.366,0.0
0.254,0.233,0.362,0.367,0.0
0.295,0.299,0.317,0.315,0.0
0.179,0.227,0.409,0.465,0.212627436
0.139,0.279,0.381,0.323,0.0
0.381,0.315,0.381,0.383,0.0
0.279,0.136,0.329,0.288,0.0
0.296,0.264,0.314,0.432,0.002763992
0.252,0.189,0.374,0.362,0.0
0.192,0.232,0.33,0.331,0.0
0.292,0.271,0.358,0.349,0.0
0.181,0.149,0.381,0.381,0.0
0.241,0.194,0.423,0.357,0.0
0.233,0.253,0.359,0.349,0.0
0.248,0.196,0.328,0.368,0.0
0.267,0.241,0.279,0.245,0.0
0.228,0.166,0.29,0.387,0.0
0.2,0.216,0.404,0.308,0.0
0.213,0.251,0.33,0.403,0.0
0.278,0.189,0.316,0.379,0.0
0.262,0.178,0.29,0.282,0.0
0.24,0.212,0.266,0.324,0.0
0.119,0.249,0.245,0.313,0.0
0.237,0.252,0.421,0.308,0.0
0.247,0.25,0.409,0.284,0.0
0.192,0.213,0.323,0.425,0.052070609
0.159,0.282,0.395,0.362,0.0
0.278,0.268,0.398,0.286,0.0
0.242,0.255,0.26,0.375,0.0
0.296,0.196,0.386,0.398,0.0
0.304,0.264,0.408,0.486,0.029282128
0.209,0.309,0.429,0.337,0.0
0.257,0.255,0.337,0.389,0.0
0.207,0.197,0.407,0.409,0.0
0.305,0.26,0.389,0.416,0.0
0.366,0.228,0.37,0.44,0.000378266
0.246,0.304,0.282,0.344,0.0
0.196,0.24,0.364,0.348,0.0
0.199,0.273,0.409,0.304,0.0
0.087,0.211,0.321,0.359,0.0
0.272,0.298,0.385,0.419,0.014185217
0.194,0.217,0.414,0.259,0.0
0.222,0.288,0.304,0.292,0.0
0.269,0.234,0.341,0.304,0.0
0.264,0.232,0.304,0.365,0.0
0.315,0.233,0.317,0.299,0.0
0.328,0.211,0.362,0.269,0.0
0.221,0.182,0.445,0.346,0.0
0.23,0.179,0.274,0.337,0.0
0.196,0.342,0.382,0.346,0.0
0.197,0.23,0.375,0.36,0.0
0.253,0.315,0.305,0.349,0.0
0.171,0.205,0.377,0.319,0.0
0.307,0.224,0.359,0.32,0.0
0.18,0.2,0.367,0.388,0.0
0.348,0.286,0.386,0.32,0.0
0.243,0.151,0.263,0.381,0.0
0.219,0.262,0.413,0.41,0.0
0.257,0.211,0.265,0.377,0.0
0.198,0.232,0.352,0.39,0.0
0.191,0.181,0.373,0.425,0.058398494
0.157,0.233,0.403,0.247,0.0
0.24,0.242,0.282,0.312,0.0
0.201,0.23,0.415,0.382,0.0
0.319,0.232,0.383,0.354,0.0
0.23,0.174,0.338,0.316,0.0
0.236,0.213,0.298,0.417,0.0
0.29,0.167,0.324,0.387,0.0
0.224,0.187,0.358,0.237,0.0
0.222,0.253,0.37,0.339,0.0
0.181,0.215,0.411,0.404,0.0
0.228,0.272,0.455,0.275,0.0
0.225,0.245,0.451,0.303,0.0
0.19,0.261,0.34,0.313,0.0
0.231,0.262,0.407,0.266,0.0
0.206,0.325,0.36,0.461,0.089096349
0.221,0.223,0.401,0.283,0.0
0.25,0.161,0.456,0.405,0.0
0.189,0.269,0.429,0.399,0.0
0.287,0.206,0.307,0.388,0.0
0.147,0.276,0.273,0.35,0.0
0.241,0.144,0.365,0.38,0.0
0.286,0.319,0.338,0.341,0.0
0.169,0.226,0.411,0.366,0.0
0.16,0.216,0.372,0.418,0.0
0.278,0.244,0.5,0.245,0.0
0.248,0.28,0.372,0.395,0.0
0.168,0.237,0.378,0.451,0.15146495
0.228,0.207,0.262,0.427,0.008896239
0.23,0.286,0.374,0.348,0.0
0.337,0.249,0.347,0.387,0.0
0.25,0.2,0.348,0.38,0.0
0.195,0.21,0.405,0.414,0.0
0.129,0.235,0.369,0.459,0.217934725
0.217,0.154,0.285,0.392,0.0
0.226,0.192,0.372,0.388,0.0
0.213,0.303,0.335,0.357,0.0
0.28,0.163,0.352,0.4,0.0
0.282,0.141,0.408,0.381,0.0
0.288,0.258,0.32,0.3,0.0
0.164,0.289,0.346,0.351,0.0
0.227,0.243,0.361,0.347,0.0
0.246,0.22,0.31,0.322,0.0
0.199,0.196,0.389,0.33,0.0
0.253,0.187,0.399,0.435,0.018968717
0.18,0.291,0.377,0.307,0.0
0.207,0.301,0.377,0.355,0.0
0.18,0.21,0.362,0.35,0.0
0.217,0.194,0.358,0.408,0.0
0.169,0.196,0.387,0.372,0.0
0.255,0.21,0.351,0.346,0.0
0.267,0.224,0.339,0.312,0.0
0.272,0.254,0.424,0.442,0.021055685
0.271,0.325,0.299,0.335,0.0
0.227,0.238,0.366,0.454,0.049798603
0.277,0.225,0.303,0.368,0.0
0.204,0.297,0.388,0.349,0.0
0.264,0.243,0.309,0.435,0.009288479
0.244,0.202,0.436,0.448,0.037839132
0.175,0.315,0.411,0.33,0.0
0.333,0.143,0.379,0.387,0.0
0.219,0.254,0.401,0.386,0.0
0.191,0.307,0.295,0.359,0.0
0.246,0.19,0.3,0.408,0.0
0.128,0.241,0.33,0.391,0.0
0.193,0.233,0.391,0.327,0.0
0.146,0.237,0.392,0.385,0.0
0.206,0.333,0.312,0.351,0.0
0.169,0.183,0.349,0.261,0.0
0.286,0.285,0.304,0.331,0.0
0.237,0.206,0.277,0.298,0.0
0.225,0.207,0.445,0.419,0.028583902
0.155,0.242,0.373,0.42,0.080155778
0.278,0.271,0.288,0.337,0.0
0.16,0.285,0.4,0.319,0.0
0.155,0.255,0.313,0.317,0.0
0.287,0.253,0.288,0.321,0.0
0.333,0.259,0.357,0.367,0.0
0.319,0.253,0.349,0.323,0.0
0.296,0.255,0.336,0.339,0.0
0.238,0.265,0.388,0.304,0.0
0.23,0.273,0.286,0.307,0.0
0.242,0.245,0.262,0.251,0.0
0.254,0.214,0.33,0.45,0.02423842
0.272,0.193,0.332,0.327,0.0
0.274,0.176,0.324,0.424,0.008810948
0.3,0.216,0.306,0.253,0.0
0.307,0.207,0.315,0.425,0.00107601
0.221,0.192,0.453,0.364,0.0
0.224,0.19,0.296,0.367,0.0
0.305,0.26,0.394,0.312,0.0
0.224,0.159,0.396,0.333,0.0
0.297,0.296,0.301,0.344,0.0
0.177,0.258,0.385,0.374,0.0
0.191,0.256,0.441,0.448,0.113418614
0.162,0.253,0.39,0.253,0.0
0.261,0.181,0.297,0.401,0.0
0.226,0.162,0.394,0.308,0.0
0.246,0.277,0.332,0.307,0.0
0.215,0.281,0.329,0.411,0.0
0.197,0.279,0.309,0.327,0.0
0.291,0.288,0.367,0.334,0.0
0.315,0.292,0.369,0.358,0.0
0.232,0.291,0.402,0.363,0.0
0.276,0.259,0.398,0.365,0.0
0.255,0.314,0.429,0.394,0.0
0.297,0.168,0.341,0.354,0.0
0.252,0.265,0.322,0.411,0.0
0.289,0.282,0.305,0.421,0.002823262
0.268,0.179,0.348,0.317,0.0
0.272,0.278,0.396,0.286,0.0
0.188,0.193,0.328,0.283,0.0
0.14,0.2,0.372,0.44,0.098997764
0.194,0.326,0.329,0.334,0.0
0.251,0.153,0.275,0.373,0.0
0.328,0.23,0.356,0.424,0.001982885
0.228,0.236,0.44,0.438,0.028780022
0.211,0.185,0.303,0.416,0.0
0.213,0.165,0.421,0.387,0.0
0.257,0.188,0.317,0.384,0.0
0.229,0.179,0.431,0.429,0.026795692
0.313,0.263,0.369,0.311,0.0
0.202,0.26,0.382,0.281,0.0
0.221,0.245,0.381,0.423,0.027577763
0.206,0.138,0.35,0.342,0.0
0.193,0.204,0.345,0.392,0.0
0.244,0.207,0.346,0.329,0.0
0.268,0.363,0.324,0.393,0.0
0.258,0.233,0.284,0.421,0.005977567
0.291,0.198,0.315,0.336,0.0
0.31,0.186,0.33,0.352,0.0
0.223,0.256,0.381,0.328,0.0
0.283,0.244,0.401,0.378,0.0
0.283,0.179,0.333,0.351,0.0
0.193,0.321,0.325,0.332,0.0
0.245,0.321,0.299,0.339,0.0
0.204,0.209,0.31,0.413,0.0
0.207,0.278,0.323,0.448,0.055563667
0.226,0.161,0.388,0.409,0.0
0.22,0.281,0.418,0.319,0.0
0.211,0.215,0.373,0.397,0.0
0.24,0.255,0.382,0.321,0.0
0.238,0.201,0.3,0.383,0.0
0.268,0.198,0.43,0.39,0.0
0.174,0.165,0.424,0.347,0.0
0.29,0.164,0.336,0.362,0.0
0.295,0.098,0.386,0.345,0.0
0.243,0.234,0.323,0.33,0.0
0.247,0.223,0.295,0.335,0.0
0.24,0.284,0.291,0.396,0.0
0.189,0.27,0.289,0.332,0.0
0.109,0.237,0.349,0.373,0.0
0.264,0.192,0.426,0.402,0.0
0.237,0.237,0.325,0.347,0.0
0.275,0.184,0.277,0.294,0.0
0.271,0.173,0.335,0.383,0.0
0.278,0.263,0.452,0.339,0.0
0.305,0.199,0.329,0.385,0.0
0.311,0.189,0.331,0.415,0.0
0.235,0.295,0.289,0.365,0.0
0.264,0.187,0.398,0.311,0.0
0.157,0.247,0.307,0.367,0.0
0.17,0.218,0.334,0.412,0.0
0.281,0.239,0.325,0.387,0.0
0.232,0.125,0.3,0.349,0.0
0.264,0.205,0.316,0.448,0.016935236
0.18,0.276,0.332,0.314,0.0
0.253,0.183,0.431,0.325,0.0
0.315,0.316,0.391,0.36,0.0
0.194,0.289,0.366,0.393,0.0
0.33,0.151,0.426,0.314,0.0
0.328,0.205,0.384,0.393,0.0
0.234,0.147,0.278,0.391,0.0
0.204,0.251,0.418,0.451,0.078342992
0.148,0.195,0.32,0.385,0.0
0.269,0.177,0.377,0.403,0.0
0.276,0.16,0.312,0.368,0.0
0.144,0.291,0.364,0.353,0.0
0.306,0.171,0.316,0.411,0.0
0.257,0.188,0.381,0.41,0.0
0.251,0.202,0.391,0.35,0.0
0.234,0.191,0.274,0.323,0.0
0.157,0.145,0.249,0.371,0.0
0.189,0.257,0.325,0.307,0.0
0.261,0.167,0.369,0.397,0.0
0.195,0.167,0.421,0.337,0.0
0.237,0.27,0.275,0.34,0.0
0.19,0.213,0.4,0.363,0.0
0.167,0.206,0.351,0.312,0.0
0.245,0.249,0.285,0.357,0.0
0.253,0.209,0.353,0.427,0.015440001
0.232,0.298,0.306,0.328,0.0
0.178,0.279,0.322,0.329,0.0
0.235,0.247,0.345,0.367,0.0
0.144,0.221,0.394,0.305,0.0
0.275,0.264,0.365,0.286,0.0
0.266,0.254,0.364,0.396,0.0
0.308,0.286,0.35,0.302,0.0
0.315,0.301,0.413,0.331,0.0
0.279,0.191,0.31,0.419,0.005760727
0.177,0.293,0.247,0.341,0.0
0.277,0.166,0.283,0.364,0.0
0.15,0.244,0.308,0.362,0.0
0.277,0.21,0.381,0.298,0.0
0.214,0.189,0.392,0.372,0.0
0.256,0.289,0.364,0.395,0.0
0.254,0.233,0.354,0.319,0.0
0.208,0.16,0.454,0.326,0.0
0.195,0.238,0.357,0.34,0.0
0.249,0.284,0.365,0.32,0.0
0.252,0.143,0.35,0.393,0.0
0.316,0.242,0.388,0.356,0.0
0.231,0.263,0.391,0.329,0.0
0.154,0.211,0.398,0.289,0.0
0.183,0.28,0.347,0.284,0.0
0.209,0.155,0.339,0.279,0.0
0.136,0.163,0.384,0.404,0.0
0.223,0.317,0.431,0.369,0.0
0.231,0.27,0.421,0.282,0.0
0.187,0.261,0.384,0.395,0.0
0.208,0.272,0.324,0.344,0.0
0.181,0.285,0.375,0.387,0.0
0.206,0.179,0.32,0.385,0.0
0.203,0.344,0.303,0.382,0.0
0.205,0.274,0.359,0.376,0.0
0.241,0.303,0.309,0.351,0.0
0.357,0.237,0.389,0.317,0.0
0.16,0.284,0.282,0.428,0.068608304
0.275,0.189,0.509,0.391,0.0
0.144,0.301,0.394,0.395,0.0
0.279,0.233,0.325,0.315,0.0
0.199,0.175,0.401,0.405,0.0
0.263,0.184,0.267,0.324,0.0
0.283,0.288,0.299,0.396,0.0
0.243,0.163,0.36,0.381,0.0
0.208,0.246,0.302,0.355,0.0
0.154,0.167,0.402,0.371,0.0
0.168,0.283,0.392,0.427,0.079078804
0.256,0.175,0.272,0.401,0.0
0.241,0.228,0.391,0.342,0.0
0.301,0.13,0.39,0.354,0.0
0.177,0.305,0.373,0.307,0.0
0.244,0.264,0.318,0.316,0.0
0.249,0.257,0.319,0.465,0.034798066
0.26,0.212,0.431,0.398,0.0
0.152,0.191,0.366,0.347,0.0
0.174,0.31,0.248,0.32,0.0
0.21,0.237,0.386,0.449,0.062041413
0.222,0.264,0.33,0.326,0.0
0.224,0.207,0.362,0.451,0.046839455
0.282,0.203,0.396,0.411,0.0
0.215,0.24,0.425,0.298,0.0
0.265,0.214,0.397,0.434,0.016464451
0.29,0.233,0.364,0.299,0.0
0.169,0.322,0.4,0.406,0.0
0.224,0.202,0.372,0.448,0.044131359
0.271,0.277,0.335,0.333,0.0
0.137,0.27,0.353,0.326,0.0
0.258,0.203,0.386,0.445,0.025256607
0.247,0.21,0.399,0.386,0.0
0.251,0.136,0.391,0.344,0.0
0.199,0.177,0.411,0.391,0.0
0.316,0.21,0.366,0.418,0.0
0.313,0.235,0.401,0.369,0.0
0.212,0.245,0.33,0.32,0.0
0.245,0.216,0.313,0.418,0.0
0.255,0.271,0.491,0.274,0.0
0.26,0.234,0.362,0.348,0.0
0.246,0.202,0.349,0.436,0.016658162
0.186,0.208,0.424,0.38,0.0
0.302,0.257,0.332,0.28,0.0
0.215,0.197,0.353,0.337,0.0
0.276,0.253,0.354,0.357,0.0
0.181,0.214,0.351,0.442,0.098059086
0.297,0.25,0.315,0.318,0.0
0.214,0.289,0.434,0.388,0.0
0.247,0.175,0.371,0.413,0.0
0.289,0.195,0.343,0.343,0.0
0.251,0.253,0.301,0.277,0.0
0.187,0.201,0.419,0.303,0.0
0.246,0.268,0.38,0.408,0.0
0.169,0.262,0.376,0.318,0.0
0.175,0.175,0.389,0.417,0.0
0.161,0.211,0.321,0.373,0.0
0.183,0.289,0.409,0.343,0.0
0.17,0.177,0.376,0.345,0.0
0.204,0.294,0.428,0.338,0.0
0.385,0.219,0.409,0.327,0.0
0.254,0.172,0.398,0.344,0.0
0.202,0.265,0.396,0.381,0.0
0.343,0.147,0.344,0.388,0.0
0.253,0.245,0.285,0.343,0.0
0.187,0.153,0.403,0.353,0.0
0.208,0.373,0.416,0.381,0.0
0.191,0.194,0.257,0.394,0.0
0.287,0.306,0.407,0.358,0.0
0.136,0.231,0.344,0.397,0.0
0.194,0.209,0.41,0.391,0.0
0.242,0.202,0.422,0.264,0.0
0.181,0.247,0.381,0.485,0.243598992
0.297,0.273,0.361,0.331,0.0
0.271,0.265,0.377,0.439,0.015138351
0.32,0.255,0.374,0.501,0.016564679
0.336,0.191,0.364,0.327,0.0
0.282,0.225,0.348,0.347,0.0
0.195,0.27,0.413,0.417,0.0
0.215,0.212,0.451,0.418,0.0
0.198,0.316,0.422,0.364,0.0
0.245,0.299,0.316,0.345,0.0
0.19,0.223,0.434,0.263,0.0
0.204,0.15,0.35,0.376,0.0
0.235,0.268,0.409,0.442,0.031621113
0.292,0.34,0.356,0.37,0.0
0.223,0.277,0.413,0.299,0.0
0.291,0.297,0.353,0.315,0.0
0.306,0.234,0.396,0.235,0.0
0.241,0.192,0.395,0.396,0.0
0.291,0.304,0.347,0.334,0.0
0.167,0.29,0.397,0.362,0.0
0.281,0.254,0.379,0.296,0.0
0.219,0.34,0.459,0.376,0.0
0.151,0.212,0.365,0.36,0.0
0.246,0.231,0.34,0.395,0.0
0.151,0.207,0.345,0.309,0.0
0.172,0.183,0.392,0.313,0.0
0.222,0.259,0.382,0.349,0.0
0.18,0.194,0.37,0.44,0.087384273
0.222,0.176,0.374,0.37,0.0
0.237,0.226,0.395,0.426,0.022640548
0.275,0.21,0.365,0.432,0.011587951
0.245,0.203,0.343,0.399,0.0
0.232,0.186,0.24,0.416,0.0
0.342,0.236,0.346,0.362,0.0
0.272,0.252,0.306,0.408,0.0
0.25,0.273,0.416,0.353,0.0
0.338,0.18,0.366,0.422,0.001987222
0.247,0.374,0.369,0.38,0.0
0.142,0.273,0.386,0.367,0.0
0.276,0.204,0.322,0.308,0.0
0.294,0.21,0.314,0.434,0.003143704
0.231,0.252,0.351,0.392,0.0
0.233,0.218,0.405,0.422,0.024413338
0.3,0.204,0.332,0.372,0.0
0.224,0.3,0.36,0.332,0.0
0.302,0.2,0.382,0.422,0.007452082
0.304,0.329,0.38,0.335,0.0
0.268,0.221,0.322,0.405,0.0
0.295,0.23,0.299,0.45,0.001273576
0.278,0.195,0.332,0.411,0.0
0.249,0.309,0.317,0.361,0.0
0.168,0.273,0.384,0.339,0.0
0.315,0.265,0.325,0.341,0.0
0.265,0.271,0.277,0.457,0.006095625
0.229,0.193,0.343,0.327,0.0
0.213,0.248,0.283,0.33,0.0
0.32,0.27,0.337,0.42,0.001482706
0.22,0.195,0.348,0.345,0.0
0.246,0.232,0.367,0.306,0.0
0.233,0.219,0.427,0.295,0.0
0.185,0.296,0.363,0.328,0.0
0.164,0.247,0.404,0.379,0.0
0.261,0.259,0.495,0.319,0.0
0.17,0.316,0.416,0.366,0.0
0.255,0.282,0.351,0.3,0.0
0.281,0.263,0.455,0.265,0.0
0.142,0.215,0.384,0.451,0.163396954
0.316,0.303,0.336,0.335,0.0
0.228,0.178,0.372,0.358,0.0
0.242,0.344,0.344,0.366,0.0
0.191,0.24,0.401,0.284,0.0
0.26,0.319,0.386,0.329,0.0
0.267,0.228,0.287,0.444,0.006934074
0.293,0.17,0.335,0.38,0.0
0.133,0.279,0.381,0.331,0.0
0.246,0.315,0.256,0.435,0.00213901
0.257,0.226,0.401,0.372,0.0
0.216,0.301,0.344,0.407,0.0
0.28,0.303,0.284,0.351,0.0
0.319,0.259,0.383,0.297,0.0
0.229,0.187,0.341,0.323,0.0
0.221,0.256,0.317,0.402,0.0
0.3,0.308,0.364,0.378,0.0
0.312,0.272,0.316,0.275,0.0
0.258,0.221,0.415,0.405,0.0
0.182,0.256,0.37,0.33,0.0
0.187,0.193,0.397,0.357,0.0
0.185,0.224,0.425,0.466,0.206523619
0.282,0.202,0.318,0.41,0.0
0.3,0.202,0.366,0.43,0.006321621
0.204,0.294,0.438,0.312,0.0
0.243,0.157,0.391,0.363,0.0
0.261,0.191,0.393,0.341,0.0
0.227,0.22,0.409,0.464,0.070054388
0.257,0.254,0.265,0.262,0.0
0.345,0.233,0.389,0.339,0.0
0.165,0.252,0.397,0.424,0.079873886
0.269,0.194,0.369,0.442,0.01775441
0.312,0.256,0.41,0.312,0.0
0.308,0.22,0.37,0.292,0.0
0.212,0.208,0.382,0.408,0.0
0.247,0.272,0.357,0.288,0.0
0.214,0.23,0.368,0.372,0.0
0.262,0.223,0.36,0.387,0.0
0.205,0.209,0.373,0.375,0.0
0.3,0.335,0.352,0.387,0.0
0.18,0.266,0.4,0.278,0.0
0.206,0.276,0.42,0.29,0.0
0.276,0.227,0.386,0.473,0.038180295
0.224,0.279,0.424,0.281,0.0
0.163,0.17,0.395,0.405,0.0
0.206,0.269,0.448,0.275,0.0
0.164,0.281,0.332,0.287,0.0
0.174,0.342,0.422,0.35,0.0
0.313,0.232,0.399,0.42,0.006906126
0.319,0.212,0.331,0.296,0.0
0.24,0.253,0.32,0.389,0.0
0.258,0.187,0.288,0.401,0.0
0.243,0.209,0.261,0.337,0.0
0.29,0.246,0.33,0.4,0.0
0.215,0.232,0.283,0.388,0.0
0.258,0.251,0.404,0.321,0.0
0.257,0.212,0.337,0.337,0.0
0.353,0.198,0.425,0.372,0.0
0.195,0.238,0.411,0.272,0.0
0.211,0.221,0.391,0.435,0.03373073
0.227,0.224,0.337,0.356,0.0
0.366,0.22,0.436,0.292,0.0
0.181,0.222,0.353,0.428,0.071572271
0.212,0.196,0.41,0.406,0.0
0.185,0.146,0.433,0.332,0.0
0.277,0.196,0.469,0.352,0.0
0.207,0.225,0.291,0.325,0.0
0.123,0.206,0.372,0.294,0.0
0.232,0.226,0.358,0.366,0.0
0.25,0.161,0.374,0.361,0.0
0.255,0.181,0.385,0.417,0.0
0.178,0.18,0.34,0.268,0.0
0.263,0.324,0.351,0.344,0.0
0.179,0.257,0.379,0.323,0.0
0.219,0.136,0.335,0.374,0.0
0.278,0.131,0.39,0.339,0.0
0.282,0.187,0.282,0.363,0.0
0.258,0.195,0.304,0.265,0.0
0.36,0.218,0.386,0.39,0.0
0.217,0.217,0.301,0.443,0.031026489
0.217,0.231,0.377,0.475,0.089866855
0.32,0.218,0.344,0.462,0.004940106
0.3,0.283,0.454,0.311,0.0
0.214,0.363,0.376,0.375,0.0
0.123,0.181,0.313,0.381,0.0
0.203,0.269,0.335,0.363,0.0
0.299,0.212,0.399,0.302,0.0
0.305,0.243,0.367,0.287,0.0
0.235,0.192,0.335,0.384,0.0
0.232,0.255,0.336,0.343,0.0
0.205,0.298,0.371,0.372,0.0
0.252,0.33,0.41,0.338,0.0
0.181,0.196,0.345,0.312,0.0
0.282,0.225,0.282,0.433,0.0
0.186,0.272,0.386,0.406,0.0
0.241,0.294,0.363,0.314,0.0
0.218,0.253,0.384,0.309,0.0
0.249,0.281,0.313,0.301,0.0
0.255,0.251,0.261,0.333,0.0
0.245,0.379,0.369,0.401,0.0
0.22,0.226,0.416,0.382,0.0
0.249,0.285,0.275,0.327,0.0
0.191,0.338,0.335,0.386,0.0
0.267,0.254,0.283,0.468,0.01035678
0.258,0.14,0.32,0.362,0.0
0.216,0.303,0.448,0.325,0.0
0.248,0.266,0.412,0.376,0.0
0.267,0.175,0.375,0.325,0.0
0.224,0.247,0.459,0.395,0.0
0.272,0.244,0.417,0.298,0.0
0.206,0.299,0.38,0.371,0.0
0.199,0.288,0.347,0.338,0.0
0.249,0.116,0.403,0.356,0.0
0.18,0.259,0.4,0.323,0.0
0.128,0.319,0.366,0.37,0.0
0.203,0.153,0.391,0.391,0.0
0.185,0.213,0.327,0.443,0.095075362
0.24,0.295,0.44,0.351,0.0
0.223,0.138,0.343,0.338,0.0
0.248,0.19,0.41,0.414,0.0
0.211,0.242,0.383,0.343,0.0
0.213,0.235,0.366,0.325,0.0
0.286,0.259,0.328,0.453,0.01227654
0.334,0.132,0.38,0.38,0.0
0.21,0.241,0.362,0.375,0.0
0.187,0.18,0.425,0.371,0.0
0.3,0.279,0.372,0.317,0.0
0.236,0.245,0.308,0.411,0.0
0.168,0.272,0.392,0.414,0.0
0.319,0.171,0.341,0.419,0.001854226
0.218,0.25,0.316,0.344,0.0
0.239,0.199,0.333,0.395,0.0
0.203,0.284,0.431,0.312,0.0
0.287,0.122,0.289,0.342,0.0
0.198,0.302,0.367,0.314,0.0
0.268,0.195,0.31,0.337,0.0
0.218,0.266,0.372,0.322,0.0
0.264,0.282,0.412,0.332,0.0
0.279,0.192,0.327,0.388,0.0
0.209,0.16,0.371,0.276,0.0
0.205,0.209,0.373,0.315,0.0
0.207,0.132,0.377,0.374,0.0
0.271,0.265,0.276,0.361,0.0
0.238,0.117,0.392,0.359,0.0
0.27,0.205,0.393,0.393,0.0
0.197,0.307,0.423,0.385,0.0
0.243,0.217,0.401,0.385,0.0
0.185,0.287,0.303,0.389,0.0
0.108,0.139,0.302,0.359,0.0
0.222,0.275,0.458,0.293,0.0
0.234,0.228,0.38,0.43,0.022558148
0.286,0.194,0.35,0.328,0.0
0.245,0.229,0.317,0.343,0.0
0.193,0.276,0.437,0.286,0.0
0.238,0.328,0.4,0.412,0.0
0.256,0.211,0.378,0.407,0.0
0.193,0.163,0.313,0.313,0.0
0.208,0.257,0.414,0.317,0.0
0.262,0.268,0.426,0.28,0.0
0.214,0.165,0.404,0.325,0.0
0.221,0.221,0.273,0.453,0.030057453
