0.222,0.166,0.426,0.408,0.0
0.252,0.182,0.362,0.428,0.016362295
0.172,0.026,0.576,0.516,0.33723116
0.276,0.204,0.342,0.455,0.020237956
0.148,0.305,0.406,0.421,0.083942775
0.294,0.244,0.348,0.342,0.0
0.169,0.087,0.435,0.583,0.387874477
0.209,0.133,0.456,0.499,0.148086576
0.115,0.096,0.463,0.49,0.366691097
-0.0,0.329,0.428,0.407,0.0
0.214,0.061,0.376,0.559,0.165815929
0.028,0.085,0.52,0.446,0.320323391
0.132,0.037,0.48,0.521,0.396979365
0.298,0.223,0.307,0.272,0.0
0.156,0.067,0.368,0.537,0.351804281
0.182,0.246,0.501,0.31,0.0
0.217,0.289,0.444,0.303,0.0
0.272,0.195,0.39,0.397,0.0
0.147,0.117,0.477,0.445,0.131522379
0.326,0.207,0.412,0.457,0.013845019
0.238,0.21,0.388,0.25,0.0
0.189,0.107,0.318,0.485,0.203847327
0.112,0.056,0.376,0.507,0.451295477
0.067,0.254,0.508,0.302,0.0
0.195,0.165,0.403,0.345,0.0
0.259,0.191,0.337,0.423,0.013095233
0.2,0.233,0.414,0.269,0.0
0.185,0.209,0.391,0.477,0.226400175
0.264,0.222,0.38,0.454,0.031257303
0.121,0.133,0.474,0.537,0.4598573
0.091,0.091,0.467,0.398,0.0
0.294,0.157,0.296,0.411,0.0
0.111,0.273,0.415,0.361,0.0
0.076,0.217,0.466,0.34,0.0
0.116,0.079,0.398,0.509,0.425167654
0.301,0.173,0.437,0.462,0.024879304
0.189,0.329,0.267,0.333,0.0
0.306,0.214,0.308,0.406,0.0
0.214,0.15,0.299,0.446,0.037159699
0.232,0.086,0.372,0.512,0.095947542
0.067,0.131,0.465,0.519,0.846008619
0.114,0.114,0.479,0.458,0.256650375
0.07,0.066,0.468,0.466,0.553873035
0.033,0.144,0.521,0.502,0.749032771
0.222,0.198,0.414,0.288,0.0
0.157,0.157,0.407,0.544,0.371445685
0.218,0.272,0.358,0.292,0.0
0.221,0.046,0.477,0.51,0.133766436
0.325,0.195,0.345,0.239,0.0
0.016,0.28,0.506,0.288,0.0
0.155,0.263,0.463,0.289,0.0
0.113,0.228,0.471,0.39,0.0
0.211,0.022,0.355,0.506,0.130689712
0.191,0.229,0.507,0.469,0.194194074
0.232,0.118,0.322,0.45,0.03380301
0.186,0.257,0.332,0.409,0.0
0.33,0.258,0.386,0.316,0.0
0.249,0.075,0.296,0.542,0.048017621
0.02,0.319,0.512,0.324,0.0
0.291,0.11,0.297,0.44,0.001273576
0.31,0.0,0.404,0.486,0.025721609
0.229,0.246,0.453,0.414,0.0
0.317,0.151,0.333,0.469,0.004353673
0.277,0.079,0.371,0.484,0.03805019
0.217,0.171,0.517,0.435,0.033255608
0.105,0.119,0.471,0.443,0.179438326
0.099,0.125,0.533,0.409,0.0
0.19,0.217,0.412,0.298,0.0
0.192,0.243,0.49,0.373,0.0
0.087,0.164,0.557,0.462,0.517660687
0.258,0.237,0.404,0.383,0.0
0.218,0.193,0.404,0.373,0.0
0.217,0.09,0.413,0.498,0.12210235
0.05,0.213,0.508,0.345,0.0
0.241,0.179,0.341,0.381,0.0
0.24,0.25,0.29,0.332,0.0
0.246,0.113,0.308,0.451,0.023660661
0.116,0.13,0.458,0.5,0.395135258
0.274,0.236,0.344,0.476,0.031120453
0.239,0.273,0.435,0.379,0.0
0.178,0.155,0.452,0.439,0.088089246
0.298,0.12,0.338,0.516,0.021056167
0.157,0.087,0.378,0.485,0.260489414
0.099,0.258,0.483,0.374,0.0
0.262,0.099,0.34,0.387,0.0
0.164,0.306,0.388,0.326,0.0
0.311,0.123,0.319,0.494,0.003665085
0.173,0.018,0.501,0.486,0.264945243
0.159,0.261,0.479,0.293,0.0
0.143,0.325,0.457,0.403,0.0
0.129,0.165,0.231,0.375,0.0
0.236,0.266,0.432,0.407,0.0
0.047,0.296,0.537,0.316,0.0
0.197,0.146,0.439,0.482,0.174999362
0.296,0.184,0.31,0.303,0.0
0.024,0.046,0.448,0.506,0.769682724
0.236,0.226,0.312,0.318,0.0
0.282,0.189,0.432,0.401,0.0
0.269,0.067,0.271,0.438,0.000515116
0.231,0.106,0.337,0.4,0.0
0.182,0.241,0.473,0.328,0.0
0.188,0.311,0.54,0.381,0.0
0.062,0.229,0.415,0.359,0.0
0.067,0.119,0.467,0.413,0.0
0.256,0.112,0.281,0.458,0.012658661
0.12,0.237,0.454,0.364,0.0
0.042,0.246,0.526,0.272,0.0
0.053,0.156,0.52,0.524,0.868685788
0.226,0.274,0.42,0.324,0.0
0.28,0.165,0.352,0.411,0.0
0.229,0.159,0.415,0.418,0.0
0.202,0.034,0.408,0.473,0.131872215
0.361,0.147,0.393,0.491,0.009070193
0.182,0.113,0.354,0.587,0.344851414
0.22,0.101,0.434,0.451,0.058260198
0.172,0.276,0.39,0.414,0.0
0.29,0.149,0.306,0.489,0.009466288
0.172,0.057,0.282,0.471,0.195760144
0.121,0.207,0.499,0.509,0.405741163
0.134,0.153,0.388,0.471,0.259445688
0.315,0.067,0.446,0.471,0.023378769
0.245,0.142,0.36,0.594,0.099659368
0.174,0.111,0.418,0.369,0.0
0.167,0.189,0.465,0.415,0.0
0.156,0.069,0.382,0.429,0.080756185
0.241,0.269,0.259,0.333,0.0
0.236,0.072,0.304,0.392,0.0
0.096,0.237,0.528,0.391,0.0
0.149,0.078,0.377,0.434,0.081843278
0.14,0.132,0.45,0.348,0.0
0.287,0.106,0.297,0.518,0.008427864
0.104,0.221,0.566,0.347,0.0
0.246,0.262,0.26,0.288,0.0
0.271,0.142,0.369,0.508,0.05239346
0.204,0.14,0.47,0.474,0.129723085
0.223,0.309,0.277,0.383,0.0
0.265,0.018,0.283,0.472,0.011955616
0.088,0.322,0.342,0.362,0.0
0.225,0.319,0.335,0.443,0.031151774
0.218,0.267,0.43,0.296,0.0
0.218,0.139,0.406,0.573,0.171307292
0.23,0.027,0.288,0.421,0.014140404
0.19,0.217,0.414,0.288,0.0
0.278,0.22,0.32,0.55,0.036361245
0.165,0.169,0.312,0.497,0.25687107
0.18,0.248,0.49,0.266,0.0
0.127,0.005,0.395,0.462,0.242177001
0.079,0.121,0.551,0.443,0.294202314
0.104,0.095,0.408,0.427,0.133595373
0.082,0.181,0.542,0.499,0.736038731
0.25,0.0,0.43,0.478,0.063762162
0.096,0.179,0.594,0.455,0.389312852
0.118,0.187,0.552,0.482,0.332057348
0.144,0.326,0.334,0.341,0.0
0.24,0.143,0.325,0.483,0.05343574
0.278,0.29,0.312,0.368,0.0
0.208,0.141,0.292,0.515,0.12075312
0.189,0.078,0.391,0.501,0.255766148
0.04,0.255,0.514,0.427,0.231341727
0.309,0.093,0.415,0.467,0.022167835
0.09,0.214,0.456,0.362,0.0
0.245,0.128,0.321,0.53,0.06779973
0.172,0.299,0.35,0.457,0.178000915
0.257,0.089,0.429,0.508,0.078542004
0.241,0.109,0.387,0.501,0.080837139
0.203,0.179,0.381,0.385,0.0
0.165,0.286,0.373,0.299,0.0
0.052,0.289,0.492,0.403,0.0
0.039,0.155,0.515,0.512,0.809863733
0.273,0.176,0.295,0.395,0.0
0.0,0.193,0.442,0.343,0.0
0.327,0.182,0.349,0.322,0.0
0.234,0.179,0.432,0.401,0.0
0.328,0.136,0.378,0.553,0.020201816
0.219,0.143,0.549,0.475,0.100293987
0.146,0.235,0.486,0.369,0.0
0.178,0.211,0.464,0.387,0.0
0.106,0.02,0.378,0.508,0.571129676
0.056,0.2,0.552,0.314,0.0
0.25,0.153,0.406,0.507,0.080207338
0.168,0.168,0.43,0.298,0.0
0.125,0.148,0.459,0.5,0.357309618
0.178,0.309,0.4,0.434,0.077056406
0.214,0.177,0.308,0.613,0.143748322
0.243,0.211,0.393,0.349,0.0
0.283,0.277,0.363,0.279,0.0
0.289,0.215,0.327,0.425,0.005518347
0.24,0.048,0.496,0.54,0.122211734
0.146,0.245,0.526,0.486,0.287060555
0.0,0.088,0.489,0.58,0.954115125
0.222,0.128,0.298,0.42,0.019119059
0.217,0.192,0.37,0.348,0.0
0.213,0.137,0.503,0.533,0.176601089
0.16,0.246,0.484,0.29,0.0
0.117,0.142,0.471,0.482,0.334056617
0.228,0.248,0.458,0.35,0.0
0.0,0.16,0.464,0.438,0.239506009
0.252,0.273,0.288,0.341,0.0
0.294,0.258,0.422,0.318,0.0
0.249,0.239,0.365,0.367,0.0
0.222,0.206,0.367,0.306,0.0
0.297,0.02,0.323,0.492,0.012607101
0.074,0.109,0.53,0.593,0.964197722
0.105,0.217,0.391,0.403,0.0
0.264,0.166,0.364,0.51,0.057121545
0.092,0.317,0.52,0.326,0.0
0.208,0.157,0.362,0.437,0.03343679
0.159,0.268,0.412,0.302,0.0
0.291,0.221,0.353,0.463,0.017483601
0.109,0.077,0.467,0.551,0.64138693
0.105,0.074,0.501,0.47,0.433163764
0.052,0.254,0.484,0.4,0.0
0.143,0.143,0.469,0.443,0.12288683
0.045,0.263,0.513,0.353,0.0
0.133,0.13,0.477,0.536,0.415362131
0.078,0.072,0.537,0.518,0.846395076
0.189,0.12,0.369,0.574,0.322875843
0.281,0.068,0.311,0.508,0.022225178
0.215,0.0,0.379,0.41,0.0
0.285,0.142,0.479,0.522,0.064623259
0.1,0.293,0.45,0.389,0.0
0.27,0.278,0.364,0.458,0.028904826
0.134,0.165,0.429,0.551,0.424623625
0.176,0.137,0.386,0.506,0.295841146
0.219,0.15,0.491,0.492,0.116664956
0.083,0.195,0.442,0.493,0.703136813
0.052,0.063,0.539,0.487,0.683708395
0.133,0.197,0.517,0.301,0.0
0.061,0.126,0.548,0.564,0.940504776
0.216,0.239,0.454,0.291,0.0
0.227,0.187,0.334,0.489,0.075684047
0.242,0.146,0.38,0.468,0.054998436
0.257,0.299,0.431,0.339,0.0
0.122,0.072,0.424,0.468,0.279045652
0.234,0.296,0.332,0.306,0.0
0.098,0.14,0.516,0.464,0.492214707
0.251,0.233,0.269,0.369,0.0
0.299,0.284,0.303,0.382,0.0
0.067,0.075,0.495,0.567,0.941807745
0.072,0.057,0.48,0.483,0.669962641
0.119,0.132,0.451,0.536,0.46813193
0.166,0.199,0.354,0.431,0.076346615
0.214,0.08,0.514,0.49,0.125542884
0.205,0.291,0.409,0.355,0.0
0.3,0.072,0.346,0.477,0.015195212
0.09,0.285,0.426,0.315,0.0
0.177,0.301,0.475,0.419,0.07942864
0.086,0.274,0.529,0.366,0.0
0.137,0.257,0.505,0.327,0.0
0.224,0.103,0.31,0.405,0.0
0.085,0.194,0.487,0.328,0.0
0.285,0.266,0.293,0.314,0.0
0.116,0.263,0.404,0.274,0.0
0.236,0.171,0.388,0.307,0.0
0.248,0.174,0.376,0.346,0.0
0.108,0.071,0.52,0.503,0.525118551
0.032,0.211,0.382,0.395,0.0
0.04,0.199,0.48,0.419,0.230900336
0.069,0.095,0.525,0.559,0.932781884
0.271,0.05,0.432,0.5,0.062909256
0.167,0.142,0.439,0.402,0.0
0.244,0.148,0.434,0.448,0.037762515
0.171,0.304,0.513,0.379,0.0
0.239,0.126,0.363,0.542,0.097184014
0.242,0.092,0.335,0.59,0.093162347
0.223,0.193,0.395,0.421,0.027731478
0.292,0.21,0.406,0.448,0.01812063
0.004,0.118,0.478,0.524,0.866086594
0.089,0.315,0.537,0.375,0.0
0.069,0.29,0.46,0.36,0.0
0.242,0.158,0.464,0.401,0.0
0.254,0.162,0.396,0.457,0.041335563
0.292,0.208,0.35,0.321,0.0
0.131,0.065,0.434,0.467,0.259418704
0.091,0.061,0.412,0.461,0.484208477
0.082,0.203,0.46,0.329,0.0
0.151,0.097,0.445,0.523,0.362557156
0.214,0.052,0.473,0.408,0.0
0.258,0.262,0.362,0.346,0.0
0.144,0.159,0.4,0.439,0.094802143
0.116,0.119,0.572,0.453,0.217564169
0.046,0.17,0.535,0.44,0.258741198
0.134,0.283,0.342,0.373,0.0
0.2,0.213,0.463,0.507,0.205610962
0.271,0.248,0.29,0.286,0.0
0.095,0.201,0.379,0.362,0.0
0.125,0.103,0.531,0.557,0.469516335
0.2,0.143,0.378,0.527,0.216404796
0.249,0.176,0.296,0.348,0.0
0.24,0.242,0.244,0.372,0.0
0.23,0.103,0.372,0.405,0.0
0.058,0.072,0.466,0.461,0.494512251
0.12,0.158,0.454,0.42,0.098304838
0.18,0.084,0.456,0.459,0.192827016
0.174,0.26,0.468,0.32,0.0
0.319,0.155,0.369,0.513,0.017320248
0.242,0.119,0.41,0.523,0.100213034
0.271,0.11,0.453,0.516,0.073677551
0.223,0.101,0.441,0.387,0.0
0.037,0.056,0.526,0.544,0.908894263
0.19,0.062,0.462,0.503,0.266089197
0.018,0.186,0.448,0.426,0.230298001
0.332,0.365,0.341,0.373,0.0
0.105,0.285,0.515,0.479,0.475073232
0.169,0.215,0.569,0.349,0.0
0.194,0.103,0.402,0.553,0.291828634
0.254,0.166,0.358,0.538,0.074091957
0.054,0.116,0.456,0.506,0.770341919
0.298,0.124,0.324,0.388,0.0
0.214,0.255,0.47,0.388,0.0
0.016,0.251,0.424,0.387,0.0
0.084,0.101,0.458,0.441,0.266514204
0.245,0.199,0.319,0.409,0.0
0.245,0.102,0.453,0.492,0.079107234
0.184,0.136,0.39,0.394,0.0
0.179,0.099,0.495,0.377,0.0
0.266,0.247,0.402,0.341,0.0
0.198,0.24,0.539,0.392,0.0
0.085,0.182,0.553,0.474,0.628613103
0.076,0.216,0.476,0.438,0.239736823
0.11,0.251,0.353,0.455,0.239786937
0.24,0.147,0.45,0.423,0.023548868
0.192,0.306,0.396,0.318,0.0
0.105,0.238,0.459,0.342,0.0
0.077,0.22,0.511,0.358,0.0
0.141,0.302,0.339,0.366,0.0
0.162,0.05,0.48,0.499,0.301397079
0.233,0.263,0.341,0.295,0.0
0.21,0.048,0.374,0.493,0.122765881
0.003,0.18,0.481,0.358,0.0
0.211,0.193,0.468,0.295,0.0
0.332,0.247,0.336,0.366,0.0
0.07,0.28,0.556,0.36,0.0
0.168,0.132,0.451,0.47,0.235292077
0.295,0.158,0.333,0.424,0.004877945
0.124,0.066,0.434,0.476,0.295848855
0.074,0.072,0.436,0.442,0.283378605
0.186,0.129,0.387,0.539,0.321610941
0.119,0.347,0.521,0.499,0.378357593
0.262,0.298,0.348,0.32,0.0
0.148,0.242,0.374,0.455,0.180444947
0.211,0.037,0.303,0.506,0.109749675
0.063,0.247,0.533,0.267,0.0
0.212,0.197,0.396,0.371,0.0
0.223,0.229,0.287,0.435,0.016616721
0.0,0.108,0.474,0.43,0.230801553
0.257,0.079,0.319,0.537,0.054523315
0.05,0.182,0.518,0.264,0.0
0.155,0.124,0.504,0.504,0.32344782
0.0,0.228,0.487,0.472,0.61603395
0.224,0.241,0.392,0.421,0.027155165
0.197,0.151,0.389,0.573,0.274626444
0.093,0.199,0.579,0.489,0.67880732
0.172,0.279,0.392,0.367,0.0
0.216,0.136,0.416,0.498,0.124604688
0.298,0.231,0.346,0.358,0.0
0.118,0.179,0.45,0.359,0.0
0.216,0.109,0.452,0.506,0.138115291
0.212,0.221,0.322,0.385,0.0
0.232,0.266,0.238,0.379,0.0
0.05,0.173,0.492,0.384,0.0
0.07,0.044,0.502,0.534,0.891731104
0.15,0.263,0.524,0.353,0.0
0.174,0.159,0.397,0.387,0.0
0.202,0.24,0.401,0.478,0.13782617
0.175,0.095,0.463,0.393,0.0
0.175,0.136,0.437,0.576,0.379303981
0.063,0.239,0.523,0.36,0.0
0.121,0.24,0.442,0.38,0.0
0.039,0.245,0.517,0.381,0.0
0.277,0.223,0.321,0.465,0.019832223
0.265,0.265,0.432,0.361,0.0
0.245,0.297,0.301,0.373,0.0
0.303,0.17,0.421,0.522,0.043534807
0.134,0.203,0.334,0.543,0.384113019
0.177,0.06,0.345,0.429,0.073333015
0.31,0.151,0.36,0.413,0.0
0.071,0.33,0.498,0.406,0.0
0.102,0.154,0.452,0.52,0.720442123
0.174,0.247,0.472,0.379,0.0
0.286,0.342,0.415,0.35,0.0
0.124,0.146,0.428,0.466,0.265253156
0.161,0.181,0.407,0.439,0.090793968
0.228,0.174,0.463,0.506,0.115115752
0.17,0.287,0.534,0.307,0.0
0.29,0.078,0.39,0.414,0.0
0.199,0.23,0.409,0.372,0.0
0.12,0.148,0.436,0.486,0.329682705
0.202,0.267,0.404,0.379,0.0
0.25,0.244,0.514,0.43,0.022151934
0.156,0.185,0.488,0.503,0.319111494
0.182,0.248,0.51,0.372,0.0
0.124,0.035,0.524,0.409,0.0
0.054,0.158,0.52,0.486,0.680397965
0.125,0.07,0.533,0.454,0.20593815
0.255,0.241,0.299,0.295,0.0
0.096,0.248,0.54,0.342,0.0
0.196,0.24,0.294,0.42,0.039102107
0.164,0.173,0.304,0.53,0.306621969
0.273,0.25,0.329,0.446,0.014553846
0.201,0.256,0.429,0.448,0.077534419
0.315,0.212,0.371,0.284,0.0
0.206,0.144,0.468,0.538,0.206004648
0.094,0.199,0.386,0.387,0.0
0.064,0.302,0.46,0.334,0.0
0.142,0.137,0.398,0.479,0.269286388
0.107,0.243,0.423,0.295,0.0
0.014,0.193,0.512,0.378,0.0
0.181,0.075,0.369,0.414,0.0
0.057,0.07,0.517,0.522,0.859659927
0.17,0.091,0.3,0.5,0.254193332
0.314,0.233,0.38,0.399,0.0
0.348,0.077,0.35,0.571,0.0007999
0.139,0.172,0.485,0.397,0.0
0.207,0.077,0.507,0.469,0.115069493
0.148,0.15,0.488,0.48,0.27181812
0.162,0.173,0.52,0.409,0.0
0.23,0.191,0.27,0.382,0.0
0.068,0.089,0.521,0.469,0.589117792
0.202,0.154,0.385,0.42,0.039854303
0.289,0.196,0.325,0.414,0.0
0.185,0.306,0.405,0.318,0.0
0.203,0.195,0.423,0.358,0.0
0.142,0.104,0.536,0.38,0.0
0.245,0.206,0.335,0.389,0.0
0.258,0.248,0.36,0.396,0.0
0.087,0.193,0.559,0.487,0.684246159
0.135,0.112,0.367,0.48,0.272297578
0.119,0.157,0.419,0.481,0.319677688
0.272,0.169,0.338,0.397,0.0
0.087,0.306,0.563,0.362,0.0
0.248,0.353,0.276,0.367,0.0
0.289,0.137,0.343,0.533,0.032934684
0.031,0.216,0.455,0.328,0.0
0.234,0.274,0.346,0.382,0.0
0.383,0.33,0.39,0.396,0.0
0.226,0.193,0.4,0.44,0.031092986
0.299,0.112,0.355,0.538,0.029072516
0.104,0.306,0.486,0.336,0.0
0.089,0.253,0.52,0.365,0.0
0.266,0.224,0.364,0.388,0.0
0.103,0.152,0.451,0.588,0.804352131
0.163,0.124,0.428,0.506,0.314174761
0.178,0.236,0.388,0.434,0.076368299
0.234,0.228,0.544,0.396,0.0
0.18,0.093,0.44,0.525,0.333983373
0.092,0.268,0.571,0.324,0.0
0.228,0.074,0.279,0.508,0.054450553
0.101,0.202,0.543,0.329,0.0
0.154,0.196,0.468,0.406,0.0
0.258,0.026,0.404,0.514,0.076950395
0.108,0.118,0.46,0.538,0.646416182
0.263,0.126,0.339,0.434,0.012460613
0.299,0.129,0.437,0.423,0.010306665
0.232,0.248,0.392,0.36,0.0
0.17,0.248,0.446,0.28,0.0
0.1,0.042,0.368,0.526,0.771453105
0.081,0.235,0.559,0.277,0.0
0.158,0.203,0.33,0.473,0.228831196
0.278,0.114,0.352,0.484,0.03267303
0.072,0.177,0.529,0.385,0.0
0.192,0.059,0.3,0.481,0.173082492
0.239,0.195,0.311,0.389,0.0
0.197,0.193,0.385,0.341,0.0
0.175,0.117,0.439,0.476,0.242698381
0.056,0.065,0.494,0.549,0.914559098
0.155,0.246,0.441,0.276,0.0
0.156,0.144,0.522,0.44,0.099654549
0.178,0.106,0.422,0.498,0.282587378
0.1,0.042,0.462,0.524,0.787233304
0.258,0.247,0.542,0.421,0.020676455
0.222,0.111,0.439,0.565,0.164116383
0.286,0.044,0.348,0.506,0.031597502
0.259,0.175,0.347,0.505,0.054079997
0.155,0.174,0.433,0.387,0.0
0.276,0.298,0.328,0.334,0.0
0.085,0.033,0.555,0.523,0.864282
0.084,0.094,0.508,0.468,0.58082967
0.167,0.28,0.349,0.45,0.143095392
0.227,0.213,0.389,0.518,0.11621971
0.184,0.061,0.501,0.469,0.221283705
0.267,0.25,0.363,0.264,0.0
0.157,0.041,0.361,0.495,0.275439355
0.156,0.129,0.294,0.481,0.227325842
0.223,0.136,0.349,0.294,0.0
0.092,0.311,0.409,0.339,0.0
0.177,0.291,0.499,0.403,0.0
0.124,0.194,0.394,0.3,0.0
0.268,0.259,0.358,0.341,0.0
0.129,0.186,0.491,0.384,0.0
0.11,0.14,0.526,0.484,0.408018469
0.217,0.278,0.454,0.344,0.0
0.196,0.163,0.496,0.434,0.051370455
0.149,0.162,0.499,0.423,0.085787364
0.263,0.15,0.359,0.555,0.069652029
0.244,0.217,0.382,0.405,0.0
0.124,0.214,0.376,0.39,0.0
0.323,0.104,0.363,0.495,0.011374002
0.149,0.315,0.273,0.345,0.0
0.279,0.289,0.311,0.319,0.0
0.192,0.324,0.36,0.38,0.0
0.33,0.12,0.414,0.552,0.031630751
0.294,0.19,0.354,0.43,0.006482564
0.137,0.198,0.506,0.244,0.0
0.072,0.105,0.512,0.411,0.0
0.129,0.102,0.399,0.368,0.0
0.22,0.037,0.371,0.485,0.092467013
0.274,0.282,0.382,0.404,0.0
0.317,0.224,0.454,0.458,0.018634301
0.065,0.156,0.417,0.396,0.0
0.217,0.282,0.365,0.284,0.0
0.279,0.117,0.287,0.479,0.005802649
0.232,0.191,0.406,0.295,0.0
0.22,0.153,0.448,0.515,0.138545117
0.267,0.194,0.339,0.512,0.048022921
0.17,0.125,0.343,0.529,0.320634196
0.251,0.23,0.341,0.4,0.0
0.108,0.077,0.466,0.551,0.667021321
0.19,0.249,0.373,0.289,0.0
0.128,0.244,0.558,0.306,0.0
0.146,0.02,0.442,0.498,0.312988885
0.22,0.205,0.322,0.345,0.0
0.168,0.125,0.372,0.571,0.363513663
0.126,0.174,0.49,0.522,0.41619528
0.238,0.295,0.341,0.359,0.0
0.251,0.178,0.281,0.566,0.033261872
0.164,0.065,0.454,0.539,0.364533776
0.123,0.255,0.591,0.311,0.0
0.099,0.076,0.569,0.402,0.0
0.177,0.088,0.377,0.47,0.221276959
0.241,0.254,0.385,0.392,0.0
0.117,0.104,0.473,0.468,0.296272899
0.189,0.174,0.459,0.374,0.0
0.114,0.057,0.464,0.541,0.536246319
0.148,0.007,0.488,0.493,0.299948585
0.247,0.306,0.279,0.312,0.0
0.161,0.255,0.444,0.301,0.0
0.267,0.263,0.303,0.397,0.0
0.102,0.129,0.584,0.379,0.0
0.264,0.186,0.37,0.328,0.0
0.148,0.082,0.498,0.344,0.0
0.272,0.077,0.352,0.557,0.058516551
0.055,0.148,0.553,0.516,0.834593176
0.155,0.136,0.414,0.446,0.131640436
0.282,0.248,0.35,0.376,0.0
0.237,0.091,0.329,0.514,0.076100863
0.148,0.132,0.374,0.532,0.361319238
0.166,0.242,0.44,0.366,0.0
0.083,0.227,0.568,0.411,0.0
0.05,0.135,0.496,0.447,0.337580996
0.178,0.033,0.444,0.441,0.097418202
0.094,0.285,0.49,0.317,0.0
0.146,0.162,0.21,0.45,0.09276818
0.285,0.143,0.339,0.407,0.0
0.105,0.288,0.429,0.342,0.0
0.154,0.12,0.394,0.562,0.388519698
0.193,0.166,0.371,0.448,0.099108111
0.259,0.114,0.289,0.584,0.03356304
0.215,0.245,0.311,0.247,0.0
0.042,0.051,0.528,0.47,0.597152934
0.096,0.135,0.516,0.441,0.232968511
0.227,0.125,0.251,0.563,0.04121606
0.146,0.161,0.548,0.425,0.086992515
0.177,0.131,0.371,0.499,0.273360578
0.087,0.252,0.484,0.38,0.0
0.217,0.223,0.239,0.49,0.032235976
0.236,0.297,0.365,0.457,0.046222182
0.073,0.104,0.549,0.442,0.285466537
0.142,0.031,0.502,0.503,0.337493778
0.145,0.087,0.477,0.469,0.250264666
0.292,0.093,0.336,0.55,0.029637746
0.341,0.308,0.345,0.316,0.0
0.2,0.261,0.406,0.28,0.0
0.11,0.069,0.484,0.506,0.495938097
0.276,0.165,0.28,0.443,0.001490416
0.152,0.219,0.424,0.409,0.0
0.059,0.205,0.501,0.341,0.0
0.087,0.123,0.523,0.477,0.646155492
0.067,0.128,0.521,0.426,0.231400514
0.214,0.137,0.358,0.353,0.0
0.113,0.159,0.453,0.413,0.0
0.287,0.164,0.309,0.338,0.0
0.109,0.177,0.449,0.422,0.112819653
0.181,0.289,0.437,0.387,0.0
0.143,0.117,0.493,0.577,0.435128338
0.183,0.061,0.457,0.537,0.341199821
0.058,0.263,0.527,0.331,0.0
0.175,0.118,0.429,0.504,0.301243363
0.086,0.192,0.556,0.366,0.0
0.326,0.226,0.396,0.358,0.0
0.142,0.21,0.548,0.385,0.0
0.093,0.288,0.427,0.296,0.0
0.199,0.282,0.39,0.322,0.0
0.075,0.306,0.545,0.35,0.0
0.262,0.352,0.298,0.364,0.0
0.176,0.101,0.536,0.421,0.080433334
0.133,0.112,0.501,0.426,0.091098991
0.113,0.127,0.48,0.473,0.337177191
0.251,0.111,0.427,0.541,0.100223635
0.209,0.234,0.415,0.388,0.0
0.088,0.164,0.438,0.37,0.0
0.316,0.275,0.327,0.341,0.0
0.068,0.126,0.472,0.393,0.0
0.083,0.225,0.501,0.481,0.660392269
0.206,0.164,0.424,0.622,0.235269911
0.09,0.223,0.512,0.387,0.0
0.173,0.112,0.441,0.44,0.09441183
0.227,0.176,0.326,0.43,0.020905824
0.216,0.1,0.516,0.544,0.175842148
0.13,0.112,0.442,0.454,0.197337778
0.257,0.208,0.295,0.434,0.008332454
0.27,0.237,0.386,0.317,0.0
0.172,0.21,0.463,0.352,0.0
0.129,0.128,0.558,0.41,0.0
0.165,0.239,0.376,0.518,0.324006787
0.156,0.088,0.486,0.461,0.213291449
0.035,0.215,0.459,0.479,0.651137039
0.072,0.09,0.57,0.468,0.582138422
0.194,0.168,0.484,0.412,0.0
0.267,0.137,0.325,0.403,0.0
0.137,0.262,0.539,0.32,0.0
0.323,0.291,0.391,0.363,0.0
0.24,0.079,0.332,0.533,0.080990373
0.215,0.292,0.319,0.41,0.0
0.09,0.299,0.493,0.321,0.0
0.249,0.079,0.275,0.509,0.022164944
0.25,0.057,0.414,0.552,0.103190011
0.147,0.291,0.519,0.351,0.0
0.203,0.298,0.431,0.468,0.121903338
0.246,0.302,0.477,0.306,0.0
0.144,0.022,0.606,0.492,0.303865686
0.235,0.107,0.465,0.498,0.096971511
0.253,0.077,0.409,0.446,0.02987868
0.14,0.286,0.422,0.288,0.0
0.001,0.235,0.501,0.323,0.0
0.112,0.202,0.54,0.462,0.295672974
0.186,0.187,0.392,0.415,0.0
0.051,0.303,0.515,0.315,0.0
0.106,0.179,0.348,0.289,0.0
0.321,0.196,0.337,0.381,0.0
0.25,0.107,0.38,0.511,0.075243138
0.312,0.039,0.452,0.512,0.038575426
0.209,0.057,0.321,0.497,0.114506189
0.174,0.223,0.304,0.339,0.0
0.307,0.206,0.319,0.373,0.0
0.208,0.224,0.376,0.366,0.0
0.275,0.287,0.371,0.457,0.026850624
0.164,0.31,0.411,0.364,0.0
0.17,0.306,0.366,0.308,0.0
0.269,0.095,0.273,0.527,0.00375423
0.155,0.119,0.407,0.405,0.0
0.192,0.032,0.27,0.508,0.194253344
0.207,0.172,0.263,0.448,0.037027186
0.27,0.086,0.316,0.5,0.032894207
0.158,0.065,0.432,0.539,0.369851667
0.018,0.237,0.449,0.407,0.0
0.049,0.078,0.475,0.54,0.899149456
0.237,0.131,0.425,0.441,0.02886965
0.14,0.219,0.405,0.385,0.0
0.278,0.261,0.332,0.335,0.0
0.272,0.165,0.304,0.571,0.033270064
0.034,0.25,0.522,0.34,0.0
0.314,0.207,0.35,0.361,0.0
0.27,0.288,0.346,0.328,0.0
0.248,0.23,0.356,0.416,0.0
0.189,0.197,0.377,0.469,0.193478019
0.285,0.037,0.363,0.465,0.022994238
0.246,0.165,0.334,0.455,0.03270146
0.06,0.083,0.512,0.55,0.917110105
0.18,0.229,0.42,0.327,0.0
0.023,0.252,0.495,0.33,0.0
0.208,0.025,0.408,0.493,0.137227209
0.144,0.227,0.484,0.411,0.0
0.254,0.089,0.376,0.579,0.091207893
0.213,0.285,0.377,0.329,0.0
0.104,0.156,0.512,0.332,0.0
0.047,0.203,0.535,0.411,0.0
0.253,0.244,0.279,0.34,0.0
0.076,0.111,0.542,0.445,0.31166134
0.185,0.188,0.399,0.347,0.0
0.103,0.219,0.557,0.317,0.0
0.335,0.248,0.369,0.378,0.0
0.264,0.148,0.38,0.434,0.015476141
0.226,0.082,0.406,0.536,0.133976048
0.031,0.102,0.512,0.487,0.682981257
0.25,0.201,0.304,0.502,0.042657808
0.096,0.15,0.54,0.394,0.0
0.235,0.196,0.327,0.35,0.0
0.283,0.194,0.371,0.35,0.0
0.252,0.234,0.338,0.494,0.05200122
0.282,0.237,0.352,0.271,0.0
0.154,0.087,0.298,0.5,0.266452525
0.084,0.066,0.395,0.362,0.0
0.235,0.095,0.494,0.469,0.072084015
0.133,0.186,0.515,0.422,0.09124596
0.147,0.055,0.491,0.536,0.389651605
0.285,0.061,0.315,0.463,0.012533375
0.136,0.318,0.51,0.386,0.0
0.224,0.188,0.408,0.345,0.0
0.253,0.114,0.395,0.52,0.082252384
0.074,0.206,0.506,0.352,0.0
0.258,0.261,0.43,0.394,0.0
0.187,0.221,0.295,0.272,0.0
0.131,0.21,0.463,0.276,0.0
0.075,0.327,0.511,0.341,0.0
0.049,0.207,0.515,0.405,0.0
0.069,0.174,0.541,0.524,0.869526647
0.228,0.063,0.256,0.503,0.033229587
0.196,0.204,0.342,0.363,0.0
0.322,0.096,0.344,0.544,0.010023809
0.289,0.232,0.335,0.4,0.0
0.16,0.242,0.591,0.348,0.0
0.119,0.101,0.496,0.527,0.458188592
0.164,0.257,0.374,0.291,0.0
0.122,0.184,0.358,0.424,0.092322934
0.181,0.103,0.513,0.49,0.266140275
0.256,0.342,0.395,0.36,0.0
0.092,0.276,0.482,0.286,0.0
0.225,0.331,0.295,0.333,0.0
0.04,0.074,0.516,0.466,0.555530659
0.11,0.261,0.39,0.373,0.0
0.119,0.177,0.549,0.384,0.0
0.075,0.079,0.455,0.541,0.898409307
0.128,0.214,0.43,0.302,0.0
0.19,0.239,0.485,0.381,0.0
0.086,0.27,0.452,0.3,0.0
0.268,0.086,0.36,0.54,0.061870832
0.355,0.125,0.405,0.441,0.004348855
0.107,0.19,0.553,0.428,0.120326668
0.1,0.165,0.556,0.411,0.0
0.106,0.216,0.556,0.302,0.0
0.207,0.063,0.531,0.509,0.175325104
0.058,0.164,0.478,0.374,0.0
0.078,0.068,0.502,0.564,0.937854022
0.148,0.227,0.429,0.385,0.0
0.25,0.094,0.416,0.38,0.0
0.212,0.167,0.488,0.471,0.105664401
0.291,0.163,0.355,0.485,0.02381775
0.124,0.104,0.514,0.489,0.330982301
0.05,0.037,0.536,0.532,0.888572463
0.112,0.102,0.582,0.438,0.114840124
0.231,0.114,0.284,0.229,0.0
0.032,0.171,0.424,0.385,0.0
0.103,0.252,0.525,0.34,0.0
0.234,0.033,0.452,0.489,0.088914203
0.269,0.205,0.317,0.281,0.0
0.091,0.213,0.439,0.309,0.0
0.068,0.218,0.471,0.262,0.0
0.202,0.147,0.312,0.561,0.195813149
0.262,0.256,0.36,0.378,0.0
0.172,0.091,0.382,0.499,0.280672918
0.263,0.198,0.283,0.392,0.0
0.231,0.078,0.359,0.546,0.110971691
0.118,0.072,0.488,0.442,0.135904964
0.144,0.085,0.411,0.382,0.0
0.256,0.186,0.39,0.416,0.0
0.125,0.303,0.341,0.371,0.0
0.347,0.205,0.373,0.425,0.002013725
0.167,0.184,0.493,0.342,0.0
0.302,0.1,0.34,0.37,0.0
0.165,0.213,0.349,0.339,0.0
0.094,0.202,0.484,0.484,0.652726238
0.141,0.149,0.333,0.42,0.080812082
0.258,0.094,0.326,0.592,0.065490621
0.233,0.101,0.303,0.559,0.08224612
0.24,0.331,0.348,0.389,0.0
0.178,0.289,0.33,0.425,0.071892231
0.232,0.104,0.368,0.434,0.022127359
0.082,0.164,0.513,0.46,0.485520602
0.089,0.059,0.476,0.558,0.925970204
0.242,0.101,0.254,0.477,0.009148256
0.045,0.106,0.507,0.556,0.926124402
0.182,0.235,0.438,0.299,0.0
0.298,0.177,0.348,0.367,0.0
0.204,0.224,0.424,0.396,0.0
0.295,0.157,0.365,0.383,0.0
0.142,0.213,0.486,0.403,0.0
0.179,0.113,0.423,0.523,0.330204085
0.202,0.242,0.348,0.448,0.06676757
0.151,0.324,0.449,0.39,0.0
0.268,0.204,0.282,0.382,0.0
0.283,0.233,0.301,0.417,0.0
0.261,0.184,0.422,0.348,0.0
0.281,0.361,0.351,0.399,0.0
0.209,0.082,0.391,0.56,0.192654025
0.152,0.06,0.418,0.524,0.359876526
0.055,0.096,0.526,0.414,0.0
0.195,0.116,0.463,0.576,0.309443785
0.075,0.031,0.531,0.521,0.856924846
0.23,0.148,0.479,0.474,0.081850988
0.213,0.166,0.297,0.231,0.0
0.067,0.253,0.555,0.388,0.0
0.282,0.132,0.386,0.31,0.0
0.252,0.296,0.374,0.344,0.0
0.257,0.141,0.363,0.583,0.08274678
0.224,0.161,0.4,0.363,0.0
0.09,0.182,0.516,0.549,0.910512856
0.208,0.107,0.412,0.537,0.188193377
0.088,0.186,0.505,0.42,0.231256436
0.213,0.215,0.297,0.333,0.0
0.103,0.066,0.515,0.53,0.734369541
0.126,0.102,0.438,0.41,0.0
0.084,0.162,0.499,0.474,0.627225325
0.179,0.154,0.385,0.504,0.288781304
0.0,0.28,0.487,0.338,0.0
0.184,0.195,0.399,0.517,0.308672315
0.066,0.025,0.442,0.431,0.230180426
0.147,0.152,0.585,0.324,0.0
0.216,0.188,0.38,0.352,0.0
0.289,0.11,0.397,0.418,0.0
0.155,0.191,0.451,0.465,0.228639895
0.077,0.283,0.545,0.337,0.0
0.223,0.154,0.365,0.448,0.043958369
0.115,0.227,0.403,0.511,0.443192874
0.112,0.192,0.508,0.358,0.0
0.129,0.0,0.463,0.462,0.244466835
0.087,0.099,0.551,0.551,0.920353074
0.254,0.098,0.412,0.448,0.032724108
0.145,0.22,0.469,0.386,0.0
0.164,0.304,0.393,0.366,0.0
0.238,0.071,0.298,0.449,0.023517065
0.057,0.122,0.505,0.536,0.894834813
0.267,0.04,0.42,0.528,0.078203251
0.178,0.234,0.408,0.499,0.282690016
0.204,0.118,0.312,0.452,0.067388697
0.083,0.325,0.391,0.421,0.228351256
0.039,0.23,0.48,0.349,0.0
0.1,0.256,0.47,0.26,0.0
0.266,0.142,0.324,0.368,0.0
0.318,0.13,0.366,0.344,0.0
0.233,0.144,0.371,0.498,0.083485483
0.304,0.167,0.406,0.363,0.0
0.073,0.068,0.506,0.422,0.23126511
0.238,0.202,0.422,0.349,0.0
0.228,0.199,0.278,0.271,0.0
0.148,0.172,0.478,0.412,0.0
0.291,0.163,0.387,0.369,0.0
0.224,0.346,0.382,0.351,0.0
0.198,0.187,0.361,0.459,0.113363681
0.1,0.073,0.478,0.571,0.867634353
0.293,0.049,0.383,0.329,0.0
0.088,0.056,0.496,0.364,0.0
0.301,0.046,0.349,0.426,0.004921795
0.217,0.113,0.441,0.469,0.092201022
0.203,0.047,0.377,0.507,0.171431132
0.139,0.228,0.503,0.512,0.365328858
0.142,0.286,0.494,0.358,0.0
0.281,0.183,0.411,0.465,0.034138389
0.169,0.235,0.475,0.303,0.0
0.168,0.17,0.452,0.56,0.378717066
0.298,0.2,0.344,0.381,0.0
0.204,0.106,0.506,0.522,0.205412433
0.125,0.178,0.429,0.45,0.176613136
0.171,0.213,0.586,0.395,0.0
0.201,0.124,0.368,0.414,0.0
0.193,0.134,0.317,0.44,0.058615816
0.272,0.296,0.31,0.298,0.0
0.266,0.213,0.348,0.323,0.0
0.194,0.195,0.512,0.435,0.055678833
0.135,0.22,0.445,0.408,0.0
0.014,0.016,0.464,0.504,0.760766247
0.202,0.218,0.424,0.466,0.120735291
0.242,0.16,0.304,0.633,0.074803193
0.056,0.178,0.555,0.435,0.231679034
0.092,0.325,0.524,0.332,0.0
0.282,0.079,0.285,0.373,0.0
0.298,0.253,0.318,0.273,0.0
0.213,0.178,0.365,0.36,0.0
0.077,0.28,0.517,0.338,0.0
0.319,0.287,0.347,0.327,0.0
0.303,0.126,0.375,0.502,0.025904237
0.175,0.088,0.356,0.498,0.26875537
0.08,0.187,0.554,0.375,0.0
0.19,0.123,0.478,0.423,0.064870457
0.129,0.126,0.363,0.438,0.093131026
0.303,0.19,0.343,0.472,0.012283768
0.061,0.233,0.441,0.325,0.0
0.221,0.142,0.367,0.37,0.0
0.244,0.322,0.34,0.356,0.0
0.265,0.109,0.369,0.517,0.060568825
0.217,0.294,0.443,0.466,0.087830483
0.208,0.228,0.348,0.242,0.0
0.191,0.083,0.415,0.503,0.255213928
0.234,0.171,0.354,0.405,0.0
0.238,0.29,0.44,0.302,0.0
0.167,0.193,0.407,0.346,0.0
0.189,0.228,0.493,0.422,0.06743062
0.139,0.179,0.493,0.469,0.257037314
0.114,0.277,0.468,0.369,0.0
0.206,0.219,0.432,0.349,0.0
0.269,0.302,0.285,0.346,0.0
0.072,0.317,0.53,0.344,0.0
0.181,0.046,0.317,0.448,0.123427967
0.229,0.278,0.409,0.372,0.0
0.247,0.348,0.457,0.367,0.0
0.044,0.092,0.516,0.536,0.895480998
0.075,0.068,0.44,0.55,0.910226145
0.28,0.279,0.466,0.291,0.0
0.265,0.307,0.331,0.327,0.0
0.193,0.189,0.341,0.341,0.0
0.162,0.266,0.5,0.298,0.0
0.252,0.151,0.304,0.345,0.0
0.205,0.096,0.377,0.47,0.109994945
0.161,0.124,0.457,0.512,0.332517532
0.213,0.106,0.408,0.524,0.159472143
0.105,0.073,0.362,0.511,0.59421836
0.269,0.172,0.445,0.49,0.059667251
0.152,0.124,0.454,0.442,0.114504262
0.233,0.217,0.318,0.396,0.0
0.099,0.081,0.535,0.493,0.647228129
0.215,0.017,0.404,0.491,0.115848672
0.285,0.323,0.351,0.323,0.0
0.099,0.172,0.599,0.554,0.866443658
0.221,0.321,0.501,0.337,0.0
0.273,0.247,0.345,0.433,0.010704688
0.174,0.172,0.528,0.352,0.0
0.203,0.295,0.398,0.31,0.0
0.247,0.056,0.345,0.507,0.065053085
0.192,0.181,0.43,0.349,0.0
0.09,0.191,0.436,0.395,0.0
0.189,0.168,0.477,0.428,0.067197396
0.146,0.087,0.536,0.445,0.132856188
0.077,0.194,0.475,0.37,0.0
0.092,0.138,0.552,0.544,0.898746614
0.145,0.192,0.433,0.404,0.0
0.163,0.209,0.391,0.284,0.0
0.142,0.24,0.432,0.396,0.0
0.196,0.055,0.387,0.498,0.204666502
0.036,0.202,0.531,0.344,0.0
0.034,0.129,0.452,0.395,0.0
0.263,0.053,0.459,0.497,0.068898388
0.2,0.183,0.42,0.445,0.068257022
0.111,0.304,0.433,0.412,0.0
0.223,0.15,0.407,0.376,0.0
0.256,0.246,0.406,0.316,0.0
0.107,0.086,0.393,0.38,0.0
0.059,0.265,0.499,0.477,0.645426908
0.172,0.215,0.41,0.407,0.0
0.16,0.074,0.387,0.484,0.25920861
0.073,0.339,0.483,0.385,0.0
0.267,0.079,0.375,0.474,0.041545658
0.12,0.208,0.57,0.464,0.272099531
0.252,0.156,0.342,0.368,0.0
0.173,0.053,0.525,0.531,0.353964975
0.252,0.187,0.5,0.385,0.0
0.196,0.188,0.348,0.412,0.0
0.121,0.251,0.389,0.301,0.0
0.284,0.038,0.368,0.504,0.038477607
0.217,0.101,0.441,0.477,0.101821508
0.066,0.054,0.536,0.49,0.695203828
0.033,0.07,0.505,0.472,0.616690736
0.233,0.198,0.391,0.323,0.0
0.158,0.279,0.443,0.333,0.0
0.076,0.204,0.47,0.47,0.595226427
0.229,0.233,0.387,0.372,0.0
0.088,0.151,0.38,0.537,0.875463255
0.22,0.169,0.322,0.483,0.07863645
0.109,0.234,0.481,0.398,0.0
0.179,0.044,0.412,0.477,0.240207126
0.061,0.138,0.443,0.44,0.257212714
0.129,0.231,0.495,0.303,0.0
0.249,0.199,0.341,0.328,0.0
0.05,0.291,0.354,0.317,0.0
0.062,0.271,0.524,0.363,0.0
0.042,0.126,0.418,0.61,0.956089818
0.078,0.128,0.422,0.446,0.317720824
0.27,0.118,0.281,0.452,0.005614239
0.293,0.178,0.331,0.481,0.016129553
0.253,0.15,0.309,0.492,0.039261605
0.18,0.218,0.378,0.38,0.0
0.293,0.327,0.379,0.36,0.0
0.297,0.237,0.331,0.375,0.0
0.095,0.115,0.579,0.493,0.682463731
0.309,0.1,0.397,0.55,0.039473145
0.114,0.169,0.44,0.394,0.0
0.239,0.239,0.473,0.337,0.0
0.205,0.092,0.323,0.452,0.067955373
0.098,0.227,0.556,0.369,0.0
0.04,0.216,0.433,0.464,0.533358005
0.137,0.094,0.467,0.577,0.445170458
0.143,0.225,0.405,0.445,0.130466607
0.289,0.15,0.371,0.534,0.042875612
0.09,0.18,0.474,0.344,0.0
0.047,0.017,0.507,0.491,0.69740548
0.177,0.221,0.451,0.455,0.175559292
0.203,0.239,0.367,0.585,0.224695327
0.153,0.15,0.537,0.462,0.223321041
0.105,0.151,0.477,0.525,0.680220638
0.07,0.139,0.566,0.461,0.4970276
0.103,0.269,0.493,0.315,0.0
0.046,0.11,0.536,0.472,0.617451123
0.095,0.192,0.568,0.336,0.0
0.153,0.093,0.343,0.509,0.310288017
0.064,0.065,0.562,0.565,0.943526567
0.128,0.225,0.538,0.333,0.0
0.12,0.301,0.486,0.353,0.0
0.0,0.314,0.39,0.354,0.0
0.176,0.292,0.456,0.301,0.0
0.223,0.072,0.441,0.52,0.135547418
0.312,0.253,0.381,0.301,0.0
0.086,0.294,0.51,0.35,0.0
0.258,0.221,0.354,0.341,0.0
0.174,0.119,0.436,0.405,0.0
0.266,0.122,0.438,0.426,0.017658037
0.103,0.084,0.513,0.558,0.77964389
0.114,0.28,0.49,0.346,0.0
0.118,0.176,0.494,0.352,0.0
0.225,0.138,0.372,0.392,0.0
0.128,0.266,0.426,0.368,0.0
0.248,0.032,0.496,0.484,0.073514679
0.113,0.119,0.391,0.577,0.581293227
0.078,0.166,0.442,0.354,0.0
0.18,0.078,0.49,0.483,0.254553769
0.213,0.267,0.292,0.381,0.0
0.066,0.205,0.482,0.479,0.652402423
0.29,0.028,0.382,0.47,0.026498861
0.179,0.183,0.315,0.319,0.0
0.257,0.146,0.395,0.604,0.099810674
0.136,0.053,0.548,0.441,0.111625103
0.08,0.064,0.492,0.484,0.673647482
0.18,0.253,0.431,0.431,0.077107966
0.181,0.064,0.489,0.556,0.364853254
0.133,0.099,0.485,0.453,0.190859069
0.254,0.091,0.472,0.503,0.081664024
0.15,0.158,0.45,0.422,0.084750867
0.169,0.136,0.409,0.434,0.079711978
0.23,0.099,0.34,0.393,0.0
0.161,0.017,0.461,0.473,0.247331538
0.021,0.108,0.501,0.46,0.485221845
0.252,0.327,0.294,0.345,0.0
0.078,0.081,0.468,0.443,0.292950904
0.104,0.149,0.434,0.459,0.34795946
0.228,0.174,0.466,0.385,0.0
0.168,0.281,0.433,0.386,0.0
0.276,0.165,0.284,0.439,0.002217555
0.282,0.063,0.288,0.525,0.005961184
0.266,0.137,0.326,0.515,0.044795373
0.143,0.342,0.407,0.398,0.0
0.201,0.138,0.411,0.432,0.042262677
0.226,0.22,0.36,0.306,0.0
0.123,0.277,0.519,0.347,0.0
0.181,0.134,0.389,0.498,0.272500926
0.326,0.108,0.39,0.471,0.014122575
0.287,0.24,0.305,0.382,0.0
0.028,0.247,0.49,0.369,0.0
0.156,0.29,0.39,0.41,0.0
0.256,0.349,0.383,0.374,0.0
0.254,0.14,0.494,0.474,0.061659292
0.158,0.087,0.416,0.546,0.373559156
0.211,0.264,0.453,0.309,0.0
0.197,0.18,0.488,0.426,0.049202533
0.187,0.156,0.411,0.492,0.248099635
0.196,0.199,0.498,0.405,0.0
0.271,0.134,0.381,0.55,0.069658775
0.234,0.147,0.304,0.467,0.042732016
0.233,0.103,0.379,0.491,0.080132649
0.208,0.197,0.314,0.389,0.0
0.284,0.063,0.3,0.511,0.012861045
0.172,0.219,0.558,0.303,0.0
0.165,0.239,0.373,0.411,0.0
0.255,0.234,0.298,0.306,0.0
0.237,0.253,0.289,0.317,0.0
0.24,0.127,0.406,0.429,0.022316733
0.044,0.234,0.506,0.31,0.0
0.119,0.226,0.501,0.462,0.264861398
0.158,0.078,0.392,0.508,0.318189681
0.186,0.206,0.424,0.382,0.0
0.174,0.123,0.454,0.471,0.234533135
0.132,0.118,0.512,0.536,0.42053257
0.136,0.192,0.494,0.38,0.0
0.152,0.236,0.401,0.476,0.253458484
0.087,0.093,0.48,0.459,0.474098414
0.058,0.073,0.546,0.571,0.949955644
0.248,0.149,0.524,0.329,0.0
0.074,0.277,0.432,0.353,0.0
0.247,0.206,0.257,0.379,0.0
0.111,0.263,0.496,0.424,0.109544399
0.268,0.221,0.298,0.441,0.00828234
0.0,0.112,0.468,0.402,0.0
0.077,0.18,0.561,0.434,0.23172192
0.238,0.24,0.288,0.452,0.02266705
0.167,0.219,0.514,0.403,0.0
0.103,0.165,0.45,0.377,0.0
0.255,0.145,0.385,0.487,0.058368618
0.127,0.112,0.551,0.464,0.257178983
0.164,0.11,0.418,0.558,0.375943918
0.187,0.046,0.343,0.514,0.277887242
0.14,0.047,0.474,0.538,0.402168597
0.206,0.253,0.414,0.329,0.0
0.085,0.0,0.508,0.43,0.231281975
0.142,0.227,0.476,0.291,0.0
0.146,0.264,0.394,0.39,0.0
0.167,0.146,0.561,0.468,0.235263647
0.29,0.254,0.41,0.4,0.0
0.317,0.242,0.346,0.398,0.0
0.098,0.098,0.512,0.442,0.244088087
0.258,0.206,0.362,0.38,0.0
0.074,0.153,0.505,0.465,0.54621905
0.011,0.261,0.475,0.268,0.0
0.216,0.161,0.426,0.401,0.0
0.073,0.189,0.457,0.293,0.0
0.155,0.115,0.483,0.515,0.347996081
0.033,0.232,0.493,0.324,0.0
0.264,0.313,0.356,0.443,0.018371201
0.006,0.307,0.498,0.363,0.0
0.09,0.167,0.516,0.451,0.369421359
0.093,0.207,0.523,0.344,0.0
0.205,0.191,0.545,0.497,0.162010621
0.178,0.072,0.274,0.544,0.273843891
0.222,0.16,0.3,0.44,0.022757641
0.139,0.202,0.443,0.402,0.0
0.145,0.283,0.487,0.402,0.0
0.3,0.121,0.402,0.485,0.030276221
0.104,0.08,0.518,0.496,0.549345889
0.315,0.151,0.417,0.333,0.0
0.305,0.142,0.385,0.368,0.0
0.212,0.243,0.308,0.305,0.0
0.307,0.049,0.323,0.547,0.010286427
0.124,0.17,0.436,0.372,0.0
0.044,0.116,0.523,0.522,0.859913389
0.109,0.32,0.447,0.373,0.0
0.252,0.186,0.372,0.548,0.084344653
0.271,0.245,0.392,0.342,0.0
0.203,0.241,0.401,0.364,0.0
0.171,0.135,0.408,0.497,0.281384155
0.255,0.274,0.256,0.296,0.0
0.209,0.099,0.39,0.529,0.17244209
0.1,0.197,0.514,0.421,0.181453978
0.203,0.129,0.503,0.403,0.0
0.247,0.282,0.397,0.318,0.0
0.126,0.197,0.478,0.361,0.0
0.153,0.201,0.409,0.336,0.0
0.287,0.132,0.39,0.54,0.053872312
0.223,0.194,0.397,0.398,0.0
0.247,0.239,0.322,0.401,0.0
0.133,0.079,0.461,0.417,0.0
0.068,0.277,0.525,0.331,0.0
0.324,0.186,0.36,0.434,0.002721106
0.133,0.124,0.557,0.51,0.374160045
0.13,0.082,0.394,0.517,0.3829469
0.212,0.101,0.372,0.517,0.144332828
0.201,0.28,0.329,0.326,0.0
0.257,0.268,0.315,0.282,0.0
0.14,0.213,0.488,0.318,0.0
0.034,0.078,0.473,0.526,0.870829135
0.039,0.304,0.477,0.362,0.0
0.215,0.257,0.447,0.417,0.0
0.217,0.095,0.305,0.375,0.0
0.152,0.297,0.366,0.321,0.0
0.284,0.297,0.328,0.357,0.0
0.23,0.056,0.262,0.474,0.025584758
0.212,0.263,0.384,0.315,0.0
0.231,0.207,0.355,0.359,0.0
0.201,0.137,0.337,0.395,0.0
0.167,0.121,0.409,0.362,0.0
0.108,0.124,0.526,0.38,0.0
0.166,0.098,0.45,0.49,0.274198064
0.291,0.143,0.392,0.386,0.0
0.273,0.241,0.297,0.351,0.0
0.336,0.28,0.396,0.356,0.0
0.299,0.246,0.347,0.422,0.005099123
0.079,0.324,0.473,0.354,0.0
0.139,0.131,0.427,0.517,0.369741801
0.199,0.098,0.437,0.502,0.199073947
0.084,0.101,0.554,0.475,0.633459727
0.171,0.214,0.435,0.458,0.193250096
0.247,0.037,0.357,0.503,0.066497242
0.107,0.217,0.504,0.327,0.0
0.053,0.216,0.481,0.382,0.0
0.21,0.274,0.3,0.41,0.0
0.165,0.098,0.387,0.597,0.383657654
0.036,0.225,0.512,0.401,0.0
0.174,0.182,0.378,0.391,0.0
0.043,0.306,0.501,0.38,0.0
0.06,0.166,0.5,0.498,0.730193195
0.278,0.32,0.43,0.368,0.0
0.132,0.286,0.464,0.324,0.0
0.046,0.26,0.436,0.405,0.0
0.045,0.109,0.492,0.453,0.403220514
0.316,0.109,0.335,0.541,0.009843109
0.292,0.125,0.308,0.571,0.014183772
0.077,0.236,0.46,0.384,0.0
0.106,0.108,0.468,0.548,0.704313052
0.098,0.147,0.432,0.391,0.0
0.247,0.178,0.355,0.342,0.0
0.15,0.108,0.352,0.436,0.079623796
0.12,0.085,0.524,0.549,0.485372669
0.149,0.265,0.519,0.313,0.0
0.221,0.163,0.385,0.553,0.14688769
0.231,0.259,0.377,0.401,0.0
0.24,0.007,0.418,0.475,0.068261841
0.155,0.009,0.419,0.465,0.226584248
0.101,0.262,0.513,0.395,0.0
0.077,0.178,0.567,0.452,0.394860111
0.067,0.287,0.504,0.363,0.0
0.33,0.106,0.38,0.506,0.015401933
0.003,0.098,0.46,0.544,0.903884768
0.2,0.029,0.454,0.515,0.219059886
0.084,0.074,0.388,0.428,0.228150799
0.169,0.126,0.539,0.448,0.144942872
0.269,0.09,0.306,0.513,0.03137777
0.0,0.105,0.457,0.493,0.704317389
0.146,0.119,0.45,0.549,0.40165589
0.125,0.134,0.565,0.468,0.277152394
0.172,0.122,0.459,0.45,0.151894294
0.112,0.248,0.544,0.296,0.0
0.114,0.247,0.476,0.253,0.0
0.27,0.244,0.468,0.39,0.0
0.297,0.221,0.401,0.419,0.009476408
0.114,0.037,0.554,0.405,0.0
0.223,0.109,0.395,0.559,0.149085488
0.146,0.004,0.502,0.482,0.277964823
0.151,0.023,0.385,0.447,0.140009512
0.086,0.211,0.444,0.369,0.0
0.096,0.095,0.504,0.527,0.837832772
0.135,0.198,0.457,0.356,0.0
0.086,0.247,0.513,0.261,0.0
0.234,0.161,0.258,0.513,0.027795567
0.205,0.258,0.357,0.346,0.0
0.254,0.125,0.446,0.445,0.030003002
0.141,0.154,0.361,0.406,0.0
0.03,0.047,0.508,0.458,0.464461544
0.206,0.065,0.365,0.553,0.191820394
0.056,0.231,0.476,0.454,0.412538869
0.28,0.244,0.344,0.39,0.0
0.237,0.291,0.336,0.355,0.0
0.236,0.236,0.416,0.344,0.0
0.291,0.16,0.397,0.587,0.060118279
0.142,0.116,0.52,0.484,0.288040673
0.07,0.056,0.446,0.498,0.726624966
0.172,0.061,0.39,0.507,0.302163248
0.249,0.249,0.37,0.305,0.0
0.19,0.13,0.282,0.468,0.157053168
0.18,0.276,0.402,0.396,0.0
0.126,0.112,0.554,0.49,0.328780167
0.107,0.02,0.487,0.41,0.0
0.164,0.062,0.446,0.46,0.203903706
0.118,0.063,0.542,0.553,0.506594599
0.318,0.099,0.348,0.473,0.007414978
0.107,0.149,0.557,0.527,0.654151602
0.32,0.206,0.402,0.387,0.0
0.142,0.219,0.561,0.317,0.0
0.077,0.099,0.515,0.381,0.0
0.156,0.18,0.492,0.468,0.240014379
0.225,0.215,0.313,0.457,0.046651045
0.171,0.176,0.468,0.539,0.359305031
0.183,0.147,0.548,0.383,0.0
0.305,0.11,0.423,0.524,0.043132929
0.234,0.146,0.252,0.454,0.010170297
0.123,0.234,0.473,0.38,0.0
0.223,0.245,0.329,0.314,0.0
0.164,0.158,0.422,0.432,0.081019767
0.234,0.2,0.426,0.49,0.087450289
0.157,0.029,0.481,0.528,0.364148282
0.242,0.155,0.434,0.408,0.0
0.082,0.22,0.446,0.38,0.0
0.157,0.21,0.598,0.376,0.0
0.234,0.103,0.365,0.491,0.074876919
0.134,0.208,0.472,0.382,0.0
0.155,0.274,0.367,0.326,0.0
0.245,0.202,0.425,0.398,0.0
0.19,0.143,0.374,0.425,0.060961547
0.257,0.123,0.371,0.621,0.090167059
0.175,0.146,0.309,0.468,0.202859017
0.213,0.218,0.325,0.468,0.078683673
0.161,0.227,0.549,0.469,0.24052805
0.061,0.258,0.505,0.368,0.0
0.126,0.26,0.52,0.402,0.0
0.178,0.062,0.41,0.456,0.176719147
0.243,0.21,0.5,0.328,0.0
0.172,0.188,0.381,0.376,0.0
0.335,0.104,0.361,0.444,0.002585219
0.222,0.225,0.38,0.345,0.0
0.217,0.227,0.454,0.415,0.0
0.124,0.033,0.436,0.515,0.404772609
0.086,0.123,0.492,0.561,0.933262788
0.309,0.031,0.393,0.469,0.019812467
0.003,0.259,0.485,0.275,0.0
0.157,0.252,0.527,0.34,0.0
0.23,0.017,0.477,0.509,0.115716641
0.289,0.162,0.382,0.429,0.009800223
0.345,0.161,0.372,0.423,0.002044082
0.103,0.103,0.482,0.399,0.0
0.243,0.226,0.383,0.432,0.020191697
0.096,0.032,0.585,0.47,0.56193227
0.311,0.135,0.355,0.483,0.012830206
0.099,0.208,0.437,0.42,0.186739101
0.119,0.049,0.375,0.541,0.456245702
0.034,0.241,0.526,0.267,0.0
0.316,0.285,0.424,0.333,0.0
0.173,0.304,0.495,0.356,0.0
0.065,0.278,0.537,0.285,0.0
0.239,0.18,0.466,0.33,0.0
0.161,0.111,0.439,0.383,0.0
0.25,0.174,0.394,0.498,0.071934636
0.281,0.232,0.343,0.308,0.0
0.191,0.272,0.366,0.284,0.0
0.268,0.145,0.384,0.371,0.0
0.188,0.152,0.442,0.46,0.178691431
0.234,0.061,0.32,0.555,0.091560138
0.019,0.283,0.453,0.357,0.0
0.201,0.165,0.492,0.345,0.0
0.218,0.0,0.34,0.476,0.080916647
0.07,0.08,0.441,0.49,0.69034853
0.086,0.081,0.493,0.409,0.0
0.069,0.069,0.525,0.475,0.632792822
0.226,0.297,0.329,0.341,0.0
0.181,0.069,0.475,0.423,0.077116639
0.213,0.19,0.351,0.52,0.13736695
0.256,0.289,0.378,0.303,0.0
0.11,0.149,0.46,0.437,0.110695581
0.072,0.308,0.364,0.348,0.0
0.168,0.178,0.37,0.394,0.0
0.18,0.126,0.482,0.538,0.350090278
0.139,0.126,0.455,0.412,0.0
0.04,0.07,0.512,0.482,0.664351775
0.264,0.322,0.354,0.38,0.0
0.21,0.269,0.374,0.327,0.0
0.104,0.068,0.406,0.471,0.446205028
0.006,0.098,0.498,0.52,0.852002087
0.107,0.164,0.521,0.492,0.488058117
0.326,0.184,0.439,0.442,0.008923705
0.178,0.261,0.502,0.333,0.0
0.256,0.111,0.34,0.595,0.075698985
0.041,0.115,0.433,0.473,0.618472682
0.119,0.282,0.429,0.35,0.0
0.174,0.093,0.334,0.46,0.184787055
0.078,0.068,0.464,0.402,0.0
0.206,0.216,0.514,0.334,0.0
0.137,0.226,0.361,0.386,0.0
0.19,0.162,0.556,0.494,0.247381652
0.037,0.153,0.512,0.384,0.0
0.165,0.322,0.521,0.348,0.0
0.132,0.119,0.35,0.489,0.291055719
0.188,0.187,0.426,0.519,0.304179864
0.069,0.318,0.437,0.328,0.0
0.069,0.112,0.473,0.424,0.230783724
0.186,0.191,0.406,0.419,0.070409525
0.091,0.249,0.365,0.353,0.0
0.044,0.286,0.432,0.488,0.683801877
0.22,0.117,0.326,0.411,0.0
0.23,0.086,0.29,0.532,0.069535899
0.127,0.136,0.529,0.532,0.430810323
0.122,0.11,0.528,0.554,0.481370277
0.289,0.303,0.359,0.359,0.0
0.232,0.113,0.34,0.569,0.109214802
0.123,0.246,0.437,0.302,0.0
0.059,0.197,0.509,0.469,0.588829153
0.09,0.19,0.48,0.474,0.620921051
0.242,0.179,0.358,0.359,0.0
0.293,0.168,0.295,0.492,0.001243218
0.384,0.271,0.464,0.393,0.0
0.104,0.277,0.496,0.297,0.0
0.211,0.146,0.417,0.314,0.0
0.349,0.291,0.383,0.411,0.0
0.129,0.113,0.459,0.517,0.395555446
0.241,0.313,0.291,0.357,0.0
0.075,0.195,0.433,0.335,0.0
0.04,0.289,0.508,0.331,0.0
0.064,0.212,0.558,0.38,0.0
0.269,0.146,0.327,0.398,0.0
0.078,0.311,0.416,0.416,0.0
0.25,0.224,0.362,0.492,0.058304048
0.0,0.267,0.446,0.376,0.0
0.06,0.164,0.473,0.455,0.42231548
0.327,0.177,0.391,0.451,0.009353531
0.021,0.093,0.501,0.461,0.495738604
0.086,0.149,0.509,0.509,0.794307602
0.213,0.148,0.363,0.436,0.030202495
0.211,0.117,0.329,0.461,0.073528172
0.294,0.089,0.346,0.462,0.01470708
0.217,0.274,0.419,0.416,0.0
0.27,0.153,0.316,0.397,0.0
0.081,0.231,0.514,0.303,0.0
0.279,0.117,0.301,0.564,0.022216504
0.157,0.134,0.483,0.55,0.38786484
0.119,0.121,0.455,0.527,0.454769742
0.261,0.053,0.389,0.419,0.016728514
0.158,0.318,0.411,0.344,0.0
0.04,0.102,0.454,0.53,0.879381802
0.263,0.177,0.359,0.445,0.020385889
0.263,0.192,0.317,0.468,0.027917961
0.292,0.132,0.411,0.514,0.047913056
0.116,0.187,0.468,0.472,0.314536162
0.258,0.287,0.287,0.331,0.0
0.074,0.21,0.479,0.486,0.678716729
0.127,0.257,0.357,0.327,0.0
0.253,0.15,0.303,0.472,0.029906147
0.325,0.172,0.325,0.418,0.0
0.274,0.251,0.336,0.427,0.009831062
0.138,0.155,0.5,0.453,0.187232052
0.27,0.217,0.289,0.425,0.004676043
0.0,0.279,0.471,0.333,0.0
0.188,0.118,0.394,0.388,0.0
0.074,0.072,0.534,0.506,0.774740406
0.129,0.287,0.577,0.317,0.0
0.199,0.194,0.525,0.452,0.100038598
0.064,0.111,0.394,0.545,0.892988297
0.13,0.057,0.532,0.514,0.391618588
0.259,0.18,0.384,0.446,0.025595841
0.137,0.075,0.503,0.407,0.0
0.273,0.207,0.289,0.471,0.010781787
0.113,0.14,0.487,0.458,0.261008385
0.113,0.159,0.563,0.571,0.598870792
0.125,0.176,0.437,0.444,0.138265633
0.23,0.262,0.337,0.362,0.0
0.193,0.287,0.532,0.363,0.0
0.168,0.274,0.566,0.33,0.0
0.13,0.134,0.598,0.464,0.253324525
0.139,0.114,0.399,0.396,0.0
0.223,0.367,0.272,0.383,0.0
0.253,0.136,0.321,0.52,0.05535791
0.142,0.173,0.486,0.443,0.123676129
0.238,0.242,0.374,0.318,0.0
0.1,0.155,0.57,0.525,0.795851024
0.2,0.159,0.372,0.479,0.142335487
0.211,0.188,0.363,0.457,0.073938241
0.159,0.276,0.505,0.32,0.0
0.258,0.273,0.4,0.299,0.0
0.294,0.103,0.306,0.505,0.008013458
0.119,0.062,0.455,0.542,0.476373311
0.177,0.27,0.455,0.362,0.0
0.217,0.174,0.403,0.371,0.0
0.273,0.092,0.321,0.438,0.009235956
0.242,0.019,0.398,0.401,0.0
0.299,0.284,0.355,0.304,0.0
0.129,0.237,0.526,0.431,0.093436048
0.212,0.254,0.394,0.448,0.058742065
0.097,0.164,0.459,0.512,0.762759733
0.209,0.26,0.411,0.32,0.0
0.107,0.338,0.509,0.363,0.0
0.257,0.102,0.265,0.552,0.008133924
0.273,0.198,0.349,0.344,0.0
0.261,0.241,0.355,0.415,0.0
0.149,0.196,0.531,0.526,0.376293754
0.146,0.254,0.33,0.412,0.0
0.12,0.064,0.39,0.538,0.451849143
0.091,0.146,0.439,0.568,0.9293905
0.132,0.112,0.546,0.452,0.188066646
0.098,0.25,0.512,0.304,0.0
0.24,0.288,0.336,0.336,0.0
0.019,0.286,0.469,0.324,0.0
0.089,0.341,0.571,0.431,0.231391359
0.284,0.142,0.354,0.538,0.042667927
0.278,0.278,0.304,0.338,0.0
0.169,0.123,0.507,0.581,0.395513524
0.061,0.117,0.463,0.515,0.825354811
0.275,0.306,0.361,0.334,0.0
0.058,0.218,0.5,0.376,0.0
0.118,0.203,0.422,0.461,0.254734469
0.091,0.268,0.451,0.31,0.0
0.166,0.123,0.431,0.484,0.261753352
0.087,0.066,0.527,0.5,0.740004501
0.106,0.124,0.538,0.56,0.729383658
0.131,0.233,0.473,0.381,0.0
0.326,0.112,0.346,0.468,0.004257782
0.154,0.136,0.502,0.409,0.0
0.101,0.118,0.405,0.478,0.543482042
0.073,0.341,0.476,0.393,0.0
0.316,0.03,0.351,0.502,0.011996575
0.255,0.232,0.301,0.286,0.0
0.225,0.004,0.303,0.494,0.069322913
0.121,0.274,0.419,0.352,0.0
0.115,0.148,0.502,0.364,0.0
0.068,0.196,0.484,0.382,0.0
0.263,0.054,0.383,0.456,0.033674351
0.062,0.304,0.542,0.388,0.0
0.278,0.002,0.311,0.46,0.014573121
0.093,0.236,0.417,0.4,0.0
0.079,0.236,0.574,0.322,0.0
0.245,0.124,0.377,0.464,0.048441183
0.136,0.15,0.568,0.544,0.423463288
0.183,0.055,0.353,0.507,0.27771907
0.17,0.116,0.492,0.418,0.0
0.283,0.162,0.497,0.454,0.029813146
0.336,0.232,0.362,0.368,0.0
0.242,0.272,0.418,0.328,0.0
0.061,0.156,0.425,0.512,0.802631382
0.015,0.188,0.515,0.341,0.0
0.233,0.287,0.427,0.379,0.0
0.301,0.222,0.408,0.346,0.0
0.108,0.111,0.532,0.597,0.718450564
0.098,0.198,0.422,0.428,0.189603322
0.093,0.109,0.583,0.403,0.0
0.249,0.134,0.313,0.472,0.036680241
0.237,0.207,0.397,0.379,0.0
0.247,0.088,0.481,0.421,0.02234709
0.17,0.105,0.406,0.441,0.098431569
0.075,0.16,0.423,0.45,0.362473792
0.197,0.208,0.383,0.443,0.066503988
0.246,0.07,0.282,0.524,0.035246685
0.028,0.144,0.4,0.514,0.812306319
0.308,0.033,0.314,0.463,0.00204601
0.245,0.221,0.381,0.393,0.0
0.145,0.255,0.337,0.391,0.0
0.186,0.125,0.34,0.331,0.0
0.335,0.067,0.363,0.499,0.007575922
0.189,0.191,0.401,0.448,0.119235719
0.186,0.126,0.425,0.442,0.097965121
0.138,0.285,0.484,0.43,0.088940706
0.247,0.236,0.365,0.354,0.0
0.075,0.188,0.395,0.406,0.0
0.104,0.062,0.416,0.518,0.666184799
0.182,0.241,0.566,0.379,0.0
0.101,0.29,0.585,0.404,0.0
0.29,0.099,0.401,0.487,0.036602178
0.134,0.184,0.352,0.237,0.0
0.159,0.23,0.449,0.461,0.21007402
0.247,0.255,0.399,0.365,0.0
0.078,0.052,0.521,0.472,0.617128754
0.056,0.12,0.534,0.41,0.0
0.224,0.027,0.32,0.521,0.098483611
0.263,0.185,0.309,0.397,0.0
0.134,0.115,0.456,0.477,0.282083827
0.26,0.289,0.417,0.359,0.0
0.229,0.143,0.437,0.392,0.0
0.282,0.128,0.396,0.526,0.05749451
0.226,0.123,0.344,0.475,0.06923425
0.075,0.338,0.514,0.366,0.0
0.277,0.209,0.373,0.282,0.0
0.288,0.202,0.314,0.379,0.0
0.181,0.31,0.441,0.32,0.0
0.259,0.242,0.353,0.336,0.0
0.133,0.204,0.465,0.3,0.0
0.297,0.151,0.361,0.385,0.0
0.156,0.125,0.436,0.347,0.0
0.128,0.142,0.51,0.376,0.0
0.199,0.281,0.369,0.297,0.0
0.157,0.167,0.369,0.327,0.0
0.047,0.323,0.471,0.365,0.0
0.131,0.112,0.489,0.51,0.376356397
0.189,0.124,0.373,0.444,0.095366892
0.121,0.147,0.545,0.359,0.0
0.041,0.237,0.533,0.301,0.0
0.254,0.096,0.48,0.458,0.047280364
0.062,0.289,0.376,0.299,0.0
0.193,0.171,0.375,0.427,0.053669446
0.141,0.28,0.487,0.424,0.087912882
0.099,0.1,0.438,0.472,0.558156837
0.09,0.179,0.588,0.475,0.628473362
0.172,0.214,0.44,0.532,0.348771406
0.217,0.318,0.453,0.352,0.0
0.024,0.199,0.426,0.473,0.617972504
0.043,0.177,0.457,0.416,0.0
0.118,0.243,0.454,0.309,0.0
0.271,0.082,0.307,0.56,0.036070678
0.205,0.216,0.317,0.298,0.0
0.253,0.159,0.312,0.539,0.054984944
0.172,0.335,0.44,0.351,0.0
0.222,0.157,0.412,0.471,0.084529208
0.092,0.092,0.494,0.558,0.916687026
0.23,0.297,0.29,0.381,0.0
0.224,0.132,0.359,0.5,0.096032351
0.229,0.096,0.421,0.422,0.026517654
0.191,0.292,0.433,0.38,0.0
0.079,0.107,0.51,0.485,0.677290401
0.254,0.323,0.366,0.407,0.0
0.099,0.234,0.476,0.315,0.0
0.212,0.2,0.34,0.436,0.029172744
0.296,0.22,0.374,0.336,0.0
0.131,0.134,0.487,0.51,0.37622822
0.17,0.249,0.392,0.347,0.0
0.056,0.321,0.446,0.366,0.0
0.129,0.131,0.417,0.481,0.294704902
0.26,0.105,0.334,0.461,0.029957225
0.136,0.128,0.464,0.568,0.440903039
0.223,0.139,0.389,0.321,0.0
0.269,0.313,0.317,0.365,0.0
0.221,0.026,0.419,0.514,0.131989308
0.161,0.116,0.371,0.422,0.078617657
0.352,0.146,0.37,0.392,0.0
0.25,0.019,0.37,0.485,0.056825196
0.249,0.077,0.395,0.513,0.082828216
0.231,0.195,0.443,0.427,0.02628443
0.246,0.115,0.368,0.521,0.080177944
0.079,0.048,0.437,0.478,0.645950698
0.289,0.242,0.384,0.406,0.0
0.129,0.217,0.459,0.381,0.0
0.007,0.095,0.505,0.523,0.862134799
0.207,0.286,0.385,0.346,0.0
0.068,0.261,0.488,0.331,0.0
0.105,0.32,0.511,0.412,0.0
0.174,0.3,0.504,0.312,0.0
0.165,0.198,0.598,0.36,0.0
0.187,0.2,0.435,0.362,0.0
0.283,0.182,0.457,0.414,0.0
0.184,0.105,0.524,0.523,0.329453818
0.275,0.266,0.359,0.352,0.0
0.267,0.189,0.409,0.439,0.018295548
0.264,0.224,0.356,0.444,0.019081474
0.136,0.107,0.476,0.475,0.274985436
0.115,0.199,0.471,0.328,0.0
0.088,0.197,0.542,0.454,0.413930502
0.24,0.31,0.39,0.372,0.0
0.221,0.214,0.425,0.508,0.127060767
0.241,0.191,0.401,0.295,0.0
0.196,0.143,0.432,0.429,0.050180243
0.311,0.302,0.313,0.302,0.0
0.111,0.209,0.351,0.297,0.0
0.277,0.271,0.405,0.333,0.0
0.06,0.137,0.524,0.471,0.604427206
0.056,0.088,0.526,0.468,0.581259014
0.327,0.175,0.332,0.397,0.0
0.286,0.076,0.306,0.364,0.0
0.187,0.165,0.473,0.542,0.335851091
0.182,0.087,0.372,0.585,0.351746457
0.103,0.135,0.555,0.515,0.681479276
0.101,0.269,0.521,0.439,0.182157504
0.175,0.092,0.317,0.518,0.294391688
0.274,0.215,0.284,0.451,0.004665442
0.117,0.102,0.508,0.574,0.541282799
0.051,0.283,0.507,0.307,0.0
0.307,0.292,0.395,0.328,0.0
0.289,0.218,0.349,0.382,0.0
0.158,0.104,0.418,0.524,0.351589368
0.163,0.115,0.359,0.533,0.335687256
0.215,0.218,0.455,0.378,0.0
0.239,0.125,0.403,0.359,0.0
0.322,0.322,0.37,0.42,0.003667012
0.317,0.306,0.339,0.316,0.0
0.315,0.061,0.341,0.486,0.008249573
0.096,0.179,0.486,0.453,0.36791986
0.206,0.224,0.434,0.298,0.0
0.253,0.026,0.267,0.46,0.006653145
0.066,0.231,0.428,0.291,0.0
0.085,0.266,0.337,0.472,0.596177634
0.131,0.117,0.567,0.411,0.0
0.221,0.107,0.395,0.435,0.028564145
0.109,0.24,0.478,0.328,0.0
0.218,0.177,0.402,0.517,0.138019399
0.132,0.298,0.368,0.338,0.0
0.102,0.366,0.532,0.386,0.0
0.042,0.13,0.492,0.522,0.85823649
0.208,0.03,0.294,0.526,0.12979392
0.238,0.2,0.422,0.397,0.0
0.128,0.175,0.538,0.391,0.0
0.208,0.179,0.338,0.455,0.07063793
0.281,0.286,0.323,0.45,0.012081865
0.211,0.292,0.455,0.372,0.0
0.072,0.248,0.512,0.28,0.0
0.219,0.13,0.458,0.42,0.031431257
0.13,0.222,0.542,0.442,0.125749123
0.227,0.194,0.331,0.448,0.036846485
0.211,0.361,0.44,0.385,0.0
0.057,0.097,0.543,0.435,0.231572059
0.183,0.271,0.455,0.375,0.0
0.162,0.305,0.531,0.309,0.0
0.185,0.286,0.364,0.352,0.0
0.177,0.199,0.427,0.335,0.0
0.15,0.12,0.5,0.424,0.085602809
0.246,0.238,0.491,0.344,0.0
0.028,0.122,0.528,0.5,0.740034858
0.101,0.064,0.438,0.554,0.812701451
0.087,0.233,0.549,0.355,0.0
0.086,0.22,0.57,0.408,0.0
0.253,0.221,0.375,0.523,0.07590667
0.2,0.122,0.52,0.45,0.088318133
0.088,0.083,0.434,0.395,0.0
0.218,0.246,0.388,0.442,0.039607104
0.312,0.26,0.314,0.274,0.0
0.148,0.251,0.474,0.389,0.0
0.316,0.284,0.326,0.324,0.0
0.16,0.299,0.606,0.401,0.0
0.149,0.239,0.493,0.445,0.131087734
0.192,0.112,0.384,0.504,0.243720422
0.106,0.13,0.474,0.397,0.0
0.164,0.199,0.362,0.387,0.0
0.12,0.221,0.502,0.505,0.395514488
0.197,0.165,0.421,0.389,0.0
0.094,0.091,0.398,0.375,0.0
0.155,0.23,0.385,0.36,0.0
0.179,0.143,0.417,0.509,0.307712435
0.36,0.129,0.378,0.507,0.005767955
0.153,0.306,0.493,0.382,0.0
0.159,0.134,0.327,0.47,0.220585479
0.072,0.13,0.524,0.526,0.874041746
0.101,0.262,0.535,0.44,0.190609461
0.207,0.133,0.335,0.407,0.0
0.083,0.144,0.573,0.442,0.285683377
0.092,0.186,0.484,0.36,0.0
0.295,0.187,0.445,0.341,0.0
0.185,0.311,0.431,0.325,0.0
0.079,0.08,0.505,0.56,0.932905724
0.198,0.107,0.377,0.489,0.169713274
0.076,0.088,0.518,0.464,0.53691997
0.0,0.262,0.488,0.397,0.0
0.165,0.114,0.473,0.542,0.367663024
0.13,0.301,0.446,0.367,0.0
0.292,0.145,0.296,0.441,0.000893382
0.093,0.24,0.549,0.394,0.0
0.121,0.048,0.521,0.522,0.439244933
0.271,0.095,0.275,0.495,0.003235741
0.288,0.272,0.296,0.48,0.004770489
0.146,0.196,0.516,0.519,0.370238124
0.285,0.115,0.347,0.51,0.033366438
0.312,0.18,0.438,0.336,0.0
0.067,0.099,0.513,0.425,0.231334498
0.058,0.316,0.392,0.322,0.0
0.207,0.114,0.278,0.604,0.142126356
0.064,0.179,0.432,0.463,0.523552482
0.283,0.104,0.465,0.334,0.0
0.299,0.067,0.312,0.475,0.005873484
0.264,0.169,0.346,0.355,0.0
0.295,0.119,0.335,0.523,0.023312753
0.073,0.304,0.541,0.314,0.0
0.093,0.173,0.421,0.409,0.0
0.144,0.224,0.464,0.329,0.0
0.12,0.191,0.498,0.526,0.450735065
0.086,0.238,0.5,0.396,0.0
0.116,0.119,0.572,0.505,0.421684715
0.283,0.122,0.302,0.484,0.011938751
0.218,0.224,0.382,0.328,0.0
0.152,0.24,0.498,0.392,0.0
0.282,0.124,0.293,0.424,0.002269114
0.061,0.207,0.519,0.472,0.617086831
0.174,0.088,0.498,0.564,0.380021482
0.278,0.179,0.366,0.477,0.033346681
0.133,0.18,0.485,0.364,0.0
0.168,0.14,0.383,0.434,0.07844033
0.118,0.136,0.448,0.36,0.0
0.232,0.033,0.388,0.529,0.112970477
0.148,0.112,0.468,0.42,0.085531493
0.061,0.307,0.525,0.419,0.231434245
0.138,0.089,0.56,0.551,0.426461468
0.231,0.113,0.457,0.593,0.154119558
0.279,0.244,0.329,0.374,0.0
0.179,0.264,0.337,0.436,0.07199005
0.308,0.369,0.348,0.397,0.0
0.038,0.214,0.506,0.46,0.48535484
0.264,0.321,0.346,0.341,0.0
0.157,0.129,0.423,0.495,0.290022595
0.254,0.243,0.482,0.373,0.0
0.194,0.158,0.36,0.428,0.050192771
0.26,0.193,0.266,0.417,0.0
0.166,0.176,0.385,0.33,0.0
0.257,0.099,0.463,0.523,0.090024426
0.157,0.208,0.517,0.317,0.0
0.135,0.198,0.445,0.484,0.293764296
0.22,0.231,0.384,0.289,0.0
0.273,0.262,0.383,0.404,0.0
0.253,0.071,0.383,0.482,0.056523547
0.191,0.204,0.425,0.406,0.0
0.015,0.313,0.503,0.321,0.0
0.1,0.124,0.542,0.489,0.615121293
0.261,0.113,0.281,0.369,0.0
0.188,0.161,0.354,0.434,0.063719276
0.101,0.275,0.525,0.379,0.0
0.248,0.257,0.4,0.379,0.0
0.205,0.128,0.36,0.452,0.073491068
0.153,0.178,0.545,0.322,0.0
0.142,0.177,0.412,0.371,0.0
0.264,0.049,0.28,0.489,0.012071264
0.077,0.249,0.461,0.315,0.0
0.264,0.169,0.414,0.477,0.052664752
0.117,0.186,0.484,0.491,0.358509468
0.207,0.324,0.427,0.368,0.0
0.302,0.196,0.368,0.304,0.0
0.242,0.26,0.38,0.364,0.0
0.243,0.098,0.415,0.536,0.106543328
0.323,0.109,0.359,0.505,0.011449655
0.163,0.232,0.487,0.314,0.0
0.176,0.323,0.373,0.431,0.075778011
0.224,0.182,0.402,0.414,0.0
0.136,0.203,0.58,0.421,0.090566045
0.346,0.093,0.37,0.345,0.0
0.143,0.178,0.393,0.496,0.302574763
0.238,0.25,0.337,0.368,0.0
0.241,0.284,0.351,0.308,0.0
0.234,0.0,0.462,0.452,0.050616815
0.162,0.24,0.326,0.453,0.158397578
0.3,0.164,0.397,0.464,0.02246322
0.07,0.096,0.418,0.496,0.711536247
0.175,0.25,0.451,0.44,0.09407886
0.259,0.099,0.415,0.435,0.018364937
0.061,0.219,0.495,0.478,0.649276548
0.073,0.303,0.569,0.373,0.0
0.336,0.16,0.404,0.442,0.006351496
0.198,0.166,0.508,0.496,0.197512214
0.209,0.09,0.385,0.578,0.197866869
0.314,0.242,0.398,0.28,0.0
0.114,0.105,0.512,0.469,0.316095967
0.183,0.135,0.475,0.581,0.374126796
0.142,0.194,0.556,0.426,0.088258863
0.123,0.203,0.389,0.352,0.0
0.279,0.114,0.435,0.48,0.045682491
0.029,0.091,0.481,0.517,0.835405123
0.052,0.105,0.536,0.321,0.0
0.128,0.307,0.35,0.403,0.0
0.159,0.207,0.419,0.357,0.0
0.107,0.257,0.497,0.302,0.0
0.248,0.241,0.485,0.393,0.0
0.085,0.077,0.548,0.501,0.74526264
0.301,0.246,0.345,0.264,0.0
0.108,0.077,0.414,0.415,0.0
0.105,0.272,0.429,0.456,0.302173849
0.1,0.17,0.544,0.412,0.0
0.149,0.036,0.443,0.512,0.345571324
0.253,0.256,0.411,0.338,0.0
0.076,0.112,0.54,0.526,0.87467492
0.067,0.164,0.521,0.412,0.0
0.256,0.283,0.504,0.329,0.0
0.179,0.255,0.335,0.357,0.0
0.259,0.074,0.367,0.49,0.051961707
0.293,0.116,0.305,0.368,0.0
0.149,0.31,0.471,0.358,0.0
0.279,0.245,0.321,0.281,0.0
0.085,0.116,0.509,0.458,0.464488529
0.236,0.084,0.38,0.48,0.069197628
0.09,0.247,0.53,0.395,0.0
0.156,0.246,0.616,0.33,0.0
0.344,0.206,0.362,0.385,0.0
0.244,0.252,0.3,0.372,0.0
0.143,0.253,0.437,0.38,0.0
0.14,0.109,0.468,0.445,0.134406356
0.261,0.147,0.381,0.562,0.082208534
0.146,0.077,0.52,0.483,0.281944567
0.264,0.211,0.35,0.347,0.0
0.213,0.126,0.546,0.335,0.0
0.318,0.142,0.406,0.6,0.040886463
0.198,0.134,0.481,0.598,0.293499269
0.153,0.179,0.497,0.428,0.084883381
0.267,0.123,0.421,0.387,0.0
0.085,0.137,0.518,0.483,0.671477151
0.132,0.177,0.53,0.429,0.09184444
0.221,0.161,0.397,0.549,0.14984202
0.113,0.208,0.477,0.298,0.0
0.014,0.055,0.508,0.551,0.918165395
0.295,0.054,0.321,0.545,0.018888727
0.199,0.098,0.267,0.589,0.180178956
0.334,0.315,0.42,0.349,0.0
0.23,0.157,0.292,0.341,0.0
0.048,0.235,0.536,0.365,0.0
0.071,0.26,0.537,0.356,0.0
0.091,0.206,0.403,0.338,0.0
0.185,0.19,0.449,0.487,0.248273107
0.045,0.319,0.499,0.391,0.0
0.195,0.0,0.389,0.443,0.073140268
0.272,0.219,0.4,0.425,0.015090165
0.056,0.061,0.487,0.431,0.231006347
0.131,0.154,0.553,0.386,0.0
0.208,0.203,0.496,0.499,0.153898381
0.069,0.285,0.439,0.387,0.0
0.229,0.087,0.241,0.548,0.021180489
0.026,0.123,0.526,0.405,0.0
0.207,0.143,0.365,0.441,0.042320501
0.106,0.258,0.412,0.308,0.0
0.217,0.108,0.347,0.45,0.050072304
0.148,0.208,0.494,0.444,0.126419401
0.137,0.256,0.475,0.34,0.0
0.278,0.053,0.298,0.488,0.014437234
0.311,0.154,0.341,0.393,0.0
0.213,0.259,0.447,0.293,0.0
0.081,0.262,0.551,0.286,0.0
0.118,0.113,0.448,0.48,0.323817895
0.071,0.241,0.565,0.383,0.0
0.165,0.208,0.443,0.396,0.0
0.142,0.156,0.526,0.448,0.154978728
0.084,0.135,0.474,0.463,0.525751244
0.13,0.295,0.572,0.361,0.0
0.244,0.086,0.34,0.498,0.062075143
0.207,0.175,0.455,0.411,0.0
0.222,0.027,0.317,0.527,0.104215908
0.103,0.201,0.401,0.446,0.22063222
0.178,0.248,0.386,0.334,0.0
0.081,0.271,0.489,0.351,0.0
0.26,0.208,0.269,0.519,0.007615435
0.279,0.109,0.401,0.519,0.059663396
0.085,0.224,0.568,0.416,0.0
0.259,0.236,0.429,0.355,0.0
0.306,0.212,0.308,0.398,0.0
0.128,0.147,0.418,0.375,0.0
0.204,0.215,0.403,0.387,0.0
0.162,0.315,0.518,0.333,0.0
0.302,0.081,0.328,0.521,0.014846822
0.26,0.074,0.472,0.556,0.101489983
0.102,0.109,0.412,0.527,0.737711293
0.09,0.255,0.426,0.31,0.0
0.102,0.297,0.53,0.329,0.0
0.126,0.096,0.38,0.47,0.268323135
0.22,0.185,0.308,0.383,0.0
0.237,0.232,0.303,0.322,0.0
0.122,0.297,0.473,0.411,0.0
0.008,0.372,0.498,0.378,0.0
0.08,0.177,0.486,0.47,0.595899596
0.06,0.13,0.537,0.514,0.82500112
0.193,0.253,0.39,0.309,0.0
0.037,0.281,0.505,0.395,0.0
0.215,0.112,0.322,0.487,0.090200308
0.165,0.191,0.455,0.346,0.0
0.34,0.296,0.344,0.382,0.0
0.163,0.183,0.323,0.361,0.0
0.217,0.102,0.463,0.522,0.153077279
0.169,0.25,0.377,0.406,0.0
0.272,0.175,0.344,0.383,0.0
0.188,0.212,0.39,0.404,0.0
0.138,0.185,0.478,0.468,0.255256814
0.079,0.263,0.553,0.299,0.0
0.173,0.125,0.401,0.485,0.255536779
0.276,0.17,0.38,0.485,0.041821768
0.104,0.179,0.488,0.43,0.135421651
0.14,0.133,0.33,0.455,0.17894152
0.171,0.216,0.481,0.28,0.0
0.144,0.053,0.334,0.469,0.23199273
0.06,0.156,0.527,0.544,0.908940523
0.253,0.168,0.271,0.468,0.009875394
0.141,0.294,0.515,0.438,0.093375333
0.134,0.152,0.534,0.414,0.0
0.115,0.255,0.483,0.371,0.0
0.322,0.164,0.414,0.604,0.040941878
0.23,0.08,0.242,0.552,0.020606585
0.092,0.116,0.524,0.53,0.873229799
0.303,0.234,0.315,0.44,0.001996377
0.262,0.205,0.384,0.389,0.0
0.181,0.268,0.507,0.344,0.0
0.285,0.284,0.381,0.328,0.0
0.122,0.139,0.41,0.423,0.095936459
0.152,0.148,0.388,0.411,0.0
0.101,0.254,0.443,0.408,0.0
0.124,0.214,0.38,0.37,0.0
0.192,0.143,0.234,0.331,0.0
0.099,0.011,0.393,0.441,0.219803408
0.109,0.275,0.597,0.305,0.0
0.261,0.291,0.345,0.293,0.0
0.142,0.267,0.452,0.379,0.0
0.191,0.066,0.421,0.515,0.28006432
0.224,0.248,0.294,0.44,0.020580564
0.122,0.165,0.504,0.41,0.0
0.196,0.117,0.426,0.474,0.169804347
0.116,0.239,0.438,0.317,0.0
0.084,0.228,0.466,0.396,0.0
0.158,0.134,0.49,0.49,0.282758441
0.286,0.19,0.39,0.392,0.0
0.034,0.111,0.498,0.502,0.748060844
0.212,0.134,0.463,0.59,0.207543251
0.186,0.202,0.524,0.403,0.0
0.082,0.049,0.552,0.527,0.877521312
0.195,0.163,0.394,0.454,0.117927931
0.234,0.127,0.28,0.415,0.0
0.257,0.07,0.325,0.532,0.056587154
0.147,0.197,0.371,0.409,0.0
0.203,0.293,0.36,0.299,0.0
0.036,0.193,0.478,0.445,0.310681703
0.181,0.141,0.345,0.501,0.265635277
0.027,0.222,0.511,0.408,0.0
0.126,0.285,0.47,0.307,0.0
0.145,0.215,0.441,0.353,0.0
0.277,0.209,0.385,0.435,0.01278732
0.22,0.172,0.412,0.384,0.0
0.069,0.183,0.531,0.437,0.231484359
0.298,0.089,0.344,0.486,0.017260978
0.234,0.046,0.368,0.506,0.087261879
0.091,0.155,0.469,0.363,0.0
0.129,0.2,0.365,0.398,0.0
0.242,0.186,0.308,0.57,0.073036185
0.121,0.087,0.443,0.471,0.291021024
0.337,0.305,0.423,0.469,0.015396632
0.37,0.197,0.452,0.411,0.0
0.246,0.255,0.495,0.373,0.0
0.275,0.237,0.398,0.351,0.0
0.248,0.25,0.442,0.516,0.093148373
0.07,0.279,0.461,0.383,0.0
0.254,0.249,0.42,0.369,0.0
0.126,0.089,0.582,0.465,0.262913207
0.12,0.267,0.54,0.333,0.0
0.174,0.127,0.298,0.451,0.135316604
0.249,0.202,0.289,0.344,0.0
0.121,0.191,0.453,0.488,0.334476323
0.183,0.152,0.345,0.542,0.315162107
0.134,0.208,0.408,0.508,0.356583925
0.169,0.151,0.443,0.343,0.0
0.278,0.161,0.45,0.359,0.0
0.166,0.206,0.486,0.398,0.0
0.233,0.15,0.301,0.448,0.026440073
0.161,0.025,0.358,0.519,0.323153881
0.133,0.232,0.547,0.418,0.0
0.188,0.126,0.42,0.442,0.093844672
0.127,0.155,0.493,0.465,0.259357989
0.129,0.313,0.547,0.363,0.0
0.179,0.173,0.375,0.439,0.083947594
0.131,0.075,0.397,0.537,0.410043277
0.214,0.092,0.369,0.318,0.0
0.195,0.327,0.359,0.383,0.0
0.255,0.179,0.307,0.485,0.034634713
0.072,0.096,0.472,0.448,0.346030544
0.073,0.185,0.52,0.429,0.231393768
0.191,0.284,0.373,0.342,0.0
0.142,0.192,0.476,0.35,0.0
0.195,0.271,0.505,0.329,0.0
0.224,0.186,0.364,0.392,0.0
0.229,0.316,0.429,0.4,0.0
0.239,0.239,0.329,0.283,0.0
0.284,0.229,0.38,0.34,0.0
0.084,0.15,0.456,0.39,0.0
0.147,0.149,0.411,0.533,0.376488429
0.166,0.204,0.474,0.399,0.0
0.28,0.149,0.348,0.504,0.036526525
0.243,0.222,0.331,0.4,0.0
0.137,0.302,0.386,0.358,0.0
0.207,0.256,0.393,0.41,0.0
0.185,0.136,0.433,0.382,0.0
0.131,0.031,0.395,0.487,0.299718734
0.243,0.158,0.366,0.514,0.080070969
0.269,0.215,0.451,0.328,0.0
0.254,0.047,0.29,0.517,0.032924083
0.091,0.265,0.417,0.469,0.576819568
0.164,0.116,0.495,0.422,0.082463924
0.249,0.257,0.341,0.321,0.0
0.128,0.1,0.32,0.354,0.0
0.241,0.176,0.395,0.44,0.024918817
0.0,0.028,0.489,0.486,0.679211607
0.174,0.083,0.365,0.439,0.084875671
0.222,0.121,0.43,0.543,0.151100658
0.321,0.179,0.395,0.47,0.016313626
0.123,0.113,0.528,0.463,0.261055126
0.264,0.115,0.393,0.393,0.0
0.033,0.245,0.489,0.314,0.0
0.185,0.168,0.473,0.497,0.270890525
0.135,0.135,0.543,0.469,0.263251478
0.105,0.28,0.545,0.464,0.390233219
0.139,0.241,0.427,0.389,0.0
0.223,0.186,0.439,0.452,0.058805672
0.135,0.106,0.467,0.542,0.416749909
0.102,0.082,0.544,0.491,0.571185572
0.164,0.152,0.482,0.433,0.082271659
0.101,0.23,0.475,0.33,0.0
0.265,0.047,0.353,0.541,0.062331979
0.023,0.161,0.445,0.378,0.0
0.183,0.14,0.463,0.366,0.0
0.149,0.217,0.387,0.385,0.0
0.228,0.097,0.362,0.437,0.02321397
0.106,0.243,0.508,0.335,0.0
0.094,0.161,0.552,0.578,0.935983894
0.214,0.138,0.438,0.466,0.092084892
0.082,0.138,0.445,0.428,0.23023825
0.258,0.09,0.415,0.547,0.092430391
0.108,0.264,0.51,0.352,0.0
0.03,0.273,0.502,0.325,0.0
0.198,0.079,0.323,0.491,0.157568766
0.185,0.15,0.317,0.391,0.0
0.161,0.276,0.485,0.412,0.0
0.167,0.101,0.414,0.449,0.146727228
0.25,0.126,0.334,0.46,0.034529666
0.207,0.084,0.394,0.442,0.049576944
0.125,0.162,0.527,0.53,0.43526808
0.247,0.084,0.419,0.506,0.084714727
0.096,0.088,0.493,0.338,0.0
0.207,0.162,0.309,0.473,0.09176204
0.047,0.206,0.531,0.538,0.898971646
0.084,0.049,0.441,0.507,0.774088439
0.066,0.245,0.532,0.36,0.0
0.218,0.196,0.306,0.46,0.055444646
0.056,0.152,0.412,0.384,0.0
0.128,0.235,0.472,0.477,0.293343626
0.307,0.254,0.375,0.328,0.0
0.203,0.244,0.502,0.366,0.0
0.081,0.278,0.467,0.311,0.0
0.247,0.249,0.379,0.423,0.018872825
0.181,0.257,0.411,0.261,0.0
0.128,0.006,0.546,0.488,0.320070892
0.242,0.099,0.402,0.547,0.109521269
0.291,0.176,0.319,0.44,0.004956008
0.284,0.208,0.29,0.353,0.0
0.051,0.073,0.468,0.549,0.912260108
0.199,-0.0,0.343,0.47,0.128868734
0.326,0.221,0.414,0.469,0.017241221
0.244,0.169,0.388,0.329,0.0
0.064,0.112,0.548,0.49,0.695548363
0.092,0.235,0.489,0.393,0.0
0.292,0.251,0.35,0.403,0.0
0.252,0.087,0.324,0.561,0.067664807
0.369,0.245,0.375,0.277,0.0
0.028,0.228,0.434,0.487,0.678359183
0.34,0.177,0.376,0.356,0.0
0.082,0.349,0.534,0.361,0.0
0.184,0.068,0.432,0.477,0.233838282
0.12,0.078,0.469,0.518,0.433641295
0.239,0.162,0.253,0.468,0.009944783
0.268,0.2,0.309,0.494,0.029300921
0.179,0.007,0.429,0.453,0.164849785
0.102,0.213,0.576,0.279,0.0
0.323,0.199,0.323,0.401,0.0
0.313,0.083,0.407,0.388,0.0
0.075,0.018,0.455,0.486,0.677202701
0.273,0.114,0.335,0.4,0.0
0.067,0.294,0.521,0.338,0.0
0.151,0.072,0.473,0.434,0.08496578
0.253,0.183,0.296,0.397,0.0
0.212,0.063,0.426,0.545,0.180436755
0.006,0.096,0.49,0.474,0.626867779
0.267,0.289,0.337,0.327,0.0
0.168,0.256,0.391,0.267,0.0
0.31,0.051,0.377,0.492,0.02041191
0.09,0.091,0.374,0.581,0.922734945
0.192,0.197,0.414,0.399,0.0
0.243,0.134,0.399,0.524,0.097219672
0.111,0.148,0.549,0.436,0.110031567
0.136,0.166,0.514,0.416,0.0
0.308,0.154,0.381,0.416,0.0
0.225,0.162,0.466,0.426,0.029001681
0.016,0.145,0.51,0.42,0.231305105
