0.348,0.262,0.384,0.362,0.0
0.397,0.281,0.411,0.465,0.001699547
0.404,0.382,0.442,0.448,0.001982403
0.469,0.254,0.569,0.48,0.003226103
0.382,0.268,0.458,0.48,0.009559289
0.426,0.251,0.428,0.463,0.000133477
0.406,0.314,0.492,0.494,0.007635192
0.236,0.283,0.484,0.502,0.100163883
0.349,0.292,0.405,0.492,0.014499877
0.303,0.322,0.503,0.448,0.018508051
0.444,0.277,0.446,0.469,0.000122876
0.271,0.258,0.497,0.46,0.041510481
0.344,0.326,0.571,0.398,0.0
0.376,0.471,0.444,0.51,0.005219108
0.379,0.344,0.455,0.496,0.012339183
0.357,0.272,0.467,0.52,0.024087114
0.278,0.329,0.468,0.433,0.015266528
0.361,0.371,0.369,0.463,0.001477888
0.404,0.39,0.428,0.408,0.0
0.278,0.391,0.488,0.463,0.039465917
0.287,0.295,0.393,0.473,0.031946374
0.453,0.386,0.507,0.484,0.0028435
0.358,0.329,0.438,0.459,0.010493148
0.345,0.233,0.509,0.463,0.016563234
0.413,0.313,0.441,0.437,0.000760387
0.282,0.365,0.502,0.451,0.027526203
0.29,0.362,0.448,0.382,0.0
0.321,0.254,0.413,0.502,0.02669209
0.299,0.308,0.541,0.48,0.037670479
0.294,0.316,0.47,0.518,0.054719917
0.374,0.318,0.422,0.443,0.003804344
0.364,0.309,0.4,0.363,0.0
0.29,0.341,0.388,0.537,0.049446358
0.314,0.29,0.538,0.474,0.028457653
0.272,0.289,0.486,0.443,0.023638495
0.364,0.42,0.542,0.47,0.010041156
0.327,0.268,0.449,0.488,0.024552598
0.372,0.313,0.424,0.395,0.0
0.32,0.289,0.492,0.529,0.042155702
0.368,0.348,0.424,0.446,0.005300543
0.353,0.371,0.5,0.523,0.028193107
0.368,0.274,0.426,0.514,0.015582633
0.319,0.34,0.387,0.458,0.012507836
0.3,0.233,0.548,0.479,0.036992491
0.333,0.282,0.477,0.516,0.031935773
0.401,0.342,0.435,0.418,0.0
0.344,0.259,0.479,0.501,0.024883159
0.333,0.32,0.423,0.41,0.0
0.323,0.374,0.397,0.45,0.010511459
0.438,0.324,0.482,0.502,0.00347041
0.261,0.272,0.481,0.494,0.070143052
0.343,0.424,0.375,0.436,0.0
0.353,0.289,0.476,0.421,0.005562679
0.288,0.303,0.51,0.527,0.065729145
0.335,0.34,0.413,0.398,0.0
0.353,0.43,0.449,0.478,0.010831419
0.245,0.288,0.421,0.53,0.102127975
0.293,0.38,0.383,0.474,0.026600535
0.398,0.375,0.404,0.435,0.000250089
0.3,0.364,0.444,0.472,0.0300748
0.32,0.373,0.458,0.585,0.04853852
0.327,0.32,0.501,0.479,0.024892315
0.361,0.323,0.559,0.497,0.022595734
0.284,0.382,0.372,0.496,0.036580976
0.293,0.287,0.399,0.503,0.040746721
0.251,0.376,0.433,0.482,0.065618797
0.386,0.255,0.393,0.501,0.002119735
0.321,0.378,0.383,0.436,0.004955526
0.438,0.346,0.458,0.526,0.002193943
0.303,0.278,0.455,0.45,0.018299884
0.439,0.338,0.485,0.5,0.00347282
0.413,0.297,0.419,0.439,0.000206721
0.441,0.423,0.451,0.429,0.0
0.284,0.305,0.528,0.381,0.0
0.373,0.383,0.419,0.391,0.0
0.281,0.313,0.469,0.527,0.069819237
0.294,0.29,0.416,0.468,0.02917178
0.382,0.36,0.49,0.529,0.018086417
0.339,0.29,0.481,0.472,0.019200495
0.272,0.419,0.498,0.537,0.067766481
0.415,0.284,0.457,0.531,0.005579545
0.387,0.254,0.449,0.5,0.009774684
0.348,0.291,0.418,0.331,0.0
0.358,0.382,0.52,0.422,0.005715913
0.341,0.336,0.503,0.522,0.032082742
0.261,0.317,0.473,0.383,0.0
0.321,0.382,0.447,0.416,0.0
0.33,0.393,0.378,0.441,0.004341627
0.305,0.329,0.447,0.505,0.039898152
0.317,0.279,0.381,0.401,0.0
0.344,0.385,0.456,0.395,0.0
0.356,0.331,0.436,0.467,0.012424955
0.363,0.403,0.397,0.423,0.002658945
0.254,0.372,0.46,0.5,0.078297215
0.358,0.348,0.51,0.36,0.0
0.304,0.377,0.438,0.432,0.009530859
0.443,0.396,0.527,0.456,0.002614132
0.368,0.359,0.446,0.49,0.014121611
0.322,0.287,0.488,0.491,0.029472948
0.374,0.341,0.416,0.449,0.004732903
0.299,0.265,0.469,0.395,0.0
0.276,0.283,0.494,0.499,0.062839385
0.296,0.398,0.538,0.484,0.041058971
0.32,0.364,0.402,0.47,0.017642617
0.236,0.255,0.476,0.483,0.083232984
0.319,0.244,0.403,0.414,0.0
0.289,0.357,0.483,0.505,0.053894478
0.3,0.353,0.476,0.533,0.054975789
0.281,0.385,0.451,0.569,0.079950503
0.398,0.379,0.562,0.455,0.006201154
0.372,0.357,0.404,0.449,0.004206704
0.397,0.365,0.451,0.399,0.0
0.364,0.243,0.552,0.375,0.0
0.31,0.342,0.416,0.384,0.0
0.345,0.362,0.461,0.396,0.0
0.31,0.395,0.452,0.414,0.0
0.362,0.344,0.516,0.452,0.010727818
0.347,0.374,0.485,0.504,0.025231068
0.257,0.409,0.407,0.461,0.043940058
0.318,0.399,0.406,0.401,0.0
0.353,0.325,0.585,0.535,0.033845414
0.406,0.238,0.466,0.487,0.005599783
0.39,0.315,0.414,0.403,0.0
0.388,0.362,0.55,0.412,0.0
0.362,0.3,0.432,0.535,0.020461061
0.269,0.327,0.507,0.373,0.0
0.312,0.311,0.458,0.425,0.008725658
0.44,0.332,0.486,0.454,0.001738096
0.364,0.391,0.458,0.399,0.0
0.288,0.331,0.508,0.453,0.027214434
0.343,0.412,0.451,0.414,0.0
0.272,0.363,0.506,0.519,0.07827794
0.446,0.292,0.47,0.517,0.002205508
0.266,0.282,0.494,0.442,0.024619096
0.435,0.303,0.459,0.507,0.002279715
0.285,0.311,0.445,0.481,0.042357123
0.338,0.425,0.424,0.426,0.0
0.347,0.403,0.589,0.449,0.012368577
0.34,0.431,0.466,0.455,0.007061769
0.35,0.348,0.496,0.536,0.031072266
0.311,0.23,0.518,0.474,0.029191055
0.323,0.38,0.439,0.48,0.022902683
0.259,0.453,0.395,0.457,0.004012993
0.311,0.4,0.371,0.43,0.005050936
0.357,0.404,0.443,0.49,0.016624913
0.433,0.263,0.441,0.431,0.000199011
0.279,0.336,0.473,0.466,0.039850448
0.395,0.303,0.434,0.493,0.005580508
0.225,0.247,0.423,0.457,0.064428103
0.379,0.247,0.395,0.483,0.004158035
0.308,0.322,0.5,0.562,0.057859284
0.303,0.302,0.481,0.526,0.051151688
0.298,0.273,0.44,0.481,0.03403286
0.403,0.228,0.473,0.462,0.004566659
0.373,0.355,0.395,0.442,0.002297545
0.329,0.405,0.474,0.461,0.017610814
0.396,0.313,0.518,0.523,0.013932237
0.33,0.279,0.443,0.451,0.01237725
0.295,0.283,0.417,0.531,0.051594042
0.27,0.397,0.454,0.469,0.047121829
0.303,0.343,0.543,0.573,0.06657916
0.252,0.297,0.488,0.53,0.100846689
0.314,0.415,0.488,0.449,0.016035107
0.321,0.311,0.453,0.465,0.019907877
0.363,0.345,0.417,0.435,0.003477156
0.318,0.417,0.52,0.532,0.045523474
0.343,0.402,0.411,0.44,0.005430647
0.388,0.346,0.462,0.55,0.01503475
0.326,0.343,0.504,0.511,0.035225001
0.288,0.303,0.498,0.533,0.067052353
0.257,0.305,0.473,0.477,0.061229466
0.211,0.347,0.441,0.439,0.039515068
0.239,0.333,0.433,0.447,0.038808168
0.322,0.332,0.468,0.396,0.0
0.411,0.429,0.517,0.445,0.000977709
0.256,0.431,0.423,0.439,0.001953973
0.318,0.278,0.42,0.51,0.031293925
0.408,0.318,0.414,0.42,0.000237561
0.343,0.33,0.411,0.534,0.023398043
0.327,0.379,0.453,0.449,0.01253723
0.205,0.312,0.413,0.524,0.193155168
0.369,0.431,0.421,0.461,0.004705437
0.315,0.37,0.469,0.388,0.0
0.3,0.366,0.384,0.474,0.023264084
0.327,0.341,0.473,0.473,0.021945213
0.326,0.363,0.436,0.445,0.010091271
0.38,0.326,0.406,0.494,0.006481119
0.286,0.392,0.426,0.41,0.0
0.256,0.268,0.48,0.404,0.0
0.351,0.423,0.502,0.467,0.010427132
0.367,0.292,0.521,0.524,0.025077352
0.288,0.373,0.416,0.469,0.032625325
0.379,0.365,0.434,0.421,0.002548116
0.429,0.312,0.435,0.522,0.000709791
0.279,0.244,0.525,0.483,0.052123614
0.411,0.339,0.431,0.573,0.004178756
0.355,0.275,0.373,0.459,0.003217912
0.396,0.359,0.415,0.421,0.000813874
0.379,0.269,0.411,0.511,0.009065374
0.304,0.349,0.514,0.407,0.0
0.281,0.352,0.485,0.472,0.043011017
0.395,0.316,0.473,0.504,0.009659517
0.329,0.366,0.465,0.39,0.0
0.33,0.261,0.526,0.441,0.009343412
0.27,0.295,0.514,0.473,0.052440201
0.394,0.348,0.48,0.534,0.013168959
0.367,0.377,0.389,0.407,0.0
0.442,0.223,0.452,0.429,0.000193229
0.392,0.346,0.402,0.458,0.001289959
0.281,0.285,0.489,0.375,0.0
0.317,0.327,0.475,0.519,0.039970433
0.291,0.413,0.405,0.455,0.022678133
0.342,0.382,0.418,0.518,0.022991829
0.367,0.36,0.459,0.366,0.0
0.238,0.39,0.46,0.556,0.129600209
0.35,0.316,0.47,0.41,0.0
0.408,0.293,0.418,0.485,0.001316462
0.359,0.305,0.549,0.505,0.024850874
0.272,0.35,0.486,0.478,0.053277687
0.415,0.347,0.457,0.539,0.005866256
0.375,0.286,0.477,0.48,0.012663961
0.25,0.359,0.482,0.529,0.102208929
0.316,0.338,0.35,0.442,0.003693997
0.373,0.278,0.415,0.488,0.009525558
0.343,0.362,0.465,0.495,0.0227933
0.342,0.284,0.497,0.52,0.031047691
0.301,0.346,0.453,0.51,0.04493415
0.359,0.234,0.454,0.476,0.014412177
0.403,0.337,0.432,0.441,0.001213343
0.382,0.367,0.412,0.477,0.005591591
0.29,0.337,0.498,0.389,0.0
0.418,0.35,0.424,0.486,0.000645221
0.329,0.339,0.521,0.529,0.039348823
0.378,0.417,0.392,0.418,0.0
0.341,0.305,0.399,0.525,0.020258194
0.359,0.335,0.463,0.385,0.0
0.284,0.421,0.522,0.457,0.018020883
0.357,0.283,0.385,0.523,0.01009898
0.375,0.264,0.475,0.476,0.011899238
0.312,0.377,0.366,0.402,0.0
0.309,0.331,0.506,0.441,0.011963326
0.384,0.301,0.394,0.401,0.0
0.309,0.373,0.451,0.523,0.043474574
0.365,0.329,0.371,0.537,0.002164549
0.243,0.378,0.423,0.528,0.103904621
0.439,0.38,0.499,0.494,0.003992273
0.268,0.202,0.45,0.436,0.017531788
0.408,0.356,0.525,0.456,0.004776271
0.38,0.282,0.43,0.512,0.011520008
0.333,0.344,0.517,0.472,0.021767403
0.299,0.351,0.525,0.495,0.043854767
0.357,0.377,0.419,0.447,0.006782768
0.346,0.402,0.454,0.46,0.013447478
0.336,0.332,0.46,0.47,0.018171226
0.284,0.328,0.526,0.416,0.0
0.298,0.342,0.523,0.478,0.037060916
0.321,0.248,0.505,0.494,0.031775311
0.305,0.385,0.497,0.479,0.033059488
0.339,0.405,0.397,0.525,0.020396008
0.325,0.293,0.519,0.495,0.031128163
0.417,0.348,0.455,0.398,0.0
0.319,0.404,0.499,0.464,0.022099892
0.422,0.309,0.446,0.436,0.000582578
0.409,0.297,0.445,0.513,0.004903966
0.323,0.373,0.431,0.449,0.012367131
0.367,0.339,0.505,0.493,0.018580813
0.343,0.322,0.493,0.432,0.006502803
0.336,0.403,0.482,0.429,0.006789996
0.403,0.286,0.409,0.311,0.0
0.443,0.306,0.471,0.514,0.002538478
0.28,0.358,0.404,0.478,0.040757804
0.252,0.295,0.5,0.469,0.059235498
0.365,0.332,0.415,0.504,0.013763101
0.378,0.365,0.418,0.459,0.005483171
0.286,0.326,0.409,0.536,0.059486551
0.358,0.287,0.396,0.493,0.010861777
0.357,0.386,0.585,0.424,0.006231511
0.329,0.262,0.444,0.492,0.024368043
0.225,0.355,0.415,0.403,0.0
0.459,0.289,0.485,0.535,0.002319229
0.441,0.356,0.511,0.534,0.006117309
0.333,0.32,0.405,0.52,0.023966165
0.379,0.269,0.487,0.515,0.017383854
0.294,0.484,0.492,0.524,0.017591057
0.325,0.234,0.354,0.462,0.005398362
0.333,0.349,0.485,0.495,0.026818821
0.362,0.314,0.38,0.51,0.006021417
0.34,0.293,0.444,0.391,0.0
0.325,0.239,0.469,0.427,0.007499305
0.372,0.32,0.5,0.524,0.022168799
0.417,0.267,0.453,0.504,0.003855904
0.335,0.212,0.401,0.442,0.006290781
0.226,0.332,0.424,0.412,0.0
0.253,0.403,0.483,0.447,0.034686273
0.288,0.234,0.446,0.478,0.039200408
0.334,0.405,0.538,0.467,0.020486118
0.403,0.352,0.431,0.46,0.00228357
0.369,0.333,0.421,0.519,0.015033786
0.285,0.394,0.531,0.435,0.014403503
0.375,0.36,0.457,0.519,0.017024863
0.357,0.361,0.449,0.397,0.0
0.285,0.317,0.529,0.537,0.073131595
0.271,0.267,0.467,0.507,0.070014393
0.33,0.307,0.436,0.459,0.014983672
0.364,0.288,0.414,0.534,0.016800313
0.332,0.314,0.424,0.496,0.022564894
0.309,0.301,0.543,0.398,0.0
0.376,0.301,0.462,0.469,0.010005016
0.385,0.256,0.409,0.374,0.0
0.352,0.321,0.478,0.547,0.030484388
0.377,0.298,0.403,0.418,0.0
0.371,0.25,0.431,0.492,0.012250519
0.35,0.246,0.52,0.47,0.017796815
0.312,0.423,0.484,0.465,0.014902718
0.376,0.33,0.414,0.45,0.004407643
0.378,0.379,0.512,0.393,0.0
0.379,0.364,0.401,0.458,0.003630872
0.328,0.358,0.418,0.384,0.0
0.359,0.377,0.485,0.415,0.0
0.373,0.348,0.393,0.49,0.005826743
0.341,0.347,0.435,0.415,0.0
0.361,0.391,0.449,0.559,0.02548453
0.369,0.264,0.439,0.492,0.013524095
0.235,0.372,0.465,0.388,0.0
0.407,0.328,0.529,0.48,0.007483403
0.401,0.371,0.405,0.441,0.000199975
0.333,0.359,0.468,0.427,0.00678855
0.415,0.347,0.417,0.475,0.000181664
0.406,0.311,0.424,0.503,0.002791459
0.349,0.328,0.497,0.514,0.027629322
0.349,0.263,0.46,0.463,0.01411101
0.376,0.263,0.478,0.483,0.012961756
0.328,0.351,0.459,0.485,0.024022062
0.423,0.226,0.443,0.426,0.000494396
0.283,0.292,0.463,0.464,0.035795532
0.423,0.303,0.435,0.543,0.001800257
0.228,0.405,0.474,0.445,0.042041018
0.346,0.383,0.476,0.449,0.010803953
0.345,0.371,0.391,0.571,0.019336863
0.329,0.267,0.551,0.471,0.023000021
0.33,0.278,0.362,0.41,0.0
0.329,0.297,0.487,0.461,0.01806136
0.421,0.404,0.435,0.416,0.0
0.276,0.411,0.456,0.503,0.062783007
0.213,0.31,0.441,0.476,0.107382741
0.361,0.358,0.471,0.426,0.004831686
0.299,0.319,0.549,0.565,0.068846346
0.286,0.321,0.494,0.487,0.047242778
0.376,0.316,0.398,0.518,0.007832757
0.248,0.37,0.484,0.472,0.063985748
0.361,0.311,0.568,0.411,0.0
0.245,0.344,0.472,0.536,0.110972654
0.373,0.377,0.489,0.417,0.0
0.348,0.312,0.49,0.556,0.034322945
0.283,0.367,0.433,0.615,0.081322861
0.328,0.269,0.534,0.517,0.037212223
0.346,0.377,0.472,0.503,0.024465862
0.268,0.286,0.516,0.486,0.061640499
0.298,0.276,0.38,0.462,0.01946745
0.352,0.319,0.442,0.339,0.0
0.357,0.268,0.451,0.512,0.021310111
0.273,0.379,0.425,0.491,0.05539164
0.316,0.407,0.468,0.417,0.0
0.321,0.349,0.427,0.525,0.034350893
0.293,0.363,0.435,0.459,0.02639526
0.325,0.367,0.419,0.451,0.012145954
0.327,0.314,0.405,0.486,0.019363366
0.325,0.258,0.477,0.464,0.019801866
0.253,0.305,0.423,0.534,0.094639753
0.35,0.327,0.392,0.503,0.013014761
0.327,0.206,0.449,0.376,0.0
0.401,0.419,0.405,0.425,0.0
0.417,0.369,0.439,0.481,0.001932289
0.298,0.378,0.474,0.452,0.022164462
0.314,0.394,0.39,0.496,0.023488634
0.41,0.309,0.518,0.415,0.0
0.362,0.33,0.564,0.558,0.03351919
0.318,0.356,0.422,0.362,0.0
0.369,0.253,0.441,0.503,0.015520954
0.325,0.349,0.503,0.369,0.0
0.292,0.376,0.448,0.44,0.013583847
0.308,0.322,0.452,0.47,0.026032895
0.364,0.275,0.476,0.473,0.014124984
0.306,0.356,0.41,0.432,0.008410035
0.279,0.283,0.433,0.509,0.060678209
0.341,0.348,0.453,0.406,0.0
0.349,0.343,0.425,0.461,0.011596143
0.389,0.379,0.425,0.471,0.00470881
0.249,0.377,0.451,0.451,0.039686131
0.372,0.332,0.378,0.476,0.001605101
0.27,0.295,0.486,0.515,0.076823182
0.314,0.275,0.488,0.441,0.010864186
0.419,0.309,0.443,0.547,0.003730619
0.38,0.289,0.482,0.523,0.01757371
0.284,0.264,0.454,0.488,0.047260125
0.296,0.317,0.484,0.515,0.052810758
0.284,0.392,0.464,0.428,0.013749609
0.413,0.387,0.423,0.471,0.000899647
0.336,0.282,0.534,0.454,0.015214005
0.437,0.309,0.453,0.449,0.000627392
0.334,0.392,0.361,0.413,0.0
0.339,0.309,0.451,0.507,0.025582831
0.371,0.278,0.447,0.488,0.013119808
0.305,0.259,0.491,0.505,0.043144976
0.322,0.319,0.502,0.561,0.04833999
0.269,0.348,0.457,0.412,0.0
0.428,0.342,0.466,0.46,0.001958792
0.335,0.31,0.456,0.535,0.032989617
0.33,0.313,0.424,0.445,0.009098141
0.38,0.288,0.394,0.504,0.004604726
0.372,0.382,0.486,0.462,0.010802989
0.328,0.339,0.464,0.451,0.013513012
0.398,0.305,0.496,0.399,0.0
0.346,0.411,0.438,0.499,0.020732834
0.384,0.455,0.442,0.469,0.001695692
0.341,0.374,0.435,0.476,0.016799831
0.302,0.382,0.52,0.476,0.033850715
0.352,0.328,0.37,0.434,0.001369468
0.391,0.444,0.411,0.512,0.003378855
0.325,0.326,0.531,0.512,0.037071999
0.298,0.277,0.5,0.515,0.052365994
0.369,0.315,0.529,0.543,0.027310808
0.31,0.345,0.522,0.433,0.009915389
0.351,0.405,0.455,0.447,0.00892756
0.308,0.296,0.408,0.456,0.017405056
0.343,0.326,0.417,0.462,0.012323763
0.275,0.325,0.508,0.503,0.067021032
0.4,0.362,0.44,0.51,0.006065749
0.239,0.354,0.446,0.502,0.093601811
0.384,0.37,0.394,0.508,0.003336451
0.329,0.316,0.445,0.522,0.031989742
0.254,0.308,0.478,0.5,0.079558744
0.352,0.319,0.444,0.452,0.010018509
0.311,0.393,0.451,0.423,0.008726622
0.346,0.327,0.496,0.565,0.036810827
0.401,0.45,0.475,0.5,0.004514135
0.383,0.301,0.385,0.521,0.000788817
0.363,0.353,0.377,0.488,0.003820246
0.319,0.37,0.511,0.502,0.035481354
0.254,0.326,0.464,0.462,0.050664519
0.371,0.41,0.463,0.436,0.003917583
0.319,0.344,0.569,0.486,0.031460651
0.369,0.371,0.441,0.451,0.007079116
0.293,0.272,0.373,0.522,0.037415089
0.275,0.31,0.475,0.536,0.080080125
0.312,0.375,0.496,0.449,0.016643224
0.363,0.247,0.461,0.466,0.012187876
0.33,0.377,0.49,0.412,0.0
0.332,0.34,0.522,0.43,0.007584595
0.204,0.363,0.45,0.447,0.070037523
0.277,0.35,0.481,0.365,0.0
0.328,0.317,0.46,0.473,0.020927508
0.346,0.357,0.536,0.557,0.038144155
0.364,0.258,0.386,0.506,0.007401004
0.314,0.29,0.518,0.438,0.009837326
0.252,0.383,0.43,0.413,0.0
0.325,0.322,0.541,0.518,0.039348823
0.317,0.368,0.541,0.45,0.016802722
0.307,0.351,0.475,0.479,0.031133463
0.363,0.362,0.519,0.542,0.028800261
0.245,0.359,0.483,0.393,0.0
0.345,0.361,0.445,0.491,0.019816322
0.352,0.42,0.442,0.454,0.005411855
0.351,0.297,0.433,0.526,0.023276131
0.381,0.407,0.457,0.425,0.002860366
0.267,0.315,0.481,0.383,0.0
0.296,0.344,0.512,0.384,0.0
0.317,0.312,0.429,0.442,0.009847446
0.284,0.358,0.482,0.44,0.016204724
0.37,0.366,0.372,0.43,0.000187446
0.282,0.265,0.5,0.505,0.061019372
0.317,0.333,0.499,0.493,0.032868187
0.344,0.296,0.495,0.428,0.006470518
0.376,0.304,0.378,0.488,0.000643293
0.312,0.364,0.416,0.45,0.014217021
0.327,0.23,0.545,0.47,0.023168674
0.412,0.342,0.47,0.426,0.00135983
0.384,0.402,0.478,0.496,0.012317017
0.32,0.426,0.432,0.526,0.028416694
0.351,0.385,0.521,0.434,0.00625946
0.367,0.296,0.411,0.502,0.012278949
0.325,0.335,0.401,0.515,0.025708116
0.309,0.444,0.489,0.532,0.035319447
0.323,0.343,0.399,0.375,0.0
0.238,0.356,0.44,0.39,0.0
0.334,0.338,0.52,0.446,0.011477604
0.369,0.275,0.453,0.421,0.003889153
0.3,0.363,0.516,0.387,0.0
0.291,0.257,0.441,0.415,0.0
0.244,0.285,0.474,0.473,0.067250401
0.337,0.262,0.433,0.502,0.023284323
0.294,0.316,0.519,0.474,0.037195839
0.308,0.377,0.516,0.451,0.019058344
0.418,0.419,0.432,0.471,0.000730029
0.356,0.362,0.498,0.402,0.0
0.337,0.315,0.429,0.525,0.027444285
0.357,0.422,0.369,0.47,0.001542458
0.401,0.368,0.443,0.41,0.0
0.366,0.354,0.388,0.476,0.005579545
0.388,0.292,0.484,0.468,0.008039478
0.336,0.322,0.346,0.37,0.0
0.314,0.292,0.404,0.518,0.032548708
0.354,0.294,0.398,0.542,0.016759836
0.347,0.306,0.397,0.462,0.009548206
0.349,0.413,0.437,0.419,0.005057682
0.369,0.291,0.393,0.505,0.008105494
0.35,0.301,0.534,0.497,0.024687521
0.392,0.262,0.482,0.448,0.004379212
0.401,0.238,0.457,0.47,0.004549794
0.305,0.305,0.541,0.353,0.0
0.408,0.289,0.454,0.483,0.004267419
0.324,0.368,0.436,0.452,0.013837309
0.356,0.396,0.428,0.48,0.013962113
0.33,0.379,0.486,0.425,0.007313786
0.402,0.387,0.412,0.515,0.002075885
0.303,0.344,0.505,0.454,0.022357691
0.291,0.301,0.511,0.511,0.056718704
0.281,0.328,0.419,0.46,0.031716523
0.278,0.399,0.52,0.415,0.0
0.34,0.324,0.578,0.406,0.0
0.327,0.3,0.447,0.49,0.024867739
0.297,0.231,0.441,0.455,0.022717646
0.375,0.328,0.421,0.39,0.0
0.349,0.421,0.501,0.459,0.008286677
0.34,0.308,0.554,0.514,0.032810844
0.383,0.327,0.595,0.482,0.013838273
0.357,0.312,0.461,0.528,0.024658609
0.341,0.342,0.393,0.556,0.020958348
0.298,0.366,0.512,0.468,0.032211883
0.394,0.344,0.403,0.376,0.0
0.341,0.337,0.519,0.347,0.0
0.328,0.275,0.402,0.457,0.012381105
0.297,0.326,0.527,0.488,0.042022707
0.392,0.317,0.488,0.423,0.002610277
0.322,0.306,0.466,0.332,0.0
0.414,0.324,0.432,0.538,0.002973605
0.346,0.26,0.406,0.444,0.006207418
0.358,0.408,0.412,0.458,0.008656751
0.439,0.287,0.467,0.524,0.002891687
0.4,0.452,0.422,0.488,0.001451385
0.311,0.383,0.413,0.459,0.01828061
0.282,0.336,0.506,0.402,0.0
0.356,0.466,0.56,0.482,0.003838075
0.314,0.353,0.564,0.453,0.019672243
0.29,0.3,0.464,0.46,0.029674368
0.366,0.366,0.5,0.506,0.021192054
0.219,0.304,0.459,0.394,0.0
0.405,0.378,0.421,0.417,0.0
0.351,0.344,0.478,0.54,0.029919157
0.305,0.322,0.485,0.496,0.038965739
0.276,0.356,0.476,0.458,0.036536644
0.418,0.335,0.496,0.459,0.003628463
0.355,0.368,0.387,0.554,0.01299115
0.292,0.287,0.468,0.471,0.034731568
0.312,0.241,0.507,0.461,0.023037125
0.402,0.347,0.408,0.457,0.000579687
0.313,0.346,0.525,0.536,0.049794267
0.39,0.397,0.396,0.551,0.002269596
0.225,0.358,0.445,0.498,0.11057415
0.247,0.337,0.437,0.454,0.04413425
0.357,0.361,0.446,0.365,0.0
0.402,0.314,0.42,0.498,0.002843019
0.328,0.47,0.47,0.478,0.002324529
0.332,0.324,0.496,0.446,0.011357137
0.241,0.389,0.447,0.403,0.0
0.365,0.317,0.471,0.451,0.00880613
0.378,0.258,0.456,0.478,0.010324494
0.305,0.358,0.513,0.492,0.038551814
0.371,0.307,0.393,0.517,0.008111277
0.322,0.404,0.512,0.478,0.026539338
0.366,0.36,0.388,0.422,0.001901449
0.37,0.455,0.488,0.471,0.003322477
0.307,0.359,0.483,0.375,0.0
0.292,0.351,0.48,0.381,0.0
0.396,0.352,0.5,0.402,0.0
0.287,0.219,0.471,0.467,0.035836009
0.273,0.344,0.445,0.436,0.016219662
0.254,0.44,0.5,0.456,0.020769456
0.371,0.276,0.443,0.49,0.013047046
0.326,0.345,0.428,0.439,0.007148987
0.261,0.342,0.503,0.518,0.087132257
0.254,0.361,0.47,0.48,0.064894069
0.319,0.278,0.437,0.414,0.0
0.346,0.422,0.366,0.438,7.0353e-05
0.34,0.291,0.454,0.419,0.005998287
0.38,0.375,0.548,0.387,0.0
0.412,0.404,0.472,0.434,0.00139067
0.332,0.357,0.45,0.369,0.0
0.386,0.273,0.454,0.519,0.012468805
0.352,0.427,0.446,0.449,0.004050579
0.304,0.399,0.386,0.399,0.0
0.347,0.376,0.397,0.526,0.017706706
0.391,0.323,0.443,0.475,0.005843126
0.288,0.346,0.526,0.406,0.0
0.289,0.256,0.473,0.452,0.025324068
0.427,0.33,0.503,0.562,0.008655305
0.274,0.349,0.502,0.447,0.027717986
0.39,0.297,0.466,0.441,0.002912889
0.286,0.349,0.512,0.371,0.0
0.299,0.314,0.417,0.448,0.016742489
0.423,0.295,0.439,0.519,0.002024326
0.318,0.325,0.544,0.499,0.036121756
0.365,0.229,0.461,0.449,0.007971053
0.315,0.402,0.509,0.426,0.00916994
0.358,0.286,0.454,0.502,0.019470341
0.232,0.352,0.466,0.508,0.110858934
0.317,0.365,0.397,0.438,0.00663098
0.236,0.41,0.475,0.45,0.045794284
0.345,0.312,0.523,0.383,0.0
0.325,0.409,0.449,0.437,0.007102728
0.246,0.371,0.44,0.504,0.08692409
0.296,0.274,0.476,0.47,0.032662429
0.329,0.362,0.407,0.43,0.005554006
0.397,0.318,0.443,0.47,0.004339699
0.415,0.288,0.422,0.438,0.000214913
0.384,0.344,0.442,0.398,0.0
0.264,0.352,0.47,0.424,0.018676223
0.338,0.319,0.42,0.543,0.027975785
0.332,0.393,0.392,0.393,0.0
0.266,0.406,0.514,0.408,0.0
0.321,0.402,0.507,0.46,0.020179168
0.351,0.342,0.358,0.486,0.001615702
0.258,0.335,0.468,0.339,0.0
0.358,0.375,0.462,0.381,0.0
0.328,0.251,0.447,0.451,0.012874056
0.29,0.293,0.488,0.431,0.012929952
0.361,0.359,0.401,0.506,0.012519883
0.33,0.416,0.574,0.446,0.012580117
0.391,0.372,0.443,0.404,0.0
0.29,0.265,0.504,0.491,0.046942093
0.326,0.318,0.374,0.52,0.016701048
0.312,0.298,0.452,0.422,0.008605673
0.369,0.304,0.467,0.492,0.015672261
0.296,0.337,0.506,0.535,0.061037683
0.319,0.391,0.421,0.515,0.032184416
0.284,0.358,0.422,0.446,0.019754643
0.343,0.329,0.451,0.427,0.005768437
0.445,0.294,0.477,0.391,0.0
0.347,0.31,0.429,0.476,0.015165818
0.272,0.351,0.46,0.359,0.0
0.325,0.334,0.523,0.488,0.029046495
0.32,0.328,0.43,0.56,0.04132689
0.436,0.278,0.438,0.498,0.000190338
0.346,0.368,0.45,0.432,0.005550151
0.41,0.292,0.466,0.523,0.00708008
0.356,0.355,0.414,0.513,0.017365543
0.33,0.41,0.476,0.546,0.039043319
0.395,0.267,0.415,0.469,0.00256209
0.297,0.287,0.501,0.483,0.039074641
0.34,0.396,0.367,0.416,0.0
0.339,0.339,0.541,0.478,0.022599589
0.34,0.281,0.43,0.525,0.026503198
0.415,0.308,0.461,0.452,0.002161658
0.386,0.299,0.42,0.491,0.006385709
0.297,0.268,0.447,0.476,0.033047923
0.291,0.316,0.461,0.494,0.045509018
0.378,0.386,0.388,0.528,0.004018775
0.388,0.317,0.414,0.477,0.004340663
0.414,0.332,0.478,0.38,0.0
0.307,0.264,0.513,0.506,0.043436024
0.361,0.333,0.457,0.519,0.021738973
0.336,0.307,0.442,0.509,0.026220824
0.372,0.311,0.392,0.485,0.005589664
0.325,0.339,0.537,0.476,0.02540984
0.227,0.39,0.463,0.405,0.0
0.365,0.346,0.609,0.418,0.0
0.374,0.326,0.532,0.402,0.0
0.342,0.365,0.586,0.431,0.007306558
0.363,0.361,0.379,0.435,0.001387779
0.283,0.39,0.433,0.432,0.013327011
0.333,0.225,0.441,0.471,0.017908608
0.272,0.372,0.48,0.54,0.084948433
0.359,0.283,0.431,0.521,0.019861617
0.307,0.331,0.485,0.389,0.0
0.261,0.381,0.507,0.381,0.0
0.361,0.278,0.431,0.51,0.017780431
0.366,0.349,0.4,0.371,0.0
0.37,0.298,0.41,0.506,0.01164192
0.307,0.326,0.511,0.392,0.0
0.285,0.318,0.519,0.526,0.068746118
0.347,0.34,0.48,0.357,0.0
0.376,0.393,0.382,0.453,0.001148772
0.405,0.331,0.429,0.489,0.003049258
0.341,0.368,0.467,0.416,0.0
0.395,0.338,0.443,0.472,0.004838432
0.325,0.422,0.539,0.433,0.0
0.359,0.415,0.425,0.427,0.004012029
0.371,0.308,0.391,0.458,0.003951314
0.282,0.3,0.508,0.534,0.074393124
0.281,0.394,0.411,0.456,0.028313092
0.367,0.268,0.405,0.448,0.004889028
0.359,0.28,0.387,0.484,0.007524362
0.312,0.289,0.492,0.52,0.044276401
0.324,0.356,0.434,0.45,0.012689019
0.401,0.255,0.479,0.427,0.001991559
0.283,0.391,0.451,0.4,0.0
0.332,0.399,0.482,0.459,0.01666539
0.248,0.4,0.458,0.444,0.03118165
0.317,0.412,0.505,0.523,0.042910307
0.248,0.242,0.478,0.328,0.0
0.392,0.289,0.436,0.539,0.009595911
0.396,0.256,0.472,0.428,0.002108171
0.283,0.364,0.451,0.506,0.057114799
0.254,0.252,0.43,0.386,0.0
0.346,0.224,0.47,0.466,0.015755142
0.269,0.416,0.499,0.47,0.050323839
0.345,0.317,0.561,0.413,0.0
0.305,0.309,0.475,0.475,0.030443429
0.353,0.284,0.469,0.41,0.0
0.293,0.325,0.497,0.449,0.021958705
0.381,0.282,0.407,0.524,0.008219697
0.29,0.306,0.486,0.526,0.062015392
0.283,0.398,0.401,0.513,0.053588492
0.39,0.371,0.438,0.595,0.013256177
0.277,0.463,0.527,0.481,0.011303649
0.351,0.374,0.473,0.474,0.016818142
0.331,0.354,0.421,0.52,0.0277628
0.334,0.259,0.498,0.443,0.009843109
0.273,0.326,0.499,0.47,0.047842221
0.367,0.31,0.537,0.464,0.0134788
0.341,0.397,0.521,0.437,0.006934074
0.336,0.35,0.386,0.43,0.003872288
0.368,0.419,0.454,0.449,0.003304648
0.303,0.409,0.523,0.419,0.011017902
0.355,0.364,0.457,0.482,0.01660612
0.353,0.328,0.463,0.514,0.024002787
0.375,0.26,0.593,0.498,0.019606709
0.328,0.371,0.488,0.407,0.0
0.392,0.349,0.46,0.409,0.0
0.347,0.317,0.473,0.435,0.005927453
0.269,0.266,0.511,0.44,0.021195427
0.235,0.278,0.479,0.422,0.025568857
0.324,0.296,0.502,0.466,0.021507677
0.321,0.301,0.515,0.447,0.014221839
0.361,0.312,0.413,0.482,0.011560967
0.289,0.364,0.521,0.461,0.032421977
0.263,0.298,0.513,0.494,0.070209068
0.288,0.38,0.466,0.396,0.0
0.337,0.39,0.405,0.414,0.0
0.304,0.365,0.502,0.419,0.010652646
0.312,0.256,0.438,0.492,0.030487279
0.353,0.287,0.387,0.513,0.011475194
0.366,0.327,0.388,0.383,0.0
0.445,0.32,0.446,0.516,9.9747e-05
0.293,0.331,0.337,0.451,0.010185235
0.405,0.33,0.409,0.486,0.000627392
0.369,0.336,0.565,0.486,0.018191946
0.368,0.459,0.396,0.559,0.006587611
0.483,0.311,0.513,0.481,0.001195513
0.365,0.317,0.443,0.517,0.018835721
0.375,0.426,0.399,0.524,0.006989971
0.339,0.324,0.369,0.55,0.011208721
0.361,0.268,0.423,0.501,0.015459757
0.329,0.247,0.493,0.457,0.017007998
0.349,0.312,0.411,0.51,0.018425652
0.241,0.341,0.421,0.455,0.047661039
0.37,0.342,0.526,0.47,0.013901397
0.363,0.275,0.467,0.517,0.021689823
0.311,0.435,0.445,0.495,0.024174814
0.348,0.367,0.442,0.469,0.014622271
0.429,0.457,0.451,0.483,0.000572941
0.291,0.331,0.459,0.433,0.012201369
0.289,0.382,0.431,0.484,0.04002392
0.352,0.224,0.357,0.464,0.00090302
0.264,0.381,0.502,0.451,0.035366188
0.334,0.432,0.532,0.438,0.000377784
0.395,0.365,0.521,0.405,0.0
0.373,0.359,0.435,0.449,0.005780001
0.319,0.317,0.469,0.531,0.04126232
0.322,0.273,0.374,0.469,0.011055488
0.36,0.272,0.462,0.506,0.02041191
0.413,0.398,0.497,0.464,0.004470767
0.308,0.415,0.444,0.445,0.013482654
0.212,0.31,0.454,0.528,0.171859994
0.378,0.378,0.542,0.49,0.01577008
0.281,0.353,0.519,0.417,0.0
0.369,0.366,0.523,0.485,0.016953065
0.335,0.368,0.504,0.37,0.0
0.314,0.277,0.424,0.495,0.029321159
0.413,0.428,0.42,0.45,0.00017299
0.318,0.385,0.412,0.505,0.028764602
0.44,0.369,0.518,0.403,0.0
0.285,0.248,0.497,0.494,0.052096148
0.35,0.26,0.534,0.51,0.028070713
0.31,0.294,0.49,0.531,0.048424317
0.279,0.363,0.447,0.437,0.014540354
0.28,0.305,0.386,0.407,0.0
0.335,0.422,0.513,0.45,0.006002142
0.392,0.297,0.486,0.485,0.009132836
0.397,0.294,0.437,0.484,0.004818676
0.316,0.266,0.542,0.504,0.038948392
0.23,0.341,0.466,0.411,0.0
0.376,0.355,0.406,0.523,0.009935627
0.318,0.306,0.516,0.538,0.046665982
0.413,0.362,0.473,0.472,0.004087201
0.286,0.319,0.446,0.457,0.029089381
0.325,0.436,0.569,0.464,0.013475426
0.32,0.291,0.514,0.465,0.022555257
0.333,0.311,0.461,0.313,0.0
0.269,0.269,0.461,0.517,0.07661357
0.337,0.331,0.511,0.387,0.0
0.34,0.341,0.542,0.457,0.016112206
0.419,0.361,0.453,0.433,0.000800864
0.284,0.346,0.522,0.424,0.014541799
0.258,0.248,0.488,0.376,0.0
0.293,0.281,0.349,0.465,0.016349285
0.384,0.251,0.44,0.479,0.007709881
0.363,0.331,0.501,0.35,0.0
0.29,0.363,0.488,0.486,0.04380658
0.334,0.304,0.39,0.55,0.022290712
0.369,0.384,0.405,0.458,0.006076832
0.267,0.364,0.455,0.39,0.0
0.335,0.308,0.463,0.372,0.0
0.288,0.281,0.48,0.453,0.026513317
0.268,0.39,0.416,0.412,0.0
0.32,0.309,0.458,0.527,0.038774437
0.435,0.396,0.491,0.442,0.001406571
0.406,0.295,0.456,0.542,0.007957561
0.357,0.426,0.411,0.462,0.005713986
0.389,0.346,0.391,0.382,0.0
0.37,0.319,0.442,0.427,0.003600514
0.343,0.318,0.467,0.44,0.007033339
0.268,0.265,0.448,0.491,0.061013107
0.374,0.387,0.388,0.421,0.001188767
0.348,0.281,0.396,0.457,0.008392206
0.334,0.403,0.416,0.529,0.027177331
0.361,0.284,0.557,0.366,0.0
0.288,0.322,0.536,0.444,0.019745005
0.339,0.344,0.479,0.446,0.010203064
0.352,0.335,0.48,0.455,0.012136316
0.317,0.368,0.359,0.442,0.004400415
0.259,0.3,0.459,0.448,0.03287686
0.4,0.381,0.446,0.426,0.001417654
0.287,0.402,0.497,0.436,0.013668655
0.303,0.262,0.503,0.396,0.0
0.329,0.423,0.553,0.475,0.016271222
0.337,0.269,0.477,0.509,0.028895189
0.367,0.24,0.503,0.486,0.01696993
0.326,0.379,0.448,0.414,0.0
0.23,0.244,0.452,0.422,0.026820749
0.326,0.299,0.402,0.459,0.013294726
0.358,0.338,0.47,0.376,0.0
0.332,0.449,0.502,0.473,0.008668797
0.33,0.331,0.408,0.375,0.0
0.319,0.393,0.443,0.434,0.007587005
0.247,0.314,0.487,0.502,0.087514378
0.302,0.316,0.536,0.512,0.049854982
0.322,0.324,0.488,0.56,0.047021119
0.345,0.319,0.473,0.395,0.0
0.363,0.391,0.425,0.471,0.01083672
0.277,0.306,0.491,0.524,0.074776209
0.337,0.376,0.563,0.528,0.037389068
0.384,0.354,0.422,0.548,0.011125358
0.38,0.297,0.422,0.521,0.011162462
0.232,0.364,0.464,0.408,0.0
0.366,0.329,0.49,0.485,0.016512156
0.257,0.244,0.422,0.484,0.062015874
0.339,0.33,0.582,0.446,0.011588433
0.306,0.349,0.506,0.395,0.0
0.349,0.351,0.539,0.492,0.023738242
0.323,0.335,0.549,0.421,0.008604709
0.333,0.262,0.465,0.456,0.014695997
0.277,0.31,0.483,0.504,0.064323056
0.344,0.374,0.38,0.418,0.0
0.361,0.339,0.369,0.454,0.001201296
0.346,0.353,0.372,0.521,0.008409071
0.3,0.396,0.482,0.454,0.022774025
0.306,0.35,0.476,0.422,0.009955866
0.372,0.302,0.45,0.4,0.0
0.378,0.297,0.418,0.515,0.010891653
0.392,0.272,0.494,0.418,0.0
0.352,0.376,0.388,0.462,0.007189946
0.382,0.348,0.42,0.378,0.0
0.305,0.339,0.513,0.557,0.060033471
0.422,0.384,0.448,0.444,0.000911212
0.377,0.334,0.453,0.542,0.018119184
0.35,0.381,0.486,0.463,0.01505017
0.403,0.29,0.479,0.416,0.0
0.342,0.335,0.474,0.501,0.025077352
0.432,0.453,0.476,0.501,0.001854708
0.357,0.306,0.515,0.514,0.026158181
0.281,0.309,0.469,0.519,0.066771907
0.351,0.317,0.431,0.533,0.023841361
0.289,0.411,0.509,0.493,0.049136036
0.348,0.35,0.464,0.486,0.019444802
0.329,0.352,0.525,0.478,0.024742454
0.453,0.304,0.553,0.416,0.0
0.282,0.355,0.526,0.465,0.03901248
0.417,0.367,0.423,0.519,0.000920367
0.422,0.36,0.436,0.418,0.0
0.371,0.387,0.453,0.393,0.0
0.294,0.368,0.51,0.398,0.0
0.337,0.296,0.419,0.435,0.005386798
0.381,0.434,0.381,0.488,0.0
0.354,0.417,0.486,0.436,0.005639778
0.382,0.322,0.419,0.442,0.00253896
0.315,0.366,0.513,0.406,0.0
0.312,0.343,0.512,0.435,0.009554952
0.385,0.338,0.455,0.53,0.013888387
0.381,0.297,0.545,0.491,0.015042942
0.346,0.34,0.358,0.356,0.0
0.392,0.236,0.392,0.469,0.0
0.378,0.295,0.426,0.495,0.009988633
0.296,0.301,0.536,0.439,0.013526023
0.321,0.331,0.547,0.455,0.018653575
0.391,0.365,0.461,0.511,0.010616024
0.333,0.435,0.547,0.451,0.006743255
0.354,0.352,0.38,0.487,0.006864203
0.276,0.299,0.466,0.479,0.049850163
0.36,0.3,0.416,0.524,0.017697068
0.433,0.367,0.465,0.465,0.001793993
0.365,0.353,0.405,0.535,0.014473856
0.324,0.334,0.534,0.443,0.011508925
0.334,0.334,0.406,0.512,0.022396241
0.363,0.311,0.479,0.433,0.004833132
0.337,0.305,0.34,0.487,0.000736776
0.358,0.391,0.386,0.422,0.002330312
0.315,0.331,0.455,0.493,0.031102624
0.343,0.372,0.463,0.436,0.006010334
0.333,0.26,0.459,0.464,0.017080278
0.3,0.32,0.522,0.45,0.020862456
0.257,0.383,0.499,0.445,0.030348501
0.311,0.363,0.554,0.537,0.052580425
0.371,0.397,0.463,0.426,0.003917583
0.217,0.342,0.456,0.486,0.111782674
0.285,0.409,0.531,0.523,0.067890321
0.375,0.297,0.569,0.339,0.0
0.304,0.333,0.52,0.389,0.0
0.339,0.351,0.387,0.439,0.004095392
0.297,0.383,0.523,0.463,0.030291159
0.35,0.343,0.534,0.415,0.0
0.307,0.306,0.449,0.4,0.0
0.287,0.387,0.371,0.397,0.0
0.23,0.243,0.473,0.423,0.027230818
0.342,0.32,0.357,0.424,0.001068782
0.27,0.274,0.45,0.452,0.033410769
0.361,0.364,0.427,0.394,0.0
0.364,0.351,0.462,0.505,0.019080992
0.369,0.265,0.459,0.509,0.018050277
0.304,0.477,0.536,0.485,0.003066123
0.438,0.393,0.454,0.403,0.0
0.333,0.422,0.481,0.46,0.009749145
0.347,0.369,0.583,0.417,0.0
0.285,0.393,0.515,0.577,0.083392001
0.311,0.388,0.527,0.448,0.016831152
0.258,0.287,0.412,0.529,0.085573415
0.277,0.301,0.447,0.505,0.062047195
0.344,0.365,0.42,0.423,0.0049695
0.292,0.302,0.42,0.464,0.02846199
0.33,0.334,0.428,0.5,0.024694749
0.382,0.386,0.412,0.408,0.0
0.383,0.326,0.417,0.49,0.006841074
0.316,0.363,0.359,0.365,0.0
0.317,0.316,0.541,0.472,0.026862189
0.457,0.391,0.467,0.433,0.000205276
0.285,0.307,0.505,0.481,0.04553793
0.285,0.24,0.481,0.447,0.022811129
0.366,0.346,0.376,0.49,0.002848319
0.376,0.294,0.466,0.383,0.0
0.248,0.356,0.44,0.468,0.058131539
0.421,0.279,0.421,0.436,0.0
0.253,0.35,0.477,0.475,0.062235605
0.249,0.365,0.477,0.369,0.0
0.341,0.317,0.349,0.519,0.002572209
0.384,0.246,0.422,0.452,0.003791816
0.357,0.364,0.437,0.388,0.0
0.358,0.397,0.562,0.481,0.019646704
0.331,0.305,0.373,0.539,0.015592753
0.259,0.389,0.425,0.423,0.018660803
0.32,0.337,0.475,0.391,0.0
0.361,0.39,0.443,0.532,0.021869559
0.382,0.273,0.458,0.445,0.004317052
0.398,0.415,0.464,0.439,0.00208986
0.304,0.321,0.428,0.417,0.0
0.326,0.39,0.424,0.49,0.023175902
0.303,0.349,0.525,0.374,0.0
0.363,0.367,0.401,0.453,0.005958774
0.385,0.285,0.429,0.301,0.0
0.258,0.362,0.462,0.404,0.0
0.409,0.263,0.505,0.485,0.006928292
0.331,0.382,0.503,0.434,0.007471357
0.336,0.368,0.372,0.46,0.006075868
0.28,0.347,0.384,0.435,0.011879481
0.444,0.284,0.486,0.448,0.001303934
0.324,0.322,0.491,0.459,0.018691643
0.289,0.446,0.527,0.484,0.024251431
0.244,0.381,0.434,0.495,0.081128669
0.329,0.398,0.463,0.472,0.020613813
0.372,0.261,0.476,0.437,0.004069853
0.466,0.295,0.572,0.425,0.001126606
0.376,0.295,0.41,0.497,0.00876758
0.401,0.37,0.511,0.43,0.002421866
0.286,0.256,0.509,0.478,0.043673103
0.407,0.347,0.469,0.453,0.003175989
0.351,0.441,0.539,0.469,0.010048866
0.354,0.391,0.473,0.417,0.0
0.327,0.279,0.469,0.436,0.007303185
0.422,0.34,0.502,0.386,0.0
0.365,0.361,0.461,0.477,0.013851283
0.305,0.357,0.495,0.363,0.0
0.335,0.394,0.399,0.44,0.005419564
0.298,0.364,0.532,0.5,0.047033647
0.387,0.455,0.419,0.471,0.001242255
0.305,0.386,0.491,0.418,0.0
0.295,0.366,0.531,0.374,0.0
0.383,0.324,0.499,0.454,0.007184645
0.35,0.248,0.408,0.442,0.005399808
0.267,0.311,0.477,0.443,0.02503302
0.327,0.274,0.489,0.5,0.030631839
0.36,0.252,0.478,0.448,0.008830705
0.291,0.255,0.523,0.433,0.013111616
0.374,0.365,0.445,0.441,0.004006729
0.371,0.395,0.427,0.413,0.0
0.32,0.412,0.458,0.42,0.007774933
0.382,0.28,0.444,0.5,0.010991881
0.462,0.434,0.472,0.47,0.000333452
0.338,0.311,0.458,0.491,0.022543692
0.292,0.385,0.466,0.436,0.012147881
0.336,0.33,0.364,0.475,0.005802167
0.302,0.317,0.458,0.487,0.035295353
0.385,0.373,0.429,0.431,0.001937589
0.424,0.364,0.544,0.546,0.01068445
0.327,0.337,0.471,0.535,0.038161984
0.25,0.357,0.472,0.389,0.0
0.375,0.284,0.473,0.34,0.0
0.235,0.35,0.457,0.364,0.0
0.296,0.355,0.366,0.399,0.0
0.277,0.475,0.499,0.565,0.040854178
0.288,0.322,0.533,0.538,0.070512163
0.304,0.341,0.414,0.471,0.025294674
0.335,0.269,0.547,0.502,0.030597145
0.397,0.355,0.409,0.372,0.0
0.282,0.309,0.512,0.547,0.078746797
0.322,0.325,0.352,0.483,0.007864561
0.402,0.294,0.438,0.438,0.001230208
0.27,0.369,0.482,0.535,0.085359466
0.381,0.335,0.417,0.499,0.008294386
0.394,0.429,0.482,0.453,0.002480654
0.339,0.377,0.577,0.493,0.027679919
0.338,0.362,0.448,0.402,0.0
0.371,0.296,0.421,0.54,0.015998003
0.394,0.29,0.566,0.426,0.00321502
0.378,0.311,0.436,0.517,0.01341712
0.24,0.351,0.45,0.407,0.0
0.367,0.315,0.447,0.479,0.012807558
0.377,0.324,0.451,0.448,0.005592073
0.323,0.428,0.533,0.45,0.007044422
0.356,0.357,0.49,0.531,0.027845681
0.294,0.37,0.516,0.392,0.0
0.296,0.309,0.392,0.539,0.045973539
0.359,0.316,0.502,0.412,0.0
0.373,0.39,0.489,0.4,0.0
0.386,0.35,0.438,0.442,0.002769775
0.366,0.25,0.444,0.438,0.004178756
0.376,0.31,0.382,0.46,0.001351157
0.348,0.328,0.386,0.524,0.01346338
0.283,0.299,0.527,0.459,0.034385106
0.36,0.335,0.432,0.457,0.009476889
0.387,0.334,0.526,0.506,0.01511474
0.334,0.327,0.408,0.519,0.02408085
0.355,0.328,0.429,0.416,0.0
0.424,0.369,0.482,0.465,0.003130212
0.302,0.3,0.52,0.482,0.036298602
0.305,0.289,0.519,0.443,0.014631427
0.348,0.391,0.497,0.517,0.028458616
0.34,0.357,0.516,0.496,0.02648826
0.316,0.454,0.498,0.464,0.004467394
0.361,0.31,0.413,0.505,0.014673831
0.329,0.241,0.375,0.479,0.010683004
0.34,0.48,0.482,0.502,0.005478834
0.347,0.346,0.447,0.398,0.0
0.307,0.345,0.449,0.395,0.0
0.407,0.276,0.479,0.464,0.004514135
0.328,0.295,0.452,0.507,0.029477766
0.386,0.287,0.452,0.503,0.010696496
0.224,0.331,0.41,0.439,0.030978784
0.314,0.352,0.516,0.524,0.045710439
0.34,0.371,0.544,0.457,0.016143045
0.349,0.278,0.419,0.384,0.0
0.347,0.367,0.523,0.465,0.0170345
0.305,0.309,0.487,0.451,0.019291086
0.301,0.313,0.463,0.397,0.0
0.286,0.342,0.5,0.52,0.064395818
0.365,0.311,0.467,0.509,0.019956063
0.3,0.293,0.5,0.487,0.038713722
0.302,0.319,0.44,0.489,0.034873238
0.311,0.394,0.506,0.426,0.009637833
0.367,0.248,0.473,0.48,0.01453939
0.359,0.246,0.437,0.432,0.00430886
0.434,0.349,0.458,0.521,0.002590038
0.358,0.341,0.426,0.559,0.023214452
0.348,0.43,0.492,0.564,0.029335134
0.361,0.415,0.475,0.428,0.004903002
0.304,0.3,0.484,0.482,0.03396058
0.357,0.285,0.515,0.469,0.016122325
0.339,0.393,0.541,0.471,0.020532859
0.299,0.296,0.451,0.478,0.033311023
0.371,0.438,0.429,0.442,0.0008823
0.313,0.323,0.363,0.545,0.022417925
0.413,0.296,0.475,0.504,0.006141884
0.364,0.275,0.456,0.513,0.019910768
0.34,0.401,0.424,0.521,0.02498146
0.369,0.363,0.439,0.487,0.012764672
0.252,0.272,0.482,0.494,0.076966297
0.341,0.363,0.523,0.401,0.0
0.338,0.295,0.48,0.451,0.012523256
0.315,0.264,0.383,0.508,0.02358549
0.33,0.331,0.338,0.419,0.000587397
0.295,0.302,0.469,0.53,0.057757128
0.24,0.375,0.444,0.403,0.0
0.308,0.304,0.438,0.452,0.017622861
0.34,0.251,0.394,0.465,0.010671921
0.386,0.334,0.428,0.484,0.006692659
0.316,0.358,0.462,0.422,0.008312215
0.31,0.411,0.492,0.489,0.034181758
0.316,0.386,0.452,0.414,0.0
0.257,0.369,0.507,0.395,0.0
0.372,0.33,0.528,0.556,0.02780424
0.414,0.364,0.428,0.388,0.0
0.406,0.387,0.418,0.393,0.0
0.297,0.309,0.373,0.493,0.026765816
0.31,0.428,0.398,0.464,0.011390385
0.385,0.33,0.465,0.542,0.015928614
0.28,0.43,0.407,0.47,0.02388232
0.434,0.42,0.474,0.43,0.0
0.361,0.297,0.423,0.461,0.009417138
0.294,0.381,0.48,0.403,0.0
0.391,0.314,0.396,0.436,0.000305986
0.361,0.331,0.433,0.461,0.010043084
0.419,0.312,0.505,0.482,0.005433539
0.377,0.325,0.386,0.475,0.002349104
0.373,0.355,0.449,0.553,0.020295298
0.275,0.339,0.477,0.489,0.056866637
0.278,0.329,0.448,0.523,0.069375437
0.375,0.317,0.581,0.323,0.0
0.303,0.313,0.517,0.455,0.023122415
0.335,0.288,0.505,0.492,0.026226124
0.37,0.343,0.444,0.393,0.0
0.286,0.329,0.362,0.483,0.028345859
0.305,0.391,0.425,0.403,0.0
0.287,0.353,0.497,0.399,0.0
0.393,0.372,0.437,0.446,0.002480172
0.264,0.386,0.504,0.424,0.019186521
0.35,0.256,0.366,0.454,0.002338021
0.304,0.365,0.548,0.459,0.025718236
0.344,0.432,0.394,0.472,0.007202474
0.348,0.248,0.366,0.492,0.004439928
0.333,0.418,0.439,0.444,0.008911177
0.377,0.385,0.457,0.469,0.009463879
0.381,0.314,0.445,0.474,0.008265956
0.274,0.294,0.49,0.46,0.039545425
0.323,0.427,0.551,0.443,0.003206347
0.409,0.344,0.453,0.548,0.007112365
0.356,0.273,0.434,0.469,0.012612884
0.239,0.271,0.467,0.451,0.045110996
0.274,0.357,0.466,0.497,0.061356679
0.37,0.273,0.428,0.501,0.013539997
0.343,0.365,0.497,0.407,0.0
0.342,0.292,0.404,0.514,0.019700674
0.324,0.34,0.489,0.556,0.045288323
0.359,0.327,0.441,0.397,0.0
0.286,0.411,0.508,0.465,0.03622584
0.286,0.244,0.476,0.493,0.049755717
0.344,0.387,0.392,0.425,0.003762422
0.356,0.371,0.432,0.429,0.004447638
0.404,0.391,0.454,0.393,0.0
0.394,0.319,0.446,0.466,0.004699654
0.357,0.276,0.377,0.406,0.0
0.351,0.295,0.387,0.511,0.011860688
0.372,0.373,0.382,0.481,0.002846874
0.38,0.34,0.422,0.536,0.012174384
0.419,0.35,0.461,0.447,0.001634013
0.258,0.354,0.356,0.422,0.014605888
0.311,0.383,0.447,0.511,0.038463633
0.357,0.277,0.391,0.475,0.008125733
0.227,0.382,0.471,0.444,0.04093224
0.37,0.369,0.404,0.479,0.007893473
0.302,0.301,0.44,0.436,0.009901415
0.308,0.416,0.496,0.418,0.0
0.346,0.368,0.474,0.39,0.0
0.361,0.292,0.367,0.402,0.0
0.344,0.424,0.482,0.45,0.005217662
0.373,0.421,0.449,0.469,0.006546171
0.312,0.385,0.426,0.479,0.025654629
0.344,0.286,0.436,0.53,0.026579333
0.34,0.374,0.522,0.438,0.007361009
0.276,0.308,0.482,0.464,0.04117462
0.367,0.274,0.575,0.516,0.025571266
0.389,0.334,0.435,0.47,0.005333792
0.319,0.284,0.443,0.518,0.035760356
0.311,0.306,0.473,0.39,0.0
0.342,0.31,0.45,0.464,0.01495476
0.443,0.254,0.479,0.424,0.000683288
0.29,0.41,0.538,0.525,0.064476289
0.323,0.27,0.433,0.411,0.0
0.324,0.275,0.502,0.495,0.030819768
0.383,0.302,0.485,0.44,0.003730137
0.4,0.288,0.422,0.534,0.004744468
0.411,0.29,0.445,0.462,0.002312964
0.343,0.309,0.467,0.51,0.026486814
0.221,0.253,0.433,0.493,0.110768825
0.373,0.35,0.503,0.392,0.0
0.396,0.252,0.444,0.452,0.003149486
0.3,0.376,0.474,0.492,0.039490493
0.355,0.312,0.429,0.508,0.019069909
0.393,0.323,0.477,0.449,0.004287176
0.338,0.388,0.51,0.46,0.016732851
0.353,0.339,0.473,0.461,0.013459525
0.325,0.337,0.487,0.471,0.022423707
0.261,0.359,0.481,0.517,0.08485736
0.302,0.37,0.552,0.432,0.011413515
0.296,0.378,0.524,0.468,0.033391013
0.349,0.331,0.441,0.441,0.006216092
0.309,0.347,0.417,0.569,0.047619598
0.287,0.366,0.461,0.538,0.066524227
0.303,0.369,0.489,0.439,0.011720465
0.272,0.269,0.494,0.483,0.056672444
0.342,0.355,0.496,0.511,0.028953013
0.425,0.375,0.439,0.413,0.0
0.227,0.324,0.469,0.5,0.110979401
0.326,0.388,0.416,0.458,0.014383747
0.359,0.308,0.491,0.394,0.0
0.355,0.306,0.503,0.444,0.008382086
0.205,0.348,0.451,0.392,0.0
0.333,0.329,0.583,0.455,0.016731887
0.353,0.269,0.387,0.479,0.008414853
0.405,0.367,0.463,0.409,0.0
0.374,0.387,0.376,0.459,0.000416815
0.357,0.351,0.397,0.493,0.011318105
0.329,0.325,0.539,0.448,0.013664319
0.319,0.234,0.513,0.478,0.027549814
0.351,0.33,0.457,0.446,0.008406662
0.362,0.317,0.368,0.441,0.000520417
0.299,0.329,0.421,0.375,0.0
0.406,0.346,0.505,0.434,0.002151057
0.407,0.294,0.42,0.52,0.002390545
0.316,0.302,0.49,0.511,0.039109335
0.348,0.385,0.354,0.451,0.000737739
0.383,0.305,0.433,0.527,0.011919476
0.321,0.392,0.537,0.446,0.013539515
0.379,0.315,0.381,0.509,0.000755086
0.347,0.329,0.447,0.485,0.018345662
0.354,0.313,0.534,0.401,0.0
0.324,0.338,0.458,0.522,0.035662537
0.346,0.344,0.458,0.428,0.005706276
0.283,0.422,0.475,0.428,0.0
0.352,0.328,0.452,0.473,0.015252554
0.413,0.387,0.483,0.485,0.005363668
0.37,0.328,0.392,0.394,0.0
0.422,0.257,0.49,0.423,0.001373804
0.334,0.308,0.464,0.542,0.035343058
0.396,0.363,0.416,0.455,0.001848444
0.417,0.319,0.461,0.505,0.004585934
0.354,0.331,0.394,0.393,0.0
0.363,0.329,0.451,0.505,0.018432398
0.334,0.274,0.522,0.448,0.012733832
0.307,0.398,0.441,0.442,0.011981155
0.324,0.33,0.44,0.416,0.0
0.291,0.351,0.455,0.371,0.0
0.251,0.242,0.461,0.446,0.03262147
0.308,0.24,0.43,0.474,0.026062771
0.32,0.373,0.498,0.448,0.014578421
0.409,0.356,0.467,0.502,0.006134174
0.283,0.264,0.477,0.456,0.030672798
0.257,0.385,0.451,0.423,0.019658751
0.328,0.339,0.488,0.473,0.022280592
0.382,0.325,0.432,0.425,0.002251767
0.364,0.342,0.454,0.558,0.024853765
0.354,0.275,0.452,0.523,0.024004233
0.326,0.426,0.494,0.504,0.024846537
0.359,0.323,0.573,0.537,0.03177242
0.382,0.316,0.412,0.486,0.006184288
0.416,0.309,0.422,0.543,0.00107842
0.295,0.468,0.525,0.502,0.01576767
0.292,0.374,0.464,0.49,0.043079924
0.291,0.337,0.473,0.374,0.0
0.356,0.367,0.44,0.517,0.021266743
0.315,0.312,0.442,0.434,0.00805538
0.366,0.327,0.452,0.503,0.017404093
0.32,0.372,0.442,0.47,0.021196872
0.275,0.349,0.397,0.415,0.0
0.259,0.249,0.495,0.445,0.029651721
0.281,0.385,0.483,0.459,0.034316199
0.428,0.295,0.456,0.475,0.001888921
0.285,0.35,0.499,0.47,0.039501575
0.388,0.297,0.488,0.453,0.005913479
0.316,0.322,0.502,0.484,0.030299351
0.291,0.394,0.489,0.45,0.023090612
0.319,0.283,0.495,0.363,0.0
0.291,0.384,0.531,0.44,0.015181719
0.328,0.425,0.483,0.443,0.00278134
0.358,0.471,0.454,0.539,0.0112651
0.45,0.369,0.468,0.461,0.000857724
0.334,0.367,0.496,0.484,0.024103497
0.246,0.237,0.462,0.429,0.022225178
0.386,0.265,0.468,0.509,0.01272034
0.324,0.366,0.402,0.398,0.0
0.298,0.348,0.546,0.406,0.0
0.299,0.305,0.549,0.55,0.064998152
0.367,0.346,0.429,0.479,0.011458811
0.303,0.352,0.535,0.454,0.022874253
0.371,0.378,0.489,0.406,0.0
0.378,0.37,0.41,0.373,0.0
0.308,0.374,0.53,0.48,0.033001664
0.326,0.361,0.38,0.471,0.011811056
0.36,0.356,0.483,0.38,0.0
0.352,0.322,0.39,0.546,0.014926812
0.384,0.314,0.403,0.492,0.004534856
0.383,0.32,0.433,0.394,0.0
0.251,0.378,0.465,0.542,0.105219638
0.27,0.319,0.45,0.485,0.056530775
0.319,0.377,0.487,0.515,0.038601447
0.229,0.328,0.385,0.48,0.078910632
0.385,0.373,0.485,0.445,0.004613882
0.286,0.364,0.514,0.524,0.066875508
0.298,0.319,0.472,0.455,0.023695356
0.317,0.283,0.523,0.515,0.041563487
0.281,0.373,0.491,0.427,0.01483863
0.33,0.308,0.49,0.54,0.039143548
0.299,0.362,0.385,0.494,0.029642565
0.308,0.378,0.488,0.44,0.011344126
0.289,0.402,0.526,0.468,0.036980926
0.352,0.321,0.512,0.533,0.030902649
0.377,0.309,0.394,0.449,0.002481618
0.374,0.305,0.458,0.507,0.015901148
0.305,0.356,0.521,0.382,0.0
0.327,0.378,0.467,0.462,0.01832205
0.379,0.299,0.447,0.531,0.015648167
0.378,0.331,0.45,0.377,0.0
0.365,0.324,0.411,0.46,0.007680487
0.311,0.284,0.451,0.46,0.02092269
0.481,0.382,0.501,0.5,0.001094321
0.399,0.318,0.409,0.52,0.002257068
0.426,0.358,0.51,0.476,0.004568586
0.323,0.41,0.469,0.46,0.018511424
0.358,0.389,0.458,0.471,0.013985242
0.333,0.349,0.407,0.425,0.005246574
0.36,0.277,0.438,0.511,0.018995219
0.3,0.377,0.434,0.573,0.058878916
0.322,0.34,0.538,0.346,0.0
0.348,0.422,0.484,0.424,0.0
0.374,0.312,0.538,0.529,0.023896776
0.383,0.332,0.453,0.499,0.011294012
0.402,0.343,0.406,0.457,0.000381639
0.361,0.279,0.429,0.469,0.011282929
0.289,0.352,0.487,0.356,0.0
0.314,0.319,0.54,0.539,0.050592239
0.365,0.37,0.477,0.408,0.0
0.359,0.367,0.395,0.477,0.008794083
0.254,0.371,0.444,0.439,0.022204939
0.286,0.345,0.502,0.375,0.0
0.337,0.425,0.481,0.509,0.022464184
0.343,0.339,0.439,0.393,0.0
0.336,0.305,0.394,0.473,0.012836952
0.446,0.382,0.47,0.498,0.001858081
0.304,0.373,0.504,0.455,0.022536946
0.382,0.425,0.518,0.443,0.001424401
0.318,0.338,0.534,0.458,0.020753554
0.297,0.422,0.489,0.488,0.028979033
0.367,0.306,0.513,0.446,0.007864079
0.401,0.412,0.433,0.44,0.00125912
0.354,0.322,0.404,0.498,0.014056077
0.436,0.307,0.438,0.451,9.0591e-05
0.288,0.438,0.514,0.446,0.006699405
0.381,0.277,0.457,0.501,0.012469287
0.356,0.334,0.362,0.489,0.00148608
0.352,0.28,0.48,0.45,0.010506159
0.316,0.375,0.479,0.395,0.0
0.322,0.273,0.452,0.507,0.032041302
0.417,0.327,0.447,0.545,0.004560395
0.305,0.286,0.451,0.488,0.033827103
0.29,0.298,0.49,0.466,0.034061291
0.253,0.397,0.457,0.552,0.106034958
0.284,0.317,0.428,0.527,0.062251989
0.376,0.363,0.452,0.501,0.013848874
0.333,0.326,0.343,0.4,0.0
0.312,0.246,0.352,0.488,0.012311716
0.304,0.372,0.432,0.414,0.0
0.37,0.332,0.499,0.506,0.019925706
0.322,0.301,0.402,0.526,0.029246952
0.372,0.295,0.5,0.515,0.020810896
0.297,0.347,0.541,0.488,0.042385553
0.304,0.402,0.47,0.422,0.010174152
0.267,0.318,0.429,0.432,0.017259051
0.292,0.412,0.46,0.52,0.056072037
0.408,0.292,0.41,0.404,0.0
0.377,0.374,0.545,0.471,0.012734314
0.289,0.398,0.515,0.4,0.0
0.383,0.364,0.583,0.456,0.008889011
0.367,0.323,0.539,0.551,0.029618472
0.331,0.323,0.539,0.445,0.011628428
0.284,0.365,0.482,0.531,0.069315685
0.354,0.36,0.482,0.414,0.0
0.265,0.318,0.493,0.534,0.090388236
0.32,0.41,0.432,0.41,0.0
0.384,0.342,0.39,0.46,0.001102031
0.303,0.297,0.525,0.441,0.013301954
0.28,0.234,0.518,0.472,0.044829103
0.379,0.314,0.493,0.424,0.003651111
0.365,0.323,0.469,0.437,0.004530037
0.278,0.341,0.514,0.573,0.090660973
0.326,0.296,0.48,0.442,0.009972731
0.266,0.336,0.512,0.35,0.0
0.338,0.319,0.392,0.361,0.0
0.369,0.28,0.453,0.458,0.009180059
0.427,0.346,0.437,0.434,0.000242861
0.278,0.398,0.478,0.404,0.0
0.332,0.352,0.41,0.468,0.015084382
0.394,0.363,0.486,0.535,0.013704795
0.381,0.393,0.501,0.532,0.019553222
0.342,0.261,0.512,0.489,0.024003751
0.319,0.317,0.555,0.419,0.00906682
0.344,0.385,0.44,0.447,0.009154038
0.391,0.424,0.441,0.444,0.000802791
0.307,0.267,0.471,0.511,0.042889586
0.362,0.414,0.466,0.42,0.004673152
0.284,0.318,0.528,0.472,0.042337848
0.368,0.371,0.388,0.543,0.008306915
0.301,0.412,0.487,0.492,0.039613369
0.344,0.317,0.518,0.529,0.033362583
0.253,0.367,0.483,0.475,0.062504487
0.311,0.363,0.439,0.425,0.008490025
0.285,0.346,0.533,0.546,0.07627048
0.38,0.383,0.504,0.429,0.00371038
0.287,0.367,0.535,0.425,0.014031983
0.346,0.322,0.464,0.472,0.01698294
0.412,0.302,0.48,0.514,0.007310895
0.284,0.356,0.504,0.428,0.014376519
0.353,0.282,0.439,0.522,0.022815465
0.378,0.326,0.397,0.542,0.007521471
0.301,0.359,0.543,0.449,0.020251448
0.433,0.326,0.501,0.548,0.007058396
0.26,0.318,0.458,0.5,0.07337301
0.287,0.39,0.471,0.478,0.041418445
0.372,0.36,0.374,0.442,0.000249126
0.315,0.314,0.471,0.476,0.026443446
0.26,0.308,0.5,0.49,0.06899187
0.361,0.421,0.507,0.429,0.0
0.412,0.307,0.566,0.375,0.0
0.273,0.331,0.402,0.387,0.0
0.351,0.372,0.463,0.455,0.011680952
0.352,0.278,0.484,0.444,0.008322335
0.356,0.343,0.44,0.485,0.015758997
0.364,0.349,0.412,0.489,0.011642402
0.358,0.301,0.494,0.459,0.012822014
0.395,0.376,0.407,0.538,0.003285855
0.356,0.276,0.386,0.468,0.006680612
0.361,0.323,0.452,0.488,0.016016314
0.323,0.362,0.465,0.533,0.039156558
0.35,0.354,0.582,0.432,0.006737472
0.404,0.235,0.429,0.479,0.002834345
0.423,0.33,0.433,0.52,0.001320799
0.399,0.332,0.489,0.338,0.0
0.355,0.404,0.383,0.518,0.009718305
0.282,0.386,0.518,0.394,0.0
0.34,0.35,0.376,0.416,0.0
0.267,0.423,0.503,0.507,0.056814113
0.3,0.398,0.532,0.414,0.0
0.294,0.3,0.438,0.504,0.046055938
0.291,0.387,0.497,0.421,0.012844662
0.389,0.332,0.453,0.44,0.002539442
0.34,0.363,0.524,0.498,0.027469342
0.271,0.349,0.437,0.413,0.0
0.397,0.32,0.459,0.558,0.01175805
0.288,0.37,0.458,0.439,0.014092699
0.325,0.263,0.369,0.431,0.003285373
0.283,0.266,0.473,0.516,0.063711566
0.39,0.306,0.466,0.464,0.006349569
0.373,0.417,0.375,0.423,0.000187928
0.289,0.345,0.475,0.397,0.0
0.293,0.377,0.52,0.429,0.012695765
0.304,0.233,0.508,0.431,0.010721553
0.326,0.298,0.504,0.536,0.041347128
0.428,0.372,0.46,0.498,0.002865666
0.385,0.347,0.392,0.397,0.0
0.315,0.401,0.541,0.453,0.019086774
0.329,0.268,0.427,0.436,0.006222838
0.391,0.32,0.419,0.512,0.006078759
0.26,0.3,0.478,0.33,0.0
0.252,0.303,0.452,0.505,0.083013253
0.303,0.315,0.459,0.475,0.030496434
0.358,0.414,0.446,0.454,0.009687466
0.408,0.367,0.42,0.481,0.00145524
0.383,0.309,0.417,0.541,0.010321603
0.355,0.281,0.499,0.485,0.01953202
0.312,0.411,0.404,0.467,0.019782109
0.308,0.287,0.52,0.489,0.036256197
0.348,0.327,0.396,0.447,0.006240667
0.305,0.329,0.431,0.547,0.049415519
0.242,0.322,0.416,0.492,0.078674035
0.307,0.316,0.473,0.394,0.0
0.391,0.344,0.419,0.428,0.001236954
0.38,0.354,0.468,0.56,0.020012442
0.313,0.28,0.465,0.458,0.02023651
0.307,0.293,0.539,0.369,0.0
0.36,0.409,0.398,0.416,0.0
0.349,0.284,0.481,0.46,0.014129803
0.375,0.345,0.551,0.483,0.01569009
0.424,0.286,0.43,0.386,0.0
0.377,0.369,0.381,0.381,0.0
0.256,0.368,0.452,0.408,0.0
0.374,0.419,0.468,0.433,0.0
0.38,0.33,0.416,0.508,0.00932992
0.349,0.244,0.473,0.468,0.01597391
0.257,0.305,0.505,0.552,0.105882206
0.362,0.428,0.464,0.43,0.0
0.371,0.366,0.393,0.468,0.005068283
0.264,0.36,0.494,0.464,0.048198803
0.269,0.25,0.497,0.462,0.044592024
0.26,0.338,0.426,0.422,0.018488295
0.284,0.329,0.466,0.461,0.033250308
0.314,0.314,0.486,0.556,0.051123257
0.286,0.325,0.444,0.387,0.0
0.252,0.352,0.456,0.424,0.020826798
0.391,0.242,0.407,0.454,0.001763153
0.387,0.376,0.465,0.446,0.00407419
0.299,0.36,0.491,0.408,0.0
0.363,0.254,0.405,0.432,0.003011672
0.34,0.36,0.352,0.48,0.002577028
0.351,0.388,0.547,0.492,0.023500199
0.328,0.382,0.44,0.466,0.017640208
0.325,0.356,0.459,0.358,0.0
0.355,0.368,0.531,0.369,0.0
0.307,0.368,0.369,0.468,0.014821283
0.392,0.404,0.436,0.424,0.001623412
0.391,0.332,0.461,0.536,0.012674081
0.33,0.32,0.492,0.366,0.0
0.315,0.29,0.413,0.536,0.03732498
0.364,0.295,0.438,0.405,0.0
0.366,0.32,0.465,0.47,0.012607583
0.369,0.349,0.433,0.459,0.008322335
0.441,0.306,0.443,0.49,0.0001754
0.293,0.274,0.539,0.474,0.038160538
0.395,0.337,0.449,0.531,0.009667227
0.413,0.218,0.467,0.446,0.001997823
0.314,0.315,0.474,0.471,0.025261907
0.261,0.421,0.459,0.541,0.074679835
0.389,0.401,0.579,0.409,0.0
0.331,0.399,0.431,0.412,0.0
0.309,0.469,0.455,0.527,0.019507445
0.332,0.266,0.44,0.478,0.019876555
0.291,0.329,0.521,0.397,0.0
0.264,0.404,0.502,0.52,0.085347419
0.22,0.341,0.464,0.393,0.0
0.368,0.352,0.412,0.48,0.009619522
0.378,0.335,0.382,0.559,0.001833988
0.443,0.292,0.456,0.414,0.0
0.397,0.308,0.441,0.41,0.0
0.323,0.36,0.523,0.514,0.038390389
0.298,0.408,0.484,0.458,0.026108548
0.365,0.373,0.475,0.475,0.014174134
0.251,0.262,0.493,0.476,0.064895514
0.294,0.341,0.47,0.427,0.011868398
0.327,0.364,0.352,0.4,0.0
0.25,0.367,0.468,0.459,0.049737888
0.346,0.242,0.49,0.486,0.021311557
0.375,0.337,0.507,0.447,0.007143687
0.404,0.282,0.466,0.511,0.007678078
0.345,0.35,0.417,0.544,0.024926045
0.302,0.272,0.544,0.496,0.042980659
0.349,0.369,0.395,0.539,0.017435414
0.439,0.342,0.465,0.556,0.003206829
0.388,0.434,0.556,0.44,0.000571977
0.309,0.348,0.537,0.376,0.0
0.363,0.32,0.439,0.444,0.005909142
0.327,0.248,0.391,0.477,0.01523858
0.411,0.341,0.439,0.405,0.0
0.376,0.345,0.558,0.437,0.004550757
0.352,0.364,0.426,0.444,0.00663628
0.327,0.369,0.483,0.417,0.0
0.31,0.405,0.516,0.443,0.013529877
0.35,0.316,0.47,0.414,0.0
0.265,0.37,0.477,0.481,0.058750739
0.378,0.289,0.398,0.418,0.0
0.368,0.283,0.45,0.519,0.018906074
0.355,0.281,0.517,0.353,0.0
0.379,0.393,0.395,0.415,0.0
0.338,0.369,0.472,0.465,0.017008961
0.241,0.361,0.456,0.479,0.07357684
0.395,0.407,0.425,0.535,0.006757229
0.296,0.395,0.442,0.459,0.025504768
0.412,0.349,0.472,0.441,0.001737614
0.315,0.273,0.421,0.393,0.0
0.318,0.494,0.42,0.502,0.002145274
0.429,0.244,0.443,0.448,0.000571977
0.234,0.298,0.479,0.372,0.0
0.404,0.378,0.504,0.414,0.0
0.365,0.301,0.425,0.439,0.003966734
0.396,0.336,0.452,0.398,0.0
0.262,0.335,0.444,0.497,0.068537951
0.341,0.27,0.439,0.478,0.01766912
0.37,0.383,0.4,0.587,0.013239793
0.246,0.27,0.484,0.51,0.094967905
0.352,0.396,0.478,0.426,0.005660498
0.365,0.372,0.417,0.45,0.006313911
0.338,0.249,0.455,0.479,0.019614419
0.295,0.385,0.441,0.423,0.011136441
0.292,0.337,0.354,0.533,0.034007803
0.336,0.349,0.414,0.395,0.0
0.229,0.355,0.455,0.559,0.147457257
0.275,0.41,0.429,0.454,0.031455833
0.378,0.323,0.47,0.455,0.007485813
0.369,0.39,0.547,0.406,0.0
0.309,0.328,0.522,0.388,0.0
0.316,0.292,0.532,0.476,0.028205636
0.279,0.346,0.483,0.414,0.0
0.324,0.314,0.392,0.477,0.016368559
0.343,0.341,0.517,0.433,0.006785659
0.337,0.24,0.369,0.43,0.002298508
0.377,0.318,0.423,0.554,0.014887298
0.428,0.304,0.432,0.492,0.00037682
0.351,0.384,0.529,0.438,0.00666471
0.393,0.344,0.459,0.538,0.01187659
0.291,0.341,0.433,0.393,0.0
0.326,0.298,0.493,0.52,0.037083082
0.341,0.249,0.415,0.465,0.013036927
0.393,0.334,0.473,0.544,0.013745754
0.291,0.396,0.495,0.51,0.055465366
0.413,0.263,0.445,0.493,0.003315731
0.273,0.334,0.373,0.432,0.012851408
0.326,0.408,0.359,0.498,0.009536641
0.431,0.351,0.487,0.451,0.001995895
0.383,0.305,0.455,0.487,0.00983299
0.366,0.312,0.484,0.542,0.02541225
0.301,0.338,0.471,0.472,0.031166712
0.344,0.327,0.495,0.515,0.029238278
0.423,0.327,0.507,0.445,0.00229899
0.379,0.282,0.543,0.514,0.019917514
0.271,0.401,0.465,0.409,0.0
0.311,0.272,0.449,0.464,0.022460329
0.351,0.411,0.413,0.459,0.010052239
0.31,0.449,0.53,0.525,0.031366205
0.257,0.447,0.493,0.473,0.025686914
0.269,0.338,0.412,0.45,0.029431025
0.349,0.311,0.364,0.529,0.004990702
0.287,0.399,0.495,0.487,0.046589847
0.328,0.305,0.576,0.545,0.045456013
0.366,0.382,0.382,0.528,0.006166459
0.27,0.36,0.482,0.464,0.044879217
0.358,0.366,0.45,0.576,0.028146366
0.337,0.377,0.507,0.385,0.0
0.342,0.389,0.492,0.481,0.021096644
0.281,0.3,0.475,0.446,0.022559594
0.355,0.317,0.465,0.415,0.0
0.259,0.428,0.432,0.454,0.019646222
0.382,0.364,0.502,0.412,0.0
0.252,0.336,0.48,0.362,0.0
0.315,0.391,0.497,0.403,0.0
0.343,0.309,0.463,0.493,0.022269509
0.407,0.308,0.437,0.519,0.004629784
0.325,0.243,0.489,0.481,0.025527416
0.348,0.366,0.416,0.412,0.0
0.27,0.315,0.476,0.473,0.051027848
0.409,0.336,0.431,0.586,0.005035516
0.317,0.27,0.455,0.474,0.024208545
0.33,0.39,0.48,0.392,0.0
0.386,0.315,0.54,0.505,0.015755624
0.349,0.433,0.475,0.461,0.008347392
0.349,0.366,0.509,0.488,0.022038213
0.321,0.389,0.527,0.411,0.0
0.291,0.33,0.485,0.464,0.032462936
0.359,0.316,0.405,0.492,0.012079456
0.293,0.326,0.523,0.438,0.013353514
0.301,0.26,0.469,0.474,0.031742062
0.328,0.319,0.495,0.525,0.037430991
0.36,0.353,0.478,0.377,0.0
0.381,0.364,0.455,0.41,0.0
0.365,0.335,0.421,0.471,0.010079224
0.287,0.273,0.511,0.501,0.054784487
0.327,0.311,0.509,0.517,0.036691806
0.333,0.387,0.527,0.505,0.031670264
0.419,0.462,0.481,0.486,0.001329473
0.305,0.362,0.501,0.394,0.0
0.277,0.254,0.489,0.488,0.055321769
0.298,0.312,0.478,0.496,0.042728643
0.258,0.32,0.46,0.564,0.104661153
0.32,0.265,0.42,0.512,0.030759052
0.369,0.372,0.497,0.44,0.005427756
0.339,0.287,0.379,0.449,0.005348248
0.286,0.352,0.526,0.498,0.054736782
0.323,0.405,0.505,0.431,0.008239453
0.292,0.358,0.5,0.464,0.032466791
0.329,0.299,0.459,0.495,0.026433327
0.287,0.286,0.475,0.382,0.0
0.336,0.406,0.571,0.496,0.0291872
0.322,0.369,0.532,0.518,0.040404113
0.327,0.282,0.389,0.47,0.013471572
0.379,0.404,0.403,0.408,0.0
0.319,0.368,0.551,0.372,0.0
0.365,0.326,0.513,0.534,0.026818821
0.376,0.332,0.468,0.43,0.00354269
0.3,0.389,0.438,0.419,0.010163551
0.439,0.293,0.493,0.493,0.003671349
0.363,0.317,0.413,0.475,0.010255106
0.328,0.388,0.388,0.468,0.012637459
0.397,0.385,0.497,0.489,0.009006105
0.363,0.275,0.371,0.477,0.001860491
0.367,0.37,0.431,0.454,0.007656394
0.349,0.272,0.509,0.368,0.0
0.394,0.366,0.402,0.394,0.0
0.342,0.271,0.386,0.459,0.007955152
0.254,0.302,0.496,0.548,0.106841122
0.402,0.358,0.424,0.502,0.003466073
0.343,0.35,0.549,0.356,0.0
0.391,0.25,0.433,0.488,0.006114418
0.394,0.344,0.416,0.528,0.005293315
0.288,0.343,0.398,0.495,0.04077997
0.396,0.307,0.42,0.477,0.003172616
0.397,0.309,0.477,0.479,0.007063697
0.372,0.399,0.422,0.497,0.011651558
0.344,0.221,0.454,0.419,0.005757836
0.342,0.387,0.44,0.437,0.005616166
0.279,0.346,0.463,0.454,0.030694482
0.339,0.358,0.487,0.382,0.0
0.281,0.318,0.501,0.414,0.0
0.338,0.383,0.462,0.461,0.015370612
0.319,0.424,0.445,0.48,0.01704221
0.353,0.271,0.375,0.479,0.005171403
0.386,0.276,0.53,0.47,0.010045011
0.402,0.337,0.408,0.377,0.0
0.374,0.343,0.486,0.455,0.008770472
0.413,0.317,0.557,0.393,0.0
0.353,0.339,0.419,0.369,0.0
0.388,0.428,0.426,0.452,0.001761226
0.273,0.359,0.414,0.543,0.076397211
0.359,0.315,0.395,0.535,0.013761656
0.314,0.361,0.378,0.512,0.022931114
0.361,0.312,0.465,0.548,0.026069517
0.344,0.364,0.502,0.462,0.016308808
0.373,0.358,0.397,0.382,0.0
0.389,0.387,0.445,0.39,0.0
0.355,0.335,0.561,0.447,0.010498449
0.348,0.324,0.489,0.488,0.021393956
0.362,0.388,0.414,0.462,0.00882685
0.351,0.374,0.444,0.404,0.0
0.416,0.355,0.434,0.555,0.003155751
0.263,0.302,0.509,0.518,0.085733877
0.409,0.346,0.429,0.446,0.000965663
0.315,0.278,0.523,0.486,0.031932882
0.347,0.257,0.391,0.449,0.006203563
0.314,0.365,0.466,0.397,0.0
0.341,0.281,0.481,0.445,0.009656626
0.337,0.255,0.489,0.383,0.0
0.298,0.376,0.342,0.528,0.024056274
0.382,0.44,0.442,0.558,0.012886102
0.374,0.38,0.48,0.448,0.006975033
0.388,0.348,0.39,0.49,0.000548365
0.383,0.321,0.467,0.479,0.009754927
0.31,0.333,0.434,0.413,0.0
0.357,0.284,0.395,0.532,0.014210274
0.385,0.322,0.491,0.506,0.014175098
0.302,0.258,0.474,0.496,0.040047531
0.401,0.276,0.467,0.41,0.0
0.334,0.365,0.444,0.439,0.006841556
0.377,0.323,0.445,0.543,0.017287963
0.345,0.252,0.529,0.462,0.016729478
0.321,0.283,0.529,0.392,0.0
0.285,0.448,0.475,0.472,0.016489508
0.343,0.407,0.491,0.408,0.0
0.359,0.31,0.506,0.494,0.020870648
0.293,0.358,0.459,0.416,0.0
0.296,0.358,0.448,0.372,0.0
0.377,0.29,0.491,0.474,0.01180961
0.371,0.378,0.457,0.382,0.0
0.36,0.365,0.432,0.535,0.021200245
0.324,0.37,0.494,0.457,0.018147132
0.225,0.266,0.401,0.486,0.092892983
0.352,0.343,0.454,0.579,0.03129248
0.38,0.303,0.438,0.517,0.012868755
0.412,0.33,0.422,0.518,0.001604619
0.329,0.422,0.427,0.484,0.014881034
0.331,0.328,0.557,0.438,0.008334863
0.336,0.372,0.488,0.446,0.010717217
0.335,0.33,0.409,0.364,0.0
0.254,0.318,0.446,0.477,0.061561954
0.397,0.316,0.525,0.444,0.003903127
0.314,0.308,0.552,0.364,0.0
0.358,0.297,0.392,0.507,0.011147042
0.35,0.344,0.504,0.49,0.022018456
0.258,0.339,0.492,0.549,0.102846922
0.385,0.272,0.393,0.444,0.000801828
0.287,0.427,0.503,0.453,0.013782858
0.38,0.331,0.402,0.461,0.003707971
0.394,0.414,0.404,0.512,0.002406447
0.266,0.25,0.428,0.482,0.055352127
0.383,0.321,0.583,0.487,0.014539872
0.221,0.336,0.463,0.542,0.157070033
0.312,0.336,0.504,0.412,0.0
0.411,0.271,0.469,0.469,0.00393734
0.285,0.293,0.369,0.493,0.033997202
0.333,0.394,0.551,0.42,0.007736384
0.405,0.321,0.419,0.343,0.0
0.287,0.356,0.493,0.536,0.068769248
0.382,0.362,0.424,0.406,0.0
0.392,0.427,0.444,0.443,0.0007122
0.309,0.351,0.511,0.387,0.0
0.389,0.328,0.467,0.406,0.0
0.301,0.389,0.479,0.505,0.044952943
0.311,0.362,0.463,0.456,0.019584062
0.393,0.351,0.421,0.455,0.002570282
0.281,0.374,0.527,0.506,0.063525083
0.328,0.262,0.404,0.452,0.011022721
0.36,0.326,0.506,0.459,0.012826351
0.461,0.343,0.473,0.523,0.001036497
0.389,0.391,0.461,0.403,0.0
0.407,0.385,0.481,0.421,0.001759298
0.352,0.329,0.4,0.533,0.017431559
0.409,0.278,0.457,0.384,0.0
0.402,0.333,0.411,0.395,0.0
0.336,0.342,0.342,0.424,0.000389831
0.279,0.314,0.485,0.532,0.07503208
0.285,0.395,0.463,0.447,0.022313841
0.353,0.316,0.433,0.512,0.020605621
0.231,0.34,0.476,0.52,0.123004406
0.297,0.366,0.407,0.398,0.0
0.431,0.367,0.437,0.415,0.0
0.344,0.282,0.522,0.524,0.03259304
0.325,0.464,0.503,0.538,0.021448407
0.31,0.386,0.508,0.444,0.01402861
0.307,0.301,0.545,0.497,0.040554938
0.301,0.369,0.473,0.369,0.0
0.349,0.355,0.431,0.465,0.012850444
0.453,0.339,0.503,0.401,0.0
0.38,0.309,0.391,0.513,0.0039942
0.433,0.413,0.449,0.459,0.000853869
0.402,0.272,0.532,0.472,0.007427989
0.32,0.349,0.548,0.453,0.018046904
0.273,0.311,0.431,0.541,0.078813295
0.24,0.275,0.441,0.459,0.054494885
0.295,0.357,0.453,0.535,0.057570645
0.354,0.351,0.483,0.359,0.0
0.312,0.362,0.508,0.408,0.0
0.317,0.312,0.487,0.388,0.0
0.336,0.34,0.564,0.47,0.021406485
0.368,0.25,0.376,0.432,0.000731475
0.283,0.406,0.525,0.49,0.052542357
0.356,0.298,0.394,0.466,0.008006711
0.346,0.353,0.43,0.525,0.02444225
0.417,0.349,0.427,0.529,0.001622448
0.352,0.371,0.436,0.445,0.007300294
0.311,0.378,0.402,0.406,0.0
0.285,0.321,0.427,0.481,0.040955852
0.319,0.411,0.515,0.457,0.019784037
0.301,0.383,0.445,0.405,0.0
0.391,0.31,0.409,0.502,0.003980226
0.379,0.291,0.427,0.401,0.0
0.375,0.333,0.481,0.545,0.022040622
0.378,0.277,0.382,0.443,0.000497287
0.379,0.33,0.511,0.436,0.003875661
0.374,0.32,0.458,0.475,0.011087773
0.331,0.336,0.543,0.514,0.035632661
0.248,0.401,0.477,0.531,0.104944009
0.311,0.292,0.375,0.49,0.019031359
0.341,0.407,0.449,0.443,0.00803996
0.288,0.36,0.458,0.54,0.065888161
0.419,0.363,0.427,0.433,0.000232742
0.399,0.309,0.413,0.473,0.001833988
0.389,0.288,0.407,0.432,0.000934341
0.385,0.29,0.504,0.452,0.006616524
0.349,0.304,0.535,0.464,0.016663944
0.439,0.288,0.493,0.508,0.004317533
0.384,0.33,0.458,0.572,0.01777224
0.337,0.35,0.505,0.482,0.022990383
0.317,0.355,0.439,0.415,0.0
0.333,0.298,0.491,0.52,0.033883482
0.403,0.29,0.453,0.478,0.004646167
0.406,0.353,0.514,0.511,0.010281608
0.292,0.326,0.53,0.474,0.038495436
0.255,0.325,0.481,0.415,0.0
0.403,0.318,0.407,0.361,0.0
0.331,0.402,0.537,0.452,0.015344591
0.296,0.424,0.54,0.534,0.05012531
0.293,0.335,0.497,0.413,0.0
0.305,0.329,0.481,0.409,0.0
0.259,0.347,0.487,0.477,0.06061123
0.324,0.269,0.426,0.461,0.016330974
0.378,0.272,0.5,0.428,0.003850122
0.39,0.329,0.516,0.537,0.017313502
0.234,0.425,0.484,0.441,0.005535695
0.294,0.372,0.42,0.439,0.011812501
0.296,0.34,0.542,0.362,0.0
0.41,0.422,0.458,0.444,0.000567158
0.299,0.336,0.359,0.456,0.012798884
0.355,0.322,0.433,0.556,0.025210829
0.358,0.264,0.474,0.506,0.021857513
0.384,0.402,0.426,0.426,0.00193518
0.326,0.29,0.488,0.54,0.041007412
0.375,0.311,0.499,0.501,0.017300491
0.356,0.425,0.462,0.509,0.017091361
0.322,0.327,0.396,0.413,0.0
0.399,0.385,0.441,0.529,0.007456901
0.316,0.409,0.424,0.469,0.021012317
0.368,0.226,0.414,0.47,0.008722285
0.424,0.28,0.46,0.424,0.000791708
0.39,0.335,0.444,0.477,0.006370289
0.308,0.345,0.516,0.551,0.056473915
0.348,0.366,0.536,0.572,0.039336777
0.256,0.275,0.492,0.437,0.020589719
0.329,0.316,0.571,0.4,0.0
0.392,0.394,0.464,0.44,0.002591966
0.345,0.347,0.515,0.485,0.022319624
0.282,0.358,0.425,0.44,0.015341218
0.381,0.316,0.461,0.406,0.0
0.337,0.304,0.517,0.55,0.039680348
0.376,0.228,0.426,0.402,0.0
0.323,0.37,0.447,0.46,0.017466254
0.284,0.289,0.508,0.431,0.014413623
0.306,0.292,0.364,0.436,0.005234045
0.367,0.37,0.473,0.484,0.015273756
0.397,0.317,0.423,0.345,0.0
0.29,0.298,0.52,0.476,0.040196428
0.325,0.339,0.507,0.445,0.012061145
0.225,0.302,0.443,0.478,0.090488946
0.287,0.376,0.501,0.442,0.018035339
0.369,0.315,0.379,0.472,0.002526432
0.348,0.302,0.515,0.438,0.00675482
0.386,0.401,0.413,0.461,0.003610634
0.313,0.327,0.341,0.527,0.013165586
0.353,0.409,0.489,0.411,0.0
0.269,0.234,0.487,0.468,0.04871922
0.314,0.263,0.402,0.473,0.02050491
0.31,0.309,0.411,0.39,0.0
0.362,0.364,0.422,0.372,0.0
0.415,0.364,0.501,0.5,0.00706466
0.346,0.272,0.422,0.478,0.015236652
0.313,0.347,0.549,0.537,0.051014837
0.283,0.334,0.523,0.418,0.0
0.305,0.314,0.517,0.412,0.0
0.357,0.337,0.545,0.525,0.029390548
0.321,0.324,0.513,0.52,0.040616617
0.362,0.31,0.414,0.456,0.007691088
0.36,0.384,0.455,0.498,0.01840975
0.272,0.316,0.51,0.402,0.0
0.329,0.33,0.445,0.516,0.030709902
0.335,0.314,0.489,0.484,0.023518992
0.259,0.24,0.461,0.444,0.02779123
0.326,0.299,0.402,0.447,0.009457615
0.388,0.354,0.482,0.544,0.016457705
0.395,0.317,0.529,0.503,0.01238496
0.366,0.397,0.386,0.431,0.001758817
0.271,0.296,0.461,0.526,0.078990622
0.34,0.314,0.458,0.374,0.0
0.27,0.371,0.474,0.485,0.058079979
0.372,0.335,0.418,0.517,0.013296172
0.289,0.369,0.519,0.535,0.068124509
0.345,0.328,0.413,0.402,0.0
0.367,0.291,0.471,0.511,0.019945462
0.276,0.368,0.454,0.4,0.0
0.324,0.335,0.56,0.541,0.046114726
0.328,0.355,0.432,0.441,0.00772
0.41,0.329,0.442,0.465,0.002340431
0.363,0.287,0.547,0.534,0.028980961
0.399,0.313,0.437,0.455,0.002676292
0.394,0.318,0.41,0.35,0.0
0.365,0.455,0.385,0.567,0.005033589
0.323,0.373,0.391,0.498,0.020500092
0.366,0.304,0.424,0.506,0.014936449
0.323,0.404,0.433,0.406,0.0
0.346,0.347,0.37,0.581,0.009723124
0.387,0.347,0.407,0.393,0.0
0.382,0.403,0.454,0.461,0.006903717
0.263,0.331,0.461,0.349,0.0
0.382,0.307,0.392,0.547,0.004146952
0.342,0.276,0.544,0.458,0.01611847
0.297,0.273,0.485,0.457,0.026035786
0.292,0.317,0.421,0.49,0.039450498
0.313,0.316,0.377,0.538,0.026891101
0.336,0.339,0.526,0.387,0.0
0.312,0.287,0.496,0.429,0.009366542
0.402,0.312,0.548,0.496,0.010505677
0.342,0.345,0.438,0.417,0.0
0.419,0.267,0.459,0.509,0.00432958
0.334,0.406,0.441,0.416,0.0
0.314,0.372,0.436,0.466,0.021309147
0.286,0.287,0.514,0.491,0.050220238
0.332,0.362,0.532,0.368,0.0
0.373,0.369,0.437,0.373,0.0
0.323,0.319,0.515,0.425,0.008331008
0.382,0.339,0.418,0.527,0.010112955
0.36,0.263,0.398,0.509,0.012492898
0.43,0.447,0.442,0.463,0.000224068
0.259,0.448,0.473,0.455,0.007814446
0.375,0.325,0.475,0.379,0.0
0.331,0.3,0.415,0.418,0.0
0.332,0.353,0.518,0.493,0.028135765
0.36,0.35,0.416,0.368,0.0
0.41,0.271,0.474,0.465,0.004008174
0.329,0.378,0.541,0.472,0.023276613
0.425,0.235,0.481,0.481,0.003765313
0.365,0.339,0.409,0.461,0.007589414
0.305,0.328,0.389,0.432,0.007502196
0.367,0.276,0.385,0.442,0.002131782
0.409,0.295,0.489,0.473,0.005342466
0.336,0.435,0.353,0.439,8.77e-05
0.334,0.355,0.538,0.479,0.023952673
0.311,0.326,0.487,0.512,0.041949463
0.328,0.306,0.426,0.454,0.013148238
0.45,0.292,0.469,0.468,0.001057699
0.371,0.379,0.389,0.527,0.007136459
0.346,0.368,0.432,0.48,0.016413373
0.416,0.37,0.436,0.428,0.000534873
0.328,0.238,0.52,0.48,0.025375146
0.397,0.356,0.471,0.36,0.0
0.296,0.366,0.468,0.424,0.01144821
0.289,0.332,0.537,0.414,0.0
0.293,0.337,0.515,0.565,0.072610696
0.367,0.242,0.403,0.462,0.006783732
0.39,0.339,0.504,0.517,0.014503732
0.299,0.334,0.437,0.476,0.031322355
0.327,0.376,0.507,0.504,0.03288457
0.421,0.33,0.423,0.492,0.000249607
0.31,0.359,0.498,0.469,0.027044817
0.278,0.359,0.484,0.495,0.05801059
0.378,0.324,0.466,0.47,0.009801668
0.335,0.297,0.465,0.401,0.0
0.357,0.417,0.421,0.515,0.018323014
0.311,0.351,0.453,0.455,0.018695016
0.385,0.39,0.489,0.429,0.003100818
0.356,0.339,0.446,0.437,0.004759888
0.266,0.376,0.508,0.468,0.050973397
0.412,0.286,0.45,0.484,0.00344969
0.299,0.356,0.395,0.506,0.036360281
0.339,0.366,0.368,0.558,0.011173063
0.239,0.327,0.433,0.375,0.0
0.274,0.341,0.472,0.405,0.0
0.327,0.347,0.509,0.405,0.0
0.385,0.264,0.447,0.438,0.002460898
0.356,0.229,0.526,0.463,0.01509402
0.364,0.321,0.452,0.513,0.019553704
0.402,0.427,0.504,0.445,0.001103477
0.327,0.281,0.352,0.481,0.006059003
0.356,0.318,0.42,0.512,0.01805606
0.397,0.419,0.461,0.477,0.004174419
0.339,0.322,0.393,0.43,0.004132014
0.382,0.313,0.416,0.341,0.0
0.292,0.299,0.518,0.501,0.051181563
0.279,0.299,0.425,0.425,0.014032947
0.34,0.403,0.342,0.409,0.0
0.355,0.231,0.439,0.474,0.013976087
0.374,0.186,0.578,0.43,0.004837468
0.368,0.319,0.432,0.405,0.0
0.367,0.278,0.431,0.426,0.003598587
0.287,0.254,0.419,0.374,0.0
0.315,0.308,0.483,0.522,0.0423976
0.321,0.332,0.567,0.374,0.0
0.332,0.413,0.468,0.441,0.008268847
0.293,0.413,0.511,0.425,0.012614811
0.397,0.338,0.439,0.444,0.002025771
0.312,0.315,0.542,0.519,0.046386981
0.297,0.381,0.363,0.523,0.030896866
0.302,0.386,0.524,0.454,0.023043871
0.321,0.323,0.515,0.495,0.032453299
0.347,0.356,0.557,0.51,0.02973942
0.301,0.386,0.507,0.43,0.011187519
0.373,0.299,0.519,0.435,0.00451799
0.395,0.32,0.434,0.456,0.003094072
0.393,0.377,0.467,0.413,0.0
0.417,0.281,0.523,0.407,0.0
0.257,0.347,0.387,0.491,0.059773262
0.324,0.266,0.49,0.514,0.036232104
0.316,0.334,0.498,0.538,0.046774403
0.338,0.305,0.38,0.387,0.0
0.388,0.362,0.434,0.406,0.0
0.294,0.291,0.454,0.363,0.0
0.235,0.304,0.455,0.492,0.090024908
0.321,0.324,0.351,0.481,0.007740239
0.379,0.391,0.467,0.473,0.010037301
0.274,0.344,0.464,0.454,0.033538464
0.296,0.335,0.526,0.489,0.042958975
0.375,0.306,0.465,0.476,0.011357137
0.315,0.273,0.437,0.502,0.032301992
0.317,0.305,0.537,0.483,0.030629912
0.266,0.35,0.49,0.442,0.024547779
0.272,0.307,0.522,0.485,0.058617744
0.325,0.313,0.327,0.391,0.0
0.376,0.306,0.408,0.466,0.005742416
0.302,0.324,0.507,0.434,0.011031394
0.354,0.327,0.494,0.373,0.0
0.271,0.389,0.495,0.393,0.0
0.383,0.391,0.443,0.503,0.010947067
0.296,0.287,0.494,0.489,0.041788519
0.359,0.388,0.543,0.47,0.016542032
0.223,0.367,0.431,0.439,0.032127074
0.333,0.269,0.469,0.511,0.030145635
0.356,0.295,0.416,0.485,0.013536624
0.284,0.348,0.51,0.526,0.069320504
0.245,0.402,0.458,0.482,0.072082569
0.333,0.299,0.477,0.427,0.006949494
0.343,0.328,0.433,0.42,0.005379569
0.387,0.349,0.451,0.485,0.008315589
0.299,0.316,0.535,0.484,0.039341595
0.297,0.314,0.453,0.562,0.06232716
0.304,0.266,0.516,0.44,0.012463505
0.288,0.394,0.47,0.468,0.035682293
0.317,0.319,0.483,0.457,0.019474678
0.307,0.335,0.416,0.433,0.008449548
0.371,0.239,0.387,0.425,0.001399343
0.37,0.345,0.392,0.473,0.005418601
0.359,0.311,0.393,0.333,0.0
0.25,0.327,0.454,0.457,0.047396494
