0.1,0.155,0.262,0.223,0.0
0.0,0.166,0.193,0.274,0.0
0.183,0.086,0.247,0.316,0.0
0.191,0.137,0.291,0.203,0.0
0.156,0.143,0.258,0.214,0.0
0.152,0.085,0.308,0.311,0.0
0.193,0.088,0.207,0.266,0.0
0.156,0.236,0.236,0.24,0.0
0.128,0.194,0.304,0.256,0.0
0.172,0.113,0.178,0.227,0.0
0.206,0.075,0.208,0.307,0.0
0.136,0.161,0.256,0.172,0.0
0.083,0.1,0.301,0.324,0.0
0.129,0.184,0.173,0.223,0.0
0.147,0.209,0.259,0.241,0.0
0.18,0.15,0.246,0.318,0.0
0.107,0.143,0.221,0.177,0.0
0.028,0.196,0.272,0.282,0.0
0.2,0.128,0.204,0.298,0.0
0.099,0.127,0.245,0.154,0.0
0.102,0.16,0.24,0.252,0.0
0.124,0.086,0.272,0.334,0.0
0.071,0.187,0.303,0.253,0.0
0.132,0.074,0.252,0.314,0.0
0.112,0.134,0.358,0.242,0.0
0.133,0.051,0.359,0.211,0.0
0.099,0.098,0.297,0.278,0.0
0.164,0.221,0.214,0.293,0.0
0.209,0.019,0.239,0.233,0.0
0.096,0.208,0.214,0.218,0.0
0.168,0.092,0.252,0.178,0.0
0.128,0.085,0.302,0.212,0.0
0.178,0.187,0.316,0.193,0.0
0.088,0.081,0.198,0.263,0.0
0.09,0.069,0.28,0.296,0.0
0.121,0.113,0.349,0.161,0.0
0.05,0.101,0.294,0.245,0.0
0.133,0.17,0.321,0.24,0.0
0.191,0.208,0.259,0.256,0.0
0.159,0.15,0.267,0.194,0.0
0.075,0.176,0.181,0.332,0.0
0.075,0.13,0.281,0.3,0.0
0.251,0.065,0.301,0.301,0.0
0.088,0.143,0.334,0.217,0.0
0.026,0.165,0.262,0.297,0.0
0.103,0.158,0.279,0.208,0.0
0.133,0.228,0.349,0.362,0.0
0.098,0.143,0.294,0.275,0.0
0.192,0.13,0.207,0.23,0.0
0.171,0.192,0.185,0.394,0.0
0.201,0.166,0.273,0.23,0.0
0.192,0.171,0.248,0.209,0.0
0.201,0.119,0.269,0.279,0.0
0.088,0.111,0.266,0.245,0.0
0.105,0.179,0.219,0.191,0.0
0.094,0.159,0.208,0.261,0.0
0.143,0.203,0.177,0.233,0.0
0.165,0.084,0.317,0.322,0.0
0.186,0.037,0.192,0.281,0.0
0.146,0.103,0.244,0.229,0.0
0.135,0.139,0.317,0.211,0.0
0.087,0.127,0.281,0.243,0.0
0.061,0.117,0.282,0.269,0.0
0.243,0.061,0.275,0.263,0.0
0.076,0.119,0.294,0.359,0.0
0.099,0.119,0.289,0.261,0.0
0.167,0.077,0.309,0.305,0.0
0.084,0.09,0.328,0.336,0.0
0.225,0.082,0.269,0.276,0.0
0.213,0.138,0.278,0.222,0.0
0.162,0.158,0.192,0.196,0.0
0.182,0.087,0.228,0.333,0.0
0.085,0.161,0.323,0.263,0.0
0.144,0.144,0.28,0.176,0.0
0.172,0.194,0.228,0.2,0.0
0.137,0.195,0.323,0.256,0.0
0.273,0.153,0.301,0.293,0.0
0.161,0.13,0.209,0.196,0.0
0.162,0.175,0.182,0.185,0.0
0.06,0.152,0.264,0.234,0.0
0.109,0.16,0.227,0.348,0.0
0.155,0.183,0.333,0.205,0.0
0.154,0.136,0.216,0.278,0.0
0.242,0.137,0.268,0.315,0.0
0.141,0.076,0.259,0.292,0.0
0.049,0.121,0.293,0.193,0.0
0.163,0.124,0.257,0.334,0.0
0.181,0.134,0.197,0.332,0.0
0.116,0.09,0.256,0.334,0.0
0.023,0.202,0.265,0.208,0.0
0.14,0.127,0.366,0.229,0.0
0.085,0.139,0.285,0.259,0.0
0.071,0.116,0.268,0.242,0.0
0.191,0.156,0.279,0.276,0.0
0.131,0.206,0.233,0.248,0.0
0.122,0.077,0.308,0.219,0.0
0.131,0.231,0.245,0.287,0.0
0.149,0.155,0.193,0.309,0.0
0.118,0.068,0.16,0.195,0.0
0.153,0.071,0.291,0.272,0.0
0.205,0.109,0.213,0.195,0.0
0.213,0.189,0.287,0.309,0.0
0.127,0.133,0.231,0.223,0.0
0.159,0.223,0.337,0.237,0.0
0.115,0.077,0.247,0.245,0.0
0.071,0.045,0.315,0.277,0.0
0.172,0.188,0.34,0.298,0.0
0.153,0.132,0.211,0.24,0.0
0.142,0.124,0.238,0.281,0.0
0.126,0.092,0.308,0.29,0.0
0.15,0.073,0.236,0.297,0.0
0.228,0.136,0.248,0.255,0.0
0.119,0.071,0.255,0.295,0.0
0.024,0.082,0.252,0.288,0.0
0.093,0.08,0.301,0.322,0.0
0.043,0.092,0.279,0.23,0.0
0.153,0.105,0.257,0.223,0.0
0.08,0.138,0.278,0.252,0.0
0.121,0.142,0.273,0.364,0.0
0.131,0.163,0.247,0.377,0.0
0.119,0.177,0.291,0.297,0.0
0.078,0.129,0.205,0.307,0.0
0.089,0.164,0.259,0.226,0.0
0.052,0.126,0.276,0.234,0.0
0.159,0.159,0.182,0.207,0.0
0.157,0.149,0.233,0.195,0.0
0.104,0.134,0.352,0.226,0.0
0.092,0.185,0.242,0.301,0.0
0.095,0.179,0.237,0.281,0.0
0.157,0.085,0.361,0.255,0.0
0.202,0.105,0.324,0.347,0.0
0.134,0.203,0.254,0.249,0.0
0.077,0.108,0.273,0.218,0.0
0.1,0.223,0.196,0.227,0.0
0.146,0.145,0.3,0.173,0.0
0.124,0.192,0.266,0.218,0.0
0.254,0.075,0.278,0.287,0.0
0.15,0.195,0.332,0.257,0.0
0.159,0.088,0.171,0.265,0.0
0.123,0.08,0.277,0.292,0.0
0.081,0.104,0.323,0.31,0.0
0.201,0.205,0.286,0.251,0.0
0.008,0.207,0.24,0.217,0.0
0.19,0.203,0.318,0.266,0.0
0.206,0.094,0.268,0.284,0.0
0.105,0.148,0.31,0.252,0.0
0.195,0.126,0.299,0.26,0.0
0.129,0.156,0.249,0.192,0.0
0.091,0.207,0.259,0.223,0.0
0.105,0.169,0.201,0.231,0.0
0.086,0.212,0.316,0.248,0.0
0.192,0.027,0.276,0.261,0.0
0.118,0.085,0.236,0.261,0.0
0.038,0.082,0.262,0.272,0.0
0.194,0.124,0.228,0.299,0.0
0.056,0.208,0.3,0.24,0.0
0.161,0.153,0.199,0.363,0.0
0.139,0.088,0.319,0.246,0.0
0.12,0.216,0.357,0.295,0.0
0.184,0.142,0.262,0.212,0.0
0.109,0.146,0.317,0.382,0.0
0.205,0.116,0.245,0.32,0.0
0.131,0.049,0.285,0.223,0.0
0.22,0.177,0.294,0.199,0.0
0.152,0.06,0.316,0.272,0.0
0.174,0.112,0.214,0.236,0.0
0.133,0.209,0.233,0.33,0.0
0.127,0.18,0.283,0.246,0.0
0.126,0.196,0.336,0.23,0.0
0.172,0.126,0.252,0.232,0.0
0.015,0.148,0.255,0.19,0.0
0.128,0.149,0.248,0.341,0.0
0.116,0.171,0.336,0.269,0.0
0.177,0.142,0.205,0.352,0.0
0.166,0.119,0.332,0.267,0.0
0.084,0.135,0.324,0.173,0.0
0.119,0.131,0.309,0.229,0.0
0.112,0.096,0.24,0.316,0.0
0.101,0.159,0.267,0.235,0.0
0.176,0.151,0.246,0.181,0.0
0.068,0.095,0.31,0.273,0.0
0.093,0.163,0.227,0.221,0.0
0.143,0.077,0.309,0.291,0.0
0.214,0.087,0.228,0.299,0.0
0.161,0.2,0.231,0.3,0.0
0.134,0.102,0.296,0.196,0.0
0.127,0.186,0.307,0.186,0.0
0.145,0.14,0.279,0.317,0.0
0.215,0.093,0.225,0.187,0.0
0.15,0.155,0.15,0.239,0.0
0.174,0.156,0.194,0.214,0.0
0.122,0.118,0.162,0.274,0.0
0.18,0.109,0.306,0.335,0.0
0.151,0.135,0.263,0.319,0.0
0.169,0.056,0.179,0.272,0.0
0.118,0.206,0.182,0.224,0.0
0.124,0.131,0.232,0.291,0.0
0.147,0.15,0.281,0.168,0.0
0.124,0.099,0.242,0.342,0.0
0.19,0.17,0.264,0.284,0.0
0.154,0.144,0.168,0.272,0.0
0.092,0.149,0.322,0.305,0.0
0.139,0.171,0.355,0.207,0.0
0.138,0.102,0.325,0.334,0.0
0.192,0.158,0.262,0.284,0.0
0.124,0.052,0.268,0.284,0.0
0.225,0.228,0.237,0.284,0.0
0.119,0.084,0.208,0.294,0.0
0.165,0.142,0.337,0.28,0.0
0.123,0.105,0.23,0.181,0.0
0.067,0.169,0.271,0.245,0.0
0.163,0.176,0.233,0.212,0.0
0.128,0.118,0.188,0.35,0.0
0.095,0.183,0.195,0.259,0.0
0.139,0.137,0.273,0.247,0.0
0.193,0.041,0.267,0.289,0.0
0.114,0.17,0.232,0.208,0.0
0.207,0.163,0.235,0.229,0.0
0.193,0.213,0.223,0.231,0.0
0.265,0.083,0.311,0.301,0.0
0.193,0.08,0.233,0.281,0.0
0.094,0.133,0.316,0.311,0.0
0.115,0.15,0.355,0.36,0.0
0.158,0.13,0.22,0.134,0.0
0.125,0.141,0.309,0.239,0.0
0.12,0.063,0.214,0.259,0.0
0.155,0.257,0.235,0.279,0.0
0.105,0.119,0.248,0.349,0.0
0.169,0.12,0.313,0.246,0.0
0.167,0.17,0.247,0.224,0.0
0.192,0.169,0.238,0.339,0.0
0.174,0.119,0.236,0.351,0.0
0.229,0.142,0.231,0.242,0.0
0.216,0.157,0.252,0.259,0.0
0.089,0.197,0.155,0.257,0.0
0.143,0.134,0.272,0.218,0.0
0.11,0.125,0.286,0.259,0.0
0.183,0.239,0.189,0.289,0.0
0.239,0.083,0.263,0.195,0.0
0.184,0.118,0.192,0.256,0.0
0.152,0.141,0.302,0.363,0.0
0.088,0.101,0.334,0.297,0.0
0.098,0.033,0.178,0.255,0.0
0.178,0.284,0.288,0.288,0.0
0.173,0.172,0.231,0.23,0.0
0.194,0.175,0.272,0.261,0.0
0.146,0.156,0.29,0.176,0.0
0.113,0.079,0.333,0.259,0.0
0.139,0.125,0.353,0.199,0.0
0.094,0.224,0.31,0.248,0.0
0.233,0.122,0.245,0.296,0.0
0.227,0.191,0.271,0.305,0.0
0.185,0.129,0.235,0.351,0.0
0.196,0.171,0.288,0.207,0.0
0.107,0.27,0.203,0.274,0.0
0.187,0.172,0.235,0.264,0.0
0.095,0.171,0.229,0.187,0.0
0.175,0.123,0.239,0.229,0.0
0.146,0.172,0.21,0.274,0.0
0.156,0.059,0.236,0.307,0.0
0.193,0.185,0.243,0.227,0.0
0.17,0.05,0.216,0.282,0.0
0.218,0.139,0.26,0.301,0.0
0.163,0.133,0.199,0.257,0.0
0.202,0.04,0.246,0.258,0.0
0.169,0.093,0.241,0.227,0.0
0.133,0.159,0.333,0.221,0.0
0.183,0.031,0.203,0.269,0.0
0.19,0.154,0.24,0.198,0.0
0.215,0.228,0.227,0.241,0.0
0.072,0.095,0.21,0.329,0.0
0.15,0.109,0.312,0.269,0.0
0.139,0.155,0.293,0.233,0.0
0.222,0.161,0.252,0.291,0.0
0.174,0.052,0.29,0.28,0.0
0.21,0.132,0.224,0.262,0.0
0.083,0.152,0.299,0.21,0.0
0.171,0.193,0.213,0.247,0.0
0.135,0.091,0.227,0.331,0.0
0.155,0.174,0.307,0.338,0.0
0.158,0.123,0.272,0.345,0.0
0.059,0.086,0.257,0.22,0.0
0.151,0.078,0.301,0.312,0.0
0.137,0.164,0.301,0.234,0.0
0.059,0.139,0.295,0.191,0.0
0.053,0.093,0.298,0.319,0.0
0.138,0.131,0.228,0.227,0.0
0.152,0.185,0.222,0.241,0.0
0.141,0.123,0.235,0.193,0.0
0.095,0.123,0.249,0.265,0.0
0.107,0.165,0.209,0.171,0.0
0.113,0.192,0.177,0.252,0.0
0.2,0.111,0.232,0.207,0.0
0.115,0.125,0.268,0.197,0.0
0.108,0.049,0.326,0.283,0.0
0.12,0.116,0.37,0.138,0.0
0.092,0.002,0.276,0.216,0.0
0.062,0.169,0.235,0.253,0.0
0.196,0.093,0.346,0.321,0.0
0.112,0.08,0.282,0.31,0.0
0.175,0.174,0.223,0.232,0.0
0.18,0.032,0.264,0.272,0.0
0.05,0.144,0.274,0.31,0.0
0.115,0.144,0.281,0.3,0.0
0.067,0.074,0.199,0.284,0.0
0.09,0.111,0.232,0.215,0.0
0.095,0.144,0.335,0.322,0.0
0.102,0.093,0.202,0.273,0.0
0.079,0.116,0.317,0.318,0.0
0.084,0.2,0.302,0.216,0.0
0.187,0.189,0.241,0.223,0.0
0.171,0.121,0.257,0.327,0.0
0.217,0.059,0.309,0.261,0.0
0.183,0.187,0.333,0.237,0.0
0.107,0.105,0.279,0.281,0.0
0.107,0.069,0.265,0.273,0.0
0.153,0.119,0.213,0.199,0.0
0.134,0.12,0.278,0.156,0.0
0.208,0.169,0.248,0.269,0.0
0.135,0.109,0.271,0.227,0.0
0.207,0.125,0.247,0.278,0.0
0.075,0.15,0.265,0.328,0.0
0.136,0.13,0.146,0.372,0.0
0.242,0.191,0.286,0.213,0.0
0.076,0.097,0.278,0.341,0.0
0.17,0.005,0.298,0.181,0.0
0.131,0.137,0.214,0.203,0.0
0.095,0.22,0.312,0.308,0.0
0.085,0.177,0.291,0.283,0.0
0.18,0.134,0.282,0.242,0.0
0.145,0.161,0.249,0.209,0.0
0.098,0.161,0.316,0.309,0.0
0.196,0.185,0.378,0.355,0.0
0.062,0.125,0.144,0.301,0.0
0.129,0.274,0.189,0.278,0.0
0.185,0.164,0.231,0.294,0.0
0.112,0.185,0.218,0.233,0.0
0.226,0.079,0.252,0.267,0.0
0.049,0.151,0.293,0.253,0.0
0.219,0.213,0.243,0.279,0.0
0.125,0.145,0.251,0.229,0.0
0.144,0.13,0.186,0.288,0.0
0.146,0.165,0.234,0.255,0.0
0.042,0.143,0.292,0.287,0.0
0.072,0.08,0.268,0.272,0.0
0.083,0.179,0.291,0.191,0.0
0.189,0.017,0.207,0.189,0.0
0.201,0.115,0.241,0.273,0.0
0.111,0.104,0.251,0.306,0.0
0.103,0.137,0.207,0.341,0.0
0.164,0.142,0.308,0.336,0.0
0.156,0.128,0.274,0.334,0.0
0.135,0.173,0.221,0.351,0.0
0.087,0.099,0.303,0.307,0.0
0.183,0.209,0.269,0.229,0.0
0.063,0.229,0.253,0.319,0.0
0.184,0.131,0.27,0.257,0.0
0.106,0.197,0.276,0.301,0.0
0.067,0.133,0.217,0.341,0.0
0.083,0.159,0.295,0.299,0.0
0.145,0.103,0.279,0.247,0.0
0.055,0.203,0.295,0.211,0.0
0.136,0.124,0.384,0.206,0.0
0.104,0.106,0.308,0.346,0.0
0.214,0.17,0.238,0.282,0.0
0.075,0.137,0.287,0.283,0.0
0.189,0.107,0.237,0.255,0.0
0.133,0.14,0.365,0.302,0.0
0.193,0.146,0.326,0.26,0.0
0.103,0.107,0.159,0.331,0.0
0.212,0.175,0.238,0.187,0.0
0.11,0.131,0.334,0.263,0.0
0.102,0.102,0.309,0.28,0.0
0.223,0.179,0.231,0.401,0.0
0.152,0.129,0.198,0.147,0.0
0.098,0.169,0.245,0.283,0.0
0.173,0.123,0.223,0.333,0.0
0.13,0.017,0.278,0.227,0.0
0.053,0.153,0.277,0.217,0.0
0.147,0.195,0.199,0.203,0.0
0.141,0.208,0.305,0.222,0.0
0.182,0.15,0.322,0.275,0.0
0.193,0.101,0.241,0.281,0.0
0.104,0.133,0.33,0.371,0.0
0.058,0.038,0.286,0.226,0.0
0.141,0.142,0.212,0.248,0.0
0.22,0.088,0.26,0.288,0.0
0.155,0.109,0.357,0.253,0.0
0.154,0.024,0.19,0.254,0.0
0.183,0.128,0.247,0.294,0.0
0.174,0.157,0.192,0.235,0.0
0.18,0.126,0.254,0.348,0.0
0.185,0.106,0.215,0.222,0.0
0.114,0.018,0.271,0.23,0.0
0.193,0.156,0.257,0.206,0.0
0.133,0.082,0.359,0.282,0.0
0.14,0.217,0.298,0.277,0.0
0.129,0.141,0.317,0.337,0.0
0.126,0.163,0.236,0.221,0.0
0.08,0.185,0.089,0.235,0.0
0.139,0.13,0.269,0.346,0.0
0.134,0.164,0.176,0.218,0.0
0.121,0.099,0.327,0.228,0.0
0.146,0.086,0.272,0.258,0.0
0.12,0.07,0.266,0.242,0.0
0.13,0.176,0.314,0.223,0.0
0.205,0.152,0.231,0.302,0.0
0.104,0.101,0.224,0.329,0.0
0.15,0.164,0.232,0.178,0.0
0.174,0.064,0.223,0.167,0.0
0.191,0.102,0.229,0.26,0.0
0.246,0.132,0.298,0.203,0.0
0.086,0.091,0.328,0.327,0.0
0.199,0.124,0.221,0.274,0.0
0.169,0.057,0.207,0.237,0.0
0.096,0.09,0.218,0.316,0.0
0.224,0.242,0.228,0.25,0.0
0.222,0.092,0.262,0.236,0.0
0.126,0.169,0.206,0.281,0.0
0.207,0.118,0.225,0.244,0.0
0.106,0.1,0.196,0.272,0.0
0.108,0.166,0.296,0.39,0.0
0.128,0.085,0.248,0.315,0.0
0.12,0.106,0.314,0.31,0.0
0.14,0.111,0.308,0.353,0.0
0.112,0.238,0.244,0.252,0.0
0.185,0.221,0.195,0.239,0.0
0.168,0.09,0.342,0.322,0.0
0.194,0.102,0.298,0.318,0.0
0.021,0.085,0.195,0.239,0.0
0.175,0.087,0.227,0.327,0.0
0.169,0.096,0.319,0.224,0.0
0.059,0.242,0.245,0.258,0.0
0.235,0.124,0.243,0.224,0.0
0.21,0.154,0.298,0.195,0.0
0.151,0.215,0.303,0.225,0.0
0.152,0.188,0.316,0.254,0.0
0.128,0.185,0.262,0.347,0.0
0.149,0.118,0.341,0.34,0.0
0.093,0.19,0.341,0.252,0.0
0.015,0.119,0.257,0.33,0.0
0.175,0.207,0.205,0.281,0.0
0.106,0.094,0.272,0.252,0.0
0.164,0.145,0.206,0.235,0.0
0.194,0.194,0.258,0.206,0.0
0.138,0.133,0.236,0.339,0.0
0.213,0.155,0.278,0.191,0.0
0.076,0.164,0.28,0.2,0.0
0.236,0.152,0.256,0.284,0.0
0.14,0.155,0.224,0.215,0.0
0.161,0.076,0.257,0.294,0.0
0.139,0.057,0.351,0.307,0.0
0.179,0.115,0.299,0.329,0.0
0.159,0.145,0.177,0.243,0.0
0.172,0.157,0.296,0.229,0.0
0.191,0.073,0.207,0.313,0.0
0.159,0.132,0.289,0.308,0.0
0.136,0.098,0.334,0.246,0.0
0.101,0.21,0.263,0.338,0.0
0.034,0.005,0.27,0.243,0.0
0.195,0.179,0.215,0.224,0.0
0.098,0.102,0.288,0.258,0.0
0.051,0.087,0.296,0.239,0.0
0.043,0.163,0.291,0.289,0.0
0.155,0.101,0.381,0.223,0.0
0.064,0.081,0.274,0.314,0.0
0.072,0.14,0.28,0.242,0.0
0.159,0.02,0.241,0.244,0.0
0.055,0.188,0.295,0.226,0.0
0.064,0.156,0.288,0.222,0.0
0.271,0.18,0.287,0.246,0.0
0.095,0.182,0.289,0.184,0.0
0.052,0.116,0.282,0.26,0.0
0.157,0.109,0.237,0.215,0.0
0.139,0.172,0.357,0.218,0.0
0.151,0.135,0.385,0.217,0.0
0.113,0.119,0.313,0.251,0.0
0.187,0.11,0.203,0.296,0.0
0.207,0.115,0.255,0.205,0.0
0.093,0.144,0.315,0.272,0.0
0.202,0.131,0.28,0.341,0.0
0.138,0.03,0.28,0.25,0.0
0.167,0.107,0.259,0.343,0.0
0.068,0.192,0.248,0.206,0.0
0.139,0.114,0.379,0.186,0.0
0.076,0.204,0.284,0.248,0.0
0.201,0.148,0.319,0.258,0.0
0.195,0.098,0.227,0.304,0.0
0.117,0.177,0.187,0.217,0.0
0.172,0.186,0.23,0.232,0.0
0.153,0.089,0.253,0.313,0.0
0.101,0.117,0.291,0.307,0.0
0.144,0.123,0.19,0.263,0.0
0.096,0.122,0.254,0.282,0.0
0.09,0.117,0.304,0.323,0.0
0.115,0.214,0.131,0.264,0.0
0.249,0.166,0.301,0.21,0.0
0.111,0.167,0.335,0.215,0.0
0.174,0.191,0.288,0.339,0.0
0.111,0.192,0.339,0.2,0.0
0.14,0.131,0.294,0.225,0.0
0.239,0.212,0.267,0.25,0.0
0.079,0.06,0.309,0.184,0.0
0.162,0.162,0.302,0.336,0.0
0.171,0.188,0.207,0.272,0.0
0.095,0.119,0.273,0.255,0.0
0.172,0.132,0.178,0.286,0.0
0.152,0.093,0.206,0.335,0.0
0.086,0.181,0.298,0.303,0.0
0.152,0.224,0.256,0.256,0.0
0.13,0.127,0.254,0.328,0.0
0.218,0.156,0.234,0.346,0.0
0.101,0.144,0.263,0.258,0.0
0.079,0.093,0.223,0.325,0.0
0.211,0.108,0.215,0.198,0.0
0.143,0.11,0.293,0.25,0.0
0.195,0.194,0.259,0.284,0.0
0.109,0.152,0.331,0.189,0.0
0.14,0.053,0.198,0.257,0.0
0.116,0.145,0.364,0.293,0.0
0.11,0.186,0.284,0.25,0.0
0.089,0.139,0.297,0.225,0.0
0.088,0.161,0.276,0.309,0.0
0.184,0.065,0.254,0.259,0.0
0.093,0.101,0.319,0.321,0.0
0.138,0.209,0.176,0.213,0.0
0.171,0.086,0.189,0.318,0.0
0.094,0.152,0.324,0.296,0.0
0.132,0.11,0.294,0.258,0.0
0.143,0.181,0.223,0.368,0.0
0.08,0.233,0.258,0.299,0.0
0.232,0.085,0.26,0.221,0.0
0.088,0.092,0.204,0.29,0.0
0.209,0.191,0.215,0.193,0.0
0.217,0.135,0.255,0.281,0.0
0.215,0.07,0.328,0.296,0.0
0.139,0.104,0.293,0.196,0.0
0.145,0.082,0.175,0.29,0.0
0.175,0.084,0.261,0.259,0.0
0.123,0.195,0.243,0.231,0.0
0.122,0.119,0.298,0.237,0.0
0.166,0.159,0.23,0.287,0.0
0.15,0.067,0.256,0.298,0.0
0.176,0.148,0.278,0.338,0.0
0.121,0.202,0.217,0.254,0.0
0.071,0.112,0.223,0.319,0.0
0.122,0.106,0.224,0.29,0.0
0.108,0.115,0.312,0.262,0.0
0.204,0.141,0.256,0.187,0.0
0.096,0.127,0.288,0.239,0.0
0.118,0.131,0.188,0.323,0.0
0.1,0.094,0.338,0.228,0.0
0.12,0.142,0.292,0.192,0.0
0.105,0.193,0.297,0.247,0.0
0.176,0.1,0.198,0.294,0.0
0.161,0.149,0.229,0.169,0.0
0.151,0.13,0.265,0.232,0.0
0.208,0.233,0.216,0.249,0.0
0.054,0.163,0.292,0.235,0.0
0.118,0.191,0.292,0.253,0.0
0.109,0.119,0.305,0.247,0.0
0.125,0.15,0.327,0.302,0.0
0.089,0.247,0.313,0.319,0.0
0.164,0.086,0.288,0.25,0.0
0.171,0.122,0.273,0.22,0.0
0.193,0.201,0.275,0.241,0.0
0.147,0.153,0.185,0.155,0.0
0.094,0.162,0.314,0.232,0.0
0.162,0.142,0.272,0.284,0.0
0.19,0.176,0.198,0.282,0.0
0.105,0.07,0.283,0.314,0.0
0.094,0.193,0.232,0.207,0.0
0.218,0.134,0.298,0.298,0.0
0.192,0.165,0.21,0.231,0.0
0.216,0.17,0.246,0.218,0.0
0.169,0.125,0.261,0.241,0.0
0.14,0.122,0.32,0.32,0.0
0.12,0.178,0.328,0.186,0.0
0.139,0.147,0.285,0.295,0.0
0.089,0.223,0.331,0.261,0.0
0.153,0.188,0.297,0.218,0.0
0.095,0.166,0.279,0.296,0.0
0.141,0.19,0.323,0.198,0.0
0.149,0.058,0.305,0.276,0.0
0.172,0.111,0.312,0.299,0.0
0.231,0.091,0.307,0.313,0.0
0.162,0.084,0.304,0.326,0.0
0.081,0.219,0.251,0.283,0.0
0.148,0.119,0.228,0.324,0.0
0.062,0.18,0.252,0.25,0.0
0.168,0.191,0.182,0.223,0.0
0.204,0.17,0.274,0.238,0.0
0.167,0.148,0.227,0.156,0.0
0.141,0.18,0.287,0.216,0.0
0.211,0.119,0.283,0.297,0.0
0.174,0.06,0.204,0.31,0.0
0.072,0.13,0.286,0.334,0.0
0.129,0.127,0.337,0.243,0.0
0.159,0.169,0.193,0.229,0.0
0.119,0.061,0.259,0.255,0.0
0.185,0.085,0.195,0.183,0.0
0.053,0.081,0.274,0.326,0.0
0.017,0.128,0.233,0.29,0.0
0.044,0.205,0.26,0.243,0.0
0.173,0.039,0.255,0.287,0.0
0.13,0.102,0.338,0.266,0.0
0.098,0.229,0.26,0.259,0.0
0.234,0.092,0.28,0.248,0.0
0.098,0.099,0.242,0.293,0.0
0.129,0.188,0.313,0.284,0.0
0.18,0.088,0.25,0.26,0.0
0.147,0.099,0.169,0.334,0.0
0.124,0.14,0.304,0.342,0.0
0.197,0.11,0.212,0.192,0.0
0.129,0.206,0.227,0.246,0.0
0.09,0.184,0.282,0.22,0.0
0.129,0.179,0.211,0.229,0.0
0.03,0.097,0.192,0.297,0.0
0.155,0.186,0.189,0.192,0.0
0.028,0.142,0.201,0.25,0.0
0.083,0.063,0.313,0.267,0.0
0.08,0.231,0.326,0.241,0.0
0.092,0.097,0.252,0.247,0.0
0.181,0.119,0.197,0.205,0.0
0.124,0.166,0.322,0.27,0.0
0.178,0.014,0.188,0.237,0.0
0.167,0.089,0.373,0.243,0.0
0.163,0.061,0.255,0.253,0.0
0.21,0.174,0.214,0.218,0.0
0.193,0.092,0.253,0.336,0.0
0.071,0.116,0.211,0.224,0.0
0.197,0.147,0.215,0.295,0.0
0.178,0.062,0.208,0.274,0.0
0.145,0.089,0.345,0.257,0.0
0.082,0.186,0.31,0.26,0.0
0.113,0.146,0.269,0.278,0.0
0.187,0.184,0.227,0.202,0.0
0.0,0.103,0.227,0.257,0.0
0.205,0.093,0.227,0.235,0.0
0.175,0.113,0.325,0.185,0.0
0.032,0.226,0.242,0.252,0.0
0.089,0.173,0.269,0.185,0.0
0.147,0.11,0.357,0.27,0.0
0.08,0.232,0.194,0.266,0.0
0.214,0.212,0.216,0.248,0.0
0.137,0.107,0.241,0.329,0.0
0.186,0.066,0.288,0.314,0.0
0.089,0.167,0.309,0.299,0.0
0.165,0.15,0.201,0.232,0.0
0.093,0.205,0.311,0.237,0.0
0.108,0.127,0.214,0.271,0.0
0.194,0.111,0.334,0.301,0.0
0.134,0.02,0.304,0.263,0.0
0.161,0.067,0.315,0.279,0.0
0.163,0.152,0.285,0.214,0.0
0.122,0.16,0.294,0.262,0.0
0.137,0.145,0.291,0.267,0.0
0.11,0.221,0.204,0.293,0.0
0.114,0.111,0.268,0.243,0.0
0.159,0.182,0.251,0.3,0.0
0.106,0.159,0.242,0.163,0.0
0.204,0.145,0.212,0.347,0.0
0.137,0.145,0.255,0.241,0.0
0.107,0.077,0.233,0.251,0.0
0.152,0.205,0.32,0.262,0.0
0.222,0.045,0.338,0.271,0.0
0.119,0.096,0.195,0.28,0.0
0.183,0.081,0.197,0.309,0.0
0.146,0.208,0.248,0.352,0.0
0.075,0.115,0.206,0.289,0.0
0.122,0.167,0.281,0.199,0.0
0.121,0.076,0.309,0.322,0.0
0.13,0.181,0.176,0.183,0.0
0.14,0.116,0.328,0.278,0.0
0.147,0.153,0.177,0.339,0.0
0.174,0.158,0.222,0.188,0.0
0.202,0.223,0.298,0.267,0.0
0.079,0.124,0.315,0.301,0.0
0.134,0.121,0.224,0.323,0.0
0.081,0.152,0.199,0.282,0.0
0.194,0.134,0.216,0.142,0.0
0.136,0.138,0.238,0.378,0.0
0.095,0.172,0.309,0.27,0.0
0.144,0.072,0.23,0.321,0.0
0.19,0.104,0.264,0.192,0.0
0.219,0.13,0.261,0.246,0.0
0.274,0.119,0.276,0.299,0.0
0.136,0.254,0.368,0.298,0.0
0.115,0.045,0.255,0.279,0.0
0.209,0.056,0.233,0.27,0.0
0.142,0.059,0.216,0.277,0.0
0.165,0.167,0.185,0.277,0.0
0.174,0.172,0.291,0.28,0.0
0.176,0.14,0.359,0.16,0.0
0.11,0.102,0.22,0.244,0.0
0.101,0.168,0.209,0.282,0.0
0.117,0.106,0.239,0.304,0.0
0.089,0.13,0.279,0.316,0.0
0.186,0.03,0.27,0.278,0.0
0.059,0.141,0.299,0.273,0.0
0.09,0.088,0.33,0.272,0.0
0.169,0.139,0.203,0.289,0.0
0.095,0.089,0.231,0.299,0.0
0.12,0.164,0.318,0.314,0.0
0.218,0.137,0.344,0.329,0.0
0.162,0.162,0.228,0.242,0.0
0.123,0.092,0.325,0.222,0.0
0.164,0.215,0.256,0.219,0.0
0.109,0.188,0.355,0.28,0.0
0.154,0.101,0.304,0.239,0.0
0.069,0.155,0.317,0.287,0.0
0.151,0.21,0.217,0.28,0.0
0.19,0.101,0.26,0.311,0.0
0.247,0.168,0.253,0.252,0.0
0.186,0.233,0.256,0.255,0.0
0.116,0.054,0.36,0.304,0.0
0.082,0.108,0.276,0.238,0.0
0.123,0.174,0.221,0.202,0.0
0.185,0.189,0.329,0.213,0.0
0.134,0.164,0.26,0.284,0.0
0.105,0.181,0.327,0.333,0.0
0.114,0.185,0.212,0.225,0.0
0.124,0.109,0.298,0.285,0.0
0.084,0.119,0.308,0.237,0.0
0.109,0.144,0.267,0.224,0.0
0.233,0.16,0.285,0.263,0.0
0.143,0.168,0.241,0.2,0.0
0.131,0.104,0.335,0.276,0.0
0.157,0.136,0.299,0.31,0.0
0.149,0.081,0.229,0.173,0.0
0.177,0.203,0.199,0.325,0.0
0.128,0.086,0.362,0.282,0.0
0.208,0.108,0.256,0.338,0.0
0.087,0.112,0.245,0.268,0.0
0.172,0.232,0.274,0.25,0.0
0.2,0.184,0.292,0.26,0.0
0.172,0.135,0.328,0.287,0.0
0.156,0.115,0.244,0.263,0.0
0.149,0.063,0.323,0.217,0.0
0.143,0.126,0.241,0.284,0.0
0.152,0.173,0.208,0.23,0.0
0.049,0.151,0.267,0.253,0.0
0.127,0.115,0.171,0.285,0.0
0.102,0.074,0.248,0.24,0.0
0.095,0.162,0.203,0.192,0.0
0.144,0.113,0.154,0.301,0.0
0.102,0.119,0.33,0.325,0.0
0.116,0.086,0.254,0.268,0.0
0.173,0.146,0.271,0.314,0.0
0.084,0.197,0.28,0.225,0.0
0.14,0.244,0.234,0.262,0.0
0.122,0.165,0.221,0.244,0.0
0.136,0.076,0.27,0.286,0.0
0.202,0.055,0.28,0.242,0.0
0.211,0.139,0.247,0.355,0.0
0.13,0.142,0.236,0.2,0.0
0.1,0.193,0.334,0.207,0.0
0.153,0.202,0.255,0.25,0.0
0.088,0.16,0.326,0.162,0.0
0.072,0.105,0.312,0.263,0.0
0.123,0.176,0.207,0.226,0.0
0.068,0.166,0.194,0.266,0.0
0.162,0.157,0.26,0.195,0.0
0.046,0.203,0.268,0.215,0.0
0.23,0.173,0.279,0.173,0.0
0.107,0.178,0.335,0.188,0.0
0.15,0.102,0.178,0.244,0.0
0.123,0.111,0.187,0.169,0.0
0.104,0.083,0.252,0.318,0.0
0.143,0.143,0.167,0.335,0.0
0.098,0.18,0.216,0.225,0.0
0.131,0.127,0.271,0.265,0.0
0.089,0.14,0.339,0.222,0.0
0.192,0.166,0.202,0.178,0.0
0.214,0.173,0.22,0.213,0.0
0.164,0.144,0.224,0.281,0.0
0.168,0.112,0.23,0.288,0.0
0.142,0.152,0.316,0.326,0.0
0.18,0.117,0.256,0.229,0.0
0.114,0.162,0.29,0.356,0.0
0.123,0.12,0.34,0.29,0.0
0.256,0.207,0.296,0.279,0.0
0.094,0.123,0.324,0.207,0.0
0.116,0.141,0.2,0.357,0.0
0.129,0.14,0.269,0.218,0.0
0.143,0.172,0.377,0.29,0.0
0.179,0.106,0.359,0.282,0.0
0.077,0.056,0.313,0.286,0.0
0.199,0.164,0.199,0.278,0.0
0.175,0.174,0.241,0.354,0.0
0.24,0.129,0.32,0.269,0.0
0.079,0.092,0.305,0.33,0.0
0.169,0.156,0.365,0.254,0.0
0.046,0.06,0.292,0.282,0.0
0.084,0.183,0.234,0.251,0.0
0.18,0.17,0.216,0.278,0.0
0.071,0.147,0.279,0.219,0.0
0.096,0.235,0.29,0.413,0.0
0.137,0.062,0.279,0.262,0.0
0.112,0.091,0.196,0.277,0.0
0.104,0.181,0.3,0.201,0.0
0.155,0.137,0.219,0.239,0.0
0.131,0.149,0.339,0.303,0.0
0.239,0.203,0.242,0.266,0.0
0.069,0.084,0.313,0.234,0.0
0.167,0.087,0.217,0.299,0.0
0.212,0.063,0.216,0.291,0.0
0.18,0.144,0.294,0.308,0.0
0.161,0.139,0.323,0.175,0.0
0.053,0.073,0.263,0.279,0.0
0.201,0.148,0.299,0.282,0.0
0.092,0.133,0.238,0.193,0.0
0.195,0.125,0.263,0.355,0.0
0.144,0.192,0.284,0.335,0.0
0.133,0.159,0.299,0.337,0.0
0.137,0.138,0.253,0.294,0.0
0.142,0.129,0.3,0.287,0.0
0.202,0.194,0.25,0.274,0.0
0.126,0.03,0.314,0.194,0.0
0.07,0.185,0.312,0.253,0.0
0.097,0.06,0.219,0.302,0.0
0.114,0.21,0.292,0.33,0.0
0.122,0.104,0.227,0.22,0.0
0.159,0.17,0.181,0.24,0.0
0.118,0.089,0.234,0.281,0.0
0.177,0.044,0.263,0.28,0.0
0.159,0.21,0.253,0.242,0.0
0.177,0.143,0.241,0.349,0.0
0.125,0.134,0.265,0.34,0.0
0.054,0.087,0.286,0.187,0.0
0.211,0.099,0.303,0.165,0.0
0.103,0.172,0.295,0.352,0.0
0.136,0.151,0.196,0.289,0.0
0.214,0.085,0.244,0.271,0.0
0.151,0.083,0.209,0.253,0.0
0.107,0.101,0.243,0.349,0.0
0.195,0.177,0.205,0.269,0.0
0.191,0.145,0.291,0.247,0.0
0.144,0.168,0.322,0.182,0.0
0.154,0.15,0.392,0.274,0.0
0.112,0.07,0.212,0.308,0.0
0.184,0.184,0.232,0.28,0.0
0.13,0.176,0.308,0.32,0.0
0.125,0.169,0.231,0.193,0.0
0.099,0.153,0.281,0.247,0.0
0.159,0.074,0.249,0.322,0.0
0.088,0.21,0.31,0.214,0.0
0.121,0.173,0.229,0.184,0.0
0.132,0.1,0.306,0.3,0.0
0.158,0.089,0.2,0.235,0.0
0.134,0.17,0.286,0.206,0.0
0.029,0.059,0.265,0.253,0.0
0.119,0.027,0.297,0.239,0.0
0.051,0.094,0.296,0.318,0.0
0.179,0.088,0.183,0.334,0.0
0.129,0.073,0.327,0.304,0.0
0.182,0.055,0.202,0.211,0.0
0.216,0.063,0.258,0.289,0.0
0.174,0.074,0.233,0.294,0.0
0.187,0.173,0.267,0.201,0.0
0.139,0.176,0.285,0.202,0.0
0.157,0.112,0.186,0.252,0.0
0.093,0.114,0.263,0.354,0.0
0.12,0.128,0.262,0.222,0.0
0.187,0.152,0.203,0.314,0.0
0.1,0.17,0.178,0.25,0.0
0.085,0.162,0.32,0.178,0.0
0.183,0.12,0.265,0.346,0.0
0.203,0.154,0.227,0.224,0.0
0.178,0.134,0.298,0.236,0.0
0.071,0.124,0.315,0.34,0.0
0.203,0.149,0.211,0.225,0.0
0.17,0.1,0.206,0.308,0.0
0.163,0.165,0.253,0.281,0.0
0.021,0.06,0.261,0.272,0.0
0.227,0.281,0.231,0.347,0.0
0.097,0.078,0.333,0.26,0.0
0.174,0.183,0.262,0.215,0.0
0.166,0.145,0.222,0.329,0.0
0.052,0.066,0.238,0.276,0.0
0.155,0.147,0.359,0.159,0.0
0.162,0.166,0.31,0.23,0.0
0.08,0.102,0.256,0.298,0.0
0.1,0.192,0.276,0.258,0.0
0.024,0.083,0.264,0.291,0.0
0.196,0.049,0.27,0.297,0.0
0.146,0.192,0.276,0.214,0.0
0.217,0.109,0.279,0.289,0.0
0.12,0.146,0.198,0.198,0.0
0.122,0.107,0.352,0.315,0.0
0.105,0.156,0.287,0.222,0.0
0.074,0.138,0.264,0.2,0.0
0.146,0.075,0.304,0.323,0.0
0.145,0.1,0.247,0.348,0.0
0.139,0.138,0.277,0.196,0.0
0.099,0.206,0.283,0.276,0.0
0.178,0.101,0.248,0.211,0.0
0.11,0.131,0.282,0.297,0.0
0.155,0.132,0.375,0.33,0.0
0.116,0.093,0.28,0.263,0.0
0.215,0.199,0.245,0.251,0.0
0.206,0.161,0.256,0.189,0.0
0.163,0.122,0.291,0.302,0.0
0.111,0.096,0.239,0.226,0.0
0.093,0.145,0.321,0.183,0.0
0.125,0.19,0.283,0.304,0.0
0.139,0.095,0.297,0.241,0.0
0.15,0.112,0.232,0.136,0.0
0.188,0.194,0.208,0.23,0.0
0.138,0.127,0.224,0.325,0.0
0.191,0.127,0.267,0.169,0.0
0.196,0.253,0.21,0.26,0.0
0.125,0.21,0.259,0.251,0.0
0.088,0.14,0.284,0.312,0.0
0.14,0.159,0.197,0.345,0.0
0.093,0.099,0.243,0.233,0.0
0.009,0.132,0.197,0.268,0.0
0.112,0.112,0.146,0.322,0.0
0.121,0.119,0.209,0.365,0.0
0.088,0.203,0.274,0.207,0.0
0.094,0.097,0.164,0.309,0.0
0.046,0.099,0.258,0.331,0.0
0.123,0.14,0.265,0.146,0.0
0.136,0.14,0.32,0.308,0.0
0.157,0.112,0.261,0.31,0.0
0.069,0.086,0.303,0.32,0.0
0.193,0.088,0.247,0.206,0.0
0.154,0.125,0.272,0.267,0.0
0.126,0.101,0.334,0.303,0.0
0.141,0.104,0.195,0.218,0.0
0.191,0.061,0.291,0.304,0.0
0.211,0.179,0.231,0.217,0.0
0.077,0.203,0.239,0.285,0.0
0.126,0.174,0.168,0.28,0.0
0.136,0.258,0.234,0.274,0.0
0.055,0.109,0.249,0.275,0.0
0.118,0.098,0.341,0.19,0.0
0.135,0.18,0.165,0.278,0.0
0.135,0.176,0.201,0.196,0.0
0.067,0.118,0.29,0.34,0.0
0.045,0.123,0.193,0.211,0.0
0.169,0.147,0.263,0.197,0.0
0.131,0.077,0.206,0.317,0.0
0.176,0.091,0.348,0.291,0.0
0.186,0.143,0.3,0.221,0.0
0.193,0.08,0.269,0.324,0.0
0.181,0.179,0.291,0.355,0.0
0.045,0.079,0.277,0.309,0.0
0.146,0.107,0.211,0.341,0.0
0.207,0.106,0.265,0.282,0.0
0.198,0.156,0.396,0.258,0.0
0.123,0.174,0.221,0.262,0.0
0.13,0.135,0.282,0.299,0.0
0.128,0.209,0.33,0.213,0.0
0.114,0.055,0.23,0.219,0.0
0.087,0.093,0.315,0.281,0.0
0.085,0.116,0.331,0.312,0.0
0.244,0.116,0.332,0.258,0.0
0.138,0.104,0.284,0.34,0.0
0.146,0.078,0.158,0.298,0.0
0.114,0.192,0.185,0.318,0.0
0.218,0.129,0.256,0.369,0.0
0.211,0.151,0.297,0.235,0.0
0.123,0.117,0.179,0.127,0.0
0.205,0.101,0.287,0.169,0.0
0.148,0.158,0.255,0.208,0.0
0.095,0.154,0.333,0.294,0.0
0.119,0.184,0.319,0.234,0.0
0.136,0.173,0.294,0.305,0.0
0.179,0.05,0.18,0.283,0.0
0.178,0.119,0.216,0.281,0.0
0.089,0.116,0.305,0.33,0.0
0.086,0.136,0.274,0.236,0.0
0.182,0.137,0.186,0.157,0.0
0.18,0.226,0.302,0.24,0.0
0.23,0.104,0.246,0.246,0.0
0.049,0.028,0.263,0.246,0.0
0.205,0.217,0.327,0.219,0.0
0.206,0.086,0.262,0.318,0.0
0.19,0.188,0.244,0.304,0.0
0.09,0.138,0.262,0.346,0.0
0.066,0.05,0.288,0.252,0.0
0.09,0.154,0.266,0.24,0.0
0.168,0.045,0.196,0.287,0.0
0.072,0.176,0.286,0.274,0.0
0.088,0.173,0.312,0.269,0.0
0.202,0.167,0.23,0.317,0.0
0.126,0.135,0.222,0.145,0.0
0.166,0.177,0.258,0.217,0.0
0.12,0.165,0.288,0.277,0.0
0.112,0.053,0.263,0.271,0.0
0.13,0.21,0.338,0.248,0.0
0.144,0.216,0.316,0.23,0.0
0.142,0.085,0.316,0.315,0.0
0.145,0.138,0.201,0.194,0.0
0.133,0.166,0.241,0.246,0.0
0.042,0.163,0.162,0.301,0.0
0.092,0.179,0.252,0.231,0.0
0.141,0.054,0.215,0.22,0.0
0.155,0.124,0.187,0.324,0.0
0.119,0.216,0.347,0.23,0.0
0.159,0.081,0.241,0.261,0.0
0.164,0.13,0.164,0.304,0.0
0.067,0.203,0.276,0.217,0.0
0.186,0.179,0.194,0.303,0.0
0.147,0.076,0.279,0.258,0.0
0.092,0.099,0.248,0.243,0.0
0.176,0.162,0.24,0.26,0.0
0.147,0.096,0.209,0.324,0.0
0.208,0.156,0.246,0.258,0.0
0.068,0.073,0.288,0.229,0.0
0.089,0.181,0.299,0.247,0.0
0.106,0.055,0.27,0.185,0.0
0.1,0.088,0.27,0.23,0.0
0.176,0.121,0.208,0.351,0.0
0.16,0.141,0.296,0.291,0.0
0.015,0.194,0.253,0.204,0.0
0.137,0.185,0.291,0.297,0.0
0.098,0.048,0.236,0.288,0.0
0.196,0.154,0.254,0.322,0.0
0.18,0.147,0.202,0.265,0.0
0.139,0.114,0.345,0.318,0.0
0.036,0.072,0.278,0.288,0.0
0.153,0.082,0.347,0.306,0.0
0.191,0.179,0.251,0.181,0.0
0.11,0.113,0.332,0.253,0.0
0.216,0.121,0.244,0.327,0.0
0.245,0.217,0.265,0.219,0.0
0.092,0.135,0.252,0.295,0.0
0.167,0.211,0.261,0.235,0.0
0.2,0.128,0.316,0.298,0.0
0.084,0.121,0.31,0.359,0.0
0.139,0.066,0.259,0.294,0.0
0.1,0.167,0.335,0.253,0.0
0.04,0.195,0.249,0.197,0.0
0.164,0.118,0.226,0.288,0.0
0.158,0.144,0.284,0.228,0.0
0.087,0.11,0.315,0.282,0.0
0.099,0.024,0.269,0.269,0.0
0.188,0.148,0.21,0.182,0.0
0.232,0.089,0.292,0.309,0.0
0.178,0.12,0.3,0.238,0.0
0.118,0.102,0.316,0.282,0.0
0.113,0.081,0.246,0.329,0.0
0.198,0.08,0.252,0.212,0.0
0.14,0.192,0.366,0.288,0.0
0.126,0.15,0.242,0.27,0.0
0.083,0.168,0.299,0.29,0.0
0.101,0.175,0.299,0.209,0.0
0.128,0.168,0.168,0.248,0.0
0.117,0.12,0.361,0.366,0.0
0.135,0.14,0.265,0.292,0.0
0.166,0.136,0.24,0.346,0.0
0.138,0.14,0.286,0.262,0.0
0.178,0.133,0.256,0.235,0.0
0.076,0.186,0.216,0.318,0.0
0.154,0.143,0.194,0.235,0.0
0.079,0.101,0.329,0.211,0.0
0.133,0.118,0.273,0.282,0.0
0.183,0.115,0.205,0.359,0.0
0.127,0.065,0.313,0.237,0.0
0.094,0.146,0.24,0.272,0.0
0.133,0.075,0.209,0.159,0.0
0.043,0.115,0.211,0.249,0.0
0.218,0.171,0.236,0.251,0.0
0.111,0.262,0.233,0.288,0.0
0.08,0.079,0.304,0.309,0.0
0.063,0.139,0.279,0.265,0.0
0.067,0.016,0.303,0.248,0.0
0.172,0.164,0.236,0.262,0.0
0.172,0.197,0.294,0.293,0.0
0.191,0.188,0.193,0.244,0.0
0.054,0.087,0.275,0.259,0.0
0.185,0.102,0.231,0.35,0.0
0.074,0.085,0.283,0.271,0.0
0.151,0.181,0.187,0.309,0.0
0.089,0.173,0.249,0.207,0.0
0.18,0.133,0.258,0.204,0.0
0.13,0.105,0.268,0.291,0.0
0.187,0.135,0.281,0.179,0.0
0.206,0.149,0.248,0.171,0.0
0.124,0.081,0.338,0.249,0.0
0.17,0.135,0.278,0.379,0.0
0.197,0.204,0.219,0.234,0.0
0.131,0.072,0.279,0.21,0.0
0.191,0.132,0.197,0.286,0.0
0.102,0.135,0.244,0.151,0.0
0.128,0.197,0.304,0.327,0.0
0.126,0.145,0.32,0.263,0.0
0.123,0.152,0.247,0.288,0.0
0.039,0.143,0.281,0.297,0.0
0.079,0.15,0.219,0.204,0.0
0.191,0.155,0.303,0.335,0.0
0.152,0.059,0.162,0.255,0.0
0.099,0.182,0.311,0.214,0.0
0.178,0.243,0.225,0.245,0.0
0.158,0.135,0.184,0.301,0.0
0.072,0.223,0.258,0.268,0.0
0.153,0.158,0.295,0.23,0.0
0.135,0.125,0.207,0.323,0.0
0.15,0.041,0.214,0.179,0.0
0.202,0.084,0.3,0.31,0.0
0.105,0.091,0.233,0.159,0.0
0.091,0.264,0.279,0.31,0.0
0.094,0.132,0.238,0.328,0.0
0.139,0.14,0.251,0.362,0.0
0.203,0.117,0.299,0.153,0.0
0.11,0.106,0.218,0.307,0.0
0.144,0.193,0.342,0.247,0.0
0.092,0.195,0.24,0.207,0.0
0.089,0.169,0.251,0.273,0.0
0.081,0.162,0.274,0.348,0.0
0.101,0.076,0.232,0.304,0.0
0.092,0.148,0.24,0.32,0.0
0.185,0.142,0.311,0.256,0.0
0.213,0.071,0.362,0.291,0.0
0.123,0.066,0.179,0.278,0.0
0.067,0.22,0.179,0.278,0.0
0.099,0.158,0.303,0.24,0.0
0.201,0.112,0.221,0.326,0.0
0.108,0.106,0.306,0.208,0.0
0.035,0.084,0.281,0.324,0.0
0.117,0.189,0.205,0.272,0.0
0.111,0.16,0.299,0.218,0.0
0.132,0.08,0.348,0.212,0.0
0.217,0.193,0.331,0.231,0.0
0.158,0.203,0.28,0.231,0.0
0.156,0.103,0.17,0.319,0.0
0.062,0.021,0.242,0.229,0.0
0.134,0.207,0.31,0.231,0.0
0.094,0.175,0.192,0.337,0.0
0.121,0.064,0.31,0.264,0.0
0.161,0.119,0.369,0.321,0.0
0.066,0.166,0.302,0.22,0.0
0.174,0.191,0.332,0.265,0.0
0.113,0.087,0.249,0.233,0.0
0.121,0.165,0.223,0.307,0.0
0.081,0.119,0.206,0.279,0.0
0.154,0.169,0.208,0.205,0.0
0.139,0.095,0.261,0.277,0.0
0.086,0.137,0.304,0.265,0.0
0.127,0.127,0.155,0.285,0.0
0.087,0.109,0.303,0.245,0.0
0.212,0.202,0.232,0.226,0.0
0.184,0.221,0.192,0.245,0.0
0.093,0.22,0.267,0.272,0.0
0.131,0.076,0.269,0.25,0.0
0.143,0.187,0.277,0.301,0.0
0.11,0.13,0.282,0.216,0.0
0.191,0.145,0.295,0.237,0.0
0.058,0.171,0.302,0.199,0.0
0.132,0.161,0.24,0.167,0.0
0.093,0.121,0.339,0.293,0.0
0.17,0.217,0.326,0.257,0.0
0.119,0.165,0.229,0.181,0.0
0.16,0.143,0.316,0.319,0.0
0.205,0.153,0.271,0.323,0.0
0.039,0.166,0.259,0.304,0.0
0.196,0.134,0.208,0.23,0.0
0.127,0.199,0.261,0.205,0.0
0.143,0.151,0.261,0.315,0.0
0.124,0.134,0.304,0.194,0.0
0.158,0.083,0.262,0.309,0.0
0.096,0.149,0.214,0.229,0.0
0.141,0.105,0.262,0.351,0.0
0.121,0.081,0.369,0.291,0.0
0.176,0.064,0.208,0.28,0.0
0.192,0.127,0.348,0.319,0.0
0.161,0.171,0.219,0.289,0.0
0.169,0.27,0.232,0.272,0.0
0.119,0.15,0.287,0.368,0.0
0.138,0.093,0.144,0.325,0.0
0.135,0.178,0.195,0.272,0.0
0.268,0.038,0.27,0.274,0.0
0.185,0.133,0.199,0.243,0.0
0.094,0.156,0.278,0.28,0.0
0.218,0.036,0.332,0.274,0.0
0.144,0.243,0.364,0.269,0.0
0.077,0.109,0.247,0.257,0.0
0.123,0.153,0.191,0.197,0.0
0.163,0.142,0.223,0.31,0.0
0.082,0.102,0.318,0.226,0.0
0.059,0.077,0.3,0.215,0.0
0.131,0.197,0.373,0.209,0.0
0.213,0.138,0.221,0.228,0.0
0.083,0.203,0.311,0.283,0.0
0.126,0.254,0.198,0.256,0.0
0.186,0.162,0.22,0.174,0.0
0.226,0.055,0.345,0.265,0.0
0.184,0.068,0.206,0.276,0.0
0.129,0.124,0.241,0.224,0.0
0.165,0.106,0.241,0.32,0.0
0.166,0.15,0.292,0.196,0.0
0.058,0.134,0.24,0.234,0.0
0.163,0.088,0.257,0.296,0.0
0.117,0.167,0.325,0.287,0.0
0.081,0.175,0.299,0.281,0.0
0.125,0.148,0.249,0.27,0.0
0.098,0.102,0.3,0.28,0.0
0.151,0.084,0.323,0.24,0.0
0.059,0.064,0.279,0.252,0.0
0.16,0.149,0.328,0.327,0.0
0.198,0.19,0.222,0.244,0.0
0.079,0.217,0.225,0.255,0.0
0.191,0.161,0.262,0.227,0.0
0.193,0.097,0.273,0.149,0.0
0.135,0.083,0.259,0.299,0.0
0.13,0.145,0.208,0.291,0.0
0.139,0.137,0.231,0.273,0.0
0.146,0.144,0.214,0.368,0.0
0.092,0.117,0.308,0.199,0.0
0.128,0.16,0.213,0.218,0.0
0.132,0.043,0.264,0.275,0.0
0.163,0.151,0.267,0.275,0.0
0.12,0.112,0.308,0.35,0.0
0.086,0.138,0.232,0.22,0.0
0.112,0.15,0.284,0.202,0.0
0.077,0.144,0.275,0.326,0.0
0.06,0.164,0.249,0.322,0.0
0.167,0.107,0.267,0.251,0.0
0.209,0.152,0.229,0.174,0.0
0.24,0.164,0.258,0.254,0.0
0.101,0.065,0.291,0.215,0.0
0.179,0.225,0.257,0.232,0.0
0.135,0.204,0.328,0.258,0.0
0.15,0.085,0.214,0.187,0.0
0.1,0.099,0.336,0.277,0.0
0.175,0.172,0.177,0.284,0.0
0.194,0.161,0.276,0.209,0.0
0.195,0.119,0.279,0.247,0.0
0.07,0.086,0.156,0.196,0.0
0.118,0.188,0.22,0.264,0.0
0.113,0.147,0.247,0.339,0.0
0.162,0.129,0.218,0.245,0.0
0.118,0.051,0.225,0.263,0.0
0.118,0.172,0.356,0.294,0.0
0.167,0.248,0.201,0.249,0.0
0.113,0.128,0.289,0.204,0.0
0.14,0.195,0.214,0.241,0.0
0.213,0.149,0.219,0.309,0.0
0.12,0.114,0.216,0.114,0.0
0.051,0.174,0.247,0.202,0.0
0.156,0.228,0.254,0.236,0.0
0.199,0.14,0.233,0.288,0.0
0.184,0.216,0.262,0.304,0.0
0.091,0.13,0.173,0.252,0.0
0.1,0.087,0.27,0.255,0.0
0.135,0.15,0.167,0.23,0.0
0.062,0.146,0.294,0.197,0.0
0.17,0.094,0.328,0.29,0.0
0.118,0.064,0.3,0.27,0.0
0.131,0.163,0.313,0.181,0.0
0.181,0.104,0.201,0.314,0.0
0.155,0.205,0.169,0.341,0.0
0.093,0.238,0.208,0.244,0.0
0.043,0.101,0.247,0.285,0.0
0.06,0.096,0.292,0.166,0.0
0.124,0.209,0.29,0.309,0.0
0.197,0.115,0.219,0.359,0.0
0.147,0.084,0.303,0.326,0.0
0.131,0.217,0.329,0.225,0.0
0.125,0.067,0.219,0.315,0.0
0.163,0.175,0.187,0.193,0.0
0.045,0.204,0.193,0.238,0.0
0.07,0.125,0.157,0.175,0.0
0.14,0.18,0.172,0.202,0.0
0.102,0.083,0.258,0.233,0.0
0.181,0.145,0.217,0.171,0.0
0.091,0.046,0.305,0.246,0.0
0.202,0.041,0.28,0.227,0.0
0.198,0.2,0.276,0.29,0.0
0.092,0.162,0.334,0.248,0.0
0.106,0.095,0.32,0.249,0.0
0.145,0.114,0.211,0.307,0.0
0.123,0.16,0.174,0.23,0.0
0.049,0.254,0.258,0.27,0.0
0.126,0.225,0.278,0.321,0.0
0.155,0.098,0.297,0.216,0.0
0.219,0.166,0.311,0.202,0.0
0.138,0.211,0.15,0.243,0.0
0.168,0.097,0.394,0.331,0.0
0.178,0.163,0.258,0.169,0.0
0.245,0.156,0.297,0.186,0.0
0.172,0.162,0.296,0.27,0.0
0.208,0.055,0.218,0.203,0.0
0.184,0.122,0.286,0.27,0.0
0.115,0.221,0.325,0.278,0.0
0.146,0.126,0.294,0.286,0.0
0.118,0.198,0.252,0.24,0.0
0.076,0.094,0.25,0.218,0.0
0.019,0.058,0.215,0.3,0.0
0.234,0.052,0.252,0.291,0.0
0.249,0.146,0.269,0.27,0.0
0.073,0.153,0.265,0.207,0.0
0.126,0.099,0.162,0.281,0.0
0.094,0.165,0.296,0.317,0.0
0.037,0.036,0.271,0.274,0.0
0.179,0.153,0.325,0.263,0.0
0.132,0.037,0.204,0.243,0.0
0.108,0.06,0.334,0.298,0.0
0.175,0.162,0.263,0.202,0.0
0.209,0.106,0.213,0.192,0.0
0.198,0.078,0.226,0.314,0.0
0.149,0.187,0.321,0.305,0.0
0.15,0.192,0.292,0.242,0.0
0.127,0.146,0.159,0.266,0.0
0.167,0.156,0.283,0.306,0.0
0.205,0.16,0.239,0.166,0.0
0.127,0.118,0.301,0.186,0.0
0.147,0.114,0.289,0.296,0.0
0.187,0.134,0.271,0.248,0.0
0.228,0.127,0.322,0.319,0.0
0.154,0.145,0.158,0.359,0.0
0.183,0.121,0.245,0.257,0.0
0.076,0.249,0.295,0.261,0.0
0.09,0.095,0.31,0.247,0.0
0.108,0.106,0.322,0.288,0.0
0.058,0.099,0.27,0.279,0.0
0.168,0.197,0.194,0.243,0.0
0.193,0.168,0.249,0.202,0.0
0.185,0.114,0.229,0.248,0.0
0.1,0.067,0.308,0.253,0.0
0.109,0.208,0.307,0.212,0.0
0.122,0.175,0.314,0.231,0.0
0.08,0.213,0.276,0.219,0.0
0.079,0.196,0.321,0.282,0.0
0.129,0.101,0.157,0.197,0.0
0.036,0.116,0.226,0.226,0.0
0.137,0.142,0.179,0.206,0.0
0.124,0.181,0.318,0.205,0.0
0.121,0.176,0.223,0.239,0.0
0.238,0.098,0.284,0.272,0.0
0.106,0.113,0.266,0.287,0.0
0.147,0.139,0.267,0.307,0.0
0.067,0.052,0.267,0.224,0.0
0.11,0.187,0.298,0.197,0.0
0.034,0.2,0.282,0.274,0.0
0.058,0.142,0.308,0.256,0.0
0.174,0.164,0.252,0.223,0.0
0.097,0.148,0.343,0.316,0.0
0.179,0.114,0.221,0.178,0.0
0.104,0.118,0.338,0.354,0.0
0.065,0.085,0.313,0.247,0.0
0.21,0.17,0.228,0.228,0.0
0.185,0.171,0.241,0.289,0.0
0.044,0.238,0.294,0.304,0.0
0.111,0.073,0.275,0.321,0.0
0.143,0.18,0.277,0.206,0.0
0.072,0.205,0.282,0.385,0.0
0.118,0.038,0.256,0.258,0.0
0.061,0.077,0.279,0.26,0.0
0.07,0.153,0.182,0.243,0.0
0.22,0.057,0.29,0.285,0.0
0.099,0.125,0.249,0.231,0.0
0.08,0.131,0.314,0.163,0.0
0.233,0.121,0.285,0.261,0.0
0.143,0.206,0.269,0.244,0.0
0.113,0.152,0.331,0.304,0.0
0.15,0.136,0.174,0.252,0.0
0.13,0.104,0.252,0.306,0.0
0.09,0.203,0.304,0.241,0.0
0.148,0.172,0.194,0.2,0.0
0.206,0.178,0.232,0.232,0.0
0.109,0.07,0.215,0.316,0.0
0.101,0.094,0.239,0.306,0.0
0.093,0.15,0.235,0.316,0.0
0.144,0.218,0.35,0.302,0.0
0.2,0.218,0.306,0.226,0.0
0.107,0.082,0.341,0.25,0.0
0.066,0.106,0.263,0.312,0.0
0.106,0.15,0.168,0.17,0.0
0.089,0.02,0.281,0.258,0.0
0.136,0.161,0.196,0.163,0.0
0.167,0.111,0.241,0.173,0.0
0.2,0.199,0.212,0.259,0.0
0.168,0.146,0.226,0.252,0.0
0.115,0.122,0.236,0.186,0.0
0.171,0.157,0.327,0.245,0.0
0.158,0.092,0.236,0.314,0.0
0.082,0.085,0.33,0.175,0.0
0.157,0.209,0.305,0.211,0.0
0.118,0.049,0.226,0.274,0.0
0.218,0.147,0.238,0.351,0.0
0.121,0.147,0.241,0.171,0.0
0.193,0.163,0.339,0.237,0.0
0.176,0.089,0.308,0.305,0.0
0.069,0.15,0.293,0.312,0.0
0.085,0.107,0.299,0.285,0.0
0.13,0.131,0.262,0.151,0.0
0.073,0.111,0.285,0.22,0.0
0.297,0.145,0.299,0.235,0.0
0.099,0.166,0.341,0.29,0.0
0.176,0.147,0.188,0.367,0.0
0.172,0.115,0.302,0.293,0.0
0.213,0.147,0.289,0.291,0.0
0.09,0.14,0.32,0.222,0.0
0.201,0.168,0.331,0.204,0.0
0.166,0.107,0.27,0.305,0.0
0.247,0.17,0.292,0.299,0.0
0.116,0.167,0.342,0.228,0.0
0.103,0.182,0.289,0.22,0.0
0.116,0.13,0.278,0.29,0.0
0.093,0.12,0.203,0.286,0.0
0.197,0.156,0.203,0.254,0.0
0.09,0.194,0.314,0.226,0.0
0.096,0.105,0.3,0.355,0.0
0.069,0.167,0.289,0.173,0.0
0.164,0.148,0.234,0.286,0.0
0.073,0.113,0.277,0.341,0.0
0.199,0.192,0.311,0.32,0.0
0.135,0.12,0.281,0.33,0.0
0.172,0.181,0.258,0.259,0.0
0.234,0.087,0.248,0.223,0.0
0.07,0.13,0.204,0.198,0.0
0.126,0.119,0.2,0.279,0.0
0.136,0.136,0.326,0.366,0.0
0.12,0.182,0.338,0.312,0.0
0.156,0.128,0.332,0.28,0.0
0.18,0.165,0.28,0.349,0.0
0.143,0.116,0.2,0.264,0.0
0.144,0.074,0.214,0.314,0.0
0.112,0.163,0.232,0.253,0.0
0.139,0.097,0.223,0.281,0.0
0.188,0.117,0.24,0.327,0.0
0.154,0.15,0.22,0.182,0.0
0.161,0.0,0.237,0.244,0.0
0.149,0.19,0.213,0.218,0.0
0.151,0.115,0.153,0.245,0.0
0.117,0.103,0.129,0.185,0.0
0.122,0.169,0.278,0.199,0.0
0.108,0.163,0.204,0.219,0.0
0.235,0.186,0.285,0.338,0.0
0.057,0.132,0.245,0.362,0.0
0.12,0.153,0.32,0.281,0.0
0.095,0.07,0.257,0.3,0.0
0.114,0.099,0.364,0.307,0.0
0.166,0.173,0.354,0.267,0.0
0.1,0.118,0.316,0.198,0.0
0.128,0.184,0.366,0.212,0.0
0.116,0.206,0.314,0.288,0.0
0.193,0.092,0.216,0.27,0.0
0.215,0.166,0.243,0.264,0.0
0.17,0.16,0.298,0.208,0.0
0.156,0.177,0.31,0.209,0.0
0.2,0.128,0.282,0.244,0.0
0.061,0.199,0.293,0.261,0.0
0.135,0.2,0.273,0.242,0.0
0.085,0.102,0.185,0.226,0.0
0.102,0.153,0.194,0.273,0.0
0.212,0.183,0.262,0.221,0.0
0.011,0.104,0.173,0.348,0.0
0.066,0.184,0.292,0.21,0.0
0.127,0.214,0.229,0.222,0.0
0.123,0.156,0.312,0.164,0.0
0.141,0.054,0.266,0.28,0.0
0.189,0.129,0.211,0.373,0.0
0.097,0.166,0.263,0.22,0.0
0.142,0.239,0.29,0.245,0.0
0.14,0.194,0.256,0.324,0.0
0.148,0.093,0.254,0.215,0.0
0.105,0.139,0.167,0.285,0.0
0.086,0.151,0.226,0.205,0.0
0.175,0.058,0.253,0.246,0.0
0.219,0.078,0.225,0.246,0.0
0.126,0.089,0.258,0.331,0.0
0.1,0.144,0.29,0.274,0.0
0.163,0.16,0.217,0.234,0.0
0.099,0.134,0.173,0.262,0.0
0.132,0.146,0.34,0.276,0.0
0.139,0.064,0.271,0.29,0.0
0.182,0.182,0.262,0.284,0.0
0.123,0.159,0.319,0.205,0.0
0.087,0.163,0.295,0.31,0.0
0.184,0.106,0.188,0.296,0.0
0.057,0.167,0.297,0.281,0.0
0.128,0.209,0.21,0.225,0.0
0.147,0.196,0.261,0.218,0.0
0.051,0.112,0.265,0.31,0.0
0.027,0.065,0.267,0.225,0.0
0.074,0.171,0.264,0.327,0.0
0.135,0.165,0.207,0.215,0.0
0.154,0.065,0.18,0.243,0.0
0.121,0.164,0.215,0.31,0.0
0.085,0.152,0.327,0.298,0.0
0.164,0.177,0.282,0.228,0.0
0.056,0.206,0.212,0.281,0.0
0.026,0.161,0.258,0.187,0.0
0.111,0.176,0.255,0.21,0.0
0.224,0.142,0.278,0.222,0.0
0.177,0.166,0.223,0.238,0.0
0.093,0.097,0.327,0.327,0.0
0.104,0.142,0.302,0.166,0.0
0.138,0.114,0.238,0.342,0.0
0.206,0.11,0.298,0.228,0.0
0.101,0.177,0.175,0.355,0.0
0.06,0.19,0.252,0.264,0.0
0.094,0.175,0.18,0.221,0.0
0.154,0.163,0.226,0.167,0.0
0.121,0.146,0.303,0.251,0.0
0.211,0.109,0.28,0.205,0.0
0.099,0.161,0.317,0.232,0.0
0.169,0.1,0.197,0.226,0.0
0.117,0.21,0.191,0.217,0.0
0.106,0.098,0.248,0.21,0.0
0.19,0.137,0.192,0.239,0.0
0.005,0.113,0.251,0.291,0.0
0.106,0.113,0.26,0.302,0.0
0.166,0.211,0.361,0.223,0.0
0.177,0.118,0.311,0.352,0.0
0.11,0.137,0.208,0.197,0.0
0.071,0.176,0.319,0.21,0.0
0.142,0.096,0.294,0.298,0.0
0.124,0.105,0.144,0.183,0.0
0.074,0.172,0.318,0.264,0.0
0.216,0.076,0.3,0.226,0.0
0.135,0.159,0.287,0.217,0.0
0.172,0.099,0.223,0.243,0.0
0.134,0.084,0.203,0.264,0.0
0.117,0.134,0.243,0.188,0.0
0.082,0.173,0.28,0.225,0.0
0.115,0.052,0.249,0.29,0.0
0.219,0.167,0.253,0.241,0.0
0.127,0.149,0.215,0.323,0.0
0.12,0.219,0.235,0.247,0.0
0.197,0.158,0.239,0.258,0.0
0.114,0.081,0.296,0.289,0.0
0.191,0.144,0.395,0.354,0.0
0.114,0.15,0.268,0.29,0.0
0.092,0.137,0.324,0.271,0.0
0.122,0.119,0.3,0.285,0.0
0.149,0.103,0.32,0.178,0.0
0.193,0.069,0.261,0.281,0.0
0.109,0.162,0.251,0.272,0.0
0.02,0.077,0.242,0.295,0.0
0.123,0.184,0.213,0.208,0.0
0.199,0.126,0.207,0.232,0.0
0.021,0.146,0.213,0.15,0.0
0.073,0.164,0.213,0.278,0.0
0.219,0.069,0.287,0.278,0.0
0.094,0.128,0.276,0.306,0.0
0.164,0.14,0.272,0.15,0.0
0.164,0.077,0.357,0.187,0.0
0.133,0.152,0.299,0.24,0.0
0.159,0.055,0.205,0.279,0.0
0.095,0.121,0.217,0.327,0.0
0.146,0.098,0.2,0.32,0.0
0.066,0.085,0.3,0.314,0.0
0.073,0.098,0.305,0.202,0.0
0.189,0.098,0.193,0.162,0.0
0.114,0.218,0.243,0.252,0.0
0.07,0.144,0.276,0.266,0.0
0.107,0.099,0.217,0.229,0.0
0.089,0.176,0.261,0.18,0.0
0.167,0.172,0.295,0.232,0.0
0.073,0.156,0.231,0.354,0.0
0.037,0.161,0.255,0.279,0.0
0.097,0.083,0.305,0.291,0.0
0.096,0.043,0.29,0.287,0.0
0.108,0.126,0.2,0.328,0.0
0.103,0.183,0.223,0.363,0.0
0.091,0.181,0.273,0.209,0.0
0.199,0.114,0.213,0.168,0.0
0.079,0.167,0.254,0.277,0.0
0.102,0.197,0.31,0.249,0.0
0.122,0.16,0.292,0.226,0.0
0.075,0.076,0.261,0.279,0.0
0.165,0.146,0.197,0.302,0.0
0.21,0.169,0.226,0.213,0.0
0.16,0.063,0.306,0.271,0.0
0.082,0.125,0.25,0.237,0.0
0.231,0.069,0.269,0.261,0.0
0.189,0.151,0.251,0.267,0.0
0.145,0.182,0.225,0.278,0.0
0.08,0.131,0.242,0.181,0.0
0.121,0.157,0.269,0.293,0.0
0.178,0.121,0.32,0.331,0.0
0.156,0.169,0.402,0.178,0.0
0.111,0.261,0.299,0.307,0.0
0.127,0.157,0.153,0.195,0.0
0.101,0.077,0.293,0.235,0.0
0.124,0.198,0.314,0.29,0.0
0.097,0.061,0.265,0.287,0.0
0.143,0.082,0.317,0.314,0.0
0.217,0.184,0.261,0.293,0.0
0.123,0.141,0.259,0.219,0.0
0.119,0.096,0.345,0.344,0.0
0.097,0.17,0.315,0.266,0.0
0.082,0.216,0.258,0.244,0.0
0.178,0.162,0.266,0.224,0.0
0.21,0.096,0.294,0.208,0.0
0.22,0.087,0.244,0.285,0.0
0.133,0.19,0.265,0.432,0.072141839
0.235,0.1,0.263,0.266,0.0
0.15,0.122,0.156,0.242,0.0
0.111,0.169,0.293,0.343,0.0
0.109,0.039,0.321,0.257,0.0
0.19,0.15,0.258,0.238,0.0
0.197,0.138,0.227,0.362,0.0
0.072,0.128,0.224,0.274,0.0
0.166,0.094,0.262,0.29,0.0
0.103,0.176,0.227,0.279,0.0
0.093,0.038,0.263,0.246,0.0
0.087,0.094,0.254,0.344,0.0
0.075,0.12,0.319,0.292,0.0
0.197,0.168,0.235,0.362,0.0
0.108,0.064,0.286,0.29,0.0
0.103,0.201,0.183,0.227,0.0
0.131,0.128,0.211,0.284,0.0
0.136,0.16,0.252,0.172,0.0
0.211,0.098,0.333,0.314,0.0
0.089,0.079,0.219,0.229,0.0
0.126,0.126,0.268,0.214,0.0
0.101,0.141,0.339,0.245,0.0
0.096,0.166,0.292,0.246,0.0
0.123,0.091,0.313,0.251,0.0
0.185,0.201,0.301,0.209,0.0
0.184,0.134,0.19,0.302,0.0
0.154,0.167,0.268,0.191,0.0
0.086,0.115,0.256,0.333,0.0
0.106,0.107,0.248,0.343,0.0
0.172,0.227,0.228,0.247,0.0
0.132,0.184,0.342,0.19,0.0
0.109,0.192,0.242,0.304,0.0
0.145,0.194,0.211,0.202,0.0
0.095,0.213,0.341,0.243,0.0
0.039,0.126,0.287,0.35,0.0
0.16,0.131,0.224,0.237,0.0
0.2,0.214,0.27,0.298,0.0
0.143,0.155,0.243,0.251,0.0
0.016,0.157,0.262,0.235,0.0
0.165,0.204,0.185,0.238,0.0
0.063,0.202,0.292,0.212,0.0
0.235,0.242,0.315,0.299,0.0
0.192,0.191,0.308,0.253,0.0
0.171,0.192,0.191,0.21,0.0
0.132,0.141,0.29,0.153,0.0
0.207,0.17,0.273,0.206,0.0
0.129,0.026,0.209,0.208,0.0
0.121,0.124,0.161,0.336,0.0
0.127,0.105,0.138,0.281,0.0
0.193,0.201,0.275,0.207,0.0
0.218,0.169,0.23,0.201,0.0
0.197,0.174,0.311,0.234,0.0
0.225,0.156,0.255,0.278,0.0
0.222,0.191,0.242,0.219,0.0
0.165,0.207,0.195,0.215,0.0
0.109,0.118,0.253,0.252,0.0
0.025,0.082,0.243,0.284,0.0
0.041,0.121,0.269,0.291,0.0
0.113,0.191,0.329,0.281,0.0
0.102,0.129,0.206,0.313,0.0
0.163,0.135,0.177,0.313,0.0
0.195,0.163,0.279,0.223,0.0
0.188,0.156,0.279,0.238,0.0
0.157,0.139,0.263,0.223,0.0
0.17,0.169,0.314,0.311,0.0
0.106,0.155,0.298,0.189,0.0
0.097,0.172,0.229,0.204,0.0
0.1,0.16,0.198,0.272,0.0
0.165,0.06,0.323,0.26,0.0
0.226,0.192,0.268,0.198,0.0
0.112,0.227,0.36,0.253,0.0
0.182,0.176,0.35,0.256,0.0
0.11,0.188,0.272,0.282,0.0
0.135,0.223,0.187,0.287,0.0
0.139,0.075,0.299,0.317,0.0
0.191,0.111,0.211,0.355,0.0
0.167,0.09,0.243,0.288,0.0
0.169,0.213,0.247,0.221,0.0
0.09,0.177,0.328,0.181,0.0
0.133,0.167,0.373,0.323,0.0
0.141,0.202,0.323,0.254,0.0
0.121,0.228,0.273,0.241,0.0
0.177,0.169,0.292,0.193,0.0
0.142,0.09,0.2,0.242,0.0
0.014,0.061,0.236,0.279,0.0
0.232,0.137,0.254,0.219,0.0
0.135,0.179,0.281,0.213,0.0
0.098,0.149,0.178,0.393,0.0
0.101,0.07,0.343,0.314,0.0
0.154,0.118,0.362,0.242,0.0
0.171,0.182,0.193,0.28,0.0
0.106,0.061,0.348,0.305,0.0
0.147,0.131,0.241,0.322,0.0
0.099,0.206,0.22,0.236,0.0
0.122,0.165,0.329,0.341,0.0
0.049,0.154,0.277,0.296,0.0
0.148,0.285,0.226,0.317,0.0
0.15,0.124,0.216,0.352,0.0
0.095,0.172,0.271,0.18,0.0
0.162,0.182,0.246,0.408,0.0
0.079,0.134,0.243,0.266,0.0
0.018,0.186,0.262,0.22,0.0
0.134,0.173,0.269,0.311,0.0
0.012,0.121,0.224,0.165,0.0
0.091,0.108,0.245,0.296,0.0
0.102,0.166,0.182,0.244,0.0
0.123,0.091,0.293,0.235,0.0
0.124,0.109,0.158,0.337,0.0
0.069,0.069,0.311,0.268,0.0
0.043,0.158,0.273,0.236,0.0
0.064,0.137,0.291,0.237,0.0
0.204,0.114,0.224,0.306,0.0
0.202,0.176,0.212,0.2,0.0
0.115,0.203,0.291,0.267,0.0
0.182,0.184,0.232,0.26,0.0
0.141,0.129,0.191,0.351,0.0
0.168,0.143,0.264,0.157,0.0
0.131,0.094,0.249,0.314,0.0
0.093,0.172,0.207,0.236,0.0
0.19,0.04,0.306,0.282,0.0
0.057,0.061,0.268,0.279,0.0
0.221,0.13,0.263,0.306,0.0
0.099,0.135,0.225,0.265,0.0
0.146,0.112,0.258,0.26,0.0
0.234,0.154,0.266,0.3,0.0
0.123,0.178,0.341,0.202,0.0
0.244,0.264,0.246,0.268,0.0
0.108,0.252,0.342,0.26,0.0
0.185,0.163,0.263,0.355,0.0
0.101,0.091,0.323,0.289,0.0
0.084,0.169,0.258,0.225,0.0
0.044,0.151,0.276,0.179,0.0
0.127,0.179,0.239,0.251,0.0
0.149,0.151,0.201,0.211,0.0
0.124,0.145,0.298,0.213,0.0
0.187,0.208,0.275,0.236,0.0
0.157,0.19,0.349,0.317,0.0
0.112,0.113,0.258,0.291,0.0
0.047,0.122,0.241,0.368,0.0
0.112,0.171,0.222,0.267,0.0
0.118,0.206,0.25,0.276,0.0
0.196,0.107,0.274,0.277,0.0
0.155,0.154,0.175,0.266,0.0
0.093,0.062,0.343,0.304,0.0
0.199,0.145,0.207,0.239,0.0
0.071,0.151,0.241,0.235,0.0
0.187,0.141,0.207,0.153,0.0
0.183,0.167,0.191,0.261,0.0
0.145,0.138,0.256,0.378,0.0
0.18,0.213,0.306,0.277,0.0
0.124,0.058,0.152,0.302,0.0
0.163,0.194,0.291,0.244,0.0
0.171,0.108,0.309,0.258,0.0
0.08,0.157,0.184,0.249,0.0
0.112,0.177,0.358,0.277,0.0
0.173,0.088,0.187,0.264,0.0
0.157,0.071,0.379,0.313,0.0
0.146,0.158,0.276,0.274,0.0
0.118,0.101,0.248,0.239,0.0
0.135,0.157,0.309,0.293,0.0
0.114,0.18,0.224,0.284,0.0
0.133,0.101,0.305,0.209,0.0
0.061,0.169,0.247,0.271,0.0
0.124,0.104,0.346,0.172,0.0
0.173,0.105,0.298,0.353,0.0
0.145,0.177,0.269,0.271,0.0
0.184,0.132,0.244,0.212,0.0
0.164,0.178,0.226,0.18,0.0
0.206,0.106,0.234,0.278,0.0
0.147,0.187,0.245,0.221,0.0
0.126,0.15,0.263,0.32,0.0
0.15,0.098,0.3,0.254,0.0
0.137,0.203,0.343,0.207,0.0
0.132,0.16,0.342,0.242,0.0
0.077,0.177,0.273,0.353,0.0
0.133,0.048,0.281,0.276,0.0
0.2,0.072,0.272,0.318,0.0
0.199,0.201,0.201,0.213,0.0
0.093,0.124,0.317,0.256,0.0
0.2,0.191,0.214,0.251,0.0
0.051,0.134,0.273,0.344,0.0
0.213,0.185,0.311,0.255,0.0
0.068,0.126,0.282,0.238,0.0
0.082,0.199,0.326,0.401,0.0
0.171,0.162,0.205,0.238,0.0
0.137,0.189,0.193,0.327,0.0
0.134,0.176,0.322,0.192,0.0
0.166,0.114,0.18,0.23,0.0
0.17,0.166,0.322,0.176,0.0
0.118,0.211,0.184,0.223,0.0
0.21,0.106,0.224,0.334,0.0
0.129,0.129,0.185,0.335,0.0
0.171,0.122,0.233,0.365,0.0
0.183,0.162,0.349,0.278,0.0
0.126,0.14,0.194,0.212,0.0
0.046,0.229,0.232,0.259,0.0
0.121,0.113,0.261,0.333,0.0
0.135,0.142,0.373,0.282,0.0
0.095,0.193,0.311,0.223,0.0
0.045,0.061,0.207,0.311,0.0
0.148,0.174,0.238,0.258,0.0
0.139,0.189,0.181,0.237,0.0
0.134,0.075,0.288,0.289,0.0
0.165,0.195,0.167,0.307,0.0
0.106,0.081,0.336,0.321,0.0
0.106,0.108,0.192,0.288,0.0
0.169,0.174,0.219,0.34,0.0
0.214,0.142,0.258,0.226,0.0
0.04,0.072,0.258,0.31,0.0
0.122,0.025,0.186,0.271,0.0
0.202,0.157,0.22,0.219,0.0
0.114,0.076,0.348,0.293,0.0
0.065,0.227,0.315,0.349,0.0
0.231,0.162,0.277,0.24,0.0
0.199,0.175,0.257,0.267,0.0
0.06,0.093,0.26,0.317,0.0
0.143,0.129,0.287,0.313,0.0
0.134,0.156,0.312,0.278,0.0
0.203,0.122,0.223,0.225,0.0
0.188,0.115,0.226,0.281,0.0
0.154,0.17,0.264,0.214,0.0
0.108,0.151,0.33,0.257,0.0
0.144,0.164,0.318,0.236,0.0
0.122,0.118,0.228,0.358,0.0
0.219,0.162,0.221,0.314,0.0
0.186,0.113,0.228,0.175,0.0
0.172,0.167,0.31,0.186,0.0
0.209,0.162,0.269,0.276,0.0
0.123,0.201,0.209,0.213,0.0
0.158,0.069,0.194,0.24,0.0
0.155,0.124,0.323,0.246,0.0
0.137,0.054,0.259,0.264,0.0
0.133,0.147,0.313,0.273,0.0
0.109,0.069,0.357,0.287,0.0
0.126,0.163,0.166,0.207,0.0
0.149,0.142,0.235,0.274,0.0
0.155,0.177,0.341,0.191,0.0
0.053,0.168,0.289,0.206,0.0
0.165,0.1,0.215,0.296,0.0
0.242,0.147,0.266,0.285,0.0
0.105,0.118,0.283,0.274,0.0
0.151,0.094,0.199,0.282,0.0
0.077,0.099,0.295,0.329,0.0
0.133,0.163,0.231,0.275,0.0
0.115,0.181,0.359,0.197,0.0
0.248,0.085,0.282,0.297,0.0
0.056,0.173,0.276,0.235,0.0
0.085,0.215,0.235,0.247,0.0
0.097,0.2,0.279,0.226,0.0
0.125,0.17,0.334,0.204,0.0
0.126,0.159,0.292,0.171,0.0
0.118,0.081,0.272,0.301,0.0
0.084,0.043,0.242,0.265,0.0
0.159,0.19,0.181,0.27,0.0
0.168,0.124,0.258,0.326,0.0
0.136,0.083,0.244,0.259,0.0
0.136,0.077,0.252,0.21,0.0
0.206,0.136,0.262,0.174,0.0
0.171,0.217,0.193,0.231,0.0
0.148,0.193,0.294,0.237,0.0
0.076,0.265,0.205,0.313,0.0
0.145,0.158,0.235,0.254,0.0
0.107,0.131,0.255,0.269,0.0
0.17,0.152,0.258,0.198,0.0
0.149,0.174,0.243,0.254,0.0
0.099,0.173,0.217,0.28,0.0
0.067,0.108,0.247,0.307,0.0
0.183,0.189,0.195,0.221,0.0
0.205,0.128,0.257,0.324,0.0
0.176,0.2,0.264,0.242,0.0
0.222,0.172,0.244,0.242,0.0
0.161,0.147,0.305,0.237,0.0
0.148,0.062,0.228,0.301,0.0
0.086,0.051,0.154,0.295,0.0
0.051,0.075,0.279,0.253,0.0
0.134,0.085,0.228,0.323,0.0
0.185,0.196,0.221,0.222,0.0
0.176,0.111,0.268,0.339,0.0
0.209,0.125,0.219,0.221,0.0
0.113,0.153,0.297,0.221,0.0
0.103,0.138,0.301,0.256,0.0
0.087,0.154,0.215,0.282,0.0
0.2,0.083,0.288,0.221,0.0
0.151,0.096,0.185,0.3,0.0
0.159,0.224,0.307,0.281,0.0
0.109,0.15,0.221,0.228,0.0
0.069,0.201,0.309,0.275,0.0
0.16,0.138,0.332,0.364,0.0
0.065,0.137,0.313,0.243,0.0
0.183,0.098,0.271,0.288,0.0
0.142,0.044,0.224,0.266,0.0
0.129,0.103,0.301,0.303,0.0
0.058,0.161,0.22,0.308,0.0
0.146,0.198,0.286,0.2,0.0
0.146,0.115,0.188,0.259,0.0
0.194,0.089,0.262,0.309,0.0
0.23,0.0,0.272,0.207,0.0
0.098,0.105,0.311,0.299,0.0
0.101,0.113,0.233,0.355,0.0
0.057,0.165,0.217,0.245,0.0
0.05,0.171,0.19,0.201,0.0
0.107,0.119,0.273,0.135,0.0
0.26,0.21,0.276,0.262,0.0
0.18,0.132,0.194,0.3,0.0
0.125,0.099,0.171,0.287,0.0
0.142,0.166,0.296,0.294,0.0
0.082,0.12,0.312,0.234,0.0
0.254,0.171,0.284,0.251,0.0
0.069,0.224,0.293,0.226,0.0
0.107,0.234,0.281,0.26,0.0
0.091,0.162,0.305,0.262,0.0
0.166,0.123,0.244,0.289,0.0
0.138,0.092,0.164,0.306,0.0
0.137,0.165,0.265,0.251,0.0
0.157,0.248,0.239,0.288,0.0
0.133,0.122,0.227,0.227,0.0
0.041,0.097,0.277,0.195,0.0
0.168,0.143,0.25,0.267,0.0
0.102,0.123,0.286,0.251,0.0
0.21,0.132,0.254,0.255,0.0
0.057,0.177,0.257,0.321,0.0
0.098,0.135,0.24,0.279,0.0
0.052,0.164,0.285,0.338,0.0
0.11,0.174,0.264,0.188,0.0
0.056,0.086,0.29,0.316,0.0
0.07,0.063,0.188,0.297,0.0
0.178,0.082,0.198,0.244,0.0
0.103,0.18,0.337,0.198,0.0
0.217,0.123,0.323,0.221,0.0
0.144,0.098,0.26,0.292,0.0
0.159,0.045,0.219,0.265,0.0
0.159,0.105,0.257,0.249,0.0
0.133,0.201,0.289,0.201,0.0
0.156,0.173,0.202,0.257,0.0
0.063,0.183,0.295,0.223,0.0
0.086,0.155,0.304,0.161,0.0
0.11,0.148,0.302,0.194,0.0
0.109,0.17,0.317,0.234,0.0
0.134,0.102,0.209,0.196,0.0
0.168,0.177,0.276,0.247,0.0
0.061,0.131,0.263,0.305,0.0
0.109,0.18,0.257,0.258,0.0
0.201,0.127,0.358,0.245,0.0
0.219,0.206,0.243,0.276,0.0
0.119,0.041,0.339,0.289,0.0
0.156,0.048,0.174,0.296,0.0
0.074,0.188,0.25,0.328,0.0
0.103,0.194,0.247,0.252,0.0
0.175,0.081,0.277,0.265,0.0
0.158,0.211,0.344,0.231,0.0
0.118,0.102,0.336,0.316,0.0
0.135,0.112,0.155,0.29,0.0
0.12,0.151,0.202,0.257,0.0
0.072,0.178,0.28,0.326,0.0
0.063,0.084,0.305,0.232,0.0
0.145,0.135,0.355,0.195,0.0
0.149,0.204,0.311,0.22,0.0
0.14,0.025,0.37,0.259,0.0
0.085,0.165,0.219,0.253,0.0
0.12,0.093,0.328,0.201,0.0
0.145,0.115,0.309,0.353,0.0
0.125,0.055,0.221,0.299,0.0
0.081,0.17,0.281,0.272,0.0
0.148,0.206,0.262,0.282,0.0
0.127,0.133,0.361,0.163,0.0
0.175,0.226,0.311,0.242,0.0
0.067,0.113,0.289,0.355,0.0
0.124,0.082,0.248,0.24,0.0
0.116,0.184,0.316,0.2,0.0
0.156,0.025,0.188,0.217,0.0
0.108,0.112,0.216,0.222,0.0
0.118,0.179,0.332,0.331,0.0
0.16,0.189,0.29,0.291,0.0
0.107,0.111,0.308,0.339,0.0
0.103,0.195,0.323,0.211,0.0
0.102,0.156,0.338,0.296,0.0
0.015,0.069,0.259,0.303,0.0
0.122,0.179,0.24,0.241,0.0
0.132,0.047,0.37,0.259,0.0
0.144,0.16,0.236,0.196,0.0
0.199,0.049,0.247,0.263,0.0
0.156,0.198,0.388,0.204,0.0
0.12,0.179,0.248,0.327,0.0
0.101,0.081,0.281,0.317,0.0
0.148,0.11,0.27,0.26,0.0
0.14,0.153,0.344,0.231,0.0
0.172,0.126,0.236,0.3,0.0
0.134,0.229,0.262,0.257,0.0
0.185,0.131,0.261,0.327,0.0
0.067,0.204,0.256,0.258,0.0
0.199,0.126,0.259,0.286,0.0
0.103,0.181,0.279,0.195,0.0
0.18,0.121,0.252,0.297,0.0
0.257,0.215,0.303,0.221,0.0
0.113,0.175,0.243,0.217,0.0
0.117,0.161,0.231,0.231,0.0
0.058,0.172,0.282,0.3,0.0
0.069,0.131,0.309,0.257,0.0
0.052,0.101,0.28,0.187,0.0
0.123,0.189,0.245,0.215,0.0
0.156,0.089,0.204,0.287,0.0
0.116,0.054,0.27,0.294,0.0
0.139,0.141,0.221,0.305,0.0
0.088,0.172,0.316,0.25,0.0
0.21,0.183,0.22,0.251,0.0
0.092,0.072,0.216,0.271,0.0
0.166,0.174,0.202,0.29,0.0
0.202,0.041,0.224,0.283,0.0
0.173,0.211,0.381,0.223,0.0
0.064,0.133,0.272,0.227,0.0
0.131,0.157,0.363,0.197,0.0
0.182,0.129,0.286,0.204,0.0
0.114,0.108,0.34,0.256,0.0
0.167,0.114,0.183,0.354,0.0
0.133,0.177,0.321,0.236,0.0
0.124,0.102,0.246,0.296,0.0
0.138,0.174,0.244,0.23,0.0
0.178,0.205,0.188,0.241,0.0
0.125,0.19,0.299,0.372,0.0
0.153,0.117,0.257,0.299,0.0
0.225,0.117,0.361,0.315,0.0
0.166,0.124,0.262,0.342,0.0
0.145,0.185,0.251,0.269,0.0
0.11,0.092,0.23,0.302,0.0
0.156,0.072,0.284,0.272,0.0
0.11,0.136,0.204,0.168,0.0
0.036,0.208,0.214,0.276,0.0
0.168,0.092,0.23,0.149,0.0
0.174,0.166,0.384,0.22,0.0
0.056,0.088,0.21,0.332,0.0
0.141,0.098,0.239,0.238,0.0
0.213,0.168,0.225,0.328,0.0
0.163,0.142,0.317,0.318,0.0
0.157,0.021,0.275,0.186,0.0
0.109,0.166,0.267,0.372,0.0
0.027,0.205,0.253,0.211,0.0
0.063,0.07,0.285,0.318,0.0
0.143,0.118,0.211,0.242,0.0
0.099,0.128,0.246,0.264,0.0
0.179,0.131,0.261,0.161,0.0
0.128,0.215,0.252,0.227,0.0
0.09,0.143,0.322,0.325,0.0
0.067,0.122,0.269,0.22,0.0
0.211,0.211,0.249,0.249,0.0
0.108,0.05,0.246,0.284,0.0
0.115,0.182,0.337,0.278,0.0
0.156,0.09,0.226,0.34,0.0
0.046,0.134,0.248,0.326,0.0
0.128,0.05,0.268,0.284,0.0
0.131,0.214,0.323,0.246,0.0
0.104,0.152,0.324,0.168,0.0
0.188,0.055,0.262,0.271,0.0
0.11,0.1,0.322,0.206,0.0
0.195,0.221,0.217,0.231,0.0
0.153,0.09,0.317,0.31,0.0
0.161,0.097,0.269,0.301,0.0
0.176,0.109,0.248,0.277,0.0
0.069,0.08,0.283,0.24,0.0
0.157,0.106,0.317,0.266,0.0
0.116,0.103,0.286,0.289,0.0
0.155,0.1,0.259,0.234,0.0
0.101,0.19,0.327,0.226,0.0
0.247,0.192,0.277,0.244,0.0
0.116,0.102,0.168,0.228,0.0
0.118,0.206,0.274,0.22,0.0
0.195,0.187,0.267,0.289,0.0
0.162,0.13,0.169,0.282,0.0
0.203,0.132,0.269,0.306,0.0
0.162,0.141,0.168,0.377,0.0
0.157,0.184,0.325,0.228,0.0
0.075,0.138,0.253,0.228,0.0
0.15,0.087,0.164,0.279,0.0
0.118,0.123,0.352,0.257,0.0
0.136,0.128,0.278,0.306,0.0
0.0,0.117,0.236,0.237,0.0
0.142,0.152,0.155,0.168,0.0
0.079,0.083,0.225,0.305,0.0
0.22,0.13,0.248,0.23,0.0
0.064,0.104,0.272,0.306,0.0
0.18,0.091,0.346,0.179,0.0
0.047,0.217,0.229,0.221,0.0
0.057,0.095,0.229,0.281,0.0
0.127,0.15,0.235,0.326,0.0
0.201,0.128,0.239,0.362,0.0
0.1,0.161,0.318,0.355,0.0
0.07,0.161,0.278,0.243,0.0
0.195,0.234,0.245,0.276,0.0
0.087,0.183,0.223,0.213,0.0
0.062,0.09,0.28,0.248,0.0
0.134,0.076,0.38,0.272,0.0
0.117,0.078,0.231,0.264,0.0
0.227,0.082,0.245,0.27,0.0
0.125,0.08,0.277,0.254,0.0
0.107,0.165,0.221,0.211,0.0
0.215,0.121,0.221,0.339,0.0
0.052,0.137,0.29,0.212,0.0
0.116,0.131,0.29,0.269,0.0
0.171,0.151,0.309,0.167,0.0
0.108,0.109,0.188,0.219,0.0
0.142,0.079,0.234,0.241,0.0
0.05,0.14,0.298,0.166,0.0
0.046,0.202,0.227,0.224,0.0
0.105,0.127,0.297,0.301,0.0
0.055,0.145,0.251,0.205,0.0
0.101,0.176,0.273,0.288,0.0
0.153,0.09,0.251,0.296,0.0
0.09,0.147,0.198,0.317,0.0
0.162,0.131,0.235,0.303,0.0
0.094,0.161,0.32,0.311,0.0
