0.577,0.502,0.977,0.994,0.001564142
0.785,0.609,0.907,0.997,1.6865e-05
0.429,0.67,0.815,0.801,0.000460665
0.557,0.632,0.777,0.868,0.000245271
0.654,0.622,0.816,1.0,8.3363e-05
0.597,0.635,0.774,0.905,0.000141187
0.481,0.447,0.943,0.837,0.008267884
0.574,0.714,0.73,0.734,9.637e-06
0.456,0.568,0.752,0.864,0.002880122
0.667,0.598,0.977,0.977,0.000127695
0.617,0.607,1.0,1.0,0.000202866
0.478,0.561,0.92,0.785,0.002555826
0.632,0.815,1.0,0.907,9.64e-07
0.663,0.708,0.72,0.958,6.264e-06
0.606,0.675,1.0,0.947,5.7824e-05
0.714,0.883,0.81,0.965,0.0
0.722,0.825,0.876,0.889,0.0
0.817,0.504,0.943,0.934,2.3612e-05
0.56,0.436,1.0,0.774,0.003206347
0.523,0.842,0.879,0.972,1.446e-06
0.533,0.615,0.82,0.979,0.000484277
0.749,0.6,0.779,0.936,7.71e-06
0.6,0.806,0.928,0.886,9.64e-07
0.583,0.609,0.915,0.917,0.000305504
0.666,0.597,0.68,0.829,1.7347e-05
0.665,0.77,1.0,0.842,1.927e-06
0.622,0.77,1.0,0.962,3.855e-06
0.834,0.421,0.926,0.871,2.1202e-05
0.556,0.572,0.968,0.733,0.000804237
0.763,0.622,0.899,0.74,1.7347e-05
0.508,0.703,0.822,1.0,8.4327e-05
0.653,0.652,0.971,0.986,4.6741e-05
0.463,0.518,0.933,0.87,0.005363186
0.542,0.793,0.908,0.833,3.373e-06
0.632,0.566,0.866,0.942,0.000303095
0.512,0.606,0.96,0.642,0.000409106
0.697,0.452,0.923,0.936,0.000389349
0.76,0.767,0.842,0.895,9.64e-07
0.619,0.566,0.746,1.0,0.000323815
0.587,0.724,0.861,0.874,1.6865e-05
0.77,0.729,0.912,1.0,2.409e-06
0.699,0.533,0.835,0.657,0.000181664
0.691,0.585,1.0,0.731,0.000116612
0.656,0.472,0.852,0.732,0.000595588
0.602,0.596,0.872,1.0,0.000297794
0.53,0.749,0.96,1.0,2.4093e-05
0.546,0.528,0.903,0.812,0.001821941
0.547,0.603,0.849,0.959,0.000519935
0.702,0.708,0.926,0.832,7.71e-06
0.808,0.803,0.854,0.873,0.0
0.71,0.822,0.856,0.89,0.0
0.565,0.543,0.575,0.965,0.00016769
0.624,0.528,0.88,0.994,0.000570531
0.559,0.514,0.859,0.776,0.001792547
0.565,0.569,0.763,0.809,0.000761833
0.497,0.713,0.833,0.715,2.409e-06
0.719,0.556,0.935,1.0,0.000116612
0.767,0.443,0.817,0.899,5.3969e-05
0.537,0.759,0.951,0.864,1.7347e-05
0.713,0.681,0.913,0.835,1.3492e-05
0.404,0.629,0.828,0.935,0.001569925
0.707,0.765,0.977,0.851,1.927e-06
0.592,0.78,0.988,0.808,9.64e-07
0.529,0.728,0.859,0.786,2.9394e-05
0.735,0.675,0.739,0.718,0.0
0.623,0.591,0.883,0.837,0.000242861
0.666,0.796,0.878,0.882,0.0
0.63,0.772,0.928,0.994,3.855e-06
0.691,0.6,0.699,0.754,1.301e-05
0.66,0.542,0.72,0.638,0.000143115
0.807,0.569,0.827,0.645,6.746e-06
0.677,0.732,0.799,0.746,2.409e-06
0.885,0.89,0.987,0.96,0.0
0.441,0.478,0.871,0.752,0.010086934
0.6,0.557,0.832,0.773,0.000556075
0.727,0.522,0.847,0.996,0.000132514
0.573,0.646,0.765,0.768,0.000155161
0.703,0.819,0.897,0.823,0.0
0.917,0.623,0.954,0.865,4.82e-07
0.83,0.674,0.844,0.842,9.64e-07
0.749,0.508,0.953,1.0,8.2881e-05
0.65,0.495,0.84,0.92,0.000572941
0.516,0.673,1.0,1.0,0.000162389
0.483,0.51,0.93,0.916,0.004777717
0.531,0.446,0.925,0.686,0.00438114
0.627,0.639,0.707,0.759,5.9752e-05
0.635,0.63,1.0,0.636,1.0119e-05
0.535,0.831,0.885,0.921,1.927e-06
0.512,0.84,0.986,0.965,1.927e-06
0.573,0.749,0.871,0.755,9.64e-07
0.723,0.758,0.783,0.825,9.64e-07
0.762,0.767,0.912,0.957,1.927e-06
0.335,0.584,0.755,0.742,0.00671627
0.876,0.502,1.0,0.926,8.674e-06
0.663,0.43,0.847,0.919,0.000663532
0.635,0.696,1.0,1.0,2.4575e-05
0.429,0.578,0.893,1.0,0.003450172
0.692,0.688,0.708,1.0,1.927e-06
0.662,0.688,1.0,0.966,2.2648e-05
0.61,0.775,0.969,0.955,3.855e-06
0.768,0.559,0.83,0.937,2.6021e-05
0.587,0.532,0.935,0.917,0.000993129
0.649,0.651,0.711,0.687,1.3974e-05
0.431,0.701,0.875,0.891,0.000222623
0.634,0.748,1.0,0.87,4.819e-06
0.557,0.383,1.0,0.849,0.003710862
0.782,0.658,0.868,1.0,5.301e-06
0.884,0.846,0.994,0.916,0.0
0.734,0.628,0.845,1.0,2.4575e-05
0.661,0.513,0.801,1.0,0.000376339
0.772,0.462,1.0,0.802,6.7943e-05
0.566,0.68,0.95,0.912,7.6617e-05
0.648,0.661,0.852,0.811,3.8549e-05
0.568,0.823,0.962,0.967,1.446e-06
0.53,0.784,0.968,0.958,6.746e-06
0.532,0.684,0.694,0.844,8.9145e-05
0.56,0.435,0.786,0.917,0.003150932
0.607,0.709,0.949,0.868,2.4575e-05
0.71,0.592,0.736,0.94,3.7586e-05
0.649,0.582,0.687,1.0,6.1679e-05
0.466,0.585,0.634,1.0,0.001681236
0.505,0.566,0.705,0.902,0.001617148
0.576,0.732,0.644,0.808,7.228e-06
0.409,0.738,0.733,0.966,0.000118058
0.43,0.618,0.854,0.94,0.001561733
0.417,0.673,0.867,0.957,0.000478976
0.617,0.693,0.999,1.0,3.084e-05
0.69,0.526,0.818,0.92,0.000236597
0.701,0.671,1.0,0.693,5.301e-06
0.683,0.722,0.937,1.0,6.746e-06
0.829,0.73,1.0,0.96,1.927e-06
0.678,0.682,0.868,0.88,1.8793e-05
0.478,0.683,0.824,0.764,0.000162871
0.567,0.831,0.831,0.937,1.446e-06
0.783,0.72,1.0,0.722,4.82e-07
0.667,0.796,0.811,0.825,0.0
0.481,0.48,0.971,0.901,0.006516295
0.614,0.651,0.878,0.801,8.9145e-05
0.645,0.457,0.751,0.867,0.000664495
0.433,0.69,0.915,1.0,0.000287193
0.758,0.71,0.764,0.974,0.0
0.624,0.649,0.772,0.889,7.1798e-05
0.558,0.653,0.93,0.919,0.000170581
0.602,0.705,0.982,0.769,2.4093e-05
0.559,0.619,0.686,0.933,0.000253944
0.588,0.657,0.654,1.0,6.457e-05
0.656,0.621,1.0,1.0,9.3482e-05
0.673,0.537,0.681,0.931,2.3612e-05
0.719,0.544,0.743,0.942,6.4088e-05
0.764,0.795,0.822,0.816,0.0
0.755,0.686,0.846,0.896,5.301e-06
0.498,0.662,0.84,0.768,0.000240452
0.641,0.887,0.957,0.986,0.0
0.766,0.687,0.844,0.747,3.373e-06
0.509,0.648,0.765,0.786,0.00031466
0.706,0.647,0.93,0.764,2.5539e-05
0.597,0.649,1.0,0.653,8.192e-06
0.702,0.742,1.0,0.966,2.409e-06
0.571,0.775,1.0,0.791,4.337e-06
0.613,0.804,0.913,0.864,4.82e-07
0.633,0.47,1.0,0.866,0.000833149
0.646,0.752,0.932,0.833,3.855e-06
0.78,0.781,0.804,0.971,0.0
0.617,0.634,0.907,1.0,0.00012384
0.589,0.861,0.787,0.931,4.82e-07
0.644,0.528,0.716,0.694,0.00025539
0.704,0.485,0.788,0.787,0.000252017
0.643,0.836,0.873,1.0,9.64e-07
0.495,0.563,0.693,0.901,0.001913014
0.791,0.725,0.925,0.933,2.409e-06
0.903,0.62,0.938,0.71,4.82e-07
0.801,0.509,0.931,0.789,3.2767e-05
0.57,0.638,0.92,0.848,0.000204794
0.453,0.495,0.681,0.859,0.007351372
0.626,0.614,0.842,0.9,0.000148415
0.673,0.639,0.925,1.0,5.5415e-05
0.626,0.566,0.997,0.604,0.000153716
0.639,0.695,0.827,0.743,1.3492e-05
0.515,0.754,0.851,1.0,2.5539e-05
0.766,0.807,0.81,0.825,0.0
0.427,0.565,0.803,0.764,0.004223087
0.521,0.682,0.785,1.0,0.000114203
0.568,0.463,0.726,0.815,0.002151539
0.635,0.659,1.0,0.911,5.3969e-05
0.698,0.742,0.864,0.748,0.0
0.682,0.694,1.0,0.854,1.3492e-05
0.633,0.477,0.989,0.925,0.000807128
0.376,0.544,0.832,0.976,0.009825762
0.626,0.672,1.0,0.796,4.7223e-05
0.505,0.656,0.987,0.844,0.000290084
0.622,0.819,0.728,0.885,9.64e-07
0.533,0.643,0.793,0.817,0.000265991
0.651,0.624,1.0,0.92,9.3482e-05
0.806,0.758,0.893,1.0,9.64e-07
0.604,0.561,0.648,1.0,0.00023226
0.729,0.479,0.937,0.856,0.000180218
0.665,0.691,0.815,0.875,1.5902e-05
0.685,0.592,0.789,0.778,9.8783e-05
0.542,0.577,1.0,1.0,0.000906875
0.726,0.554,0.804,0.927,8.1917e-05
0.57,0.432,1.0,0.926,0.002720624
0.43,0.449,0.793,0.885,0.01452638
0.642,0.599,0.688,0.691,5.3487e-05
0.712,0.671,0.808,0.973,1.0119e-05
0.55,0.643,1.0,0.988,0.000224068
0.769,0.783,0.795,0.82,0.0
0.522,0.582,0.838,0.702,0.001002285
0.837,0.664,0.956,0.932,2.891e-06
0.806,0.509,0.83,0.959,1.2529e-05
0.786,0.541,0.802,0.906,1.0119e-05
0.628,0.649,1.0,0.895,7.7099e-05
0.684,0.939,0.886,0.959,0.0
0.448,0.546,0.926,0.826,0.004441855
0.567,0.66,1.0,0.786,0.000125286
0.515,0.745,0.853,1.0,2.7948e-05
0.701,0.622,0.705,1.0,2.409e-06
0.572,0.715,1.0,0.815,2.6985e-05
0.677,0.624,0.985,0.986,7.1798e-05
0.769,0.676,0.797,0.689,0.0
0.597,0.665,0.665,0.807,4.385e-05
0.526,0.493,0.768,0.741,0.003324886
0.717,0.886,1.0,0.974,0.0
0.537,0.519,0.847,0.933,0.002235384
0.651,0.524,1.0,0.956,0.000422598
0.667,0.638,1.0,1.0,5.686e-05
0.593,0.465,1.0,0.873,0.001570888
0.476,0.663,0.93,1.0,0.000337789
0.734,0.482,0.84,0.804,0.000149379
0.573,0.435,0.967,0.819,0.00258281
0.705,0.471,0.711,0.939,2.8912e-05
0.712,0.641,0.861,0.911,3.1803e-05
0.42,0.726,0.788,0.877,0.000136369
0.615,0.623,1.0,1.0,0.000155161
0.696,0.615,0.742,0.917,3.9995e-05
0.83,0.519,0.866,0.979,8.674e-06
0.496,0.665,0.814,0.946,0.000249607
0.618,0.721,0.954,0.789,1.5902e-05
0.742,0.743,0.826,0.875,9.64e-07
0.776,0.629,0.784,0.813,9.64e-07
0.873,0.616,0.889,0.714,0.0
0.566,0.601,0.888,1.0,0.000438981
0.699,0.725,0.887,0.847,4.819e-06
0.612,0.531,0.988,0.871,0.00066305
0.594,0.557,0.701,0.755,0.000462111
0.67,0.595,0.814,0.671,9.3482e-05
0.555,0.604,0.999,1.0,0.000476085
0.527,0.477,0.915,0.977,0.003772059
0.625,0.561,0.847,1.0,0.000362846
0.797,0.379,0.805,0.871,1.1565e-05
0.492,0.403,0.95,0.795,0.008766135
0.688,0.633,0.986,1.0,5.0596e-05
0.681,0.506,1.0,0.984,0.000333934
0.534,0.6,0.794,1.0,0.000636065
0.605,0.824,0.861,0.856,4.82e-07
0.625,0.663,1.0,0.999,5.9752e-05
0.5,0.67,0.916,0.878,0.000212985
0.73,0.706,0.926,0.95,6.746e-06
0.711,0.588,0.848,0.75,8.2399e-05
0.774,0.53,0.85,0.998,3.4694e-05
0.77,0.774,0.796,0.817,0.0
0.696,0.824,0.706,0.85,0.0
0.41,0.765,0.858,0.785,2.7948e-05
0.538,0.604,0.842,0.771,0.000558966
0.685,0.558,0.727,0.94,9.7819e-05
0.651,0.742,1.0,0.808,4.337e-06
0.524,0.679,0.81,0.927,0.000120467
0.605,0.664,1.0,0.807,7.0353e-05
0.702,0.584,0.72,1.0,2.6985e-05
0.682,0.674,0.767,0.894,1.542e-05
0.636,0.659,0.924,0.803,5.156e-05
0.53,0.513,0.954,0.889,0.002616059
0.488,0.58,0.894,0.712,0.001560769
0.484,0.43,0.972,0.714,0.008517973
0.444,0.544,0.902,0.896,0.004781572
0.47,0.498,0.868,0.8,0.006213682
0.584,0.58,0.74,0.807,0.000447655
0.635,0.63,0.829,0.906,9.3e-05
0.4,0.768,0.868,0.796,2.8912e-05
0.528,0.579,0.968,1.0,0.001054326
0.49,0.52,0.574,0.861,0.002579437
0.488,0.72,0.79,0.884,7.1316e-05
0.773,0.602,0.926,0.612,3.373e-06
0.74,0.642,0.885,0.75,1.6383e-05
0.593,0.613,1.0,0.853,0.000240452
0.765,0.638,0.857,0.956,9.637e-06
0.714,0.555,0.835,0.733,0.000119503
0.499,0.721,0.695,0.811,5.2042e-05
0.487,0.807,0.97,0.913,7.71e-06
0.415,0.607,0.885,0.611,0.000185037
0.612,0.545,0.926,0.911,0.000555111
0.833,0.53,1.0,0.82,1.542e-05
0.729,0.698,0.735,0.928,9.64e-07
0.695,0.722,0.749,1.0,9.64e-07
0.606,0.453,0.922,0.852,0.001356939
0.601,0.696,0.651,0.728,1.1565e-05
0.621,0.617,0.758,1.0,0.000135405
0.617,0.491,0.885,0.881,0.000919885
0.748,0.531,0.952,1.0,7.0353e-05
0.693,0.554,1.0,1.0,0.000185037
0.589,0.658,1.0,0.888,0.000101674
0.704,0.554,0.748,0.907,0.000100228
0.582,0.692,0.762,1.0,4.0959e-05
0.576,0.872,0.814,1.0,1.446e-06
0.575,0.594,0.917,1.0,0.000456329
0.676,0.552,0.805,0.932,0.000207203
0.597,0.671,0.987,0.761,6.1197e-05
0.646,0.627,0.854,0.833,9.0591e-05
0.737,0.682,0.957,0.864,9.155e-06
0.538,0.741,0.952,0.987,2.5057e-05
0.434,0.706,0.828,0.858,0.000194193
0.743,0.441,0.901,0.853,0.000146488
0.623,0.514,0.635,0.962,9.3e-05
0.498,0.644,0.972,0.848,0.000410069
0.716,0.414,0.964,0.834,0.000353691
0.756,0.477,0.998,0.914,8.6736e-05
0.674,0.734,0.896,0.738,1.446e-06
0.675,0.653,0.867,0.986,3.6622e-05
0.455,0.743,0.927,1.0,7.1798e-05
0.662,0.664,0.732,0.884,2.1684e-05
0.587,0.683,0.903,0.839,5.5897e-05
0.742,0.814,0.928,0.926,0.0
0.63,0.61,0.862,0.81,0.000154679
0.639,0.81,0.944,0.834,0.0
0.519,0.543,0.943,0.848,0.002101424
0.705,0.603,0.857,0.955,6.8425e-05
0.832,0.699,0.989,0.9,2.891e-06
0.603,0.76,0.791,0.998,4.819e-06
0.584,0.905,1.0,1.0,9.64e-07
0.564,0.365,0.79,0.689,0.003185626
0.619,0.654,0.967,1.0,7.6617e-05
0.62,0.537,0.755,0.755,0.000497287
0.566,0.617,1.0,0.957,0.000314178
0.662,0.544,0.94,0.986,0.00029153
0.64,0.69,1.0,0.972,2.4575e-05
0.574,0.542,0.814,0.718,0.001019632
0.689,0.606,0.857,1.0,8.9145e-05
0.522,0.684,0.822,0.876,0.000109384
0.693,0.444,0.723,0.898,0.000179737
0.625,0.765,0.683,0.873,1.446e-06
0.691,0.651,0.763,1.0,2.313e-05
0.649,0.692,0.853,0.95,1.9757e-05
0.819,0.662,0.897,0.98,3.855e-06
0.436,0.656,0.796,0.736,0.00055222
0.618,0.69,1.0,0.832,3.4213e-05
0.431,0.505,0.695,0.935,0.008644704
0.5,0.644,0.912,1.0,0.000401878
0.622,0.69,0.898,0.766,3.0358e-05
0.582,0.588,1.0,0.938,0.000459702
0.52,0.529,0.682,0.88,0.002202135
0.502,0.544,0.774,0.988,0.00249511
0.703,0.513,0.814,0.925,0.000209612
0.677,0.673,0.831,0.895,2.0238e-05
0.693,0.618,0.751,0.924,4.4814e-05
0.429,0.943,0.911,1.0,9.64e-07
0.756,0.475,1.0,0.803,8.77e-05
0.635,0.436,0.749,0.85,0.000868325
0.473,0.46,0.831,0.764,0.008129588
0.779,0.802,0.817,0.868,0.0
0.747,0.705,0.755,0.749,0.0
0.738,0.42,0.9,0.892,0.000179255
0.674,0.496,0.792,0.93,0.000360919
0.572,0.691,0.948,1.0,5.4933e-05
0.758,0.768,0.808,0.87,9.64e-07
0.577,0.622,0.931,0.746,0.000238524
0.675,0.517,0.851,0.957,0.000319478
0.525,0.693,0.967,0.903,8.3363e-05
0.795,0.571,0.85,0.786,1.9275e-05
0.816,0.714,0.836,0.802,4.82e-07
0.647,0.654,1.0,0.718,3.9995e-05
0.627,0.813,0.791,0.849,4.82e-07
0.378,0.549,0.86,1.0,0.008961291
0.606,0.582,0.658,0.924,0.000181182
0.56,0.658,0.886,0.806,0.000143115
0.411,0.608,0.871,0.963,0.002291762
0.548,0.463,0.95,0.639,0.00288976
0.612,0.571,0.882,1.0,0.000382121
0.713,0.585,0.717,0.975,8.192e-06
0.687,0.792,0.789,0.84,0.0
0.869,0.437,0.883,0.927,5.782e-06
0.722,0.511,0.798,0.841,0.00013155
0.573,0.595,0.757,0.791,0.000426453
0.745,0.654,0.877,1.0,1.0601e-05
0.679,0.636,0.727,1.0,2.6985e-05
0.685,0.525,0.817,0.849,0.000256354
0.695,0.514,0.703,0.832,3.1321e-05
0.49,0.758,0.962,0.968,3.2285e-05
0.83,0.554,1.0,1.0,1.2529e-05
0.579,0.505,0.819,0.805,0.001446566
0.711,0.714,0.739,1.0,4.82e-07
0.615,0.686,0.925,0.874,4.0959e-05
0.745,0.636,0.849,0.926,1.4938e-05
0.533,0.499,0.893,0.945,0.002919636
0.523,0.632,0.895,0.749,0.000358509
0.749,0.658,0.777,0.816,3.855e-06
0.667,0.536,0.716,0.866,0.000143115
0.675,0.664,1.0,0.712,1.9275e-05
0.508,0.718,0.87,0.842,6.0715e-05
0.546,0.506,0.921,0.956,0.002337058
0.77,0.633,0.802,0.885,4.337e-06
0.607,0.54,0.951,0.798,0.000657749
0.662,0.583,0.746,1.0,0.000130104
0.59,0.607,0.727,0.94,0.000243343
0.522,0.695,0.854,0.911,8.0472e-05
0.759,0.504,1.0,0.944,7.228e-05
0.496,0.622,0.836,0.798,0.000650039
0.577,0.757,0.954,0.833,6.264e-06
0.406,0.58,0.76,0.982,0.004186465
0.448,0.969,0.914,1.0,9.64e-07
0.527,0.685,0.876,0.793,9.9747e-05
0.687,0.565,0.901,0.725,0.000164317
0.796,0.504,0.868,0.762,3.1321e-05
0.702,0.495,0.838,0.737,0.000268882
0.74,0.662,0.996,0.802,1.2529e-05
0.604,0.457,0.716,0.924,0.001085166
0.756,0.617,1.0,0.893,2.2648e-05
0.612,0.736,0.898,1.0,9.637e-06
0.699,0.65,0.731,0.68,5.782e-06
0.681,0.51,0.691,0.802,4.0477e-05
0.611,0.526,0.939,0.886,0.000704009
0.716,0.593,1.0,0.841,7.0835e-05
0.663,0.798,0.923,0.88,4.82e-07
0.565,0.864,0.839,0.87,0.0
0.545,0.737,0.985,0.915,2.2648e-05
0.501,0.517,0.927,0.896,0.003600996
0.615,0.779,0.791,0.811,0.0
0.697,0.8,0.739,0.9,0.0
0.824,0.518,0.854,0.816,9.155e-06
0.734,0.673,1.0,0.839,9.155e-06
0.586,0.818,0.918,0.818,0.0
0.626,0.757,0.892,0.965,4.337e-06
0.699,0.692,0.767,0.954,7.228e-06
0.575,0.718,0.807,1.0,2.1684e-05
0.744,0.653,0.815,0.972,7.71e-06
0.688,0.752,0.724,0.952,4.82e-07
0.645,0.598,0.875,0.792,0.000159016
0.48,0.546,0.864,0.954,0.003164906
0.737,0.755,0.837,0.771,0.0
0.737,0.774,0.893,0.776,0.0
0.63,0.683,1.0,0.775,3.2285e-05
0.699,0.449,0.809,0.901,0.000352727
0.748,0.595,0.992,1.0,3.2285e-05
0.677,0.681,0.907,0.697,7.228e-06
0.416,0.512,0.893,0.856,0.009826243
0.696,0.607,0.932,1.0,7.8063e-05
0.752,0.754,0.78,0.903,9.64e-07
0.638,0.449,0.977,0.856,0.00089531
0.809,0.794,0.909,0.861,0.0
0.543,0.635,0.588,0.833,0.000119985
0.482,0.674,0.808,0.722,0.000159016
0.864,0.593,0.92,0.901,1.927e-06
0.526,0.716,1.0,0.98,5.156e-05
0.554,0.544,1.0,0.93,0.001315017
0.491,0.793,0.852,0.795,4.82e-07
0.471,0.668,0.927,1.0,0.000319478
0.628,0.686,0.938,0.77,3.1803e-05
0.509,0.647,0.723,0.831,0.000314178
0.414,0.654,0.88,0.958,0.000834595
0.734,0.794,0.756,0.914,0.0
0.652,0.74,0.854,0.906,4.337e-06
0.618,0.452,0.874,0.908,0.001130461
0.623,0.688,0.755,0.796,2.7466e-05
0.578,0.735,0.9,1.0,1.542e-05
0.705,0.627,0.875,0.879,4.2404e-05
0.807,0.528,0.815,1.0,4.337e-06
0.711,0.595,0.745,0.95,4.2886e-05
0.599,0.645,0.995,0.737,0.000112275
0.755,0.679,0.857,1.0,6.264e-06
0.798,0.8,1.0,0.858,0.0
0.545,0.455,0.876,0.898,0.003473783
0.603,0.65,0.94,0.846,9.9265e-05
0.556,0.832,1.0,0.89,1.446e-06
0.598,0.632,0.98,0.674,9.1073e-05
0.797,0.617,1.0,0.891,1.5902e-05
0.58,0.634,0.64,1.0,0.000106975
0.622,0.448,0.916,0.804,0.001106368
0.628,0.465,0.7,0.909,0.000563785
0.52,0.597,0.82,0.991,0.000814356
0.6,0.849,0.786,0.877,4.82e-07
0.376,0.636,0.728,0.892,0.001605101
0.736,0.642,0.842,1.0,1.4938e-05
0.742,0.66,0.778,1.0,4.819e-06
0.666,0.656,1.0,0.888,3.7586e-05
0.665,0.698,0.756,0.754,9.637e-06
0.545,0.485,0.805,0.907,0.002836754
0.496,0.489,0.923,0.657,0.004788318
0.586,0.652,0.902,0.758,0.000114684
0.805,0.596,0.857,1.0,1.0601e-05
0.485,0.607,0.985,0.771,0.000997948
0.486,0.392,0.828,0.854,0.009434003
0.529,0.576,0.987,0.868,0.001089984
0.785,0.675,0.867,0.881,4.819e-06
0.599,0.557,0.915,0.763,0.000572941
0.826,0.653,0.86,0.785,1.927e-06
0.62,0.585,0.714,0.825,0.000191783
0.711,0.648,0.791,0.922,1.8311e-05
0.428,0.737,0.65,0.743,8.674e-06
0.678,0.742,0.796,0.858,2.891e-06
0.548,0.566,0.906,0.824,0.001002766
0.511,0.716,0.993,1.0,6.5534e-05
0.511,0.577,0.695,1.0,0.001235027
0.665,0.531,0.957,0.707,0.000318033
0.665,0.64,0.745,0.75,3.9031e-05
0.566,0.583,1.0,1.0,0.000615827
0.574,0.796,0.953,1.0,2.409e-06
0.58,0.629,0.964,0.737,0.000193711
0.538,0.514,0.816,0.962,0.00233513
0.541,0.668,0.912,1.0,0.000135405
0.637,0.78,1.0,0.87,1.446e-06
0.696,0.546,0.938,0.97,0.000187928
0.613,0.494,0.965,0.896,0.00094446
0.613,0.449,0.879,0.745,0.001232617
0.642,0.595,1.0,1.0,0.000174436
0.763,0.655,0.914,1.0,8.674e-06
0.565,0.662,0.953,0.842,0.000120467
0.55,0.444,0.823,0.926,0.003494985
0.673,0.67,0.783,0.735,1.7829e-05
0.603,0.56,0.945,0.91,0.000520417
0.561,0.702,0.987,0.724,2.0238e-05
0.638,0.602,0.948,0.79,0.000160462
0.616,0.721,1.0,1.0,1.6865e-05
0.546,0.589,0.748,1.0,0.000654376
0.568,0.525,0.71,0.763,0.001213824
0.55,0.574,0.972,1.0,0.00087218
0.699,0.612,0.821,0.908,6.1197e-05
0.837,0.583,0.843,0.867,0.0
0.627,0.792,0.985,0.823,0.0
0.464,0.619,0.746,0.663,0.00059848
0.672,0.629,0.974,0.823,6.5052e-05
0.527,0.586,0.695,0.762,0.000789781
0.603,0.528,0.81,0.858,0.000769061
0.512,0.613,0.99,0.837,0.000666905
0.484,0.695,0.832,1.0,0.000138296
0.531,0.591,0.879,1.0,0.000793154
0.563,0.609,0.705,0.835,0.000331525
0.757,0.666,0.831,0.676,4.82e-07
0.644,0.498,0.713,0.708,0.000361883
0.711,0.513,0.791,0.973,0.000166726
0.555,0.769,0.829,0.926,1.0119e-05
0.71,0.56,0.802,0.865,0.000107938
0.632,0.445,0.854,0.855,0.000973372
0.729,0.81,0.855,0.829,0.0
0.697,0.696,1.0,0.928,1.1083e-05
0.664,0.608,0.88,0.888,0.000112275
0.729,0.38,0.927,0.854,0.000258763
0.74,0.67,0.786,0.962,3.855e-06
0.675,0.773,0.754,0.987,0.0
0.626,0.388,0.868,0.864,0.00120756
0.779,0.804,0.871,0.968,0.0
0.663,0.638,0.891,0.782,5.9752e-05
0.659,0.629,0.835,0.837,6.8425e-05
0.55,0.56,1.0,0.948,0.001072637
0.533,0.444,0.914,0.928,0.004427881
0.755,0.502,0.913,0.933,7.9026e-05
0.742,0.42,0.901,0.774,0.000152752
0.692,0.512,0.902,0.806,0.000274183
0.515,0.628,0.735,0.792,0.000427898
0.701,0.489,0.975,0.983,0.000305022
0.65,0.891,0.796,0.907,0.0
0.529,0.583,0.965,0.885,0.000960362
0.551,0.593,1.0,0.823,0.000606671
0.647,0.622,0.811,0.807,9.0591e-05
0.772,0.549,0.858,0.913,3.2767e-05
0.699,0.508,0.783,0.992,0.000205757
0.582,0.651,1.0,1.0,0.00013155
0.669,0.394,1.0,0.856,0.00067847
0.582,0.75,0.988,0.788,7.228e-06
0.707,0.576,0.757,0.966,7.1316e-05
0.557,0.706,0.759,0.706,0.0
0.712,0.871,0.762,0.885,0.0
0.558,0.652,0.591,0.718,4.8669e-05
0.638,0.436,0.886,0.91,0.000955062
0.678,0.607,0.836,1.0,9.6855e-05
0.687,0.713,0.751,0.763,2.891e-06
0.564,0.8,0.81,0.858,1.927e-06
0.601,0.603,0.903,0.717,0.000243825
0.721,0.425,0.761,0.911,0.000182146
0.825,0.468,0.869,0.964,1.0601e-05
0.553,0.837,0.713,0.873,9.64e-07
0.477,0.624,0.892,0.981,0.000774843
0.655,0.659,0.787,0.972,3.2767e-05
0.783,0.6,0.839,0.971,1.542e-05
0.726,0.671,1.0,0.791,1.1565e-05
0.428,0.736,0.926,0.89,0.000104083
0.663,0.57,1.0,0.86,0.000200939
0.659,0.731,0.937,0.749,3.855e-06
0.505,0.729,0.955,0.749,1.6383e-05
0.386,0.572,0.775,0.784,0.005705794
0.469,0.695,0.791,0.783,0.000145524
0.471,0.689,0.943,0.925,0.000185037
0.739,0.481,0.861,0.821,0.000125286
0.409,0.56,0.887,0.934,0.005694229
0.643,0.688,0.939,0.786,2.5057e-05
0.739,0.835,0.857,0.841,0.0
0.506,0.53,0.984,1.0,0.002899879
0.73,0.74,0.902,1.0,1.927e-06
0.543,0.632,0.963,0.84,0.000302131
0.759,0.712,0.963,0.85,4.819e-06
0.621,0.82,0.675,0.852,4.82e-07
0.486,0.637,0.828,0.825,0.000529091
0.493,0.573,0.889,1.0,0.001812786
0.722,0.351,0.784,0.849,0.000227923
0.672,0.558,0.824,0.946,0.000207685
0.651,0.655,0.974,1.0,4.5777e-05
0.506,0.571,0.886,0.698,0.00149909
0.586,0.803,0.802,0.835,0.0
0.581,0.506,0.653,0.794,0.000911212
0.733,0.5,0.935,0.732,0.000145042
0.67,0.715,1.0,0.875,9.637e-06
0.689,0.751,0.827,0.815,1.446e-06
0.527,0.825,0.689,0.835,4.82e-07
0.517,0.603,0.639,0.843,0.000600889
0.553,0.523,0.912,0.883,0.00175207
0.45,0.449,0.907,0.819,0.011523381
0.553,0.282,0.743,0.68,0.003682914
0.568,0.769,0.956,0.916,6.746e-06
0.616,0.596,0.622,1.0,1.9757e-05
0.539,0.514,0.666,0.986,0.001956864
0.725,0.532,0.861,0.938,0.00013155
0.466,0.61,0.95,1.0,0.001198887
0.542,0.534,0.958,1.0,0.001765563
0.556,0.518,0.714,0.756,0.001567515
0.551,0.691,0.891,1.0,6.7461e-05
0.749,0.864,0.763,0.884,0.0
0.587,0.605,0.837,0.721,0.000292012
0.761,0.838,0.779,0.904,0.0
0.62,0.51,1.0,0.934,0.000731957
0.658,0.596,0.698,1.0,5.6379e-05
0.69,0.74,0.804,0.79,1.927e-06
0.679,0.609,1.0,1.0,9.7819e-05
0.8,0.597,1.0,1.0,1.6383e-05
0.618,0.691,0.658,0.725,7.71e-06
0.5,0.669,0.996,0.735,0.000173472
0.506,0.642,0.788,0.694,0.000276592
0.662,0.483,1.0,0.972,0.000525236
0.792,0.601,0.898,0.907,1.7829e-05
0.615,0.501,1.0,0.959,0.000857242
0.842,0.509,0.94,0.995,1.3974e-05
0.652,0.778,0.824,0.837,4.82e-07
0.427,0.521,0.789,0.869,0.007762886
0.823,0.449,0.823,0.836,0.0
0.697,0.45,0.835,0.834,0.000380194
0.564,0.401,0.87,0.523,0.001763153
0.565,0.573,0.81,0.909,0.000734848
0.518,0.56,0.952,1.0,0.001618111
0.665,0.624,0.793,0.786,6.3607e-05
0.695,0.587,0.787,1.0,9.0591e-05
0.649,0.74,0.809,1.0,4.337e-06
0.558,0.843,0.984,0.937,1.446e-06
0.744,0.643,0.772,0.701,4.337e-06
0.672,0.856,0.811,0.934,0.0
0.604,0.607,0.972,1.0,0.000240452
0.789,0.643,0.88,0.971,9.155e-06
0.742,0.673,0.818,1.0,4.819e-06
0.751,0.758,0.789,0.784,9.64e-07
0.646,0.643,0.747,0.959,5.3969e-05
0.622,0.626,0.688,0.818,6.9871e-05
0.495,0.611,0.89,0.881,0.000841341
0.495,0.418,0.618,0.906,0.00707237
0.57,0.517,0.618,0.897,0.000800382
0.598,0.437,1.0,0.933,0.001727495
0.722,0.683,1.0,0.776,9.637e-06
0.731,0.738,1.0,0.91,1.927e-06
0.706,0.566,0.78,0.926,9.5892e-05
0.441,0.492,0.763,0.664,0.008569051
0.793,0.593,0.809,1.0,6.746e-06
0.532,0.539,0.772,0.961,0.001830615
0.663,0.42,1.0,0.854,0.000682324
0.704,0.532,0.726,0.698,6.698e-05
0.556,0.672,0.926,1.0,0.00010312
0.487,0.481,0.925,0.859,0.006041174
0.864,0.458,0.892,0.904,7.228e-06
0.587,0.742,0.845,0.906,1.0119e-05
0.441,0.409,0.909,0.77,0.016011977
0.738,0.586,0.832,0.966,4.1922e-05
0.583,0.657,0.911,0.751,0.00010312
0.689,0.741,0.872,0.957,1.927e-06
0.585,0.665,0.871,0.73,7.1798e-05
0.606,0.718,0.856,0.89,1.6865e-05
0.645,0.526,0.835,0.924,0.000429344
0.733,0.619,0.857,0.901,3.084e-05
0.747,0.493,0.775,0.866,4.1922e-05
0.647,0.562,0.791,0.81,0.000244789
0.607,0.762,1.0,0.846,4.819e-06
0.819,0.661,0.982,1.0,3.855e-06
0.704,0.504,0.748,0.81,0.00015998
0.568,0.644,1.0,0.872,0.00018311
0.902,0.499,0.934,0.927,2.409e-06
0.51,0.831,0.994,0.877,1.927e-06
0.867,0.771,0.881,0.803,9.64e-07
0.756,0.787,0.798,0.857,0.0
0.586,0.646,0.896,0.768,0.000136369
0.452,0.574,0.894,0.798,0.002774112
0.659,0.625,0.909,0.768,7.9026e-05
0.658,0.618,0.68,0.962,1.8793e-05
0.679,0.547,0.799,1.0,0.000204312
0.728,0.798,1.0,1.0,0.0
0.522,0.78,0.996,1.0,9.637e-06
0.473,0.526,0.914,1.0,0.004445228
0.681,0.557,0.801,1.0,0.000177809
0.661,0.821,0.867,0.921,9.64e-07
0.68,0.801,0.698,0.933,0.0
0.629,0.463,0.749,0.937,0.000800864
0.516,0.65,0.976,0.666,9.3482e-05
0.577,0.78,1.0,0.906,1.927e-06
0.565,0.627,0.712,0.933,0.000218768
0.713,0.643,0.907,1.0,3.0358e-05
0.706,0.5,0.88,0.75,0.00023997
0.525,0.625,1.0,0.692,0.000358509
0.727,0.71,0.837,0.982,3.855e-06
0.806,0.87,0.872,0.951,0.0
0.615,0.736,0.946,1.0,9.637e-06
0.77,0.703,0.774,0.837,4.82e-07
0.504,0.732,0.84,0.866,4.3368e-05
0.354,0.726,0.853,0.752,0.000104565
0.654,0.873,0.803,0.931,4.82e-07
0.648,0.566,1.0,1.0,0.00025298
0.511,0.54,0.919,0.964,0.002414638
0.584,0.554,1.0,0.688,0.000705936
0.649,0.687,0.849,0.693,5.301e-06
0.654,0.531,0.796,0.943,0.000351281
0.473,0.551,0.767,0.932,0.003146113
0.55,0.646,0.844,1.0,0.000209612
0.407,0.477,0.785,0.869,0.01541398
0.479,0.745,0.827,0.801,3.4694e-05
0.61,0.602,0.824,0.914,0.000238524
0.569,0.487,0.948,0.925,0.002034927
0.563,0.621,0.625,0.738,0.000152752
0.779,0.613,0.817,0.891,8.192e-06
0.4,0.624,0.9,0.768,0.001739542
0.53,0.659,0.914,0.777,0.000191301
0.533,0.622,0.795,0.638,0.000108902
0.733,0.568,1.0,0.908,7.228e-05
0.788,0.551,0.794,1.0,1.446e-06
0.782,0.544,0.79,0.898,3.373e-06
0.686,0.657,0.878,0.895,2.843e-05
0.702,0.596,0.855,0.761,7.7099e-05
0.776,0.81,1.0,0.815,0.0
0.6,0.607,0.976,1.0,0.000253462
0.63,0.712,0.918,0.968,1.8311e-05
0.696,0.553,0.932,1.0,0.000179737
0.597,0.747,0.931,0.835,5.782e-06
0.512,0.527,1.0,0.807,0.002793386
0.625,0.711,0.773,1.0,1.5902e-05
0.686,0.772,1.0,0.825,1.927e-06
0.556,0.615,0.708,1.0,0.000314178
0.36,0.646,0.752,0.916,0.001485598
0.591,0.68,0.973,0.826,5.7342e-05
0.51,0.714,0.854,0.848,6.3125e-05
0.658,0.582,0.842,1.0,0.000173954
0.773,0.768,0.849,0.79,0.0
0.623,0.667,0.885,1.0,5.4451e-05
0.592,0.645,0.98,0.952,0.000130104
0.494,0.604,0.91,1.0,0.000983974
0.511,0.482,0.775,0.948,0.004419689
0.596,0.702,0.736,1.0,2.6985e-05
0.883,0.772,0.915,0.792,0.0
0.683,0.867,0.821,1.0,0.0
0.441,0.749,0.529,0.953,4.915e-05
0.509,0.472,0.709,0.756,0.004544493
0.513,0.573,0.765,0.741,0.001360794
0.73,0.7,0.772,0.889,2.409e-06
0.75,0.739,0.812,0.875,9.64e-07
0.817,0.669,0.817,0.718,0.0
0.633,0.64,0.747,0.724,6.2643e-05
0.504,0.776,0.894,0.81,9.637e-06
0.627,0.703,0.754,0.897,1.8311e-05
0.818,0.699,0.926,0.797,3.373e-06
0.653,0.542,0.687,0.574,5.2042e-05
0.516,0.718,0.988,0.923,5.5897e-05
0.678,0.718,0.948,0.732,2.409e-06
0.734,0.596,0.778,0.658,1.6383e-05
0.641,0.71,0.903,0.906,1.4938e-05
0.661,0.553,0.793,0.743,0.00023997
0.765,0.61,0.775,0.864,1.927e-06
0.592,0.714,0.9,0.852,2.2166e-05
0.806,0.825,0.857,1.0,0.0
0.722,0.706,1.0,0.756,5.301e-06
0.568,0.63,0.896,0.914,0.000236597
0.518,0.722,0.898,0.934,4.8187e-05
0.633,0.802,0.707,0.946,9.64e-07
0.495,0.61,0.843,0.682,0.000709309
0.773,0.651,0.904,0.925,7.71e-06
0.459,0.676,0.789,0.772,0.000265027
0.564,0.584,0.858,0.832,0.000609081
0.477,0.612,0.923,0.858,0.00099072
0.718,0.49,0.818,0.846,0.000204312
0.643,0.738,0.797,0.907,5.301e-06
0.47,0.683,0.926,0.929,0.000215877
0.844,0.841,0.892,0.857,0.0
0.572,0.533,0.926,0.923,0.001233581
0.432,0.678,0.758,1.0,0.00037682
0.665,0.675,1.0,1.0,2.7466e-05
0.581,0.576,0.675,0.732,0.00039224
0.56,0.812,0.901,1.0,3.373e-06
0.794,0.737,0.822,0.767,0.0
0.772,0.582,1.0,0.594,4.819e-06
0.677,0.445,0.975,0.84,0.000531982
0.397,0.647,0.883,1.0,0.001102513
0.499,0.694,0.912,1.0,0.000114203
0.713,0.594,0.981,0.744,7.3726e-05
0.574,0.47,0.888,0.966,0.002051792
0.899,0.53,0.915,0.866,1.446e-06
0.679,0.347,0.823,0.831,0.000560412
0.546,0.543,1.0,0.931,0.001505836
0.338,0.452,0.757,0.863,0.040594933
0.502,0.826,0.788,0.852,1.446e-06
0.738,0.587,0.944,0.969,4.8187e-05
0.648,0.664,0.698,0.948,1.8793e-05
0.572,0.676,1.0,1.0,7.8063e-05
0.532,0.622,1.0,0.67,0.000283338
0.544,0.559,0.886,0.825,0.001180094
0.645,0.774,0.915,0.906,3.373e-06
0.634,0.644,0.884,0.848,7.8063e-05
0.622,0.696,0.79,0.98,2.5057e-05
0.424,0.608,0.913,0.744,0.00193518
0.651,0.646,0.899,0.771,5.6379e-05
0.774,0.675,0.94,0.96,6.264e-06
0.763,0.641,0.867,0.829,1.0601e-05
0.388,0.681,0.859,0.797,0.000457774
0.721,0.446,1.0,0.679,0.00025298
0.874,0.624,0.914,0.976,1.446e-06
0.66,0.692,0.83,0.936,1.7829e-05
0.647,0.577,0.761,0.729,0.000182146
0.684,0.633,1.0,0.992,5.3005e-05
0.794,0.47,0.844,0.792,3.084e-05
0.563,0.654,1.0,0.854,0.000158534
0.671,0.442,0.947,0.84,0.000593661
0.612,0.451,0.854,0.819,0.001236472
0.513,0.666,0.899,0.892,0.000206721
0.49,0.781,0.926,0.889,1.2047e-05
0.67,0.84,0.71,0.9,0.0
0.669,0.552,1.0,0.554,1.0119e-05
0.515,0.633,0.596,0.943,0.000253944
0.598,0.628,0.818,1.0,0.000160944
0.62,0.832,1.0,0.856,4.82e-07
0.828,0.534,0.966,0.696,1.301e-05
0.563,0.497,0.939,0.917,0.002054201
0.743,0.647,0.839,0.663,2.409e-06
0.643,0.388,1.0,0.846,0.000982528
0.662,0.691,0.918,1.0,2.0238e-05
0.753,0.838,0.885,0.868,0.0
0.46,0.71,0.926,0.887,0.000133959
0.524,0.705,0.659,0.872,5.1078e-05
0.593,0.572,0.723,0.818,0.000415852
0.523,0.778,0.959,0.836,7.71e-06
0.807,0.629,1.0,0.827,9.155e-06
0.627,0.724,0.867,0.891,1.1565e-05
0.66,0.506,0.698,0.794,0.000180218
0.567,0.589,0.905,1.0,0.000548847
0.793,0.642,1.0,0.868,9.155e-06
0.659,0.569,0.975,0.593,6.0715e-05
0.614,0.555,0.65,0.899,0.00018311
0.473,0.805,0.897,0.955,8.674e-06
0.637,0.509,0.923,0.955,0.000587878
0.743,0.667,0.803,1.0,5.782e-06
0.768,0.754,0.782,0.806,0.0
0.537,0.77,0.745,0.94,1.1565e-05
0.689,0.862,1.0,0.884,0.0
0.607,0.544,0.988,0.838,0.000615345
0.502,0.59,0.865,0.642,0.000761351
0.638,0.672,1.0,0.85,4.0477e-05
0.523,0.592,0.851,0.802,0.000860615
0.695,0.587,0.911,1.0,0.000111311
0.744,0.582,0.881,0.934,4.1441e-05
0.532,0.56,1.0,1.0,0.001349229
0.735,0.645,1.0,0.721,1.301e-05
0.525,0.677,0.829,0.777,0.000114203
0.383,0.483,0.859,0.973,0.019876555
0.621,0.777,0.897,0.849,2.409e-06
0.718,0.715,0.742,0.741,9.64e-07
0.539,0.607,1.0,0.885,0.000536319
0.491,0.597,0.829,0.607,0.000197084
0.691,0.471,0.801,0.895,0.000342126
0.622,0.684,0.936,0.736,3.084e-05
0.55,0.633,0.848,0.781,0.000266955
0.595,0.59,0.685,0.97,0.000245271
0.748,0.675,0.992,0.756,6.264e-06
0.497,0.655,0.883,1.0,0.000330561
0.55,0.689,0.895,0.87,6.8425e-05
0.591,0.664,0.97,0.954,8.1917e-05
0.541,0.868,0.887,0.886,4.82e-07
0.468,0.747,0.887,0.905,5.2042e-05
0.673,0.575,0.97,0.721,0.000164799
0.743,0.507,0.869,0.949,8.77e-05
0.679,0.814,1.0,0.87,0.0
0.568,0.565,1.0,0.787,0.000806646
0.672,0.576,0.944,0.66,0.000138778
0.55,0.706,0.556,0.792,1.446e-06
0.623,0.788,0.859,0.988,9.64e-07
0.726,0.592,0.764,0.772,3.084e-05
0.521,0.741,0.913,0.943,2.8912e-05
0.534,0.791,1.0,0.965,6.264e-06
0.778,0.513,1.0,0.835,5.3487e-05
0.715,0.71,0.911,1.0,6.746e-06
0.611,0.725,0.841,0.915,1.2529e-05
0.639,0.784,0.849,0.869,4.82e-07
0.407,0.69,0.851,0.77,0.000290084
0.704,0.529,1.0,0.717,0.000200939
0.666,0.664,0.974,0.844,3.1803e-05
0.712,0.721,0.732,1.0,0.0
0.309,0.555,0.792,1.0,0.01441555
0.64,0.406,0.814,0.753,0.000972891
0.752,0.487,0.816,0.803,6.6498e-05
0.639,0.597,0.758,0.983,0.000150343
0.787,0.64,0.9,1.0,9.637e-06
0.65,0.624,0.792,0.914,7.8063e-05
0.666,0.386,0.822,0.868,0.000664495
0.677,0.641,1.0,0.673,2.7466e-05
0.743,0.589,0.965,0.749,3.8068e-05
0.793,0.522,0.921,0.806,3.9513e-05
0.57,0.753,0.862,0.826,7.71e-06
0.555,0.77,0.865,0.929,9.155e-06
0.547,0.637,0.735,0.913,0.000243825
0.801,0.785,0.925,0.943,0.0
0.602,0.531,0.969,0.676,0.000721838
0.548,0.721,0.934,0.845,3.4213e-05
0.556,0.558,0.87,0.99,0.001038906
0.593,0.628,0.794,0.98,0.000164799
0.897,0.713,0.994,0.867,0.0
0.559,0.61,0.755,0.984,0.000386458
0.476,0.839,0.964,0.947,2.891e-06
0.687,0.7,0.809,0.896,8.674e-06
0.53,0.572,0.928,0.668,0.000993611
0.653,0.76,0.861,0.844,1.927e-06
0.695,0.605,0.865,0.867,8.1436e-05
0.553,0.849,0.891,0.945,9.64e-07
0.601,0.601,0.907,0.937,0.000273219
0.649,0.507,0.661,0.701,8.5291e-05
0.477,0.541,0.909,0.807,0.003523416
0.788,0.576,0.922,0.948,2.6021e-05
0.598,0.607,0.846,0.661,0.000169617
0.653,0.524,0.793,0.895,0.000372965
0.885,0.647,0.921,1.0,0.0
0.677,0.669,0.981,0.963,2.5057e-05
0.612,0.635,0.998,0.915,0.000130586
0.933,0.635,0.935,0.791,0.0
0.458,0.557,0.95,0.841,0.003399576
0.54,0.715,0.806,0.825,3.8549e-05
0.676,0.496,1.0,0.92,0.000396577
0.777,0.752,1.0,0.938,9.64e-07
0.825,0.613,0.897,0.991,5.782e-06
0.442,0.518,0.938,0.772,0.006710006
0.598,0.772,0.7,0.86,1.446e-06
0.414,0.515,0.91,0.983,0.009717823
0.53,0.493,0.828,0.931,0.003217912
0.749,0.78,0.869,0.924,0.0
0.685,0.865,0.847,1.0,0.0
0.744,0.521,0.932,0.849,8.5772e-05
0.542,0.621,0.603,0.843,0.000200939
0.62,0.655,1.0,0.689,3.9995e-05
0.724,0.787,1.0,0.879,0.0
0.602,0.705,0.797,0.769,2.1202e-05
0.633,0.689,0.865,0.839,2.7948e-05
0.561,0.536,0.781,0.79,0.001333809
0.598,0.556,0.946,0.79,0.000589806
0.53,0.471,0.968,0.735,0.003750375
0.771,0.535,1.0,0.967,4.6741e-05
0.541,0.468,0.693,0.918,0.002968786
0.626,0.758,0.811,0.966,3.373e-06
0.447,0.504,0.828,0.802,0.007432325
0.608,0.599,0.75,0.711,0.000224068
0.577,0.595,0.899,0.999,0.00043079
0.469,0.875,0.787,0.983,1.446e-06
0.803,0.541,0.811,0.853,2.891e-06
0.695,0.783,0.781,0.893,0.0
0.486,0.741,0.925,0.835,4.5777e-05
0.6,0.527,0.796,0.93,0.000807128
0.718,0.753,0.988,0.981,1.927e-06
0.708,0.546,0.847,0.948,0.000150825
0.675,0.797,1.0,0.799,0.0
0.59,0.571,1.0,0.891,0.0005368
0.488,0.563,0.932,0.965,0.002241166
0.803,0.694,0.866,0.958,2.409e-06
0.724,0.601,0.81,0.873,3.8068e-05
0.571,0.732,0.865,1.0,1.7829e-05
0.479,0.586,0.793,0.662,0.00127984
0.553,0.568,0.781,0.703,0.000838931
0.401,0.696,0.78,0.91,0.000308877
0.467,0.712,0.834,0.792,0.000100228
0.777,0.645,0.979,0.929,9.155e-06
0.689,0.618,0.805,1.0,5.9752e-05
0.411,0.491,0.815,0.68,0.012682272
0.531,0.808,0.949,0.886,3.855e-06
0.531,0.462,1.0,0.888,0.003939749
0.787,0.517,0.841,0.635,2.4093e-05
0.651,0.582,0.797,0.973,0.000174436
0.631,0.486,1.0,0.718,0.000774361
0.492,0.671,0.988,1.0,0.000229851
0.591,0.636,1.0,1.0,0.000161908
0.627,0.594,0.835,0.898,0.000214431
0.748,0.498,0.846,0.78,8.1436e-05
0.485,0.512,0.742,0.894,0.004483778
0.545,0.775,0.863,1.0,1.0601e-05
0.696,0.391,0.772,0.847,0.000386458
0.519,0.526,0.697,0.974,0.00236597
0.578,0.606,0.984,1.0,0.000345981
0.644,0.601,1.0,0.917,0.000155161
0.714,0.684,0.883,0.7,2.409e-06
0.621,0.45,0.951,0.946,0.001113596
0.447,0.622,0.833,0.82,0.001135762
0.792,0.813,0.918,1.0,0.0
0.624,0.665,0.69,0.883,3.4694e-05
0.766,0.62,0.85,0.62,0.0
0.6,0.556,0.795,0.884,0.000546438
0.782,0.606,0.9,1.0,1.8793e-05
0.606,0.699,0.894,0.995,3.3731e-05
0.653,0.821,1.0,0.899,9.64e-07
0.577,0.57,0.831,0.83,0.000650039
0.549,0.597,0.965,1.0,0.000578723
0.495,0.461,0.864,0.771,0.006216092
0.822,0.561,0.87,0.781,5.782e-06
0.6,0.678,0.822,1.0,5.3969e-05
0.874,0.695,0.908,0.803,1.446e-06
0.485,0.572,0.639,0.83,0.001727977
0.556,0.886,0.856,0.926,0.0
0.75,0.658,1.0,0.714,4.819e-06
0.66,0.481,1.0,0.841,0.000555593
0.398,0.594,0.882,0.838,0.003397166
0.633,0.644,0.793,0.868,7.0835e-05
0.559,0.586,0.739,1.0,0.000573904
0.375,0.526,0.851,0.932,0.012812377
0.587,0.523,0.717,0.833,0.000909766
0.525,0.449,0.947,0.919,0.004712665
0.959,0.658,1.0,0.746,0.0
0.664,0.804,0.822,0.852,4.82e-07
0.539,0.595,0.885,0.971,0.00067076
0.742,0.539,1.0,0.86,7.7581e-05
0.756,0.651,0.96,0.819,1.0601e-05
0.659,0.685,0.979,0.697,5.782e-06
0.507,0.749,0.825,0.767,8.674e-06
0.734,0.562,0.888,0.742,7.5653e-05
0.631,0.776,1.0,1.0,3.855e-06
0.622,0.614,1.0,0.972,0.000165762
0.628,0.64,0.986,0.938,9.3964e-05
0.62,0.6,0.976,0.983,0.000217804
0.524,0.659,0.732,0.721,0.000157571
0.519,0.494,0.831,0.994,0.003669422
0.485,0.665,0.916,0.793,0.000282374
0.616,0.445,0.796,0.879,0.001180576
0.663,0.608,1.0,0.758,0.000112757
0.487,0.438,0.887,0.85,0.00825391
0.645,0.646,1.0,1.0,6.5534e-05
0.688,0.765,0.859,0.769,4.82e-07
0.651,0.557,0.935,0.709,0.000268882
0.71,0.575,0.786,0.905,7.9026e-05
0.767,0.53,0.783,0.802,5.782e-06
0.568,0.68,0.958,0.932,7.3244e-05
0.603,0.682,1.0,0.828,4.8669e-05
0.641,0.791,0.873,0.917,9.64e-07
0.568,0.575,0.986,1.0,0.000693889
0.64,0.647,0.82,0.907,5.8788e-05
0.61,0.573,0.755,0.768,0.00034839
0.406,0.773,0.818,0.783,1.5902e-05
0.804,0.716,0.878,0.868,2.409e-06
0.576,0.62,0.876,0.868,0.000261172
0.763,0.734,0.979,0.78,1.927e-06
0.716,0.432,0.726,0.72,7.1316e-05
0.696,0.706,0.908,0.72,2.409e-06
0.675,0.402,0.692,0.786,0.000127213
0.496,0.63,0.76,0.75,0.000509334
0.624,0.671,1.0,0.782,4.7705e-05
0.471,0.63,0.96,0.754,0.000698226
0.739,0.642,0.871,0.776,1.5902e-05
0.347,0.47,0.767,0.728,0.031034199
0.511,0.405,0.973,0.729,0.006829991
0.56,0.557,0.888,0.727,0.000991202
0.749,0.679,1.0,1.0,8.192e-06
0.578,0.636,0.796,0.69,0.000135887
0.677,0.566,0.711,0.762,6.5534e-05
0.684,0.369,0.974,0.758,0.000561376
0.748,0.429,0.922,0.901,0.00013155
0.884,0.705,0.984,1.0,0.0
0.593,0.695,1.0,0.945,3.8068e-05
0.589,0.597,0.895,0.861,0.000360437
0.552,0.662,0.83,1.0,0.000136369
0.705,0.704,0.896,0.87,8.192e-06
0.527,0.56,0.945,0.912,0.001446085
0.513,0.561,0.869,0.753,0.001671117
0.493,0.708,0.807,0.841,8.8664e-05
0.615,0.5,0.992,0.68,0.000817729
0.629,0.667,0.889,1.0,5.2042e-05
0.531,0.486,0.993,0.956,0.003401021
0.549,0.625,1.0,1.0,0.000331043
0.303,0.644,0.781,0.976,0.002338503
0.44,0.69,0.832,0.774,0.000229369
0.544,0.494,0.904,0.984,0.002692676
0.818,0.397,0.886,0.895,3.3249e-05
0.589,0.615,0.787,1.0,0.00023226
0.78,0.56,0.874,0.78,2.843e-05
0.468,0.492,0.934,0.878,0.006822763
0.803,0.594,0.809,1.0,9.64e-07
0.604,0.635,0.952,0.943,0.000138778
0.802,0.693,0.865,1.0,2.409e-06
0.665,0.681,0.881,0.845,2.5057e-05
0.62,0.615,0.755,0.949,0.00014456
0.391,0.453,0.713,0.861,0.022975927
0.7,0.806,0.956,0.892,0.0
0.472,0.621,0.838,0.921,0.000870253
0.604,0.844,0.994,0.968,4.82e-07
0.663,0.663,0.709,0.963,1.5902e-05
0.47,0.699,0.84,0.871,0.000142151
0.53,0.817,0.728,1.0,4.337e-06
0.693,0.859,0.933,0.873,0.0
0.725,0.659,0.775,0.756,9.155e-06
0.58,0.549,0.743,0.939,0.000797973
0.622,0.594,1.0,0.811,0.000238043
0.727,0.768,1.0,0.806,1.927e-06
0.522,0.679,0.934,1.0,0.000126731
0.706,0.55,0.928,0.846,0.000161426
0.58,0.559,0.785,0.853,0.000713646
0.539,0.441,0.545,0.745,0.000351763
0.733,0.751,0.849,1.0,9.64e-07
0.715,0.697,0.805,0.977,6.264e-06
0.717,0.823,0.987,0.871,0.0
0.478,0.55,0.716,0.96,0.002926382
0.744,0.658,0.81,0.993,6.746e-06
0.771,0.722,0.803,0.836,0.0
0.629,0.743,0.805,0.831,4.819e-06
0.517,0.838,0.867,0.918,1.927e-06
0.767,0.573,0.867,0.789,2.8912e-05
0.63,0.744,1.0,0.784,4.337e-06
0.796,0.462,0.928,0.842,4.3368e-05
0.641,0.665,0.695,1.0,2.1684e-05
0.457,0.692,0.868,0.826,0.000201421
0.772,0.64,1.0,0.86,1.0601e-05
0.669,0.636,0.797,1.0,4.8669e-05
0.593,0.609,0.708,0.978,0.000204312
0.665,0.61,0.895,0.858,0.000107456
0.81,0.769,0.898,0.999,9.64e-07
0.617,0.696,1.0,1.0,3.0358e-05
0.554,0.755,0.762,0.797,9.637e-06
0.439,0.654,0.866,0.852,0.00066064
0.759,0.833,0.859,1.0,0.0
0.759,0.704,0.847,0.854,2.891e-06
0.768,0.679,1.0,0.841,6.746e-06
0.495,0.657,0.889,0.921,0.000316105
0.565,0.528,0.913,0.88,0.001436929
0.59,0.767,0.964,0.824,3.373e-06
0.629,0.647,0.967,0.865,7.8063e-05
0.643,0.772,0.885,0.776,0.0
0.612,0.597,0.836,1.0,0.000259727
0.693,0.824,0.9,0.842,0.0
0.588,0.64,1.0,0.658,5.4451e-05
0.635,0.559,0.909,0.875,0.000334416
0.448,0.48,0.861,0.858,0.009238365
0.587,0.44,1.0,0.762,0.002028181
0.449,0.657,0.939,0.989,0.000542583
0.385,0.896,0.853,1.0,3.373e-06
0.422,0.465,0.856,0.809,0.014013673
0.626,0.721,0.759,0.841,9.637e-06
0.567,0.68,0.951,0.818,7.2762e-05
0.793,0.698,0.869,0.864,2.891e-06
0.557,0.503,0.961,0.931,0.002073476
0.59,0.599,0.84,0.869,0.00034068
0.496,0.537,0.878,0.757,0.002976978
0.641,0.705,0.755,0.852,1.1083e-05
0.422,0.574,0.756,1.0,0.003972516
0.542,0.612,0.76,0.91,0.000440909
0.497,0.822,0.807,0.824,0.0
0.7,0.811,0.858,0.934,0.0
0.688,0.671,0.95,0.925,1.9275e-05
0.586,0.72,0.791,0.736,6.746e-06
0.61,0.624,0.884,1.0,0.000159498
0.336,0.666,0.812,0.674,0.00021154
0.505,0.496,0.895,0.922,0.004308378
0.59,0.568,0.82,0.965,0.000554148
0.732,0.73,0.894,0.768,1.446e-06
0.707,0.394,0.755,0.743,0.000279483
0.719,0.756,0.853,0.869,9.64e-07
0.831,0.606,0.881,0.958,5.782e-06
0.568,0.957,0.848,0.995,4.82e-07
0.484,0.556,0.984,0.896,0.002612204
0.458,0.791,0.936,0.832,1.2529e-05
0.736,0.633,0.96,0.761,2.072e-05
0.593,0.62,0.964,1.0,0.00021154
0.478,0.523,0.762,0.917,0.004333917
0.711,0.369,0.844,0.465,8.3845e-05
0.691,0.458,0.955,0.923,0.000398504
0.68,0.677,0.774,0.911,1.542e-05
0.594,0.579,0.874,0.96,0.000442836
0.803,0.564,0.807,0.744,9.64e-07
0.716,0.799,0.83,0.852,0.0
0.706,0.472,0.948,0.944,0.00030695
0.511,0.793,0.955,0.987,8.192e-06
0.774,0.647,0.986,0.741,7.228e-06
0.829,0.69,1.0,0.874,3.373e-06
0.592,0.782,0.958,0.832,0.0
0.739,0.73,0.977,0.911,3.373e-06
0.502,0.458,0.923,0.95,0.005859028
0.672,0.378,1.0,0.786,0.000652449
0.645,0.586,1.0,1.0,0.000196602
0.437,0.453,0.811,0.875,0.012913569
0.531,0.88,0.888,0.932,0.0
0.494,0.492,0.956,0.934,0.005120807
0.608,0.733,0.968,0.867,1.2047e-05
0.482,0.836,0.968,0.928,2.891e-06
0.526,0.516,1.0,0.936,0.002688821
0.575,0.667,0.889,0.797,9.4446e-05
0.514,0.604,0.935,0.668,0.000587397
0.462,0.59,0.77,0.67,0.001452831
0.744,0.536,0.935,0.956,7.4689e-05
0.681,0.663,0.811,1.0,2.3612e-05
0.768,0.678,1.0,0.752,5.782e-06
0.486,0.579,0.932,0.845,0.001753998
0.618,0.514,1.0,0.858,0.000722801
0.62,0.461,1.0,0.813,0.001040834
0.786,0.577,0.94,0.891,2.3612e-05
0.465,0.79,0.797,0.836,1.2047e-05
0.647,0.714,0.911,1.0,1.1565e-05
0.623,0.666,0.639,1.0,1.2529e-05
0.739,0.459,0.885,0.809,0.000142151
0.635,0.698,1.0,0.817,2.3612e-05
0.666,0.665,0.728,0.781,1.8311e-05
0.786,0.657,0.882,0.893,6.746e-06
0.708,0.599,1.0,1.0,7.4689e-05
0.558,0.651,0.966,0.719,0.000146006
0.598,0.749,0.632,0.749,0.0
0.441,0.54,0.913,0.75,0.005191641
0.814,0.516,0.898,0.98,2.1684e-05
0.583,0.501,1.0,0.963,0.001423437
0.668,0.714,0.78,0.996,6.264e-06
0.404,0.639,0.814,0.821,0.001254783
0.593,0.731,1.0,0.991,1.3974e-05
0.496,0.555,0.986,0.866,0.002319229
0.68,0.629,0.952,0.943,5.8788e-05
0.75,0.86,0.886,0.894,0.0
0.648,0.821,0.964,0.897,9.64e-07
0.677,0.7,0.944,0.924,1.3974e-05
0.58,0.451,0.674,0.833,0.001562215
0.454,0.739,0.817,0.877,7.4689e-05
0.517,0.561,0.895,0.999,0.001616184
0.674,0.77,0.916,0.778,4.82e-07
0.671,0.741,0.903,0.971,3.855e-06
0.609,0.615,0.661,0.913,9.2037e-05
0.651,0.502,0.831,0.74,0.000510298
0.706,0.917,0.812,0.947,0.0
0.683,0.634,0.901,0.96,5.2524e-05
0.531,0.515,0.892,0.82,0.00253125
0.459,0.547,0.877,0.717,0.003798562
0.541,0.641,0.889,0.675,0.000153234
0.706,0.688,0.8,0.922,7.71e-06
0.692,0.655,0.927,0.849,2.7466e-05
0.528,0.605,0.672,1.0,0.000536319
0.545,0.625,0.785,0.941,0.000327188
0.428,0.582,0.542,0.862,0.002405965
0.681,0.372,1.0,0.78,0.00058065
0.699,0.6,0.777,0.834,5.9752e-05
0.701,0.624,0.989,1.0,4.915e-05
0.531,0.753,0.779,1.0,2.2648e-05
0.51,0.518,0.798,0.872,0.003131175
0.858,0.491,0.938,0.907,1.0601e-05
0.541,0.545,0.854,0.831,0.001532821
0.558,0.625,0.794,0.755,0.000267918
0.623,0.504,1.0,0.984,0.000735812
0.39,0.664,0.724,0.966,0.000729547
0.711,0.657,0.731,1.0,6.264e-06
0.618,0.77,0.834,1.0,2.891e-06
0.737,0.701,0.878,0.841,5.782e-06
0.555,0.689,0.743,0.747,4.3368e-05
0.612,0.777,1.0,1.0,2.891e-06
0.584,0.71,1.0,0.738,1.7829e-05
0.571,0.614,0.657,0.832,0.000210094
0.603,0.562,0.749,1.0,0.000458256
0.519,0.783,0.887,0.949,7.228e-06
0.483,0.811,0.941,0.917,8.192e-06
0.64,0.598,1.0,0.998,0.000170099
0.626,0.405,0.674,0.843,0.000588842
0.477,0.551,0.941,0.689,0.002888314
0.641,0.621,1.0,0.871,0.000109866
0.375,0.619,0.781,0.903,0.002372234
0.646,0.706,0.724,0.81,8.192e-06
0.775,0.688,0.883,1.0,5.782e-06
0.647,0.567,0.655,0.871,2.072e-05
0.631,0.629,0.651,0.797,2.5539e-05
0.667,0.74,0.957,0.866,3.855e-06
0.535,0.688,0.949,1.0,9.0591e-05
0.584,0.745,0.916,1.0,9.637e-06
0.614,0.724,0.878,0.93,1.3492e-05
0.397,0.339,0.883,0.833,0.028105408
0.506,0.668,0.938,0.744,0.000177809
0.617,0.807,0.911,0.823,0.0
0.666,0.68,0.86,0.866,2.313e-05
0.509,0.705,0.879,0.909,8.2399e-05
0.543,0.748,1.0,0.78,1.2047e-05
0.557,0.617,1.0,0.915,0.000349836
0.51,0.707,0.89,0.785,7.1316e-05
0.589,0.583,0.743,0.861,0.000406696
0.509,0.499,0.908,0.735,0.003896381
0.668,0.574,1.0,0.608,7.5171e-05
0.686,0.485,0.806,0.927,0.000350318
0.641,0.559,0.833,0.753,0.000292012
0.471,0.709,0.916,0.955,0.000119503
0.658,0.5,0.795,0.818,0.000438018
0.533,0.509,0.951,0.825,0.002631479
0.754,0.775,0.778,0.967,9.64e-07
0.629,0.805,1.0,0.827,0.0
0.777,0.658,0.975,0.686,9.64e-07
0.75,0.641,0.956,0.803,1.4456e-05
0.684,0.63,0.749,0.93,3.614e-05
0.418,0.68,0.909,0.858,0.000396095
0.644,0.508,0.816,0.863,0.000516562
0.764,0.496,0.79,0.94,2.2648e-05
0.664,0.664,0.734,0.798,2.072e-05
0.675,0.66,0.761,0.94,2.4093e-05
0.643,0.507,0.741,0.875,0.000451992
0.598,0.755,0.828,0.989,5.301e-06
0.642,0.692,0.792,0.712,8.192e-06
0.647,0.756,0.76,1.0,1.927e-06
0.536,0.683,0.962,0.768,8.6736e-05
0.543,0.662,0.879,0.718,0.000114203
0.433,0.642,0.769,0.971,0.000903502
0.676,0.637,0.846,0.808,5.0596e-05
0.573,0.661,0.725,0.901,0.000103602
0.807,0.673,0.839,0.835,1.446e-06
0.747,0.717,0.953,0.869,5.301e-06
0.812,0.47,0.824,0.796,8.192e-06
0.581,0.729,0.951,0.913,1.6383e-05
0.973,0.761,1.0,0.767,0.0
0.572,0.708,1.0,0.942,3.5658e-05
0.737,0.597,0.851,0.716,3.3249e-05
0.496,0.518,0.984,1.0,0.00375423
0.538,0.712,0.862,0.844,4.8187e-05
0.619,0.735,1.0,0.843,9.155e-06
0.465,0.692,0.854,0.748,0.000130586
0.513,0.482,0.757,0.87,0.004290549
0.739,0.672,0.887,0.74,7.71e-06
0.485,0.661,0.877,0.935,0.000329597
0.684,0.768,0.822,1.0,9.64e-07
0.644,0.454,1.0,0.938,0.000802309
0.492,0.645,0.924,0.865,0.000428862
0.771,0.588,0.963,0.92,2.6985e-05
0.48,0.599,0.796,0.759,0.001204669
0.607,0.625,1.0,0.764,0.000156607
0.936,0.634,1.0,1.0,4.82e-07
0.531,0.548,0.591,0.88,0.000928559
0.781,0.432,0.917,0.774,6.698e-05
0.629,0.465,0.973,0.833,0.000893382
0.82,0.542,0.864,0.895,9.155e-06
0.624,0.785,0.942,0.793,0.0
0.719,0.523,0.775,0.991,0.000121431
0.596,0.476,0.974,0.976,0.001416209
0.454,0.745,0.918,0.825,6.0233e-05
0.763,0.666,1.0,0.872,8.192e-06
0.353,0.735,0.78,0.965,0.000168654
0.558,0.642,0.883,0.776,0.000206721
0.514,0.461,0.66,0.925,0.004322352
0.826,0.744,1.0,0.903,9.64e-07
0.552,0.718,0.864,0.736,1.2047e-05
0.784,0.57,0.815,0.828,1.4456e-05
0.611,0.728,0.765,0.862,1.0119e-05
0.656,0.831,0.735,1.0,9.64e-07
0.688,0.607,0.864,0.95,8.8664e-05
0.596,0.588,0.842,0.932,0.000372002
0.665,0.792,0.695,0.828,0.0
0.581,0.518,0.941,0.888,0.001228762
0.444,0.345,0.868,0.763,0.01540627
0.752,0.941,0.76,0.961,0.0
0.63,0.693,0.836,0.957,2.5057e-05
0.706,0.519,0.962,0.845,0.000217322
0.737,0.73,0.755,0.904,0.0
0.618,0.765,0.724,0.897,2.409e-06
0.566,0.518,0.938,0.88,0.001570406
0.96,0.601,0.962,1.0,4.82e-07
0.561,0.473,0.855,0.849,0.002476317
0.76,0.747,0.94,0.803,1.927e-06
0.835,0.733,1.0,0.803,1.927e-06
0.497,0.575,0.992,0.757,0.001633531
0.685,0.904,0.765,0.928,0.0
0.493,0.596,0.793,0.72,0.001063482
0.547,0.482,0.881,0.956,0.002841091
0.694,0.608,0.786,1.0,6.457e-05
0.629,0.64,1.0,0.988,9.3e-05
0.601,0.783,0.859,1.0,1.927e-06
0.847,0.76,1.0,0.968,9.64e-07
0.747,0.482,0.775,0.884,4.4332e-05
0.617,0.703,0.948,0.785,2.5057e-05
0.584,0.665,0.796,0.889,8.2881e-05
0.582,0.603,0.824,0.973,0.000337307
0.596,0.456,0.965,0.764,0.001575707
0.558,0.565,0.944,0.925,0.000898201
0.495,0.605,0.754,0.982,0.000936269
0.635,0.682,0.891,0.699,9.637e-06
0.559,0.44,1.0,0.936,0.003199601
0.679,0.654,0.921,0.816,3.4213e-05
0.513,0.684,0.967,0.746,9.9747e-05
0.55,0.533,1.0,1.0,0.001628231
0.76,0.668,0.888,0.816,7.71e-06
0.492,0.508,0.858,0.994,0.004383067
0.619,0.713,0.731,0.749,8.674e-06
0.538,0.596,0.768,0.926,0.000645703
0.621,0.676,0.957,0.736,3.7586e-05
0.481,0.641,0.939,0.717,0.000439945
0.584,0.639,0.602,1.0,3.7104e-05
0.479,0.55,0.907,0.798,0.003018418
0.655,0.734,0.785,0.838,4.819e-06
0.729,0.597,0.747,1.0,1.7347e-05
0.701,0.559,0.709,0.646,1.1083e-05
0.623,0.738,0.683,1.0,3.373e-06
0.664,0.738,0.698,0.798,2.409e-06
0.573,0.664,0.893,0.822,0.000105529
0.68,0.602,1.0,0.706,9.5892e-05
0.597,0.532,0.793,0.992,0.000802791
0.515,0.673,0.835,1.0,0.000162389
0.684,0.495,1.0,0.991,0.000367665
0.623,0.659,0.939,0.847,6.4088e-05
0.7,0.59,0.938,0.993,9.4446e-05
0.572,0.674,0.782,0.807,7.228e-05
0.491,0.78,0.973,1.0,1.3974e-05
0.765,0.624,0.779,0.866,2.409e-06
0.753,0.669,0.933,0.695,1.927e-06
0.539,0.447,0.715,0.893,0.003724836
0.615,0.74,1.0,0.744,1.927e-06
0.544,0.592,0.742,0.818,0.000620645
0.603,0.594,0.921,0.91,0.000311768
0.476,0.681,0.926,0.809,0.000206239
0.503,0.621,0.997,1.0,0.000615345
0.629,0.546,0.809,0.92,0.000406696
0.603,0.678,0.948,0.774,4.915e-05
0.581,0.645,0.829,0.729,0.000133959
0.494,0.55,0.924,1.0,0.002560644
0.538,0.84,0.924,0.896,1.446e-06
0.511,0.577,0.989,0.831,0.001360312
0.513,0.662,0.889,0.968,0.000227441
0.692,0.417,0.808,0.729,0.000451028
0.583,0.682,0.805,0.93,5.6379e-05
0.825,0.675,0.947,0.853,3.855e-06
0.604,0.655,0.965,0.869,8.9627e-05
0.608,0.452,0.966,0.902,0.001319835
0.582,0.532,0.982,0.718,0.001032642
0.722,0.519,0.978,0.601,0.000107938
0.746,0.737,0.827,1.0,9.64e-07
0.728,0.597,0.79,0.731,2.9876e-05
0.598,0.766,0.782,0.95,3.373e-06
0.47,0.725,0.844,1.0,8.0954e-05
0.43,0.544,0.842,1.0,0.005650861
0.502,0.675,0.909,1.0,0.000182146
0.746,0.525,0.83,1.0,6.2643e-05
0.798,0.686,0.934,0.85,4.819e-06
0.655,0.751,0.737,0.903,2.409e-06
0.964,0.642,1.0,0.966,0.0
0.517,0.524,0.897,0.843,0.002709541
0.574,0.649,0.848,0.971,0.000152752
0.553,0.618,0.888,0.811,0.000353209
0.629,0.629,0.773,0.759,9.2519e-05
0.725,0.457,1.0,0.904,0.00021925
0.789,0.62,0.93,0.922,1.6865e-05
0.681,0.594,0.711,0.924,3.9031e-05
0.579,0.42,1.0,0.909,0.002324529
0.675,0.601,0.971,0.941,0.000115166
0.733,0.694,0.823,0.84,3.373e-06
0.67,0.561,0.896,0.684,0.000190338
0.641,0.749,0.875,0.757,9.64e-07
0.518,0.654,0.866,1.0,0.000259245
0.517,0.748,0.884,0.862,2.6985e-05
0.652,0.691,0.896,0.725,1.2529e-05
0.592,0.324,0.754,0.772,0.001961683
0.603,0.484,0.993,0.636,0.001056254
0.785,0.677,0.881,1.0,6.264e-06
0.755,0.65,0.761,0.766,9.64e-07
0.455,0.704,0.899,1.0,0.000162389
0.472,0.659,0.74,0.907,0.000385494
0.791,0.678,0.898,1.0,6.264e-06
0.752,0.574,1.0,1.0,4.3368e-05
0.519,0.469,0.817,0.936,0.004380176
0.901,0.583,0.979,0.867,1.927e-06
0.677,0.913,0.965,0.935,0.0
0.643,0.484,1.0,0.85,0.00068377
0.647,0.577,0.907,1.0,0.000220213
0.739,0.545,1.0,0.83,8.3845e-05
0.533,0.603,0.887,0.809,0.000614381
0.567,0.6,0.823,0.604,3.9031e-05
0.753,0.672,0.973,0.948,8.192e-06
0.738,0.605,1.0,0.839,3.7104e-05
0.428,0.712,0.89,0.744,9.6855e-05
0.626,0.675,0.918,0.925,4.5296e-05
0.551,0.631,1.0,1.0,0.000286229
0.621,0.46,1.0,0.776,0.001029269
0.645,0.801,0.931,1.0,9.64e-07
0.699,0.532,0.891,0.911,0.000214913
0.839,0.507,0.921,0.841,1.3492e-05
0.668,0.753,0.791,0.827,1.927e-06
0.71,0.69,0.974,0.772,9.637e-06
0.737,0.557,0.895,0.741,7.228e-05
0.634,0.487,0.996,0.965,0.000756532
0.633,0.884,0.659,1.0,0.0
0.671,0.722,1.0,0.756,4.819e-06
0.602,0.695,0.914,0.859,3.4694e-05
0.61,0.529,1.0,0.915,0.00069919
0.701,0.772,0.937,0.84,1.927e-06
0.637,0.78,0.787,0.866,4.82e-07
0.651,0.392,0.947,0.646,0.000833631
0.602,0.733,0.994,0.902,1.301e-05
0.439,0.593,0.569,0.653,0.001242255
0.424,0.601,0.913,0.833,0.002285498
0.706,0.634,1.0,1.0,3.9031e-05
0.445,0.745,0.911,0.785,5.0596e-05
0.604,0.591,0.952,0.877,0.000321888
0.498,0.82,0.952,0.984,3.373e-06
0.567,0.64,0.801,0.718,0.000172027
0.454,0.556,0.854,0.839,0.003585577
0.852,0.808,0.864,0.892,0.0
0.528,0.633,0.897,0.931,0.000358028
0.672,0.573,0.728,0.956,0.00010312
0.597,0.591,0.685,1.0,0.000234188
0.514,0.77,0.984,0.772,4.82e-07
0.505,0.6,0.853,1.0,0.000947352
0.797,0.549,0.848,0.821,2.0238e-05
0.845,0.658,0.871,0.658,0.0
0.643,0.742,0.959,0.816,4.819e-06
0.493,0.722,0.939,1.0,6.9871e-05
0.718,0.567,0.942,0.889,9.9265e-05
0.622,0.459,0.894,0.895,0.001019632
0.434,0.569,0.906,0.871,0.003764349
0.571,0.628,0.665,0.824,0.000165762
0.637,0.489,0.861,0.627,0.000607153
0.604,0.662,0.678,0.832,4.6259e-05
0.641,0.644,1.0,0.711,5.5415e-05
0.606,0.426,0.705,0.786,0.001125643
0.87,0.834,0.894,0.962,0.0
0.773,0.596,0.917,0.932,2.2166e-05
0.43,0.548,0.87,0.882,0.005411373
0.429,0.852,0.849,1.0,3.373e-06
0.611,0.744,0.965,0.976,5.782e-06
0.755,0.572,0.875,0.944,3.614e-05
0.827,0.574,0.971,0.958,1.0119e-05
0.54,0.431,0.904,0.847,0.004276093
0.476,0.689,0.788,0.761,0.000132995
0.735,0.581,0.957,0.988,5.5897e-05
0.626,0.799,0.946,0.915,9.64e-07
0.553,0.605,0.757,0.901,0.000450546
0.452,0.659,0.838,0.938,0.000497769
0.713,0.802,0.922,0.814,0.0
0.773,0.63,0.815,0.888,6.264e-06
0.543,0.819,1.0,1.0,2.891e-06
0.69,0.678,1.0,0.698,6.264e-06
0.426,0.552,0.906,0.932,0.00537716
0.569,0.573,1.0,0.887,0.000717019
0.573,0.708,1.0,1.0,3.6622e-05
0.53,0.619,0.85,0.965,0.000461147
0.617,0.451,0.885,0.627,0.001028787
0.506,0.624,0.922,0.945,0.000569086
0.683,0.548,0.735,0.823,0.000131068
0.443,0.628,0.845,0.824,0.001063482
0.609,0.598,0.732,0.974,0.00022696
0.583,0.605,0.755,0.883,0.000305504
0.647,0.649,0.923,0.891,5.7342e-05
0.698,0.582,0.73,1.0,4.9632e-05
0.626,0.687,0.898,0.721,2.1684e-05
0.639,0.666,0.939,0.91,4.385e-05
0.708,0.44,0.714,0.89,3.4694e-05
0.635,0.722,0.865,0.905,1.2047e-05
0.558,0.634,0.898,1.0,0.000251053
0.71,0.77,0.746,0.78,0.0
0.607,0.523,0.693,0.835,0.000530054
0.548,0.561,1.0,0.895,0.001091912
0.46,0.531,0.958,0.771,0.004725675
0.523,0.612,0.85,0.969,0.000586433
0.531,0.598,0.917,1.0,0.000705936
0.459,0.504,0.835,0.992,0.006540388
0.571,0.728,0.863,0.829,1.7347e-05
0.597,0.573,0.921,0.861,0.00046693
0.7,0.622,0.73,0.958,2.0238e-05
0.749,0.711,0.917,0.841,5.301e-06
0.701,0.563,0.875,0.911,0.000136369
0.752,0.697,0.786,0.707,0.0
0.747,0.806,0.793,1.0,0.0
0.605,0.586,1.0,1.0,0.000341644
0.528,0.802,0.842,0.956,4.819e-06
0.713,0.846,0.877,0.99,0.0
0.598,0.767,1.0,0.814,3.373e-06
0.458,0.834,0.924,0.88,4.819e-06
0.655,0.479,0.707,0.978,0.000311286
0.631,0.815,0.741,0.985,9.64e-07
0.713,0.749,0.995,0.799,1.927e-06
0.731,0.809,1.0,0.869,0.0
0.852,0.504,0.976,0.846,1.1083e-05
0.668,0.602,0.803,1.0,0.000106011
0.509,0.528,0.937,0.704,0.002787122
0.524,0.608,0.798,0.656,0.000401878
0.704,0.69,0.908,0.794,1.2047e-05
0.541,0.697,0.715,0.853,5.4933e-05
0.705,0.577,0.735,0.968,4.8669e-05
0.644,0.558,1.0,1.0,0.000302131
0.754,0.731,0.806,0.882,1.446e-06
0.583,0.458,0.775,0.916,0.001830133
0.592,0.725,0.916,0.741,7.228e-06
0.569,0.84,0.911,0.983,1.446e-06
0.709,0.707,0.783,1.0,3.855e-06
0.601,0.455,0.919,0.843,0.001460059
0.516,0.716,0.922,0.946,5.8788e-05
0.555,0.345,0.771,0.697,0.003678577
0.608,0.546,1.0,0.696,0.000559448
0.564,0.735,0.806,0.787,1.542e-05
0.656,0.67,0.785,0.735,1.9275e-05
0.644,0.697,0.741,0.767,1.2529e-05
0.801,0.755,0.813,0.918,0.0
0.566,0.675,0.936,1.0,8.5772e-05
0.543,0.589,0.977,0.841,0.000709309
0.619,0.68,1.0,1.0,4.5296e-05
0.729,0.735,0.747,0.855,0.0
0.777,0.566,0.899,0.772,3.084e-05
0.564,0.598,0.794,0.914,0.000468375
0.777,0.658,0.926,0.854,6.746e-06
0.596,0.589,0.948,0.847,0.000372484
0.519,0.649,0.947,0.859,0.000282374
0.641,0.932,0.742,1.0,0.0
0.54,0.565,0.862,0.968,0.001118415
0.549,0.529,0.843,0.997,0.001705811
0.762,0.563,1.0,0.899,4.1922e-05
0.71,0.779,0.998,0.787,9.64e-07
0.57,0.755,0.876,0.903,8.674e-06
0.815,0.603,0.925,0.913,1.0601e-05
0.752,0.473,0.81,0.829,6.5534e-05
0.593,0.437,0.847,0.887,0.001854708
0.628,0.693,0.828,0.997,2.5057e-05
0.505,0.717,0.875,0.873,6.5052e-05
0.511,0.397,0.723,0.867,0.006574601
0.459,0.685,0.919,0.716,0.00012384
0.516,0.427,0.74,0.863,0.005605565
0.707,0.572,0.759,0.696,7.4208e-05
0.786,0.439,0.992,0.865,6.457e-05
0.686,0.822,1.0,1.0,0.0
0.493,0.69,0.843,0.815,0.000130586
0.625,0.62,0.801,0.988,0.000124322
0.713,0.536,0.715,0.956,4.337e-06
0.602,0.466,0.746,0.862,0.001234063
0.672,0.625,0.802,0.843,6.1197e-05
0.724,0.789,0.728,0.873,0.0
0.786,0.583,0.831,0.723,1.5902e-05
0.801,0.767,0.885,1.0,9.64e-07
0.754,0.556,0.822,0.819,3.5658e-05
0.733,0.454,0.965,0.906,0.000186483
0.642,0.495,0.676,0.957,0.000245752
0.458,0.665,0.932,1.0,0.000405732
0.643,0.486,0.987,0.748,0.000675096
0.547,0.774,0.769,0.926,9.637e-06
0.462,0.591,0.871,0.715,0.001659552
0.686,0.711,0.964,1.0,9.155e-06
0.757,0.854,0.865,0.86,0.0
0.623,0.708,0.757,0.782,1.4456e-05
0.594,0.508,0.766,0.996,0.001068782
0.547,0.454,0.977,0.865,0.003419814
0.525,0.861,1.0,0.881,4.82e-07
0.729,0.643,0.783,0.705,9.155e-06
0.679,0.608,0.696,1.0,2.2166e-05
0.3,0.488,0.768,0.94,0.04150759
0.67,0.589,0.741,0.707,9.5892e-05
0.617,0.713,0.777,1.0,1.5902e-05
0.532,0.565,1.0,0.947,0.001241291
0.454,0.804,0.934,0.818,5.301e-06
0.653,0.748,0.915,1.0,4.337e-06
0.62,0.475,0.824,0.839,0.00095217
0.607,0.589,0.841,0.889,0.000316587
0.528,0.609,0.888,0.793,0.00059607
0.649,0.428,0.951,0.844,0.000842305
0.821,0.566,0.831,1.0,1.446e-06
0.568,0.405,0.832,0.903,0.00306516
0.525,0.674,0.991,0.908,0.000139742
0.639,0.514,1.0,0.97,0.000549329
0.623,0.32,0.983,0.782,0.001277913
0.64,0.581,0.77,0.687,0.000171063
0.576,0.68,0.998,0.787,6.698e-05
0.576,0.612,0.816,0.745,0.000294421
0.571,0.469,0.801,0.817,0.002142383
0.648,0.7,0.682,0.762,4.819e-06
0.668,0.634,0.828,0.983,5.5415e-05
0.778,0.57,0.98,0.882,3.2285e-05
0.61,0.814,0.87,0.896,9.64e-07
0.749,0.475,0.852,0.869,9.0591e-05
0.684,0.557,0.71,0.926,6.1197e-05
0.663,0.727,0.845,0.775,5.301e-06
0.718,0.687,0.932,0.835,1.1565e-05
0.561,0.799,0.993,0.941,2.409e-06
0.751,0.493,0.767,0.852,2.8912e-05
0.7,0.641,1.0,0.702,2.8912e-05
0.446,0.633,0.936,0.879,0.000936269
0.603,0.602,0.99,1.0,0.000264545
0.735,0.637,0.851,0.809,1.8311e-05
0.726,0.695,0.768,0.747,2.891e-06
0.723,0.461,0.815,0.918,0.000196602
0.67,0.4,0.86,0.804,0.000653894
0.752,0.704,0.84,1.0,2.891e-06
0.729,0.593,0.884,0.831,5.3487e-05
0.482,0.817,0.798,0.867,4.819e-06
0.669,0.506,0.744,0.542,8.1436e-05
0.771,0.82,0.787,0.898,0.0
0.514,0.734,0.994,0.77,2.0238e-05
0.639,0.493,0.993,0.783,0.000683288
0.56,0.6,0.907,0.894,0.000491023
0.679,0.627,0.7,0.779,1.6865e-05
0.652,0.427,0.902,0.803,0.000806164
0.746,0.547,1.0,0.749,6.3607e-05
0.769,0.591,0.849,0.865,2.0238e-05
0.601,0.548,0.837,0.95,0.00063221
0.541,0.494,0.789,0.962,0.002746163
0.641,0.677,1.0,1.0,3.3249e-05
0.735,0.643,0.906,0.823,1.9275e-05
0.661,0.682,0.843,0.746,1.9757e-05
0.426,0.664,0.734,1.0,0.000565713
0.414,0.664,0.856,0.781,0.000597034
0.714,0.517,0.962,0.816,0.00019612
0.465,0.543,0.913,0.989,0.003899272
0.657,0.484,0.863,0.942,0.000559448
0.693,0.803,0.781,1.0,0.0
0.654,0.388,0.776,0.779,0.000766651
0.61,0.756,0.756,0.782,2.409e-06
0.493,0.479,0.933,0.765,0.005652307
0.444,0.725,0.936,0.823,0.00010842
0.486,0.524,0.968,0.924,0.003910837
0.721,0.434,0.914,0.676,0.0002684
0.497,0.694,0.845,0.826,0.000111311
0.77,0.593,0.792,1.0,5.301e-06
0.535,0.638,0.671,0.802,0.000240452
0.662,0.594,0.719,1.0,8.1917e-05
0.654,0.551,0.868,0.894,0.00029683
0.555,0.567,0.781,0.79,0.000878445
0.66,0.598,0.668,0.678,1.1083e-05
0.591,0.742,0.939,0.836,8.192e-06
0.641,0.587,0.991,0.839,0.000202384
0.741,0.778,0.785,0.933,4.82e-07
0.881,0.689,0.895,0.783,0.0
0.647,0.711,1.0,0.921,1.301e-05
0.586,0.742,0.916,1.0,1.2047e-05
0.728,0.771,1.0,0.927,1.927e-06
0.502,0.775,0.958,0.795,9.637e-06
0.752,0.539,0.86,0.965,5.3487e-05
0.742,0.785,0.925,0.841,0.0
0.772,0.621,0.877,0.929,1.6383e-05
0.619,0.548,0.952,0.932,0.000486686
0.575,0.72,0.969,0.942,2.313e-05
0.663,0.523,0.805,0.779,0.000339717
0.543,0.484,1.0,0.81,0.002952884
0.681,0.627,0.847,1.0,5.9752e-05
0.66,0.738,0.836,0.846,4.337e-06
0.603,0.849,0.973,0.881,4.82e-07
0.728,0.784,0.76,1.0,0.0
0.673,0.622,0.673,0.805,0.0
0.724,0.728,0.895,1.0,3.855e-06
0.47,0.669,0.908,0.695,0.000151788
0.607,0.632,0.943,1.0,0.000138778
0.591,0.793,0.825,0.799,0.0
0.481,0.488,0.964,0.952,0.00611249
0.698,0.622,0.736,0.926,2.6985e-05
0.594,0.779,0.914,0.893,1.927e-06
0.684,0.614,0.862,0.83,8.2881e-05
0.66,0.667,0.736,0.679,2.409e-06
0.474,0.769,0.899,0.847,2.7948e-05
0.761,0.459,0.827,0.873,5.9752e-05
0.383,0.682,0.801,0.952,0.000498733
0.508,0.729,1.0,0.879,4.7223e-05
0.656,0.578,0.807,1.0,0.0001807
0.427,0.808,0.925,1.0,1.9275e-05
0.478,0.682,0.722,0.88,0.000194193
0.552,0.564,0.884,0.788,0.000979637
0.722,0.484,0.84,0.754,0.000194674
0.635,0.523,0.913,1.0,0.000522826
0.583,0.703,0.915,0.979,3.4213e-05
0.534,0.763,0.926,0.859,1.6383e-05
0.45,0.617,0.792,0.685,0.00094446
0.733,0.705,0.981,0.834,6.264e-06
0.547,0.643,0.941,0.871,0.000231778
0.764,0.533,0.919,0.822,5.0114e-05
0.578,0.747,1.0,1.0,1.0119e-05
0.617,0.532,0.675,0.678,0.000293939
0.714,0.584,1.0,0.66,6.7461e-05
0.481,0.664,0.947,0.732,0.000252499
0.558,0.506,0.96,0.868,0.002000232
0.612,0.541,0.695,0.967,0.000384048
0.525,0.745,1.0,0.805,1.9757e-05
0.73,0.444,0.902,0.816,0.000209131
0.595,0.693,0.961,0.862,3.8068e-05
0.633,0.629,0.777,0.737,8.3845e-05
0.63,0.661,0.834,0.923,5.5415e-05
0.625,0.631,0.953,0.994,0.000112275
0.714,0.627,0.72,0.851,3.373e-06
0.637,0.511,0.952,0.993,0.000577759
0.65,0.592,0.908,0.842,0.000169617
0.637,0.758,0.973,0.848,3.855e-06
0.53,0.571,0.776,0.853,0.001129979
0.728,0.546,0.812,0.804,8.9145e-05
0.809,0.686,0.877,0.82,3.373e-06
0.625,0.669,0.961,1.0,5.0596e-05
0.526,0.617,0.852,0.777,0.000500179
0.57,0.697,0.964,0.866,4.5296e-05
0.763,0.811,0.787,0.897,0.0
0.71,0.562,0.812,1.0,0.000108902
0.565,0.69,1.0,0.724,3.5176e-05
0.538,0.393,0.936,0.849,0.004917458
0.748,0.7,0.82,0.828,2.891e-06
0.709,0.729,0.739,0.785,0.0
0.639,0.499,0.76,0.825,0.000558003
0.572,0.637,0.936,1.0,0.000206239
0.747,0.463,0.793,0.913,6.3125e-05
0.511,0.644,0.931,1.0,0.000355618
0.647,0.484,0.958,0.636,0.000576795
0.674,0.775,0.743,0.877,0.0
0.614,0.71,0.682,0.968,1.3492e-05
0.508,0.544,0.874,0.972,0.002353923
0.752,0.672,0.864,0.718,2.891e-06
0.589,0.659,0.955,0.813,9.8301e-05
0.735,0.58,0.909,0.692,4.7223e-05
0.768,0.606,1.0,0.786,2.2648e-05
0.76,0.874,0.864,0.914,0.0
0.57,0.558,0.738,0.942,0.000821584
0.475,0.648,0.595,1.0,0.000366701
0.547,0.733,0.866,0.943,2.5057e-05
0.665,0.625,0.913,0.747,7.2762e-05
0.649,0.667,0.752,0.829,2.6021e-05
0.602,0.595,0.936,0.968,0.000304058
0.831,0.67,0.959,0.973,3.855e-06
0.727,0.549,0.763,0.844,6.3607e-05
0.458,0.505,0.887,0.813,0.006545689
0.635,0.402,0.712,0.87,0.000710755
0.529,0.607,0.851,0.759,0.000587397
0.646,0.614,0.932,0.886,0.000121431
0.638,0.355,0.739,0.669,0.000816766
0.555,0.741,0.817,1.0,1.9757e-05
0.679,0.552,0.807,0.616,0.000129622
0.64,0.543,0.878,0.686,0.000355136
0.746,0.53,0.818,0.792,5.5415e-05
0.636,0.545,0.952,0.977,0.00039465
0.698,0.627,0.806,0.968,3.8549e-05
0.685,0.511,1.0,0.831,0.000309359
0.631,0.46,0.781,0.856,0.000839413
0.5,0.837,0.842,0.935,1.927e-06
0.654,0.52,0.864,0.908,0.000417297
0.639,0.545,0.891,0.991,0.000380675
0.64,0.818,0.999,0.868,4.82e-07
0.566,0.698,0.966,0.934,4.6259e-05
0.665,0.672,0.885,0.797,2.843e-05
0.477,0.611,0.752,0.913,0.000986383
0.777,0.873,0.875,0.879,0.0
0.861,0.759,1.0,0.907,9.64e-07
0.441,0.464,0.837,0.84,0.011251608
0.884,0.669,0.956,0.863,0.0
0.715,0.726,0.757,0.926,0.0
0.577,0.661,0.903,0.863,0.000111793
0.622,0.498,0.702,0.882,0.000525236
0.587,0.629,0.877,1.0,0.000188892
0.452,0.692,0.832,0.898,0.000217804
0.522,0.69,0.882,0.886,9.541e-05
0.565,0.613,0.789,0.771,0.000326706
0.551,0.649,0.755,0.693,0.000130586
0.834,0.66,1.0,0.826,2.891e-06
0.554,0.87,1.0,0.999,9.64e-07
0.622,0.75,0.806,0.844,3.855e-06
0.759,0.565,0.879,0.677,2.8912e-05
0.714,0.449,0.895,0.853,0.000300685
0.494,0.798,0.968,1.0,8.674e-06
0.393,0.637,0.881,1.0,0.001427774
0.711,0.614,0.877,1.0,5.686e-05
0.594,0.496,0.91,0.678,0.00120756
0.52,0.803,0.631,1.0,4.819e-06
0.647,0.76,1.0,0.832,2.409e-06
0.645,0.589,0.691,0.992,7.4208e-05
0.45,0.575,0.862,0.739,0.002695085
0.809,0.611,0.983,0.984,1.2047e-05
0.463,0.593,0.951,1.0,0.001697619
0.643,0.668,0.729,0.764,2.5539e-05
0.582,0.713,0.788,0.936,2.1202e-05
0.635,0.745,0.827,1.0,4.337e-06
0.428,0.654,0.918,1.0,0.000737257
0.608,0.564,1.0,0.894,0.000463075
0.459,0.591,0.831,0.923,0.001826278
0.612,0.74,0.712,1.0,5.782e-06
0.762,0.506,1.0,0.904,6.7461e-05
0.693,0.777,0.811,1.0,4.82e-07
0.639,0.738,0.865,0.846,5.301e-06
0.508,0.557,0.984,1.0,0.001956382
0.71,0.509,0.812,0.835,0.000189374
0.305,0.452,0.799,0.864,0.056987104
0.758,0.647,0.864,0.909,9.155e-06
0.564,0.635,0.686,0.943,0.000182146
0.572,0.643,0.81,0.875,0.0001754
0.66,0.559,0.86,0.863,0.000240452
0.539,0.604,0.853,0.959,0.000565231
0.533,0.766,0.617,0.782,6.264e-06
0.487,0.716,0.869,0.79,7.0835e-05
0.572,0.684,0.802,0.864,6.0233e-05
0.792,0.568,0.905,1.0,2.7948e-05
0.636,0.752,0.858,0.808,3.373e-06
0.483,0.407,0.805,0.73,0.009713968
0.665,0.722,0.961,0.736,2.409e-06
0.639,0.49,0.69,0.864,0.000349354
0.744,0.726,0.75,0.748,0.0
0.609,0.679,0.939,0.943,5.156e-05
0.719,0.639,0.886,0.919,2.843e-05
0.573,0.62,1.0,0.896,0.000274665
0.753,0.592,0.763,0.996,2.409e-06
0.606,0.527,1.0,0.813,0.000762314
0.735,0.468,0.963,0.916,0.000162389
0.622,0.534,0.842,0.94,0.00054692
0.837,0.397,0.895,0.877,2.1684e-05
0.585,0.725,0.897,0.799,1.7347e-05
0.629,0.764,0.694,0.894,1.927e-06
0.494,0.646,0.568,1.0,0.000236597
0.633,0.593,0.695,0.925,0.000105529
0.763,0.448,0.945,0.828,8.3845e-05
0.649,0.785,0.657,1.0,0.0
0.611,0.629,0.885,0.931,0.000142151
0.693,0.588,0.815,0.994,0.000103602
0.657,0.799,0.867,0.801,0.0
0.604,0.684,0.804,0.7,1.2529e-05
0.79,0.657,0.878,1.0,5.782e-06
0.96,0.674,0.978,0.8,0.0
0.592,0.642,1.0,0.842,0.000138296
0.573,0.59,0.589,0.812,9.3964e-05
0.715,0.647,0.853,0.851,2.2166e-05
0.479,0.508,0.893,0.802,0.005076475
0.678,0.559,0.856,0.765,0.000193711
0.345,0.675,0.742,0.831,0.00075846
0.537,0.546,0.813,1.0,0.001581007
0.786,0.61,0.914,1.0,1.6383e-05
0.553,0.503,0.867,0.733,0.002140938
0.803,0.676,0.814,0.984,4.82e-07
0.694,0.615,0.86,0.665,5.156e-05
0.828,0.56,0.86,0.824,4.819e-06
0.618,0.724,0.926,0.996,1.4456e-05
0.882,0.835,0.932,0.927,0.0
0.634,0.599,0.9,0.732,0.00017299
0.443,0.582,0.743,0.612,0.001176721
0.622,0.652,0.768,0.676,3.0358e-05
0.542,0.666,1.0,1.0,0.000141669
0.671,0.615,0.909,0.827,9.4446e-05
0.67,0.597,1.0,0.747,0.000123358
0.641,0.616,0.995,1.0,0.000122394
0.524,0.709,1.0,0.981,6.2161e-05
0.682,0.674,0.771,0.878,1.542e-05
0.522,0.625,0.566,0.95,0.000187928
0.604,0.629,0.761,0.897,0.000132995
0.464,0.45,0.908,0.925,0.009791067
0.703,0.849,0.863,0.853,0.0
0.542,0.785,0.855,0.831,3.373e-06
0.843,0.646,0.869,0.842,2.409e-06
0.602,0.677,0.79,1.0,4.8187e-05
0.55,0.459,0.906,0.955,0.003133585
0.655,0.689,0.799,0.779,1.6865e-05
0.718,0.552,0.95,0.726,0.000124804
0.615,0.574,0.903,0.936,0.000360437
0.673,0.754,0.863,1.0,1.927e-06
0.62,0.616,0.906,1.0,0.000160944
0.596,0.345,0.942,0.723,0.001939999
0.609,0.545,0.849,0.987,0.000573904
0.74,0.553,0.868,0.859,6.9389e-05
0.691,0.691,0.823,0.737,8.192e-06
0.679,0.534,1.0,0.933,0.000274665
0.702,0.584,0.81,0.908,8.7218e-05
0.484,0.491,0.834,0.985,0.005765545
0.577,0.577,0.873,0.919,0.000593179
0.591,0.69,0.819,0.78,4.0959e-05
0.563,0.491,0.845,0.955,0.002153466
0.5,0.703,0.908,0.803,8.8182e-05
0.586,0.59,1.0,1.0,0.000426453
0.668,0.651,1.0,0.893,4.3368e-05
0.707,0.702,0.709,0.968,0.0
0.533,0.527,0.773,0.955,0.00209757
0.58,0.448,1.0,0.902,0.0021313
0.709,0.743,0.846,0.934,9.64e-07
0.565,0.734,0.937,0.95,1.8793e-05
0.626,0.523,0.834,0.979,0.000572941
0.438,0.742,0.921,0.748,1.301e-05
0.864,0.63,0.87,0.912,0.0
0.706,0.457,0.974,0.935,0.000331043
0.617,0.381,0.809,0.737,0.00134682
0.644,0.439,0.894,0.885,0.000878445
0.61,0.73,0.975,0.774,8.192e-06
0.513,0.76,0.656,0.874,2.1684e-05
0.613,0.474,0.895,0.97,0.001071192
0.697,0.651,0.947,0.857,2.9394e-05
0.688,0.55,1.0,0.746,0.000207203
0.464,0.733,0.8,0.821,6.4088e-05
0.538,0.613,0.98,0.957,0.000482831
0.761,0.56,0.809,0.96,2.2166e-05
0.626,0.83,0.854,0.922,9.64e-07
0.46,0.577,0.804,0.861,0.002389581
0.774,0.752,0.837,0.99,0.0
0.396,0.531,0.64,0.955,0.009463879
0.729,0.769,0.741,0.917,0.0
0.484,0.559,0.68,1.0,0.002279234
0.512,0.638,0.853,0.878,0.000392722
0.732,0.591,0.91,0.843,5.156e-05
0.767,0.638,1.0,0.648,2.409e-06
0.701,0.717,0.993,0.983,6.746e-06
0.451,0.475,0.894,0.893,0.009281251
0.518,0.56,0.8,0.81,0.001589199
0.551,0.759,0.765,0.849,1.1565e-05
0.533,0.654,0.871,0.838,0.00021684
0.567,0.716,0.917,0.754,1.9757e-05
0.619,0.662,0.851,1.0,6.3125e-05
0.706,0.504,0.835,0.972,0.000224068
0.589,0.599,0.745,0.959,0.000317551
0.722,0.578,0.932,0.828,7.6135e-05
0.684,0.859,0.76,0.871,0.0
0.656,0.63,0.91,0.896,7.5171e-05
0.538,0.456,0.874,0.944,0.003808199
0.539,0.82,0.759,0.878,2.409e-06
0.751,0.455,0.783,0.9,4.8187e-05
0.558,0.735,0.792,1.0,2.1684e-05
0.593,0.384,1.0,0.838,0.002056129
0.617,0.622,1.0,0.898,0.00015227
0.514,0.729,0.902,0.951,4.3368e-05
0.558,0.686,0.906,0.832,7.228e-05
0.634,0.668,0.942,0.754,3.9513e-05
0.61,0.808,0.768,0.852,4.82e-07
0.766,0.812,0.792,1.0,0.0
0.642,0.67,0.706,0.758,2.072e-05
0.677,0.744,0.729,0.921,9.64e-07
0.642,0.646,0.996,0.802,6.6498e-05
0.542,0.635,0.742,0.929,0.000277074
0.531,0.478,0.847,0.668,0.003412104
0.576,0.624,0.93,0.944,0.000245271
0.513,0.705,0.647,0.737,3.3249e-05
0.742,0.59,0.778,0.678,1.3974e-05
0.588,0.657,0.982,0.978,0.000104565
0.522,0.619,0.946,0.891,0.000509334
0.67,0.668,0.904,0.793,2.843e-05
0.634,0.812,0.822,0.874,4.82e-07
0.629,0.497,0.961,0.853,0.000742076
0.633,0.637,0.893,0.774,8.6736e-05
0.674,0.685,0.741,0.807,1.301e-05
0.309,0.58,0.794,0.801,0.009029716
0.652,0.472,1.0,0.911,0.000651003
0.752,0.554,1.0,0.888,5.2042e-05
0.782,0.441,0.862,0.829,5.3969e-05
0.853,0.693,0.903,1.0,1.927e-06
0.746,0.822,0.878,0.908,0.0
0.713,0.407,0.919,0.901,0.000368147
0.649,0.7,0.861,0.966,1.7829e-05
0.621,0.727,0.974,0.835,1.2529e-05
0.905,0.494,1.0,0.812,3.373e-06
0.721,0.74,0.869,0.758,0.0
0.601,0.977,0.875,1.0,9.64e-07
0.621,0.806,0.673,1.0,9.64e-07
0.728,0.601,0.854,0.999,4.5777e-05
0.71,0.697,0.812,0.721,4.337e-06
0.788,0.642,0.874,0.79,7.71e-06
0.566,0.747,0.994,0.875,1.2529e-05
0.461,0.628,0.815,0.812,0.000843268
0.614,0.535,0.926,0.925,0.000620645
0.651,0.685,0.871,0.825,2.313e-05
0.887,0.541,0.997,0.873,2.891e-06
0.653,0.582,0.907,1.0,0.000188892
0.54,0.529,0.932,0.897,0.001923133
0.519,0.832,0.803,0.91,1.927e-06
0.445,0.805,0.844,0.877,1.5902e-05
0.676,0.75,1.0,0.8,2.891e-06
0.394,0.391,0.652,0.887,0.028468254
0.366,0.58,0.842,0.886,0.005716877
0.556,0.425,1.0,0.903,0.003400058
0.546,0.601,0.871,0.891,0.000543065
0.83,0.594,0.84,0.926,1.446e-06
0.444,0.584,0.93,1.0,0.002556789
0.75,0.746,0.81,0.768,0.0
0.579,0.825,0.909,0.941,9.64e-07
0.604,0.782,0.772,0.802,0.0
0.907,0.76,0.909,0.782,0.0
0.738,0.801,0.889,0.925,0.0
0.453,0.558,0.935,0.884,0.003540763
0.499,0.593,0.843,0.789,0.001137207
0.685,0.661,1.0,0.783,2.6503e-05
0.507,0.864,0.709,0.916,4.82e-07
0.629,0.799,0.771,0.871,4.82e-07
0.841,0.582,0.907,0.763,4.819e-06
0.667,0.49,0.761,0.878,0.000393204
0.632,0.551,0.644,1.0,5.6379e-05
0.562,0.731,0.896,0.887,2.313e-05
0.43,0.604,0.836,0.642,0.001136244
0.7,0.576,0.992,0.868,0.000118539
0.627,0.661,1.0,0.867,6.0715e-05
0.668,0.831,0.684,0.855,0.0
0.664,0.77,0.94,0.972,2.409e-06
0.672,0.537,0.86,0.825,0.000282856
0.783,0.638,0.917,0.84,9.637e-06
0.685,0.436,0.899,0.89,0.000506925
0.516,0.806,0.946,0.828,3.855e-06
0.681,0.708,0.869,0.905,8.674e-06
0.539,0.708,1.0,0.946,5.3969e-05
0.389,0.646,0.883,0.886,0.001200332
0.491,0.757,0.685,0.826,2.7948e-05
0.542,0.524,0.824,0.909,0.001960237
0.518,0.571,0.92,0.905,0.00136224
0.359,0.727,0.761,0.884,0.000199011
0.695,0.738,0.951,0.982,2.409e-06
0.631,0.662,0.895,0.69,2.4093e-05
0.541,0.71,1.0,0.858,5.0114e-05
0.567,0.671,0.851,0.827,8.9145e-05
0.624,0.486,0.674,0.8,0.000424043
0.568,0.379,0.82,0.873,0.003060341
0.777,0.677,0.799,1.0,9.64e-07
0.623,0.527,0.993,0.947,0.000585469
0.577,0.485,0.899,0.925,0.001796884
0.722,0.6,1.0,0.712,4.7223e-05
0.587,0.624,1.0,0.678,0.000149861
0.501,0.833,0.903,0.889,1.927e-06
0.737,0.623,0.993,1.0,2.8912e-05
0.578,0.663,1.0,0.855,0.000104565
0.487,0.541,0.74,0.809,0.003062268
0.543,0.557,0.973,0.963,0.001253819
0.697,0.649,0.729,0.733,1.1083e-05
0.706,0.754,0.827,0.904,9.64e-07
