0.0,0.006,0.0,0.198,0.5136667963391413
0.362,0.526,0.0,0.113,0.017997174505026515
0.0,0.002,0.179,0.571,0.18736307610409286
0.0,0.036,0.0,0.066,0.25081386539997136
0.0,0.265,0.0,0.096,0.29442476607768064
0.021,0.201,0.0,0.077,0.027395016482054012
0.06,0.384,0.0,0.28,0.12878524190741386
0.0,0.303,0.0,0.194,0.6109211523105588
0.0,0.36,0.0,0.039,0.28944943797219547
0.0,0.173,0.0,0.16,0.4473086136647489
0.0,0.085,0.065,0.185,0.1542761204725538
0.0,0.0,0.661,0.964,0.07952335128273377
0.0,0.244,0.0,0.036,0.28095247845048216
0.0,0.125,0.076,0.548,0.37703978215024264
0.0,0.043,0.0,0.305,0.526442947523597
0.0,0.151,0.358,0.392,0.011404352900227267
0.347,0.541,0.076,0.3,0.02463094531234004
0.0,0.146,0.106,0.144,0.16909973178272353
0.192,0.474,0.0,0.199,0.11054237218730165
0.0,0.122,0.071,0.179,0.16909973178272353
0.0,0.101,0.0,0.326,0.5546159988534223
0.0,0.075,0.056,0.32,0.31543170696750683
0.0,0.05,0.082,0.541,0.3362543764460187
0.0,0.215,0.0,0.122,0.27820888188202536
0.0,0.159,0.0,0.165,0.4473086136647489
0.0,0.202,0.153,0.223,0.12100489342970046
0.0,0.234,0.0,0.167,0.4755840380008599
0.157,0.509,0.063,0.187,0.039290759812452655
0.0,0.153,0.0,0.008,0.26537130689379823
0.0,0.186,0.22,0.53,0.08693515693781864
0.12,0.324,0.0,0.295,0.04342662926639504
0.0,0.203,0.093,0.157,0.16909973178272353
0.0,0.276,0.273,0.351,0.04318093405130935
0.0,0.245,0.0,0.276,0.6273417825187855
0.0,0.337,0.16,0.216,0.1441616674515264
0.092,0.13,0.0,0.115,0.027395016482054012
0.096,0.571,0.515,0.861,0.036321942630167275
0.0,0.358,0.065,0.311,0.3521017178190455
0.0,0.162,0.552,0.823,0.10757355500501628
0.0,0.051,0.0,0.266,0.526442947523597
0.046,0.398,0.0,0.342,0.14909604635449725
0.0,0.045,0.0,0.418,0.5620073299072501
0.0,0.093,0.0,0.297,0.526442947523597
0.0,0.342,0.0,0.067,0.3031264716119654
0.087,0.579,0.0,0.097,0.07929813066890522
0.0,0.006,0.049,0.202,0.27448250445322575
0.071,0.151,0.38,0.62,0.004013021846399541
0.0,0.335,0.594,0.656,0.028418746544911038
0.083,0.361,0.0,0.199,0.12481316926352859
0.0,0.349,0.0,0.109,0.3031264716119654
0.097,0.569,0.03,0.22,0.11396163059724412
0.0,0.143,0.343,0.657,0.07035072991953481
0.056,0.166,0.282,0.342,0.004238242460228087
0.0,0.047,0.0,0.304,0.526442947523597
0.0,0.103,0.0,0.091,0.25081386539997136
0.168,0.276,0.007,0.369,0.038615097970967016
0.318,0.571,0.0,0.364,0.10423619500010237
0.489,0.623,0.338,0.412,0.0026412235621711268
0.0,0.092,0.0,0.158,0.40508998587252515
0.0,0.246,0.0,0.417,0.6827665281218648
0.0,0.15,0.157,0.219,0.12100489342970046
0.0,0.21,0.0,0.095,0.27820888188202536
0.0,0.243,0.0,0.03,0.28095247845048216
0.0,0.044,0.659,0.841,0.06985933948936345
0.255,0.633,0.452,0.924,0.023607215249483015
0.095,0.128,0.0,0.155,0.04221862779222375
0.0,0.144,0.0,0.164,0.4473086136647489
0.0,0.178,0.0,0.223,0.5683135070944494
0.0,0.173,0.0,0.212,0.5683135070944494
0.0,0.229,0.0,0.004,0.28095247845048216
0.0,0.185,0.089,0.287,0.30570627137036505
0.181,0.263,0.0,0.02,0.015581171556683933
0.0,0.247,0.021,0.229,0.32996867386007656
0.295,0.371,0.111,0.265,0.019184701377940663
0.0,0.026,0.713,0.911,0.047767244732908824
0.0,0.206,0.0,0.411,0.6277307999426711
0.179,0.265,0.217,0.407,0.012428082963084295
0.0,0.229,0.137,0.239,0.13533711430969883
0.0,0.25,-0.0,0.0,0.28095247845048216
0.0,0.11,0.0,0.31,0.526442947523597
0.0,0.053,0.315,0.685,0.06005200548719314
0.0,0.104,0.0,0.084,0.25081386539997136
0.0,0.13,0.0,0.081,0.27820888188202536
0.0,0.192,0.177,0.447,0.18488564935197888
0.0,0.024,0.0,0.113,0.25081386539997136
0.0,0.003,0.0,0.13,0.40508998587252515
0.254,0.413,0.208,0.542,0.0069818390286849165
0.199,0.245,0.159,0.217,0.014332220879998362
0.0,0.231,0.0,0.218,0.6109211523105588
0.0,0.011,0.034,0.466,0.3269589074752769
0.371,0.741,0.474,0.65,0.010155402223541696
0.0,0.046,0.05,0.074,0.011629573514055814
0.229,0.659,0.058,0.442,0.07493704060113429
0.0,0.178,0.0,0.21,0.5683135070944494
0.0,0.246,0.021,0.229,0.32996867386007656
0.0,0.132,0.0,0.124,0.27820888188202536
0.33,0.558,0.056,0.194,0.05847546119039332
0.542,0.57,0.0,0.095,0.008988349951884687
0.0,0.014,0.0,0.046,0.23918429188591553
0.308,0.358,0.244,0.38,0.006551872402284965
0.0,0.241,0.534,0.842,0.11523105587518682
0.0,0.231,0.454,0.796,0.10702074077107349
0.16,0.506,0.255,0.495,0.02020843144079769
0.0,0.126,0.402,0.598,0.03445875391576749
0.0,0.174,0.738,0.886,0.051227452345365576
0.0,0.248,0.0,0.059,0.28095247845048216
0.0,0.046,0.413,0.837,0.12252001392272885
0.0,0.239,0.0,0.276,0.6273417825187855
0.477,0.635,0.0,0.013,0.00872218013554186
0.652,0.682,0.104,0.146,0.007432280256342008
0.476,0.858,0.62,0.63,0.002845969574742532
0.333,0.555,0.122,0.254,0.04381564669028071
0.0,0.161,0.032,0.218,0.3029422002006511
0.0,0.09,0.392,0.858,0.12252001392272885
0.396,0.492,0.0,0.178,0.035195839561024546
0.0,0.092,0.0,0.029,0.23918429188591553
0.0,0.311,0.275,0.475,0.059990581683421716
0.0,0.189,0.0,0.01,0.26537130689379823
0.0,0.198,0.124,0.252,0.30570627137036505
0.0,0.054,0.581,0.794,0.0631641448782785
0.0,0.018,0.0,0.414,0.5620073299072501
0.0,0.133,0.632,0.992,0.08658708871644724
0.0,0.03,0.0,0.041,0.23918429188591553
0.0,0.132,0.0,0.24,0.5683135070944494
0.0,0.201,0.704,0.796,0.01109723388137016
0.0,0.139,0.0,0.216,0.5683135070944494
0.0,0.168,0.089,0.411,0.34952191806064575
0.0,0.22,0.0,0.298,0.5839151532523904
0.388,0.501,0.058,0.066,0.0014127474867426956
0.0,0.207,0.0,0.223,0.5683135070944494
0.0,0.147,0.068,0.182,0.16909973178272353
0.0,0.031,0.165,0.211,0.10857681046661616
0.062,0.382,0.142,0.482,0.06611248745930673
0.0,0.118,0.0,0.226,0.5683135070944494
0.0,0.058,0.786,1.0,0.038574148768452735
0.0,0.023,0.0,0.089,0.25081386539997136
0.0,0.46,0.129,0.495,0.23682971274134437
0.445,0.668,0.067,0.183,0.01422984787371266
0.256,0.633,0.042,0.082,0.0018836633156569275
0.0,0.181,0.0,0.368,0.6163264470424439
0.0,0.181,0.0,0.297,0.5839151532523904
0.0,0.025,0.102,0.274,0.27562908212362563
0.21,0.456,0.0,0.288,0.11394115599598698
0.315,0.352,0.0,0.269,0.027886406912225385
0.0,0.243,0.205,0.419,0.07184537581130608
0.0,0.358,0.0,0.375,0.7168772138162609
0.0,0.013,0.154,0.222,0.10857681046661616
0.0,0.046,0.0,0.051,0.23918429188591553
0.0,0.199,0.0,0.032,0.26537130689379823
0.0,0.062,0.0,0.198,0.5136667963391413
0.612,0.722,0.0,0.006,0.008087467496570504
0.0,0.112,0.0,0.118,0.27820888188202536
0.0,0.078,0.79,0.835,0.02891013697508241
0.0,0.225,0.0,0.15,0.4755840380008599
0.0,0.25,0.0,0.234,0.6109211523105588
0.061,0.161,0.189,0.435,0.01107675928011302
0.0,0.217,0.0,0.003,0.26537130689379823
0.075,0.147,0.0,0.081,0.027395016482054012
0.0,0.084,0.0,0.008,0.23918429188591553
0.0,0.117,0.0,0.108,0.27820888188202536
0.0,0.123,0.0,0.021,0.26537130689379823
0.067,0.155,0.0,0.204,0.05464671075530804
0.0,0.194,0.54,0.96,0.11801560164615794
0.539,0.795,0.076,0.174,0.01427079707622694
0.0,0.168,0.556,0.819,0.10757355500501628
0.075,0.369,0.188,0.436,0.0656415716303925
0.0,0.188,0.0,0.259,0.5839151532523904
0.0,0.072,0.0,0.264,0.526442947523597
0.0,0.007,0.0,0.231,0.5136667963391413
0.0,0.209,0.0,0.006,0.26537130689379823
0.229,0.437,0.0,0.4,0.034110685694396105
0.23,0.436,0.0,0.196,0.027558813292111135
0.0,0.298,0.151,0.349,0.19493867856923486
0.0,0.009,0.1,0.276,0.27562908212362563
0.0,0.132,0.095,0.155,0.16909973178272353
0.0,0.194,0.077,0.172,0.16909973178272353
0.0,0.25,0.016,0.36,0.3895702381196126
0.54,0.572,0.016,0.36,0.018324768125140764
0.0,0.155,0.199,0.301,0.015601646157941074
0.0,0.091,0.008,0.368,0.31543170696750683
0.366,0.522,0.428,0.822,0.011772895722855798
0.0,0.323,0.0,0.181,0.4755840380008599
0.0,0.002,0.652,0.724,0.03046620667062509
0.467,0.645,0.0,0.369,0.027046948260682623
0.0,0.241,0.0,0.22,0.6109211523105588
0.0,0.249,0.017,0.359,0.3895702381196126
0.0,0.008,0.0,0.071,0.25081386539997136
0.0,0.212,0.333,0.417,0.011404352900227267
0.0,0.184,0.0,0.405,0.6277307999426711
0.0,0.056,0.0,0.236,0.5136667963391413
0.0,0.055,0.306,0.318,0.028173051329825352
0.0,0.203,0.0,0.335,0.6163264470424439
0.231,0.657,0.065,0.185,0.03402878728936754
0.527,0.585,0.266,0.358,0.002293155340799738
0.139,0.527,0.375,0.375,0.002252206138285457
0.0,0.146,0.205,0.295,0.015601646157941074
0.0,0.018,0.547,0.829,0.09745910198398886
0.428,0.46,0.396,0.604,0.003767326631313855
0.0,0.196,0.598,0.777,0.06955222047050634
0.316,0.572,0.0,0.259,0.09526831964947483
0.0,0.035,0.0,0.061,0.23918429188591553
0.0,0.186,0.079,0.171,0.16909973178272353
0.06,0.384,0.119,0.131,0.03691570606662435
0.28,0.608,0.0,0.147,0.06971601728056347
0.177,0.267,0.0,0.154,0.028275424336111053
0.0,0.127,0.0,0.374,0.6163264470424439
0.0,0.037,0.0,0.173,0.40508998587252515
0.0,0.127,0.0,0.406,0.6277307999426711
0.0,0.195,0.398,0.727,0.09291374050490367
0.0,0.136,0.0,0.365,0.6163264470424439
0.006,0.216,0.0,0.054,0.02618701500788272
0.0,0.114,0.033,0.343,0.3509551401486456
0.0,0.023,0.0,0.224,0.5136667963391413
0.0,0.02,0.0,0.105,0.25081386539997136
0.0,0.089,0.0,0.134,0.40508998587252515
0.0,0.087,0.0,0.289,0.526442947523597
0.0,0.122,0.0,0.223,0.5683135070944494
0.498,0.836,0.0,0.211,0.046477344853708975
0.0,0.163,0.0,0.359,0.6163264470424439
0.0,0.036,0.0,0.42,0.5620073299072501
0.0,0.018,0.002,0.248,0.27448250445322575
0.023,0.199,0.0,0.009,0.02618701500788272
0.422,0.466,0.0,0.276,0.042628119817366555
0.0,0.133,0.071,0.179,0.16909973178272353
0.012,0.432,0.251,0.373,0.020310804447083393
0.0,0.244,0.442,0.933,0.14866607972809728
0.0,0.109,0.0,0.244,0.5136667963391413
0.0,0.152,0.0,0.372,0.6163264470424439
0.2,0.689,0.045,0.205,0.09946561290718864
0.0,0.23,0.0,0.205,0.6109211523105588
0.0,0.177,0.0,0.343,0.6163264470424439
0.0,0.114,0.0,0.365,0.6163264470424439
0.0,0.132,0.069,0.181,0.16909973178272353
0.0,0.03,0.0,0.206,0.5136667963391413
0.424,0.688,0.173,0.451,0.033148379435310495
0.0,0.133,0.063,0.313,0.3381175651604185
0.0,0.059,0.0,0.005,0.23918429188591553
0.057,0.387,0.0,0.123,0.052312606211994024
0.0,0.047,0.0,0.153,0.40508998587252515
0.101,0.565,0.0,0.302,0.1961671546446633
0.0,0.101,0.0,0.026,0.23918429188591553
0.0,0.143,0.0,0.05,0.26537130689379823
0.0,0.082,0.441,0.809,0.08947400749370406
0.0,0.203,0.0,0.088,0.27820888188202536
0.207,0.681,0.0,0.217,0.15693781863598205
0.0,0.021,0.0,0.03,0.23918429188591553
0.331,0.336,0.225,0.525,0.0069818390286849165
0.0,0.083,0.0,0.199,0.5136667963391413
0.093,0.129,0.0,0.005,0.02618701500788272
0.43,0.682,0.271,0.353,0.005917159763313609
0.205,0.239,0.121,0.255,0.02721074507073975
0.0,0.189,0.0,0.293,0.5839151532523904
0.0,0.145,0.14,0.236,0.12100489342970046
0.0,0.157,0.689,0.935,0.051227452345365576
0.0,0.052,0.0,0.1,0.25081386539997136
0.0,0.042,0.165,0.46,0.1610532134886673
0.0,0.248,0.024,0.226,0.32996867386007656
0.0,0.227,0.0,0.181,0.4755840380008599
0.0,0.07,0.052,0.324,0.31543170696750683
0.0,0.011,0.0,0.12,0.25081386539997136
0.297,0.369,0.03,0.346,0.024692369116111463
0.525,0.588,0.0,0.348,0.027046948260682623
0.0,0.043,0.0,0.166,0.40508998587252515
0.0,0.183,0.0,0.317,0.6163264470424439
0.0,0.052,0.08,0.17,0.1542761204725538
0.0,0.133,0.041,0.336,0.3509551401486456
0.0,0.243,0.232,0.269,0.016420630208226695
0.0,0.079,0.0,0.026,0.23918429188591553
0.0,0.21,0.0,0.117,0.27820888188202536
0.0,0.19,0.0,0.06,0.26537130689379823
0.0,0.172,0.0,0.246,0.5683135070944494
0.0,0.017,0.0,0.284,0.526442947523597
0.0,0.228,0.612,1.0,0.11836366986752933
0.0,0.029,0.0,0.17,0.40508998587252515
0.157,0.509,0.0,0.322,0.1313855162670707
0.0,0.22,0.0,0.014,0.26537130689379823
0.045,0.177,0.0,0.305,0.057472205728793434
0.238,0.428,0.0,0.181,0.018734260150283573
0.0,0.021,0.342,0.658,0.06005200548719314
0.228,0.66,0.0,0.218,0.09227902786593231
0.0,0.051,0.003,0.247,0.27448250445322575
0.1,0.344,0.07,0.18,0.03691570606662435
0.592,0.742,0.0,0.119,0.008210315104113347
0.0,0.194,0.062,0.188,0.3029422002006511
0.0,0.21,0.036,0.34,0.3509551401486456
0.0,0.003,0.0,0.193,0.5136667963391413
0.0,0.21,0.109,0.141,0.16909973178272353
0.0,0.16,0.0,0.134,0.4473086136647489
0.089,0.355,0.013,0.363,0.09883090026821728
0.0,0.209,0.467,0.908,0.1396777297762126
0.0,0.226,0.462,0.913,0.14866607972809728
0.0,0.159,0.549,0.701,0.06539587641530681
0.0,0.114,0.0,0.009,0.26537130689379823
0.0,0.035,0.02,0.23,0.27448250445322575
0.0,0.038,0.0,0.032,0.23918429188591553
0.0,0.071,0.076,0.174,0.1542761204725538
0.0,0.102,0.651,0.973,0.07952335128273377
0.0,0.179,0.0,0.242,0.5683135070944494
0.0,0.071,0.0,0.076,0.25081386539997136
0.0,0.196,0.0,0.233,0.5683135070944494
0.133,0.311,0.0,0.004,0.015581171556683933
0.0,0.063,0.0,0.237,0.5136667963391413
0.267,0.621,0.646,0.978,0.01185479412788436
0.0,0.221,0.0,0.35,0.6163264470424439
0.15,0.516,0.301,0.323,0.01744436027108372
0.0,0.191,0.0,0.425,0.6277307999426711
0.0,0.255,0.0,0.232,0.6109211523105588
0.0,0.108,0.0,0.091,0.25081386539997136
0.0,0.07,0.684,1.0,0.07952335128273377
0.0,0.469,0.127,0.249,0.14934174156958294
0.361,0.526,0.0,0.093,0.017997174505026515
0.33,0.782,0.177,0.447,0.04858622878319445
0.0,0.117,0.0,0.176,0.4473086136647489
0.0,0.146,0.0,0.051,0.26537130689379823
0.0,0.121,0.06,0.44,0.36682295612292953
0.37,0.517,0.0,0.202,0.0403759136790811
0.0,0.138,0.0,0.116,0.27820888188202536
0.0,0.06,0.066,0.184,0.1542761204725538
0.0,0.189,0.023,0.227,0.3029422002006511
0.0,0.172,0.0,0.079,0.27820888188202536
0.0,0.084,0.329,0.421,0.007391331053827727
0.0,0.171,0.676,0.948,0.08658708871644724
0.0,0.13,0.096,0.154,0.16909973178272353
0.119,0.326,0.0,0.079,0.01621588419565529
0.0,0.149,0.0,0.189,0.5683135070944494
0.294,0.372,0.406,0.718,0.005814786757027907
0.0,0.206,0.0,0.151,0.4473086136647489
0.0,0.08,0.105,0.144,0.1542761204725538
0.0,0.207,0.102,0.148,0.16909973178272353
0.0,0.239,0.0,0.26,0.6273417825187855
0.517,0.595,0.234,0.39,0.005343870928113675
0.0,0.157,0.0,0.035,0.26537130689379823
0.352,0.761,0.0,0.235,0.08677136012776152
0.0,0.043,0.0,0.106,0.25081386539997136
0.0,0.153,0.087,0.537,0.37703978215024264
0.0,0.051,0.0,0.167,0.40508998587252515
0.0,0.099,0.687,0.689,0.03046620667062509
0.0,0.225,0.0,0.021,0.28095247845048216
0.0,0.068,0.0,0.373,0.5546159988534223
0.262,0.627,0.117,0.383,0.07260293605782027
0.0,0.166,0.577,0.799,0.06955222047050634
0.0,0.242,0.129,0.247,0.13533711430969883
0.0,0.039,0.0,0.044,0.23918429188591553
0.0,0.119,0.0,0.004,0.26537130689379823
0.0,0.214,0.519,0.857,0.10757355500501628
0.0,0.108,0.0,0.08,0.25081386539997136
0.367,0.521,0.001,0.375,0.027906881513482525
0.0,0.026,0.0,0.036,0.23918429188591553
0.0,0.155,0.0,0.174,0.4473086136647489
0.444,0.668,0.0,0.304,0.08951495669621834
0.0,0.157,0.676,0.699,0.03396736348559612
0.078,0.144,0.005,0.371,0.0355234331811388
0.0,0.148,0.656,0.72,0.03396736348559612
0.106,0.116,0.099,0.525,0.04078540570422391
0.0,0.207,0.0,0.277,0.5839151532523904
0.0,0.1,0.0,0.025,0.23918429188591553
0.0,0.2,0.0,0.029,0.26537130689379823
0.0,0.176,0.0,0.138,0.4473086136647489
0.0,0.215,0.052,0.324,0.3509551401486456
0.298,0.368,0.0,0.113,0.00870170553428472
0.0,0.124,0.696,0.928,0.051227452345365576
0.0,0.176,0.0,0.053,0.26537130689379823
0.191,0.253,0.0,0.397,0.05503572817919371
0.0,0.127,0.159,0.217,0.12100489342970046
0.0,0.463,0.0,0.235,0.678855879281751
0.0,0.134,0.0,0.03,0.26537130689379823
0.0,0.218,0.0,0.281,0.5839151532523904
0.313,0.353,0.0,0.037,0.008496959521713315
0.0,0.195,0.549,0.827,0.10757355500501628
0.0,0.052,0.431,0.819,0.12252001392272885
0.0,0.129,0.0,0.066,0.27820888188202536
0.532,0.802,0.0,0.161,0.03151041133473926
0.0,0.183,0.809,0.815,0.031080444708339306
0.0,0.202,0.09,0.16,0.16909973178272353
0.221,0.223,0.568,0.682,0.0026412235621711268
0.0,0.098,0.064,0.186,0.1542761204725538
0.0,0.25,0.087,0.289,0.33291701644110483
0.0,0.208,0.313,0.811,0.1154153272865011
0.226,0.662,0.0,0.195,0.09227902786593231
0.0,0.124,0.0,0.265,0.5839151532523904
0.255,0.633,0.0,0.348,0.10423619500010237
0.0,0.234,0.0,0.087,0.29442476607768064
0.0,0.137,0.06,0.316,0.3509551401486456
0.0,0.06,0.609,1.0,0.10173829364673123
0.0,0.156,0.0,0.122,0.27820888188202536
0.0,0.351,0.026,0.224,0.3490305276304744
0.0,0.202,0.631,0.993,0.08658708871644724
0.498,0.836,0.0,0.102,0.017239614258512316
0.0,0.342,0.0,0.379,0.7168772138162609
0.0,0.233,0.619,0.756,0.0752441596199914
0.0,0.054,0.0,0.319,0.5546159988534223
0.0,0.011,0.0,0.359,0.5546159988534223
0.0,0.155,0.0,0.32,0.6163264470424439
0.0,0.062,0.026,0.35,0.31543170696750683
0.182,0.484,0.0,0.355,0.1313855162670707
0.0,0.132,0.063,0.313,0.3381175651604185
0.0,0.166,0.0,0.278,0.5839151532523904
0.022,0.422,0.0,0.295,0.12878524190741386
0.0,0.048,0.0,0.199,0.5136667963391413
0.0,0.313,0.187,0.189,0.13533711430969883
0.0,0.145,0.0,0.078,0.27820888188202536
0.0,0.015,0.0,0.082,0.25081386539997136
0.549,0.563,0.058,0.318,0.018324768125140764
0.0,0.223,0.0,0.369,0.6705227165700948
0.0,0.201,0.087,0.537,0.37703978215024264
0.0,0.245,0.0,0.209,0.6109211523105588
0.0,0.11,0.0,0.221,0.5136667963391413
0.439,0.895,0.0,0.026,0.03372166827051043
0.0,0.164,0.0,0.092,0.27820888188202536
0.0,0.085,0.147,0.229,0.10857681046661616
0.0,0.017,0.63,0.746,0.03046620667062509
0.0,0.184,0.0,0.004,0.26537130689379823
0.0,0.078,0.0,0.096,0.25081386539997136
0.0,0.213,0.035,0.215,0.3029422002006511
0.486,0.626,0.0,0.117,0.008988349951884687
0.188,0.256,0.291,0.709,0.01867283634651215
0.0,0.069,0.068,0.182,0.1542761204725538
0.0,0.092,0.0,0.411,0.5620073299072501
0.0,0.204,0.0,0.101,0.27820888188202536
0.0,0.234,0.0,0.142,0.4755840380008599
0.0,0.154,0.0,0.162,0.4473086136647489
0.0,0.215,0.0,0.026,0.26537130689379823
0.0,0.067,0.455,0.795,0.08947400749370406
0.0,0.103,0.028,0.222,0.27448250445322575
0.0,0.083,0.0,0.064,0.25081386539997136
0.0,0.198,0.112,0.264,0.30570627137036505
0.0,0.009,0.0,0.073,0.25081386539997136
0.0,0.176,0.096,0.528,0.37703978215024264
0.0,0.207,0.0,0.344,0.6163264470424439
0.0,0.195,0.0,0.265,0.5839151532523904
0.0,0.023,0.492,0.508,0.02092504248479761
0.104,0.562,0.0,0.12,0.07929813066890522
0.0,0.215,0.0,0.305,0.5839151532523904
0.0,0.214,0.802,0.948,0.04152249134948097
0.007,0.215,0.0,0.008,0.02618701500788272
0.0,0.244,0.0,0.417,0.6827665281218648
0.0,0.153,0.0,0.152,0.4473086136647489
0.17,0.274,0.0,0.041,0.015581171556683933
0.0,0.064,0.0,0.337,0.5546159988534223
0.359,0.529,0.0,0.357,0.043999918101594974
0.0,0.227,0.0,0.207,0.6109211523105588
0.0,0.004,0.0,0.115,0.25081386539997136
0.145,0.521,0.0,0.324,0.1313855162670707
0.0,0.088,0.072,0.552,0.3362543764460187
0.0,0.046,0.048,0.202,0.27448250445322575
0.0,0.031,0.0,0.011,0.23918429188591553
0.0,0.198,0.268,0.482,0.04827910976433734
0.0,0.062,0.057,0.319,0.31543170696750683
0.02,0.202,0.0,0.192,0.05464671075530804
0.0,0.186,0.731,0.769,0.01109723388137016
0.0,0.091,0.0,0.385,0.5620073299072501
0.486,0.626,0.621,0.755,0.002661698163428267
0.0,0.228,0.083,0.167,0.1811592719231793
0.0,0.102,0.609,0.641,0.022214942363997462
0.502,0.832,0.0,0.251,0.04698920988513749
0.0,0.326,0.0,0.036,0.28095247845048216
0.0,0.188,0.0,0.199,0.5683135070944494
0.0,0.129,0.0,0.177,0.4473086136647489
0.0,0.139,0.498,0.502,0.023054401015540224
0.0,0.17,0.0,0.12,0.27820888188202536
0.0,0.104,0.0,0.235,0.5136667963391413
0.0,0.225,0.456,0.92,0.14866607972809728
0.426,0.462,0.043,0.207,0.023791486660797282
0.0,0.19,0.525,0.851,0.10757355500501628
0.519,0.816,0.042,0.208,0.029626748019082327
0.0,0.029,0.63,0.87,0.06985933948936345
0.0,0.092,0.186,0.19,0.10857681046661616
0.0,0.009,0.0,0.302,0.526442947523597
0.0,0.248,0.0,0.001,0.28095247845048216
0.479,0.855,0.034,0.466,0.038164656743309926
0.542,0.57,0.0,0.216,0.024344300894740076
0.034,0.41,0.0,0.272,0.12878524190741386
0.219,0.225,0.218,0.406,0.012428082963084295
0.0,0.241,0.0,0.196,0.6109211523105588
0.0,0.198,0.117,0.133,0.16909973178272353
0.0,0.049,0.0,0.066,0.25081386539997136
0.0,0.05,0.0,0.3,0.526442947523597
0.0,0.01,0.0,0.227,0.5136667963391413
0.0,0.315,0.0,0.243,0.6109211523105588
0.0,0.123,0.065,0.435,0.34952191806064575
0.096,0.126,0.0,0.061,0.02618701500788272
0.0,0.218,0.0,0.419,0.6277307999426711
0.0,0.021,0.0,0.186,0.40508998587252515
0.0,0.087,0.0,0.054,0.23918429188591553
0.2,0.244,0.0,0.284,0.04342662926639504
0.0,0.125,0.0,0.209,0.5683135070944494
0.0,0.025,0.084,0.166,0.1542761204725538
0.0,0.032,0.0,0.258,0.526442947523597
0.0,0.143,0.168,0.208,0.12100489342970046
0.028,0.194,0.11,0.14,0.014823611310169734
0.08,0.364,0.469,0.781,0.023545791445711596
0.0,0.072,0.012,0.364,0.31543170696750683
0.0,0.237,0.03,0.22,0.32996867386007656
0.0,0.246,0.0,0.18,0.4755840380008599
0.0,0.027,0.172,0.204,0.10857681046661616
0.0,0.045,0.0,0.058,0.23918429188591553
0.09,0.576,0.165,0.211,0.049323314428451503
0.0,0.135,0.0,0.408,0.6277307999426711
0.0,0.177,0.117,0.133,0.16909973178272353
0.0,0.145,0.068,0.556,0.37703978215024264
0.0,0.208,0.0,0.325,0.6163264470424439
0.0,0.065,0.0,0.391,0.5620073299072501
0.0,0.177,0.123,0.253,0.30570627137036505
0.0,0.212,0.0,0.09,0.27820888188202536
0.0,0.225,0.0,0.1,0.29442476607768064
0.068,0.154,0.387,0.863,0.012571405171884278
0.0,0.053,0.023,0.353,0.31543170696750683
0.0,0.067,0.0,0.207,0.5136667963391413
0.0,0.032,0.001,0.249,0.27448250445322575
0.0,0.239,0.066,0.184,0.1811592719231793
0.0,0.183,0.097,0.153,0.16909973178272353
0.187,0.479,0.616,1.0,0.01979893941565488
0.085,0.359,0.076,0.299,0.07647263569541983
0.0,0.059,0.0,0.431,0.5620073299072501
0.0,0.033,0.412,0.838,0.12252001392272885
0.0,0.214,0.0,0.24,0.5683135070944494
0.0,0.2,0.0,0.087,0.27820888188202536
0.0,0.188,0.264,0.36,0.03241129379005344
0.0,0.234,0.415,0.709,0.09997747793861715
0.0,0.166,0.0,0.218,0.5683135070944494
0.0,0.238,0.015,0.235,0.32996867386007656
0.312,0.354,0.0,0.053,0.008496959521713315
0.0,0.185,0.765,0.86,0.031080444708339306
0.0,0.031,0.0,0.011,0.23918429188591553
0.482,0.852,0.513,0.737,0.0068794660223992134
0.0,0.227,0.0,0.169,0.4755840380008599
0.0,0.122,0.035,0.341,0.3509551401486456
0.042,0.402,0.0,0.29,0.12878524190741386
0.526,0.808,0.454,0.796,0.008210315104113347
0.0,0.208,0.0,0.214,0.5683135070944494
0.0,0.089,0.0,0.123,0.25081386539997136
0.0,0.123,0.24,0.26,0.015601646157941074
0.0,0.241,0.012,0.238,0.32996867386007656
0.0,0.191,0.0,0.109,0.27820888188202536
0.0,0.031,0.0,0.304,0.526442947523597
0.0,0.008,0.097,0.153,0.1542761204725538
0.237,0.429,0.182,0.194,0.008824553141827562
0.0,0.145,0.073,0.177,0.16909973178272353
0.0,0.326,0.149,0.227,0.13533711430969883
0.0,0.041,0.0,0.144,0.40508998587252515
0.0,0.166,0.177,0.323,0.16901783337769496
0.0,0.21,0.0,0.438,0.6321942630167278
0.0,0.025,0.608,0.892,0.10044839376753138
0.0,0.023,0.0,0.268,0.526442947523597
0.0,0.223,0.0,0.159,0.4755840380008599
0.0,0.128,0.0,0.171,0.4473086136647489
0.0,0.106,0.0,0.062,0.25081386539997136
0.0,0.042,0.0,0.119,0.25081386539997136
0.0,0.107,0.0,0.047,0.23918429188591553
0.0,0.188,0.127,0.249,0.12100489342970046
0.51,0.824,0.0,0.403,0.05495382977416515
0.0,0.149,0.581,0.795,0.06955222047050634
0.0,0.065,0.426,0.574,0.03044573206936795
0.0,0.065,0.0,0.395,0.5620073299072501
0.0,0.213,0.0,0.106,0.27820888188202536
0.0,0.163,0.0,0.299,0.5839151532523904
0.0,0.338,0.0,0.004,0.28944943797219547
0.0,0.104,0.387,0.613,0.03044573206936795
0.0,0.023,0.0,0.229,0.5136667963391413
0.324,0.564,0.488,0.762,0.01809954751131222
0.0,0.177,0.0,0.04,0.26537130689379823
0.0,0.09,0.418,0.582,0.03044573206936795
0.0,0.023,0.0,0.088,0.25081386539997136
0.0,0.156,0.0,0.169,0.4473086136647489
0.0,0.064,0.13,0.246,0.10857681046661616
0.37,0.742,0.091,0.285,0.054319117135193794
0.293,0.595,0.0,0.023,0.03380356667553899
0.0,0.136,0.0,0.406,0.6277307999426711
0.0,0.259,0.0,0.416,0.6827665281218648
0.0,0.06,0.0,0.228,0.5136667963391413
0.0,0.192,0.0,0.146,0.4473086136647489
0.0,0.002,0.03,0.346,0.31543170696750683
0.344,0.544,0.0,0.23,0.0403759136790811
0.0,0.212,0.156,0.22,0.12100489342970046
0.0,0.03,0.009,0.24,0.27448250445322575
0.0,0.049,0.452,0.548,0.02092504248479761
0.0,0.228,0.0,0.198,0.6109211523105588
0.039,0.183,0.173,0.203,0.012428082963084295
0.112,0.332,0.0,0.064,0.01621588419565529
0.0,0.036,0.0,0.217,0.5136667963391413
0.0,0.118,0.018,0.232,0.3029422002006511
0.079,0.365,0.0,0.049,0.05026514608627997
0.0,0.011,0.0,0.074,0.25081386539997136
0.0,0.182,0.071,0.179,0.16909973178272353
0.0,0.205,0.0,0.249,0.5683135070944494
0.0,0.083,0.073,0.177,0.1542761204725538
0.0,0.11,0.0,0.086,0.25081386539997136
0.0,0.198,0.323,0.802,0.1154153272865011
0.0,0.238,0.0,0.246,0.6109211523105588
0.0,0.158,0.347,0.403,0.011404352900227267
0.0,0.219,0.186,0.314,0.16901783337769496
0.0,0.026,0.128,0.248,0.10857681046661616
0.404,0.484,0.078,0.422,0.026494134026739828
0.057,0.165,0.114,0.136,0.014823611310169734
0.0,0.091,0.421,0.579,0.03044573206936795
0.0,0.186,0.0,0.087,0.27820888188202536
0.0,0.217,0.0,0.024,0.26537130689379823
0.0,0.19,0.0,0.254,0.5839151532523904
0.0,0.081,0.0,0.269,0.526442947523597
0.296,0.592,0.0,0.012,0.03380356667553899
0.0,0.296,0.098,0.402,0.3883417620441842
0.0,0.247,0.0,0.216,0.6109211523105588
0.142,0.524,0.623,0.627,0.0054052947318850965
0.0,0.146,0.0,0.026,0.26537130689379823
0.0,0.096,0.0,0.264,0.526442947523597
0.0,0.124,0.0,0.322,0.6163264470424439
0.416,0.472,0.571,0.805,0.00436109006777093
0.0,0.273,0.344,0.406,0.01224381155177003
0.102,0.12,0.0,0.149,0.04221862779222375
0.0,0.12,0.624,1.0,0.1110747118199873
0.0,0.248,0.0,0.025,0.28095247845048216
0.06,0.162,0.0,0.381,0.06572347003542106
0.025,0.197,0.0,0.003,0.02618701500788272
0.071,0.151,0.073,0.427,0.038328453553367045
0.0,0.238,0.084,0.292,0.33291701644110483
0.0,0.24,0.824,0.926,0.009315943571998934
0.0,0.15,0.004,0.372,0.3509551401486456
0.0,0.102,0.0,0.131,0.40508998587252515
0.0,0.038,0.124,0.252,0.27562908212362563
0.0,0.004,0.018,0.482,0.3269589074752769
0.0,0.233,0.025,0.225,0.32996867386007656
0.0,0.161,0.663,0.961,0.08658708871644724
0.0,0.025,0.0,0.271,0.526442947523597
0.0,0.15,0.569,0.807,0.06955222047050634
0.392,0.496,0.009,0.367,0.027415491083311153
0.129,0.537,0.322,0.802,0.023996232673368686
0.0,0.208,0.638,0.862,0.07614504207530558
0.0,0.113,0.453,0.922,0.1396777297762126
0.0,0.042,0.0,0.295,0.526442947523597
0.0,0.302,0.003,0.373,0.3895702381196126
0.0,0.104,0.107,0.143,0.1542761204725538
0.0,0.236,0.0,0.003,0.28095247845048216
0.259,0.629,0.0,0.357,0.10423619500010237
0.329,0.338,0.505,0.619,0.0025593251571425645
0.0,0.324,0.255,0.746,0.15540222354169653
0.0,0.045,0.0,0.045,0.23918429188591553
0.0,0.345,0.334,0.542,0.04228005159599517
0.0,0.019,0.431,0.569,0.03044573206936795
0.0,0.145,0.473,0.903,0.1396777297762126
0.0,0.054,0.653,0.971,0.07952335128273377
0.0,0.177,0.0,0.047,0.26537130689379823
0.0,0.237,0.0,0.154,0.4755840380008599
0.036,0.408,0.341,0.659,0.020863618681026187
0.0,0.034,0.05,0.326,0.31543170696750683
0.0,0.034,0.678,1.0,0.07952335128273377
0.0,0.134,0.0,0.309,0.5839151532523904
0.0,0.245,0.0,0.13,0.4755840380008599
0.0,0.094,0.075,0.549,0.3362543764460187
0.179,0.265,0.0,0.133,0.028275424336111053
0.058,0.386,0.116,0.134,0.03691570606662435
0.0,0.081,0.0,0.272,0.526442947523597
0.0,0.246,0.167,0.209,0.13533711430969883
0.0,0.148,0.0,0.075,0.27820888188202536
0.0,0.056,0.0,0.149,0.40508998587252515
0.0,0.111,0.417,0.583,0.03445875391576749
0.0,0.031,0.051,0.199,0.27448250445322575
0.0,0.0,0.0,0.119,0.25081386539997136
0.0,0.126,0.0,0.214,0.5683135070944494
0.0,0.246,0.028,0.222,0.32996867386007656
0.0,0.203,0.0,0.32,0.6163264470424439
0.0,0.243,0.0,0.061,0.28095247845048216
0.0,0.243,0.323,0.677,0.07571507544890563
0.005,0.217,0.129,0.621,0.027517864089596854
0.159,0.285,0.023,0.353,0.038615097970967016
0.0,0.227,0.119,0.131,0.1811592719231793
0.0,0.104,0.0,0.071,0.25081386539997136
0.407,0.481,0.0,0.348,0.043999918101594974
0.438,0.896,0.056,0.32,0.062201838619192894
0.0,0.011,0.157,0.219,0.10857681046661616
0.0,0.098,0.0,0.075,0.25081386539997136
0.0,0.226,0.085,0.165,0.1811592719231793
0.0,0.133,0.0,0.16,0.4473086136647489
0.0,0.195,0.111,0.389,0.34952191806064575
0.0,0.095,0.177,0.199,0.10857681046661616
0.0,0.165,0.023,0.353,0.3509551401486456
0.0,0.214,0.472,0.778,0.09954751131221719
0.0,0.245,0.0,0.368,0.6705227165700948
0.0,0.247,0.0,0.313,0.6705227165700948
0.0,0.2,0.0,0.314,0.6163264470424439
0.0,0.17,0.266,0.734,0.13672938719518438
0.0,0.234,0.0,0.204,0.6109211523105588
0.0,0.143,0.14,0.236,0.12100489342970046
0.0,0.244,0.0,0.108,0.29442476607768064
0.0,0.172,0.606,1.0,0.1110747118199873
0.0,0.202,0.605,0.895,0.10968243893450175
0.0,0.131,0.0,0.212,0.5683135070944494
0.0,0.201,0.784,0.84,0.031080444708339306
0.0,0.196,0.0,0.263,0.5839151532523904
0.0,0.095,0.0,0.236,0.5136667963391413
0.0,0.125,0.0,0.224,0.5683135070944494
0.0,0.147,0.0,0.435,0.6277307999426711
0.0,0.155,0.121,0.129,0.16909973178272353
0.0,0.042,0.0,0.297,0.526442947523597
0.0,0.184,0.0,0.083,0.27820888188202536
0.0,0.23,0.328,0.672,0.07571507544890563
0.0,0.224,0.0,0.058,0.28095247845048216
0.0,0.038,0.176,0.2,0.10857681046661616
0.0,0.117,0.0,0.025,0.26537130689379823
0.024,0.198,0.0,0.23,0.05464671075530804
0.319,0.347,0.0,0.139,0.018734260150283573
0.17,0.274,0.124,0.252,0.02721074507073975
0.0,0.102,0.677,0.947,0.07952335128273377
0.0,0.2,0.0,0.01,0.26537130689379823
0.106,0.338,0.0,0.157,0.08922831227861837
0.0,0.175,0.0,0.325,0.6163264470424439
0.0,0.173,0.0,0.147,0.4473086136647489
0.0,0.114,0.131,0.493,0.18488564935197888
0.299,0.589,0.0,0.269,0.09526831964947483
0.0,0.16,0.0,0.296,0.5839151532523904
0.0,0.072,0.658,0.717,0.03046620667062509
0.0,0.059,0.0,0.28,0.526442947523597
0.0,0.097,0.0,0.229,0.5136667963391413
0.0,0.005,0.0,0.134,0.40508998587252515
0.0,0.124,0.0,0.009,0.26537130689379823
0.0,0.162,0.0,0.182,0.4473086136647489
0.0,0.074,0.0,0.036,0.23918429188591553
0.288,0.6,0.547,0.703,0.012448557564341434
0.0,0.041,0.678,0.946,0.07952335128273377
0.0,0.043,0.0,0.117,0.25081386539997136
0.0,0.114,0.867,0.883,0.00904977375565611
0.0,0.013,-0.0,0.376,0.5620073299072501
0.0,0.136,0.0,0.177,0.4473086136647489
0.089,0.355,0.0,0.086,0.052312606211994024
0.048,0.174,0.0,0.165,0.04221862779222375
0.0,0.121,0.331,0.669,0.07035072991953481
0.0,0.054,0.0,0.178,0.40508998587252515
0.268,0.62,0.079,0.171,0.03402878728936754
0.0,0.192,0.052,0.198,0.3029422002006511
0.0,0.075,0.147,0.353,0.1495260129808972
0.0,0.241,0.0,0.145,0.4755840380008599
0.0,0.162,0.0,0.248,0.5683135070944494
0.0,0.009,0.0,0.047,0.23918429188591553
0.0,0.226,0.0,0.148,0.4755840380008599
0.0,0.16,0.116,0.261,0.30570627137036505
0.247,0.419,0.147,0.229,0.008824553141827562
0.0,0.008,0.0,0.13,0.40508998587252515
0.0,0.247,0.18,0.196,0.13533711430969883
0.0,0.143,0.44,0.81,0.09954751131221719
0.0,0.208,0.056,0.32,0.3509551401486456
0.05,0.394,0.0,0.185,0.08922831227861837
0.0,0.222,0.0,0.154,0.4755840380008599
0.0,0.098,0.0,0.378,0.5620073299072501
0.0,0.164,0.0,0.253,0.5839151532523904
0.0,0.131,0.0,0.155,0.4473086136647489
0.0,0.126,0.0,0.141,0.4473086136647489
0.0,0.214,0.059,0.191,0.3029422002006511
0.0,0.125,0.159,0.217,0.12100489342970046
0.0,0.187,0.0,0.417,0.6277307999426711
0.0,0.118,0.082,0.168,0.16909973178272353
0.331,0.782,0.071,0.179,0.041502016748223826
0.0,0.017,0.629,0.746,0.03046620667062509
0.0,0.144,0.0,0.172,0.4473086136647489
0.525,0.588,0.475,0.524,0.000552814233942794
0.0,0.059,0.134,0.242,0.10857681046661616
0.0,0.017,0.061,0.189,0.27448250445322575
0.0,0.218,0.0,0.378,0.6277307999426711
0.0,0.235,0.292,0.332,0.04318093405130935
0.0,0.349,0.0,0.074,0.3031264716119654
0.0,0.016,0.0,0.094,0.25081386539997136
0.0,0.183,0.0,0.213,0.5683135070944494
0.0,0.092,0.0,0.037,0.23918429188591553
0.132,0.534,0.282,0.342,0.01744436027108372
0.0,0.229,0.0,0.337,0.6705227165700948
0.0,0.19,0.0,0.428,0.6277307999426711
0.123,0.321,0.492,0.758,0.0074732294588562885
0.0,0.06,0.0,0.016,0.23918429188591553
0.0,0.235,0.068,0.308,0.33291701644110483
0.0,0.251,0.0,0.247,0.6109211523105588
0.0,0.138,0.0,0.366,0.6163264470424439
0.0,0.118,0.0,0.402,0.6277307999426711
0.0,0.052,0.0,0.249,0.5136667963391413
0.0,0.123,0.0,0.076,0.27820888188202536
0.0,0.072,0.103,0.147,0.1542761204725538
0.0,0.085,0.0,0.075,0.25081386539997136
0.0,0.118,0.055,0.321,0.3509551401486456
0.0,0.083,0.1,0.4,0.3111934645072787
0.0,0.271,0.0,0.091,0.29442476607768064
0.0,0.326,0.463,0.537,0.024119080280911528
0.427,0.907,0.204,0.42,0.012632828975655699
0.0,0.341,0.0,0.228,0.6384799656026698
0.0,0.079,0.0,0.119,0.25081386539997136
0.0,0.038,0.299,0.325,0.028173051329825352
0.0,0.1,0.017,0.359,0.31543170696750683
0.0,0.127,0.0,0.102,0.27820888188202536
0.192,0.252,0.0,0.09,0.01621588419565529
0.251,0.415,0.021,0.229,0.019061853770397822
0.0,0.037,0.0,0.13,0.40508998587252515
0.0,0.064,0.0,0.114,0.25081386539997136
0.0,0.167,0.035,0.341,0.3509551401486456
0.0,0.178,0.0,0.025,0.26537130689379823
0.0,0.046,0.0,0.005,0.23918429188591553
0.389,0.499,0.0,0.33,0.043999918101594974
0.0,0.025,0.0,0.169,0.40508998587252515
0.478,0.634,0.045,0.331,0.018324768125140764
0.0,0.098,0.0,0.279,0.526442947523597
0.0,0.237,0.0,0.127,0.4755840380008599
0.0,0.348,0.154,0.222,0.1441616674515264
0.0,0.191,0.154,0.222,0.12100489342970046
0.0,0.235,0.006,0.37,0.3895702381196126
0.188,0.478,0.049,0.201,0.06987981409062058
0.0,0.457,0.08,0.17,0.2083904915951762
0.393,0.495,0.0,0.222,0.0403759136790811
0.0,0.195,0.0,0.159,0.4473086136647489
0.58,0.754,0.577,0.673,0.0016584427018283819
0.0,0.201,0.608,0.642,0.02448762310354006
0.376,0.736,0.178,0.572,0.03898364079359554
0.0,0.358,0.012,0.364,0.4142626072357241
0.0,0.097,0.0,0.273,0.526442947523597
0.0,0.285,0.177,0.199,0.13533711430969883
0.66,0.674,0.385,0.865,0.004135869453942385
0.0,0.212,0.0,0.205,0.5683135070944494
0.0,0.055,0.007,0.369,0.31543170696750683
0.0,0.008,0.0,0.188,0.5136667963391413
0.0,0.158,0.006,0.37,0.3509551401486456
0.0,0.011,0.179,0.445,0.1610532134886673
0.108,0.114,0.087,0.289,0.03007718924673942
0.0,0.128,0.0,0.106,0.27820888188202536
0.0,0.081,0.0,0.249,0.5136667963391413
0.181,0.485,0.502,0.622,0.003644479023771012
0.0,0.157,0.0,0.239,0.5683135070944494
0.0,0.053,0.252,0.748,0.11869126348764358
0.0,0.116,0.0,0.3,0.5839151532523904
0.0,0.047,0.576,1.0,0.10173829364673123
0.0,0.027,0.301,0.449,0.039700251837595464
0.0,0.222,0.055,0.321,0.3895702381196126
0.0,0.23,0.0,0.206,0.6109211523105588
0.07,0.374,0.0,0.032,0.05026514608627997
0.0,0.193,0.476,0.648,0.05448291394525091
0.103,0.119,0.0,0.338,0.06171044818902152
0.0,0.108,0.0,0.077,0.25081386539997136
0.524,0.588,0.0,0.147,0.015785917569255337
0.0,0.128,0.0,0.23,0.5683135070944494
0.054,0.168,0.0,0.01,0.02618701500788272
0.632,0.702,0.0,0.34,0.024385250097254355
0.555,0.557,0.165,0.211,0.008558383325484736
0.752,0.804,0.707,0.918,6.142380377142156e-05
0.0,0.213,0.0,0.314,0.6163264470424439
0.042,0.18,0.0,0.152,0.04221862779222375
0.0,0.055,0.344,0.656,0.06005200548719314
0.055,0.389,0.0,0.115,0.052312606211994024
0.24,0.426,0.0,0.186,0.018734260150283573
0.028,0.415,0.0,0.164,0.08922831227861837
0.0,0.055,0.0,0.266,0.526442947523597
0.275,0.613,0.0,0.263,0.09526831964947483
0.0,0.095,0.044,0.206,0.27448250445322575
0.0,0.002,0.0,0.052,0.23918429188591553
0.0,0.106,0.0,0.015,0.23918429188591553
0.0,0.144,0.046,0.33,0.3509551401486456
0.0,0.099,0.0,0.066,0.25081386539997136
0.0,0.138,0.771,0.854,0.031080444708339306
0.0,0.164,0.125,0.375,0.34952191806064575
0.0,0.116,0.499,0.877,0.1396777297762126
0.0,0.303,0.5,0.5,0.024119080280911528
0.0,0.086,0.0,0.153,0.40508998587252515
0.0,0.102,0.0,0.212,0.5136667963391413
0.0,0.085,0.607,0.893,0.10044839376753138
0.331,0.557,0.0,0.02,0.03380356667553899
0.0,0.106,0.0,0.163,0.40508998587252515
0.0,0.187,0.174,0.202,0.12100489342970046
0.0,0.122,0.14,0.236,0.12100489342970046
0.0,0.113,0.0,0.265,0.5839151532523904
0.0,0.003,0.007,0.369,0.31543170696750683
0.0,0.175,0.0,0.142,0.4473086136647489
0.0,0.07,0.0,0.383,0.5620073299072501
0.0,0.457,0.037,0.34,0.44167809831903526
0.0,0.155,0.149,0.475,0.18488564935197888
0.0,0.226,0.0,0.343,0.6705227165700948
0.4,0.712,0.0,0.198,0.08677136012776152
0.0,0.117,0.0,0.059,0.26537130689379823
0.0,0.134,0.153,0.223,0.12100489342970046
0.08,0.142,0.0,0.241,0.05464671075530804
0.654,0.68,0.536,0.839,0.003808275833828136
0.0,0.237,0.0,0.372,0.6705227165700948
0.0,0.142,0.071,0.304,0.30570627137036505
0.0,0.247,0.0,0.123,0.29442476607768064
0.106,0.56,0.162,0.462,0.08971970270878975
0.0,0.155,0.0,0.181,0.4473086136647489
0.0,0.242,0.0,0.285,0.6273417825187855
0.0,0.339,0.0,0.136,0.49431829815114353
0.0,0.182,0.0,0.116,0.27820888188202536
0.0,0.219,0.0,0.022,0.26537130689379823
0.0,0.11,0.268,0.356,0.028173051329825352
0.0,0.133,0.373,0.751,0.1154153272865011
0.0,0.21,0.622,0.754,0.06955222047050634
0.0,0.065,0.0,0.248,0.5136667963391413
0.0,0.208,0.698,0.927,0.051227452345365576
0.0,0.057,0.0,0.003,0.23918429188591553
0.0,0.246,0.0,0.017,0.28095247845048216
0.0,0.148,0.0,0.212,0.5683135070944494
0.0,0.144,0.152,0.472,0.18488564935197888
0.0,0.112,0.14,0.236,0.12100489342970046
0.239,0.427,0.0,0.117,0.00870170553428472
0.0,0.216,0.0,0.094,0.27820888188202536
0.0,0.139,0.729,0.895,0.051227452345365576
0.0,0.13,0.512,0.612,0.006940889826170635
0.0,0.142,0.0,0.152,0.4473086136647489
0.0,0.214,0.0,0.142,0.4473086136647489
0.0,0.027,0.0,0.32,0.5546159988534223
0.0,0.037,0.0,0.25,0.526442947523597
0.0,0.262,0.0,0.156,0.4755840380008599
0.0,0.224,0.081,0.169,0.1811592719231793
0.0,0.132,0.0,0.363,0.6163264470424439
0.0,0.062,0.549,0.827,0.09745910198398886
0.0,0.183,0.0,0.235,0.5683135070944494
0.0,0.055,0.0,0.007,0.23918429188591553
0.023,0.42,0.124,0.252,0.07647263569541983
0.0,0.193,0.071,0.179,0.16909973178272353
0.0,0.256,0.12,0.13,0.1811592719231793
0.0,0.044,0.0,0.124,0.25081386539997136
0.0,0.12,0.0,0.022,0.26537130689379823
0.0,0.18,0.0,0.214,0.5683135070944494
0.0,0.051,0.083,0.293,0.27562908212362563
0.0,0.11,0.0,0.02,0.23918429188591553
0.0,0.194,0.01,0.24,0.3029422002006511
0.0,0.021,0.08,0.543,0.3362543764460187
0.0,0.126,0.0,0.231,0.5683135070944494
0.0,0.08,0.0,0.149,0.40508998587252515
0.706,1.0,0.067,0.433,0.00016379681005712415
0.0,0.045,0.0,0.391,0.5620073299072501
0.0,0.075,0.0,0.004,0.23918429188591553
0.0,0.193,0.018,0.358,0.3509551401486456
0.0,0.177,0.495,0.505,0.023054401015540224
0.0,0.03,0.0,0.2,0.5136667963391413
0.0,0.202,0.07,0.554,0.37703978215024264
0.0,0.226,0.0,0.373,0.6705227165700948
0.0,0.037,0.0,0.297,0.526442947523597
0.108,0.336,0.027,0.349,0.09883090026821728
0.0,0.095,0.0,0.119,0.25081386539997136
0.0,0.083,0.471,0.905,0.12675825638295693
0.0,0.187,0.0,0.351,0.6163264470424439
0.0,0.114,0.155,0.221,0.12100489342970046
0.0,0.272,0.476,0.9,0.14866607972809728
0.0,0.048,0.476,0.524,0.02092504248479761
0.0,0.213,0.0,0.245,0.5683135070944494
0.0,0.245,0.0,0.326,0.6705227165700948
0.0,0.085,0.487,0.889,0.12675825638295693
0.0,0.163,0.792,0.832,0.031080444708339306
0.0,0.18,0.47,0.906,0.1396777297762126
0.0,0.343,0.0,0.226,0.6384799656026698
0.353,0.535,0.0,0.344,0.043999918101594974
0.0,0.226,0.0,0.416,0.6827665281218648
0.308,0.58,0.721,1.0,0.007411805655084867
0.0,0.163,0.63,0.746,0.03396736348559612
0.0,0.012,0.14,0.236,0.10857681046661616
0.0,0.112,0.027,0.349,0.3509551401486456
0.395,0.493,0.058,0.442,0.028275424336111053
0.0,0.243,0.0,0.286,0.6273417825187855
0.0,0.322,0.33,0.67,0.07571507544890563
0.0,0.163,0.0,0.16,0.4473086136647489
0.0,0.032,0.116,0.134,0.1542761204725538
0.0,0.243,0.085,0.165,0.1811592719231793
0.0,0.053,0.051,0.325,0.31543170696750683
0.0,0.016,0.0,0.118,0.25081386539997136
0.0,0.112,0.0,0.023,0.26537130689379823
0.0,0.143,0.084,0.166,0.16909973178272353
0.0,0.238,0.0,0.274,0.6273417825187855
0.443,0.445,0.037,0.339,0.027415491083311153
0.0,0.029,0.0,0.032,0.23918429188591553
0.0,0.02,0.0,0.099,0.25081386539997136
0.0,0.119,0.0,0.201,0.5683135070944494
0.0,0.327,0.0,0.203,0.6109211523105588
0.0,0.231,0.0,0.014,0.28095247845048216
0.192,0.252,0.008,0.242,0.027026473659425482
0.0,0.043,0.0,0.359,0.5546159988534223
0.0,0.082,0.0,0.262,0.526442947523597
0.0,0.113,0.0,0.236,0.5683135070944494
0.0,0.046,0.114,0.262,0.27562908212362563
0.0,0.117,0.0,0.304,0.5839151532523904
0.0,0.032,0.0,0.049,0.23918429188591553
0.0,0.153,0.434,0.566,0.03445875391576749
0.0,0.018,0.0,0.08,0.25081386539997136
0.0,0.204,0.623,0.752,0.06955222047050634
0.0,0.057,0.057,0.193,0.27448250445322575
0.0,0.022,0.0,0.233,0.5136667963391413
0.115,0.551,0.171,0.454,0.05194406338936549
0.0,0.186,0.0,0.154,0.4473086136647489
0.0,0.113,0.788,0.962,0.04152249134948097
0.0,0.162,0.0,0.274,0.5839151532523904
0.0,0.191,0.063,0.313,0.3381175651604185
0.0,0.248,0.002,0.374,0.3895702381196126
0.0,0.003,0.0,0.339,0.5546159988534223
0.0,0.13,0.0,0.038,0.26537130689379823
0.0,0.129,0.0,0.139,0.4473086136647489
0.056,0.388,0.023,0.353,0.09883090026821728
0.0,0.098,0.0,0.183,0.40508998587252515
0.088,0.134,0.0,0.272,0.057472205728793434
0.0,0.099,0.0,0.262,0.526442947523597
-0.0,0.0,0.0,0.129,0.40508998587252515
0.38,0.732,0.0,0.218,0.08677136012776152
0.0,0.086,0.333,0.543,0.03245224299256772
0.0,0.275,0.088,0.162,0.1811592719231793
0.0,0.216,0.0,0.365,0.6163264470424439
0.0,0.182,0.0,0.43,0.6277307999426711
0.0,0.114,0.0,0.159,0.4473086136647489
0.22,0.668,0.062,0.562,0.1421551565283266
0.0,0.233,0.558,0.692,0.07129256157736329
0.0,0.107,0.0,0.241,0.5136667963391413
0.0,0.122,0.094,0.282,0.30570627137036505
0.0,0.174,0.623,0.627,0.02448762310354006
0.0,0.033,0.0,0.192,0.5136667963391413
0.0,0.126,0.0,0.178,0.4473086136647489
0.036,0.186,0.0,0.414,0.06572347003542106
0.0,0.093,0.0,0.128,0.40508998587252515
0.0,0.106,0.0,0.248,0.5136667963391413
0.0,0.241,0.003,0.247,0.32996867386007656
0.0,0.077,0.0,0.083,0.25081386539997136
0.545,0.567,0.095,0.529,0.021293585307426137
0.0,0.057,0.098,0.278,0.27562908212362563
0.0,0.077,0.0,0.217,0.5136667963391413
0.0,0.112,0.09,0.16,0.16909973178272353
0.0,0.452,0.0,0.402,0.7613685223480273
0.0,0.026,0.172,0.204,0.10857681046661616
0.0,0.084,0.162,0.462,0.1610532134886673
0.0,0.104,0.0,0.203,0.5136667963391413
0.0,0.135,0.404,0.472,0.004463463074056632
0.0,0.102,0.16,0.34,0.1495260129808972
0.0,0.115,0.0,0.314,0.6163264470424439
0.0,0.128,0.558,0.692,0.06539587641530681
0.0,0.046,0.398,0.726,0.0831268811039905
0.0,0.469,0.183,0.317,0.2181978255973465
0.0,0.243,0.0,0.007,0.28095247845048216
0.0,0.098,0.133,0.367,0.1495260129808972
0.0,0.048,0.0,0.159,0.40508998587252515
0.0,0.243,0.083,0.167,0.1811592719231793
0.122,0.322,0.133,0.617,0.028643967158739583
0.0,0.237,0.06,0.316,0.3895702381196126
0.247,0.419,0.0,0.392,0.034110685694396105
0.0,0.048,0.0,0.094,0.25081386539997136
0.0,0.076,0.81,0.94,0.038574148768452735
0.0,0.103,0.09,0.16,0.1542761204725538
0.0,0.168,0.171,0.205,0.12100489342970046
0.0,0.06,0.251,0.625,0.08822505681701849
0.0,0.176,0.54,0.836,0.10757355500501628
0.0,0.197,0.0,0.074,0.27820888188202536
0.0,0.042,0.559,0.817,0.09745910198398886
0.0,0.06,0.0,0.332,0.5546159988534223
0.436,0.452,0.098,0.152,0.017198665055998034
0.095,0.127,0.0,0.071,0.027395016482054012
0.0,0.043,0.519,0.981,0.10712311377735918
0.0,0.065,0.912,0.964,0.0012898998791998526
0.159,0.285,0.174,0.45,0.02686267684936836
0.061,0.161,0.017,0.359,0.0355234331811388
0.0,0.1,0.085,0.291,0.27562908212362563
0.0,0.15,0.0,0.131,0.4473086136647489
0.0,0.315,0.164,0.587,0.24352490735242932
0.396,0.492,0.0,0.08,0.017997174505026515
0.0,0.019,0.0,0.359,0.5546159988534223
0.0,0.247,0.0,0.155,0.4755840380008599
0.17,0.275,0.113,0.137,0.012059540140455764
0.0,0.122,0.737,1.0,0.05261972523085113
0.0,0.05,0.0,0.057,0.23918429188591553
0.0,0.116,0.0,0.043,0.26537130689379823
0.0,0.465,0.318,0.682,0.08664851252021867
0.224,0.664,0.093,0.283,0.05958108965827891
0.0,0.102,0.608,1.0,0.10173829364673123
0.127,0.318,0.0,0.214,0.042607645216109415
0.0,0.131,0.0,0.054,0.26537130689379823
0.035,0.187,0.0,0.182,0.04221862779222375
0.0,0.242,0.218,0.406,0.07184537581130608
0.0,0.057,0.151,0.225,0.10857681046661616
0.0,0.125,0.546,0.829,0.10757355500501628
0.074,0.148,0.0,0.072,0.027395016482054012
0.0,0.132,0.0,0.336,0.6163264470424439
0.0,0.016,0.464,0.912,0.12675825638295693
0.0,0.226,0.0,0.279,0.6273417825187855
0.0,0.205,0.011,0.365,0.3509551401486456
0.0,0.077,0.0,0.425,0.5620073299072501
0.0,0.239,0.0,0.243,0.6109211523105588
0.0,0.198,0.0,0.393,0.6277307999426711
0.0,0.022,0.0,0.075,0.25081386539997136
0.0,0.143,0.0,0.31,0.5839151532523904
0.049,0.173,0.0,0.028,0.02618701500788272
0.0,0.167,0.045,0.205,0.3029422002006511
0.0,0.203,0.038,0.338,0.3509551401486456
0.0,0.171,0.073,0.303,0.30570627137036505
0.0,0.029,0.261,0.489,0.039700251837595464
0.0,0.161,0.492,0.632,0.05448291394525091
0.08,0.364,0.836,0.914,0.0010237300628570258
0.191,0.253,0.0,0.072,0.01621588419565529
0.0,0.074,0.322,0.678,0.06005200548719314
0.0,0.079,0.528,0.597,0.005384820130627956
0.607,0.728,0.17,0.454,0.009541164185827481
0.0,0.001,0.0,0.024,0.23918429188591553
0.0,0.101,0.146,0.23,0.10857681046661616
0.225,0.663,0.048,0.202,0.05847546119039332
0.0,0.098,0.031,0.219,0.27448250445322575
0.0,0.2,0.72,1.0,0.05261972523085113
0.0,0.025,0.71,0.915,0.047767244732908824
0.0,0.179,0.103,0.147,0.16909973178272353
0.0,0.283,0.428,0.696,0.09997747793861715
0.0,0.211,0.059,0.317,0.3509551401486456
0.121,0.323,0.07,0.306,0.02721074507073975
0.0,0.023,0.114,0.136,0.1542761204725538
0.0,0.139,0.063,0.187,0.16909973178272353
0.104,0.562,0.733,0.891,0.01267377817816998
0.081,0.142,0.0,0.435,0.06572347003542106
0.0,0.043,0.029,0.221,0.27448250445322575
0.0,0.084,0.0,0.011,0.23918429188591553
0.0,0.446,0.0,0.027,0.3060338649904793
0.0,0.044,0.0,0.204,0.5136667963391413
0.0,0.059,0.0,0.398,0.5620073299072501
0.0,0.132,0.0,0.214,0.5683135070944494
0.556,0.778,0.0,0.231,0.046477344853708975
0.0,0.059,0.0,0.038,0.23918429188591553
0.0,0.017,0.0,0.153,0.40508998587252515
0.042,0.179,0.0,0.07,0.027395016482054012
0.427,0.685,0.0,0.187,0.06662435249073524
0.0,0.245,0.594,0.656,0.027128846665711186
0.0,0.177,0.0,0.302,0.5839151532523904
0.0,0.227,0.038,0.212,0.32996867386007656
0.0,0.263,0.0,0.254,0.6273417825187855
0.0,0.117,0.003,0.247,0.3029422002006511
0.074,0.148,0.205,0.545,0.013533711430969882
0.0,0.072,0.585,0.665,0.022214942363997462
0.0,0.117,0.073,0.427,0.34952191806064575
0.0,0.014,0.153,0.223,0.10857681046661616
0.0,0.059,0.623,0.752,0.0631641448782785
0.0,0.114,0.0,0.049,0.26537130689379823
0.0,0.236,0.0,0.435,0.6827665281218648
0.022,0.422,0.0,0.426,0.15486988390901088
0.0,0.111,0.0,0.333,0.6163264470424439
0.0,0.095,0.0,0.414,0.5620073299072501
0.363,0.749,0.177,0.199,0.02014700763702627
0.0,0.353,0.197,0.427,0.07839724821359104
0.0,0.148,0.234,0.266,0.015601646157941074
0.088,0.134,0.273,0.477,0.008578857926741876
0.151,0.293,0.264,0.36,0.010769640261255911
0.0,0.094,0.046,0.204,0.27448250445322575
0.0,0.189,0.28,0.344,0.03241129379005344
0.0,0.118,0.047,0.329,0.3509551401486456
0.0,0.229,0.0,0.052,0.28095247845048216
0.0,0.21,0.0,0.095,0.27820888188202536
0.0,0.189,0.186,0.438,0.18488564935197888
0.137,0.529,0.079,0.297,0.07102639176102045
0.0,0.227,0.604,0.896,0.11688949857701521
0.0,0.021,0.0,0.158,0.40508998587252515
0.0,0.238,0.0,0.049,0.28095247845048216
0.0,0.184,0.751,0.873,0.031080444708339306
0.0,0.2,0.637,0.988,0.08658708871644724
0.0,0.058,0.0,0.224,0.5136667963391413
0.0,0.03,0.169,0.207,0.10857681046661616
0.0,0.104,0.0,0.001,0.23918429188591553
0.0,0.049,0.0,0.307,0.526442947523597
0.0,0.242,0.0,0.341,0.6705227165700948
0.0,0.245,0.619,0.757,0.0752441596199914
0.0,0.178,0.019,0.481,0.36682295612292953
0.0,0.013,0.0,0.346,0.5546159988534223
0.0,0.04,0.0,0.193,0.5136667963391413
0.0,0.079,0.0,0.073,0.25081386539997136
0.0,0.082,0.0,0.24,0.5136667963391413
0.179,0.487,0.0,0.354,0.1313855162670707
0.0,0.029,0.067,0.183,0.1542761204725538
0.175,0.269,0.147,0.477,0.02686267684936836
0.0,0.224,0.175,0.201,0.13533711430969883
0.0,0.205,0.359,0.641,0.07035072991953481
0.389,0.499,0.729,0.771,0.00118752687291415
0.0,0.269,0.146,0.23,0.13533711430969883
0.0,0.058,0.0,0.192,0.5136667963391413
0.357,0.756,0.032,0.218,0.05337728547736533
0.0,0.154,0.32,0.556,0.03892221698982412
0.0,0.187,0.0,0.275,0.5839151532523904
0.0,0.018,0.0,0.069,0.25081386539997136
0.18,0.486,0.0,0.292,0.11394115599598698
0.0,0.196,0.025,0.099,0.012837574988227103
0.288,0.378,0.137,0.239,0.008824553141827562
0.0,0.08,0.0,0.393,0.5620073299072501
0.0,0.219,0.28,0.344,0.03241129379005344
0.409,0.703,0.525,0.85,0.016441104809483836
0.364,0.524,0.0,0.248,0.0403759136790811
0.0,0.228,0.434,0.816,0.1439159722364407
0.0,0.018,0.0,0.355,0.5546159988534223
0.0,0.104,0.0,0.012,0.23918429188591553
0.0,0.055,0.0,0.102,0.25081386539997136
0.0,0.054,0.292,0.458,0.039700251837595464
0.0,0.077,0.18,0.196,0.10857681046661616
0.0,0.198,0.0,0.166,0.4473086136647489
0.0,0.128,0.0,0.211,0.5683135070944494
0.0,0.196,0.0,0.184,0.4473086136647489
0.0,0.074,0.01,0.366,0.31543170696750683
0.257,0.41,0.0,0.028,0.008496959521713315
0.0,0.011,0.003,0.373,0.31543170696750683
0.56,0.774,0.0,0.416,0.025163284945025694
0.0,0.35,0.499,0.751,0.11301979893941566
0.263,0.404,0.222,0.402,0.006551872402284965
0.0,0.064,0.048,0.202,0.27448250445322575
0.272,0.394,0.128,0.248,0.008824553141827562
0.0,0.168,0.118,0.506,0.37703978215024264
0.361,0.751,0.0,0.073,0.035195839561024546
0.0,0.448,0.0,0.263,0.6978563092483774
0.0,0.049,0.0,0.112,0.25081386539997136
0.0,0.101,0.131,0.245,0.10857681046661616
0.0,0.187,0.795,0.955,0.04152249134948097
0.0,0.109,0.0,0.074,0.25081386539997136
0.0,0.056,0.041,0.336,0.31543170696750683
0.0,0.11,0.674,0.95,0.07952335128273377
0.0,0.18,0.032,0.344,0.3509551401486456
0.0,0.064,0.615,0.635,0.022214942363997462
0.0,0.258,0.0,0.033,0.28095247845048216
0.0,0.074,0.0,0.304,0.526442947523597
0.0,0.21,0.13,0.246,0.12100489342970046
0.0,0.152,0.0,0.017,0.26537130689379823
0.058,0.165,0.0,0.065,0.027395016482054012
0.0,0.147,0.13,0.62,0.21488094019368972
0.0,0.175,0.0,0.191,0.5683135070944494
0.0,0.035,-0.0,0.25,0.526442947523597
0.0,0.07,0.0,0.181,0.40508998587252515
0.248,0.639,0.126,0.498,0.039024589996109825
0.0,0.068,0.0,0.072,0.25081386539997136
0.582,0.752,0.193,0.431,0.0031121393910853584
0.0,0.344,0.0,0.24,0.6384799656026698
0.0,0.228,0.477,0.899,0.14866607972809728
0.0,0.037,0.0,0.372,0.5546159988534223
0.352,0.536,0.0,0.362,0.043999918101594974
0.0,0.116,0.121,0.129,0.16909973178272353
0.0,0.177,0.079,0.297,0.30570627137036505
0.0,0.471,0.0,0.23,0.678855879281751
0.0,0.011,0.0,0.207,0.5136667963391413
0.0,0.157,0.029,0.095,0.012837574988227103
0.0,0.042,0.0,0.268,0.526442947523597
0.003,0.219,0.09,0.16,0.014823611310169734
0.0,0.022,0.0,0.426,0.5620073299072501
0.207,0.459,0.0,0.32,0.1313855162670707
0.487,0.625,0.116,0.261,0.015765442967998197
0.024,0.198,0.489,0.887,0.012919473393255667
0.0,0.068,0.105,0.271,0.27562908212362563
0.0,0.134,0.0,0.356,0.6163264470424439
0.663,0.671,0.0,0.157,0.015642595360455355
0.0,0.052,0.0,0.43,0.5620073299072501
0.0,0.092,0.0,0.106,0.25081386539997136
0.307,0.581,0.008,0.492,0.07493704060113429
0.0,0.074,0.0,0.175,0.40508998587252515
0.0,0.005,0.036,0.214,0.27448250445322575
0.0,0.199,0.125,0.125,0.16909973178272353
0.105,0.339,0.0,0.152,0.08922831227861837
0.0,0.026,0.0,0.015,0.23918429188591553
0.197,0.691,0.0,0.236,0.15693781863598205
0.0,0.063,0.266,0.358,0.028173051329825352
0.0,0.356,0.22,0.53,0.10751213120124485
0.0,0.314,0.203,0.547,0.10053029217255995
0.0,0.261,0.054,0.322,0.3895702381196126
0.0,0.16,0.18,0.196,0.12100489342970046
0.0,0.035,0.068,0.182,0.1542761204725538
0.0,0.121,0.025,0.225,0.3029422002006511
0.0,0.24,0.0,0.131,0.4755840380008599
0.0,0.089,0.0,0.174,0.40508998587252515
0.429,0.459,0.023,0.227,0.023791486660797282
0.0,0.113,0.152,0.224,0.12100489342970046
0.062,0.16,0.425,0.825,0.012571405171884278
0.0,0.078,0.0,0.148,0.40508998587252515
0.0,0.191,0.462,0.538,0.023054401015540224
0.111,0.111,0.0,0.207,0.05464671075530804
0.0,0.098,0.0,0.013,0.23918429188591553
0.0,0.056,0.0,0.06,0.23918429188591553
0.0,0.247,0.654,0.722,0.03650621404148154
0.0,0.034,0.327,0.673,0.06005200548719314
0.288,0.379,0.097,0.153,0.010032554615998853
0.0,0.014,0.076,0.299,0.27562908212362563
0.0,0.039,0.0,0.078,0.25081386539997136
0.339,0.549,0.0,0.366,0.043999918101594974
0.0,0.065,0.0,0.133,0.40508998587252515
0.0,0.218,0.0,0.347,0.6163264470424439
0.0,0.23,0.002,0.248,0.32996867386007656
0.0,0.16,0.563,0.687,0.02448762310354006
0.0,0.228,0.0,0.006,0.28095247845048216
0.0,0.02,0.526,0.724,0.05806596916525051
0.111,0.555,0.378,0.746,0.029606273417825187
0.0,0.236,0.0,0.002,0.28095247845048216
0.0,0.191,0.0,0.002,0.26537130689379823
0.147,0.519,0.418,0.832,0.026944575254396922
0.0,0.197,0.072,0.178,0.16909973178272353
0.057,0.387,0.034,0.343,0.09883090026821728
0.0,0.047,0.0,0.196,0.5136667963391413
0.199,0.467,0.228,0.396,0.023095350218054502
0.0,0.172,0.158,0.467,0.18488564935197888
0.302,0.586,0.112,0.265,0.05958108965827891
0.0,0.22,0.803,1.0,0.04152249134948097
0.0,0.095,0.0,0.166,0.40508998587252515
0.12,0.325,0.093,0.531,0.03998689625519543
0.0,0.005,0.0,0.285,0.526442947523597
0.0,0.061,0.0,0.271,0.526442947523597
0.0,0.025,0.0,0.111,0.25081386539997136
0.0,0.124,0.0,0.206,0.5683135070944494
0.0,0.336,0.0,0.351,0.7037120452079195
0.0,0.203,0.0,0.22,0.5683135070944494
0.0,0.218,0.0,0.247,0.5683135070944494
0.0,0.183,0.132,0.244,0.12100489342970046
0.0,0.159,0.522,0.854,0.10757355500501628
0.438,0.897,0.007,0.243,0.05347965848365103
0.0,0.245,0.04,0.21,0.32996867386007656
0.0,0.148,0.0,0.152,0.4473086136647489
0.0,0.252,0.0,0.035,0.28095247845048216
0.164,0.281,0.239,0.385,0.012428082963084295
0.016,0.206,0.0,0.176,0.04221862779222375
0.0,0.015,0.0,0.234,0.5136667963391413
0.02,0.203,0.0,0.333,0.06171044818902152
0.0,0.025,0.0,0.224,0.5136667963391413
0.0,0.164,0.115,0.135,0.16909973178272353
0.0,0.171,0.0,0.18,0.4473086136647489
0.0,0.138,0.199,0.301,0.015601646157941074
0.0,0.17,0.05,0.326,0.3509551401486456
0.0,0.068,0.044,0.08,0.011629573514055814
0.0,0.116,0.0,0.064,0.27820888188202536
0.203,0.241,0.094,0.282,0.02721074507073975
0.0,0.178,0.159,0.217,0.12100489342970046
0.174,0.27,0.0,0.38,0.05503572817919371
0.0,0.14,0.0,0.421,0.6277307999426711
0.0,0.15,0.0,0.216,0.5683135070944494
0.0,0.23,0.117,0.133,0.1811592719231793
0.493,0.619,0.587,0.663,0.00118752687291415
0.0,0.03,0.0,0.134,0.40508998587252515
0.208,0.68,0.021,0.229,0.09946561290718864
0.0,0.245,0.0,0.124,0.29442476607768064
0.0,0.185,-0.0,0.25,0.5839151532523904
0.0,0.221,0.756,0.868,0.031080444708339306
0.0,0.118,0.084,0.292,0.30570627137036505
0.0,0.138,0.0,0.013,0.26537130689379823
0.0,0.13,0.0,0.417,0.6277307999426711
0.479,0.856,0.103,0.273,0.029749595626625172
0.359,0.528,0.316,0.684,0.005732888351999345
0.0,0.013,0.026,0.35,0.31543170696750683
0.04,0.404,0.048,0.202,0.07454802317724862
0.0,0.213,0.541,0.709,0.06539587641530681
0.353,0.535,0.0,0.227,0.0403759136790811
0.0,0.157,0.132,0.244,0.12100489342970046
0.0,0.116,0.729,1.0,0.05261972523085113
0.0,0.197,0.0,0.09,0.27820888188202536
0.0,0.182,0.025,0.225,0.3029422002006511
0.121,0.545,0.0,0.422,0.13363772240535615
0.0,0.004,0.0,0.233,0.5136667963391413
0.0,0.465,0.127,0.497,0.23682971274134437
0.0,0.198,0.0,0.049,0.26537130689379823
0.0,0.089,0.099,0.277,0.27562908212362563
0.0,0.244,0.511,0.865,0.11523105587518682
0.311,0.355,0.446,0.929,0.006388075592227841
0.355,0.758,0.551,0.825,0.016441104809483836
0.108,0.336,0.327,0.797,0.029790544829139454
0.0,0.062,0.0,0.315,0.5546159988534223
0.176,0.268,0.154,0.222,0.014332220879998362
0.0,0.335,0.642,0.734,0.03804180913576708
0.136,0.308,0.0,0.221,0.042607645216109415
0.0,0.24,0.484,0.516,0.024119080280911528
0.0,0.214,0.0,0.105,0.27820888188202536
0.0,0.049,0.0,0.359,0.5546159988534223
0.0,0.02,0.0,0.028,0.23918429188591553
0.0,0.146,0.0,0.308,0.5839151532523904
0.0,0.166,0.0,0.206,0.5683135070944494
0.0,0.194,0.0,0.134,0.4473086136647489
0.0,0.04,0.18,0.196,0.10857681046661616
0.0,0.199,0.0,0.038,0.26537130689379823
0.0,0.117,0.0,0.023,0.26537130689379823
0.0,0.099,0.0,0.374,0.5546159988534223
0.0,0.093,0.0,0.403,0.5620073299072501
0.009,0.213,0.07,0.18,0.014823611310169734
0.106,0.56,0.12,0.256,0.11686902397575807
0.459,0.653,0.048,0.202,0.015622120759198214
0.0,0.183,0.565,0.935,0.10968243893450175
0.0,0.018,0.055,0.195,0.27448250445322575
0.0,0.177,0.0,0.302,0.5839151532523904
0.0,0.231,0.0,0.167,0.4755840380008599
0.0,0.111,0.713,0.911,0.051227452345365576
0.0,0.156,0.0,0.356,0.6163264470424439
0.0,0.171,0.0,0.043,0.26537130689379823
0.0,0.197,0.108,0.142,0.16909973178272353
0.437,0.897,0.09,0.286,0.05448291394525091
0.0,0.019,0.055,0.321,0.31543170696750683
0.0,0.203,0.0,0.167,0.4473086136647489
0.062,0.16,0.0,0.183,0.04221862779222375
0.0,0.146,0.558,0.818,0.10757355500501628
0.0,0.233,0.0,0.249,0.6109211523105588
0.629,0.705,0.0,0.35,0.024385250097254355
0.0,0.114,0.664,0.836,0.07614504207530558
0.024,0.199,0.082,0.168,0.014823611310169734
0.0,0.236,0.52,0.856,0.11523105587518682
0.0,0.061,0.095,0.155,0.1542761204725538
0.0,0.06,0.702,0.922,0.047767244732908824
0.0,0.091,0.008,0.242,0.27448250445322575
0.0,0.091,0.184,0.192,0.10857681046661616
0.0,0.01,0.799,1.0,0.038574148768452735
0.432,0.68,0.0,0.35,0.09543211645953195
0.111,0.555,0.087,0.289,0.10110358100775987
0.0,0.197,0.023,0.353,0.3509551401486456
0.0,0.128,0.623,1.0,0.1110747118199873
0.0,0.2,0.0,0.275,0.5839151532523904
0.054,0.39,0.594,0.782,0.015130730329026842
0.0,0.139,0.065,0.185,0.16909973178272353
0.0,0.157,0.0,0.326,0.6163264470424439
0.0,0.1,0.0,0.206,0.5136667963391413
0.0,0.197,0.0,0.291,0.5839151532523904
0.0,0.113,0.446,0.554,0.023054401015540224
0.622,0.712,0.484,0.766,0.0038287504350852765
0.598,0.737,0.051,0.2,0.013963678057369833
0.0,0.23,0.055,0.321,0.3895702381196126
0.0,0.083,0.5,0.5,0.02092504248479761
0.0,0.083,0.0,0.4,0.5620073299072501
0.0,0.146,0.104,0.272,0.30570627137036505
0.089,0.355,0.096,0.28,0.07647263569541983
0.0,0.169,0.0,0.062,0.27820888188202536
0.522,0.812,0.68,0.695,0.0024569521508568623
0.0,0.005,0.0,0.105,0.25081386539997136
0.0,0.007,0.077,0.423,0.3111934645072787
0.0,0.191,0.262,0.362,0.03241129379005344
0.128,0.316,0.28,0.344,0.010769640261255911
0.0,0.008,0.162,0.214,0.10857681046661616
0.355,0.533,0.588,1.0,0.00904977375565611
0.0,0.248,0.092,0.158,0.1811592719231793
0.0,0.137,0.0,0.053,0.26537130689379823
0.0,0.036,0.0,0.033,0.23918429188591553
0.411,0.477,0.038,0.212,0.023791486660797282
0.141,0.303,0.564,0.812,0.006940889826170635
0.059,0.385,0.285,0.339,0.020310804447083393
0.224,0.664,0.0,0.258,0.09526831964947483
0.0,0.236,0.0,0.308,0.6273417825187855
0.0,0.135,0.0,0.356,0.6163264470424439
0.0,0.004,0.071,0.179,0.1542761204725538
0.0,0.02,0.146,0.23,0.10857681046661616
0.0,0.048,0.0,0.088,0.25081386539997136
0.0,0.046,0.0,0.307,0.526442947523597
0.0,0.108,0.0,0.057,0.23918429188591553
0.3,0.588,0.0,0.129,0.06971601728056347
0.0,0.127,0.0,0.021,0.26537130689379823
0.0,0.132,0.124,0.126,0.16909973178272353
0.0,0.105,0.0,0.298,0.526442947523597
0.0,0.208,0.007,0.243,0.3029422002006511
0.0,0.119,0.066,0.184,0.16909973178272353
0.0,0.067,0.583,0.793,0.0631641448782785
0.0,0.186,0.12,0.38,0.34952191806064575
0.0,0.013,0.0,0.021,0.23918429188591553
0.0,0.144,0.0,0.105,0.27820888188202536
0.0,0.088,0.0,0.363,0.5546159988534223
0.073,0.149,0.337,0.413,0.004013021846399541
0.207,0.237,0.112,0.512,0.03998689625519543
0.0,0.12,0.006,0.244,0.3029422002006511
0.049,0.173,0.0,0.358,0.06171044818902152
0.0,0.155,0.0,0.09,0.27820888188202536
0.0,0.244,0.734,0.89,0.05325443786982249
0.387,0.502,0.0,0.214,0.0403759136790811
0.159,0.507,0.554,0.696,0.014823611310169734
0.068,0.154,0.0,0.272,0.057472205728793434
0.0,0.1,0.471,0.905,0.12675825638295693
0.356,0.532,0.62,1.0,0.00904977375565611
0.0,0.068,0.0,0.158,0.40508998587252515
0.0,0.072,0.075,0.549,0.3362543764460187
0.0,0.171,0.0,0.383,0.6277307999426711
0.0,0.095,0.118,0.132,0.1542761204725538
0.026,0.417,0.0,0.212,0.12481316926352859
0.381,0.507,0.798,0.826,0.003644479023771012
0.0,0.23,0.0,0.192,0.6109211523105588
0.289,0.599,0.0,0.199,0.09227902786593231
0.0,0.201,0.1,0.15,0.16909973178272353
0.087,0.357,0.0,0.014,0.05026514608627997
0.0,0.011,0.025,0.225,0.27448250445322575
0.153,0.513,0.483,0.641,0.013533711430969882
0.099,0.123,0.0,0.234,0.05464671075530804
0.0,0.087,0.458,0.792,0.08947400749370406
0.0,0.029,0.0,0.191,0.5136667963391413
0.0,0.046,0.085,0.291,0.27562908212362563
0.0,0.129,0.0,0.197,0.5683135070944494
0.0,0.18,0.0,0.181,0.4473086136647489
0.0,0.226,0.091,0.159,0.1811592719231793
0.0,0.127,0.388,0.862,0.13509141909461314
0.243,0.645,0.0,0.059,0.03380356667553899
0.0,0.11,0.0,0.336,0.5546159988534223
0.0,0.067,0.0,0.285,0.526442947523597
0.0,0.07,0.0,0.35,0.5546159988534223
0.07,0.152,0.041,0.209,0.02845969574742532
0.0,0.127,0.069,0.307,0.30570627137036505
0.0,0.1,0.0,0.17,0.40508998587252515
0.0,0.079,0.116,0.26,0.27562908212362563
0.0,0.134,0.032,0.344,0.3509551401486456
0.0,0.205,0.451,0.925,0.1396777297762126
0.319,0.793,0.0,0.044,0.04193198337462378
0.0,0.108,0.0,0.228,0.5136667963391413
0.0,0.218,0.0,0.001,0.26537130689379823
0.0,0.131,0.0,0.119,0.27820888188202536
0.0,0.114,0.0,0.13,0.4473086136647489
0.0,0.036,0.0,0.179,0.40508998587252515
0.018,0.426,0.072,0.304,0.07647263569541983
0.0,0.221,0.501,0.875,0.11662332876067238
0.0,0.15,0.0,0.423,0.6277307999426711
0.0,0.003,0.0,0.101,0.25081386539997136
0.0,0.258,0.0,0.217,0.6109211523105588
0.0,0.235,0.0,0.029,0.28095247845048216
0.421,0.691,0.15,0.226,0.02014700763702627
0.0,0.215,0.106,0.143,0.16909973178272353
0.0,0.053,0.647,0.729,0.03046620667062509
0.255,0.411,0.11,0.514,0.025838946786511333
0.034,0.188,0.673,0.702,0.0035011568149710287
0.0,0.051,0.385,0.865,0.12252001392272885
0.331,0.557,0.0,0.26,0.09526831964947483
0.0,0.085,0.0,0.101,0.25081386539997136
0.0,0.085,0.076,0.174,0.1542761204725538
0.0,0.224,0.0,0.117,0.29442476607768064
0.0,0.232,0.0,0.103,0.29442476607768064
0.309,0.357,0.0,0.028,0.008496959521713315
0.253,0.635,0.074,0.176,0.03402878728936754
0.094,0.128,0.105,0.145,0.014823611310169734
0.0,0.22,0.014,0.235,0.3029422002006511
0.0,0.157,0.57,1.0,0.1110747118199873
0.0,0.23,0.0,0.254,0.6273417825187855
0.0,0.047,0.0,0.234,0.5136667963391413
0.0,0.171,0.0,0.037,0.26537130689379823
0.0,0.167,0.007,0.369,0.3509551401486456
0.0,0.087,0.0,0.198,0.5136667963391413
0.501,0.611,0.049,0.327,0.018324768125140764
0.0,0.193,0.0,0.105,0.27820888188202536
0.0,0.139,0.657,0.719,0.03396736348559612
0.0,0.091,0.404,0.596,0.03044573206936795
0.0,0.249,0.055,0.195,0.32996867386007656
0.0,0.066,0.0,0.011,0.23918429188591553
0.0,0.178,0.0,0.174,0.4473086136647489
0.0,0.087,0.0,0.236,0.5136667963391413
0.525,0.587,0.147,0.477,0.013943203456112692
0.0,0.199,0.0,0.073,0.27820888188202536
0.348,0.54,0.0,0.371,0.043999918101594974
0.0,0.026,0.071,0.179,0.1542761204725538
0.0,0.222,0.041,0.209,0.32996867386007656
0.0,0.197,0.0,0.115,0.27820888188202536
0.0,0.146,0.0,0.342,0.6163264470424439
0.0,0.181,0.527,0.848,0.10757355500501628
0.0,0.239,0.0,0.394,0.6827665281218648
0.191,0.254,0.008,0.492,0.03955692962879548
0.0,0.149,0.092,0.284,0.30570627137036505
0.512,0.6,0.148,0.228,0.008558383325484736
0.0,0.085,0.079,0.171,0.1542761204725538
0.0,0.318,0.183,0.441,0.21174832620134723
0.0,0.015,0.091,0.409,0.3111934645072787
0.0,0.043,0.0,0.422,0.5620073299072501
0.0,0.223,0.072,0.303,0.33291701644110483
0.0,0.092,0.0,0.188,0.5136667963391413
0.0,0.111,0.0,0.04,0.26537130689379823
0.0,0.129,0.139,0.237,0.12100489342970046
0.304,0.584,0.054,0.322,0.07043262832456337
0.0,0.049,0.0,0.048,0.23918429188591553
0.0,0.332,0.447,0.678,0.05890542781679327
0.0,0.074,0.0,0.061,0.23918429188591553
0.0,0.034,0.0,0.134,0.40508998587252515
0.0,0.088,0.0,0.098,0.25081386539997136
0.384,0.504,0.0,0.026,0.016584427018283818
0.0,0.113,0.537,0.713,0.06539587641530681
0.164,0.502,0.105,0.145,0.039290759812452655
0.0,0.223,0.443,0.807,0.10702074077107349
0.209,0.679,0.0,0.355,0.18281771462500768
0.0,0.139,0.0,0.06,0.26537130689379823
0.396,0.492,0.0,0.271,0.042628119817366555
0.0,0.161,0.0,0.043,0.26537130689379823
0.0,0.241,0.118,0.258,0.33291701644110483
0.0,0.231,0.0,0.055,0.28095247845048216
0.0,0.081,0.0,0.381,0.5620073299072501
0.0,0.042,0.0,0.345,0.5546159988534223
0.317,0.795,0.0,0.222,0.11441207182490121
0.0,0.225,0.094,0.156,0.1811592719231793
0.0,0.022,0.038,0.212,0.27448250445322575
0.176,0.49,0.0,0.324,0.1313855162670707
0.624,0.71,0.0,0.3,0.0221330439589689
0.0,0.225,0.153,0.223,0.13533711430969883
0.434,0.678,0.019,0.357,0.06203804180913577
0.0,0.059,0.0,0.18,0.40508998587252515
0.0,0.139,0.0,0.128,0.4473086136647489
0.0,0.002,0.011,0.239,0.27448250445322575
0.044,0.178,0.261,0.739,0.018038123707540796
0.376,0.736,0.0,0.03,0.033394074650396184
0.0,0.004,0.0,0.28,0.526442947523597
0.357,0.755,0.14,0.484,0.033148379435310495
0.306,0.582,0.0,0.391,0.1082901660490162
0.0,0.312,0.0,0.393,0.6827665281218648
0.0,0.11,0.0,0.027,0.23918429188591553
0.447,0.665,0.2,0.55,0.00593763436457075
0.0,0.052,0.712,0.912,0.047767244732908824
0.376,0.512,0.074,0.302,0.02463094531234004
0.0,0.12,0.0,0.323,0.6163264470424439
0.0,0.124,0.0,0.285,0.5839151532523904
0.0,0.031,0.17,0.454,0.1610532134886673
0.046,0.398,0.17,0.206,0.03558485698491022
0.0,0.249,0.0,0.09,0.29442476607768064
0.0,0.235,0.0,0.017,0.28095247845048216
0.0,0.224,0.0,0.298,0.6273417825187855
0.002,0.22,0.108,0.268,0.03007718924673942
0.222,0.223,0.271,0.353,0.010769640261255911
0.247,0.641,0.105,0.145,0.03402878728936754
0.0,0.026,0.599,1.0,0.10173829364673123
0.0,0.002,0.0,0.221,0.5136667963391413
0.32,0.568,0.075,0.174,0.03402878728936754
0.0,0.084,0.0,0.004,0.23918429188591553
0.0,0.112,0.0,0.092,0.27820888188202536
0.0,0.15,0.041,0.209,0.3029422002006511
0.0,0.117,0.689,0.811,0.01109723388137016
0.595,0.739,0.0,0.265,0.0221330439589689
0.0,0.045,0.147,0.229,0.10857681046661616
0.223,0.443,0.372,0.752,0.006961364427427776
0.0,0.003,0.0,0.27,0.526442947523597
0.0,0.285,0.007,0.369,0.3895702381196126
0.0,0.028,0.183,0.193,0.10857681046661616
0.0,0.236,0.0,0.204,0.6109211523105588
0.441,0.671,0.096,0.28,0.054319117135193794
0.664,0.67,0.0,0.28,0.0221330439589689
0.0,0.088,0.0,0.399,0.5620073299072501
0.0,0.043,0.697,0.927,0.047767244732908824
0.0,0.142,0.684,0.691,0.03396736348559612
0.0,0.128,0.794,0.83,0.031080444708339306
0.0,0.059,0.0,0.216,0.5136667963391413
0.36,0.752,0.0,0.325,0.09543211645953195
0.0,0.223,0.124,0.126,0.1811592719231793
0.0,0.13,0.0,0.249,0.5683135070944494
0.136,0.53,0.092,0.283,0.07102639176102045
0.0,0.101,0.265,0.359,0.028173051329825352
0.523,0.589,0.144,0.606,0.015622120759198214
0.0,0.048,0.0,0.366,0.5546159988534223
0.646,0.688,0.0,0.41,0.025163284945025694
0.0,0.114,0.448,0.552,0.023054401015540224
0.0,0.115,0.845,0.905,0.00904977375565611
0.0,0.214,0.433,0.567,0.03445875391576749
0.0,0.226,0.02,0.23,0.32996867386007656
0.0,0.013,0.0,0.433,0.5620073299072501
0.0,0.105,0.0,0.065,0.25081386539997136
0.0,0.234,0.707,0.793,0.011609098912798673
0.0,0.133,0.172,0.204,0.12100489342970046
0.0,0.133,0.49,0.509,0.023054401015540224
0.0,0.106,0.101,0.275,0.27562908212362563
0.0,0.199,0.726,1.0,0.05261972523085113
0.0,0.129,0.0,0.122,0.27820888188202536
0.0,0.049,0.026,0.224,0.27448250445322575
0.0,0.204,0.0,0.189,0.5683135070944494
0.465,0.869,0.0,0.373,0.05153457136422268
0.0,0.244,0.441,0.559,0.024119080280911528
0.0,0.112,0.105,0.145,0.16909973178272353
0.0,0.151,0.0,0.121,0.27820888188202536
0.0,0.04,0.793,0.831,0.02891013697508241
0.0,0.063,0.0,0.161,0.40508998587252515
0.0,0.13,0.148,0.228,0.12100489342970046
0.056,0.167,0.46,0.664,0.005958108965827891
0.0,0.234,0.0,0.031,0.28095247845048216
0.403,0.485,0.29,0.334,0.0013717982842284147
0.0,0.085,0.017,0.359,0.31543170696750683
0.0,0.209,0.141,0.235,0.12100489342970046
0.0,0.174,0.0,0.186,0.4473086136647489
0.0,0.236,0.066,0.184,0.1811592719231793
0.0,0.312,0.0,0.096,0.29442476607768064
0.014,0.208,0.642,0.734,0.0035011568149710287
0.218,0.226,0.0,0.41,0.05503572817919371
0.017,0.427,0.125,0.499,0.10302819352593108
0.105,0.561,0.0,0.334,0.22014291271677483
0.0,0.039,0.0,0.185,0.40508998587252515
0.0,0.206,0.036,0.341,0.3509551401486456
0.0,0.055,0.02,0.356,0.31543170696750683
0.0,0.069,0.0,0.189,0.5136667963391413
0.0,0.11,0.0,0.084,0.25081386539997136
0.0,0.079,0.0,0.144,0.40508998587252515
0.0,0.079,0.776,0.848,0.02891013697508241
0.0,0.149,0.627,0.749,0.03396736348559612
0.13,0.314,0.0,0.243,0.042607645216109415
0.094,0.572,0.0,0.314,0.22014291271677483
0.0,0.203,0.058,0.192,0.3029422002006511
0.0,0.245,0.145,0.231,0.13533711430969883
0.0,0.092,0.0,0.075,0.25081386539997136
0.201,0.243,0.128,0.496,0.02686267684936836
0.13,0.314,0.0,0.05,0.015581171556683933
0.0,0.155,0.018,0.232,0.3029422002006511
0.282,0.606,0.558,0.942,0.019860363219426302
0.0,0.048,0.613,0.887,0.10044839376753138
0.0,0.112,0.0,0.129,0.4473086136647489
0.478,0.856,0.092,0.284,0.029749595626625172
0.0,0.128,0.078,0.172,0.16909973178272353
0.0,0.144,0.0,0.344,0.6163264470424439
0.0,0.073,0.0,0.231,0.5136667963391413
0.0,0.208,0.684,0.692,0.03396736348559612
0.096,0.348,0.638,0.986,0.01388177965234127
0.0,0.177,0.0,0.154,0.4473086136647489
0.0,0.048,0.002,0.374,0.31543170696750683
0.0,0.166,0.0,0.308,0.5839151532523904
0.0,0.08,0.015,0.361,0.31543170696750683
0.0,0.225,0.158,0.467,0.21174832620134723
0.0,0.211,0.174,0.326,0.16901783337769496
0.0,0.041,0.066,0.558,0.3362543764460187
0.0,0.199,0.134,0.49,0.18488564935197888
0.0,0.105,0.0,0.13,0.40508998587252515
0.0,0.123,0.174,0.326,0.16901783337769496
0.0,0.054,0.0,0.176,0.40508998587252515
0.0,0.15,0.0,0.265,0.5839151532523904
0.0,0.08,0.0,0.162,0.40508998587252515
0.0,0.103,0.69,0.81,0.010482995843655946
0.0,0.282,0.013,0.111,0.013472287627198461
0.244,0.644,0.489,0.511,0.00397207264388526
0.0,0.099,0.0,0.348,0.5546159988534223
0.0,0.049,0.0,0.059,0.23918429188591553
0.024,0.198,0.298,0.452,0.008578857926741876
0.0,0.221,0.128,0.496,0.18488564935197888
0.041,0.403,0.055,0.321,0.09883090026821728
0.0,0.013,0.172,0.204,0.10857681046661616
0.0,0.17,0.439,0.811,0.09954751131221719
0.109,0.557,0.0,0.021,0.07557175324010565
0.0,0.043,0.0,0.249,0.5136667963391413
0.0,0.298,0.0,0.412,0.6827665281218648
0.0,0.188,0.496,0.504,0.023054401015540224
0.092,0.352,0.085,0.291,0.07647263569541983
0.0,0.12,0.067,0.309,0.30570627137036505
0.0,0.145,0.0,0.058,0.26537130689379823
0.0,0.128,0.0,0.147,0.4473086136647489
0.204,0.24,0.727,0.898,0.0020269855244569113
0.0,0.286,0.045,0.205,0.32996867386007656
0.118,0.326,0.0,0.083,0.01621588419565529
0.0,0.195,0.524,0.852,0.10757355500501628
0.0,0.151,0.114,0.137,0.16909973178272353
0.398,0.714,0.169,0.455,0.033148379435310495
0.028,0.194,0.467,0.783,0.010073503818513135
0.36,0.528,0.0,0.348,0.043999918101594974
0.0,0.009,0.0,0.225,0.5136667963391413
0.0,0.147,0.013,0.236,0.3029422002006511
0.214,0.673,0.054,0.322,0.12534550889621424
0.0,0.021,0.452,0.798,0.08947400749370406
0.02,0.424,0.0,0.188,0.12481316926352859
0.0,0.177,0.0,0.297,0.5839151532523904
0.0,0.222,0.0,0.408,0.6827665281218648
0.0,0.049,0.053,0.197,0.27448250445322575
0.0,0.011,0.0,0.181,0.40508998587252515
0.0,0.337,0.098,0.152,0.19119182653917816
0.0,0.099,0.0,0.367,0.5546159988534223
0.0,0.01,0.056,0.32,0.31543170696750683
0.0,0.092,0.0,0.149,0.40508998587252515
0.0,0.03,0.606,1.0,0.10173829364673123
0.0,0.122,0.066,0.31,0.30570627137036505
0.0,0.002,0.351,0.649,0.06005200548719314
0.0,0.178,0.449,0.926,0.1396777297762126
0.0,0.175,0.155,0.469,0.18488564935197888
0.0,0.229,0.0,0.006,0.28095247845048216
0.123,0.321,0.0,0.154,0.028275424336111053
0.0,0.094,0.442,0.934,0.12675825638295693
0.0,0.052,0.265,0.359,0.028173051329825352
0.306,0.582,0.61,0.765,0.010073503818513135
0.077,0.367,0.237,0.387,0.03005671464548228
0.0,0.085,0.0,0.15,0.40508998587252515
0.0,0.029,0.615,0.635,0.022214942363997462
0.0,0.126,0.0,0.161,0.4473086136647489
0.325,0.563,0.0,0.29,0.09526831964947483
0.0,0.246,0.0,0.035,0.28095247845048216
0.0,0.067,0.563,0.687,0.022214942363997462
0.122,0.544,0.0,0.053,0.04066255809668107
0.211,0.676,0.004,0.246,0.09946561290718864
0.0,0.144,0.637,0.987,0.08658708871644724
0.224,0.442,0.548,0.577,0.0025593251571425645
0.0,0.057,0.0,0.413,0.5620073299072501
0.0,0.128,0.0,0.198,0.5683135070944494
0.0,0.236,0.441,0.935,0.14866607972809728
0.0,0.124,0.866,0.884,0.00904977375565611
0.0,0.196,0.155,0.221,0.12100489342970046
0.317,0.795,0.078,0.298,0.07356524231690588
0.0,0.266,0.068,0.556,0.41702667840543806
0.0,0.231,0.764,0.86,0.03232939538502488
0.0,0.128,0.332,0.668,0.07035072991953481
0.0,0.323,0.156,0.344,0.19493867856923486
0.0,0.183,0.0,0.206,0.5683135070944494
0.0,0.2,0.746,0.879,0.051227452345365576
-0.0,0.0,0.229,0.395,0.04834053356810876
0.0,0.119,0.538,0.586,0.006940889826170635
0.0,0.085,0.0,0.18,0.40508998587252515
0.0,0.114,0.0,0.206,0.5683135070944494
0.0,0.032,0.0,0.259,0.526442947523597
0.0,0.104,0.001,0.249,0.27448250445322575
0.521,0.592,0.0,0.391,0.02968817182285375
0.155,0.512,0.754,0.996,0.006695194611084949
0.0,0.226,0.047,0.329,0.3895702381196126
0.0,0.231,0.012,0.238,0.32996867386007656
0.543,0.569,0.0,0.275,0.024753792919882885
0.0,0.154,0.473,0.777,0.09954751131221719
0.247,0.419,0.61,0.64,0.0012898998791998526
0.0,0.142,0.0,0.412,0.6277307999426711
0.0,0.025,0.0,0.233,0.5136667963391413
0.337,0.775,0.0,0.024,0.033394074650396184
0.0,0.068,0.803,0.821,0.02891013697508241
0.0,0.225,0.353,0.647,0.07571507544890563
0.047,0.175,0.179,0.445,0.023832435863311564
0.0,0.015,0.0,0.006,0.23918429188591553
0.0,0.153,0.02,0.23,0.3029422002006511
0.0,0.195,0.844,0.906,0.00904977375565611
0.0,0.067,0.8,0.824,0.02891013697508241
0.0,0.182,0.72,0.905,0.051227452345365576
0.0,0.033,0.125,0.125,0.1542761204725538
0.09,0.576,0.416,0.708,0.03372166827051043
0.0,0.01,0.26,0.49,0.039700251837595464
0.0,0.001,0.0,0.014,0.23918429188591553
0.524,0.588,0.011,0.365,0.018324768125140764
0.0,0.144,0.0,0.314,0.6163264470424439
0.0,0.248,0.0,0.399,0.6827665281218648
0.0,0.051,0.432,0.568,0.03044573206936795
0.0,0.09,0.088,0.162,0.1542761204725538
0.0,0.188,0.0,0.207,0.5683135070944494
0.42,0.692,0.0,0.356,0.09543211645953195
0.0,0.106,0.008,0.368,0.31543170696750683
0.0,0.104,0.049,0.075,0.011629573514055814
0.0,0.031,0.063,0.313,0.303802133453451
0.0,0.112,0.003,0.247,0.3029422002006511
0.301,0.587,0.005,0.245,0.05847546119039332
0.0,0.021,0.0,0.279,0.526442947523597
0.207,0.681,0.173,0.451,0.07542843103130567
0.0,0.072,0.0,0.056,0.23918429188591553
0.0,0.168,0.0,0.356,0.6163264470424439
0.0,0.192,0.0,0.387,0.6277307999426711
0.373,0.739,0.077,0.173,0.031428512929710696
0.0,0.11,0.0,0.318,0.5546159988534223
0.0,0.233,0.169,0.582,0.24352490735242932
0.0,0.044,0.723,0.777,0.010482995843655946
0.386,0.502,0.571,1.0,0.00904977375565611
0.0,0.059,0.0,0.156,0.40508998587252515
0.0,0.064,0.0,0.109,0.25081386539997136
0.0,0.157,0.0,0.29,0.5839151532523904
0.0,0.032,0.0,0.311,0.526442947523597
0.0,0.003,0.129,0.495,0.1610532134886673
0.0,0.138,0.756,0.994,0.04152249134948097
0.597,0.737,0.0,0.076,0.008210315104113347
0.0,0.059,0.0,0.237,0.5136667963391413
0.415,0.697,0.15,0.226,0.02014700763702627
0.401,0.487,0.0,0.124,0.017997174505026515
0.0,0.17,0.0,0.237,0.5683135070944494
0.0,0.079,0.0,0.051,0.23918429188591553
0.0,0.131,0.157,0.219,0.12100489342970046
0.0,0.219,0.0,0.15,0.4473086136647489
0.0,0.164,0.0,0.191,0.5683135070944494
0.228,0.438,0.114,0.51,0.025838946786511333
0.121,0.545,0.104,0.272,0.07102639176102045
0.0,0.167,0.0,0.172,0.4473086136647489
0.103,0.119,0.604,0.646,0.0022726807395425973
0.084,0.36,0.035,0.341,0.09883090026821728
0.0,0.201,0.0,0.163,0.4473086136647489
0.0,0.248,0.0,0.098,0.29442476607768064
0.0,0.076,0.0,0.293,0.526442947523597
0.0,0.202,0.46,0.664,0.05448291394525091
0.537,0.797,0.0,0.341,0.05153457136422268
0.0,0.02,0.0,0.227,0.5136667963391413
0.0,0.183,0.107,0.269,0.30570627137036505
0.0,0.037,0.0,0.417,0.5620073299072501
0.055,0.389,0.0,0.422,0.15486988390901088
0.0,0.224,0.0,0.166,0.4755840380008599
0.0,0.158,0.674,0.95,0.08658708871644724
0.101,0.565,0.083,0.293,0.11686902397575807
0.0,0.131,0.0,0.086,0.27820888188202536
0.0,0.007,0.0,0.144,0.40508998587252515
0.251,0.637,0.085,0.165,0.03402878728936754
0.0,0.045,0.115,0.261,0.27562908212362563
0.0,0.204,0.0,0.412,0.6277307999426711
0.0,0.172,0.0,0.161,0.4473086136647489
0.0,0.004,0.118,0.258,0.27562908212362563
0.0,0.234,0.0,0.037,0.28095247845048216
0.236,0.652,0.0,0.369,0.10423619500010237
0.0,0.135,0.037,0.213,0.3029422002006511
0.0,0.156,0.049,0.202,0.3029422002006511
0.0,0.056,0.09,0.16,0.1542761204725538
0.0,0.185,0.064,0.312,0.3381175651604185
0.0,0.096,0.0,0.215,0.5136667963391413
0.0,0.137,0.115,0.135,0.16909973178272353
0.0,0.061,0.264,0.486,0.039700251837595464
0.0,0.016,0.0,0.076,0.25081386539997136
0.0,0.29,0.0,0.314,0.6705227165700948
0.447,0.887,0.573,0.677,0.002845969574742532
0.174,0.27,0.192,0.432,0.012428082963084295
0.0,0.106,0.655,0.72,0.03046620667062509
0.0,0.006,0.0,0.116,0.25081386539997136
0.0,0.159,0.186,0.19,0.12100489342970046
0.0,0.01,0.0,0.229,0.5136667963391413
0.424,0.464,0.074,0.55,0.029892917835425154
0.0,0.239,0.0,0.384,0.6827665281218648
0.0,0.136,0.251,0.749,0.13672938719518438
0.138,0.306,0.119,0.505,0.03998689625519543
0.0,0.244,0.0,0.272,0.6273417825187855
0.0,0.058,0.0,0.164,0.40508998587252515
0.0,0.005,0.0,0.199,0.5136667963391413
0.0,0.139,0.725,1.0,0.05261972523085113
0.0,0.029,0.293,0.583,0.06601011445302103
0.0,0.048,0.0,0.24,0.5136667963391413
0.0,0.065,0.018,0.106,0.011629573514055814
0.0,0.233,0.354,0.522,0.04092872791302389
0.0,0.19,0.401,0.849,0.13509141909461314
0.0,0.207,0.0,0.036,0.26537130689379823
0.0,0.104,0.0,0.224,0.5136667963391413
0.0,0.1,0.502,0.622,0.005384820130627956
0.0,0.294,0.0,0.091,0.29442476607768064
0.088,0.578,0.53,0.594,0.00632665178845642
0.0,0.209,0.0,0.146,0.4473086136647489
0.0,0.059,0.0,0.002,0.23918429188591553
0.0,0.029,0.444,0.806,0.08947400749370406
0.0,0.238,0.103,0.273,0.33291701644110483
0.131,0.314,0.473,0.777,0.0074732294588562885
0.0,0.05,0.085,0.165,0.1542761204725538
0.0,0.136,0.0,0.227,0.5683135070944494
0.0,0.132,0.403,0.473,0.004463463074056632
0.158,0.286,0.0,0.401,0.05503572817919371
0.0,0.196,0.0,0.093,0.27820888188202536
0.0,0.118,0.138,0.486,0.18488564935197888
0.0,0.191,0.0,0.117,0.27820888188202536
0.0,0.249,0.493,0.883,0.14866607972809728
0.0,0.199,0.0,0.034,0.26537130689379823
0.0,0.018,0.701,1.0,0.04905714461210868
0.0,0.081,0.08,0.42,0.3111934645072787
0.0,0.15,0.079,0.171,0.16909973178272353
0.026,0.418,0.135,0.241,0.03558485698491022
0.0,0.019,0.0,0.233,0.5136667963391413
0.0,0.353,0.162,0.338,0.20939374705677608
0.042,0.18,0.0,0.17,0.04221862779222375
0.077,0.145,0.0,0.406,0.06572347003542106
0.421,0.913,0.0,0.218,0.08720132675416147
0.0,0.086,0.185,0.191,0.10857681046661616
0.01,0.434,0.0,0.148,0.08922831227861837
0.0,0.048,0.16,0.216,0.10857681046661616
0.238,0.428,0.537,0.587,0.0025593251571425645
0.0,0.465,0.0,0.111,0.32112364611699185
0.0,0.073,0.0,0.116,0.25081386539997136
0.361,0.527,0.679,0.945,0.007575602465141992
0.138,0.306,0.076,0.174,0.012059540140455764
0.0,0.034,0.0,0.07,0.25081386539997136
0.0,0.057,0.0,0.31,0.526442947523597
0.0,0.189,0.0,0.321,0.6163264470424439
0.0,0.024,0.0,0.351,0.5546159988534223
0.0,0.017,0.017,0.233,0.27448250445322575
0.426,0.909,0.413,0.837,0.02090456788354047
0.271,0.617,0.0,0.01,0.03380356667553899
0.0,0.244,0.0,0.11,0.29442476607768064
0.122,0.544,0.542,0.834,0.021948772547654635
0.128,0.538,0.506,0.618,0.003644479023771012
0.0,0.2,0.272,0.352,0.03241129379005344
0.0,0.231,0.0,0.357,0.6705227165700948
0.027,0.195,0.238,0.512,0.013533711430969882
0.088,0.356,0.024,0.226,0.07454802317724862
0.0,0.029,0.0,0.113,0.25081386539997136
0.399,0.489,0.0,0.333,0.043999918101594974
0.0,0.128,0.003,0.121,0.012837574988227103
0.0,0.273,0.0,0.202,0.6109211523105588
0.0,0.211,0.0,0.236,0.5683135070944494
0.0,0.133,0.0,0.389,0.6277307999426711
0.0,0.139,0.521,0.729,0.06539587641530681
0.0,0.206,0.292,0.332,0.03241129379005344
0.0,0.12,0.438,0.562,0.03445875391576749
0.0,0.235,0.23,0.394,0.07184537581130608
0.0,0.124,0.047,0.203,0.3029422002006511
0.35,0.762,0.371,0.379,0.003910648840113839
0.0,0.241,0.0,0.078,0.29442476607768064
0.0,0.208,0.0,0.172,0.4473086136647489
0.0,0.102,0.0,0.057,0.23918429188591553
0.0,0.092,0.0,0.21,0.5136667963391413
0.186,0.48,0.0,0.262,0.11394115599598698
0.0,0.233,0.024,0.352,0.3895702381196126
0.0,0.098,0.0,0.089,0.25081386539997136
0.0,0.128,0.0,0.365,0.6163264470424439
0.0,0.146,0.066,0.184,0.16909973178272353
0.0,0.28,0.495,0.504,0.024119080280911528
0.0,0.116,0.664,0.96,0.08658708871644724
0.0,0.011,0.0,0.303,0.526442947523597
0.0,0.02,0.033,0.217,0.27448250445322575
0.0,0.141,0.0,0.343,0.6163264470424439
0.0,0.133,0.278,0.722,0.13672938719518438
0.0,0.126,0.0,0.287,0.5839151532523904
0.296,0.592,0.0,0.092,0.035687229991195925
0.0,0.064,0.563,0.687,0.022214942363997462
0.0,0.052,0.0,0.233,0.5136667963391413
0.298,0.368,0.429,0.571,0.0029892917835425154
0.0,0.056,0.0,0.08,0.25081386539997136
0.0,0.212,0.081,0.169,0.16909973178272353
0.242,0.646,0.502,0.623,0.004053971048913823
0.0,0.236,0.025,0.225,0.32996867386007656
0.0,0.204,0.541,0.959,0.11801560164615794
0.0,0.058,0.384,0.866,0.12252001392272885
0.4,0.712,0.0,0.269,0.08951495669621834
0.0,0.197,0.0,0.42,0.6277307999426711
0.0,0.249,0.127,0.373,0.19493867856923486
0.0,0.015,0.0,0.074,0.25081386539997136
0.2,0.688,0.0,0.222,0.15693781863598205
0.0,0.203,0.061,0.189,0.3029422002006511
0.0,0.236,0.0,0.207,0.6109211523105588
0.0,0.136,0.0,0.116,0.27820888188202536
0.0,0.171,0.054,0.322,0.3509551401486456
0.0,0.035,0.042,0.334,0.31543170696750683
0.0,0.163,0.0,0.387,0.6277307999426711
0.0,0.161,0.131,0.493,0.18488564935197888
0.0,0.011,0.0,0.049,0.23918429188591553
0.0,0.122,0.0,0.215,0.5683135070944494
0.0,0.231,0.165,0.211,0.13533711430969883
0.0,0.19,0.0,0.061,0.26537130689379823
0.254,0.413,0.307,0.317,0.005302921725599394
0.097,0.569,0.67,0.954,0.023566266046968737
0.412,0.701,0.1,0.15,0.031428512929710696
0.0,0.218,0.0,0.124,0.27820888188202536
0.0,0.231,0.675,0.701,0.03650621404148154
0.0,0.106,0.121,0.129,0.1542761204725538
0.0,0.056,0.0,0.041,0.23918429188591553
0.0,0.142,0.298,0.452,0.04827910976433734
0.0,0.15,0.063,0.313,0.3381175651604185
0.0,0.179,0.008,0.241,0.3029422002006511
0.0,0.043,0.0,0.041,0.23918429188591553
0.0,0.222,0.0,0.121,0.29442476607768064
0.0,0.007,0.105,0.271,0.27562908212362563
0.0,0.321,0.0,0.344,0.6705227165700948
0.0,0.108,0.0,0.101,0.25081386539997136
0.0,0.16,0.0,0.142,0.4473086136647489
0.0,0.104,0.0,0.174,0.40508998587252515
0.0,0.187,0.594,1.0,0.1110747118199873
0.0,0.171,0.639,0.861,0.07614504207530558
0.197,0.692,0.012,0.238,0.09946561290718864
0.071,0.151,0.0,0.035,0.02618701500788272
0.0,0.151,0.077,0.299,0.30570627137036505
0.0,0.334,0.0,0.092,0.3031264716119654
0.007,0.215,0.65,0.85,0.006285702585942139
0.393,0.719,0.178,0.198,0.02014700763702627
0.0,0.044,0.0,0.247,0.5136667963391413
0.0,0.023,0.0,0.414,0.5620073299072501
0.0,0.241,0.225,0.399,0.07184537581130608
0.0,0.194,0.041,0.209,0.3029422002006511
0.0,0.224,0.0,0.396,0.6827665281218648
0.0,0.172,0.386,0.864,0.13509141909461314
0.0,0.223,0.177,0.199,0.13533711430969883
0.323,0.79,0.0,0.402,0.1335558240003276
0.0,0.068,0.025,0.351,0.31543170696750683
0.0,0.21,0.128,0.248,0.12100489342970046
0.0,0.109,0.0,0.306,0.526442947523597
0.037,0.407,0.443,0.557,0.0035830552199995905
0.0,0.223,0.529,0.721,0.07129256157736329
0.0,0.133,0.091,0.284,0.30570627137036505
0.0,0.159,0.638,1.0,0.08658708871644724
0.134,0.31,0.05,0.2,0.027026473659425482
0.0,0.086,0.208,0.292,0.012776151184455683
0.101,0.343,0.266,0.358,0.020310804447083393
0.0,0.073,0.792,0.832,0.02891013697508241
0.0,0.198,0.0,0.009,0.26537130689379823
0.0,0.05,0.098,0.152,0.1542761204725538
0.159,0.285,0.109,0.515,0.03998689625519543
0.0,0.156,0.303,0.321,0.03241129379005344
0.186,0.258,0.016,0.36,0.038615097970967016
0.0,0.144,0.175,0.201,0.12100489342970046
0.637,0.697,0.16,0.34,0.008742654736799001
0.0,0.175,0.136,0.24,0.12100489342970046
0.176,0.49,0.0,0.268,0.11394115599598698
0.0,0.255,0.0,0.302,0.6273417825187855
0.214,0.452,0.027,0.223,0.06987981409062058
0.4,0.488,0.348,0.652,0.005732888351999345
0.04,0.182,0.0,0.29,0.057472205728793434
0.0,0.231,0.411,0.589,0.036342417231424416
0.133,0.311,0.059,0.317,0.038615097970967016
0.0,0.062,0.615,0.761,0.0631641448782785
0.0,0.177,0.413,0.837,0.13509141909461314
0.0,0.01,0.187,0.189,0.10857681046661616
0.0,0.08,0.0,0.009,0.23918429188591553
0.151,0.515,0.049,0.327,0.09072295817038963
0.0,0.234,0.481,0.895,0.14866607972809728
0.0,0.024,0.186,0.314,0.1495260129808972
0.0,0.14,0.295,0.329,0.03241129379005344
0.0,0.089,0.65,0.975,0.07952335128273377
0.0,0.029,0.608,0.768,0.0631641448782785
0.14,0.304,0.544,0.706,0.0058966851620564685
0.0,0.028,0.0,0.255,0.526442947523597
0.516,0.596,0.008,0.368,0.018324768125140764
0.378,0.51,0.0,0.068,0.017997174505026515
0.0,0.144,0.461,0.789,0.09954751131221719
0.0,0.025,0.066,0.31,0.27562908212362563
0.0,0.138,0.069,0.181,0.16909973178272353
0.0,0.037,0.0,0.102,0.25081386539997136
0.0,0.003,0.0,0.077,0.25081386539997136
0.098,0.569,0.189,0.435,0.0395159804262812
0.241,0.647,0.0,0.319,0.10423619500010237
0.0,0.051,0.0,0.367,0.5546159988534223
0.214,0.23,0.0,0.357,0.05419626952765095
0.0,0.15,0.577,1.0,0.1110747118199873
0.0,0.065,0.624,0.752,0.0631641448782785
0.0,0.106,0.135,0.241,0.10857681046661616
0.314,0.798,0.165,0.586,0.05741078192502201
0.0,0.13,0.0,0.251,0.5839151532523904
0.304,0.362,0.001,0.249,0.019061853770397822
0.0,0.184,0.0,0.191,0.5683135070944494
0.091,0.353,0.0,0.437,0.15486988390901088
0.0,0.195,0.092,0.158,0.16909973178272353
0.0,0.095,0.492,0.758,0.08947400749370406
0.078,0.144,0.559,0.817,0.010114453021027415
0.0,0.313,0.683,0.941,0.09123482320181814
0.0,0.03,0.0,0.367,0.5546159988534223
0.014,0.208,0.017,0.233,0.02845969574742532
0.0,0.22,0.644,0.98,0.08658708871644724
0.005,0.44,0.0,0.3,0.12878524190741386
0.0,0.051,0.0,0.213,0.5136667963391413
0.0,0.191,0.0,0.382,0.6277307999426711
0.0,0.199,0.0,0.042,0.26537130689379823
0.0,0.038,0.426,0.574,0.03044573206936795
0.0,0.163,0.549,0.951,0.11801560164615794
0.252,0.636,0.0,0.197,0.09227902786593231
0.176,0.268,0.576,0.8,0.005691939149485064
0.0,0.153,0.0,0.263,0.5839151532523904
0.246,0.642,0.0,0.281,0.09526831964947483
0.279,0.609,0.0,0.333,0.10423619500010237
0.079,0.365,0.197,0.427,0.03005671464548228
0.0,0.029,0.07,0.306,0.27562908212362563
0.0,0.22,0.207,0.417,0.05941729284822178
0.084,0.582,0.523,0.977,0.038758420179767
0.0,0.188,0.0,0.267,0.5839151532523904
0.0,0.352,0.0,0.131,0.49431829815114353
0.0,0.196,0.0,0.061,0.26537130689379823
0.0,0.167,0.0,0.24,0.5683135070944494
0.0,0.036,0.0,0.07,0.25081386539997136
0.0,0.164,0.525,0.975,0.11801560164615794
0.0,0.095,0.0,0.015,0.23918429188591553
0.0,0.244,0.037,0.339,0.3895702381196126
0.0,0.039,0.583,0.793,0.0631641448782785
0.0,0.031,0.566,0.81,0.0631641448782785
0.0,0.169,0.0,0.033,0.26537130689379823
0.0,0.224,0.072,0.178,0.1811592719231793
0.0,0.085,0.0,0.059,0.23918429188591553
0.537,0.576,0.016,0.36,0.018324768125140764
