0.292,0.568,0.096,1.0,0.089110805
0.169,0.88,0.284,0.917,0.422250909
0.419,0.632,0.561,0.693,0.004420653
0.149,0.9,0.263,0.939,0.456088614
0.476,0.575,0.601,0.653,0.000558003
0.139,0.913,0.14,1.0,0.47621574
0.372,0.682,0.542,0.715,0.010069586
0.342,0.519,0.27,0.917,0.047768014
0.257,0.795,0.495,0.759,0.055895674
0.072,0.703,0.484,0.788,0.310164659
0.0,0.819,0.431,0.832,0.755351019
0.184,0.592,0.212,1.0,0.397482435
0.292,0.478,0.334,0.93,0.081770516
0.0,0.851,0.291,0.987,0.987459879
0.079,0.697,0.393,0.879,0.986997286
0.11,0.661,0.293,0.971,0.687834627
0.077,0.975,0.147,1.0,0.987481081
0.421,0.636,0.488,0.743,0.01105356
0.0,0.806,0.225,1.0,0.987432894
0.079,0.782,0.258,0.928,0.987398199
0.074,0.706,0.149,0.687,0.985320868
0.294,0.41,0.057,0.907,0.066622528
0.152,0.882,0.207,0.962,0.450774096
0.042,1.0,0.139,1.0,0.987481563
0.348,0.671,0.356,0.48,0.02248635
0.0,0.73,0.091,0.745,0.986748642
0.506,0.513,0.0,0.885,0.000654376
0.114,0.747,0.545,0.641,0.065829855
0.197,0.534,0.212,0.755,0.317251485
0.162,0.619,0.162,0.674,0.429408088
0.292,0.411,0.172,0.665,0.068203535
0.0,0.8,0.123,0.778,0.987229064
0.326,0.378,0.171,0.666,0.025626681
0.234,0.817,0.224,1.0,0.171586775
0.263,0.788,0.549,0.705,0.021888834
0.318,0.457,0.282,0.989,0.055336226
0.588,0.848,0.068,0.769,0.002217555
0.179,0.655,0.292,0.898,0.409245786
0.448,0.606,0.421,0.835,0.011478567
0.651,0.785,0.0,0.85,0.000818693
0.329,0.456,0.238,0.663,0.046854393
0.17,0.968,0.272,0.565,0.391156959
0.226,0.52,0.26,1.0,0.18375875
0.253,1.0,0.48,0.513,0.025722091
0.0,0.698,0.003,0.834,0.98696741
0.111,0.486,0.34,0.617,0.648535436
0.121,0.789,0.119,0.717,0.542301949
0.315,0.743,0.129,1.0,0.070799838
0.064,0.639,0.384,0.452,0.395261507
0.0,0.781,0.264,1.0,0.987400609
0.038,0.747,0.016,0.885,0.987317728
0.143,0.718,0.59,0.597,0.00270665
0.366,0.797,0.146,0.852,0.042875612
0.335,0.87,0.305,0.628,0.054921819
-0.0,0.701,0.36,0.477,0.647979843
0.314,0.467,0.239,0.719,0.059631111
0.37,0.49,0.152,1.0,0.03212852
0.336,0.444,0.129,0.708,0.041394833
0.135,0.789,0.288,0.633,0.479342097
0.115,0.443,0.219,0.751,0.589478711
0.0,0.704,0.082,0.889,0.987043063
0.139,0.631,0.381,0.883,0.475061667
0.138,0.637,0.211,1.0,0.477549549
0.038,0.941,0.082,0.924,0.987476744
0.0,0.776,0.378,0.886,0.987385671
0.062,0.511,0.0,0.928,0.980602903
0.082,1.0,0.077,0.759,0.987156302
0.556,0.723,0.029,0.964,0.003463182
0.076,0.847,0.315,0.606,0.974147323
0.087,0.587,0.372,0.593,0.966956896
0.0,0.846,0.042,0.858,0.987435785
0.215,0.99,0.0,0.959,0.220943506
0.281,0.6,0.405,0.507,0.065912737
0.133,1.0,0.117,0.841,0.4909951
0.109,0.674,0.418,0.51,0.543133652
0.031,0.518,0.169,0.713,0.980295953
0.052,0.917,0.0,0.854,0.987450723
0.342,0.433,0.417,0.854,0.036324141
0.071,0.699,0.273,0.99,0.987020897
0.224,0.981,0.196,0.737,0.194522226
0.112,0.637,0.141,0.767,0.648532545
0.307,0.744,0.23,1.0,0.077380703
0.163,0.572,0.26,0.576,0.404482525
0.244,0.456,0.053,0.784,0.139767615
0.0,0.839,0.047,0.921,0.987451687
0.0,0.645,0.423,0.513,0.590558094
0.198,0.695,0.395,0.442,0.066889482
0.449,0.454,0.28,0.556,0.000578723
0.24,0.309,0.172,0.664,0.083476809
0.25,0.4,0.092,0.745,0.116545453
0.1,0.426,0.403,0.491,0.614662555
0.063,0.462,0.373,0.52,0.84929881
0.225,0.421,0.118,0.758,0.171784341
0.289,0.357,0.005,0.874,0.04857996
0.261,0.508,0.473,0.79,0.064539414
0.37,0.49,0.35,0.635,0.03090554
0.106,0.751,0.309,0.674,0.779616906
0.0,0.634,0.0,0.893,0.99888785
0.078,0.698,0.306,0.966,0.987015597
0.036,0.734,0.306,0.958,0.98724352
0.344,0.345,0.0,0.842,0.000547402
0.295,0.3,0.331,0.55,0.004396078
0.0,0.896,0.139,0.865,0.98745506
0.294,0.476,0.535,0.744,0.018596233
0.108,0.753,0.41,0.503,0.527903264
0.165,0.716,0.0,0.953,0.427549043
0.219,0.319,0.207,0.676,0.139896755
0.049,0.812,0.441,0.471,0.337789645
0.113,0.622,0.101,0.812,0.633830283
0.2,0.534,0.411,0.426,0.04554564
0.0,0.813,0.062,0.775,0.987225691
0.0,0.762,0.262,0.574,0.955887434
0.125,0.854,0.304,0.701,0.518483717
0.121,0.742,0.378,0.535,0.4645637
0.302,0.467,0.249,1.0,0.070247617
0.137,0.487,0.495,0.5,0.015068962
0.444,0.835,0.012,0.981,0.015441928
0.079,0.648,0.266,0.571,0.952695543
0.166,0.647,0.159,0.748,0.425059715
0.076,0.627,0.402,0.434,0.231946952
0.0,0.862,0.017,0.965,0.987464215
0.283,0.591,0.0,0.85,0.100497817
0.38,0.381,0.06,0.865,0.000520417
0.111,0.748,0.442,0.551,0.454465684
0.179,0.546,0.174,0.663,0.403025839
0.096,0.687,0.327,0.6,0.933682495
0.415,0.446,0.075,0.837,0.006848302
0.02,0.761,0.122,0.714,0.986451812
0.027,0.835,0.333,0.579,0.960349527
0.1,0.761,0.189,0.723,0.909102912
0.053,0.677,0.06,0.821,0.986804539
0.339,0.387,0.103,0.858,0.02285016
0.163,0.553,0.309,0.528,0.360631613
0.014,0.861,0.233,0.603,0.973003852
0.213,0.992,0.077,0.857,0.228596527
0.267,0.465,0.309,0.528,0.083619442
0.423,0.81,0.279,0.679,0.019463113
0.23,0.472,0.356,0.48,0.087039256
0.0,0.617,0.0,0.897,0.998591983
0.008,0.719,0.294,0.678,0.985060178
0.199,0.528,0.155,0.682,0.30006857
0.231,0.473,0.047,0.917,0.166822069
0.162,0.487,0.263,0.574,0.399341962
0.0,0.751,0.141,0.797,0.987215572
0.198,0.855,0.259,0.997,0.314807453
0.0,0.85,0.44,0.558,0.674908048
0.097,0.623,0.324,0.641,0.937327341
0.0,0.847,0.175,0.782,0.987283515
0.0,0.689,0.35,0.533,0.893110691
0.073,0.651,0.153,0.92,0.986583843
0.13,0.593,0.134,0.834,0.49887508
0.081,0.514,0.194,0.686,0.979188622
0.172,0.854,0.326,0.91,0.418634011
0.0,0.763,0.098,0.866,0.987348085
0.179,0.359,0.138,0.745,0.363724239
0.169,0.466,0.126,0.71,0.409426968
0.0,0.583,0.144,0.692,0.983551451
0.15,0.57,0.135,0.83,0.451345591
0.139,0.4,0.206,0.676,0.447561967
0.114,0.611,0.092,0.744,0.619990083
0.143,0.502,0.0,0.908,0.460031254
0.297,0.401,0.165,0.671,0.059750614
0.149,0.749,0.419,0.835,0.369260415
0.158,0.536,0.0,0.914,0.434988597
0.032,0.694,0.128,0.708,0.985961752
0.0,0.838,0.41,0.427,0.232042362
0.061,0.669,0.0,0.933,0.986801166
0.0,0.739,0.288,0.623,0.978531354
0.0,0.747,0.114,0.856,0.987300862
0.0,0.785,0.432,0.471,0.37412005
0.362,0.418,0.304,0.653,0.023041461
0.0,0.756,0.094,0.817,0.987278214
0.061,0.664,0.21,0.681,0.984793223
0.035,0.66,0.386,0.516,0.83625851
0.062,0.656,0.381,0.584,0.963133276
0.066,0.661,0.414,0.557,0.93230098
0.254,0.659,0.0,0.888,0.137271059
0.1,0.622,0.318,0.647,0.904130039
0.0,0.895,0.176,0.807,0.987381334
0.033,0.661,0.025,0.878,0.986706719
0.0,0.645,0.157,0.726,0.985812855
0.274,0.275,0.0,0.849,0.001240809
0.249,0.478,0.357,0.479,0.068238711
0.325,0.404,0.138,0.743,0.038227036
0.078,0.624,0.174,0.727,0.98552759
0.56,0.607,0.0,0.916,0.001911569
0.396,0.502,0.451,0.803,0.0159715
0.0,0.713,0.408,0.428,0.232015377
0.229,0.498,0.192,0.778,0.174515566
0.2,0.523,0.08,0.889,0.293833203
0.26,0.502,0.0,0.942,0.122592409
0.0,0.858,0.043,0.926,0.987461324
0.139,0.829,0.142,0.695,0.474753754
0.0,0.722,0.0,0.917,0.999690641
0.0,0.565,0.185,0.698,0.982941406
0.038,0.799,0.386,0.525,0.87494573
0.454,0.46,0.303,0.534,0.000669314
0.235,0.816,0.498,0.755,0.066755041
0.0,0.683,0.047,0.832,0.986862363
0.022,0.84,0.0,0.924,0.987452169
0.285,0.361,0.323,0.514,0.038636141
0.179,0.551,0.264,0.617,0.397763364
0.434,0.772,0.301,0.632,0.016262548
0.257,0.293,0.001,0.894,0.042917053
0.0,0.772,0.375,0.461,0.497733536
0.331,0.365,0.093,0.808,0.01654685
0.036,0.668,0.344,0.556,0.930935368
0.172,0.533,0.014,0.951,0.413431287
-0.0,0.626,0.049,0.939,0.986256655
0.19,0.538,0.197,0.639,0.364526066
0.0,0.746,0.251,0.585,0.964672843
0.032,0.671,0.373,0.527,0.879486368
0.295,0.396,0.142,0.762,0.060518229
0.017,0.707,0.141,0.737,0.986496625
0.197,0.856,0.444,0.813,0.246934961
0.0,0.735,0.142,0.739,0.986702383
0.289,0.571,0.338,0.848,0.092532547
0.103,0.616,0.0,0.873,0.836316334
0.416,0.508,0.375,0.546,0.010331241
0.013,0.689,0.237,0.663,0.983950919
0.207,0.506,0.282,0.555,0.217265893
0.296,0.446,0.333,0.625,0.070071254
0.0,0.793,0.2,0.708,0.986383868
0.0,0.811,0.043,0.861,0.987413137
0.252,0.524,0.16,1.0,0.13497255
0.072,0.63,0.347,0.489,0.693835324
0.08,0.631,0.015,0.884,0.986323153
0.361,0.562,0.065,0.856,0.041634321
0.0,0.744,0.406,0.548,0.917801103
0.353,0.357,-0.0,0.837,0.001847962
0.164,0.57,0.247,0.716,0.425570013
0.152,1.0,0.221,0.616,0.441010977
0.045,0.645,0.0,0.869,0.986500962
0.467,0.697,0.142,0.856,0.011377857
0.167,0.734,0.385,0.566,0.394791686
0.0,0.789,0.24,0.597,0.970617162
0.132,0.568,0.369,0.532,0.417807609
0.213,0.513,0.222,0.747,0.221580053
0.017,0.886,0.364,0.473,0.624554815
0.348,0.394,0.203,0.755,0.021665248
0.053,0.497,0.01,0.885,0.979233435
0.266,0.608,0.023,0.814,0.12157615
0.339,0.799,0.093,0.743,0.05529623
0.343,0.379,0.103,0.865,0.016782484
0.0,0.826,0.238,0.727,0.986743341
0.0,0.868,0.58,0.698,0.024550189
0.015,0.716,0.013,0.955,0.987126426
0.171,0.551,0.368,0.54,0.365225256
0.0,0.914,0.178,0.735,0.986880192
0.112,0.59,0.0,0.909,0.647679639
0.342,0.381,0.404,0.475,0.008770953
0.141,0.597,0.163,0.801,0.469713419
0.131,0.592,0.315,0.583,0.47277135
0.019,0.531,0.162,0.734,0.981544472
0.256,0.374,0.083,0.805,0.096103185
0.373,0.684,0.273,0.957,0.039143066
0.091,0.558,0.0,0.872,0.976675201
0.311,0.346,0.438,0.538,0.013815625
0.339,0.524,0.406,0.507,0.030112386
0.227,0.474,0.321,0.515,0.12648108
0.049,0.661,0.203,0.695,0.98529292
0.0,0.753,0.0,0.973,0.999865077
0.0,0.769,0.0,0.906,0.999895917
0.262,0.48,0.469,0.511,0.027904469
0.136,0.603,0.042,0.924,0.481769263
0.041,0.668,0.209,0.627,0.979000693
0.0,0.825,0.291,0.613,0.976157675
0.0,0.853,0.368,0.469,0.59089251
0.197,0.544,0.193,0.766,0.317966577
0.138,0.586,0.207,0.672,0.473967346
0.153,0.35,0.182,0.741,0.398530015
0.052,0.806,0.088,0.895,0.987425666
0.0,0.782,0.013,0.935,0.987399163
0.337,0.37,0.382,0.454,0.004768561
0.0,0.715,0.092,0.794,0.986986203
0.0,0.552,0.045,0.792,0.983345211
0.0,0.796,0.288,0.625,0.979019004
0.188,0.436,0.367,0.627,0.363384522
0.157,0.466,0.045,0.891,0.429857671
0.0,0.75,0.108,0.792,0.987196297
0.0,0.846,0.249,0.588,0.966197954
0.047,0.814,0.284,0.628,0.979756744
0.181,0.531,0.07,0.805,0.401004887
0.0,0.761,0.0,0.937,0.999880497
0.243,0.479,0.313,0.586,0.133325045
0.23,0.53,0.213,0.7,0.17380433
0.0,0.726,0.0,0.91,0.999714253
0.031,0.614,0.124,0.752,0.98562059
0.315,0.316,0.018,0.87,0.000774361
0.0,0.633,0.222,0.662,0.983326419
0.157,0.564,0.034,0.843,0.438516349
0.198,0.528,0.299,0.537,0.261599636
0.0,0.724,0.082,0.755,0.986825741
0.144,1.0,0.25,0.748,0.465286983
0.0,0.829,0.221,0.749,0.987012705
0.0,0.795,0.18,0.773,0.987189551
0.261,0.287,0.266,0.57,0.028500057
0.039,0.666,0.268,0.569,0.94990553
0.204,0.49,0.027,0.81,0.262788886
0.267,0.444,0.377,0.459,0.040529399
0.279,0.46,0.487,0.491,0.002254176
0.233,0.416,0.0,0.843,0.151924169
0.106,0.629,0.061,0.901,0.780895782
0.092,0.301,0.26,0.649,0.890800136
0.0,0.506,0.113,0.771,0.97990034
0.148,0.574,0.237,0.642,0.450143332
0.288,0.429,0.303,0.592,0.072464208
0.259,0.598,0.239,0.743,0.129297114
0.277,0.424,0.0,0.924,0.090647481
0.0,0.692,0.287,0.55,0.921537023
0.264,0.43,0.172,0.731,0.106904729
0.0,0.589,0.122,0.766,0.98500139
0.024,0.683,0.267,0.57,0.952026229
0.136,0.476,0.079,0.893,0.472824356
0.0,0.638,0.0,0.934,0.998949529
0.323,0.39,0.164,0.672,0.033594843
0.173,0.549,0.409,0.427,0.081424054
0.27,0.64,0.418,0.418,0.0
0.069,0.455,0.0,0.861,0.973797006
0.044,0.677,0.464,0.502,0.213051479
0.047,0.46,0.33,0.568,0.93935263
0.236,0.478,0.434,0.462,0.037883464
0.217,0.509,0.33,0.506,0.139674614
0.308,0.406,0.442,0.454,0.006085505
0.061,0.663,0.135,0.938,0.986738523
0.225,0.698,0.102,0.818,0.191844488
0.133,0.541,0.405,0.559,0.446261406
0.0,0.75,0.158,0.679,0.985283765
0.17,0.38,0.0,0.902,0.384824738
0.0,0.583,0.08,0.757,0.984727208
0.3,0.434,0.162,0.815,0.066527118
0.235,0.482,0.211,0.753,0.159391189
0.003,0.731,0.202,0.776,0.987028607
0.074,0.709,0.234,0.694,0.985624927
0.0,0.593,0.099,0.905,0.985418687
0.01,1.0,0.004,0.832,0.987430966
0.166,0.303,0.282,0.648,0.343092115
0.19,0.521,0.354,0.544,0.325623452
0.21,0.511,0.049,0.788,0.233502903
0.299,0.436,0.041,0.796,0.067898995
0.322,0.394,0.0,0.913,0.036487976
0.0,0.746,0.229,0.671,0.984830327
0.0,0.837,0.288,0.664,0.984508922
0.126,0.635,0.034,0.874,0.514237982
0.205,0.534,0.429,0.551,0.185200016
0.007,0.672,0.271,0.565,0.945634256
0.27,0.427,0.196,0.706,0.099333143
0.242,0.504,0.494,0.779,0.061840474
0.132,0.603,0.186,0.777,0.492111587
0.155,0.552,0.0,0.857,0.441459596
0.098,0.736,0.181,1.0,0.935788738
0.099,0.803,0.024,0.926,0.926558083
0.154,0.756,0.0,0.897,0.447096965
0.0,0.611,0.052,0.832,0.985905856
0.175,0.6,0.273,0.998,0.413262634
0.0,0.774,0.176,0.661,0.984177397
0.308,0.381,0.31,0.526,0.030262247
0.125,0.584,0.189,0.648,0.51296296
0.196,0.342,0.369,0.513,0.220469349
0.0,0.619,0.079,0.815,0.986043188
0.211,0.329,0.019,0.863,0.175115492
0.054,0.494,0.346,0.491,0.696834949
0.0,0.745,0.188,0.648,0.98280311
0.165,0.556,0.239,0.597,0.409645736
0.151,0.575,0.401,0.435,0.085973847
0.0,0.766,0.122,0.844,0.987340375
0.356,0.502,0.0,0.938,0.039634089
0.0,0.576,0.244,0.643,0.9797765
0.0,0.642,0.376,0.461,0.497539343
0.0,0.723,0.038,0.857,0.987157266
0.0,0.721,0.005,0.9,0.987162084
0.293,0.431,0.305,0.532,0.055693289
0.272,0.468,0.384,0.595,0.097520358
0.042,0.531,0.366,0.606,0.96940912
0.147,1.0,0.393,0.604,0.446663766
0.115,0.809,0.37,0.551,0.544189906
0.0,0.652,0.0,0.904,0.999111918
0.0,0.766,0.372,0.589,0.966595013
0.0,0.696,0.344,0.614,0.976005886
0.0,0.651,0.232,0.647,0.982005138
0.0,0.75,0.401,0.501,0.747084099
0.36,0.362,0.188,0.71,0.000943497
0.04,0.658,0.0,0.883,0.986672025
0.0,0.604,0.043,0.832,0.985714554
0.0,0.495,0.032,0.804,0.97893275
0.214,0.667,0.299,0.613,0.21530662
0.0,0.764,0.302,0.599,0.971239734
0.06,0.619,0.009,0.827,0.986063908
0.039,0.689,0.394,0.443,0.294710202
0.132,0.604,0.0,0.889,0.492333246
0.369,0.505,0.264,0.573,0.029258999
0.0,0.563,0.036,0.944,0.984109453
0.041,0.708,0.342,0.567,0.948028174
0.0,0.626,0.125,0.77,0.986017649
0.402,0.461,0.132,0.781,0.013510121
0.09,0.889,0.364,0.641,0.976407282
0.109,0.624,0.3,0.583,0.688861005
0.049,0.645,0.318,0.585,0.964029068
0.302,0.394,0.107,0.793,0.052717275
0.127,0.612,0.204,0.687,0.508267161
0.0,0.688,0.318,0.598,0.970573793
0.0,0.638,0.194,0.693,0.984960431
0.288,0.432,0.033,0.803,0.078740533
0.16,0.393,0.0,0.912,0.406550219
0.046,0.512,0.28,0.689,0.979153445
0.04,0.526,0.148,0.746,0.981332451
0.053,0.637,0.368,0.536,0.898946589
0.059,0.479,0.0,0.894,0.977164296
0.326,0.373,0.204,0.698,0.023329618
0.018,0.744,0.009,0.904,0.987307608
0.034,0.825,0.303,0.69,0.985820083
0.173,0.555,0.079,0.893,0.413663548
0.002,0.725,0.289,0.681,0.985218712
0.274,0.419,0.324,0.578,0.084703162
0.217,0.494,0.388,0.448,0.057776885
0.186,0.554,0.053,0.913,0.390090104
0.039,0.323,0.026,0.81,0.922271389
0.203,0.524,0.092,0.878,0.272454185
0.0,0.811,0.105,0.731,0.986795383
0.207,0.653,0.0,0.987,0.254033352
0.0,0.773,0.193,0.643,0.982216196
0.0,0.737,0.385,0.451,0.376164614
0.074,0.658,0.266,0.618,0.976800486
0.0,0.813,0.18,0.657,0.98393309
0.041,0.792,0.559,0.631,0.043392174
0.087,0.624,0.012,0.886,0.986210396
0.0,0.551,0.35,0.487,0.684029319
0.251,0.31,0.404,0.489,0.040443145
0.099,0.62,0.339,0.625,0.916993011
0.084,0.641,0.445,0.515,0.519461426
0.285,0.439,0.225,0.611,0.079763056
0.281,0.49,0.204,1.0,0.096068009
0.323,0.365,0.313,0.524,0.015404824
0.221,0.472,0.175,0.727,0.191226252
0.154,0.584,0.379,0.601,0.431167387
0.271,0.591,0.134,0.779,0.115383188
0.0,0.851,0.04,0.797,0.987337484
0.022,0.692,0.039,0.798,0.986860435
0.0,0.782,0.181,0.813,0.987319655
0.0,0.796,0.344,0.492,0.703338234
0.408,0.571,0.253,0.752,0.021153504
0.238,0.666,0.212,0.625,0.157398667
0.151,0.565,0.137,0.7,0.448120451
0.076,0.645,0.138,0.771,0.986282194
0.296,0.606,0.256,0.695,0.08561341
0.0,0.613,0.279,0.557,0.931806102
0.257,0.475,0.078,0.881,0.123235702
0.25,0.346,0.045,1.0,0.091743247
0.242,0.448,0.355,0.481,0.073507933
0.25,0.472,0.032,0.916,0.132516953
0.327,0.398,0.0,0.888,0.034766745
0.024,0.851,0.127,0.709,0.986449402
0.336,0.38,0.022,0.875,0.020900042
0.276,0.342,0.116,0.774,0.057504148
0.079,0.482,0.0,0.839,0.977491002
0.043,0.682,0.0,0.864,0.98688501
0.251,0.509,0.104,0.803,0.135177826
0.057,0.645,0.0,0.928,0.986515418
0.168,0.529,0.213,0.69,0.416654981
0.34,0.359,0.266,0.635,0.00866687
0.462,0.772,0.075,0.882,0.012456758
0.069,0.624,0.069,0.835,0.986172328
0.0,0.589,0.0,0.911,0.997784373
0.0,0.704,0.037,0.866,0.987030535
0.109,0.627,0.165,0.671,0.710418796
0.176,0.686,0.271,0.642,0.408519611
0.259,0.432,0.285,0.618,0.109261061
0.092,0.5,0.438,0.457,0.213734768
0.0,0.578,0.15,0.77,0.984623124
0.124,0.432,0.104,0.779,0.506885165
0.0,0.851,0.119,0.763,0.987170276
0.0,0.606,0.0,0.944,0.998338521
0.0,0.536,0.293,0.628,0.975105276
0.28,0.49,0.355,0.923,0.09729388
0.0,0.775,0.0,0.906,0.999906036
0.0,0.579,0.194,0.697,0.98356687
0.339,0.57,0.042,0.795,0.052475378
0.278,0.431,0.112,0.724,0.090648444
0.0,0.72,0.056,0.889,0.987149074
0.138,0.43,0.003,0.913,0.460327602
0.041,0.527,0.17,0.728,0.981201383
0.0,0.305,0.021,0.987,0.908164716
0.0,0.58,0.268,0.704,0.983841535
0.0,0.79,0.36,0.911,0.987405909
0.226,0.468,0.006,0.896,0.178206672
0.0,0.837,0.39,0.447,0.339026117
0.211,0.415,0.189,0.799,0.214213262
0.0,0.763,0.143,0.693,0.985877907
0.0,0.465,0.044,0.792,0.97521996
0.116,0.603,0.185,0.651,0.584876876
0.044,0.686,0.091,0.866,0.986909586
0.0,0.706,0.394,0.442,0.285986472
0.116,0.603,0.192,0.703,0.587865418
0.268,0.462,0.201,0.766,0.10834744
0.234,0.368,0.24,0.636,0.126762973
0.03,0.83,0.415,0.498,0.733670833
0.32,0.914,0.343,0.614,0.063057671
0.227,0.936,0.489,0.509,0.022319624
0.034,0.52,0.13,0.811,0.981238968
0.0,0.845,0.346,0.562,0.941118193
0.148,0.405,0.148,0.739,0.432252553
0.076,0.579,0.283,0.717,0.984067049
0.279,0.753,0.095,0.92,0.107434301
0.0,0.739,0.23,0.706,0.986186784
0.226,0.498,0.255,0.636,0.177585063
0.515,0.517,0.27,0.745,0.000176845
0.0,0.736,0.096,0.74,0.986726476
0.17,0.552,0.184,0.784,0.416833272
0.155,0.183,0.188,0.777,0.043372899
0.0,0.825,0.265,0.714,0.98653132
0.28,0.449,0.136,0.74,0.091499904
0.298,0.349,0.375,0.461,0.01302729
0.0,0.708,0.103,0.78,0.98689513
0.023,0.668,0.104,0.799,0.986679735
0.0,0.777,0.166,0.788,0.98724352
0.4,0.462,0.25,0.663,0.014084507
0.167,0.569,0.136,0.701,0.42083711
0.022,0.606,0.362,0.474,0.629344578
0.243,0.474,0.46,0.505,0.038986941
0.052,0.525,0.103,0.847,0.981677468
0.008,0.546,0.121,0.819,0.983021878
0.061,0.487,0.245,0.591,0.959996319
0.0,0.947,0.17,0.78,0.987296525
0.0,0.772,0.0,0.94,0.99990459
0.344,0.348,0.004,0.9,0.001965056
0.214,0.332,0.023,0.965,0.165037713
0.106,0.591,0.105,0.797,0.779824591
0.0,0.675,0.159,0.817,0.986777072
0.0,0.821,0.358,0.59,0.967538028
0.278,0.885,0.07,0.928,0.109017718
0.0,0.499,0.152,0.685,0.977770004
0.143,0.564,0.18,0.656,0.460991134
0.296,0.741,0.346,0.617,0.083204554
0.097,0.458,0.18,0.76,0.930612998
0.124,0.757,0.108,0.805,0.524692099
0.005,0.7,0.313,0.651,0.98282624
0.143,0.433,0.106,0.871,0.450103336
0.145,0.56,0.318,0.518,0.371962729
0.177,0.539,0.36,0.538,0.357004596
0.01,0.89,0.154,0.683,0.985596497
0.0,0.585,0.0,0.923,0.997641258
0.363,0.421,0.118,0.807,0.023790284
0.228,0.533,0.147,0.851,0.17989369
0.234,0.796,0.376,0.654,0.168591487
0.201,0.363,0.121,0.716,0.247776302
0.151,0.422,0.022,0.952,0.432424097
0.43,0.466,0.0,0.898,0.006281144
0.106,0.63,0.463,0.5,0.170389816
0.293,0.422,0.026,0.811,0.070961745
0.323,0.391,0.115,0.721,0.0343268
0.148,0.42,0.216,0.66,0.434649844
0.116,0.565,0.226,0.72,0.586720019
0.097,0.55,0.045,0.791,0.939777637
0.0,0.447,0.346,0.6,0.958526622
0.0,0.697,0.286,0.551,0.922893962
0.014,0.279,0.245,0.668,0.878807898
0.216,0.508,0.185,0.651,0.207399655
0.0,0.644,0.018,0.865,0.986487952
0.142,0.423,0.057,0.838,0.449839273
0.0,0.433,0.163,0.801,0.969727634
0.032,0.241,0.187,0.854,0.828991466
0.0,0.334,0.277,0.632,0.92489564
0.035,0.699,0.065,0.913,0.987016078
0.0,0.725,0.083,0.825,0.987132209
0.0,0.723,0.227,0.709,0.986173774
0.263,0.298,0.017,0.877,0.040660949
0.0,0.645,0.235,0.602,0.971879655
0.217,0.302,0.338,0.499,0.08748402
0.0,0.619,0.0,0.889,0.998631978
0.188,0.362,0.008,0.88,0.341130914
0.208,0.515,0.1,0.869,0.243292042
0.0,0.658,0.141,0.754,0.986310142
0.049,0.678,0.33,0.553,0.925486891
0.0,0.309,0.284,0.553,0.865136834
0.012,0.552,0.141,0.754,0.98312307
0.0,0.667,0.022,0.888,0.986780445
0.021,0.69,0.0,0.856,0.986939943
0.228,0.493,0.064,0.84,0.176442555
0.0,0.291,0.068,0.769,0.89405467
0.0,0.79,0.435,0.464,0.306571854
0.0,0.302,0.0,0.84,0.917873865
0.0,0.6,0.148,0.925,0.985640347
0.21,0.501,0.369,0.529,0.184117741
0.0,0.556,0.016,0.864,0.983696975
0.0,0.494,0.452,0.665,0.582664622
0.058,0.502,0.042,0.841,0.979697474
0.212,0.276,0.353,0.525,0.096668416
0.0,0.705,0.282,0.555,0.929691186
0.399,0.63,0.112,0.874,0.026157217
0.041,0.852,0.038,0.799,0.987347121
0.0,0.701,0.332,0.576,0.958016807
0.0,0.831,0.196,0.707,0.986373749
0.074,0.141,0.052,0.892,0.515731289
0.241,0.483,0.23,0.606,0.141189124
0.238,0.291,0.389,0.508,0.04959911
0.012,0.718,0.375,0.592,0.968156264
0.14,0.557,0.017,0.886,0.470176976
0.017,0.6,0.49,0.587,0.267733811
0.0,0.571,0.265,0.571,0.95115694
0.0,0.812,0.164,0.672,0.98503223
0.497,0.532,0.225,0.76,0.0029312
0.265,0.3,0.361,0.535,0.033705672
0.141,0.573,0.097,0.798,0.468784378
0.066,0.816,0.147,0.765,0.987162566
0.082,0.647,0.0,0.936,0.986541439
0.0,0.535,0.0,0.905,0.994887385
0.0,0.754,0.061,0.776,0.987144255
0.0,0.615,0.298,0.774,0.985821047
0.0,0.476,0.076,0.803,0.976695439
0.063,0.783,0.302,0.74,0.986862845
0.263,0.266,0.203,0.695,0.003384638
0.0,0.721,0.404,0.482,0.666619926
0.218,0.352,0.0,0.886,0.162419727
0.0,0.39,0.273,0.564,0.918937347
0.0,0.827,0.036,0.941,0.987444459
0.0,0.828,0.0,0.902,0.999958559
0.0,0.846,0.196,0.641,0.981927075
0.155,0.606,0.449,0.549,0.240850901
0.177,0.39,0.416,0.482,0.244974724
0.234,0.487,0.06,0.843,0.162239027
0.0,0.445,0.124,0.712,0.971387668
0.25,0.329,0.167,0.801,0.082576681
0.0,0.771,0.472,0.49,0.078133862
0.0,0.472,0.086,0.841,0.976243447
0.163,0.653,0.0,0.932,0.430408445
0.044,0.684,0.232,0.652,0.982895147
0.0,0.49,0.366,0.58,0.954208125
0.285,0.442,0.183,0.653,0.082824843
0.084,0.302,0.269,0.692,0.904508787
0.0,0.633,0.385,0.451,0.376033064
0.23,0.437,0.328,0.671,0.161791372
0.0,0.603,0.086,0.801,0.985624445
0.243,0.311,0.026,0.86,0.080770641
0.0,0.768,0.24,0.643,0.982208486
0.138,0.445,0.216,0.723,0.462682971
0.0,0.561,0.461,0.479,0.157856441
0.25,0.463,0.104,0.732,0.130930163
0.0,0.688,0.106,0.832,0.986896093
0.0,0.445,0.04,0.984,0.972195278
0.0,0.696,0.085,0.752,0.98659589
0.169,0.448,0.314,0.576,0.387016271
0.083,0.491,0.282,0.62,0.969744499
0.0,0.533,0.37,0.718,0.981468819
0.154,0.539,0.143,0.76,0.442087951
0.0,0.333,0.26,0.842,0.928699502
0.0,0.557,0.549,0.553,0.005276932
0.097,0.624,0.343,0.623,0.934134486
0.0,0.365,0.015,0.821,0.944059031
0.109,0.472,0.056,0.929,0.702876605
0.0,0.826,0.018,0.939,0.987444459
0.312,0.384,0.275,0.625,0.037734085
0.333,0.371,0.396,0.504,0.011007301
0.0,0.773,0.093,0.824,0.987326401
0.28,0.621,0.098,0.853,0.10497003
0.0,0.74,0.0,0.94,0.99980388
0.0,0.495,0.0,0.966,0.99154467
0.0,0.702,0.342,0.541,0.907368189
0.0,0.45,0.207,0.629,0.96649623
0.079,0.145,0.374,0.567,0.517128705
0.235,0.331,0.374,0.532,0.087947577
0.253,0.31,0.19,0.722,0.064192469
0.369,0.404,0.154,0.769,0.016041371
0.0,0.614,0.221,0.674,0.983748053
0.156,0.396,0.243,0.642,0.411316852
0.106,0.471,0.06,0.921,0.770761144
0.345,0.376,0.185,0.651,0.013893687
0.0,0.325,0.227,0.812,0.923606162
0.06,0.646,0.338,0.498,0.733321479
0.0,0.666,0.359,0.526,0.877083776
0.316,0.716,0.486,0.53,0.016219662
0.0,0.464,0.436,0.568,0.709190997
0.019,0.699,0.169,0.796,0.986896575
0.0,0.763,0.036,0.801,0.987259903
0.059,0.522,0.435,0.55,0.686239645
0.0,0.757,0.125,0.841,0.987316282
0.298,0.626,0.183,0.737,0.084498369
0.0,0.714,0.167,0.717,0.986251837
0.0,0.451,0.421,0.502,0.514523247
0.08,0.477,0.0,0.918,0.976905051
0.23,0.338,0.281,0.638,0.121782871
0.096,0.428,0.254,0.582,0.9096932
0.0,0.71,0.125,0.712,0.986132333
0.029,0.869,0.263,0.991,0.987465661
0.0,0.557,0.322,0.588,0.963120748
0.03,0.705,0.097,0.865,0.987037281
0.303,0.423,0.322,0.584,0.055700036
0.059,0.52,0.35,0.655,0.977796506
0.14,0.606,0.164,0.718,0.471429349
0.0,0.33,0.334,0.594,0.914546088
0.039,0.164,0.014,0.823,0.55808263
0.115,0.613,0.316,0.521,0.49153961
0.071,0.731,0.401,0.636,0.981089107
0.271,0.43,0.168,0.74,0.099111966
0.0,0.72,0.042,0.794,0.987020897
0.0,0.389,0.337,0.649,0.952512433
0.084,0.498,0.176,0.813,0.979274876
0.0,0.69,0.0,0.911,0.999478137
0.0,0.334,0.309,0.528,0.841639044
0.212,0.333,0.327,0.563,0.157448781
0.062,0.839,0.353,0.598,0.970984345
0.274,0.454,0.086,0.796,0.100182194
0.173,0.397,0.065,0.836,0.389330681
0.174,0.211,0.27,0.648,0.179485549
0.277,0.292,0.335,0.582,0.01697764
0.156,0.902,0.512,0.719,0.097788758
0.078,0.551,0.121,0.715,0.982549648
0.348,0.38,0.064,0.82,0.01487477
0.0,0.779,0.276,0.626,0.979341856
0.203,0.29,0.306,0.614,0.180454584
0.052,0.514,0.233,0.68,0.978969372
0.0,0.589,0.021,0.876,0.985259189
0.032,0.761,0.393,0.648,0.982846478
0.072,0.654,0.285,0.552,0.923969008
0.0,0.52,0.086,0.938,0.981316549
0.181,0.524,0.215,0.622,0.393511846
0.0,0.743,0.467,0.516,0.261908032
0.059,0.27,0.348,0.489,0.629328195
0.058,0.238,0.302,0.684,0.823200381
0.135,0.494,0.054,0.783,0.477294641
0.283,0.683,0.113,0.89,0.102072561
0.0,0.372,0.254,0.682,0.945878081
0.0,0.584,0.1,0.736,0.984520968
0.031,0.245,0.115,0.819,0.835819047
0.182,0.54,0.203,0.634,0.394217782
0.0,0.397,0.393,0.537,0.881983887
0.0,0.428,0.214,0.707,0.967883045
0.321,0.361,0.009,0.937,0.021472501
0.0,0.752,0.224,0.663,0.984324366
0.257,0.482,0.477,0.501,0.016281341
0.121,0.263,0.128,0.79,0.41655138
0.191,0.55,0.216,0.666,0.361248403
0.0,0.667,0.0,0.908,0.999301292
0.263,0.44,0.033,0.867,0.11037032
0.116,0.683,0.071,0.889,0.590180792
0.0,0.489,0.175,0.864,0.978338607
0.218,0.503,0.107,0.769,0.203813596
0.044,0.285,0.071,0.86,0.887261301
0.0,0.373,0.283,0.663,0.945622209
0.249,0.317,0.255,0.638,0.074217724
0.0,0.652,0.005,0.832,0.986549631
0.0,0.733,0.211,0.757,0.986896093
0.0,0.688,0.298,0.606,0.973722798
0.024,0.691,0.046,0.79,0.986826705
0.008,0.562,0.14,0.778,0.983863701
0.067,0.64,0.105,0.771,0.986227261
0.149,0.481,0.25,0.638,0.440903521
0.09,0.607,0.212,0.691,0.978756868
0.19,0.362,0.216,0.62,0.324298798
0.183,0.512,0.046,0.856,0.395294274
0.0,0.568,0.27,0.567,0.946006739
0.219,0.474,0.363,0.54,0.162187467
0.0,0.76,0.0,0.879,0.999868932
0.277,0.368,0.034,0.842,0.06826666
0.0,0.616,0.024,0.919,0.986060053
0.0,0.578,0.104,0.883,0.984854421
0.0,0.698,0.278,0.625,0.978653267
0.236,0.526,0.0,0.925,0.161892564
0.354,0.354,0.0,0.872,0.0
0.075,0.555,0.174,0.714,0.982779981
0.311,0.451,0.052,0.873,0.05992746
0.167,0.529,0.177,0.726,0.418908194
0.123,0.396,0.027,0.81,0.502087691
0.225,0.338,0.144,0.693,0.135706435
0.0,0.456,0.354,0.592,0.956793827
0.147,0.578,0.282,0.678,0.455425082
0.0,0.756,0.0,0.928,0.999870378
0.202,0.365,0.378,0.551,0.214658026
0.064,0.796,0.0,0.953,0.987418438
0.051,0.647,0.0,0.894,0.986536138
0.0,0.624,0.0,0.848,0.99870474
0.0,0.566,0.315,0.522,0.861553184
0.0,0.491,0.183,0.741,0.978096228
0.127,0.441,0.0,0.952,0.495416717
0.207,0.507,0.358,0.539,0.205239924
0.011,0.856,0.313,0.678,0.985362309
0.0,0.546,0.0,0.906,0.995604886
0.228,0.674,0.021,0.929,0.1845095
0.231,0.337,0.075,0.843,0.121340035
0.26,0.292,0.203,0.634,0.03719343
0.0,0.622,0.416,0.467,0.574367344
0.018,0.55,0.382,0.528,0.879682488
0.096,0.75,0.17,0.872,0.949789882
0.0,0.563,0.0,0.899,0.996623072
0.32,0.42,0.147,0.735,0.046449624
0.138,0.404,0.146,0.771,0.452888531
0.0,0.763,0.261,0.576,0.958268341
0.115,0.58,0.156,0.779,0.602760908
0.255,0.775,0.062,0.923,0.136611864
0.121,0.611,0.192,0.645,0.536865037
0.123,0.663,0.49,0.52,0.09110911
0.081,0.63,0.319,0.579,0.959479275
0.0,0.353,0.086,0.827,0.938681389
0.308,0.75,0.414,0.816,0.076537916
0.099,0.466,0.307,0.586,0.894286448
0.022,0.209,0.216,0.703,0.74220278
0.166,0.53,0.086,0.816,0.42094553
0.052,0.207,0.431,0.656,0.540124871
0.122,0.17,0.49,0.593,0.049328301
0.511,0.52,0.018,0.997,0.0007122
0.0,0.984,0.131,0.705,0.986353029
0.095,0.472,0.065,0.863,0.949530637
0.0,0.558,0.044,0.858,0.98380684
0.029,0.681,0.244,0.592,0.967969781
0.0,0.775,0.348,0.531,0.889807489
0.0,0.942,0.012,0.825,0.987417474
0.0,0.822,0.182,0.723,0.986678771
0.0,0.753,0.452,0.599,0.575817765
0.0,0.807,0.082,0.883,0.987425184
0.0,0.392,0.35,0.584,0.937927748
0.147,0.407,0.247,0.589,0.419808323
0.194,0.356,0.365,0.471,0.164339969
0.156,0.27,0.201,0.677,0.324152792
0.0,0.607,0.436,0.488,0.45878659
0.256,0.467,0.046,0.79,0.123434232
0.0,0.878,0.203,1.0,0.987468552
0.0,0.518,0.427,0.58,0.725066124
0.0,0.533,0.0,0.911,0.994768846
0.0,0.85,0.385,0.569,0.950394625
0.168,0.552,0.469,0.497,0.056300442
0.0,0.534,0.194,0.7,0.981121874
0.389,0.457,0.255,0.786,0.018305667
0.0,0.578,0.336,0.5,0.741444321
0.0,0.305,0.485,0.501,0.060215135
0.085,0.115,0.097,0.74,0.382004849
0.078,0.316,0.38,0.54,0.853696816
0.061,0.266,0.474,0.571,0.272437802
0.0,0.702,0.282,0.623,0.978310659
0.25,0.298,0.0,0.897,0.057747491
0.138,0.765,0.052,0.785,0.478344149
0.0,0.821,0.293,0.588,0.966185907
0.081,0.484,0.023,0.882,0.977772413
0.06,0.853,0.404,0.433,0.232047181
0.025,0.697,0.346,0.491,0.700088519
0.254,0.297,0.0,0.867,0.051123739
0.129,0.921,0.298,0.903,0.504460889
0.076,0.627,0.128,0.752,0.985869234
0.136,0.144,0.33,0.608,0.017508176
0.0,0.41,0.253,0.69,0.96271357
0.0,0.262,0.448,0.591,0.536612057
0.255,0.284,0.296,0.587,0.032933239
0.34,0.382,0.154,0.682,0.019692964
0.297,0.669,0.317,0.685,0.085415844
0.19,0.536,0.386,0.584,0.352364693
0.0,0.766,0.017,0.898,0.987369769
0.191,0.518,0.398,0.439,0.070765143
0.0,0.578,0.11,0.774,0.984642399
0.239,0.314,0.347,0.489,0.053312382
0.0,0.454,0.389,0.61,0.962749228
0.0,0.678,0.149,0.755,0.9865159
0.15,0.426,0.363,0.592,0.420288745
0.171,0.235,0.451,0.461,0.034430401
0.343,0.384,0.233,0.722,0.019308915
0.0,0.47,0.18,0.744,0.9756069
0.0,0.566,0.448,0.495,0.368522676
0.0,0.588,0.139,0.8,0.985128603
0.0,0.637,0.299,0.578,0.95892079
0.0,0.62,0.225,0.663,0.983177521
0.0,0.847,0.425,0.554,0.696521253
0.0,0.53,0.056,0.78,0.981890453
0.079,0.567,0.277,0.559,0.934791754
0.0,0.675,0.25,0.637,0.980885277
0.388,0.473,0.328,0.658,0.020601284
0.147,0.42,0.417,0.48,0.268504317
0.0,0.437,0.287,0.64,0.965919435
0.179,0.369,0.17,0.667,0.366790362
0.221,0.4,0.401,0.491,0.103800056
0.0,0.53,0.004,0.876,0.982052843
0.0,0.626,0.448,0.653,0.634451411
0.269,0.453,0.342,0.567,0.093380152
0.0,0.391,0.431,0.502,0.507677355
0.0,0.744,0.38,0.502,0.751720629
0.115,0.752,0.026,0.964,0.605336972
0.0,0.511,0.0,0.91,0.993118449
0.117,0.118,0.074,0.762,0.011637584
0.0,0.686,0.27,0.611,0.975221406
0.126,0.427,0.336,0.549,0.446441143
0.231,0.495,0.0,0.91,0.169433309
0.0,0.557,0.0,0.903,0.996282392
0.0,0.818,0.109,0.773,0.987213162
0.142,0.438,0.147,0.838,0.453091879
0.412,0.639,0.402,0.852,0.021779932
0.0,0.606,0.077,0.821,0.985754549
0.256,0.306,0.127,0.767,0.056880129
0.0,0.782,0.11,0.847,0.98736736
0.117,0.617,0.242,0.736,0.575711755
0.0,0.461,0.084,0.941,0.974788689
0.054,0.385,0.0,0.896,0.953856362
0.139,0.158,0.297,0.636,0.036015746
0.026,0.526,0.0,0.936,0.981777214
0.227,0.341,0.33,0.506,0.091052731
0.298,0.68,0.039,0.967,0.085384523
0.0,0.447,0.164,0.673,0.97056512
0.314,1.0,0.405,0.431,0.010038747
0.023,0.711,0.361,0.602,0.972374533
0.0,0.637,0.247,0.768,0.986160282
0.0,0.757,0.262,0.574,0.95588117
0.262,0.52,0.465,0.57,0.056956746
0.0,0.653,0.017,0.876,0.986599263
0.053,0.496,0.181,0.655,0.975697491
0.056,0.642,0.0,0.887,0.986473977
0.0,0.768,0.45,0.515,0.465557311
0.0,0.721,0.151,0.752,0.986762616
0.107,0.109,0.359,0.569,0.048403115
0.13,0.595,0.074,0.762,0.498698717
0.0,0.694,0.105,0.772,0.986755388
0.0,0.39,0.245,0.591,0.940624761
0.161,0.534,0.227,0.61,0.418752551
0.0,0.819,0.059,0.899,0.987436267
0.233,0.322,0.296,0.587,0.101321329
0.0,0.599,0.139,0.756,0.985259189
0.0,0.565,0.322,0.563,0.940064349
0.0,0.656,0.1,0.809,0.986563123
0.019,0.533,0.381,0.684,0.980507493
0.098,0.686,0.062,0.863,0.935432638
0.126,0.406,0.285,0.658,0.487830194
0.316,0.715,0.158,0.857,0.069829838
0.119,0.578,0.378,0.524,0.457082224
0.211,0.482,0.023,0.88,0.226286454
0.156,0.396,0.156,0.68,0.413650055
0.288,0.451,0.434,0.457,0.015745023
0.299,0.305,0.0,0.855,0.005662908
0.0,0.612,0.362,0.474,0.629390837
0.0,0.83,0.402,0.435,0.232041398
0.0,0.756,0.378,0.503,0.761666857
0.0,0.637,0.02,0.989,0.986418563
0.0,0.563,0.275,0.623,0.975621356
0.0,0.363,0.275,0.645,0.939809441
0.158,0.538,0.064,0.872,0.435105209
0.0,0.306,0.116,0.815,0.909013285
0.166,0.197,0.019,0.818,0.103723921
0.0,0.33,0.093,0.812,0.926901654
0.148,0.594,0.291,0.615,0.445823871
-0.0,0.747,0.337,0.545,0.913882556
0.0,0.369,0.224,0.741,0.945502706
0.0,0.656,0.187,0.731,0.986017649
0.262,0.396,0.338,0.778,0.099380848
0.0,0.228,0.011,0.93,0.802335998
0.0,0.44,0.249,0.716,0.970499586
0.133,0.597,0.082,0.796,0.488982821
0.0,0.345,0.405,0.431,0.224723276
0.0,0.625,0.466,0.475,0.077265055
0.0,0.549,0.207,0.721,0.982530855
0.101,0.478,0.07,0.951,0.873351712
0.0,0.693,0.067,0.846,0.986949099
0.0,0.262,0.241,0.596,0.851605992
0.07,0.295,0.341,0.578,0.88117965
0.0,0.744,0.164,0.672,0.984912727
0.0,0.515,0.354,0.482,0.664430801
0.0,0.746,0.321,0.516,0.836554377
0.021,0.545,0.055,0.967,0.983029588
0.0,0.64,0.029,0.881,0.986453739
0.0,0.653,0.057,0.879,0.986601672
0.025,0.271,0.056,0.883,0.869847089
0.0,0.697,0.199,0.887,0.986999213
0.237,0.323,0.196,0.64,0.098649373
0.106,0.168,0.0,0.952,0.358467545
0.0,0.26,0.243,0.687,0.856593803
0.0,0.567,0.189,0.687,0.982638794
0.0,0.301,0.194,0.81,0.904373382
0.21,0.348,0.171,0.665,0.188092185
0.177,0.559,0.266,0.609,0.398854312
0.0,0.74,0.25,0.587,0.965584055
0.0,0.406,0.04,0.904,0.962603222
0.0,0.295,0.407,0.506,0.722610527
0.0,0.598,0.046,0.871,0.985568548
0.069,0.249,0.239,0.597,0.835399822
0.313,0.395,0.102,0.734,0.043488548
0.0,0.634,0.045,0.908,0.986370858
0.0,0.24,0.241,0.596,0.820840676
0.079,0.628,0.018,0.881,0.986278339
0.019,0.544,0.014,0.822,0.982907194
0.052,0.509,0.258,0.642,0.975509081
0.059,0.215,0.0,0.931,0.766536611
0.26,0.305,0.202,0.702,0.050694877
0.085,0.477,0.219,0.618,0.967809319
0.0,0.61,0.348,0.54,0.905394941
0.095,0.206,0.377,0.566,0.685231096
0.033,0.536,0.22,0.697,0.981119947
0.0,0.549,0.405,0.432,0.231621692
0.0,0.761,0.041,0.796,0.987239183
0.002,0.263,0.123,0.814,0.860820264
0.0,0.744,0.244,0.841,0.987272432
0.0,0.747,0.367,0.469,0.590852997
0.398,0.807,0.056,0.878,0.02767269
0.069,0.151,0.466,0.474,0.050120973
0.0,0.717,0.319,0.592,0.968148554
0.0,0.745,0.331,0.549,0.920431618
0.0,0.934,0.079,0.974,0.987478189
0.0,0.721,0.117,0.781,0.986990058
0.0,0.664,0.475,0.504,0.132059179
0.068,0.661,0.147,0.728,0.986036442
0.01,0.913,0.071,0.849,0.987444941
0.192,0.39,0.016,0.869,0.330052297
0.177,0.305,0.293,0.589,0.324663572
0.142,0.441,0.341,0.649,0.450107191
0.01,0.727,0.441,0.538,0.63389389
0.12,0.458,0.02,0.996,0.536302216
0.19,0.348,0.369,0.514,0.263890917
0.072,0.478,0.371,0.517,0.835195029
0.0,0.638,0.0,0.865,0.9989317
0.276,0.443,0.257,0.651,0.094100062
0.125,0.596,0.203,0.679,0.515779476
0.0,0.583,0.429,0.607,0.7405307
0.157,0.573,0.361,0.597,0.42404683
0.0,0.557,0.0,0.872,0.996274682
0.0,0.623,0.362,0.474,0.629452035
0.0,0.715,0.012,0.825,0.987059928
0.233,0.318,0.319,0.746,0.104783547
0.008,0.548,0.116,0.721,0.98247014
0.0,0.85,0.344,0.492,0.703350281
0.177,0.377,0.242,0.594,0.364048054
0.0,0.4,0.452,0.482,0.266879941
0.006,0.544,0.147,0.689,0.981393166
0.079,0.307,0.124,0.837,0.909906667
0.072,0.474,0.21,0.667,0.974148769
0.051,0.173,0.159,0.781,0.569983795
0.121,0.452,0.335,0.639,0.524134096
0.158,0.561,0.191,0.717,0.435734046
0.153,0.233,0.136,0.825,0.275370448
0.0,0.559,0.357,0.539,0.902778882
0.227,0.315,0.089,0.829,0.116530033
0.0,0.339,0.258,0.778,0.931835014
0.311,0.603,0.261,0.576,0.063105858
0.078,0.143,0.318,0.583,0.517809584
0.068,0.472,0.264,0.619,0.967434426
0.256,0.977,0.072,0.886,0.135358526
0.242,0.489,0.056,0.902,0.147617719
0.0,0.917,0.304,0.532,0.891659306
0.004,0.213,0.122,0.714,0.75869518
0.006,0.58,0.204,0.791,0.984810571
0.095,0.476,0.045,0.856,0.950036116
0.154,0.413,0.419,0.489,0.195582816
0.064,0.638,0.124,0.759,0.986112095
0.0,0.791,0.232,0.604,0.973271288
0.151,0.756,0.106,0.731,0.451830832
0.0,0.291,0.01,0.897,0.894172245
0.0,0.705,0.082,0.933,0.987055592
0.0,0.574,0.349,0.487,0.684564674
0.112,0.451,0.132,0.762,0.635333228
0.0,0.671,0.0,0.947,0.999337432
0.0,0.593,0.205,0.632,0.978709645
0.077,0.364,0.15,0.795,0.943605111
0.0,0.744,0.004,0.877,0.987302308
0.082,0.154,0.43,0.5,0.280145755
0.26,0.316,0.385,0.571,0.054923747
0.0,0.542,0.283,0.629,0.975658942
0.43,0.466,0.064,0.772,0.006269097
0.052,0.914,0.351,0.652,0.98342231
0.168,0.599,0.385,0.451,0.160101944
0.0,0.665,0.0,0.93,0.999283945
0.0,0.629,0.402,0.481,0.662763539
0.0,0.545,0.388,0.448,0.347323876
0.0,0.689,0.25,0.765,0.986678289
0.099,0.45,0.332,0.543,0.839406069
0.45,0.551,0.535,0.649,0.003026128
0.0,0.848,0.384,0.512,0.813185728
0.0,0.767,0.0,0.903,0.999890616
0.0,0.786,0.365,0.538,0.90235532
0.196,0.355,0.204,0.683,0.283117433
0.0,0.748,0.092,0.789,0.987181359
0.0,0.657,0.268,0.62,0.977196581
0.087,0.125,0.17,0.735,0.467739207
0.0,0.465,0.009,0.828,0.975293686
0.227,0.495,0.446,0.5,0.06779202
0.0,0.534,0.23,0.607,0.969856775
0.12,0.432,0.158,0.679,0.529904942
0.001,0.562,0.385,0.451,0.375607575
0.0,0.629,0.0,0.861,0.998800632
0.042,0.697,0.08,0.9,0.987001141
0.0,0.6,0.163,0.751,0.985232205
0.0,0.723,0.115,0.773,0.986952954
0.159,0.397,0.0,0.901,0.410031712
0.175,0.546,0.382,0.526,0.347640945
0.154,0.458,0.129,0.922,0.434069193
0.148,0.415,0.0,0.907,0.435915228
0.072,0.838,-0.0,0.837,0.987408319
0.0,0.651,0.06,0.777,0.986389169
0.187,0.409,0.325,0.761,0.366268018
0.0,0.779,0.0,0.874,0.999902663
0.0,0.665,0.112,0.775,0.986555895
0.0,0.636,0.342,0.494,0.713253141
0.201,0.527,0.3,0.581,0.269924862
0.295,0.351,0.222,0.662,0.038914179
0.054,0.897,0.0,0.931,0.987473371
0.239,0.812,0.47,0.783,0.089980094
0.107,0.605,0.0,0.909,0.760812988
0.359,0.44,0.479,0.481,0.000276592
0.047,0.237,0.427,0.455,0.163793531
0.263,0.639,0.353,0.557,0.106199756
0.0,0.502,0.195,0.642,0.97484314
0.092,0.461,0.017,0.82,0.963424324
0.0,0.633,0.219,0.878,0.986350138
0.0,0.647,0.27,0.626,0.978564603
0.009,0.533,0.223,0.655,0.97870579
0.012,0.521,0.464,0.619,0.435165924
0.545,0.892,0.025,0.811,0.004442337
0.0,0.423,0.0,0.945,0.98009887
0.0,0.35,-0.0,0.837,0.949844815
0.068,0.656,0.123,0.714,0.985746839
0.0,0.537,0.399,0.494,0.711599853
0.035,0.686,0.01,0.937,0.986927897
0.043,0.51,0.234,0.66,0.977482329
0.016,0.472,0.181,0.697,0.975047452
0.248,0.461,0.209,0.627,0.129705738
0.029,0.638,0.039,0.859,0.986409889
0.104,0.369,0.413,0.424,0.130901251
0.0,0.873,0.026,0.972,0.987465179
0.0,0.426,0.439,0.512,0.555099869
0.123,0.984,0.091,0.949,0.530663402
0.0,0.248,0.25,0.675,0.840156337
0.0,0.763,0.471,0.598,0.364772783
0.009,0.57,0.274,0.708,0.983487362
0.0,0.47,0.176,0.661,0.973217319
0.363,0.775,0.231,0.944,0.044114012
0.183,0.513,0.231,0.671,0.393284886
0.18,0.424,0.147,0.689,0.387638362
0.055,0.669,0.402,0.67,0.984284371
0.137,0.431,0.25,0.586,0.444764244
0.083,0.698,0.16,0.677,0.984889115
0.256,0.359,0.059,0.892,0.089331018
0.459,0.849,0.121,0.814,0.012977657
0.0,0.653,0.308,0.569,0.949767716
0.187,0.671,0.12,0.862,0.389671843
0.328,0.709,0.067,0.896,0.061343187
0.241,0.48,0.123,0.824,0.148258121
0.127,0.439,0.0,0.935,0.495037005
0.289,0.447,0.319,0.66,0.07934865
0.049,0.194,0.0,0.869,0.639934582
0.0,0.863,0.09,0.971,0.987464215
0.0,0.578,0.474,0.591,0.336784951
0.148,0.339,0.443,0.604,0.281164423
0.0,0.695,0.0,0.92,0.999510423
0.0,0.858,0.034,0.93,0.987462288
0.132,0.281,0.043,0.952,0.388978436
0.342,0.385,0.416,0.467,0.008927078
0.003,0.786,0.0,0.926,0.987404464
0.0,0.76,0.0,0.895,0.999871823
0.0,0.374,0.0,0.897,0.96076827
0.0,0.504,0.299,0.823,0.979866128
0.0,0.707,0.411,0.604,0.972980722
0.294,0.568,0.027,0.886,0.086998298
0.0,0.86,0.259,0.62,0.977903481
0.0,0.64,0.337,0.609,0.974056732
0.185,0.353,0.006,0.876,0.3481816
0.0,0.344,0.007,0.997,0.934474203
0.0,0.698,0.355,0.525,0.874737081
0.0,0.762,0.038,0.85,0.987332665
0.0,0.703,0.0,0.855,0.999537889
0.0,0.732,0.354,0.482,0.666636309
0.061,0.497,0.029,0.854,0.979215606
0.0,0.542,0.236,0.805,0.982754924
0.0,0.738,0.069,0.841,0.98723581
0.3,0.395,0.365,0.538,0.043530952
0.022,0.73,0.31,0.576,0.958158958
0.0,0.779,0.28,0.792,0.98725653
0.353,0.383,0.0,0.935,0.014125948
0.108,0.341,0.292,0.855,0.685329879
0.0,0.773,0.307,0.529,0.886139513
0.0,0.597,0.248,0.66,0.982360274
0.0,0.462,0.039,0.88,0.974921203
0.047,0.5,0.394,0.482,0.663920985
0.218,0.351,0.106,0.793,0.161890154
0.012,0.557,0.446,0.471,0.28436547
0.005,0.214,0.335,0.598,0.758596397
0.016,0.536,0.189,0.688,0.980839982
0.0,0.531,0.114,0.722,0.981384974
0.1,0.468,0.054,0.864,0.898255591
0.046,0.518,0.232,0.671,0.978842159
0.224,0.65,0.242,0.594,0.181710331
0.115,0.461,0.122,0.856,0.592761675
0.025,0.367,0.094,0.842,0.944943258
0.0,0.699,0.0,0.946,0.999538371
0.359,0.382,0.103,0.803,0.010894062
0.106,0.388,0.381,0.74,0.749508375
0.0,0.638,0.425,0.622,0.745615848
0.153,0.392,0.086,0.796,0.418639794
0.0,0.519,0.354,0.482,0.664549822
0.017,0.678,0.356,0.736,0.986296168
0.184,0.369,0.162,0.674,0.356521764
0.172,0.362,0.411,0.425,0.075979432
0.119,0.327,0.088,0.847,0.494206747
0.0,0.609,0.316,0.589,0.965412992
0.241,0.349,0.197,0.717,0.107530193
0.0,0.656,0.339,0.537,0.900516996
0.0,0.665,0.307,0.64,0.981183072
0.0,0.625,0.345,0.53,0.887368275
0.184,0.342,0.0,0.945,0.345581925
0.0,0.696,0.314,0.595,0.969568618
0.163,0.321,0.289,0.794,0.364664362
0.448,0.724,0.119,0.76,0.014403022
0.156,0.312,0.454,0.473,0.062839385
0.28,0.281,0.1,0.737,0.001224425
0.106,0.497,0.409,0.466,0.39276206
0.0,0.566,0.187,0.821,0.984206309
0.0,0.691,0.0,0.924,0.99948922
0.147,0.416,0.018,0.878,0.43835396
0.139,0.435,0.44,0.57,0.328831245
0.0,0.669,0.566,0.575,0.010328831
0.182,0.543,0.286,0.55,0.361037827
0.0,0.494,0.259,0.578,0.952811191
0.0,0.465,0.125,0.712,0.974501014
0.255,0.433,0.359,0.478,0.060534131
0.035,0.543,0.021,0.962,0.982917313
0.295,0.481,0.464,0.807,0.048527919
0.0,0.737,0.329,0.555,0.929829
0.0,0.238,0.246,0.684,0.823200381
0.18,0.377,0.031,0.805,0.370738785
0.527,0.527,0.283,0.973,0.0
0.215,0.327,0.022,0.857,0.158438055
0.0,0.447,0.235,0.684,0.970989163
0.022,0.22,0.394,0.564,0.762478322
0.0,0.731,0.453,0.618,0.572233634
0.0,0.643,0.421,0.455,0.192717632
0.027,0.46,0.267,0.825,0.974593533
0.248,0.864,0.473,0.581,0.064953338
0.423,0.578,0.587,0.598,0.000529091
0.0,0.313,0.007,0.83,0.914940738
0.0,0.587,0.384,0.521,0.858746306
0.17,0.385,0.198,0.698,0.386423092
0.0,0.644,0.293,0.595,0.969149875
0.098,0.187,0.074,0.809,0.545650447
0.273,0.278,0.246,0.639,0.006062376
0.041,0.434,0.344,0.581,0.947776157
0.0,0.841,0.031,1.0,0.98745506
0.297,0.63,0.023,0.901,0.085770499
0.208,0.513,0.132,0.705,0.242302768
0.0,0.578,0.361,0.572,0.952284992
0.385,0.544,0.284,0.681,0.028697623
0.0,0.638,0.563,0.58,0.019085329
0.22,0.227,0.287,0.649,0.018173635
0.0,0.586,0.14,0.748,0.984716125
0.0,0.807,0.264,0.641,0.981905391
0.213,0.259,0.28,0.612,0.095122103
0.0,0.553,0.127,0.859,0.983524948
0.121,0.547,0.36,0.537,0.46424615
0.182,0.528,0.062,0.775,0.398661083
0.0,0.572,0.1,0.825,0.984526751
0.0,0.503,0.239,0.646,0.975348619
0.0,0.784,0.017,0.961,0.987403018
0.0,0.629,0.358,0.643,0.981210538
0.279,0.314,0.324,0.625,0.034862636
0.0,0.575,0.0,0.888,0.997251427
0.012,0.485,0.356,0.769,0.977669775
0.001,0.784,0.102,0.798,0.987283515
0.191,0.506,0.16,0.742,0.359952179
0.0,0.626,0.068,0.826,0.986200277
0.0,0.611,0.095,0.813,0.985875016
0.309,0.487,0.307,0.734,0.066305941
0.129,0.821,0.343,0.567,0.469535128
0.0,0.648,0.39,0.531,0.889333813
0.318,0.319,0.119,0.886,0.000748822
0.0,0.419,0.15,0.764,0.966334323
0.0,0.565,0.279,0.654,0.980520504
0.069,0.378,0.265,0.875,0.95028235
0.0,0.616,0.236,0.861,0.986040779
0.173,0.642,0.419,0.499,0.216083872
0.072,0.639,0.12,0.717,0.985587823
0.266,0.424,0.28,0.556,0.089162365
0.0,0.32,0.158,0.785,0.920165146
0.0,0.619,0.118,0.806,0.986026322
0.083,0.18,0.157,0.786,0.578919547
0.013,0.757,0.331,0.742,0.986841161
0.132,0.42,0.275,0.61,0.463302171
0.176,0.27,0.455,0.684,0.154288212
0.0,0.785,0.36,0.541,0.907585993
0.0,0.742,0.498,0.509,0.064106697
0.2,0.347,0.137,0.74,0.247966157
0.108,0.382,0.156,0.78,0.704579525
0.488,0.791,0.207,0.786,0.009165121
0.218,0.553,0.376,0.632,0.202682653
0.027,0.697,0.001,0.948,0.987005959
0.342,0.362,0.0,0.883,0.00935835
0.248,0.482,0.141,0.911,0.136732813
0.137,0.329,0.061,0.954,0.41990566
0.0,0.539,0.057,0.871,0.982620964
0.0,0.328,0.425,0.496,0.464884142
0.0,0.736,0.0,0.893,0.99977545
0.108,0.613,0.0,0.922,0.738375788
0.01,0.373,0.005,0.832,0.947738571
0.0,0.648,0.195,0.878,0.986541439
0.0,0.597,0.431,0.546,0.682149072
0.243,0.479,0.329,0.575,0.13042613
0.048,0.218,0.135,0.802,0.775816416
0.0,0.484,0.336,0.805,0.977691459
0.029,0.202,0.47,0.581,0.230881543
0.0,0.724,0.063,0.84,0.987144737
0.0,0.705,0.0,0.895,0.999568729
0.237,0.422,0.285,0.594,0.136656678
0.0,0.646,0.0,0.95,0.999046384
0.011,0.303,0.38,0.53,0.8295008
0.508,0.542,0.275,0.927,0.002534623
0.0,0.645,0.231,0.719,0.985710217
0.0,0.876,0.578,0.685,0.025923029
0.292,0.435,0.26,0.62,0.071908615
0.175,0.557,0.329,0.554,0.374987411
0.008,0.538,0.366,0.523,0.863600158
0.108,0.802,0.411,0.425,0.117451846
0.0,0.437,0.443,0.498,0.433707793
0.13,0.272,0.207,0.721,0.384288901
0.234,0.495,0.175,0.796,0.163087113
0.0,0.631,0.281,0.741,0.985809964
0.09,0.398,0.121,0.92,0.954223063
0.0,0.522,0.248,0.589,0.961599974
0.009,0.705,0.0,0.854,0.987030535
0.0,0.599,0.526,0.55,0.044170872
0.032,0.465,0.277,0.559,0.927941524
0.0,0.614,0.277,0.602,0.971464767
0.179,0.515,0.023,0.88,0.4035265
0.165,0.524,0.03,0.806,0.421957452
0.177,0.237,0.052,0.953,0.247001459
0.0,0.317,0.351,0.738,0.917698947
0.0,0.577,0.378,0.521,0.858542958
0.314,1.0,0.173,0.663,0.070419162
0.253,0.309,0.129,0.784,0.063555441
0.0,0.642,0.241,0.712,0.985531926
0.0,0.503,0.165,0.672,0.977613397
0.345,0.362,0.296,0.54,0.005998287
0.0,0.748,0.307,0.595,0.9698375
0.0,0.645,0.266,0.571,0.952669522
0.198,0.376,0.121,0.8,0.276515365
0.325,0.418,0.327,0.552,0.035097306
0.0,0.745,0.0,0.895,0.999828937
0.0,0.543,0.161,0.845,0.982883582
0.0,0.593,0.26,0.648,0.981014418
0.008,0.828,0.034,0.876,0.987433858
0.183,0.412,0.097,0.783,0.379155566
0.236,0.495,0.067,0.901,0.159137245
0.0,0.733,0.404,0.48,0.659402995
0.091,0.633,0.113,0.765,0.978945279
0.119,0.371,0.253,0.796,0.515964031
0.0,0.663,0.208,0.681,0.984778767
0.0,0.683,0.285,0.85,0.986881156
0.267,0.306,0.054,0.832,0.043699124
0.0,0.738,0.32,0.558,0.934147497
0.067,0.185,0.076,0.76,0.5905234
0.121,0.569,0.0,0.848,0.540162939
0.0,0.74,0.527,0.535,0.018273382
0.0,0.757,0.392,0.645,0.982411352
0.0,0.602,0.159,0.924,0.985701544
0.2,0.348,0.373,0.514,0.193167214
0.0,0.608,0.205,0.718,0.985057769
0.0,0.77,0.003,0.834,0.987335075
0.0,0.473,0.394,0.442,0.284395345
0.0,0.749,0.129,0.849,0.987302308
0.036,0.76,0.146,0.932,0.987358686
0.0,0.658,0.017,0.916,0.98667588
0.162,0.307,0.16,0.717,0.354954249
0.096,0.109,0.258,0.579,0.23586839
0.029,0.483,0.199,0.969,0.97765821
0.087,0.624,0.254,0.644,0.981238486
0.0,0.773,0.311,0.526,0.877405182
0.0,0.547,0.203,0.791,0.98301706
0.121,0.369,0.107,0.915,0.501648228
0.107,0.317,0.422,0.525,0.492761626
0.247,0.316,0.173,0.738,0.07782643
0.456,0.516,0.24,0.596,0.006187661
0.023,0.433,0.048,0.979,0.969815334
0.009,0.211,0.28,0.621,0.749085777
0.025,0.682,0.266,0.632,0.980081522
0.0,0.415,0.003,0.918,0.965524303
0.312,0.389,0.46,0.712,0.026192875
0.0,0.698,0.187,0.827,0.986958254
0.0,0.759,0.466,0.599,0.413934839
0.213,0.36,0.0,0.937,0.183034503
0.0,0.787,0.0,0.894,0.99992001
0.0,0.629,0.002,0.896,0.986297614
0.0,0.761,0.348,0.673,0.9850091
0.0,0.688,0.126,0.783,0.986775627
0.206,0.576,0.29,0.745,0.257278248
0.0,0.684,0.207,0.733,0.98629665
0.078,0.48,0.251,0.631,0.970901945
0.0,0.583,0.209,0.704,0.983954292
0.183,0.235,0.203,0.811,0.232504473
0.158,0.389,0.0,0.928,0.408371678
0.301,0.488,0.311,0.613,0.069898745
0.006,0.699,0.0,0.889,0.987013669
0.0,0.712,0.213,0.68,0.985090054
0.0,0.529,0.072,1.0,0.982002246
0.397,0.47,0.199,0.792,0.016666835
0.066,0.454,0.168,0.829,0.973627388
0.0,0.625,0.0,0.897,0.998752445
0.222,0.414,0.0,0.85,0.177897313
0.232,0.288,0.258,0.777,0.079018571
0.0,0.307,0.114,0.937,0.909932206
0.038,0.585,0.024,0.91,0.98511993
0.102,0.393,0.264,0.632,0.824358791
0.21,0.424,0.403,0.6,0.211502275
0.23,0.344,0.194,0.791,0.127064622
0.201,0.434,0.232,0.704,0.274247214
0.0,0.523,0.164,0.885,0.981543509
0.0,0.782,0.58,0.698,0.024530914
0.054,0.663,0.282,0.655,0.983013686
0.069,0.841,0.118,0.719,0.986637812
0.083,0.493,0.27,0.826,0.97875735
0.013,0.494,0.018,0.879,0.978906247
0.035,0.689,0.429,0.452,0.163341058
0.0,0.301,0.015,0.821,0.904383019
0.012,0.698,0.444,0.454,0.111431874
0.0,0.583,0.065,0.771,0.984831773
0.006,0.736,0.253,0.706,0.986168955
0.0,0.453,0.222,0.698,0.972377906
0.229,0.493,0.293,0.543,0.142533053
0.0,0.605,0.123,0.76,0.985486149
0.095,0.666,0.143,0.854,0.960023303
0.0,0.704,0.161,0.744,0.986562159
0.067,0.383,0.411,0.735,0.952394376
0.0,0.72,0.0,0.951,0.999673776
0.0,0.532,0.032,0.864,0.982162226
0.0,0.832,0.097,0.988,0.98744735
0.0,0.779,0.34,0.62,0.977851439
0.104,0.333,0.0,0.956,0.756412091
0.358,0.365,0.417,0.551,0.002530768
0.121,0.348,0.352,0.575,0.47039237
0.114,0.388,0.181,0.712,0.589122129
0.287,0.414,0.151,0.747,0.075482145
0.0,0.735,0.078,0.759,0.986929342
0.22,0.505,0.473,0.514,0.046266996
0.214,0.412,0.378,0.601,0.193045784
0.196,0.326,0.041,0.996,0.268818013
0.189,0.407,0.472,0.522,0.092656387
0.376,0.522,0.135,0.815,0.032205619
0.0,0.707,0.317,0.73,0.986419526
0.076,0.704,0.159,0.798,0.986930306
0.058,0.457,0.386,0.788,0.9740071
0.042,0.689,0.272,0.61,0.974743875
0.159,0.569,0.31,0.574,0.409317102
0.486,0.571,0.238,0.993,0.006524005
0.24,0.32,0.147,0.69,0.092441474
0.0,0.769,0.315,0.579,0.96030375
0.051,0.564,0.242,0.684,0.982391114
0.0,0.669,0.15,0.829,0.986746715
0.057,0.667,0.415,0.421,0.23199273
0.231,0.481,0.0,0.891,0.16781568
0.044,0.465,0.111,0.805,0.97525851
0.0,0.702,0.324,0.58,0.961268931
0.196,0.287,0.178,0.771,0.234043076
0.409,0.72,0.216,0.939,0.023532484
0.387,0.591,0.219,0.787,0.03049017
0.0,0.556,0.515,0.609,0.14131971
0.006,0.787,0.187,0.89,0.987401091
0.157,0.408,0.309,0.597,0.405179787
0.171,0.295,0.395,0.697,0.32997038
0.169,0.468,0.153,0.853,0.410528999
0.122,0.327,0.422,0.719,0.383829681
0.0,0.976,0.233,0.603,0.973016862
0.0,0.672,0.096,0.74,0.986293277
0.199,0.382,0.401,0.485,0.158838487
0.103,0.237,0.29,0.589,0.664129634
0.199,0.36,0.313,0.523,0.213186884
0.0,0.611,0.37,0.552,0.923525208
0.206,0.496,0.219,0.618,0.245035439
0.278,0.424,0.472,0.559,0.03575891
0.103,0.456,0.117,0.719,0.823547808
0.301,0.427,0.261,0.619,0.061487747
0.241,0.273,0.174,0.873,0.043248578
0.377,0.79,0.327,0.509,0.022099892
0.287,0.436,0.299,0.669,0.079893642
0.327,0.743,0.17,0.998,0.062318487
0.238,0.304,0.0,0.937,0.083564991
0.206,0.221,0.202,0.739,0.057426567
0.171,0.425,0.384,0.703,0.399416169
0.183,0.284,0.425,0.456,0.082875439
0.191,0.444,0.047,0.889,0.352274584
0.001,0.72,0.177,0.791,0.987012705
0.0,0.712,0.377,0.606,0.973849529
0.078,0.427,0.0,0.919,0.96854995
0.073,0.473,0.285,0.597,0.960991375
0.0,0.643,0.335,0.586,0.964489734
0.0,0.714,0.274,0.562,0.940886897
0.229,0.328,0.262,0.81,0.121002246
0.234,0.407,0.091,0.889,0.147096338
0.031,0.487,0.231,0.944,0.978123213
0.0,0.611,0.337,0.559,0.935984376
0.04,0.493,0.123,0.959,0.978812765
0.434,0.674,0.309,0.73,0.016721286
0.03,0.529,0.101,0.785,0.981849976
0.17,0.395,0.147,0.759,0.391824828
0.15,0.446,0.243,0.844,0.439255052
0.0,0.762,0.199,0.689,0.985717445
0.017,0.89,0.138,0.699,0.986179556
0.003,0.556,0.005,0.881,0.983708058
0.0,0.748,0.0,0.886,0.999840984
0.221,0.28,0.242,0.67,0.096029941
0.0,0.484,0.0,0.942,0.99029856
0.0,0.489,0.271,0.566,0.940190116
0.141,0.266,0.244,0.648,0.346971631
0.199,0.596,0.367,0.674,0.303296119
0.411,0.503,0.22,0.616,0.014236295
0.084,0.254,0.477,0.487,0.030541248
0.005,0.627,0.002,0.936,0.986269666
0.0,0.632,0.225,0.672,0.98398224
0.122,0.586,0.0,0.905,0.534559301
0.098,0.464,0.193,0.695,0.9224704
0.0,0.73,0.051,1.0,0.987225209
0.127,0.291,0.035,0.873,0.418162263
0.0,0.813,0.392,0.491,0.700226815
0.0,0.779,0.121,0.716,0.986516864
0.075,0.478,0.0,0.872,0.977030337
0.069,0.641,-0.0,0.898,0.986466268
0.092,0.461,0.277,0.609,0.952223313
0.069,0.48,0.019,0.818,0.977229348
0.104,0.353,0.428,0.502,0.425005746
0.239,0.488,0.185,0.786,0.152675883
0.261,0.462,0.073,0.897,0.116575811
0.0,0.72,0.263,0.573,0.954902015
0.187,0.254,0.228,0.869,0.252283691
0.028,0.684,0.072,0.764,0.986630584
0.0,0.468,0.295,0.852,0.975743751
0.168,0.381,0.111,0.772,0.387798824
0.141,0.143,0.131,0.751,0.003967698
0.432,0.537,0.1,0.736,0.012818641
0.0,0.818,0.252,0.585,0.964765844
0.302,0.323,0.321,0.611,0.016289533
0.074,0.483,0.361,0.523,0.860703652
0.0,0.72,0.126,0.71,0.986167992
0.002,0.721,0.225,0.741,0.986641667
0.0,0.729,0.203,0.7,0.985958861
0.069,0.707,0.224,0.683,0.985205702
0.101,0.521,0.168,0.767,0.877452887
0.331,0.372,0.1,0.736,0.019698264
0.108,0.456,0.181,0.656,0.72320467
0.102,0.633,0.383,0.453,0.315193429
0.286,0.442,0.328,0.555,0.070223042
0.085,0.619,0.248,0.652,0.982145361
0.226,0.509,0.005,0.832,0.182832119
0.0,0.602,0.234,0.602,0.971179983
0.168,0.556,0.416,0.42,0.082353576
0.145,0.514,0.39,0.488,0.293115221
0.0,0.534,0.0,0.951,0.994837753
0.0,0.624,0.0,0.945,0.998736061
0.0,0.701,0.336,0.57,0.95210911
0.0,0.562,0.386,0.54,0.904189308
0.245,0.269,0.248,0.8,0.031725197
0.287,0.428,0.116,0.782,0.079065794
0.083,0.636,0.235,0.739,0.985861042
0.0,0.466,0.315,0.618,0.96651695
0.064,0.53,0.335,0.749,0.981652892
0.0,0.515,0.26,0.576,0.953103203
0.0,0.649,0.315,0.573,0.954445686
0.0,0.492,0.226,0.738,0.978183928
0.17,0.208,0.263,0.573,0.16742874
0.179,0.484,0.172,0.905,0.400390024
0.241,0.449,0.248,0.589,0.133549595
0.269,0.296,0.111,0.797,0.031975286
0.0,0.626,0.137,0.775,0.986048488
0.085,0.64,0.154,0.799,0.986348692
0.062,0.645,0.479,0.487,0.029571249
0.307,0.335,0.0,0.982,0.019925706
0.019,0.576,0.439,0.556,0.679626977
0.0,0.589,0.424,0.586,0.731641689
0.203,0.521,0.309,0.639,0.26785235
0.0,0.412,0.166,0.775,0.964494552
0.025,0.205,0.053,0.87,0.721535962
0.007,0.617,0.313,0.599,0.970159869
0.0,0.371,0.24,0.678,0.94530514
0.0,0.448,0.258,0.665,0.970304911
0.276,0.297,0.346,0.54,0.021150613
0.0,0.712,0.141,0.805,0.98700355
0.0,0.754,0.034,0.855,0.987322064
0.0,0.371,0.284,0.625,0.940572237
0.168,0.388,0.324,0.56,0.364154546
0.0,0.717,0.44,0.499,0.478595684
0.165,0.376,0.438,0.443,0.028066858
0.069,0.513,0.0,0.926,0.980772039
0.382,0.546,0.381,0.657,0.029960598
0.147,0.382,0.108,0.917,0.424912746
0.04,0.586,0.131,0.802,0.985053914
0.0,0.512,0.354,0.559,0.932027761
0.0,0.566,0.099,0.828,0.98421691
0.0,0.544,0.311,0.806,0.982879245
0.0,0.718,0.353,0.568,0.949144179
0.125,0.448,0.155,0.89,0.504988052
0.027,1.0,0.16,0.87,0.987464697
0.008,0.537,0.374,0.503,0.759418945
0.0,0.604,0.377,0.55,0.920721221
0.0,0.614,0.347,0.49,0.696653285
0.0,0.552,0.32,0.517,0.838837466
0.149,0.588,0.297,0.578,0.429616737
0.0,0.416,0.28,0.557,0.916674015
0.0,0.722,0.344,0.571,0.953171146
0.0,0.552,0.375,0.461,0.496784739
0.447,0.663,0.472,0.593,0.007438108
0.0,0.634,0.147,0.744,0.9858914
0.217,0.483,0.032,0.805,0.204731072
0.117,0.403,0.505,0.533,0.072473845
0.0,0.713,0.307,0.645,0.982180537
0.0,0.578,0.212,0.706,0.983795758
0.0,0.259,0.155,0.878,0.855948583
0.101,0.623,0.209,0.745,0.88203882
0.012,0.459,0.395,0.497,0.719403217
0.0,0.583,0.322,0.607,0.972349475
0.0,0.649,0.414,0.498,0.733331599
0.15,0.394,0.192,0.686,0.423690248
0.0,0.694,0.079,0.821,0.986920669
0.084,0.655,0.0,0.894,0.98663203
0.007,0.282,0.421,0.492,0.43039158
0.0,0.732,0.294,0.587,0.965542132
0.171,0.232,0.321,0.607,0.241521661
0.0,0.649,0.036,0.958,0.986561677
0.0,0.743,0.381,0.525,0.874881159
0.08,0.151,0.16,0.876,0.534898054
0.097,0.691,0.304,0.901,0.943527049
0.089,0.64,0.066,0.928,0.986074991
0.0,0.816,0.213,0.869,0.987422775
0.186,0.282,0.227,0.752,0.289930076
0.138,0.356,0.294,0.602,0.420877587
-0.0,0.516,0.351,0.696,0.979678199
0.117,0.402,0.489,0.571,0.177275704
0.0,0.393,0.359,0.477,0.636777867
0.205,0.488,0.161,0.813,0.256629654
0.242,0.494,0.183,0.797,0.148100068
0.081,0.556,0.261,0.745,0.983256066
0.346,0.529,0.389,0.448,0.011445318
0.041,0.525,0.371,0.577,0.954435085
0.041,0.42,0.413,0.525,0.862366577
0.0,0.574,0.275,0.562,0.939137717
0.075,0.631,0.291,0.607,0.973460662
0.0,0.645,0.044,1.0,0.986518309
0.0,0.641,0.091,0.842,0.986435428
0.0,0.786,0.145,0.804,0.987306163
0.0,0.803,0.48,0.487,0.026004465
0.0,0.635,0.227,0.701,0.985171971
0.053,0.36,0.135,0.868,0.941883881
0.354,0.782,0.204,0.967,0.048210368
0.0,0.738,0.053,0.829,0.98722039
0.0,0.511,0.179,0.757,0.980286316
0.157,0.579,0.15,0.687,0.43763935
0.201,0.311,0.214,0.687,0.217512609
0.269,0.695,0.032,0.805,0.119361005
0.0,0.668,0.0,0.884,0.999305147
0.0,0.46,0.175,0.661,0.97186809
0.0,0.736,0.313,0.582,0.962557445
0.048,0.71,0.0,0.986,0.987088359
0.253,0.518,0.427,0.635,0.107702701
0.236,0.317,0.419,0.474,0.033045514
0.048,0.524,0.041,0.958,0.981623499
0.0,0.57,0.426,0.46,0.254759045
0.018,0.696,0.0,0.945,0.986999695
0.313,0.416,0.25,0.586,0.046336385
0.23,0.431,0.214,0.672,0.160641154
0.25,0.268,0.164,0.745,0.022662232
0.0,0.745,0.059,0.778,0.987122089
0.312,0.477,0.286,0.92,0.062719882
0.0,0.795,0.447,0.528,0.543036797
0.0,0.257,0.208,0.722,0.85318459
0.159,0.328,0.238,0.854,0.376398319
0.0,0.726,0.337,0.562,0.940946166
0.334,0.524,0.272,0.634,0.050305046
0.014,0.725,0.066,0.913,0.987189069
0.0,0.515,0.407,0.506,0.774080247
0.639,0.691,0.361,0.579,0.000425007
0.0,0.726,0.365,0.648,0.982693245
0.038,0.823,0.0,0.95,0.987443977
0.486,0.652,0.204,0.632,0.008069354
0.071,0.629,0.163,0.673,0.983987541
0.0,0.702,0.464,0.466,0.01870128
0.347,0.354,0.118,0.86,0.003210684
0.0,0.653,0.142,0.888,0.9866036
0.118,0.624,0.504,0.55,0.100234718
0.451,0.688,0.155,1.0,0.013741899
0.229,0.238,0.0,0.904,0.018959561
0.339,0.39,0.309,0.677,0.024063984
0.0,0.521,0.132,0.705,0.980332575
0.0,0.5,0.217,0.718,0.97877277
0.0,0.555,0.0,0.904,0.996172044
0.193,0.426,0.234,0.718,0.334786164
0.152,0.366,0.131,1.0,0.407841142
0.0,0.697,0.266,0.875,0.986994394
0.261,0.329,0.363,0.611,0.065323413
0.197,0.371,0.228,0.608,0.275130478
0.0,0.598,0.0,0.931,0.998099996
0.0,0.629,0.063,0.942,0.986303396
0.0,0.582,0.436,0.611,0.741720431
0.19,0.371,0.353,0.596,0.324068466
0.0,0.851,0.307,0.53,0.888044336
0.129,0.171,0.282,0.725,0.084692079
0.188,0.608,0.05,0.992,0.384165061
0.0,0.797,0.215,0.667,0.984730581
0.0,0.721,0.202,0.808,0.987076794
0.0,0.463,0.161,0.777,0.974890845
0.071,0.651,0.192,0.645,0.981688551
0.239,0.535,0.291,0.781,0.156792477
0.0,0.582,0.018,0.879,0.985027411
0.0,0.606,0.11,0.727,0.985131976
0.0,0.743,0.031,0.963,0.987307126
0.198,0.492,0.441,0.463,0.078195541
0.168,0.405,0.418,0.485,0.258883349
0.111,0.64,0.42,0.718,0.555174559
0.16,0.287,0.315,0.826,0.338543767
0.173,0.395,0.126,0.792,0.38846332
0.134,0.313,0.193,0.643,0.413126747
0.007,0.513,0.444,0.568,0.641776761
0.332,0.397,0.221,0.823,0.031210562
0.246,0.427,0.52,0.558,0.017031127
0.0,0.751,0.401,0.436,0.232032725
0.0,0.687,0.212,0.773,0.986707683
0.0,0.55,0.262,0.574,0.952713854
0.0,0.775,0.223,0.822,0.987327365
0.292,0.439,0.332,0.504,0.0476408
0.0,0.273,0.0,0.885,0.884763299
0.0,0.56,0.0,0.897,0.996444781
0.0,0.511,0.289,0.593,0.962962213
0.0,0.69,0.558,0.583,0.028919282
0.588,0.608,0.215,0.721,0.000629319
0.092,0.111,0.079,0.757,0.308789409
0.0,0.584,0.24,0.894,0.985087163
0.086,0.129,0.205,0.722,0.483011518
0.113,0.842,0.019,0.818,0.63511446
0.199,0.525,0.21,0.862,0.301372503
0.0,0.649,0.24,0.695,0.985138241
0.245,0.376,0.069,0.823,0.11337621
0.013,0.691,0.038,0.863,0.98695199
0.0,0.796,0.367,0.568,0.949348973
0.113,0.437,0.155,0.733,0.617849146
0.0,0.612,0.23,0.67,0.983497482
0.0,0.413,0.363,0.473,0.616791446
0.0,0.504,0.173,0.961,0.979927325
0.277,0.301,0.215,0.767,0.027212025
0.124,0.617,0.0,0.965,0.523513451
0.067,0.496,0.393,0.5,0.738727552
0.161,0.419,0.386,0.588,0.398000924
0.014,0.733,0.239,0.643,0.982078863
0.0,0.708,0.022,0.888,0.987069084
0.047,0.491,0.221,0.662,0.975781336
0.046,0.516,0.423,0.465,0.315142351
0.23,0.357,0.064,1.0,0.133221926
0.251,0.358,0.174,0.923,0.09581792
0.178,0.447,0.25,0.68,0.394908298
0.063,0.659,0.198,0.678,0.984617342
0.085,0.472,0.0,0.934,0.976279587
0.282,0.448,0.247,0.72,0.088804337
0.0,0.802,0.31,0.616,0.977034674
0.234,0.502,0.156,0.756,0.163652826
0.196,0.595,0.243,0.593,0.316348465
0.0,0.746,0.182,0.654,0.983477243
0.279,0.483,0.473,0.611,0.047982926
0.142,0.911,0.525,0.732,0.079503329
0.008,0.21,0.066,0.865,0.746977606
0.0,0.439,0.23,0.775,0.970868696
0.229,0.493,0.293,0.668,0.172296566
0.0,0.755,0.062,0.838,0.987306163
0.0,0.722,0.275,0.896,0.98716883
0.0,0.599,0.106,1.0,0.985608543
0.0,0.583,0.31,0.703,0.983930199
0.078,0.332,0.0,0.848,0.928116442
0.0,0.795,0.372,0.512,0.813172717
0.0,0.822,0.378,0.796,0.987320137
0.0,0.75,0.05,0.86,0.987314354
0.102,0.625,0.0,0.91,0.85826733
0.0,0.788,0.507,0.6,0.189262641
0.3,0.495,0.337,0.72,0.075257594
0.0,0.767,0.426,0.541,0.675531102
0.4,0.925,0.043,0.793,0.026912303
0.0,0.604,0.398,0.747,0.985312677
0.0,0.633,0.214,0.836,0.986316407
0.182,0.545,0.149,0.824,0.399896109
0.144,0.558,0.0,0.899,0.462077745
0.379,0.481,0.15,0.835,0.026625592
0.138,0.723,0.037,0.875,0.47829789
0.317,0.652,0.12,0.716,0.068195343
0.133,0.636,0.321,0.655,0.486268461
0.0,0.644,0.2,0.787,0.986354474
0.0,0.676,0.115,0.773,0.986634921
0.11,0.357,0.0,0.943,0.64168617
0.0,0.626,0.274,0.62,0.976830362
0.062,0.763,0.478,0.495,0.065178852
0.0,0.585,0.064,0.839,0.985082344
0.034,0.645,0.17,0.756,0.986166064
0.166,0.535,0.246,0.925,0.42132476
0.012,0.846,0.3,0.606,0.974146841
0.317,0.812,0.115,1.0,0.06937881
0.074,0.645,0.192,1.0,0.986518309
0.148,1.0,0.056,0.88,0.457864295
0.0,0.461,0.236,0.769,0.97457233
0.42,0.512,0.011,0.945,0.01387875
0.152,0.154,0.03,0.987,0.003554737
0.0,0.795,0.305,0.664,0.984476636
0.111,0.185,0.141,0.793,0.270435642
0.095,0.364,0.382,0.505,0.719924597
0.0,0.398,0.245,0.591,0.943869175
0.0,0.607,0.17,0.873,0.985831648
0.101,0.795,0.207,0.629,0.876223642
0.247,0.448,0.203,0.7,0.13273283
0.113,0.43,0.0,0.918,0.616932633
0.0,0.437,0.459,0.464,0.061441488
0.0,0.728,0.359,0.536,0.899420265
0.093,0.58,0.304,0.777,0.970223958
0.0,0.49,0.47,0.671,0.380149658
0.06,0.484,0.071,0.806,0.97769435
0.0,0.626,0.137,0.781,0.986080774
0.0,0.508,0.18,0.821,0.98025114
0.0,0.693,0.192,0.802,0.986877301
0.0,0.794,0.0,0.913,0.999930129
0.267,0.369,0.0,0.845,0.080534526
0.11,0.12,0.091,0.958,0.139137332
0.0,0.634,0.161,0.867,0.986357366
0.0,0.509,0.141,0.835,0.980386063
0.0,0.499,0.058,0.872,0.979431965
0.334,0.715,0.125,1.0,0.057826517
0.307,0.369,0.348,0.729,0.035851429
0.076,0.238,0.066,0.836,0.823648518
0.093,0.126,0.304,0.629,0.457588667
0.13,0.415,0.239,0.649,0.475547871
0.0,0.635,0.413,0.567,0.947514503
0.0,0.829,0.062,0.846,0.987412174
0.0,0.484,0.0,0.85,0.990269648
0.043,0.641,0.259,0.799,0.986358811
0.351,0.974,0.242,0.594,0.04481031
0.243,0.396,0.273,0.614,0.121633492
0.0,0.612,0.096,0.837,0.98594055
0.0,0.679,0.02,0.897,0.986877782
0.0,0.607,0.106,0.914,0.98583984
0.192,0.256,0.382,0.759,0.225812778
0.0,0.765,0.0,0.917,0.999887725
0.0,0.637,0.396,0.614,0.975486915
0.0,0.395,0.414,0.675,0.956817438
0.285,0.463,0.414,0.641,0.085540166
0.0,0.332,0.402,0.435,0.223825556
0.016,0.721,0.084,0.95,0.987166903
0.0,0.502,0.425,0.669,0.746145421
0.16,0.383,0.384,0.453,0.168129858
0.148,0.386,0.055,0.918,0.424720481
0.098,0.47,0.205,0.713,0.923743976
0.132,0.163,0.191,0.851,0.062777706
0.112,0.593,0.338,0.498,0.431004516
0.0,0.532,0.0,0.932,0.994699457
0.0,0.45,0.391,0.545,0.903954157
0.12,0.598,0.397,0.708,0.546555876
0.001,0.45,0.026,0.897,0.973042883
0.0,0.447,0.398,0.533,0.883823658
0.0,0.356,0.295,0.614,0.93212558
0.137,0.177,0.481,0.542,0.022855942
0.077,0.38,0.242,0.686,0.949997085
0.105,0.442,0.256,0.62,0.773413824
0.09,0.574,0.477,0.546,0.266187016
0.027,0.831,0.304,0.602,0.972664135
0.066,0.663,0.417,0.466,0.557154553
0.015,0.511,0.298,0.642,0.975675325
0.001,0.503,0.154,0.975,0.979827578
0.008,0.733,0.198,0.76,0.986925006
0.0,0.438,0.346,0.491,0.693107222
0.0,0.801,0.357,0.545,0.913947608
0.0,0.646,0.349,0.488,0.690930626
0.0,0.543,0.262,0.839,0.98287539
0.032,0.491,0.148,0.866,0.978559303
0.537,0.602,0.132,1.0,0.00320201
0.203,0.252,0.303,0.628,0.136380567
0.086,0.435,0.35,0.687,0.968768236
0.0,0.638,0.279,0.612,0.975037815
0.0,0.421,0.448,0.633,0.617513766
0.028,0.532,0.323,0.575,0.95333209
0.274,0.311,0.228,0.788,0.039809489
0.0,0.36,0.172,0.761,0.941675232
0.0,0.534,0.021,0.816,0.982246553
0.181,0.802,0.4,0.478,0.247366714
0.0,0.723,0.447,0.548,0.57873981
0.251,0.325,0.0,0.984,0.078461532
0.0,0.711,0.133,0.777,0.986896575
0.0,0.585,0.055,0.886,0.985117038
0.219,0.237,0.281,0.649,0.042819716
0.0,0.375,0.15,0.687,0.947486073
0.158,0.556,0.469,0.508,0.090538579
0.078,0.824,0.19,0.72,0.986643595
0.129,0.429,0.078,0.897,0.485970667
0.026,0.491,0.201,0.932,0.978577132
0.282,0.428,0.115,0.782,0.085086729
0.0,0.708,0.278,0.647,0.982468212
0.126,0.715,0.067,0.9,0.514975721
0.2,0.265,0.228,0.785,0.175382446
0.0,0.565,0.131,0.751,0.983815996
0.069,0.721,0.071,0.913,0.987163048
0.262,0.291,0.107,0.792,0.034655915
0.271,0.425,0.365,0.682,0.097356523
0.053,0.159,0.058,0.848,0.549319386
0.108,0.752,0.446,0.74,0.552384546
0.234,0.322,0.0,0.896,0.105781495
0.0,0.602,0.064,0.859,0.985681305
0.089,0.818,0.199,0.638,0.981173916
0.169,0.48,0.395,0.442,0.11058186
0.0,0.514,0.307,0.621,0.972242019
0.376,0.422,0.223,0.826,0.018071479
0.096,0.224,0.023,0.998,0.754985763
0.248,0.494,0.201,0.705,0.137385261
0.0,0.658,0.137,0.756,0.986327972
0.085,0.479,0.3,0.61,0.965906906
0.058,0.456,0.56,0.609,0.034545568
0.0,0.759,0.07,0.907,0.987353386
0.0,0.562,0.452,0.697,0.587920833
0.163,0.599,0.406,0.566,0.398793596
0.052,0.441,0.422,0.7,0.740201584
0.0,0.396,0.291,0.545,0.89366002
0.0,0.562,0.129,0.76,0.983748535
0.0,0.738,0.067,0.908,0.987270986
0.099,0.313,0.177,0.817,0.854060626
0.285,0.432,0.007,0.889,0.082332374
0.0,0.818,0.0,0.904,0.999954704
0.37,0.385,0.56,0.654,0.000712682
0.237,0.383,0.006,0.83,0.131007262
0.181,0.221,0.206,0.714,0.203416537
0.194,0.221,0.455,0.566,0.07710652
0.0,0.38,0.212,0.715,0.950663508
0.206,0.415,0.158,0.757,0.238193883
0.0,0.401,0.247,0.788,0.96081212
0.0,0.725,0.0,0.906,0.999707025
0.0,0.848,0.244,0.716,0.986578061
0.331,0.402,0.385,0.565,0.029330797
0.0,0.808,0.0,0.888,0.999944585
0.141,0.282,0.236,0.711,0.367461122
0.0,0.739,0.078,0.818,0.98720738
0.08,0.359,0.221,0.874,0.941440562
0.0,0.672,0.392,0.539,0.904658647
0.197,0.322,0.293,0.763,0.256716872
0.0,0.366,0.322,0.605,0.934119067
0.118,0.563,0.016,0.929,0.562678683
0.067,0.56,0.202,0.711,0.982996339
0.0,0.538,0.0,0.958,0.995078205
0.0,0.75,0.14,0.821,0.987269541
0.188,0.503,0.092,0.785,0.377975472
0.132,0.413,0.417,0.461,0.229022016
0.0,0.778,0.492,0.494,0.010272935
0.0,0.699,0.362,0.474,0.629673212
0.0,0.58,0.239,0.597,0.968544167
0.0,0.675,0.214,0.92,0.986850798
0.312,0.367,0.508,0.656,0.010747092
0.037,0.514,0.338,0.549,0.915936758
0.0,0.554,0.303,0.769,0.983356294
0.191,0.982,0.0,0.887,0.367743496
0.0,0.842,0.095,0.809,0.987364951
0.305,0.417,0.042,0.925,0.057899279
0.048,0.449,0.383,0.743,0.972462714
0.0,0.455,0.015,1.0,0.973816762
0.0,0.731,0.164,0.729,0.986571315
0.058,0.569,0.439,0.495,0.466322517
0.0,0.679,0.43,0.585,0.732335096
0.0,0.752,0.057,0.978,0.987341821
0.0,0.301,0.566,0.594,0.016723214
0.0,0.266,0.444,0.658,0.587595091
0.0,0.58,0.517,0.536,0.058395603
0.03,0.407,0.136,0.958,0.962956431
0.019,0.472,0.127,0.925,0.976278624
0.051,0.386,0.097,1.0,0.954330038
0.0,0.548,0.233,0.659,0.980025626
0.367,0.395,0.46,0.512,0.004298741
0.081,0.622,0.466,0.552,0.366653512
0.0,0.587,0.439,0.629,0.727928418
0.304,0.665,0.0,0.874,0.079535615
0.269,0.27,0.027,0.855,0.001136726
0.26,0.292,0.0,0.9,0.038128253
0.0,0.624,0.045,0.878,0.986207987
0.0,0.375,0.026,0.908,0.948771214
0.206,0.287,0.449,0.672,0.112363324
0.0,0.725,0.1,0.737,0.986619983
0.047,0.582,0.439,0.495,0.466502253
0.005,0.198,0.022,0.814,0.672652426
0.139,0.645,0.429,0.658,0.382326254
0.041,0.653,0.012,0.89,0.986604082
0.268,0.587,0.284,0.813,0.118705183
0.192,0.532,0.399,0.437,0.060542323
0.314,0.447,0.149,0.799,0.056764963
0.0,0.826,0.156,0.925,0.987443013
0.24,0.502,0.365,0.593,0.142091662
0.213,0.533,0.337,0.545,0.186952086
0.146,0.728,0.11,0.727,0.460956922
0.127,0.327,0.199,0.679,0.447725802
0.0,0.448,0.133,0.703,0.971742804
0.0,0.735,0.208,0.691,0.985666367
0.038,0.682,0.154,0.952,0.986905249
0.216,0.431,0.046,0.79,0.199500882
0.0,0.359,0.13,0.902,0.941444899
0.0,0.703,0.15,0.687,0.985304003
0.0,0.531,0.406,0.431,0.231484359
0.105,0.154,0.46,0.609,0.212305548
0.149,0.416,0.0,0.903,0.434404573
0.076,0.628,0.0,0.909,0.986282194
0.199,0.283,0.095,0.855,0.204505076
0.075,0.139,0.454,0.494,0.174083331
0.155,0.404,0.287,0.682,0.418460539
0.279,0.355,0.304,0.691,0.059318379
0.204,0.351,0.146,0.748,0.221937599
0.0,0.633,0.137,0.883,0.986352547
0.294,0.422,0.332,0.563,0.060601111
0.0,0.478,0.113,0.882,0.977034192
0.177,0.343,0.318,0.72,0.358681977
0.171,0.541,0.391,0.445,0.12530436
0.095,0.135,0.427,0.623,0.359530063
0.02,0.662,0.23,0.934,0.986728404
0.0,0.82,0.088,0.814,0.987363987
0.0,0.538,0.228,0.685,0.980836127
0.0,0.637,0.447,0.558,0.594661678
0.301,0.332,0.134,0.784,0.023697283
0.0,0.315,0.33,0.619,0.910597665
0.185,0.37,0.147,0.77,0.355636092
0.0,0.516,0.395,0.638,0.975493179
0.0,0.518,0.222,0.674,0.978995875
0.0,0.774,0.451,0.609,0.598675153
0.101,0.661,0.41,0.588,0.861924222
0.064,0.249,0.178,0.828,0.842259207
0.0,0.808,0.241,0.851,0.987403982
0.0,0.665,0.445,0.622,0.665593066
0.182,0.564,0.0,0.932,0.401094032
0.0,0.53,0.001,0.903,0.982059589
0.153,0.432,0.192,0.824,0.431094625
0.076,0.377,0.301,0.592,0.93477778
0.0,0.647,0.124,0.756,0.986190639
0.33,0.442,0.162,0.899,0.044653703
0.18,0.568,0.441,0.761,0.306998307
0.0,0.588,0.26,0.777,0.985042349
0.0,0.699,0.508,0.585,0.171981425
0.0,0.738,0.058,0.843,0.987239665
0.063,0.393,0.162,0.866,0.957597582
0.116,1.0,0.026,0.811,0.590673742
0.0,0.307,0.348,0.582,0.894098038
0.048,0.633,0.275,0.708,0.985345444
0.077,0.482,0.132,0.768,0.977297292
0.122,0.124,0.308,0.676,0.011971036
0.081,0.639,0.011,0.825,0.986382904
0.2,0.537,0.273,0.707,0.29391994
0.326,0.384,0.039,0.798,0.029035894
0.176,0.433,0.45,0.643,0.243085321
0.0,0.228,0.363,0.591,0.795796091
0.0,0.831,0.121,0.96,0.987446386
0.085,0.466,0.341,0.535,0.890373202
0.109,0.649,0.227,0.847,0.713126892
0.0,0.617,0.061,0.776,0.985877907
0.0,0.759,0.317,0.65,0.983048863
0.0,0.766,0.269,0.745,0.986899948
0.0,0.558,0.444,0.598,0.664924715
0.0,0.517,0.078,0.885,0.981091035
0.206,0.242,0.283,0.859,0.1036102
0.106,0.657,0.465,0.508,0.204073805
0.044,0.446,0.477,0.546,0.262085841
0.053,0.491,0.43,0.449,0.124657693
0.0,0.451,0.336,0.624,0.965684283
0.0,0.718,0.0,0.896,0.999654983
0.0,0.862,0.468,0.493,0.1272034
0.0,0.581,0.357,0.48,0.658727417
0.0,0.667,0.054,0.865,0.986768399
0.0,0.738,0.078,0.8,0.987164976
0.145,0.154,0.094,0.812,0.016547814
0.012,0.327,0.317,0.596,0.913570306
0.0,0.713,0.503,0.566,0.185395654
0.038,0.161,0.049,0.787,0.552810035
0.125,0.604,0.425,0.457,0.130864148
0.329,0.425,0.434,0.616,0.033557739
0.0,0.62,0.484,0.644,0.304726302
0.0,0.394,0.37,0.681,0.95661409
0.0,0.775,0.241,0.667,0.98470456
0.0,0.451,0.151,0.758,0.972920007
0.061,0.394,0.347,0.576,0.93406847
0.0,0.57,0.503,0.57,0.189709815
0.203,0.362,0.146,0.942,0.233684085
0.0,0.793,0.379,0.458,0.466176993
0.182,0.426,0.427,0.67,0.308215505
0.0,0.79,0.24,0.642,0.982123677
0.0,0.291,0.483,0.521,0.166959883
0.449,0.525,0.191,0.685,0.008653378
0.158,1.0,0.056,0.78,0.439860278
0.078,0.138,0.114,0.844,0.508869977
0.0,0.574,0.025,0.898,0.984690586
0.0,0.521,0.229,0.78,0.981219212
0.045,0.419,0.1,0.911,0.966562246
0.056,0.726,0.31,0.864,0.987180395
0.206,0.762,0.112,0.724,0.25962157
0.0,0.411,0.367,0.469,0.583388869
0.396,0.744,0.183,0.765,0.028281771
0.032,0.784,0.445,0.474,0.317408574
0.314,0.359,0.484,0.597,0.011169208
0.0,0.522,0.288,0.549,0.916364656
0.0,0.714,0.248,0.907,0.987110043
0.125,0.581,0.0,0.904,0.517249654
0.0,0.745,0.327,0.552,0.924421964
0.005,0.767,0.423,0.672,0.752940717
0.0,0.674,0.095,0.877,0.986836824
0.0,0.482,0.0,0.889,0.990043652
0.0,0.705,0.188,0.76,0.986741414
0.134,0.314,0.288,0.851,0.416789422
0.0,0.563,0.135,1.0,0.984109935
0.0,0.379,0.389,0.564,0.913979894
0.263,0.41,0.119,0.941,0.103158208
0.0,0.639,0.308,0.632,0.97965266
0.0,0.3,0.0,0.917,0.915983499
0.06,0.518,0.457,0.559,0.4780425
0.227,0.325,0.032,0.804,0.123656373
0.322,0.387,0.33,0.558,0.028020599
0.225,0.504,0.063,0.774,0.184662252
0.0,0.495,0.44,0.483,0.412357686
0.0,0.324,0.034,0.908,0.922972506
0.214,0.451,0.485,0.493,0.009848891
0.153,0.507,0.147,0.739,0.441254321
0.0,0.62,0.376,0.532,0.890907593
0.001,0.567,0.186,0.712,0.983399662
0.157,0.392,0.155,0.733,0.411107722
0.0,0.752,0.27,0.73,0.9866913
0.204,0.368,0.028,0.893,0.229834445
0.275,0.421,0.264,0.636,0.090063939
0.0,0.772,0.424,0.462,0.286511708
0.059,0.495,0.311,0.574,0.949264164
0.113,0.593,0.252,0.624,0.624771173
0.0,0.671,0.188,0.706,0.98573142
0.0,0.601,0.091,0.839,0.985628782
