0.039,0.698,0.0,0.416,0.0,0.155,0.0,0.376,0.0
0.0,0.791,0.0,0.471,0.0,0.441,0.0,0.389,0.012518437
0.385,0.56,0.005,0.767,0.013,0.26,0.099,0.285,0.0
0.395,0.55,0.0,0.798,0.022,0.251,0.0,0.483,0.0
0.277,0.454,0.0,0.513,0.0,0.511,0.0,0.372,0.0
0.063,0.674,0.0,0.564,0.0,0.432,0.0,0.403,0.0
0.365,0.367,0.0,0.634,0.0,0.452,0.129,0.175,0.0
0.195,0.537,0.0,0.522,0.0,0.45,0.0,0.4,0.0
0.033,0.714,0.0,0.41,0.0,0.19,0.11,0.226,0.0
0.0,0.776,0.002,0.248,0.0,0.179,0.0,0.544,0.0
0.119,0.612,0.063,0.249,0.0,0.455,0.0,0.373,0.0
0.187,0.551,0.119,0.165,0.0,0.36,0.0,0.44,0.0
0.347,0.385,-0.0,0.312,0.0,0.158,0.074,0.229,0.0
0.15,0.586,0.085,0.165,0.0,0.266,0.0,0.258,0.0
0.0,0.756,0.082,0.246,0.032,0.271,0.034,0.319,0.0
0.176,0.572,0.0,0.407,0.006,0.206,0.035,0.351,0.0
0.0,0.854,0.11,0.14,0.0,0.492,0.0,0.504,0.0
0.298,0.361,0.0,0.421,0.0,0.332,0.0,0.258,0.0
0.357,0.401,0.0,0.347,0.0,0.473,0.0,0.5,0.0
0.0,0.766,0.054,0.257,0.0,0.175,0.0,0.402,0.0
0.058,0.587,0.266,0.607,0.0,0.466,0.0,0.387,0.0
0.229,0.517,0.0,0.275,0.0,0.179,0.0,0.63,0.0
0.048,0.705,0.0,0.364,0.0,0.49,0.0,0.473,0.0
0.342,0.685,0.302,0.536,0.0,0.339,0.195,0.336,0.0
0.308,0.575,0.0,0.789,0.0,0.816,0.0,0.492,0.0
0.088,0.554,0.055,0.339,0.0,0.587,0.009,0.077,0.0
0.0,0.698,0.168,0.232,0.0,0.533,0.0,0.196,0.0
0.0,0.798,0.14,1.0,0.0,0.566,0.0,0.334,0.0
0.0,0.637,0.336,0.414,0.0,0.346,0.0,0.37,0.0
0.361,0.397,0.088,0.162,0.0,0.487,0.063,0.281,0.0
0.221,0.424,0.065,0.147,0.0,0.152,0.0,0.315,0.0
0.214,0.428,0.0,0.444,0.0,0.485,0.0,0.54,0.0
0.0,0.808,0.0,0.382,0.0,0.177,0.0,0.447,0.012518437
0.158,0.484,0.0,0.605,0.0,0.478,0.0,0.307,0.0
0.031,0.63,0.0,0.755,0.0,0.467,0.0,0.46,0.0
0.275,0.371,0.0,0.297,0.0,0.265,0.007,0.129,0.0
0.0,0.717,0.0,0.48,0.0,0.352,0.0,0.275,0.012518437
0.401,0.544,0.096,0.676,0.0,0.277,0.0,0.547,0.0
0.117,0.835,0.117,0.633,0.0,0.151,0.084,0.219,0.0
0.0,0.786,0.121,0.129,0.028,0.244,0.009,0.334,0.0
0.082,0.57,0.0,0.55,0.0,0.318,0.0,0.408,0.0
0.0,0.706,0.0,0.68,0.0,0.44,0.0,0.16,0.012518437
0.0,0.766,0.047,0.687,0.0,0.232,0.108,0.322,0.0
0.261,0.579,0.919,1.0,0.0,0.127,0.0,0.087,0.0
0.109,0.643,0.279,1.0,0.0,0.356,0.0,0.399,0.0
0.0,0.658,0.118,0.632,0.024,0.158,0.0,0.287,0.0
0.077,0.965,0.0,0.418,0.0,0.667,0.0,0.376,0.0
0.312,0.426,0.026,0.257,0.0,0.526,0.0,0.503,0.0
0.074,0.672,0.0,0.479,0.032,0.09,0.108,0.227,0.0
0.173,0.718,0.108,0.436,0.076,0.834,0.0,0.566,0.0
0.234,0.524,0.0,0.508,0.0,0.377,0.0,0.611,0.0
0.343,0.502,0.252,0.426,0.019,0.89,0.0,0.125,0.0
0.089,0.665,0.402,0.715,0.0,0.557,0.0,0.511,0.0
0.241,0.479,0.263,0.471,0.0,0.487,0.0,0.507,0.0
0.214,0.419,0.174,0.576,0.0,0.265,0.0,0.225,0.0
0.519,0.523,0.0,0.38,0.0,0.778,0.0,0.46,0.0
0.0,0.816,0.0,0.368,0.0,0.159,0.0,0.564,0.012518437
0.301,0.543,0.598,1.0,0.276,0.542,0.0,0.442,0.0
0.0,0.758,0.177,0.374,0.0,0.278,0.0,0.61,0.0
0.0,0.658,0.0,0.508,0.0,0.543,0.0,0.453,0.012518437
0.0,0.649,0.147,0.231,0.0,0.484,0.003,0.255,0.0
0.28,0.395,0.0,0.494,0.0,0.494,0.006,0.209,0.0
0.248,0.395,0.0,0.537,0.042,0.171,0.0,0.457,0.0
0.33,0.596,0.376,0.486,0.131,0.414,0.14,0.206,0.0
0.297,0.344,0.0,0.618,0.0,0.357,0.0,0.412,0.0
0.135,0.523,0.105,0.295,0.023,0.19,0.022,0.099,0.0
0.0,0.822,0.0,0.65,0.0,0.232,0.0,0.624,0.012518437
0.068,0.777,0.0,0.745,0.255,0.654,0.0,0.381,0.0
0.274,0.589,0.815,0.935,0.294,0.433,0.009,0.033,0.0
0.321,0.588,0.181,0.452,0.128,0.568,0.097,0.177,0.0
0.0,0.818,0.0,0.508,0.0,0.471,0.0,0.452,0.012518437
0.0,0.876,0.058,0.269,0.0,0.48,0.0,0.627,0.0
0.33,0.407,0.0,0.361,0.0,0.255,0.086,0.284,0.0
0.0,0.687,0.0,0.649,0.0,0.26,0.015,0.106,0.0
0.451,0.495,0.066,0.707,0.0,0.38,0.0,0.5,0.0
0.129,0.715,0.0,0.759,0.058,0.851,0.0,0.499,0.0
0.0,0.787,0.1,0.649,0.0,0.206,0.0,0.223,0.0
0.363,0.74,0.0,0.866,0.229,0.255,0.0,0.532,0.0
0.0,0.798,0.0,0.54,0.0,0.23,0.0,0.52,0.012518437
0.0,0.816,0.0,0.485,0.0,0.629,0.0,0.304,0.012518437
0.332,0.577,0.129,0.504,0.0,0.822,0.131,0.143,0.0
0.325,0.52,0.796,1.0,0.034,0.784,0.0,0.401,0.0
0.285,0.599,0.263,0.482,0.0,0.702,0.0,0.532,0.0
0.308,0.442,0.488,0.701,0.0,0.288,0.0,0.522,0.0
0.283,0.537,0.0,0.746,0.0,0.374,0.006,0.13,0.0
0.104,0.545,0.0,0.324,0.0,0.452,0.007,0.164,0.0
0.474,0.619,0.039,0.555,0.0,0.472,0.0,0.084,0.0
0.0,0.711,0.0,0.36,0.0,0.375,0.0,0.347,0.012518437
0.0,0.876,0.399,0.718,0.0,0.467,0.0,0.548,0.0
0.393,0.56,0.212,0.537,0.0,0.313,0.0,0.447,0.0
0.211,0.431,0.0,0.29,0.063,0.362,0.0,0.256,0.0
0.285,0.737,0.31,0.852,0.054,0.462,0.0,0.509,0.0
0.25,0.742,0.0,0.33,0.0,0.379,0.0,0.348,0.0
0.0,0.815,0.955,0.968,0.0,0.377,0.0,0.152,0.0
0.014,0.831,0.142,0.535,0.379,0.531,0.0,0.503,0.0
0.297,0.548,0.729,1.0,0.107,0.711,0.0,0.118,0.0
0.429,0.78,0.05,0.862,0.0,0.363,0.0,0.311,0.0
0.301,0.733,0.249,0.384,0.221,0.264,0.0,0.333,0.0
0.0,0.788,0.0,0.415,0.0,0.618,0.0,0.209,0.012518437
0.0,0.816,0.0,0.5,0.015,0.198,0.0,0.368,0.0
0.24,0.512,0.512,0.927,0.0,0.058,0.0,0.455,0.0
0.166,0.483,0.034,0.088,0.049,0.224,0.0,0.448,0.0
0.348,0.654,0.505,1.0,0.0,0.674,0.0,0.573,0.0
0.275,0.714,0.845,1.0,0.0,0.849,0.0,0.352,0.0
0.185,0.725,0.139,0.494,0.02,0.676,0.097,0.177,0.0
0.275,0.707,0.302,0.547,0.238,0.55,0.0,0.258,0.0
0.0,0.801,0.027,0.35,0.0,0.374,0.0,0.57,0.0
0.463,0.676,0.017,0.233,0.0,0.567,0.18,0.322,0.0
0.244,0.636,0.148,0.502,0.0,0.818,0.0,0.487,0.0
0.025,0.904,0.0,0.074,0.0,0.648,0.0,0.416,0.0
0.189,0.548,0.0,0.43,0.0,0.311,0.0,0.242,0.0
0.008,0.622,0.276,0.629,0.12,0.183,0.0,0.344,0.0
0.232,0.401,0.052,0.698,0.072,0.109,0.0,0.457,0.0
0.109,0.844,0.113,0.637,0.0,0.171,0.0,0.469,0.0
0.446,0.575,0.372,0.79,0.0,0.56,0.0,0.421,0.0
0.483,0.501,0.363,0.56,0.0,0.578,0.0,0.361,0.0
0.418,0.445,0.619,1.0,0.257,0.471,0.0,0.133,0.0
0.097,0.829,0.292,0.57,0.0,0.646,0.0,0.488,0.0
0.268,0.583,0.0,0.782,0.0,0.868,0.0,0.39,0.0
0.151,0.735,0.666,1.0,0.0,0.423,0.0,0.219,0.0
0.171,0.654,0.0,0.639,0.176,0.187,0.0,0.447,0.0
0.236,0.805,0.0,0.355,0.119,0.456,0.0,0.669,0.0
0.359,0.387,0.0,0.599,0.0,0.512,0.0,0.452,0.0
0.092,0.91,0.0,0.29,0.088,0.215,0.206,0.217,0.0
0.047,0.673,0.135,0.599,0.0,0.302,0.0,0.638,0.0
0.198,0.667,0.166,0.384,0.0,0.576,0.0,0.547,0.0
0.258,0.385,0.0,0.491,0.0,0.465,0.0,0.455,0.0
0.354,0.627,0.0,0.149,0.045,0.379,0.0,0.598,0.0
0.138,0.609,0.0,0.793,0.0,0.482,0.0,0.224,0.0
0.075,0.671,0.0,0.317,0.0,0.493,0.0,0.625,0.0
0.145,0.526,0.0,0.392,0.04,0.202,0.0,0.612,0.0
0.243,0.413,0.0,0.352,0.12,0.152,0.0,0.508,0.0
0.179,0.487,0.0,0.572,0.095,0.118,0.138,0.165,0.0
0.08,0.813,0.547,1.0,0.0,0.465,0.105,0.385,0.0
0.113,0.728,0.932,0.995,0.0,0.103,0.0,0.126,0.0
0.363,0.786,0.051,0.2,0.0,0.58,0.0,0.619,0.0
0.179,0.638,0.025,0.208,0.0,0.626,0.0,0.327,0.0
0.225,0.717,0.0,0.451,0.084,0.129,0.136,0.666,0.0
0.0,0.742,0.297,0.453,0.0,0.406,0.0,0.419,0.0
0.027,0.954,0.05,0.799,0.155,0.632,0.09,0.102,0.0
0.221,0.634,0.0,0.795,0.446,0.464,0.03,0.055,0.0
0.403,0.746,0.0,0.567,0.0,0.562,0.0,0.587,0.0
0.0,0.766,0.243,0.873,0.0,0.462,0.0,0.465,0.0
0.015,0.618,0.239,0.51,0.0,0.341,0.0,0.02,0.0
0.154,0.49,0.156,0.716,0.0,0.512,0.0,0.427,0.0
0.03,0.701,0.087,0.224,0.0,0.383,0.0,0.571,0.0
0.0,0.686,0.025,0.098,0.0,0.521,0.071,0.101,0.0
0.306,0.653,0.683,1.0,0.016,0.348,0.05,0.296,0.0
0.178,0.5,0.0,0.559,0.0,0.316,0.127,0.208,0.0
0.023,0.827,0.0,0.811,0.213,0.636,-0.0,0.096,0.0
0.0,0.918,0.68,1.0,0.236,0.491,0.0,0.41,0.0
0.319,0.685,0.724,1.0,0.046,0.379,0.196,0.246,0.0
0.372,0.663,0.0,0.758,0.0,0.531,0.054,0.1,0.0
0.216,0.495,0.671,1.0,0.0,0.409,0.0,0.384,0.0
0.2,0.647,0.18,0.32,0.0,0.436,0.0,0.258,0.0
0.276,0.377,0.066,0.233,0.0,0.288,0.0,0.434,0.0
0.323,0.414,0.0,0.327,0.0,0.384,0.0,0.601,0.0
0.416,0.438,0.14,0.51,0.023,0.887,0.0,0.199,0.0
0.245,0.413,0.0,0.392,0.022,0.16,0.0,0.557,0.0
0.568,0.646,0.036,0.925,0.0,0.478,0.0,0.377,0.0
0.215,0.845,0.0,0.483,0.0,0.471,0.0,0.548,0.0
0.0,0.795,0.181,0.258,0.0,0.356,0.087,0.256,0.0
0.281,0.423,0.0,0.459,0.0,0.282,0.0,0.226,0.0
0.089,0.89,0.053,0.57,0.0,0.453,0.0,0.465,0.0
0.121,0.704,0.0,0.545,0.0,0.459,0.0,0.226,0.0
0.0,0.691,0.687,1.0,0.0,0.563,0.0,0.454,0.0
0.0,0.757,0.887,1.0,0.0,0.473,0.0,0.461,0.0
0.0,0.785,0.853,0.998,0.0,0.442,0.0,0.043,0.0
0.354,0.861,0.233,0.728,0.0,0.558,0.0,0.502,0.0
0.369,0.413,0.0,0.496,0.048,0.194,0.089,0.168,0.0
0.159,0.711,0.121,0.629,0.0,0.463,0.0,0.362,0.0
0.133,0.693,0.0,0.539,0.048,0.316,0.0,0.239,0.0
0.0,0.764,0.004,0.373,0.03,0.213,0.0,0.56,0.0
0.38,0.654,0.0,0.587,0.0,0.259,0.058,0.731,0.0
0.235,0.832,0.501,1.0,0.256,0.471,0.0,0.444,0.0
0.088,0.561,0.005,0.118,0.107,0.165,0.0,0.535,0.0
0.332,0.487,0.06,0.651,0.0,0.278,0.0,0.281,0.0
0.508,0.642,0.189,0.9,0.152,0.303,0.0,0.384,0.0
0.0,0.781,0.0,0.547,0.0,0.606,0.053,0.161,0.0
0.0,0.989,0.0,0.397,0.0,0.598,0.0,0.418,0.012518437
0.0,0.792,0.0,0.534,0.0,0.378,0.0,0.2,0.012518437
0.233,0.404,0.0,0.594,0.0,0.269,0.0,0.512,0.0
0.379,0.662,0.0,0.271,0.282,0.293,0.166,0.18,0.0
0.192,0.932,0.0,0.521,0.0,0.66,0.0,0.624,0.0
0.162,0.784,0.016,0.756,0.0,0.323,0.0,0.449,0.0
0.482,0.55,0.749,0.913,0.0,0.736,0.0,0.606,0.0
0.097,0.731,0.0,0.356,0.0,0.427,0.0,0.254,0.0
0.383,0.481,0.0,0.638,0.0,0.331,0.01,0.421,0.0
0.0,0.758,0.417,0.772,0.0,0.423,0.0,0.251,0.0
0.502,0.532,0.0,0.329,0.0,0.524,0.156,0.266,0.0
0.0,0.747,0.897,0.915,0.006,0.145,0.0,0.341,0.0
0.0,0.768,0.0,0.546,0.0,0.27,0.1,0.204,0.0
0.179,0.5,0.0,0.256,0.0,0.51,0.0,0.414,0.0
0.313,0.364,0.0,0.472,0.0,0.428,0.0,0.636,0.0
0.287,0.356,0.0,0.697,0.065,0.148,0.025,0.225,0.0
0.333,0.751,0.601,1.0,0.0,0.643,0.0,0.369,0.0
0.022,0.805,0.723,1.0,0.0,0.425,0.0,0.369,0.0
0.021,0.799,0.297,0.415,0.0,0.357,0.0,0.481,0.0
0.499,0.536,0.111,0.523,0.037,0.447,0.0,0.382,0.0
0.394,0.856,0.571,0.601,0.0,0.734,0.065,0.543,0.0
0.216,0.933,0.386,0.703,0.0,0.697,0.066,0.261,0.0
0.0,0.717,0.0,0.559,0.0,0.369,0.0,0.393,0.012518437
0.357,0.819,0.204,0.847,0.107,0.317,0.012,0.538,0.0
0.116,0.772,0.011,0.783,0.079,0.405,0.0,0.35,0.0
0.447,0.89,0.282,0.335,0.0,0.643,0.126,0.545,0.0
0.509,0.679,0.0,0.199,0.0,0.336,0.061,0.798,0.0
0.014,0.63,0.0,0.372,0.0,0.44,0.008,0.113,0.0
0.032,0.617,0.0,0.408,0.0,0.304,0.0,0.581,0.0
0.311,0.895,0.0,0.537,0.329,0.398,0.042,0.173,0.0
0.219,0.411,0.0,0.329,0.0,0.276,0.0,0.355,0.0
0.193,0.739,0.0,0.608,0.0,0.469,0.0,0.767,0.0
0.38,0.835,0.116,0.846,0.0,0.376,0.0,0.204,0.0
0.01,0.647,0.0,0.133,0.0,0.197,0.0,0.276,0.0
0.18,0.789,0.871,0.973,0.0,0.489,0.0,0.396,0.0
0.234,0.905,0.0,0.724,0.0,0.442,0.055,0.494,0.0
0.0,0.925,0.0,0.659,0.23,0.498,0.0,0.395,0.0
0.0,0.78,0.0,0.611,0.0,0.584,0.0,0.55,0.012518437
0.254,0.628,0.0,0.509,0.042,0.139,0.045,0.268,0.0
0.03,0.951,0.0,0.857,0.097,0.691,0.0,0.386,0.0
0.166,0.468,0.29,0.46,0.0,0.325,0.0,0.229,0.0
0.198,0.672,0.315,0.435,0.0,0.428,0.0,0.346,0.0
0.221,1.0,0.183,1.0,0.08,0.254,0.0,0.649,0.0
0.119,0.537,0.075,0.425,0.0,0.372,0.133,0.315,0.0
0.0,0.699,0.0,0.586,0.067,0.145,0.0,0.131,0.0
0.077,0.624,0.171,0.324,0.0,0.562,0.0,0.51,0.0
0.051,0.588,0.0,0.636,0.005,0.177,0.0,0.42,0.0
0.12,0.816,0.193,0.246,0.0,0.577,0.0,0.88,0.0
0.284,0.718,0.815,1.0,0.056,0.46,0.0,0.502,0.0
0.347,0.613,0.068,0.593,0.244,0.332,0.0,0.223,0.0
0.095,0.584,0.0,0.374,0.0,0.529,0.0,0.223,0.0
0.241,1.0,0.0,0.66,0.0,0.552,0.215,0.369,0.0
0.0,0.829,0.0,0.459,0.041,0.475,0.015,0.113,0.0
0.323,0.891,0.103,0.858,0.0,0.519,0.0,0.483,0.0
0.276,0.355,0.0,0.344,0.0,0.585,0.008,0.224,0.0
0.0,0.715,0.034,0.46,0.0,0.356,0.0,0.338,0.0
0.045,0.663,0.0,0.473,0.039,0.234,0.0,0.368,0.0
0.076,0.985,0.0,0.345,0.022,0.371,0.0,0.226,0.0
0.372,0.708,0.0,0.516,0.237,0.309,0.0,0.562,0.0
0.348,0.975,0.0,0.493,0.0,0.318,0.0,0.725,0.0
0.25,1.0,0.0,0.42,0.0,0.393,0.033,0.423,0.0
0.457,0.522,0.0,0.229,0.028,0.366,0.107,0.366,0.0
0.388,0.613,0.0,0.437,0.0,0.569,0.0,0.537,0.0
0.229,0.651,0.441,1.0,0.306,0.452,0.0,0.251,0.0
0.0,0.782,0.588,0.851,0.0,0.317,0.0,0.541,0.0
0.383,0.525,0.557,1.0,0.0,0.61,0.015,0.027,0.0
0.097,0.937,0.15,0.483,0.213,0.272,0.0,0.432,0.0
0.356,0.521,0.339,0.366,0.0,0.536,0.0,0.479,0.0
0.103,0.876,0.289,0.333,0.0,0.503,0.0,0.482,0.0
0.172,1.0,0.012,0.227,0.0,0.623,0.0,0.779,0.0
0.253,0.841,0.001,0.043,0.0,0.331,0.229,0.47,0.0
0.0,0.924,0.656,1.0,0.017,0.741,0.0,0.21,0.0
0.401,0.693,0.0,0.501,0.0,0.637,0.102,0.113,0.0
0.098,0.611,0.653,1.0,0.004,0.027,0.0,0.258,0.0
0.094,0.546,0.033,0.334,0.0,0.568,0.0,0.315,0.0
0.121,0.726,0.0,0.575,0.0,0.425,0.0,0.266,0.0
0.265,1.0,0.0,0.263,0.0,0.47,0.697,0.731,0.0
0.445,0.536,0.044,0.805,0.204,0.584,0.0,0.49,0.0
0.198,0.64,0.0,0.5,0.0,0.079,0.0,0.324,0.0
0.293,0.453,0.0,0.547,0.0,0.469,0.0,0.372,0.0
0.0,0.767,0.0,0.496,0.0,0.413,0.0,0.255,0.012518437
0.22,0.607,0.805,1.0,0.049,0.315,0.0,0.192,0.0
0.0,0.876,0.0,0.955,0.0,0.227,0.0,0.347,0.012518437
0.187,0.718,0.0,0.241,0.145,0.219,0.0,0.465,0.0
0.213,0.732,0.151,0.621,0.0,0.63,0.0,0.517,0.0
0.4,0.447,0.0,0.527,0.0,0.256,0.0,0.491,0.0
0.333,0.672,0.104,0.462,0.0,0.596,0.0,0.349,0.0
0.44,0.441,0.144,0.506,0.0,0.808,0.0,0.585,0.0
0.165,0.563,0.0,0.451,0.0,0.418,0.0,0.513,0.0
0.462,0.645,0.0,0.313,0.143,0.585,0.0,0.595,0.0
0.318,0.361,0.003,0.035,0.0,0.501,0.0,0.358,0.0
0.134,0.826,0.401,1.0,0.0,0.455,0.036,0.311,0.0
0.237,1.0,0.0,0.47,0.0,0.373,0.0,0.744,0.0
0.357,0.96,0.0,0.196,0.0,0.386,0.085,0.438,0.0
0.207,1.0,0.196,0.505,0.0,0.37,0.191,0.408,0.0
0.338,0.91,0.728,1.0,0.0,0.407,0.0,0.602,0.0
0.055,0.695,0.488,0.7,0.0,0.568,0.0,0.42,0.0
0.375,1.0,0.255,0.457,0.0,0.537,0.068,0.996,0.0
0.29,1.0,0.872,0.94,0.0,0.209,0.379,0.695,0.0
0.058,0.921,0.1,0.522,0.0,0.378,0.0,0.531,0.0
0.282,0.668,0.061,0.49,0.0,0.41,0.062,0.485,0.0
0.315,0.357,0.189,0.638,0.0,0.4,0.118,0.338,0.0
0.069,0.609,0.0,0.178,0.0,0.624,0.0,0.3,0.0
0.367,0.53,0.0,0.597,0.196,0.289,0.0,0.548,0.0
0.148,0.489,0.0,0.375,0.0,0.437,0.0,0.279,0.0
0.245,0.708,0.0,0.762,0.0,0.163,0.0,0.543,0.0
0.316,0.967,0.578,0.645,0.0,0.591,0.235,0.373,0.0
0.0,0.815,0.0,0.363,0.146,0.461,0.169,0.38,0.0
0.322,0.798,0.0,0.466,0.011,0.292,0.276,0.333,0.0
0.156,0.486,0.001,0.41,0.0,0.355,0.061,0.212,0.0
0.392,0.931,0.02,0.23,0.0,0.368,0.161,0.494,0.0
0.504,0.642,0.024,0.903,0.0,0.715,0.395,0.468,0.0
0.33,0.822,0.016,0.457,0.0,0.25,0.279,0.926,0.0
0.469,0.855,0.007,0.638,0.0,0.249,0.34,0.489,0.0
0.047,0.708,0.0,0.382,0.0,0.351,0.0,0.555,0.0
0.014,0.954,0.247,0.641,0.334,0.514,0.0,0.223,0.0
0.547,0.618,0.408,1.0,0.0,0.71,0.273,0.405,0.0
0.333,0.718,0.0,0.627,0.16,0.324,0.0,0.292,0.0
0.313,0.446,0.0,0.374,0.0,0.483,0.0,0.359,0.0
0.123,0.85,0.621,0.957,0.0,0.809,0.006,0.079,0.0
0.117,0.615,0.0,0.442,0.034,0.329,0.25,0.251,0.0
0.105,0.949,0.0,0.333,0.0,0.399,0.032,0.623,0.0
0.171,0.46,0.0,0.453,0.0,0.464,0.026,0.206,0.0
0.13,1.0,0.218,0.532,0.0,0.344,0.086,1.0,0.0
0.062,0.692,0.0,0.303,0.012,0.139,0.0,0.637,0.0
0.151,0.868,0.744,1.0,0.0,0.606,0.0,0.412,0.0
0.007,0.762,0.0,0.317,0.0,0.428,0.0,0.462,0.0
0.206,1.0,0.0,0.251,0.0,0.467,0.0,0.665,0.0
0.194,0.704,0.063,0.326,0.037,0.447,0.0,0.18,0.0
0.433,0.595,0.281,0.557,0.0,0.395,0.0,0.758,0.0
0.234,0.474,0.0,0.384,0.0,0.596,0.0,0.379,0.0
0.263,0.815,0.098,0.19,0.0,0.637,0.0,0.274,0.0
0.241,0.763,0.528,1.0,0.092,0.332,0.0,0.687,0.0
0.409,0.9,0.0,0.717,0.0,0.319,0.001,0.042,0.0
0.104,0.724,0.0,0.406,0.0,0.474,0.0,0.556,0.0
0.245,0.856,0.789,0.811,0.0,0.525,0.0,0.45,0.0
0.245,0.724,0.423,0.466,0.13,0.718,0.0,0.57,0.0
0.222,0.641,0.378,1.0,0.0,0.823,0.0,0.296,0.0
0.018,0.937,0.009,0.513,0.0,0.439,0.0,0.609,0.0
0.281,0.544,0.0,0.723,0.104,0.259,0.0,0.475,0.0
0.145,1.0,0.0,0.386,0.0,0.333,0.0,0.336,0.0
0.409,0.495,0.0,0.336,0.071,0.292,0.0,0.133,0.0
0.0,0.728,0.0,0.473,0.023,0.281,0.0,0.306,0.0
0.0,0.635,0.0,0.586,0.077,0.104,0.069,0.162,0.0
0.087,0.803,0.0,0.588,0.141,0.768,0.0,0.308,0.0
0.3,0.554,0.294,0.356,0.113,0.797,0.01,0.075,0.0
0.218,0.886,0.431,0.741,0.057,0.337,0.044,0.322,0.0
0.306,0.915,0.045,0.089,0.0,0.531,0.186,0.757,0.0
0.272,0.893,0.4,1.0,0.0,0.62,0.256,0.422,0.0
0.179,1.0,0.299,0.662,0.0,0.67,0.0,0.383,0.0
0.184,0.848,0.0,0.514,0.0,0.542,0.0,0.153,0.0
0.328,0.331,0.257,0.338,0.0,0.195,0.115,0.401,0.0
0.3,0.801,0.565,1.0,0.07,0.172,0.0,0.259,0.0
0.663,0.723,0.574,1.0,0.0,0.212,0.179,0.894,0.0
0.148,0.887,0.0,0.305,0.0,0.217,0.164,0.259,0.0
0.266,0.575,0.718,1.0,0.043,0.048,0.0,0.463,0.0
0.243,0.693,0.0,0.42,0.0,0.202,0.0,0.571,0.0
0.298,0.456,0.0,0.427,0.0,0.437,0.06,0.25,0.0
0.486,0.556,0.007,0.243,0.257,0.319,0.135,0.212,0.0
0.419,0.678,0.78,0.803,0.167,0.167,0.0,0.472,0.0
0.42,0.893,0.283,0.617,0.0,0.244,0.0,0.284,0.0
0.191,0.506,0.0,0.658,0.0,0.44,0.0,0.517,0.0
0.555,0.561,0.2,1.0,0.058,0.123,0.0,0.628,0.0
0.225,0.907,0.655,0.928,0.122,0.211,0.528,0.688,0.0
0.287,0.416,0.876,1.0,0.0,0.542,-0.0,0.096,0.0
0.098,0.779,0.251,0.454,0.0,0.403,0.0,0.109,0.0
0.285,0.426,0.0,0.604,0.0,0.468,0.0,0.587,0.0
0.39,0.972,0.329,1.0,0.0,0.223,0.279,0.328,0.0
0.274,0.554,0.04,0.071,0.061,0.272,0.0,0.469,0.0
0.0,0.774,0.127,0.439,0.049,0.133,0.0,0.495,0.0
0.076,0.869,0.048,0.291,0.0,0.509,0.118,0.401,0.0
0.389,0.645,0.0,0.688,0.0,0.587,0.0,0.447,0.0
0.026,0.686,0.951,0.972,0.0,0.495,0.0,0.045,0.0
0.617,0.706,0.0,0.426,0.0,0.663,0.086,0.371,0.0
0.325,0.635,0.563,1.0,0.0,0.579,0.0,0.666,0.0
0.314,0.851,0.766,1.0,0.0,0.244,0.318,0.541,0.0
0.116,0.544,0.0,0.612,0.0,0.31,0.007,0.509,0.0
0.361,0.684,0.302,1.0,0.0,0.295,0.0,0.483,0.0
0.094,0.66,0.149,0.178,0.0,0.461,0.164,0.189,0.0
0.194,0.697,0.0,0.659,0.102,0.262,0.0,0.771,0.0
0.416,0.733,0.725,0.836,0.068,0.236,0.293,0.823,0.0
0.228,1.0,0.003,0.713,0.0,0.62,0.131,0.558,0.0
0.264,0.44,0.869,1.0,0.135,0.228,0.0,0.225,0.0
0.159,0.99,0.023,0.227,0.0,0.703,0.0,0.572,0.0
0.0,0.675,0.184,0.371,0.0,0.42,0.0,0.248,0.0
0.207,0.68,0.522,1.0,0.007,0.326,0.002,0.093,0.0
0.011,0.817,0.0,0.494,0.056,0.278,0.0,0.367,0.0
0.015,0.922,0.0,0.526,0.0,0.478,0.0,0.574,0.0
0.389,0.692,0.0,0.559,0.0,0.749,0.0,0.522,0.0
0.376,0.576,0.271,0.341,0.0,0.482,0.273,0.329,0.0
0.313,0.908,0.0,0.529,0.0,0.571,0.232,0.712,0.0
0.378,0.813,0.171,0.829,0.0,0.41,0.0,0.61,0.0
0.049,0.877,0.627,1.0,0.0,0.526,0.0,0.262,0.0
0.083,1.0,0.826,1.0,0.0,0.536,0.0,0.508,0.0
0.437,0.624,0.0,0.222,0.0,0.538,0.0,0.242,0.0
0.359,0.521,0.0,0.799,0.327,0.4,0.0,0.366,0.0
0.435,0.525,0.111,0.551,0.021,0.554,0.0,0.299,0.0
0.115,0.546,0.213,0.353,0.0,0.539,0.0,0.547,0.0
0.143,0.789,0.044,0.184,0.097,0.419,0.0,0.783,0.0
0.042,0.939,0.0,0.501,0.0,0.588,0.12,0.19,0.0
0.441,0.677,0.0,0.627,0.0,0.517,0.0,0.82,0.0
0.08,0.964,0.678,0.734,0.001,0.18,0.0,0.402,0.0
0.136,0.866,0.0,0.04,0.0,0.352,0.079,0.112,0.0
0.044,0.836,0.515,1.0,0.04,0.718,0.0,0.262,0.0
0.381,0.856,0.113,0.775,0.125,0.329,0.0,0.173,0.0
0.0,0.718,0.537,1.0,0.0,0.095,0.0,0.115,0.0
0.0,0.745,0.0,0.491,0.146,0.218,0.0,0.354,0.0
0.115,0.939,0.343,0.457,0.068,0.174,0.0,0.481,0.0
0.326,0.639,0.0,0.775,0.005,0.147,0.108,0.204,0.0
0.388,0.566,0.081,0.441,0.0,0.43,0.044,0.487,0.0
0.236,0.406,0.174,0.237,0.0,0.396,0.0,0.495,0.0
0.432,0.662,0.126,0.158,0.0,0.341,0.0,0.409,0.0
0.407,0.473,0.0,0.812,0.077,0.651,0.0,0.199,0.0
0.287,1.0,0.0,0.275,0.0,0.488,0.0,0.736,0.0
0.115,0.926,0.045,0.205,0.014,0.562,0.0,0.457,0.0
0.28,0.803,0.0,0.379,0.0,0.272,0.273,0.287,0.0
0.382,1.0,0.084,0.627,0.0,0.494,0.526,0.537,0.0
0.439,0.713,0.006,0.466,0.0,0.436,0.214,0.992,0.0
0.314,0.536,0.12,0.575,0.0,0.902,0.0,0.329,8.4809e-05
0.007,0.729,0.0,0.258,0.0,0.096,0.0,0.283,0.0
0.0,0.71,0.11,0.401,0.0,0.424,0.0,0.494,0.0
0.176,0.882,0.0,0.645,0.0,0.693,0.026,0.357,0.0
0.195,0.879,0.321,0.995,0.005,0.48,0.033,0.457,0.0
0.152,1.0,0.001,0.96,0.117,0.246,0.0,0.466,0.0
0.299,0.781,0.214,0.492,0.0,0.625,0.273,0.311,0.0
0.316,0.941,0.0,0.526,0.175,0.25,0.145,0.28,0.0
0.364,0.811,0.0,0.445,0.0,0.383,0.407,0.567,0.0
0.389,0.681,0.811,1.0,0.0,0.268,0.068,0.205,0.0
0.0,0.937,0.0,0.788,0.0,0.788,0.0,0.403,0.012518437
0.071,0.557,0.0,0.531,0.0,0.301,0.0,0.488,0.0
0.464,0.489,0.161,0.589,0.0,0.315,0.0,0.585,0.0
0.285,1.0,0.634,1.0,0.146,0.339,0.0,0.559,0.0
0.368,0.512,0.513,1.0,0.0,0.859,0.0,0.275,0.0
0.177,0.56,0.048,0.235,0.0,0.284,0.0,0.555,0.0
0.081,0.805,0.771,0.928,0.0,0.616,0.0,0.228,0.0
0.196,0.551,0.554,1.0,0.067,0.478,0.0,0.44,0.0
0.48,0.614,0.0,0.251,0.0,0.574,0.297,0.401,0.0
0.607,0.756,0.399,1.0,0.0,0.383,0.0,0.615,0.0
0.502,0.812,0.286,0.614,0.0,0.173,0.023,0.235,0.0
0.174,0.608,0.171,0.273,0.101,0.141,0.052,0.206,0.0
0.179,1.0,0.0,0.526,0.0,0.762,0.47,0.576,0.0
0.299,0.429,0.037,0.385,0.0,0.347,0.11,0.162,0.0
0.199,1.0,0.0,0.756,0.0,0.28,0.0,0.002,0.0
0.389,0.421,0.041,0.187,0.0,0.651,0.024,0.381,0.0
0.204,0.831,0.0,0.463,0.0,0.592,0.0,0.355,0.0
0.225,0.76,0.705,1.0,0.0,0.371,0.0,0.494,0.0
0.335,0.853,0.0,0.723,0.0,0.112,0.616,0.629,0.0
0.0,0.909,0.03,0.682,0.0,0.426,0.0,0.142,0.0
0.1,0.882,0.0,0.855,0.178,0.61,-0.0,0.192,0.0
0.19,0.93,0.195,0.21,0.0,0.537,0.0,0.672,0.0
0.396,0.918,0.0,0.476,0.0,0.552,0.081,1.0,0.0
0.0,0.751,0.0,0.455,0.0,0.373,0.0,0.633,0.012518437
0.278,0.802,0.416,0.935,0.0,0.804,0.0,0.647,0.0
0.455,0.517,0.432,1.0,0.157,0.571,0.0,0.172,0.0
0.463,0.633,0.055,0.278,0.211,0.396,0.11,0.177,0.0
0.159,0.925,0.072,0.083,0.0,0.232,0.0,0.594,0.0
0.121,1.0,0.409,0.553,0.0,0.717,0.0,0.388,0.0
0.387,0.699,0.642,0.758,0.23,0.316,0.205,0.397,0.0
0.242,0.713,0.0,0.699,0.0,0.296,0.142,0.389,0.0
0.0,0.8,0.497,1.0,0.0,0.394,0.0,0.465,0.0
0.413,0.532,0.0,0.437,0.0,0.203,0.086,0.692,0.0
0.018,0.622,0.0,0.479,0.053,0.341,0.196,0.516,0.0
0.222,0.902,0.03,0.47,0.0,0.535,0.154,0.192,0.0
0.171,0.831,0.112,0.483,0.0,0.556,0.0,0.398,0.0
0.242,0.903,0.2,0.584,0.0,0.692,0.0,0.494,0.0
0.429,0.631,0.396,0.892,0.0,0.429,0.149,0.313,0.0
0.14,1.0,0.0,0.338,0.049,0.163,0.0,0.592,0.0
0.115,1.0,0.339,0.705,0.086,0.339,0.064,0.107,0.0
0.159,0.991,0.0,0.312,0.0,0.581,0.0,0.611,0.0
0.0,0.898,0.31,0.406,0.206,0.522,0.0,0.267,0.0
0.332,0.67,0.566,1.0,0.0,0.75,0.0,0.328,0.0
0.492,0.831,0.0,0.659,0.043,0.291,0.0,0.644,0.0
0.23,1.0,0.138,0.974,0.0,0.731,0.0,0.096,0.0
0.0,0.664,0.0,0.695,0.0,0.213,0.043,0.473,0.0
0.553,0.767,0.0,0.299,0.0,0.524,0.0,0.467,0.0
0.263,0.717,0.0,0.701,0.121,0.152,0.027,0.245,0.0
0.438,0.708,0.304,0.479,0.0,0.404,0.0,0.231,0.0
0.296,0.912,0.0,0.145,0.0,0.409,0.0,0.747,0.0
0.16,0.914,0.085,0.532,0.0,0.385,0.022,0.408,0.0
0.155,1.0,0.208,0.508,0.0,0.099,0.416,0.468,0.0
0.26,0.598,0.0,0.328,0.0,0.486,0.0,0.521,0.0
0.028,0.897,0.725,1.0,0.174,0.342,0.101,0.118,0.0
0.0,0.863,0.201,0.349,0.189,0.235,0.0,0.284,0.0
0.0,0.802,0.0,0.65,0.0,0.214,0.0,0.407,0.012518437
0.183,0.75,0.0,0.407,0.0,0.558,0.187,0.469,0.0
0.221,0.938,0.178,0.428,0.066,0.238,0.097,1.0,0.0
0.138,1.0,0.035,0.137,0.0,0.514,0.0,0.328,0.0
0.468,0.695,0.181,1.0,0.062,0.241,0.068,0.395,0.0
0.0,0.662,0.0,0.596,0.04,0.354,0.0,0.776,0.0
0.046,0.771,0.0,0.403,0.0,0.534,0.0,0.594,0.0
0.055,0.767,0.0,0.48,0.035,0.328,0.0,0.149,0.0
0.222,0.976,0.277,0.411,0.0,0.602,0.04,0.175,0.0
0.134,0.909,0.002,0.975,0.0,0.617,0.0,0.535,0.0
0.353,0.766,0.294,1.0,0.0,0.523,0.0,0.169,0.0
0.078,0.555,0.236,0.514,0.0,0.326,0.0,0.139,0.0
0.0,0.86,0.0,0.122,0.0,0.513,0.0,0.246,0.012518437
0.408,0.417,0.146,0.321,0.019,0.344,0.0,0.552,0.0
0.006,0.752,0.799,1.0,0.0,0.75,0.0,0.27,0.0
0.214,0.65,0.05,0.656,0.0,0.552,0.0,0.328,0.0
0.498,0.516,0.26,0.462,0.112,0.372,0.0,0.212,0.0
0.458,0.623,0.489,0.861,0.243,0.485,0.284,0.288,0.0
0.187,0.676,0.752,0.998,0.211,0.516,0.0,0.516,0.0
0.09,0.994,0.286,0.826,0.19,0.295,0.0,0.29,0.0
0.393,0.744,0.03,0.764,0.0,0.481,0.439,0.465,0.0
0.076,0.923,0.39,0.405,0.172,0.191,0.0,0.192,0.0
0.0,0.81,0.101,0.111,0.0,0.35,0.0,0.472,0.0
0.35,0.947,0.475,1.0,0.155,0.27,0.444,0.771,0.0
0.362,0.758,0.329,1.0,0.0,0.257,0.0,0.515,0.0
0.277,0.426,0.589,1.0,0.0,0.434,0.0,0.296,0.0
0.335,0.769,0.36,1.0,0.0,0.461,0.338,0.35,0.0
0.0,0.899,0.511,1.0,0.0,0.35,0.184,0.306,0.0
0.019,0.926,0.0,0.518,0.0,0.599,0.0,0.36,0.0
0.145,0.974,0.237,1.0,0.0,0.347,0.0,0.491,0.0
0.344,0.536,0.315,0.474,0.0,0.397,0.0,0.515,0.0
0.148,0.732,0.36,0.368,0.0,0.634,0.0,0.507,0.0
0.465,0.629,0.493,1.0,0.0,0.389,0.0,0.325,0.0
0.55,0.656,0.524,0.554,0.0,0.544,0.0,0.116,0.0
0.238,0.648,0.83,0.87,0.0,0.47,0.0,0.468,0.0
0.155,1.0,0.0,0.477,0.026,0.096,0.0,0.404,0.0
0.074,0.782,0.184,0.943,0.0,0.276,0.0,0.529,0.0
0.432,0.433,0.0,0.663,0.0,0.512,0.121,0.31,0.0
0.169,1.0,0.062,0.188,0.0,0.229,0.0,0.793,0.0
0.188,1.0,0.0,0.627,0.032,0.18,0.0,0.632,0.0
0.14,1.0,0.395,0.644,0.024,0.401,0.156,0.323,0.0
0.559,0.561,0.0,0.627,0.0,0.572,0.0,0.564,0.0
0.364,0.703,0.603,1.0,0.147,0.58,0.0,0.365,0.0
0.487,0.757,0.04,0.371,0.0,0.484,0.0,0.362,0.0
0.496,0.609,0.073,0.599,0.0,0.414,0.0,0.365,0.0
0.367,0.782,0.296,0.454,0.0,0.159,0.496,0.837,0.0
0.008,0.872,0.332,0.395,0.0,0.63,0.0,0.642,0.0
0.35,0.744,0.045,0.55,0.0,0.628,0.0,0.504,0.0
0.608,0.718,0.489,1.0,0.0,0.579,0.0,0.282,0.0
0.556,0.668,0.485,0.943,0.0,0.262,0.0,0.782,0.0
0.3,0.401,0.0,0.646,0.0,0.429,0.0,0.651,0.0
0.069,1.0,0.117,0.633,0.0,0.498,0.0,0.308,0.0
0.532,0.719,0.184,0.988,0.0,0.545,0.0,0.637,0.0
0.282,0.773,0.085,0.698,0.0,0.586,0.0,0.66,0.0
0.291,1.0,0.0,0.058,0.077,0.317,0.517,0.892,0.0
0.191,0.949,0.178,0.199,0.059,0.184,0.0,0.472,0.0
0.159,0.922,0.756,1.0,0.0,0.448,0.233,0.497,0.0
0.429,0.711,0.786,1.0,0.0,0.587,0.0,0.537,0.0
0.073,0.808,0.304,0.346,0.36,0.368,0.0,0.302,0.0
0.019,0.74,0.0,0.533,0.0,0.543,0.0,0.248,0.0
0.252,0.457,0.764,1.0,0.0,0.391,0.0,0.435,0.0
0.274,0.819,0.19,0.404,0.0,0.583,0.0,0.381,0.0
0.193,0.56,0.168,0.383,0.027,0.397,0.0,0.083,0.0
0.409,0.93,0.0,0.231,0.097,0.448,0.376,0.489,0.0
0.276,0.605,0.236,0.492,0.006,0.418,0.0,0.396,0.0
0.507,0.817,0.165,0.419,0.0,0.549,0.016,0.568,0.0
0.165,0.914,0.194,0.511,0.0,0.394,0.0,0.767,0.0
0.312,0.792,0.143,0.679,0.0,0.66,0.159,0.304,0.0
0.053,0.658,0.0,0.683,0.0,0.511,0.017,0.309,0.0
0.519,0.567,0.275,0.887,0.0,0.391,0.029,0.49,0.0
0.0,0.924,0.247,0.398,0.0,0.34,0.0,0.273,0.0
0.225,0.673,0.0,0.585,0.0,0.541,0.025,0.147,0.0
0.169,0.906,0.085,0.531,0.0,0.274,0.113,0.317,0.0
0.052,1.0,0.902,1.0,0.0,0.428,0.0,0.51,0.0
0.238,0.957,0.443,1.0,0.0,0.141,0.029,0.529,0.0
0.261,0.38,0.0,0.44,0.0,0.653,0.0,0.802,0.0
0.023,0.648,0.6,1.0,0.0,0.373,0.0,0.165,0.0
0.127,1.0,0.426,0.747,0.0,0.753,0.0,0.621,0.0
0.0,0.831,0.319,0.519,0.0,0.436,0.0,0.459,0.0
0.0,0.722,0.0,0.558,0.005,0.602,0.0,0.663,0.0
0.19,0.451,0.0,0.425,0.022,0.372,0.144,0.567,0.0
0.336,0.83,0.098,0.353,0.041,0.231,0.0,0.35,0.0
0.436,0.49,0.452,1.0,0.13,0.385,0.0,0.541,0.0
0.294,0.735,0.208,0.48,0.0,0.515,0.0,0.215,0.0
0.443,0.524,0.0,0.302,0.0,0.588,0.005,0.518,0.0
0.338,0.804,0.543,0.78,0.0,0.569,0.209,0.639,0.0
0.377,0.674,0.49,0.611,0.004,0.147,0.047,0.289,0.0
0.309,0.624,0.0,0.287,0.0,0.737,0.0,0.751,0.0
0.239,0.867,0.0,0.591,0.004,0.724,0.0,0.422,0.0
0.111,0.923,0.0,0.483,0.057,0.336,0.0,0.435,0.0
0.163,0.583,0.0,0.433,0.0,0.307,0.102,0.234,0.0
0.437,0.518,0.0,0.413,0.069,0.143,0.068,0.22,0.0
0.646,0.678,0.234,0.349,0.0,0.467,0.0,0.757,0.0
0.298,0.628,0.008,0.853,0.004,0.541,0.0,0.509,0.0
0.427,0.654,0.647,0.954,0.011,0.14,0.0,0.589,0.0
0.0,0.64,0.178,0.378,0.0,0.321,0.0,0.277,0.0
0.041,0.759,0.748,1.0,0.05,0.556,0.0,0.546,0.0
0.432,0.766,0.203,0.486,0.05,0.313,0.0,0.479,0.0
0.048,1.0,0.336,0.969,0.259,0.378,0.066,0.579,0.0
0.419,0.7,0.0,0.822,0.0,0.435,0.0,0.477,0.0
0.0,0.7,0.0,0.721,0.0,0.408,0.0,0.255,0.012518437
0.065,0.699,0.116,0.412,0.0,0.441,0.126,0.567,0.0
0.448,0.608,0.018,0.765,0.0,0.373,0.013,0.384,0.0
0.366,0.601,0.0,0.346,0.051,0.162,0.0,0.583,0.0
0.357,0.795,0.652,1.0,0.236,0.401,0.124,0.51,0.0
0.0,0.969,0.0,0.178,0.0,0.538,0.0,0.314,0.012518437
0.23,0.611,0.874,1.0,0.0,0.494,0.0,0.484,0.0
0.194,0.569,0.0,0.719,0.0,0.624,0.0,0.769,0.0
0.387,0.559,0.0,0.56,0.188,0.327,0.003,0.24,0.0
0.416,0.51,0.426,0.435,0.165,0.38,0.0,0.38,0.0
0.296,0.918,0.255,0.428,0.0,0.384,0.0,0.309,0.0
0.479,0.575,0.008,0.792,0.037,0.206,0.0,0.617,0.0
0.104,0.766,0.0,0.841,0.0,0.516,0.0,0.585,0.0
0.416,0.742,0.0,0.591,0.0,0.794,0.0,0.47,0.0
0.012,0.809,0.0,0.45,0.0,0.532,0.0,0.042,0.0
0.0,0.938,0.6,1.0,0.129,0.264,0.0,0.065,0.0
0.227,0.618,0.298,0.424,0.223,0.383,0.0,0.329,0.0
0.239,0.409,0.018,0.204,0.051,0.161,0.0,0.522,0.0
0.0,0.743,0.731,1.0,0.0,0.422,0.0,0.488,0.0
0.0,0.922,0.0,0.368,0.015,0.348,0.0,0.543,0.0
0.204,0.68,0.396,0.57,0.0,0.355,0.0,0.413,0.0
-0.0,0.631,0.0,0.283,0.0,0.304,0.069,0.162,0.0
0.359,0.865,0.373,1.0,0.0,0.23,0.349,0.381,0.0
0.629,0.71,0.184,0.516,0.065,0.208,0.0,0.638,0.0
0.468,0.708,0.0,0.658,0.0,0.552,0.0,0.62,0.0
0.332,0.742,0.0,0.578,0.021,0.463,0.0,0.407,0.0
0.235,0.98,0.306,0.656,0.013,0.35,0.0,0.206,0.0
0.057,0.849,0.0,0.421,0.0,0.501,0.0,0.285,0.0
0.284,0.806,0.755,0.784,0.023,0.34,0.303,0.323,0.0
0.147,0.599,0.0,0.35,0.0,0.309,0.0,0.493,0.0
0.266,0.909,0.47,0.58,0.113,0.311,0.0,0.62,0.0
0.457,0.61,0.364,0.792,0.202,0.253,0.111,0.318,0.0
0.607,0.709,0.0,0.445,0.138,0.407,0.285,0.592,0.0
0.39,0.479,0.063,0.398,0.0,0.538,0.0,0.446,0.0
0.296,0.444,0.0,0.637,0.04,0.264,0.0,0.405,0.0
0.493,0.64,0.698,0.885,0.0,0.572,0.492,0.723,0.0
0.127,0.72,0.206,0.294,0.0,0.467,0.0,0.595,0.0
0.345,1.0,0.0,0.454,0.0,0.303,0.238,0.483,0.0
0.211,0.587,0.093,0.518,0.166,0.53,0.0,0.353,0.0
0.167,0.919,0.631,0.97,0.0,0.183,0.0,0.458,0.0
0.103,0.644,0.038,0.212,0.0,0.417,0.062,0.324,0.0
0.517,0.538,0.192,1.0,0.0,0.354,0.061,0.323,0.0
0.0,0.804,0.0,0.41,0.076,0.197,0.0,0.618,0.0
0.357,0.766,0.0,0.59,0.0,0.635,0.13,0.496,0.0
0.0,0.786,0.876,1.0,0.072,0.656,0.0,0.165,0.0
0.365,0.669,0.0,0.197,0.0,0.515,0.0,0.607,0.0
0.314,0.423,0.0,0.535,0.0,0.245,0.0,0.518,0.0
0.371,0.753,0.505,0.54,0.095,0.329,0.0,0.248,0.0
0.0,0.906,0.419,0.636,0.004,0.148,0.0,0.398,0.0
0.51,0.738,0.607,1.0,0.168,0.195,0.144,0.261,0.0
0.363,0.782,0.0,0.109,0.0,0.461,0.0,0.323,0.0
0.049,0.956,0.918,1.0,0.184,0.24,0.0,0.461,0.0
0.042,1.0,0.789,0.961,0.0,0.288,0.0,0.367,0.0
0.403,0.773,0.137,0.24,0.0,0.671,0.067,0.451,0.0
0.034,1.0,0.344,0.833,0.0,0.4,0.0,0.386,0.0
0.491,0.633,0.0,0.69,0.0,0.61,0.0,0.467,0.0
0.29,0.869,0.0,0.297,0.0,0.664,0.351,0.553,0.0
0.499,0.503,0.0,0.097,0.055,0.126,0.0,0.325,0.0
0.595,0.728,0.213,0.432,0.0,0.501,0.0,0.847,0.0
0.302,0.72,0.423,0.738,0.143,0.373,0.0,0.525,0.0
0.511,0.652,0.0,0.48,0.0,0.675,0.144,0.664,0.0
0.133,0.946,0.0,0.684,0.0,0.565,0.0,0.628,0.0
0.464,0.619,0.371,0.741,0.0,0.493,0.0,0.392,0.0
0.207,0.876,0.0,0.464,0.04,0.051,0.0,0.101,0.0
0.151,1.0,0.168,1.0,0.12,0.425,0.393,0.549,0.0
0.345,0.572,0.303,0.52,0.0,0.652,0.022,0.458,0.0
0.289,0.657,0.017,0.228,0.0,0.585,0.071,0.172,0.0
0.487,0.592,0.0,0.477,0.0,0.536,0.0,0.62,0.0
0.24,0.539,0.0,0.48,0.0,0.556,0.0,0.197,0.0
0.0,0.971,0.629,1.0,0.0,0.461,0.0,0.374,0.0
0.328,0.571,0.227,0.49,0.0,0.625,0.0,0.287,0.0
0.492,0.589,0.0,0.284,0.038,0.204,0.0,0.557,0.0
0.151,0.743,0.775,1.0,0.0,0.423,0.062,0.428,0.0
0.494,0.556,0.365,0.813,0.069,0.113,0.15,0.154,0.0
0.149,1.0,0.0,0.485,0.0,0.591,0.0,0.699,0.0
0.159,0.732,0.204,0.28,0.0,0.678,0.0,0.789,0.0
0.118,0.758,0.174,0.531,0.0,0.586,0.0,0.531,0.0
0.521,0.819,0.0,0.399,0.0,0.49,0.189,0.242,0.0
0.431,0.632,0.557,0.943,0.0,0.534,0.0,0.181,0.0
0.013,0.919,0.0,0.636,0.0,0.349,0.0,0.6,0.0
0.0,0.657,0.314,0.558,0.0,0.224,0.0,0.537,0.0
0.283,0.821,0.151,0.338,0.037,0.447,0.0,0.527,0.0
0.445,0.662,0.052,0.737,0.0,0.433,0.0,0.318,0.0
0.077,1.0,0.454,1.0,0.0,0.386,0.297,0.433,0.0
0.314,0.826,0.158,0.219,0.0,0.517,0.002,0.176,0.0
0.172,0.63,0.0,0.12,0.0,0.521,0.0,0.688,0.0
0.295,1.0,0.222,0.394,0.0,0.521,0.304,0.367,0.0
0.348,0.644,0.002,0.599,0.0,0.689,0.0,0.102,0.0
0.395,0.934,0.0,0.743,0.0,0.513,0.025,0.06,0.0
0.247,0.738,0.244,0.679,0.0,0.448,0.097,0.249,0.0
0.429,0.728,0.0,0.386,0.0,0.76,0.0,0.707,0.0
0.056,0.831,0.675,1.0,0.079,0.255,0.0,0.498,0.0
0.532,0.778,0.0,0.641,0.0,0.237,0.0,0.655,0.0
0.279,0.966,0.0,0.657,0.0,0.525,0.088,0.2,0.0
0.212,0.908,0.675,0.93,0.093,0.331,0.131,0.685,0.0
0.234,0.915,0.218,0.532,0.0,0.228,0.281,1.0,0.0
0.344,0.749,0.0,0.328,0.062,0.151,0.0,0.764,0.0
0.385,0.556,0.224,0.804,0.083,0.189,0.0,0.319,0.0
0.244,0.849,0.0,0.362,0.093,0.211,0.0,0.635,0.0
0.489,0.707,0.608,0.892,0.0,0.406,0.092,0.467,0.0
0.062,0.583,0.0,0.243,0.0,0.336,0.0,0.354,0.0
0.427,0.546,0.4,1.0,0.327,0.4,0.017,0.068,0.0
0.446,0.75,0.423,1.0,0.0,0.303,0.247,0.311,0.0
0.0,0.841,0.707,0.732,0.003,0.028,0.0,0.2,0.0
0.424,0.725,0.111,0.977,0.191,0.264,0.077,0.249,0.0
0.277,0.729,0.228,0.484,0.0,0.442,0.0,0.742,0.0
0.165,0.499,0.04,0.543,0.0,0.227,0.0,0.183,0.0
0.249,0.831,0.562,0.788,0.0,0.805,0.206,0.366,0.0
0.347,0.871,0.292,1.0,0.0,0.387,0.165,0.719,0.0
0.477,0.552,0.0,0.272,0.0,0.297,0.175,0.497,0.0
0.222,0.728,0.0,0.673,0.0,0.393,0.0,0.606,0.0
0.151,0.73,0.341,0.381,0.0,0.397,0.012,0.18,0.0
0.129,0.817,0.0,0.797,0.0,0.303,0.0,0.594,0.0
0.153,0.666,0.0,0.11,0.101,0.353,0.024,0.037,0.0
0.377,0.768,0.005,0.778,0.0,0.584,0.0,0.366,0.0
0.268,0.826,0.0,0.561,0.0,0.606,0.0,0.299,0.0
0.026,0.901,0.125,0.164,0.0,0.348,0.127,0.134,0.0
0.053,0.927,0.187,0.479,0.0,0.315,0.0,0.377,0.0
0.0,0.829,0.202,0.642,0.0,0.555,0.0,0.335,0.0
0.39,0.534,0.677,1.0,0.0,0.935,0.171,0.195,0.0
0.106,0.754,0.0,0.505,0.0,0.236,0.109,0.408,0.0
0.596,0.727,0.0,0.5,0.0,0.179,0.19,0.465,0.0
0.534,0.592,0.421,1.0,0.0,0.188,0.0,0.531,0.0
0.484,0.652,0.0,0.278,0.162,0.263,0.0,0.332,0.0
0.348,0.712,0.1,0.55,0.028,0.154,0.039,0.176,0.0
0.455,0.684,0.649,1.0,0.0,0.223,0.0,0.464,0.0
0.275,0.655,0.0,0.156,0.0,0.6,0.0,0.52,0.0
0.521,0.628,0.0,0.311,0.0,0.431,0.108,0.288,0.0
0.323,0.481,0.021,0.746,0.202,0.494,0.0,0.377,0.0
0.104,1.0,0.0,0.783,0.17,0.224,0.0,0.292,0.0
0.122,0.942,0.632,0.996,0.0,0.549,0.0,0.696,0.0
0.0,0.789,0.541,1.0,0.118,0.275,0.0,0.394,0.0
0.185,0.934,0.342,0.524,0.0,0.375,0.303,0.448,0.0
0.078,0.855,0.087,0.475,0.0,0.421,0.0,0.212,0.0
0.075,0.988,0.312,0.588,0.0,0.608,0.0,0.406,0.0
0.373,0.687,0.262,1.0,0.0,0.551,0.082,0.381,0.0
0.377,0.727,0.482,0.912,0.096,0.176,0.264,0.423,0.0
0.492,0.697,0.0,0.47,0.0,0.362,0.276,0.582,0.0
0.334,0.55,0.0,0.838,0.0,0.77,0.0,0.562,0.0
0.62,0.743,0.0,0.466,0.0,0.535,0.253,0.632,0.0
0.169,0.742,0.0,0.714,0.0,0.437,0.061,0.076,0.0
0.174,0.933,0.0,0.509,0.0,0.766,0.0,0.658,0.0
0.0,0.876,0.12,0.741,0.0,0.381,0.0,0.147,0.0
0.055,0.733,0.0,0.219,0.325,0.675,0.0,0.345,0.0
0.208,0.718,0.769,1.0,0.228,0.287,0.017,0.203,0.0
0.537,0.687,0.491,0.936,0.0,0.145,0.093,0.638,0.0
0.397,0.696,0.453,1.0,0.0,0.365,0.0,0.563,0.0
0.498,0.691,0.0,0.527,0.0,0.373,0.0,0.533,0.0
0.024,0.628,0.0,0.484,0.0,0.447,0.09,0.185,0.0
0.291,0.803,0.861,1.0,0.03,0.334,0.0,0.345,0.0
0.168,0.681,0.0,0.163,0.111,0.434,0.0,0.26,0.0
0.151,0.953,0.701,1.0,0.0,0.284,0.0,0.774,0.0
0.204,0.529,0.0,0.46,0.0,0.38,0.0,0.643,0.0
0.051,1.0,0.908,1.0,0.0,0.579,0.0,0.34,0.0
0.174,0.496,0.147,0.692,0.0,0.206,0.0,0.575,0.0
0.223,0.663,0.659,1.0,0.066,0.268,0.0,0.39,0.0
0.299,0.946,0.0,0.682,0.049,0.285,0.0,0.32,0.0
0.062,0.749,0.0,0.496,0.0,0.311,0.039,0.451,0.0
0.089,0.852,0.0,0.484,0.0,0.371,0.0,0.324,0.0
0.525,0.539,0.339,1.0,0.024,0.127,0.0,0.287,0.0
0.081,0.769,0.068,0.626,0.171,0.677,0.0,0.416,0.0
0.501,0.649,0.0,0.18,0.109,0.255,0.119,0.323,0.0
0.34,0.516,0.13,0.998,0.002,0.149,0.0,0.43,0.0
0.0,0.953,0.1,0.461,0.088,0.094,0.0,0.409,0.0
0.42,0.684,0.325,1.0,0.0,0.39,0.05,0.661,0.0
0.405,0.811,0.0,0.296,0.0,0.609,0.0,0.172,0.0
0.346,0.724,0.533,1.0,0.0,0.53,0.0,0.433,0.0
0.081,0.677,0.0,0.427,0.0,0.597,0.0,0.671,0.0
0.447,0.545,0.0,0.377,0.0,0.547,0.0,0.114,0.0
0.0,0.781,0.0,0.549,0.0,0.528,0.0,0.583,0.012518437
0.119,0.975,0.789,1.0,0.05,0.313,0.0,0.056,0.0
0.242,0.863,0.0,0.488,0.115,0.46,0.047,0.131,0.0
0.1,0.557,0.0,0.382,0.0,0.361,0.013,0.201,0.0
0.462,0.693,0.0,0.052,0.113,0.826,0.054,0.083,0.0
0.185,0.459,0.211,0.662,0.0,0.243,0.0,0.245,0.0
0.109,0.794,0.375,0.681,0.016,0.136,0.0,0.281,0.0
0.096,0.728,0.0,0.53,0.0,0.517,0.248,0.536,0.0
0.24,0.905,0.0,0.468,0.0,0.629,0.0,0.729,0.0
0.129,1.0,0.586,1.0,0.0,0.59,0.087,0.259,0.0
0.129,1.0,0.035,0.259,0.0,0.273,0.148,0.37,0.0
0.386,0.632,0.653,1.0,0.304,0.484,0.0,0.628,0.0
0.118,1.0,0.027,0.223,0.0,0.088,0.158,0.816,0.0
0.399,0.413,0.198,0.407,0.318,0.47,0.0,0.349,0.0
0.289,1.0,0.642,1.0,0.0,0.456,0.183,0.81,0.0
0.0,0.88,0.367,0.628,0.0,0.429,0.0,0.413,0.0
0.365,0.551,0.527,1.0,0.0,0.428,0.0,0.154,0.0
0.329,0.817,0.0,0.407,0.0,0.411,0.0,0.432,0.0
0.208,0.424,0.0,0.636,0.093,0.18,0.0,0.593,0.0
0.398,0.932,0.0,0.567,0.0,0.544,0.0,0.135,0.0
0.2,0.923,0.0,0.47,0.0,0.579,0.16,0.184,0.0
0.063,0.867,0.407,1.0,0.0,0.672,0.0,0.5,0.0
0.409,0.55,0.083,0.095,0.0,0.659,0.19,0.369,0.0
0.085,0.848,0.0,0.449,0.092,0.423,0.248,0.407,0.0
0.156,0.769,0.482,1.0,0.0,0.717,0.0,0.6,0.0
0.397,0.484,0.178,0.472,0.245,0.482,0.0,0.224,0.0
0.079,0.822,0.0,0.423,0.0,0.434,0.0,0.845,0.0
0.135,0.573,0.138,0.639,0.155,0.391,0.0,0.332,0.0
0.139,0.815,0.128,0.395,0.0,0.572,0.121,0.411,0.0
0.238,0.697,0.065,0.929,0.261,0.346,0.0,0.315,0.0
0.06,0.57,0.194,0.362,0.0,0.511,0.0,0.195,0.0
0.091,0.624,0.591,1.0,0.0,0.693,0.003,0.189,0.0
0.454,0.751,0.25,0.827,0.0,0.519,0.0,0.279,0.0
0.289,0.356,0.191,0.681,0.0,0.469,0.0,0.359,0.0
0.042,0.936,0.121,0.501,0.0,0.412,0.0,0.536,0.0
0.092,0.764,0.479,0.649,0.0,0.344,0.0,0.517,0.0
0.55,0.665,0.217,0.745,0.081,0.283,0.0,0.402,0.0
0.263,0.824,0.825,1.0,0.194,0.199,0.0,0.556,0.0
0.158,0.793,0.0,0.436,0.0,0.462,0.324,0.331,0.0
0.231,0.588,0.132,0.795,0.033,0.451,0.038,0.084,0.0
0.0,0.785,0.234,0.261,0.104,0.199,0.061,0.251,0.0
0.278,0.564,0.0,0.73,0.0,0.629,0.0,0.375,0.0
0.149,0.956,0.336,0.337,0.156,0.237,0.0,0.606,0.0
0.161,0.874,0.807,0.965,0.122,0.484,0.0,0.379,0.0
0.429,0.777,0.0,0.198,0.0,0.785,0.0,0.275,0.0
0.644,0.699,0.748,1.0,0.0,0.169,0.0,0.296,0.0
0.366,0.773,0.0,0.428,0.0,0.318,0.119,0.383,0.0
0.352,0.709,0.009,0.775,0.0,0.492,0.0,0.383,0.0
0.461,0.79,0.433,0.739,0.046,0.469,0.101,0.506,0.0
0.161,1.0,0.328,0.783,0.116,0.491,0.0,0.302,0.0
0.344,0.816,0.0,0.472,0.0,0.58,0.0,0.95,0.0
0.454,0.472,0.379,0.483,0.062,0.483,0.0,0.432,0.0
0.438,0.721,0.0,0.738,0.0,0.371,0.39,0.776,0.0
0.28,0.885,0.0,0.145,0.15,0.335,0.142,0.283,0.0
0.572,0.829,0.165,0.547,0.0,0.536,0.289,0.775,0.0
0.08,0.718,0.0,0.775,0.137,0.56,0.0,0.448,0.0
0.366,0.551,0.0,0.885,0.066,0.51,0.0,0.491,0.0
0.079,0.569,0.0,0.319,0.0,0.449,0.0,0.354,0.0
0.214,0.923,0.202,0.593,0.0,0.103,0.056,0.847,0.0
0.528,0.566,0.293,0.302,0.0,0.361,0.0,0.422,0.0
0.119,0.621,0.0,0.72,0.107,0.196,0.0,0.351,0.0
0.177,0.779,0.0,0.778,0.0,0.115,0.0,0.35,0.0
0.0,0.757,0.173,0.339,0.073,0.14,0.0,0.59,0.0
0.403,0.901,0.0,0.497,0.0,0.474,0.323,0.369,0.0
0.064,0.963,0.0,0.442,0.0,0.6,0.0,0.558,0.0
0.25,0.381,0.0,0.556,0.0,0.318,0.0,0.267,0.0
0.262,0.854,0.0,0.225,0.084,0.249,0.063,0.843,0.0
0.482,0.545,0.0,0.297,0.0,0.377,0.081,0.735,0.0
0.289,0.726,0.009,0.714,0.063,0.422,0.0,0.306,0.0
0.392,0.638,0.0,0.408,0.0,0.738,0.053,0.465,0.0
0.065,0.924,0.93,1.0,0.102,0.686,0.0,0.468,0.0
0.263,0.458,0.165,0.568,0.068,0.114,0.0,0.581,0.0
0.315,0.753,0.0,0.37,0.0,0.557,0.0,0.176,0.0
0.0,0.882,0.204,0.707,0.0,0.134,0.0,0.5,0.0
0.63,0.713,0.0,0.492,0.0,0.538,0.0,0.533,0.0
0.0,0.847,0.303,1.0,0.0,0.432,0.018,0.077,0.0
0.155,0.56,0.362,0.582,0.0,0.419,0.0,0.245,0.0
0.273,0.909,0.624,0.727,0.163,0.261,0.283,0.452,0.0
0.221,0.725,0.197,0.576,0.0,0.399,0.179,0.205,0.0
0.0,0.801,0.0,0.456,0.195,0.35,0.0,0.352,0.0
0.414,0.648,0.803,1.0,0.0,0.305,0.007,0.559,0.0
0.0,0.72,0.152,1.0,0.0,0.415,0.0,0.577,0.0
0.409,0.756,0.733,1.0,0.0,0.645,0.186,0.492,0.0
0.448,0.625,0.575,0.741,0.051,0.434,0.0,0.527,0.0
0.562,0.729,0.408,0.636,0.0,0.369,0.0,0.406,0.0
0.575,0.6,0.084,0.166,0.0,0.495,0.372,0.602,0.0
0.039,1.0,0.334,1.0,0.0,0.456,0.0,0.511,0.0
0.547,0.744,0.484,0.56,0.0,0.256,0.0,0.408,0.0
0.364,0.753,0.118,0.582,0.0,0.283,0.0,0.573,0.0
0.017,0.878,0.556,0.721,0.0,0.566,0.0,0.293,0.0
0.098,0.631,0.123,0.722,0.0,0.55,0.0,0.537,0.0
0.494,0.659,0.0,0.654,0.0,0.335,0.018,0.926,0.0
0.419,0.662,0.0,0.578,0.058,0.185,0.052,0.387,0.0
0.166,0.665,0.0,0.564,0.0,0.347,0.0,0.096,0.0
0.591,0.597,0.424,0.437,0.059,0.213,0.0,0.683,0.0
0.012,0.883,0.0,0.678,0.3,0.307,0.0,0.387,0.0
0.161,0.665,0.0,0.349,0.0,0.35,0.0,0.319,0.0
0.093,0.98,0.0,0.523,0.113,0.281,0.0,0.541,0.0
0.027,0.703,0.301,0.543,0.119,0.185,0.0,0.3,0.0
0.154,0.577,0.0,0.578,0.0,0.216,0.109,0.195,0.0
0.358,0.866,0.002,0.336,0.0,0.765,0.0,0.276,0.0
0.467,0.676,0.492,0.83,0.0,0.475,0.002,0.845,0.0
0.181,0.832,0.057,0.454,0.437,0.533,0.0,0.326,0.0
0.502,0.586,0.786,1.0,0.0,0.596,0.0,0.382,0.0
0.568,0.634,0.055,0.195,0.178,0.216,0.0,0.484,0.0
0.294,0.543,0.187,0.213,0.0,0.49,0.0,0.432,0.0
0.304,0.987,0.463,0.582,0.0,0.411,-0.0,0.192,0.0
0.267,0.921,0.0,0.726,0.0,0.285,0.556,0.69,0.0
0.104,0.576,0.0,0.464,0.084,0.097,0.0,0.308,0.0
0.115,0.926,0.338,0.662,0.022,0.069,0.202,0.227,0.0
0.459,0.732,0.0,0.845,0.0,0.42,0.0,0.374,0.0
0.27,0.369,0.155,0.211,0.0,0.508,0.0,0.27,0.0
0.225,0.803,0.186,0.503,0.0,0.662,0.009,0.127,0.0
0.0,0.802,0.079,0.516,0.0,0.499,0.0,0.544,0.0
0.0,0.743,0.025,0.275,0.0,0.319,0.0,0.417,0.0
0.388,0.959,0.0,0.629,0.0,0.33,0.049,0.767,0.0
0.29,0.77,0.714,1.0,0.098,0.175,0.0,0.79,0.0
0.109,0.984,0.19,0.405,0.0,0.512,0.0,0.118,0.0
0.184,0.532,0.141,0.804,0.0,0.205,0.0,0.422,0.0
0.08,1.0,0.304,0.384,0.0,0.518,0.026,0.371,0.0
0.387,0.671,0.638,1.0,0.0,0.495,0.0,0.841,0.0
0.229,0.864,0.0,0.576,0.043,0.381,0.0,0.67,0.0
0.181,0.789,0.0,0.472,0.074,0.198,0.0,0.518,0.0
0.301,0.78,0.775,1.0,0.0,0.215,0.184,0.546,0.0
0.03,0.925,0.0,0.065,0.116,0.157,0.0,0.537,0.0
0.421,0.672,0.0,0.581,0.0,0.304,0.0,0.511,0.0
0.0,0.837,0.0,0.642,0.005,0.299,0.0,0.545,0.0
0.574,0.75,0.0,0.289,0.0,0.527,0.094,0.562,0.0
0.389,0.429,0.0,0.337,0.0,0.658,0.0,0.574,0.0
0.0,0.83,0.073,0.533,0.181,0.607,0.026,0.225,0.0
0.306,0.791,0.55,0.756,0.0,0.718,0.044,0.602,0.0
0.382,0.442,0.004,0.363,0.0,0.351,0.346,0.437,0.0
0.275,0.647,0.0,0.429,0.0,0.409,0.0,0.496,0.0
0.197,0.798,0.504,1.0,0.0,0.607,0.0,0.428,0.0
0.203,0.902,0.0,0.52,0.0,0.661,0.0,0.468,0.0
0.203,0.614,0.121,0.595,0.0,0.786,0.0,0.476,0.0
0.088,0.753,0.125,0.513,0.0,0.747,0.0,0.52,0.0
0.046,0.978,0.0,0.428,0.0,0.434,0.0,0.278,0.0
0.018,0.729,0.0,0.721,0.051,0.283,0.0,0.468,0.0
0.239,0.657,0.051,0.51,0.126,0.207,0.0,0.513,0.0
0.043,0.849,0.0,0.687,0.025,0.188,0.0,0.239,0.0
0.277,0.85,0.332,0.635,0.07,0.475,0.0,0.405,0.0
0.453,0.485,0.0,0.258,0.0,0.421,0.0,0.409,0.0
0.444,0.672,0.097,0.115,0.0,0.437,0.275,0.632,0.0
0.441,0.817,0.0,0.584,0.18,0.244,0.013,0.413,0.0
0.089,0.95,0.0,0.66,0.0,0.536,0.0,0.352,0.0
0.386,0.731,0.184,0.505,0.0,0.411,0.146,0.25,0.0
0.543,0.619,0.323,1.0,0.102,0.171,0.476,0.69,0.0
0.289,0.739,0.081,0.757,0.0,0.565,0.0,0.533,0.0
0.067,0.563,0.0,0.103,0.0,0.496,0.0,0.49,0.0
0.133,0.947,0.099,0.151,0.0,0.562,0.0,0.632,0.0
0.47,0.663,0.92,1.0,0.0,0.618,0.0,0.397,0.0
0.212,0.895,0.078,0.711,0.0,0.403,0.0,0.26,0.0
0.153,0.701,0.312,0.338,0.0,0.932,0.0,0.41,0.0
0.222,0.902,0.0,0.626,0.091,0.334,0.027,0.316,0.0
0.343,0.483,0.0,0.327,0.0,0.42,0.0,0.328,0.0
0.184,0.618,0.0,0.358,0.0,0.302,0.0,0.674,0.0
0.365,0.747,0.76,1.0,0.228,0.438,0.0,0.651,0.0
0.206,0.836,0.797,0.953,0.0,0.479,0.022,0.107,0.0
0.257,0.84,0.0,0.387,0.0,0.486,0.0,0.348,0.0
0.242,0.933,0.0,0.486,0.164,0.199,0.0,0.751,0.0
0.242,0.584,0.0,0.814,0.143,0.554,0.0,0.517,0.0
0.417,0.729,0.0,0.436,0.0,0.313,0.019,0.256,0.0
0.228,0.915,0.71,0.823,0.043,0.229,0.53,0.547,0.0
0.478,0.849,0.185,0.532,0.0,0.574,0.0,0.741,0.0
0.086,1.0,0.0,0.756,0.0,0.312,0.0,0.466,0.0
0.41,0.789,0.099,0.589,0.0,0.611,0.0,0.429,0.0
0.381,0.732,0.527,1.0,0.127,0.176,0.0,0.728,0.0
0.008,0.707,0.355,0.59,0.0,0.344,0.06,0.183,0.0
0.112,0.987,0.0,0.336,0.274,0.483,0.0,0.707,0.0
0.19,0.491,0.0,0.302,0.009,0.172,0.075,0.097,0.0
0.306,0.437,0.0,0.544,0.0,0.452,0.0,0.605,0.0
0.121,0.973,0.0,0.535,0.0,0.638,0.0,0.362,0.0
0.349,0.777,0.114,0.386,0.0,0.471,0.132,0.29,0.0
0.241,0.565,0.0,0.389,0.0,0.406,0.0,0.367,0.0
0.192,0.864,0.007,0.777,0.105,0.168,0.0,0.666,0.0
0.107,0.967,0.175,0.442,0.0,0.565,0.058,0.372,0.0
0.096,0.531,0.0,0.485,0.0,0.248,0.0,0.391,0.0
0.151,0.782,0.0,0.519,0.0,0.36,0.141,0.185,0.0
0.121,0.847,0.0,0.263,0.079,0.133,0.0,0.749,0.0
0.264,0.633,0.211,0.239,0.0,0.418,0.089,0.512,0.0
0.414,0.81,0.0,0.458,0.0,0.212,0.111,0.192,0.0
0.483,0.51,0.0,0.527,0.122,0.394,0.0,0.414,0.0
0.068,0.869,0.053,0.385,0.041,0.263,0.273,0.487,0.0
0.305,1.0,0.0,0.444,0.0,0.403,0.0,0.179,0.0
0.202,0.679,0.621,1.0,0.089,0.729,0.048,0.203,0.0
0.0,0.911,0.766,1.0,0.0,0.216,0.0,0.426,0.0
0.533,0.62,0.0,0.704,0.0,0.429,0.468,0.738,0.0
0.096,0.579,0.0,0.624,0.0,0.19,0.144,0.21,0.0
0.134,1.0,0.046,0.642,0.0,0.381,0.0,0.59,0.0
0.276,0.621,0.0,0.302,0.0,0.385,0.082,0.132,0.0
0.269,0.867,0.0,0.451,0.0,0.531,0.0,0.771,0.0
0.573,0.773,0.0,0.625,0.0,0.355,0.033,0.783,0.0
0.0,0.721,0.136,0.459,0.0,0.339,0.0,0.647,0.0
0.247,0.594,0.443,0.473,0.0,0.225,0.077,0.482,0.0
0.0,0.775,0.0,0.472,0.238,0.278,0.0,0.34,0.0
0.355,0.538,0.344,0.412,0.0,0.536,0.0,0.486,0.0
0.408,0.627,0.0,0.319,0.0,0.507,0.0,0.426,0.0
0.237,0.472,0.83,1.0,0.0,0.399,0.0,0.263,0.0
0.216,0.669,0.052,0.771,0.0,0.722,0.078,0.287,0.0
0.078,1.0,0.081,0.313,0.0,0.364,0.046,0.563,0.0
0.186,1.0,0.113,0.776,0.0,0.546,0.0,0.343,0.0
0.0,0.826,0.066,0.457,0.285,0.291,0.0,0.626,0.0
0.449,0.693,0.661,0.662,0.023,0.25,0.349,0.499,0.0
0.257,0.539,0.0,0.537,0.0,0.625,0.436,0.624,0.0
0.166,0.63,0.0,0.524,0.0,0.52,0.0,0.038,0.0
0.322,0.843,0.0,0.542,0.0,0.53,0.0,0.561,0.0
0.325,0.745,0.347,1.0,0.0,0.703,0.0,0.5,0.0
0.07,0.86,0.611,1.0,0.03,0.424,0.112,0.148,0.0
0.053,0.792,0.539,1.0,0.07,0.748,0.0,0.155,0.0
0.381,0.716,0.526,1.0,0.0,0.632,0.078,0.525,0.0
0.137,0.813,0.571,1.0,0.0,0.461,0.0,0.289,0.0
0.317,0.586,0.059,0.997,0.0,0.478,0.0,0.145,0.0
0.618,0.691,0.177,0.35,0.0,0.314,0.0,0.287,0.0
0.293,0.651,0.0,0.672,0.064,0.269,0.227,0.546,0.0
0.376,0.966,0.0,0.472,0.1,0.142,0.226,0.247,0.0
0.253,0.886,0.0,0.44,0.0,0.416,0.197,0.305,0.0
0.131,0.916,0.0,0.673,0.093,0.21,0.0,0.586,0.0
0.29,0.57,0.0,0.336,0.0,0.28,0.0,0.645,0.0
0.012,0.623,0.0,0.503,0.0,0.63,0.0,0.55,0.0
0.062,0.919,0.155,0.24,0.076,0.349,0.175,0.524,0.0
0.0,0.713,0.575,0.598,0.0,0.365,0.0,0.493,0.0
0.192,0.566,0.601,1.0,0.0,0.624,0.013,0.029,0.0
0.386,0.523,0.469,1.0,0.023,0.341,0.0,0.452,0.0
0.316,0.511,0.059,0.102,0.0,0.778,0.0,0.361,0.0
0.0,0.779,0.0,0.543,0.048,0.286,0.0,0.486,0.0
0.298,0.46,0.0,0.482,0.0,0.313,0.0,0.536,0.0
0.4,0.527,0.153,0.709,0.193,0.353,0.0,0.626,0.0
0.338,0.437,0.0,0.588,0.0,0.686,0.0,0.619,0.0
0.256,0.524,0.217,0.261,0.0,0.67,0.0,0.278,0.0
0.238,0.465,0.13,0.197,0.03,0.061,0.0,0.016,0.0
0.0,0.867,0.0,0.681,0.0,0.311,0.0,0.327,0.012518437
0.525,0.558,0.0,0.189,0.0,0.106,0.0,0.223,0.0
0.136,0.86,0.211,0.694,0.0,0.377,0.0,0.544,0.0
0.308,0.723,0.13,0.154,0.283,0.323,0.157,0.362,0.0
0.0,0.706,0.0,0.514,0.0,0.258,0.0,0.279,0.012518437
0.155,0.771,0.868,1.0,0.058,0.336,0.114,0.129,0.0
0.308,0.785,0.0,0.093,0.0,0.278,0.096,0.603,0.0
0.0,0.786,0.0,0.098,0.0,0.457,0.0,0.085,0.012518437
0.0,0.868,0.0,0.522,0.272,0.424,0.0,0.54,0.0
0.104,0.7,0.873,0.927,0.0,0.358,0.228,0.653,0.0
0.274,1.0,0.0,0.472,0.146,0.188,0.326,0.617,0.0
0.0,0.735,0.0,0.207,0.0,0.459,0.0,0.128,0.012518437
0.521,0.706,0.058,0.626,0.049,0.255,0.0,0.678,0.0
0.212,0.81,0.088,0.39,0.0,0.458,0.0,0.34,0.0
0.152,0.672,0.18,0.365,0.0,0.608,0.0,0.443,0.0
0.008,0.622,0.0,0.474,0.0,0.475,0.0,0.506,0.0
0.124,0.68,0.0,0.694,0.15,0.154,0.282,0.479,0.0
0.234,0.715,0.124,0.515,0.0,0.658,0.0,0.345,0.0
0.263,0.787,0.0,0.558,0.0,0.399,0.198,0.265,0.0
0.326,0.748,0.466,0.851,0.0,0.582,0.165,0.325,0.0
0.18,0.679,0.298,0.302,0.221,0.264,0.0,0.448,0.0
0.48,0.689,0.148,0.696,0.0,0.564,0.22,0.913,0.0
0.085,0.878,0.806,0.906,0.0,0.255,0.0,0.567,0.0
0.287,0.668,0.035,0.232,0.0,0.334,0.0,0.64,0.0
0.123,0.733,0.793,1.0,0.06,0.698,0.018,0.163,0.0
0.341,0.963,0.0,0.583,0.0,0.57,0.0,0.313,0.0
-0.0,0.859,0.309,0.552,0.0,0.208,0.0,0.344,0.0
0.349,0.383,0.0,0.409,0.181,0.182,0.0,0.692,0.0
0.056,0.908,0.487,1.0,0.0,0.278,0.0,0.468,0.0
0.247,0.705,0.935,1.0,0.0,0.694,0.0,0.387,0.0
0.472,0.587,0.0,0.278,0.166,0.167,0.0,0.219,0.0
0.276,0.768,0.139,0.673,0.0,0.36,0.288,0.346,0.0
0.369,0.429,0.0,0.495,0.023,0.674,0.0,0.7,0.0
0.572,0.692,0.17,0.352,0.0,0.642,0.119,0.371,0.0
0.213,0.889,0.201,0.377,0.268,0.339,0.018,0.196,0.0
0.168,0.862,0.0,0.555,0.246,0.36,0.015,0.504,0.0
0.41,0.706,0.575,0.659,0.0,0.279,0.0,0.552,0.0
0.451,0.722,0.461,1.0,0.162,0.262,0.0,0.146,0.0
0.524,0.604,0.272,0.667,0.11,0.406,0.041,0.518,0.0
0.234,0.609,0.138,0.362,0.0,0.395,0.0,0.133,0.0
0.0,0.899,0.358,1.0,0.0,0.569,0.0,0.513,0.0
0.462,0.608,0.734,0.9,0.028,0.154,0.0,0.637,0.0
0.346,0.842,0.207,0.293,0.0,0.479,0.488,0.758,0.0
0.243,0.632,0.103,0.414,0.0,0.405,0.0,0.489,0.0
0.181,0.705,0.0,0.798,0.006,0.539,0.0,0.194,0.0
0.0,0.781,0.0,0.244,0.0,0.348,0.0,0.455,0.012518437
0.221,0.84,0.138,0.646,0.0,0.431,0.041,0.234,0.0
0.413,0.52,0.0,0.433,0.0,0.514,0.0,0.79,0.0
0.011,0.982,0.0,0.759,0.0,0.479,0.206,0.45,0.0
0.447,0.65,0.194,1.0,0.0,0.718,0.0,0.722,0.0
0.369,0.813,0.286,1.0,0.069,0.356,0.0,0.822,0.0
0.445,0.704,0.0,0.463,0.0,0.687,0.0,0.538,0.0
0.35,0.789,0.254,1.0,0.0,0.434,0.0,0.871,0.0
0.034,0.682,0.0,0.622,0.0,0.441,0.0,0.056,0.0
0.063,0.798,0.0,0.307,0.013,0.503,0.0,0.346,0.0
0.212,0.708,0.0,0.167,0.087,0.126,0.0,0.214,0.0
0.278,0.772,0.174,1.0,0.0,0.195,0.0,0.364,0.0
0.214,0.634,0.0,0.794,0.0,0.738,0.0,0.252,0.0
0.26,0.623,0.0,0.734,0.0,0.511,0.0,0.581,0.0
0.239,0.903,0.651,0.832,0.191,0.234,0.273,0.644,0.0
0.379,0.699,0.0,0.252,0.0,0.604,0.036,0.251,0.0
0.136,0.947,0.084,0.31,0.0,0.57,0.163,0.551,0.0
0.275,0.57,0.224,0.454,0.043,0.866,0.0,0.523,0.0
0.236,0.569,0.055,0.601,0.207,0.43,0.0,0.478,0.0
0.191,0.568,0.0,0.477,0.0,0.498,0.0,0.573,0.0
0.057,0.985,0.185,0.792,0.207,0.248,0.017,0.35,0.0
0.117,0.747,0.862,0.888,0.101,0.627,0.0,0.247,0.0
0.0,0.854,0.086,0.681,0.139,0.557,0.0,0.339,0.0
0.4,0.693,0.313,1.0,0.0,0.193,0.111,0.192,0.0
0.009,0.902,0.0,0.702,0.0,0.423,0.0,0.47,0.0
0.148,0.919,0.485,0.671,0.0,0.545,0.0,0.658,0.0
0.379,0.937,0.023,0.305,0.225,0.32,0.245,0.632,0.0
0.275,0.939,0.147,0.815,0.143,0.22,0.0,0.516,0.0
0.02,0.808,0.0,0.49,0.0,0.442,0.0,0.159,0.0
0.0,0.741,0.019,0.214,0.0,0.511,0.0,0.261,0.0
0.0,0.868,0.0,0.446,0.025,0.52,0.0,0.55,0.0
0.223,0.507,0.0,0.919,0.064,0.24,0.0,0.277,0.0
0.052,0.751,0.0,0.4,0.0,0.457,0.0,0.36,0.0
0.218,0.868,0.0,0.414,0.0,0.513,0.055,0.408,0.0
0.229,0.474,0.978,0.989,0.172,0.191,0.0,0.351,0.0
0.43,0.655,0.504,1.0,0.0,0.674,0.0,0.515,0.0
0.234,0.906,0.0,0.398,0.0,0.573,0.174,0.329,0.0
0.141,1.0,0.688,1.0,0.0,0.551,0.0,0.511,0.0
0.167,0.946,0.637,1.0,0.0,0.703,0.0,0.734,0.0
0.333,0.619,0.705,1.0,0.0,0.654,0.0,0.5,0.0
0.091,0.831,0.0,0.523,0.078,0.195,0.0,0.525,0.0
0.219,0.779,0.0,0.537,0.178,0.247,0.0,0.559,0.0
0.318,0.59,0.0,0.231,0.0,0.553,0.0,0.442,0.0
0.489,0.719,0.0,0.336,0.061,0.061,0.0,0.063,0.0
0.051,1.0,0.0,0.695,0.026,0.095,0.0,0.779,0.0
0.217,0.999,0.0,0.299,0.013,0.259,0.0,0.381,0.0
0.373,0.872,0.0,0.703,0.0,0.493,0.0,0.549,0.0
0.438,0.835,0.0,0.606,0.0,0.273,0.016,0.447,0.0
0.31,0.704,0.694,1.0,0.0,0.4,0.0,0.551,0.0
0.28,0.729,0.11,0.935,0.0,0.511,0.0,0.28,0.0
0.233,0.782,0.8,1.0,0.0,0.397,0.0,0.719,0.0
0.07,1.0,0.0,0.381,0.0,0.397,0.0,0.331,0.0
0.353,0.692,0.64,0.672,0.0,0.219,0.0,0.448,0.0
0.248,0.851,0.443,1.0,0.0,0.204,0.0,0.531,0.0
0.0,0.92,0.1,0.494,0.0,0.457,0.034,0.103,0.0
0.211,0.912,0.347,0.697,0.0,0.571,0.043,0.128,0.0
0.338,0.491,0.0,0.206,0.0,0.633,0.0,0.338,0.0
0.45,0.611,0.503,1.0,0.0,0.348,0.106,0.562,0.0
0.094,0.841,0.201,0.794,0.0,0.668,0.0,0.442,0.0
0.36,0.594,0.0,0.529,0.0,0.512,0.061,0.227,0.0
0.507,0.803,0.439,0.688,0.0,0.233,0.104,0.899,0.0
0.215,0.625,0.841,1.0,0.0,0.319,0.0,0.077,0.0
0.094,0.849,0.0,0.355,0.0,0.56,0.317,0.484,0.0
0.53,0.784,0.3,0.6,0.0,0.191,0.118,0.139,0.0
0.039,0.974,0.0,0.592,0.382,0.587,0.0,0.426,0.0
0.194,0.868,0.556,0.877,0.0,0.669,0.0,0.337,0.0
0.189,1.0,0.0,0.786,0.019,0.344,0.0,0.473,0.0
0.0,0.888,0.452,1.0,0.016,0.196,0.104,0.632,0.0
0.621,0.662,0.51,0.713,0.092,0.241,0.041,0.567,0.0
0.254,0.506,0.0,0.342,0.0,0.373,0.0,0.372,0.0
0.503,0.531,0.064,0.202,0.0,0.774,0.0,0.385,0.0
0.087,1.0,0.188,0.785,0.0,0.617,0.188,0.42,0.0
0.225,1.0,0.727,0.895,0.0,0.13,0.151,0.457,0.0
0.546,0.623,0.221,0.985,0.208,0.307,0.233,0.769,0.0
0.28,0.783,0.0,0.776,0.0,0.673,0.009,0.251,0.0
0.138,0.688,0.096,0.371,0.0,0.59,0.0,0.537,0.0
0.297,0.355,0.059,0.379,0.0,0.457,0.0,0.559,0.0
0.297,0.852,0.646,0.915,0.11,0.194,0.329,0.787,0.0
0.398,0.695,0.24,0.383,0.003,0.21,0.0,0.46,0.0
0.543,0.796,0.178,0.522,0.0,0.546,0.248,0.35,0.0
0.203,0.74,0.0,0.424,0.0,0.544,0.277,0.525,0.0
0.084,0.837,0.627,1.0,0.0,0.593,0.0,0.139,0.0
0.301,0.748,0.0,0.334,0.0,0.534,0.01,0.168,0.0
0.402,0.647,0.0,0.515,0.094,0.269,0.0,0.385,0.0
0.547,0.659,0.0,0.207,0.334,0.394,0.009,0.205,0.0
0.194,1.0,0.093,0.369,0.0,0.479,0.051,0.472,0.0
0.137,0.975,0.074,0.332,0.0,0.682,0.0,0.263,0.0
0.138,1.0,0.0,0.554,0.0,0.362,0.0,0.751,0.0
0.098,0.854,0.0,0.521,0.0,0.64,0.0,0.593,0.0
0.065,0.717,0.208,0.236,0.0,0.547,0.0,0.446,0.0
0.205,0.68,0.0,0.493,0.157,0.176,0.026,0.217,0.0
0.205,0.536,0.0,0.559,0.0,0.358,0.0,0.252,0.0
0.309,0.75,0.0,0.639,0.0,0.51,-0.0,0.301,0.0
0.299,0.899,0.096,0.404,0.0,0.326,0.0,0.774,0.0
0.229,0.803,0.0,0.621,0.0,0.693,0.0,0.457,0.0
0.379,0.425,0.256,0.406,0.0,0.307,0.0,0.854,0.0
0.477,0.565,0.748,1.0,0.0,0.439,0.027,0.101,0.0
0.208,0.795,0.018,0.577,0.0,0.496,0.0,0.408,0.0
0.098,0.957,0.262,0.538,0.106,0.136,0.0,0.602,0.0
0.428,0.528,0.0,0.037,0.053,0.219,0.0,0.336,0.0
0.19,0.684,0.0,0.413,0.0,0.536,0.0,0.418,0.0
0.159,1.0,0.0,0.548,0.0,0.386,0.166,0.352,0.0
0.285,0.824,0.703,0.885,0.0,0.557,0.0,0.505,0.0
0.208,0.744,0.077,0.673,0.0,0.064,0.082,0.222,0.0
0.021,0.772,0.0,0.461,0.0,0.328,0.0,0.415,0.0
0.437,0.735,0.532,0.768,0.0,0.385,0.0,0.424,0.0
0.307,0.52,0.294,0.494,0.0,0.404,0.0,0.185,0.0
0.51,0.587,0.0,0.387,0.287,0.319,0.0,0.531,0.0
0.253,0.953,0.144,0.184,0.109,0.133,0.153,0.304,0.0
0.42,0.609,0.041,0.647,0.0,0.696,0.0,0.35,0.0
0.049,0.666,0.144,0.8,0.0,0.551,0.119,0.124,0.0
0.269,0.606,0.118,0.62,0.0,0.66,0.0,0.459,0.0
0.502,0.509,0.792,1.0,0.0,0.717,0.0,0.556,0.0
0.256,1.0,0.854,0.958,0.0,0.477,0.34,0.734,0.0
0.361,0.62,0.0,0.433,0.0,0.644,0.0,0.636,0.0
0.293,0.342,0.0,0.426,0.093,0.21,0.0,0.534,0.0
0.07,0.807,0.247,0.459,0.0,0.617,0.0,0.251,0.0
0.263,0.834,0.0,0.391,0.176,0.43,0.078,0.21,0.0
0.525,0.758,0.003,0.324,0.271,0.366,0.067,0.978,0.0
0.242,0.794,0.109,0.175,0.0,0.438,0.0,0.515,0.0
0.26,0.835,0.0,0.318,0.0,0.464,0.0,0.403,0.0
0.216,0.744,0.41,1.0,0.0,0.487,0.172,0.175,0.0
0.261,0.82,0.202,1.0,0.214,0.513,0.117,0.455,0.0
0.197,0.895,0.008,0.615,0.0,0.445,0.0,0.535,0.0
0.282,0.785,0.0,0.4,0.0,0.456,0.0,0.197,0.0
0.456,0.522,0.0,0.107,0.0,0.494,0.185,0.288,0.0
0.003,0.822,0.294,0.489,0.162,0.353,0.0,0.301,0.0
0.394,0.762,0.0,0.52,0.03,0.545,0.0,0.535,0.0
0.368,0.694,0.487,1.0,0.085,0.187,0.0,0.614,0.0
0.159,0.531,0.701,1.0,0.164,0.261,0.0,0.402,0.0
0.141,0.75,0.144,0.234,0.0,0.301,0.0,0.4,0.0
0.307,0.836,0.0,0.187,0.0,0.276,0.139,0.323,0.0
0.154,0.482,0.028,0.256,0.0,0.58,0.0,0.113,0.0
0.233,1.0,0.0,0.509,0.0,0.58,0.051,0.209,0.0
0.127,0.699,0.591,1.0,0.0,0.515,0.0,0.175,0.0
0.193,1.0,0.0,0.758,0.0,0.375,0.178,0.406,0.0
0.414,0.614,0.0,0.282,0.013,0.23,0.0,0.448,0.0
0.115,0.541,0.0,0.753,0.0,0.517,0.0,0.684,0.0
0.121,0.689,0.0,0.248,0.0,0.222,0.109,0.38,0.0
0.239,0.644,0.0,0.803,0.041,0.626,0.0,0.22,0.0
0.4,0.746,0.071,0.856,0.081,0.434,0.0,0.894,0.0
0.404,0.672,0.0,0.162,0.0,0.516,0.0,0.409,0.0
0.339,0.975,0.0,0.545,0.0,0.695,0.0,0.489,0.0
0.589,0.638,0.02,0.664,0.0,0.306,0.0,0.612,0.0
0.317,0.981,0.26,1.0,0.0,0.485,0.543,0.646,0.0
0.111,0.815,0.942,0.992,0.0,0.594,0.0,0.455,0.0
0.451,0.699,0.397,1.0,0.0,0.413,0.428,0.689,0.0
0.242,0.517,0.581,1.0,0.0,0.721,0.0,0.417,0.0
0.105,1.0,0.86,1.0,0.0,0.504,0.104,0.325,0.0
0.205,0.873,0.0,0.567,0.0,0.633,0.106,0.152,0.0
0.353,0.472,0.0,0.623,0.0,0.599,0.0,0.497,0.0
0.146,1.0,0.248,0.447,0.0,0.542,0.0,0.726,0.0
0.291,0.787,0.155,0.289,0.0,0.602,0.0,0.682,0.0
0.187,1.0,0.0,0.695,0.046,0.318,0.0,0.532,0.0
0.473,0.666,0.602,1.0,0.0,0.396,0.0,0.076,0.0
0.282,0.433,0.401,0.544,0.0,0.364,0.0,0.522,0.0
0.071,1.0,0.869,1.0,0.155,0.179,0.054,0.255,0.0
0.229,0.685,0.007,0.443,0.133,0.292,0.0,0.483,0.0
0.474,0.694,0.092,0.753,0.0,0.604,0.361,0.773,0.0
0.0,0.851,0.369,0.931,0.0,0.283,0.0,0.503,0.0
0.118,1.0,0.0,0.588,0.0,0.441,0.0,0.566,0.0
0.471,0.623,0.0,0.436,0.244,0.301,0.073,0.188,0.0
0.213,0.883,0.101,0.377,0.0,0.37,0.165,0.205,0.0
0.468,0.602,0.125,0.597,0.052,0.191,0.0,0.411,0.0
0.542,0.624,0.197,0.336,0.0,0.555,0.0,0.566,0.0
0.027,0.989,0.602,1.0,0.174,0.281,0.0,0.593,0.0
0.122,0.997,0.279,1.0,0.0,0.676,0.0,0.59,0.0
0.0,0.835,0.838,1.0,0.0,0.605,0.0,0.434,0.0
0.561,0.801,0.0,0.693,0.109,0.376,0.0,0.896,0.0
0.436,0.801,0.075,0.331,0.0,0.619,0.0,0.583,0.0
0.189,1.0,0.041,0.459,0.0,0.492,0.0,0.61,0.0
0.425,0.46,0.101,0.254,0.0,0.648,0.004,0.469,0.0
0.123,0.778,0.176,0.712,0.0,0.614,0.0,0.516,0.0
0.112,0.774,0.0,0.624,0.112,0.281,0.072,0.43,0.0
0.368,0.94,0.217,1.0,0.0,0.218,0.366,0.737,0.0
0.596,0.692,0.122,0.35,0.0,0.409,0.0,0.319,0.0
0.449,0.742,0.315,0.685,0.0,0.242,0.0,0.664,0.0
0.116,0.933,0.474,0.626,0.0,0.256,0.0,0.104,0.0
0.15,0.687,0.0,0.666,0.066,0.237,0.0,0.227,0.0
0.136,0.97,0.094,0.694,0.0,0.237,0.0,0.006,0.0
0.282,0.791,0.107,0.449,0.0,0.389,0.0,0.222,0.0
0.332,0.433,0.136,0.469,0.082,0.342,0.0,0.564,0.0
0.302,0.854,0.0,0.083,0.451,0.489,0.0,0.331,0.0
0.55,0.737,0.136,0.331,0.093,0.119,0.173,0.265,0.0
0.47,0.472,0.0,0.461,0.0,0.514,0.0,0.329,0.0
0.453,0.767,0.0,0.039,0.0,0.344,0.0,0.526,0.0
0.0,0.808,0.114,0.17,0.0,0.37,0.0,0.139,0.0
0.578,0.621,0.173,0.515,0.094,0.27,0.0,0.307,0.0
0.197,0.858,0.241,0.559,0.086,0.156,0.004,0.296,0.0
0.185,0.933,0.0,0.708,0.072,0.17,0.0,0.489,0.0
0.462,0.574,0.92,1.0,0.0,0.691,0.0,0.17,0.0
0.27,0.8,0.58,0.986,0.0,0.609,0.0,0.285,0.0
0.438,0.477,0.0,0.229,0.0,0.509,0.0,0.69,0.0
0.359,0.819,0.355,0.923,0.0,0.708,0.048,0.768,0.0
0.153,0.93,0.0,0.163,0.0,0.277,0.231,0.328,0.0
0.433,0.758,0.247,0.753,0.009,0.113,0.155,0.242,0.0
0.125,0.759,0.083,0.562,0.037,0.236,0.0,0.565,0.0
0.171,0.755,0.723,1.0,0.0,0.524,0.0,0.322,0.0
0.494,0.6,0.704,0.796,0.0,0.373,0.0,0.246,0.0
0.151,1.0,0.0,0.483,0.0,0.532,0.0,0.696,0.0
0.059,0.92,0.187,0.435,0.058,0.185,0.157,0.233,0.0
0.363,0.74,0.204,0.968,0.0,0.456,0.0,0.604,0.0
0.14,0.979,0.012,0.511,0.0,0.313,0.292,0.375,0.0
0.116,0.762,0.0,0.83,0.079,0.467,0.0,0.245,0.0
0.444,0.577,0.0,0.669,0.0,0.388,0.0,0.518,0.0
0.149,0.736,0.0,0.406,0.178,0.216,0.22,0.283,0.0
0.597,0.657,0.683,1.0,0.0,0.274,0.0,0.3,0.0
0.559,0.784,0.473,1.0,0.005,0.146,0.0,0.283,0.0
0.123,0.86,0.0,0.562,0.0,0.507,0.0,0.704,0.0
0.011,0.982,0.871,0.923,0.0,0.646,0.0,0.264,0.0
0.3,0.799,0.0,0.342,0.0,0.772,0.0,0.712,0.0
0.477,0.613,0.0,0.779,0.0,0.539,0.238,0.304,0.0
0.053,1.0,0.499,1.0,0.0,0.684,0.0,0.478,0.0
0.0,0.882,0.311,0.422,0.0,0.428,0.0,0.391,0.0
0.268,0.784,0.536,0.942,0.0,0.527,0.0,0.14,0.0
0.135,0.725,0.0,0.397,0.0,0.2,0.0,0.131,0.0
0.183,0.797,0.412,1.0,0.149,0.275,0.0,0.135,0.0
0.132,1.0,0.0,0.736,0.0,0.418,0.0,0.385,0.0
0.317,0.836,0.304,1.0,0.0,0.543,0.476,0.488,0.0
0.167,1.0,0.267,1.0,0.0,0.54,0.052,0.235,0.0
0.331,0.47,0.0,0.065,0.0,0.554,0.0,0.668,0.0
0.0,0.967,0.0,0.493,0.0,0.284,0.0,0.315,0.012518437
0.299,0.857,0.547,0.753,0.152,0.485,0.0,0.523,0.0
0.368,0.819,0.445,1.0,0.107,0.347,0.059,0.132,0.0
0.246,0.799,0.686,0.864,0.0,0.488,0.0,0.591,0.0
0.43,0.69,0.133,0.734,0.0,0.247,0.211,0.539,0.0
0.209,1.0,0.0,0.642,0.0,0.419,0.0,0.442,0.0
0.073,0.688,0.0,0.396,0.0,0.557,0.003,0.058,0.0
0.01,0.884,0.0,0.448,0.11,0.224,0.0,0.77,0.0
0.394,0.856,0.0,0.409,0.046,0.438,0.02,0.436,0.0
0.453,0.603,0.0,0.462,0.0,0.376,0.0,0.471,0.0
0.163,0.805,0.828,1.0,0.0,0.744,0.016,0.562,0.0
0.374,0.496,0.01,0.451,0.0,0.371,0.002,0.395,0.0
0.287,0.495,0.011,0.434,0.0,0.381,0.0,0.274,0.0
0.139,0.985,0.056,0.205,0.0,0.291,0.0,0.731,0.0
0.0,0.871,0.0,0.819,0.0,0.591,0.0,0.535,0.012518437
0.22,0.968,0.0,0.791,0.0,0.21,0.474,0.86,0.0
0.079,1.0,0.603,1.0,0.0,0.608,0.0,0.357,0.0
0.534,0.595,0.269,1.0,0.0,0.812,0.114,0.408,0.0
0.518,0.599,0.14,1.0,0.0,0.318,0.0,0.735,0.0
0.269,0.789,-0.0,0.278,0.0,0.642,0.0,0.207,0.0
0.356,0.504,0.0,0.599,0.0,0.724,0.0,0.429,0.0
0.036,1.0,0.0,0.76,0.0,0.449,0.0,0.377,0.0
0.363,0.492,0.049,0.162,0.0,0.63,0.0,0.338,0.0
0.164,0.686,0.217,0.478,0.067,0.782,0.022,0.073,0.0
0.385,0.683,0.658,0.703,0.0,0.444,0.0,0.5,0.0
0.215,0.89,0.0,0.568,0.0,0.614,0.0,0.16,0.0
0.389,0.447,0.0,0.573,0.0,0.592,0.0,0.543,0.0
0.0,0.852,0.0,0.698,0.0,0.477,0.0,0.413,0.012518437
0.272,1.0,0.16,0.429,0.0,0.364,0.273,0.487,0.0
0.277,0.517,0.122,0.394,0.045,0.319,0.0,0.743,0.0
0.366,0.684,0.14,1.0,0.0,0.328,0.0,0.477,0.0
0.171,0.74,0.096,0.281,0.04,0.051,0.082,0.391,0.0
0.327,0.52,0.007,0.043,0.087,0.549,0.0,0.399,0.0
0.275,1.0,0.199,0.239,0.0,0.426,0.067,0.236,0.0
0.351,0.671,0.147,1.0,0.0,0.693,0.027,0.283,0.0
0.543,0.594,0.0,0.43,0.081,0.252,0.318,0.374,0.0
0.624,0.626,0.0,0.186,0.0,0.481,0.0,0.34,0.0
0.325,0.778,0.211,0.389,0.075,0.197,0.0,0.333,0.0
0.444,0.83,0.012,0.254,0.0,0.501,0.0,0.556,0.0
0.439,0.537,0.0,0.271,0.0,0.625,0.0,0.502,0.0
0.193,1.0,0.157,0.243,0.0,0.569,0.09,0.509,0.0
0.215,0.455,0.09,0.288,0.0,0.434,0.0,0.618,0.0
0.145,0.777,0.0,0.387,0.0,0.402,0.0,0.504,0.0
0.122,0.958,0.748,0.852,0.0,0.592,0.0,0.503,0.0
0.302,0.759,0.294,0.356,0.129,0.326,0.0,0.349,0.0
0.36,0.501,0.0,0.777,0.194,0.29,0.0,0.379,0.0
0.13,1.0,0.078,1.0,0.0,0.509,0.0,0.455,0.0
0.0,0.874,0.076,0.191,0.0,0.545,0.082,0.434,0.0
0.443,0.867,0.025,0.503,0.0,0.291,0.0,0.381,0.0
0.154,0.985,0.072,0.767,0.0,0.85,0.0,0.234,0.0
0.515,0.845,0.047,0.569,0.062,0.18,0.007,0.792,0.0
0.136,0.946,0.0,0.374,0.0,0.242,0.0,0.438,0.0
0.524,0.726,0.348,0.825,0.142,0.373,0.027,0.581,0.0
0.226,0.483,0.0,0.55,0.081,0.192,0.0,0.564,0.0
0.403,0.453,0.751,1.0,0.117,0.641,0.0,0.585,0.0
0.253,0.67,0.094,0.14,0.0,0.209,0.275,0.36,0.0
0.079,0.768,0.113,0.648,0.271,0.275,0.0,0.507,0.0
0.206,0.93,0.0,0.261,0.009,0.537,0.0,0.133,0.0
0.141,0.719,0.152,0.548,0.0,0.377,0.0,0.462,0.0
0.478,0.682,0.095,0.511,0.0,0.49,0.167,0.999,0.0
0.504,0.666,0.6,1.0,0.0,0.528,0.053,0.294,0.0
0.095,0.653,0.0,0.359,0.0,0.513,0.0,0.516,0.0
0.032,0.897,0.179,0.372,0.0,0.429,0.0,0.153,0.0
0.518,0.68,0.0,0.116,0.003,0.088,0.102,0.252,0.0
0.304,0.491,0.0,0.737,0.143,0.22,0.218,0.513,0.0
0.021,0.96,0.0,0.675,0.0,0.617,0.293,0.406,0.0
0.509,0.844,0.297,0.803,0.03,0.151,0.0,0.749,0.0
0.107,0.776,0.0,0.318,0.0,0.55,0.0,0.495,0.0
0.097,0.96,0.0,0.614,0.0,0.508,0.0,0.252,0.0
0.4,0.896,0.61,1.0,0.0,0.657,0.157,1.0,0.0
0.048,1.0,0.004,0.552,0.0,0.514,0.0,0.454,0.0
0.246,0.614,0.0,0.848,0.0,0.477,0.0,0.658,0.0
0.326,0.514,0.0,0.496,0.0,0.319,0.0,0.379,0.0
0.301,0.78,0.337,1.0,0.025,0.702,0.0,0.574,0.0
0.042,0.71,0.045,0.705,0.069,0.113,0.0,0.433,0.0
0.41,0.549,0.513,1.0,0.123,0.664,0.0,0.513,0.0
0.541,0.757,0.013,0.426,0.0,0.383,0.089,0.215,0.0
0.086,0.734,0.0,0.521,0.0,0.667,0.0,0.266,0.0
0.462,0.615,0.0,0.427,0.0,0.571,0.0,0.331,0.0
0.35,0.693,0.124,0.854,0.021,0.433,0.0,0.367,0.0
0.082,1.0,0.097,0.27,0.0,0.705,0.0,0.437,0.0
0.332,0.566,0.0,0.815,0.0,0.523,0.0,0.291,0.0
0.405,0.51,0.0,0.589,0.124,0.967,0.0,0.482,0.0157031
0.433,0.627,0.239,0.411,0.0,0.6,0.121,0.13,0.0
0.416,0.683,0.0,0.314,0.377,0.381,0.0,0.576,0.0
0.127,0.918,0.494,0.918,0.0,0.256,0.0,0.48,0.0
0.147,1.0,0.064,0.674,0.0,0.373,0.0,0.495,0.0
0.0,0.929,0.0,0.5,0.098,0.236,0.005,0.484,0.0
0.251,0.741,0.577,1.0,0.0,0.432,0.0,0.369,0.0
0.337,0.47,0.299,0.435,0.085,0.278,0.0,0.342,0.0
0.524,0.668,0.195,0.578,0.168,0.225,0.0,0.239,0.0
0.254,0.64,0.0,0.667,0.0,0.205,0.0,0.42,0.0
0.209,0.976,0.526,1.0,0.0,0.472,0.143,0.347,0.0
0.453,0.647,0.0,0.496,0.0,0.261,0.0,0.495,0.0
0.446,0.453,0.267,0.449,0.0,0.66,0.0,0.434,0.0
0.057,1.0,0.0,0.085,0.161,0.172,0.0,0.147,0.0
0.159,0.659,0.31,0.352,0.0,0.285,0.0,0.288,0.0
0.319,0.659,0.0,0.373,0.0,0.513,0.0,0.601,0.0
0.362,0.617,0.0,0.4,0.062,0.331,0.117,0.355,0.0
0.392,0.492,0.226,0.418,0.0,0.462,0.0,0.393,0.0
0.164,1.0,0.598,1.0,0.111,0.132,0.185,0.673,0.0
0.204,1.0,0.12,1.0,0.0,0.383,0.264,0.738,0.0
0.214,0.853,0.525,0.837,0.0,0.544,0.0,0.334,0.0
0.307,1.0,0.092,0.37,0.0,0.594,0.039,0.485,0.0
0.225,0.858,0.539,0.572,0.0,0.551,0.0,0.41,0.0
0.549,0.601,0.0,0.288,0.011,0.413,0.075,0.321,0.0
0.489,0.76,0.955,1.0,0.0,0.645,0.0,0.658,0.0
0.202,0.447,0.0,0.551,0.0,0.518,0.0,0.271,0.0
0.131,1.0,0.0,0.675,0.0,0.592,0.079,0.225,0.0
0.29,0.69,0.563,1.0,0.0,0.635,0.0,0.387,0.0
0.112,0.631,0.0,0.583,0.0,0.477,0.0,0.388,0.0
0.075,0.88,0.251,0.4,0.0,0.485,0.0,0.205,0.0
0.179,1.0,0.0,0.581,0.0,0.583,0.071,0.713,0.0
0.216,0.821,0.67,1.0,0.0,0.711,0.0,0.314,0.0
0.348,0.902,0.0,0.525,0.0,0.667,0.0,0.807,0.0
0.116,0.791,0.0,0.413,0.0,0.923,0.0,0.629,0.0
0.005,0.68,0.028,0.45,0.017,0.195,0.0,0.372,0.0
0.438,0.654,0.094,0.373,0.0,0.069,0.0,0.021,0.0
0.227,0.87,0.461,0.845,0.0,0.756,0.0,0.802,0.0
0.303,0.775,0.156,0.4,0.0,0.668,0.0,0.634,0.0
0.589,0.763,0.002,0.636,0.0,0.164,0.0,0.706,0.0
0.182,1.0,0.067,0.183,0.0,0.736,0.121,0.205,0.0
0.06,1.0,0.576,1.0,0.0,0.474,0.0,0.396,0.0
0.164,0.712,0.0,0.828,0.0,0.384,0.0,0.335,0.0
0.547,0.605,0.31,1.0,0.0,0.476,0.325,0.639,0.0
0.049,0.623,0.312,0.515,0.0,0.129,0.0,0.468,0.0
0.376,0.631,0.082,0.918,0.0,0.413,0.027,0.11,0.0
0.162,0.895,0.112,0.472,0.0,0.412,0.12,0.264,0.0
0.347,0.556,0.346,0.66,0.064,0.239,0.0,0.359,0.0
0.021,0.875,0.49,1.0,0.0,0.469,0.0,0.447,0.0
0.516,0.767,0.0,0.382,0.113,0.523,0.347,0.698,0.0
0.075,0.82,0.0,0.612,0.0,0.285,0.0,0.082,0.0
0.299,0.773,0.0,0.078,0.0,0.665,0.078,0.751,0.0
0.142,0.796,0.0,0.555,0.0,0.46,0.0,0.449,0.0
0.175,0.822,0.0,0.453,0.001,0.424,0.0,0.153,0.0
0.158,0.821,0.475,1.0,0.0,0.704,0.0,0.338,0.0
0.192,1.0,0.0,0.528,0.0,0.287,0.263,0.664,0.0
0.265,0.814,0.0,0.496,0.128,0.206,0.0,0.089,0.0
0.287,0.676,0.002,0.399,0.0,0.749,0.0,0.268,0.0
0.276,0.651,0.0,0.437,0.413,0.466,0.0,0.715,0.0
0.136,0.839,0.0,0.198,0.0,0.531,0.0,0.535,0.0
0.569,0.767,0.0,0.524,0.002,0.332,0.074,0.449,0.0
0.264,0.908,0.673,0.732,0.0,0.44,0.0,0.473,0.0
0.317,0.951,0.0,0.434,0.08,0.405,0.0,0.267,0.0
0.097,0.993,0.718,0.82,0.0,0.427,0.288,0.337,0.0
0.0,0.792,0.409,0.418,0.0,0.115,0.085,0.371,0.0
0.419,0.556,0.602,1.0,0.0,0.862,0.156,0.459,0.0
0.526,0.693,0.218,0.498,0.0,0.244,0.15,0.734,0.0
0.07,0.845,0.0,0.314,0.0,0.713,0.135,0.354,0.0
0.3,1.0,0.0,0.444,0.0,0.433,0.0,0.784,0.0
0.069,1.0,0.0,0.354,0.097,0.115,0.0,0.104,0.0
0.331,0.616,0.0,0.67,0.147,1.0,0.0,0.352,0.03287156
0.235,0.562,0.006,0.111,0.018,0.376,0.117,0.943,0.0
0.12,1.0,0.0,0.625,0.0,0.286,0.0,0.256,0.0
0.345,0.877,0.041,0.093,0.088,0.427,0.17,0.773,0.0
0.319,0.773,0.716,1.0,0.048,0.224,0.0,0.326,0.0
0.14,0.745,0.0,0.62,0.0,0.848,0.0,0.564,0.0
0.337,0.41,0.0,0.597,0.0,0.297,0.029,0.307,0.0
0.225,0.914,0.545,1.0,0.0,0.323,0.0,0.184,0.0
0.34,0.364,0.163,0.164,0.0,0.345,0.0,0.463,0.0
0.068,0.823,0.105,0.122,0.0,0.769,0.0,0.504,0.0
0.0,0.903,0.0,0.534,0.176,0.581,0.17,0.176,0.0
0.275,0.735,0.0,0.41,0.125,0.33,0.081,0.194,0.0
0.123,0.73,0.0,0.41,0.057,0.7,0.0,0.477,0.0
0.074,0.849,0.0,0.291,0.0,0.434,0.136,0.366,0.0
0.449,0.521,0.102,0.425,0.0,0.423,0.0,0.578,0.0
0.175,0.909,0.452,0.659,0.0,0.585,0.0,0.461,0.0
0.184,0.788,0.047,0.353,0.066,0.389,0.0,0.446,0.0
0.267,0.829,0.0,0.415,0.0,0.38,0.0,0.162,0.0
0.374,0.574,0.052,0.315,0.0,0.77,0.0,0.465,0.0
0.211,0.615,0.749,1.0,0.074,0.108,0.0,0.126,0.0
0.206,0.952,0.0,0.386,0.143,0.524,0.068,0.235,0.0
0.434,0.728,0.0,0.433,0.022,0.341,0.114,0.693,0.0
0.208,0.934,0.662,0.705,0.107,0.165,0.399,0.695,0.0
0.0,0.949,0.0,0.413,0.013,0.897,0.0,0.294,0.0
0.432,0.65,0.0,0.317,0.0,0.55,0.073,0.082,0.0
0.522,0.808,0.039,0.522,0.0,0.432,0.0,0.846,0.0
0.359,0.751,0.0,0.211,0.0,0.171,0.171,0.589,0.0
0.4,0.954,0.109,0.641,0.0,0.456,0.045,0.268,0.0
0.207,1.0,0.132,0.163,0.0,0.396,0.0,0.149,0.0
0.27,0.908,0.319,0.958,0.0,0.566,0.01,0.806,0.0
0.224,0.706,0.0,0.494,0.0,0.846,0.0,0.455,0.0
0.215,0.892,0.068,0.721,0.0,0.287,0.0,0.417,0.0
0.344,0.855,0.0,0.695,0.0,0.611,0.0,0.108,0.0
0.0,0.934,0.143,0.246,0.316,0.774,0.0,0.237,0.0
0.267,0.675,0.0,0.394,0.0,0.639,0.0,0.216,0.0
0.05,0.898,0.14,0.282,0.303,0.879,0.0,0.574,0.0
0.295,1.0,0.2,0.339,0.094,0.209,0.095,0.361,0.0
0.11,0.882,0.141,0.182,0.0,0.311,0.0,0.501,0.0
0.014,0.628,0.0,0.594,0.0,0.281,0.026,0.06,0.0
0.283,0.744,0.0,0.441,0.094,0.148,0.104,0.304,0.0
0.494,0.658,0.035,0.437,0.0,0.167,0.314,0.892,0.0
0.169,0.5,0.302,0.537,0.0,0.363,0.0,0.44,0.0
0.142,1.0,0.06,0.657,0.0,0.131,0.261,0.623,0.0
0.501,0.642,0.12,0.196,0.0,0.648,0.0,0.286,0.0
0.307,0.567,0.017,0.478,0.0,0.559,0.081,0.753,0.0
0.365,0.871,0.09,0.676,0.0,0.55,0.138,0.245,0.0
0.612,0.708,0.069,0.204,0.0,0.436,0.173,0.506,0.0
0.0,0.79,0.0,0.678,0.148,0.276,0.0,0.482,0.0
0.027,0.877,0.0,0.333,0.095,0.663,0.0,0.449,0.0
0.268,0.97,0.122,0.151,0.189,0.236,0.021,0.326,0.0
0.358,0.379,0.0,0.363,0.006,0.054,0.106,0.113,0.0
0.351,0.815,0.722,0.983,0.029,0.243,0.0,0.45,0.0
0.444,0.819,0.0,0.465,0.0,0.423,0.0,0.471,0.0
0.269,0.733,0.0,0.381,0.0,0.25,0.0,0.435,0.0
0.262,1.0,0.0,0.604,0.131,0.506,0.343,0.702,0.0
0.391,0.482,0.0,0.449,0.451,0.549,0.0,0.293,0.0
0.047,0.851,0.199,0.518,0.0,0.536,0.0,0.49,0.0
0.52,0.589,0.455,1.0,0.0,0.603,0.0,0.331,0.0
0.092,0.823,0.0,0.593,0.121,0.304,0.076,0.079,0.0
0.296,1.0,0.0,0.553,0.0,0.451,0.275,0.374,0.0
0.284,0.654,0.0,0.725,0.0,0.429,0.0,0.53,0.0
0.133,1.0,0.0,0.45,0.0,0.589,0.0,0.54,0.0
0.367,0.569,0.0,0.347,0.02,0.284,0.105,0.541,0.0
0.548,0.831,0.052,0.098,0.0,0.489,0.607,0.821,0.0
0.571,0.769,0.61,0.879,0.009,0.172,0.0,0.566,0.0
0.0,0.739,0.007,0.276,0.0,0.436,0.0,0.091,0.0
0.29,0.773,0.773,1.0,0.0,0.406,0.0,0.736,0.0
0.305,0.887,0.212,0.561,0.074,0.32,0.0,0.115,0.0
0.0,0.885,0.0,0.828,0.0,0.219,0.0,0.481,0.012518437
0.187,0.988,0.0,0.346,0.0,0.763,0.252,0.509,0.0
0.272,0.584,0.227,0.423,0.284,0.323,0.158,0.189,0.0
0.425,0.798,0.0,0.715,0.0,0.461,0.0,0.424,0.0
0.173,0.786,0.0,0.762,0.204,0.371,0.0,0.452,0.0
0.0,0.906,0.159,0.23,0.264,0.675,0.0,0.384,0.0
0.128,0.638,0.072,0.945,0.172,0.646,0.0,0.536,0.0
0.384,0.985,0.85,0.972,0.0,0.111,0.0,0.642,0.0
0.112,0.715,0.366,0.423,0.092,0.211,0.0,0.496,0.0
0.058,1.0,0.0,0.688,0.0,0.677,0.0,0.619,0.0
0.03,1.0,0.0,0.433,0.0,0.341,0.0,0.236,0.0
0.171,1.0,0.458,1.0,0.0,0.638,0.134,0.635,0.0
0.401,0.582,0.002,0.454,0.0,0.613,0.126,0.33,0.0
0.008,0.955,0.0,0.612,0.0,0.591,0.0,0.322,0.0
0.273,0.361,0.015,0.335,0.114,0.189,0.0,0.589,0.0
0.457,0.745,0.056,0.871,0.201,0.344,0.017,0.12,0.0
0.228,0.629,0.0,0.421,0.0,0.489,0.0,0.402,0.0
0.365,0.56,0.727,1.0,0.0,0.701,0.0,0.424,0.0
0.484,0.584,0.47,0.892,0.0,0.21,0.0,0.171,0.0
0.413,0.964,0.101,0.249,0.0,0.247,0.199,0.592,0.0
0.21,1.0,0.261,1.0,0.0,0.512,0.185,0.205,0.0
0.101,0.646,0.986,0.991,0.0,0.612,0.0,0.442,0.0
0.552,0.685,0.0,0.769,0.0,0.652,0.0,0.498,0.0
0.064,0.781,0.0,0.478,0.202,0.282,0.0,0.246,0.0
0.36,0.524,0.158,0.664,0.0,0.713,0.147,0.218,0.0
0.407,0.661,0.0,0.545,0.0,0.631,0.0,0.502,0.0
0.376,0.497,0.141,0.254,0.48,0.52,0.0,0.179,0.0
0.443,0.65,0.0,0.553,0.103,0.261,0.0,0.572,0.0
0.232,0.855,0.0,0.361,0.0,0.509,0.0,0.606,0.0
0.662,0.707,0.489,1.0,0.0,0.13,0.0,0.647,0.0
0.425,0.497,0.0,0.169,0.0,0.422,0.0,0.432,0.0
0.167,0.777,0.0,0.721,0.109,0.224,0.0,0.863,0.0
0.155,0.88,0.18,0.454,0.206,0.279,0.0,0.566,0.0
0.016,0.871,0.0,0.448,0.0,0.838,0.0,0.558,0.0
0.273,0.679,0.014,0.43,0.117,0.944,0.0,0.481,0.011659749
0.035,1.0,0.281,1.0,0.0,0.207,0.0,0.569,0.0
0.216,0.671,0.037,0.757,0.0,0.692,0.0,0.408,0.0
0.107,0.988,0.0,0.454,0.0,0.344,0.0,0.252,0.0
0.048,0.715,0.113,0.414,0.0,0.63,0.327,0.366,0.0
0.232,0.959,0.407,1.0,0.0,0.764,0.234,0.535,0.0
0.023,0.88,0.297,0.709,0.0,0.326,0.0,0.416,0.0
0.175,0.772,0.0,0.363,0.117,0.429,0.0,0.389,0.0
0.111,0.944,0.033,0.545,0.0,0.545,0.273,0.286,0.0
0.187,0.621,0.0,0.62,0.138,0.286,0.124,0.179,0.0
0.0,0.776,0.067,0.456,0.0,0.719,0.074,0.296,0.0
0.334,0.809,0.0,0.5,0.0,0.765,0.038,0.219,0.0
0.2,1.0,0.0,0.253,0.0,0.465,0.0,0.484,0.0
0.293,0.645,0.036,0.597,0.0,0.501,0.0,0.22,0.0
0.462,0.785,0.086,0.281,0.114,0.129,0.0,0.645,0.0
0.438,0.699,0.0,0.446,0.0,0.655,0.0,0.249,0.0
0.429,0.52,0.041,0.043,0.115,0.278,0.0,0.36,0.0
0.284,0.736,0.918,1.0,0.12,0.243,0.0,0.147,0.0
0.157,0.937,0.0,0.391,0.0,0.526,0.0,0.718,0.0
0.117,1.0,0.0,0.475,0.0,0.514,0.108,0.193,0.0
0.355,0.593,0.0,0.396,0.087,0.58,0.0,0.612,0.0
0.0,0.872,0.0,0.509,0.0,0.569,0.005,0.403,0.0
0.18,1.0,0.491,0.681,0.257,0.259,0.0,0.755,0.0
0.496,0.644,0.0,0.548,0.102,0.14,0.154,0.348,0.0
0.488,0.575,0.759,0.868,0.0,0.695,0.0,0.471,0.0
0.27,0.93,0.0,0.414,0.0,0.389,0.0,0.21,0.0
0.534,0.621,0.605,0.695,0.26,0.377,0.0,0.566,0.0
0.33,0.791,0.0,0.623,0.0,0.591,0.0,0.472,0.0
0.005,1.0,0.871,0.935,0.093,0.362,0.0,0.231,0.0
0.49,0.506,0.0,0.37,0.0,0.622,0.0,0.478,0.0
0.362,0.637,0.106,0.688,0.096,0.267,0.0,0.256,0.0
0.0,0.915,0.114,0.281,0.46,0.54,0.0,0.309,0.0
0.126,1.0,0.0,0.551,0.046,0.439,0.0,0.559,0.0
0.456,0.604,0.823,0.9,0.002,0.332,0.0,0.271,0.0
0.41,0.542,0.0,0.566,0.142,0.282,0.03,0.399,0.0
0.007,0.881,0.0,0.501,0.0,0.699,0.0,0.338,0.0
-0.0,0.953,0.0,0.7,0.015,0.228,0.0,0.603,0.0
0.188,1.0,0.504,1.0,0.0,0.538,0.021,0.503,0.0
0.571,0.657,0.079,0.209,0.0,0.548,0.0,0.494,0.0
0.411,0.534,0.116,0.296,0.26,1.0,0.0,0.549,0.0
0.0,0.943,0.0,0.433,0.069,0.203,0.0,0.305,0.0
0.329,0.772,0.899,1.0,0.122,0.393,0.131,0.385,0.0
0.007,0.995,0.436,1.0,0.0,0.2,0.3,0.394,0.0
0.189,0.629,0.263,0.454,0.039,0.689,0.0,0.258,0.0
0.382,0.497,0.493,1.0,0.0,0.542,0.0,0.153,0.0
0.146,1.0,0.0,0.615,0.099,0.325,0.194,0.202,0.0
0.639,0.676,0.156,0.344,0.0,0.451,0.092,0.294,0.0
0.098,1.0,0.0,0.512,0.0,0.525,0.272,0.463,0.0
0.101,0.989,0.653,0.886,0.0,0.478,0.105,0.52,0.0
0.43,0.785,0.0,0.37,0.0,0.441,0.0,0.453,0.0
0.565,0.64,0.0,0.62,0.0,0.376,0.238,0.294,0.0
0.297,0.929,0.125,0.363,0.0,0.455,0.0,0.488,0.0
0.208,0.436,0.0,0.523,0.0,0.298,0.0,0.325,0.0
0.341,0.476,0.0,0.683,0.0,0.398,0.0,0.144,0.0
0.0,0.948,0.075,0.331,0.466,0.624,0.0,0.588,0.0
0.426,0.444,0.127,0.623,0.0,0.496,0.03,0.316,0.0
0.308,1.0,0.162,0.21,0.0,0.403,0.0,0.482,0.0
0.433,0.667,0.046,0.171,0.172,0.586,0.06,0.443,0.0
0.014,0.978,0.112,0.516,0.173,0.251,0.0,0.173,0.0
0.418,0.728,0.0,0.817,0.0,0.452,0.063,0.115,0.0
0.127,1.0,0.0,0.264,0.0,0.583,0.0,0.4,0.0
0.122,0.787,0.452,1.0,0.08,0.284,0.0,0.241,0.0
0.547,0.841,0.043,0.106,0.03,0.031,0.0,0.116,0.0
0.192,0.7,0.0,0.405,0.324,0.767,0.0,0.376,0.0
0.16,0.937,0.191,0.593,0.032,0.271,0.0,0.517,0.0
0.45,0.687,0.562,0.732,0.0,0.612,0.327,0.587,0.0
0.129,0.935,0.22,0.353,0.062,0.484,0.0,0.288,0.0
0.617,0.766,0.392,0.731,0.0,0.411,0.112,0.285,0.0
0.111,1.0,0.079,0.887,0.0,0.757,0.0,0.43,0.0
0.0,0.741,0.0,0.629,0.0,0.385,0.0,0.527,0.012518437
0.111,0.94,0.0,0.679,0.0,0.461,0.0,0.493,0.0
0.431,0.55,0.0,0.628,0.179,0.245,0.0,0.728,0.0
0.3,0.902,0.736,0.798,0.0,0.451,0.0,0.187,0.0
0.418,0.64,0.31,0.662,0.184,0.21,0.0,0.221,0.0
0.0,0.673,0.092,0.324,0.035,0.117,0.0,0.516,0.0
0.251,0.804,0.79,0.993,0.147,0.337,0.0,0.178,0.0
0.538,0.641,0.0,0.573,0.0,0.509,0.105,0.207,0.0
0.392,0.639,0.081,0.202,0.149,0.457,0.0,0.743,0.0
0.259,0.687,0.0,0.449,0.0,0.562,0.096,0.147,0.0
0.147,0.946,0.108,0.198,0.0,0.334,0.0,0.186,0.0
0.369,0.512,0.25,0.4,0.165,0.562,0.0,0.479,0.0
0.096,0.853,0.168,0.382,0.0,0.392,0.0,0.615,0.0
0.197,0.578,0.0,0.667,0.0,0.68,0.0,0.386,0.0
0.328,0.832,0.0,0.395,0.0,0.465,0.0,0.469,0.0
0.199,0.738,0.17,0.53,0.0,0.738,0.0,0.369,0.0
0.349,0.954,0.817,1.0,0.0,0.575,0.0,0.525,0.0
0.017,0.894,0.0,0.58,0.0,0.158,0.0,0.416,0.0
0.11,0.951,0.79,0.966,0.33,0.549,0.134,0.485,0.0
0.284,0.802,0.0,0.029,0.0,0.62,0.014,0.299,0.0
0.091,0.871,0.0,0.37,0.365,0.392,0.0,0.431,0.0
0.147,0.744,0.0,0.691,0.207,0.702,0.0,0.331,0.0
0.073,0.748,0.0,0.165,0.166,0.198,0.0,0.084,0.0
0.04,0.932,0.0,0.473,0.036,0.843,0.0,0.627,0.0
0.355,0.382,0.0,0.479,0.2,0.225,0.0,0.621,0.0
0.361,0.722,0.6,1.0,0.0,0.296,0.0,0.48,0.0
0.223,1.0,0.028,0.616,0.0,0.586,0.0,0.852,0.0
0.42,0.472,0.0,0.358,0.0,0.175,0.0,0.133,0.0
0.249,0.837,0.257,1.0,0.0,0.466,0.0,0.677,0.0
0.438,0.636,0.0,0.521,0.0,0.543,0.0,0.531,0.0
0.023,1.0,0.112,0.354,0.0,0.623,0.016,0.027,0.0
0.157,0.861,0.19,0.455,0.0,0.363,0.0,0.315,0.0
0.306,0.586,0.0,0.627,0.0,0.351,0.0,0.068,0.0
0.272,0.712,0.168,0.221,0.078,0.709,0.0,0.705,0.0
0.199,0.672,0.166,0.273,0.0,0.521,0.0,0.432,0.0
0.082,0.781,0.202,0.354,0.02,0.829,0.0,0.466,0.0
0.125,0.843,0.477,1.0,0.0,0.711,0.0,0.332,0.0
0.528,0.614,0.423,0.899,0.053,0.22,0.389,0.458,0.0
0.406,0.893,0.282,0.529,0.0,0.362,0.137,0.173,0.0
0.159,0.642,0.432,1.0,0.133,0.26,0.04,0.247,0.0
0.017,0.932,0.0,0.767,0.064,0.572,0.0,0.189,0.0
0.026,0.928,0.13,0.221,0.285,0.472,0.0,0.62,0.0
0.13,0.972,0.674,1.0,0.196,0.411,0.0,0.57,0.0
0.469,0.591,0.278,1.0,0.0,0.216,0.052,0.533,0.0
0.416,0.812,0.132,0.156,0.01,0.506,0.0,0.459,0.0
0.279,0.914,0.019,0.619,0.0,0.492,0.0,0.437,0.0
0.0,0.728,0.0,0.381,0.109,0.134,0.0,0.601,0.0
0.283,0.596,0.0,0.417,0.312,0.719,0.044,0.092,0.0
0.099,1.0,0.0,0.627,0.072,0.2,0.0,0.669,0.0
0.2,0.723,0.0,0.314,0.0,0.521,0.0,0.116,0.0
0.085,0.79,0.0,0.44,0.122,0.665,0.034,0.12,0.0
0.054,0.732,0.32,0.374,0.002,0.604,0.0,0.113,0.0
0.164,0.932,0.0,0.429,0.0,0.44,0.0,0.074,0.0
0.494,0.776,0.0,0.275,0.001,0.392,0.435,0.598,0.0
0.182,0.709,0.263,0.425,0.0,0.296,0.0,0.429,0.0
0.487,0.662,0.0,0.526,0.0,0.525,0.171,0.225,0.0
0.397,0.768,0.024,0.109,0.136,0.348,0.0,0.69,0.0
0.105,0.848,0.872,1.0,0.194,0.2,0.0,0.359,0.0
0.057,0.976,0.0,0.561,0.101,0.414,0.0,0.622,0.0
0.472,0.651,0.0,0.499,0.0,0.424,0.128,0.215,0.0
0.501,0.828,0.061,0.312,0.0,0.573,0.0,0.38,0.0
0.223,0.936,0.027,0.579,0.0,0.514,0.307,0.86,0.0
0.411,0.568,0.0,0.66,0.0,0.339,0.0,0.505,0.0
0.448,0.625,0.0,0.421,0.0,0.546,0.307,0.521,0.0
0.188,0.951,0.812,1.0,0.0,0.389,0.0,0.257,0.0
0.56,0.592,0.353,1.0,0.0,0.581,0.372,0.592,0.0
0.0,0.892,0.0,0.508,0.306,0.513,0.105,0.145,0.0
0.157,0.815,0.108,0.381,0.22,0.841,0.0,0.428,0.0
0.212,0.602,0.0,0.622,0.0,0.62,0.077,0.266,0.0
0.019,0.873,0.214,0.474,0.0,0.257,0.0,0.475,0.0
0.016,0.857,0.004,0.28,0.0,0.577,0.0,0.396,0.0
0.388,0.631,0.395,1.0,0.22,0.386,0.06,0.131,0.0
0.171,1.0,0.063,0.287,0.0,0.551,0.241,0.277,0.0
0.108,1.0,0.028,0.472,0.0,0.469,0.056,0.367,0.0
0.317,0.805,0.0,0.434,0.0,0.495,0.0,0.425,0.0
0.328,0.628,0.0,0.568,0.0,0.679,0.0,0.249,0.0
0.601,0.79,0.459,1.0,0.0,0.55,0.0,0.514,0.0
0.052,0.805,0.0,0.732,0.0,0.675,0.118,0.132,0.0
0.441,0.882,0.0,0.77,0.083,0.099,0.062,0.129,0.0
0.475,0.604,0.0,0.434,0.0,0.224,0.142,0.254,0.0
0.351,0.739,0.485,1.0,0.0,0.517,0.127,0.499,0.0
0.359,1.0,0.783,1.0,0.0,0.275,0.0,0.456,0.0
0.347,1.0,0.0,0.275,0.0,0.126,0.0,0.098,0.0
0.189,0.907,0.852,1.0,0.0,0.555,0.0,0.44,0.0
0.289,0.559,0.0,0.535,0.272,0.515,0.0,0.391,0.0
0.284,0.533,0.0,0.456,0.0,0.487,0.0,0.263,0.0
0.366,0.685,0.523,0.654,0.0,0.467,0.111,0.193,0.0
0.21,0.636,0.337,0.347,0.0,0.702,0.0,0.206,0.0
0.223,0.969,0.132,0.869,0.049,0.073,0.171,0.226,0.0
0.346,0.471,0.0,0.803,0.193,0.535,0.0,0.459,0.0
0.333,0.51,0.0,0.272,0.0,0.682,0.0,0.417,0.0
0.213,0.935,0.0,0.143,0.038,0.175,0.0,0.595,0.0
0.201,1.0,0.109,0.157,0.307,0.481,0.0,0.129,0.0
0.286,0.585,0.135,0.615,0.002,0.028,0.0,0.393,0.0
0.223,0.688,0.0,0.335,0.206,0.491,0.068,0.298,0.0
0.157,0.946,0.0,0.687,0.038,0.507,0.081,0.265,0.0
0.349,0.498,0.0,0.569,0.086,0.701,0.0,0.287,0.0
0.336,0.578,0.181,0.263,0.525,0.93,0.0,0.408,0.0
0.073,1.0,0.604,1.0,0.174,0.219,0.0,0.521,0.0
0.372,0.432,0.353,0.414,0.263,0.433,0.0,0.209,0.0
0.487,0.554,0.791,0.959,0.0,0.321,0.0,0.488,0.0
0.182,0.476,0.0,0.529,0.0,0.493,0.0,0.532,0.0
0.0,0.806,0.057,0.177,0.0,0.456,0.0,0.802,0.0
0.196,0.949,0.0,0.388,0.0,0.571,0.0,0.449,0.0
0.463,0.528,0.146,0.481,0.0,0.43,0.0,0.305,0.0
0.524,0.838,0.359,0.391,0.0,0.216,0.175,0.357,0.0
0.097,0.764,0.0,0.348,0.0,0.458,0.0,0.206,0.0
0.208,0.976,0.0,0.397,0.0,0.391,0.0,0.293,0.0
0.038,1.0,0.0,0.681,0.0,0.593,0.044,0.084,0.0
0.344,0.808,0.691,1.0,0.013,0.624,0.0,0.703,0.0
0.309,0.343,0.005,0.295,0.047,0.195,0.034,0.143,0.0
0.653,0.671,0.0,0.323,0.0,0.13,0.223,0.432,0.0
0.157,0.769,0.268,0.594,0.226,0.319,0.003,0.344,0.0
0.346,0.852,0.0,0.287,0.0,0.432,0.0,0.347,0.0
0.0,0.721,0.092,0.096,0.0,0.34,0.0,0.671,0.0
0.427,0.505,0.0,0.48,0.0,0.321,0.0,0.744,0.0
0.542,0.768,0.216,0.912,0.078,0.104,0.042,0.96,0.0
0.489,0.541,0.0,0.503,0.0,0.63,0.163,0.356,0.0
0.148,0.915,0.19,0.383,0.0,0.664,0.0,0.328,0.0
0.276,0.617,0.0,0.712,0.045,0.651,0.0,0.14,0.0
0.277,0.627,0.663,1.0,0.078,0.194,0.427,0.516,0.0
0.348,0.441,0.156,1.0,0.0,0.13,0.0,0.726,0.0
0.114,0.76,0.0,0.577,0.0,0.637,0.0,0.878,0.0
0.0,0.915,0.0,0.624,0.0,0.699,0.0,0.224,0.012518437
0.602,0.662,0.0,0.354,0.0,0.654,0.0,0.635,0.0
0.559,0.595,0.14,0.288,0.074,0.683,0.0,0.423,0.0
0.591,0.733,0.235,0.316,0.0,0.403,0.0,0.362,0.0
0.552,0.591,0.734,0.799,0.0,0.526,0.402,0.675,0.0
0.493,0.673,0.147,0.303,0.02,0.252,0.052,0.26,0.0
0.367,0.622,0.755,1.0,0.248,0.752,0.0,0.367,0.0
0.46,0.62,0.08,0.17,0.0,0.507,0.054,0.385,0.0
0.057,0.977,0.607,1.0,0.0,0.642,0.0,0.517,0.0
0.494,0.495,0.81,1.0,0.108,0.68,0.0,0.483,0.0
0.405,0.471,0.0,0.548,0.372,0.537,0.0,0.372,0.0
0.11,0.75,0.0,0.436,0.055,0.096,0.0,0.214,0.0
0.509,0.586,0.039,0.211,0.0,0.392,0.028,0.067,0.0
0.488,0.688,0.0,0.385,0.0,0.66,0.09,0.429,0.0
0.194,0.742,0.0,0.399,0.112,0.192,0.0,0.72,0.0
0.349,0.755,0.085,0.515,0.0,0.554,0.0,0.446,0.0
0.518,0.697,0.0,0.74,0.0,0.398,0.0,0.439,0.0
0.056,0.61,0.062,0.382,0.0,0.535,0.0,0.36,0.0
0.072,1.0,0.0,0.45,0.0,0.408,0.098,0.133,0.0
0.313,0.642,0.31,0.396,0.0,0.526,0.0,0.285,0.0
0.172,1.0,0.285,1.0,0.137,0.288,0.0,0.491,0.0
0.399,0.571,0.0,0.478,0.403,0.961,0.0,0.36,0.001509691
0.234,0.882,0.467,0.978,0.04,0.203,0.163,0.397,0.0
0.233,0.903,0.0,0.592,0.067,0.115,0.0,0.674,0.0
0.187,1.0,0.0,0.574,0.176,0.521,0.05,0.2,0.0
0.391,0.761,0.591,1.0,0.215,0.421,0.0,0.759,0.0
0.429,0.651,0.0,0.558,0.0,0.736,0.0,0.138,0.0
0.112,0.969,0.0,0.605,0.0,0.409,0.0,0.512,0.0
0.013,0.75,0.106,0.345,0.0,0.457,0.0,0.027,0.0
0.169,0.948,0.175,0.997,0.0,0.35,0.0,0.764,0.0
0.236,0.828,0.0,0.567,0.149,0.7,0.0,0.39,0.0
0.176,0.74,0.119,0.704,0.174,0.402,0.0,0.575,0.0
0.1,1.0,0.0,0.463,0.0,0.446,0.0,0.469,0.0
0.108,0.941,0.0,0.739,0.123,0.787,0.0,0.579,0.0
0.196,1.0,0.0,0.698,0.0,0.728,0.282,0.602,0.0
0.158,0.937,0.0,0.36,0.0,0.33,0.0,0.492,0.0
0.126,1.0,0.0,0.424,0.0,0.63,0.0,0.378,0.0
0.335,0.624,0.0,0.38,0.0,0.499,0.149,0.409,0.0
0.2,1.0,0.229,1.0,0.0,0.591,0.058,1.0,0.0
0.255,0.895,0.0,0.354,0.0,0.603,0.0,0.426,0.0
0.051,0.895,0.0,0.344,0.112,0.192,0.0,0.55,0.0
0.103,0.886,0.795,1.0,0.361,0.426,0.0,0.282,0.0
0.422,0.743,0.459,1.0,0.0,0.519,0.0,0.334,0.0
0.105,0.803,0.154,0.252,0.303,0.788,0.0,0.49,0.0
0.333,0.593,0.0,0.588,0.42,0.549,0.02,0.24,0.0
0.177,0.841,0.428,1.0,0.0,0.866,0.0,0.609,0.0
0.251,0.98,0.0,0.355,0.032,0.149,0.0,0.471,0.0
0.371,0.779,0.176,1.0,0.073,0.261,0.347,0.65,0.0
0.298,0.833,0.359,1.0,0.128,0.236,0.0,0.334,0.0
0.43,0.759,0.0,0.598,0.0,0.405,0.301,0.306,0.0
0.155,0.5,0.055,0.512,0.0,0.436,0.0,0.462,0.0
0.47,0.53,0.105,0.589,0.0,0.37,0.0,0.49,0.0
0.195,1.0,0.786,0.964,0.0,0.444,0.0,0.38,0.0
0.196,1.0,0.114,0.997,0.089,0.517,0.0,0.336,0.0
0.223,0.621,0.0,0.391,0.0,0.513,0.0,0.459,0.0
0.13,0.822,0.922,1.0,0.0,0.526,0.0,0.374,0.0
0.139,1.0,0.0,0.84,0.0,0.537,0.451,0.884,0.0
0.225,0.701,0.734,1.0,0.0,0.157,0.0,0.351,0.0
0.117,1.0,0.078,0.316,0.053,0.25,0.0,0.672,0.0
0.225,1.0,0.493,0.88,0.0,0.326,0.0,0.71,0.0
0.234,1.0,0.205,0.895,0.0,0.573,0.174,0.483,0.0
0.175,0.716,0.0,0.592,0.0,0.522,0.0,0.025,0.0
0.443,0.983,0.308,0.475,0.0,0.258,0.0,0.643,0.0
0.331,0.494,0.0,0.859,0.219,0.296,0.0,0.166,0.0
0.252,0.832,0.0,0.112,0.0,0.555,0.0,0.306,0.0
0.386,0.71,0.0,0.535,0.0,0.499,0.07,0.54,0.0
0.506,0.61,0.266,0.434,0.064,0.208,0.0,0.334,0.0
0.566,0.741,0.0,0.215,0.0,0.565,0.111,0.361,0.0
0.133,0.675,0.13,0.221,0.0,0.56,0.0,0.5,0.0
0.217,0.82,0.121,0.279,0.136,0.349,0.1,0.356,0.0
0.484,0.499,0.0,0.525,0.0,0.872,0.067,0.375,0.0
0.169,1.0,0.476,1.0,0.0,0.544,0.07,0.145,0.0
0.065,0.721,0.0,0.117,0.343,0.627,0.0,0.406,0.0
0.496,0.559,0.0,0.378,0.0,0.533,0.127,0.432,0.0
0.536,0.561,0.0,0.449,0.287,0.319,0.0,0.494,0.0
0.038,0.976,0.78,1.0,0.0,0.474,0.0,0.291,0.0
0.371,0.695,0.682,0.818,0.0,0.542,0.0,0.318,0.0
0.368,0.522,0.0,0.699,0.336,0.664,0.0,0.368,0.0
0.0,0.904,0.0,0.445,0.018,0.951,0.0,0.274,0.159133872
0.239,0.69,0.0,0.568,0.0,0.63,0.0,0.131,0.0
0.0,0.872,0.0,0.452,0.03,0.333,0.0,0.668,0.0
0.509,0.563,0.0,0.404,0.0,0.634,0.221,0.339,0.0
0.427,0.819,0.595,1.0,0.131,0.294,0.0,0.343,0.0
0.449,0.815,0.006,0.517,0.0,0.535,0.0,0.525,0.0
0.022,0.848,0.0,0.411,0.357,0.552,0.0,0.499,0.0
0.458,0.624,0.0,0.472,0.0,0.421,0.0,0.399,0.0
0.335,0.771,0.173,0.616,0.043,0.138,0.0,0.311,0.0
0.625,0.737,0.425,0.653,0.0,0.668,0.0,0.2,0.0
0.072,0.732,0.087,0.68,0.0,0.803,0.0,0.215,0.0
0.0,0.825,0.0,0.628,0.0,0.329,0.0,0.605,0.012518437
0.409,0.57,0.007,0.36,0.0,0.321,0.111,0.176,0.0
0.289,0.568,0.448,0.679,0.01,0.141,0.0,0.317,0.0
0.212,1.0,0.799,0.817,0.031,0.273,0.0,0.204,0.0
0.315,0.869,0.561,0.961,0.0,0.377,0.0,0.477,0.0
0.42,0.677,0.0,0.549,0.048,0.224,0.004,0.365,0.0
0.574,0.594,0.259,0.947,0.194,0.321,0.345,0.657,0.0
0.447,0.609,0.0,0.701,0.0,0.454,0.0,0.16,0.0
0.286,0.901,0.078,0.722,0.029,0.365,0.0,0.439,0.0
0.049,0.817,0.94,0.999,0.0,0.616,0.0,0.157,0.0
0.363,0.628,0.0,0.053,0.0,0.606,0.0,0.131,0.0
0.229,0.659,0.0,0.547,0.043,0.957,0.026,0.225,0.059773262
0.48,0.782,0.264,1.0,0.0,0.246,0.0,0.398,0.0
0.457,0.701,0.0,0.454,0.13,0.203,0.0,0.243,0.0
0.117,1.0,0.0,0.126,0.0,0.238,0.0,0.669,0.0
0.361,0.784,0.0,0.356,0.081,0.282,0.154,0.539,0.0
0.42,0.521,0.0,0.46,0.249,0.509,0.108,0.179,0.0
0.0,0.765,0.349,0.478,0.0,0.449,0.165,0.292,0.0
0.184,0.765,0.0,0.26,0.0,0.53,0.0,0.469,0.0
0.19,1.0,0.292,0.613,0.129,0.265,0.0,0.183,0.0
0.03,0.938,0.0,0.654,0.037,0.993,0.0,0.568,0.981997428
0.282,0.731,0.182,0.329,0.181,0.788,0.039,0.273,0.0
0.517,0.585,0.343,1.0,0.02,0.587,0.049,0.318,0.0
0.0,0.671,0.167,0.271,0.138,0.286,0.0,0.312,0.0
0.535,0.886,0.0,0.508,0.0,0.58,0.0,0.23,0.0
0.176,0.92,0.0,0.197,0.074,0.169,0.0,0.484,0.0
0.126,0.537,0.04,0.21,0.0,0.549,0.0,0.14,0.0
0.0,0.659,0.282,0.284,0.0,0.249,0.0,0.555,0.0
0.09,0.854,0.0,0.469,0.212,1.0,0.0,0.538,0.584705813
0.169,1.0,0.039,0.2,0.104,0.351,0.255,0.438,0.0
0.598,0.631,0.128,0.16,0.0,0.546,0.0,0.518,0.0
0.503,0.527,0.0,0.524,0.078,0.529,0.101,0.417,0.0
0.442,0.499,0.0,0.563,0.0,0.946,0.0,0.377,0.0
0.512,0.769,0.268,0.749,0.0,0.448,0.0,0.161,0.0
0.203,0.777,0.874,0.914,0.0,0.598,0.0,0.228,0.0
0.234,0.902,0.0,0.569,0.0,0.294,0.0,0.468,0.0
0.206,0.746,0.0,0.853,0.0,0.426,0.0,0.534,0.0
0.559,0.679,0.044,0.362,0.0,0.651,0.0,0.458,0.0
0.398,0.668,0.311,1.0,0.0,0.541,0.0,0.32,0.0
0.544,0.827,0.813,0.843,0.0,0.575,0.0,0.599,0.0
0.561,0.848,0.097,0.376,0.0,0.489,0.0,0.81,0.0
0.254,0.829,0.032,0.057,0.0,0.612,0.0,0.548,0.0
0.277,0.932,0.014,0.163,0.036,0.085,0.0,0.215,0.0
0.009,0.793,0.0,0.118,0.085,0.187,0.0,0.583,0.0
0.609,0.673,0.346,0.404,0.064,0.088,0.0,0.174,0.0
0.223,1.0,0.837,0.852,0.0,0.352,0.0,0.272,0.0
0.478,0.73,0.0,0.292,0.0,0.48,0.0,0.299,0.0
0.54,0.622,0.114,0.264,0.0,0.488,0.0,0.481,0.0
0.628,0.669,0.0,0.486,0.0,0.602,0.292,0.364,0.0
0.563,0.602,0.664,1.0,0.0,0.347,0.343,0.516,0.0
0.325,0.766,0.326,1.0,0.061,0.302,0.13,0.496,0.0
0.54,0.818,0.881,0.941,0.03,0.183,0.0,0.229,0.0
0.433,0.693,0.0,0.66,0.0,0.511,0.214,0.498,0.0
0.309,0.908,0.016,0.334,0.135,0.228,0.0,0.425,0.0
0.213,0.893,0.0,0.541,0.083,0.341,0.0,0.681,0.0
0.052,0.903,0.0,0.662,0.0,0.619,0.0,0.557,0.0
0.524,0.839,0.32,1.0,0.0,0.123,0.0,0.766,0.0
0.281,0.792,0.297,0.33,0.0,0.7,0.0,0.266,0.0
0.197,0.784,0.0,0.246,0.0,0.458,0.0,0.639,0.0
0.0,0.879,0.154,0.269,0.088,0.821,0.0,0.481,0.0
0.178,0.88,0.0,0.771,0.005,0.146,0.072,0.229,0.0
0.286,0.743,0.0,0.639,0.0,0.877,0.169,0.475,0.0
0.187,0.873,0.43,1.0,0.11,0.224,0.086,0.092,0.0
0.155,0.672,0.777,1.0,0.0,0.606,0.0,0.232,0.0
0.491,0.725,0.0,0.399,0.023,0.311,0.0,0.403,0.0
0.617,0.69,0.482,1.0,0.081,0.313,0.349,0.58,0.0
0.025,0.859,0.0,0.539,0.0,0.311,0.0,0.638,0.0
0.12,0.931,0.49,0.611,0.0,0.202,0.079,0.257,0.0
0.373,0.743,0.225,1.0,0.0,0.415,0.419,0.462,0.0
0.077,0.951,0.0,0.309,0.025,0.187,0.244,0.573,0.0
0.589,0.669,0.0,0.425,0.0,0.662,0.0,0.524,0.0
0.368,0.59,0.018,0.338,0.0,0.79,0.0,0.692,0.0
0.354,0.909,0.0,0.407,0.0,0.382,0.0,0.498,0.0
0.026,0.907,0.0,0.426,0.123,0.756,0.0,0.591,0.0
0.095,0.854,0.0,0.55,0.0,0.404,0.131,0.416,0.0
0.139,0.932,0.569,0.72,0.014,0.229,0.213,0.31,0.0
0.3,0.578,0.0,0.559,0.133,0.746,0.0,0.294,0.0
0.207,0.704,0.0,0.438,0.0,0.522,0.211,0.261,0.0
0.108,1.0,0.375,0.592,0.165,0.38,0.0,0.668,0.0
0.107,0.851,0.082,0.096,0.0,0.563,0.0,0.702,0.0
0.523,0.542,0.702,0.798,0.0,0.348,0.0,0.295,0.0
0.275,0.655,0.0,0.311,0.215,0.634,0.0,0.126,0.0
0.29,0.712,0.503,1.0,0.0,0.688,0.0,0.539,0.0
0.046,0.796,0.0,0.671,0.0,0.768,0.0,0.158,0.0
0.479,0.899,0.116,0.729,0.024,0.401,0.321,0.453,0.0
0.471,0.718,0.041,0.493,0.05,0.071,0.224,0.384,0.0
0.453,0.831,0.0,0.507,0.293,0.343,0.36,0.686,0.0
0.666,0.671,0.115,0.385,0.051,0.162,0.154,0.365,0.0
0.289,0.749,0.0,0.481,0.0,0.682,0.0,0.699,0.0
0.144,1.0,0.566,0.757,0.0,0.336,0.004,0.634,0.0
0.387,0.918,0.068,0.421,0.0,0.72,0.071,0.446,0.0
0.084,0.97,0.0,0.334,0.0,0.444,0.0,0.658,0.0
0.109,0.741,0.0,0.601,0.406,0.594,0.004,0.133,0.0
0.362,0.497,0.0,0.561,0.202,0.617,0.02,0.04,0.0
0.619,0.811,0.0,0.269,0.0,0.491,0.0,0.03,0.0
0.519,0.564,0.0,0.544,0.0,0.249,0.0,0.278,0.0
0.43,0.657,0.0,0.322,0.117,0.368,0.0,0.372,0.0
0.358,0.593,0.0,0.607,0.0,0.777,0.0,0.423,0.0
0.347,0.856,0.0,0.602,0.0,0.497,0.0,0.121,0.0
0.213,1.0,0.051,0.5,0.0,0.433,0.008,0.121,0.0
0.001,0.955,0.0,0.395,0.001,0.271,0.0,0.635,0.0
0.14,0.747,0.753,0.947,0.0,0.569,0.0,0.327,0.0
0.418,0.924,0.0,0.529,0.0,0.565,0.107,0.366,0.0
0.237,0.744,0.048,0.619,0.034,0.239,0.004,0.268,0.0
0.34,0.809,0.479,0.716,0.0,0.357,0.182,0.815,0.0
0.135,0.874,0.0,0.454,0.0,0.713,0.0,0.368,0.0
0.195,0.679,0.0,0.724,0.093,0.755,0.0,0.412,0.0
0.475,0.671,0.373,1.0,0.202,0.282,0.0,0.537,0.0
0.397,0.505,0.0,0.611,0.06,0.879,0.0,0.489,4.82e-07
0.548,0.866,0.459,1.0,0.0,0.509,0.067,0.276,0.0
0.046,0.169,0.577,1.0,0.141,0.405,0.01,0.704,0.0
0.435,0.796,0.158,0.569,0.19,0.234,0.0,0.262,0.0
0.0,0.9,0.0,0.494,0.0,0.332,0.0,0.255,0.012518437
0.223,0.871,0.0,0.45,0.0,0.416,0.0,0.371,0.0
0.0,0.936,0.0,0.62,0.104,0.866,0.0,0.327,0.0
0.128,0.794,0.0,0.755,0.0,0.346,0.072,0.761,0.0
0.251,0.676,0.504,1.0,0.0,0.296,0.0,0.27,0.0
0.0,0.856,0.0,0.404,0.0,0.499,0.0,0.446,0.012518437
0.432,0.821,0.339,1.0,0.038,0.234,0.0,0.534,0.0
0.491,0.772,0.358,0.52,0.071,0.171,0.0,0.228,0.0
0.323,0.569,0.122,0.212,0.0,0.399,0.0,0.477,0.0
0.11,0.959,0.519,1.0,0.0,0.479,0.0,0.352,0.0
0.317,0.524,0.576,1.0,0.0,0.111,0.0,0.056,0.0
0.305,0.857,0.0,0.198,0.041,0.322,0.245,0.562,0.0
0.443,0.644,0.651,0.782,0.07,0.354,0.04,0.498,0.0
0.03,0.867,0.0,0.445,0.0,0.375,0.0,0.293,0.0
0.142,1.0,0.892,0.986,0.0,0.349,0.01,0.126,0.0
0.277,0.596,0.173,0.222,0.254,0.746,0.0,0.264,0.0
0.011,0.847,0.0,0.471,0.357,0.643,0.0,0.441,0.0
0.0,0.953,0.289,0.383,0.074,0.411,0.0,0.326,0.0
0.115,0.781,0.824,0.954,0.0,0.214,0.0,0.373,0.0
0.187,0.444,0.092,0.346,0.0,0.29,0.0,0.499,0.0
0.289,0.807,0.144,0.151,0.0,0.247,0.0,0.345,0.0
0.048,0.81,0.107,0.755,0.0,0.225,0.0,0.232,0.0
0.385,0.862,0.0,0.653,0.0,0.36,0.0,0.484,0.0
0.022,0.89,0.126,0.251,0.025,0.065,0.0,0.669,0.0
0.302,0.754,0.0,0.721,0.0,0.417,0.0,0.486,0.0
0.589,0.61,0.231,0.246,0.078,0.529,0.0,0.25,0.0
0.58,0.645,0.086,0.253,0.263,0.313,0.0,0.626,0.0
0.105,1.0,0.0,0.687,0.005,0.328,0.0,0.354,0.0
0.442,0.701,0.759,0.774,0.0,0.553,0.526,0.551,0.0
0.391,0.487,0.077,0.467,0.0,0.793,0.0,0.567,0.0
0.613,0.675,0.139,0.388,0.0,0.566,0.0,0.48,0.0
0.502,0.847,0.009,0.258,0.0,0.438,0.0,0.539,0.0
0.0,0.716,0.068,0.454,0.05,0.163,0.029,0.275,0.0
0.104,0.557,0.03,0.536,0.0,0.483,0.0,0.579,0.0
0.416,0.679,0.043,0.252,0.0,0.318,0.0,0.243,0.0
0.249,0.787,0.0,0.605,0.0,0.464,0.0,0.364,0.0
0.38,0.608,0.459,1.0,0.194,0.806,0.0,0.557,0.0
0.517,0.593,0.7,1.0,0.0,0.606,0.0,0.591,0.0
0.0,0.91,0.17,0.291,0.324,0.464,0.0,0.573,0.0
0.248,0.634,0.117,0.233,0.016,0.923,0.0,0.506,0.0
0.21,1.0,0.0,0.146,0.062,0.181,0.03,0.106,0.0
0.0,0.928,0.0,0.661,0.32,0.438,0.0,0.452,0.0
0.183,0.621,0.0,0.823,0.216,0.48,0.0,0.342,0.0
0.046,0.802,0.0,0.652,0.235,0.704,0.0,0.358,0.0
0.631,0.695,0.19,0.415,0.0,0.358,0.0,0.71,0.0
0.006,0.91,0.0,0.435,0.316,0.38,0.013,0.547,0.0
0.513,0.76,0.661,1.0,0.0,0.41,0.023,0.862,0.0
0.295,0.983,0.387,0.985,0.0,0.582,0.418,0.588,0.0
0.053,0.815,0.0,0.479,0.182,0.576,0.0,0.242,0.0
0.258,0.854,0.92,0.968,0.0,0.687,0.0,0.124,0.0
0.24,1.0,0.552,1.0,0.0,0.266,0.0,0.399,0.0
0.199,1.0,0.002,0.304,0.0,0.57,0.0,0.256,0.0
0.409,0.871,0.0,0.571,0.0,0.31,0.184,0.279,0.0
0.11,1.0,0.0,0.364,0.0,0.445,0.277,0.53,0.0
0.492,0.543,0.315,0.318,0.184,0.3,0.0,0.185,0.0
0.27,0.693,0.939,0.989,0.028,0.7,0.052,0.275,0.0
0.447,0.675,0.14,0.227,0.0,0.471,0.0,0.256,0.0
0.258,0.939,0.0,0.01,0.0,0.369,0.0,0.656,0.0
0.382,0.482,0.0,0.646,0.243,0.605,0.04,0.132,0.0
0.205,0.516,0.28,0.454,0.0,0.234,0.132,0.297,0.0
0.586,0.606,0.419,1.0,0.0,0.375,0.194,0.708,0.0
0.224,0.777,0.0,0.459,0.114,0.492,0.218,0.325,0.0
0.261,0.855,0.299,0.457,0.0,0.664,0.0,0.26,0.0
0.379,0.679,0.275,0.992,0.0,0.449,0.0,0.508,0.0
0.419,0.767,0.047,0.27,0.0,0.665,0.0,0.372,0.0
0.2,0.884,0.179,0.933,0.0,0.524,0.121,0.136,0.0
0.439,0.787,0.0,0.674,0.0,0.64,0.0,0.67,0.0
0.314,0.601,0.051,0.272,0.177,0.733,0.0,0.479,0.0
0.319,0.323,0.0,0.55,0.0,0.53,0.0,0.271,0.0
0.083,0.779,0.329,0.583,0.0,0.225,0.0,0.328,0.0
0.726,0.732,0.0,0.464,0.0,0.313,0.0,0.673,0.0
0.606,0.808,0.9,0.933,0.0,0.596,0.0,0.428,0.0
0.172,0.836,0.089,0.588,0.045,0.136,0.04,0.307,0.0
0.079,1.0,0.319,0.886,0.0,0.432,0.0,0.664,0.0
0.231,0.885,0.134,0.466,0.0,0.317,0.0,0.436,0.0
0.108,0.861,0.0,0.578,0.138,0.196,0.046,0.136,0.0
0.0,0.747,0.0,0.461,0.0,0.387,0.0,0.345,0.012518437
0.218,0.952,0.432,1.0,0.0,0.633,0.0,0.528,0.0
0.192,1.0,0.0,0.067,0.0,0.602,0.453,0.489,0.0
0.102,0.996,0.0,0.776,0.0,0.457,0.0,0.456,0.0
0.326,0.807,0.808,1.0,0.09,0.152,0.0,0.151,0.0
0.431,0.609,0.0,0.704,0.0,0.25,0.0,0.32,0.0
0.335,1.0,0.0,0.468,0.003,0.209,0.0,0.712,0.0
0.221,0.948,0.127,1.0,0.22,0.296,0.039,0.964,0.0
0.146,0.552,0.867,0.989,0.118,0.518,0.0,0.506,0.0
0.568,0.604,0.152,1.0,0.0,0.634,0.163,0.26,0.0
0.217,0.627,0.077,0.185,0.207,0.521,0.0,0.542,0.0
0.182,0.68,0.135,0.181,0.322,0.375,0.0,0.395,0.0
0.295,1.0,0.672,1.0,0.0,0.372,0.0,0.179,0.0
0.212,0.87,0.0,0.536,0.0,0.386,0.0,0.576,0.0
0.154,0.794,0.0,0.35,0.246,0.299,0.054,0.256,0.0
0.0,0.91,0.926,1.0,0.128,0.145,0.402,0.541,0.0
0.104,1.0,0.0,0.459,0.023,0.461,0.0,0.387,0.0
0.085,1.0,0.0,0.541,0.0,0.379,0.219,0.987,0.0
0.385,0.82,0.139,0.511,0.264,0.342,0.0,0.199,0.0
0.459,0.893,0.0,0.813,0.0,0.422,0.0,0.551,0.0
0.382,0.728,0.699,1.0,0.0,0.554,0.0,0.488,0.0
0.0,0.782,0.088,0.196,0.0,0.474,0.022,0.038,0.0
0.208,0.744,0.0,0.746,0.0,0.373,0.052,0.421,0.0
0.157,0.728,0.508,0.992,0.001,0.029,0.0,0.34,0.0
0.141,0.91,0.0,0.447,0.0,0.145,0.147,0.355,0.0
0.049,0.529,0.593,1.0,0.0,0.433,0.0,0.133,0.0
0.043,0.848,0.274,0.664,0.0,0.291,0.004,0.038,0.0
0.337,0.516,0.36,1.0,0.0,0.516,0.0,0.498,0.0
0.272,0.732,0.0,0.61,0.0,0.754,0.0,0.65,0.0
0.653,0.734,0.088,0.162,0.0,0.227,0.203,0.605,0.0
0.051,0.956,0.0,0.602,0.0,0.638,0.0,0.747,0.0
0.358,1.0,0.0,0.805,0.0,0.207,0.115,0.229,0.0
0.342,0.76,0.036,0.503,0.062,0.545,0.0,0.577,0.0
0.536,0.798,0.401,0.572,0.0,0.697,0.0,0.049,0.0
0.382,1.0,0.612,1.0,0.015,0.5,0.0,0.563,0.0
0.635,0.722,0.0,0.768,0.0,0.302,0.0,0.269,0.0
0.305,0.99,0.023,0.276,0.014,0.44,0.244,0.273,0.0
0.295,0.738,0.561,1.0,0.0,0.514,0.0,0.281,0.0
0.515,0.644,0.279,0.816,0.0,0.472,0.356,0.662,0.0
0.469,0.781,0.0,0.486,0.217,0.268,0.036,0.42,0.0
0.37,0.524,0.0,0.628,0.06,0.546,0.077,0.078,0.0
0.391,0.491,0.0,0.522,0.372,0.567,0.0,0.313,0.0
0.378,0.702,0.423,0.461,0.104,0.109,0.0,0.474,0.0
0.188,0.842,0.0,0.64,0.0,0.655,0.0,0.561,0.0
0.231,0.571,0.622,0.856,0.0,0.325,0.0,0.147,0.0
0.432,0.626,0.0,0.705,0.0,0.391,0.049,0.252,0.0
0.225,0.835,0.0,0.816,0.026,0.065,0.0,0.595,0.0
0.381,0.706,0.0,0.592,0.026,0.337,0.0,0.554,0.0
0.294,1.0,0.0,0.9,0.0,0.29,0.0,0.619,0.0
0.34,0.783,0.083,0.961,0.0,0.437,0.0,0.195,0.0
0.316,1.0,0.046,0.298,0.0,0.282,0.0,0.479,0.0
0.001,0.916,0.171,0.235,0.0,0.874,0.0,0.544,0.0
0.148,0.922,0.365,1.0,0.064,0.42,0.0,0.38,0.0
0.298,1.0,0.031,0.281,0.0,0.516,0.142,0.743,0.0
0.084,0.984,0.127,0.245,0.043,0.321,0.0,0.569,0.0
0.14,0.987,0.32,0.608,0.062,0.331,0.0,0.672,0.0
0.465,0.472,0.0,0.535,0.0,0.502,0.0,0.626,0.0
0.144,0.915,0.73,1.0,0.0,0.535,0.056,0.098,0.0
0.256,0.575,0.0,0.489,0.0,0.362,0.0,0.093,0.0
0.358,0.497,0.817,1.0,0.0,0.797,0.0,0.304,0.0
0.454,0.909,0.802,0.821,0.0,0.214,0.0,0.66,0.0
0.489,0.814,0.0,0.346,0.01,0.444,0.146,0.547,0.0
0.34,0.728,0.0,0.297,0.0,0.44,0.104,0.243,0.0
0.017,0.644,0.0,0.628,0.0,0.483,0.0,0.43,0.0
0.316,0.637,0.0,0.448,0.221,0.416,0.0,0.697,0.0
0.445,0.672,0.64,1.0,0.566,0.646,0.228,0.451,0.0
0.0,0.9,0.168,0.26,0.0,0.378,0.0,0.466,0.0
0.509,0.574,0.0,0.429,0.0,0.544,0.0,0.557,0.0
0.29,0.67,0.0,0.475,0.0,0.606,0.0,0.369,0.0
0.22,0.724,0.593,1.0,0.006,0.601,0.059,0.202,0.0
0.031,0.855,0.0,0.464,0.0,0.642,0.0,0.534,0.0
0.337,1.0,0.415,0.508,0.046,0.226,0.0,0.483,0.0
0.13,0.498,0.0,0.524,0.0,0.442,0.0,0.295,0.0
0.272,0.665,0.258,0.376,0.0,0.662,0.0,0.403,0.0
0.131,0.679,0.0,0.428,0.008,0.508,0.094,0.311,0.0
0.265,0.94,0.005,0.156,0.0,0.785,0.0,0.219,0.0
0.053,1.0,0.109,0.307,0.096,0.358,0.0,0.55,0.0
0.471,0.892,0.497,1.0,0.0,0.531,0.209,0.399,0.0
0.359,0.846,0.0,0.532,0.0,0.585,0.0,0.374,0.0
0.191,1.0,0.0,0.703,0.0,0.466,0.0,0.653,0.0
0.361,0.499,0.0,0.343,0.0,0.346,0.0,0.502,0.0
0.325,0.556,0.134,0.243,0.0,0.634,0.0,0.264,0.0
0.354,0.605,0.0,0.409,0.176,0.278,0.005,0.295,0.0
0.002,0.953,0.902,1.0,0.041,0.352,0.0,0.404,0.0
0.494,0.858,0.0,0.741,0.0,0.498,0.0,0.528,0.0
0.0,0.404,0.0,0.088,0.0,0.447,0.0,0.467,0.012518437
0.426,0.904,0.325,1.0,0.0,0.359,0.0,0.38,0.0
0.413,0.444,0.262,0.866,0.0,0.336,0.017,0.161,0.0
0.392,0.932,0.31,0.752,0.0,0.591,0.0,0.407,0.0
0.609,0.627,0.0,0.526,0.0,0.322,0.0,0.202,0.0
0.583,0.714,0.744,1.0,0.043,0.381,0.218,0.998,0.0
0.212,0.968,0.0,0.656,0.067,0.114,0.0,0.31,0.0
0.0,0.891,0.048,0.903,0.0,0.408,0.0,0.445,0.0
0.324,0.821,0.317,0.467,0.191,0.202,0.0,0.308,0.0
0.522,0.86,0.009,0.679,0.0,0.528,0.0,0.409,0.0
0.602,0.783,0.483,1.0,0.0,0.161,0.408,0.665,0.0
0.0,0.773,0.786,1.0,0.0,0.484,0.0,0.517,0.0
0.353,0.472,0.607,1.0,0.372,0.477,0.015,0.352,0.0
0.189,0.993,0.83,0.892,0.0,0.629,0.0,0.181,0.0
0.395,0.548,0.0,0.53,0.394,0.425,0.0,0.604,0.0
0.0,0.909,0.0,0.402,0.167,0.317,0.0,0.375,0.0
0.153,0.99,0.103,0.213,0.0,0.747,0.0,0.576,0.0
0.222,0.875,0.087,0.118,0.0,0.233,0.0,0.617,0.0
0.397,0.94,0.0,0.633,0.0,0.415,0.0,0.728,0.0
0.576,0.747,0.013,0.632,0.0,0.278,0.0,0.841,0.0
0.237,0.689,0.0,0.474,0.22,0.476,0.061,0.377,0.0
0.063,0.849,0.03,0.498,0.0,0.09,0.124,0.246,0.0
0.349,0.836,0.0,0.561,0.0,0.534,0.0,0.469,0.0
0.378,0.471,0.0,0.525,0.0,0.571,0.0,0.197,0.0
0.233,0.814,0.575,0.802,0.0,0.135,0.0,0.148,0.0
0.022,0.74,0.223,0.228,0.0,0.632,0.0,0.072,0.0
0.19,0.82,0.044,0.356,0.0,0.724,0.0,0.254,0.0
0.265,0.604,0.0,0.513,0.0,0.386,0.0,0.607,0.0
0.531,0.553,0.097,1.0,0.0,0.698,0.065,0.193,0.0
0.177,0.813,0.0,0.631,0.187,0.42,0.0,0.402,0.0
0.0,0.43,0.393,0.552,0.267,0.46,0.0,0.589,0.0
0.278,0.591,0.093,0.284,0.231,0.557,0.0,0.533,0.0
0.17,0.808,0.0,0.37,0.019,0.253,0.0,0.311,0.0
0.016,0.932,0.0,0.559,0.591,0.591,0.0,0.489,0.0
0.198,0.713,0.0,0.48,0.0,0.457,0.0,0.531,0.0
0.143,0.861,0.0,0.708,0.0,0.665,0.0,0.476,0.0
0.195,0.62,0.0,0.392,0.098,0.144,0.0,0.12,0.0
0.216,0.867,0.0,0.588,0.111,0.495,0.281,0.363,0.0
0.167,1.0,0.0,0.432,0.0,0.638,0.0,0.307,0.0
0.438,0.848,0.103,0.13,0.0,0.581,0.0,0.749,0.0
0.448,0.475,0.0,0.469,0.0,0.506,0.08,0.555,0.0
0.28,0.848,0.537,1.0,0.0,0.563,0.0,0.477,0.0
0.366,1.0,0.575,0.642,0.0,0.47,0.283,0.293,0.0
0.048,0.663,0.831,1.0,0.0,0.223,0.0,0.494,0.0
0.67,0.837,0.777,0.917,0.0,0.438,0.0,0.283,0.0
0.124,0.97,0.045,0.182,0.027,0.398,0.0,0.667,0.0
0.422,0.632,0.419,0.781,0.108,0.164,0.0,0.42,0.0
0.377,0.612,0.0,0.366,0.0,0.71,0.0,0.531,0.0
0.417,0.819,0.709,1.0,0.0,0.294,0.0,0.425,0.0
0.318,0.459,0.0,0.413,0.0,0.393,0.0,0.085,0.0
0.064,0.996,0.748,0.975,0.0,0.544,0.0,0.341,0.0
0.09,1.0,0.492,1.0,0.035,0.055,0.0,0.53,0.0
0.444,0.616,0.231,1.0,0.0,0.518,0.178,0.323,0.0
0.202,0.894,0.089,0.272,0.133,0.261,0.064,0.625,0.0
0.0,0.777,0.458,1.0,0.212,0.667,0.0,0.128,0.0
0.54,0.817,0.602,1.0,0.0,0.573,0.029,0.031,0.0
0.226,0.918,0.636,1.0,0.0,0.554,0.0,0.558,0.0
0.212,0.714,0.106,0.277,0.0,0.705,0.0,0.707,0.0
0.55,0.587,0.0,0.434,0.127,0.206,0.337,0.356,0.0
0.0,0.265,0.0,0.545,0.17,0.588,0.0,0.518,0.0
0.669,0.792,0.0,0.577,0.0,0.399,0.113,0.532,0.0
0.384,0.618,0.15,0.734,0.0,0.228,0.0,0.414,0.0
-0.0,0.78,0.0,0.488,0.173,0.282,0.0,0.077,0.0
0.634,0.773,0.0,0.552,0.0,0.496,0.0,0.39,0.0
0.069,0.858,0.0,0.546,0.0,0.561,0.0,0.407,0.0
