0.414,0.47,0.235,0.484,0.022925516
0.515,0.585,0.47,0.744,0.037877015
0.031,0.861,0.0,0.66,0.714474056
0.142,1.0,0.096,1.0,0.844662417
0.296,0.448,0.7,1.0,0.028469292
0.22,1.0,0.341,0.525,0.149136335
0.042,0.899,0.267,1.0,0.597237234
0.716,0.919,0.469,0.709,0.015524636
0.355,0.725,0.499,0.638,0.071230887
0.29,1.0,0.368,0.444,0.062800768
0.096,0.558,0.238,0.654,0.157745451
0.444,0.502,0.154,1.0,0.07842523
0.449,0.638,0.298,0.676,0.141367132
0.309,0.585,0.656,0.726,0.016509125
0.215,0.255,0.081,0.969,0.012321604
0.228,0.802,0.082,0.823,0.669395813
0.0,0.736,0.386,0.976,0.414456156
0.0,0.698,0.068,0.672,0.546973212
0.759,1.0,0.139,0.314,0.006676282
0.266,0.954,0.049,0.539,0.554618493
0.564,0.582,0.276,0.974,0.033161105
0.428,0.584,0.383,0.891,0.121033645
0.208,0.782,0.259,1.0,0.584115302
0.53,1.0,0.416,1.0,0.292735778
0.0,0.356,0.077,1.0,0.084743516
0.164,0.746,0.384,0.767,0.230079585
0.086,0.444,0.156,0.997,0.142341294
0.0,0.869,0.299,1.0,0.559869676
0.497,0.789,0.355,0.943,0.316728398
0.0,0.62,0.275,0.838,0.260597027
0.138,0.676,0.427,0.789,0.17216684
0.502,0.942,0.678,0.985,0.185244022
0.075,1.0,0.151,0.669,0.48566811
0.55,0.862,0.178,0.656,0.247600738
0.747,0.967,0.0,0.381,0.018302548
0.469,0.498,0.173,0.762,0.028111295
0.201,0.599,0.26,1.0,0.33530977
0.263,0.875,0.557,0.737,0.096467887
0.009,0.8,0.141,0.748,0.544295126
0.0,0.701,0.506,0.772,0.13109712
0.265,0.409,0.416,0.56,0.010414587
0.111,0.529,0.247,0.927,0.184218226
0.317,1.0,0.142,1.0,0.724652847
0.0,0.594,0.637,0.639,0.000833029
0.268,0.79,0.45,0.786,0.195464121
0.313,1.0,0.141,0.839,0.577673095
0.255,0.641,0.138,0.837,0.415125677
0.261,1.0,0.322,0.939,0.444149174
0.372,0.398,0.035,1.0,0.024743035
0.4,0.452,0.127,0.421,0.030519163
0.403,0.797,0.318,0.544,0.161803887
0.122,1.0,0.269,1.0,0.593147818
0.047,0.945,0.485,0.939,0.32131178
0.415,0.927,0.349,0.462,0.084783103
0.491,0.561,0.279,1.0,0.110357445
0.194,0.548,0.0,0.824,0.332495714
0.242,1.0,0.023,0.613,0.636148651
0.194,0.986,0.0,0.598,0.671561
0.323,1.0,0.17,1.0,0.681669225
0.439,0.723,0.387,0.707,0.156399524
0.091,0.913,0.317,1.0,0.535329735
0.499,1.0,0.081,0.939,0.572520017
0.27,0.55,0.164,0.413,0.128202171
0.27,0.65,0.306,1.0,0.366957997
0.187,0.201,0.173,0.492,0.000674685
0.177,1.0,0.0,0.415,0.549341494
0.409,0.859,0.442,0.804,0.193088955
0.289,0.473,0.38,0.619,0.031959753
0.276,0.97,0.224,0.65,0.357283498
0.141,0.706,0.292,1.0,0.495210082
0.0,0.609,0.139,0.473,0.2491205
0.51,0.784,0.133,0.94,0.492662802
0.199,1.0,0.317,0.637,0.239179225
0.342,1.0,0.0,0.824,0.753313185
0.2,0.956,0.128,0.574,0.46178048
0.37,0.486,0.035,0.903,0.13634486
0.392,0.911,0.0,0.973,0.843812176
0.0,0.718,0.241,0.887,0.462517125
0.366,0.746,0.027,0.625,0.570788555
0.425,0.554,0.591,0.637,0.0072804
0.723,0.955,0.075,0.637,0.040391593
0.533,0.604,0.326,0.475,0.02816293
0.435,0.817,0.187,0.935,0.521607127
0.352,0.604,0.244,1.0,0.312521944
0.052,0.865,0.675,1.0,0.275923733
0.171,0.808,0.55,0.794,0.137460156
0.207,0.578,0.312,0.87,0.188175115
0.622,0.974,0.06,0.914,0.276822165
0.042,0.708,0.351,0.758,0.240587114
0.309,0.519,0.439,0.591,0.025927175
0.0,0.736,0.361,0.917,0.373107612
0.53,0.642,0.022,0.828,0.275292077
0.456,0.46,0.341,0.791,0.001791701
0.062,0.529,0.0,0.988,0.362221434
0.705,0.827,0.025,0.507,0.052496334
0.434,0.782,0.257,0.773,0.322502805
0.311,0.709,0.322,0.77,0.263068577
0.578,0.971,0.0,0.469,0.267416164
0.076,0.286,0.0,0.55,0.02729892
0.298,0.548,0.191,0.263,0.042704798
0.495,0.705,0.106,0.532,0.288737582
0.0,0.619,0.324,0.715,0.173239107
0.159,0.52,0.385,0.625,0.049954218
0.245,0.762,0.433,0.473,0.029116438
0.37,0.448,0.082,1.0,0.081058567
0.232,0.556,0.286,1.0,0.228336076
0.642,0.748,0.0,0.768,0.184583107
0.217,0.696,0.322,0.602,0.184643346
0.144,1.0,0.21,0.827,0.489946851
0.177,0.519,0.667,1.0,0.080979395
0.266,1.0,0.262,0.724,0.343726119
0.005,0.538,0.318,0.591,0.080442401
0.234,1.0,0.381,1.0,0.451691187
0.497,0.526,0.0,0.877,0.059172616
0.209,0.559,0.352,0.966,0.186837793
0.15,0.429,0.292,0.586,0.038432941
0.022,0.966,0.149,0.691,0.502702182
0.373,0.681,0.042,1.0,0.675430112
0.0,0.601,0.353,1.0,0.285589626
0.258,0.986,0.141,0.481,0.379940518
0.348,0.439,0.332,0.826,0.029524347
0.811,0.811,0.0,0.86,0.0
0.312,0.574,0.532,0.96,0.123546502
0.38,1.0,0.248,1.0,0.550029948
0.125,0.127,0.256,0.634,7.7451e-05
0.013,0.927,0.046,0.529,0.571755833
0.217,0.441,0.207,0.425,0.043873448
0.368,0.856,0.78,0.788,0.004641901
0.488,0.535,0.098,0.932,0.086521449
0.401,0.445,0.192,0.651,0.025763668
0.0,0.582,0.5,0.578,0.025529593
0.458,0.584,0.236,1.0,0.207298644
0.191,0.667,0.022,0.834,0.612369452
0.0,0.915,0.0,0.642,0.706852871
0.121,0.531,0.401,0.996,0.149668165
0.0,0.993,0.337,0.419,0.07668
0.399,0.776,0.101,1.0,0.716379352
0.0,0.696,0.605,0.653,0.022861834
0.734,0.75,0.04,0.816,0.012502324
0.232,0.668,0.342,0.916,0.302806138
0.654,0.84,0.562,0.992,0.087972365
0.215,1.0,0.0,0.65,0.697021748
0.45,0.726,0.63,1.0,0.218054016
0.442,0.878,0.26,1.0,0.494803894
0.067,0.777,0.478,0.616,0.084891534
0.374,0.6,0.254,0.564,0.134954183
0.0,0.959,0.539,0.727,0.1042216
0.485,1.0,0.142,0.928,0.517717362
0.367,0.575,0.0,0.64,0.308174358
0.462,0.578,0.224,0.69,0.11973763
0.0,0.668,0.276,0.604,0.212563596
0.306,0.724,0.437,0.915,0.275040791
0.0,0.463,0.0,0.726,0.171736556
0.043,0.691,0.336,0.386,0.044100638
0.421,0.621,0.08,0.887,0.376133367
0.274,0.476,0.0,0.662,0.156489023
0.423,0.64,0.031,0.752,0.401466751
0.076,1.0,0.481,0.767,0.16831494
0.148,1.0,0.284,0.692,0.308583988
0.029,0.723,0.543,0.922,0.237676674
0.0,0.791,0.061,0.794,0.697321226
0.138,0.838,0.0,0.709,0.733764535
0.298,0.66,0.263,0.325,0.055983353
0.138,0.607,0.0,0.694,0.454262563
0.416,1.0,0.0,0.161,0.20618507
0.518,1.0,0.33,0.342,0.009288965
0.194,0.816,0.68,0.776,0.054016096
0.159,0.999,0.338,1.0,0.507968854
0.0,0.692,0.532,0.696,0.077323704
0.0,0.638,0.269,0.691,0.227021129
0.451,0.483,0.349,0.795,0.01433189
0.0,0.357,0.0,0.822,0.070315243
0.513,0.604,0.0,0.615,0.195531245
0.209,0.507,0.0,0.559,0.202777223
0.11,0.434,0.25,0.962,0.098395558
0.401,0.635,0.058,0.324,0.226630431
0.685,0.775,0.0,0.752,0.102476369
0.102,0.703,0.146,0.74,0.473093499
0.206,0.532,0.052,0.588,0.223587465
0.296,0.646,0.564,0.676,0.04091826
0.345,0.714,0.39,0.908,0.288828802
0.088,0.98,0.135,0.931,0.712472376
0.092,0.941,0.244,0.802,0.429918831
0.675,0.967,0.528,1.0,0.073545813
0.182,1.0,0.181,0.733,0.467935258
0.437,1.0,0.251,0.758,0.321931389
0.435,0.489,0.272,1.0,0.048308813
0.039,1.0,0.355,0.715,0.244234198
0.0,0.831,0.305,0.963,0.510202887
0.039,0.751,0.034,0.272,0.342578122
0.282,1.0,0.152,0.89,0.610784287
0.346,0.828,0.257,0.561,0.251578281
0.271,0.957,0.257,0.954,0.530937399
0.217,0.387,0.418,0.643,0.01316496
0.01,0.798,0.598,1.0,0.314203493
0.424,0.665,0.086,0.611,0.352627829
0.57,0.73,0.278,0.59,0.116577627
0.256,0.827,0.175,1.0,0.698075083
0.035,0.881,0.637,0.763,0.068767943
0.065,0.809,0.33,0.598,0.207799495
0.268,0.776,0.555,0.602,0.027798049
0.595,1.0,0.358,0.652,0.094185662
0.461,0.521,0.08,1.0,0.106638073
0.431,0.673,0.047,0.9,0.521173401
0.611,0.725,0.294,0.454,0.048326024
0.109,0.655,0.185,0.879,0.427008392
0.298,0.35,0.0,0.721,0.022829133
0.796,1.0,0.093,0.251,0.001822682
0.478,0.694,0.846,0.916,0.041543032
0.39,0.498,0.189,0.521,0.061761203
0.0,0.724,0.0,0.74,0.710164334
0.311,0.347,0.402,0.611,0.003235734
0.359,0.633,0.156,0.844,0.349349067
0.279,0.469,0.0,0.818,0.155769588
0.0,0.93,0.231,0.772,0.424827714
0.384,1.0,0.0,0.454,0.519722484
0.0,0.562,0.228,0.275,0.031792803
0.023,0.359,0.14,0.894,0.06108996
0.47,0.482,0.497,0.501,0.000108431
0.148,1.0,0.08,0.857,0.714513642
0.421,0.425,0.141,0.223,0.000901875
0.191,0.761,0.35,0.619,0.190083854
0.096,0.566,0.334,0.445,0.049124631
0.308,1.0,0.34,1.0,0.474959209
0.203,0.801,0.095,0.96,0.785403744
0.004,0.706,0.019,0.273,0.348266473
0.272,1.0,0.354,0.777,0.271330024
0.383,0.479,0.146,0.995,0.099849917
0.8,1.0,0.707,0.723,7.4009e-05
0.0,0.671,0.039,0.68,0.539424315
0.716,0.746,0.043,0.841,0.029309205
0.497,0.62,0.424,0.626,0.047274411
0.163,0.452,0.571,1.0,0.059107213
0.086,0.995,0.345,0.849,0.341044591
0.0,0.474,0.398,0.82,0.054475639
0.0,0.601,0.168,1.0,0.440240477
0.096,1.0,0.129,0.702,0.537038822
0.414,0.876,0.054,0.852,0.644811123
0.601,0.708,0.245,1.0,0.192775709
0.357,0.603,0.363,0.524,0.06272676
0.338,0.697,0.132,0.826,0.492163673
0.188,0.758,0.489,0.661,0.096860306
0.0,0.569,0.511,0.584,0.021121767
0.211,0.978,0.436,0.514,0.056959237
0.433,1.0,0.111,0.732,0.486163797
0.163,1.0,0.0,0.783,0.775369528
0.506,0.696,0.333,0.964,0.277042471
0.0,0.833,0.234,0.746,0.404137952
0.486,0.792,0.491,0.54,0.025316172
0.096,0.986,0.09,0.433,0.432636503
0.369,0.521,0.357,1.0,0.101562446
0.009,0.736,0.487,1.0,0.362887514
0.064,0.711,0.354,0.59,0.157552684
0.021,0.817,0.274,0.688,0.320989928
0.084,0.976,0.837,0.837,0.0
0.356,0.481,0.03,0.663,0.123615347
0.032,0.252,0.017,0.659,0.020564119
0.199,0.868,0.259,0.804,0.402461567
0.085,0.76,0.515,0.642,0.072872849
0.349,0.589,0.579,0.819,0.058897234
0.337,0.953,0.437,0.779,0.194510613
0.03,0.667,0.088,0.746,0.500688454
0.415,0.491,0.103,0.725,0.078459653
0.157,0.845,0.0,0.645,0.698890901
0.0,0.613,0.017,0.643,0.438997818
0.156,1.0,0.64,0.674,0.017059889
0.106,0.72,0.0,0.8,0.737253275
0.458,0.73,0.32,1.0,0.386838826
0.274,0.397,0.42,0.794,0.017720804
0.08,0.856,0.461,0.749,0.170538646
0.425,1.0,0.158,0.603,0.371990596
0.0,0.601,0.122,0.792,0.365949412
0.54,0.55,0.265,0.885,0.015726009
0.409,0.778,0.615,1.0,0.254134166
0.64,0.868,0.163,0.461,0.092369865
0.292,0.421,0.233,0.555,0.034357294
0.074,0.844,0.0,0.957,0.9466758
0.0,0.462,0.43,0.604,0.023378175
0.45,0.602,0.354,0.697,0.090492107
0.367,0.786,0.378,0.44,0.046462035
0.943,1.0,0.0,0.925,0.000296035
0.097,0.379,0.366,0.634,0.017817188
0.525,0.824,0.456,0.622,0.072313481
0.0,0.606,0.476,0.597,0.042971574
0.601,0.723,0.211,1.0,0.2259764
0.0,0.801,0.467,0.527,0.040420852
0.557,0.755,0.119,0.993,0.414908814
0.536,0.698,0.327,0.949,0.236322141
0.025,0.997,0.266,0.306,0.050949034
0.235,0.347,0.195,0.657,0.020727627
0.345,0.986,0.028,0.903,0.7764504
0.224,0.378,0.303,0.323,0.002055035
0.291,0.652,0.123,0.723,0.399640627
0.539,1.0,0.47,0.534,0.028995959
0.269,0.643,0.28,0.507,0.14210722
0.127,0.897,0.003,0.673,0.705883872
0.0,0.701,0.072,0.896,0.686416115
0.38,0.46,0.192,1.0,0.067637157
0.659,0.71,0.04,0.834,0.106772321
0.0,0.618,0.108,0.67,0.367319436
0.411,0.64,0.257,0.424,0.100553861
0.609,0.863,0.0,0.587,0.245080997
0.394,0.503,0.17,0.537,0.072096618
0.035,1.0,0.0,0.829,0.818604435
0.327,0.553,0.0,0.584,0.267913571
0.126,0.961,0.307,0.771,0.327067255
0.632,0.767,0.62,0.741,0.020037452
0.276,0.503,0.293,0.345,0.016323243
0.48,0.878,0.0,0.641,0.51738002
0.271,0.753,0.529,0.687,0.083693624
0.292,1.0,0.23,0.34,0.130437926
0.089,0.619,0.047,0.916,0.541188478
0.403,0.581,0.018,0.592,0.270452245
0.0,0.32,0.282,0.796,0.021691462
0.246,0.544,0.359,0.431,0.024810159
0.007,0.983,0.677,0.732,0.02931609
0.0,0.61,0.398,1.0,0.272058064
0.327,0.843,0.386,1.0,0.427820768
0.263,0.565,0.083,0.897,0.336254673
0.0,0.994,0.332,0.792,0.314706065
0.101,0.623,0.0,0.9,0.585161752
0.015,0.969,0.291,0.808,0.37248284
0.457,0.645,0.299,1.0,0.280076831
0.134,0.286,0.173,0.611,0.013466159
0.545,0.559,0.258,0.6,0.014658905
0.428,1.0,0.0,0.593,0.562492685
0.316,0.99,0.468,0.798,0.186818861
0.487,0.863,0.0,0.91,0.654022636
0.371,0.679,0.255,0.963,0.400516685
0.273,1.0,0.054,0.382,0.429757045
0.498,0.798,0.295,1.0,0.405373727
0.0,0.494,0.146,0.416,0.101942817
0.701,0.765,0.269,0.848,0.0442848
0.342,0.363,0.428,1.0,0.006320007
0.202,0.474,0.0,0.626,0.165263368
0.27,0.478,0.41,0.975,0.072492479
0.493,0.573,0.229,0.756,0.098810352
0.297,0.729,0.0,0.769,0.693412528
0.178,0.216,0.435,0.768,0.000958672
0.16,0.867,0.376,0.824,0.284832327
0.487,0.848,0.0,0.712,0.538095599
0.006,0.807,0.046,0.57,0.595094421
0.404,0.544,0.496,0.908,0.062349831
0.475,0.604,0.115,0.637,0.193514075
0.261,0.619,0.017,0.809,0.48099695
0.183,0.713,0.278,0.666,0.269398911
0.176,0.919,0.054,0.856,0.749056818
0.236,0.904,0.413,0.867,0.286698037
0.0,0.629,0.417,0.485,0.031613805
0.207,0.581,0.004,0.844,0.424767475
0.28,0.48,0.208,0.782,0.094041087
0.0,0.879,0.0,0.52,0.634229586
0.175,1.0,0.462,0.72,0.152697363
0.253,0.777,0.013,0.762,0.716448197
0.252,0.47,0.12,0.698,0.115797953
0.209,1.0,0.141,0.855,0.611372915
0.0,0.873,0.449,0.486,0.026426304
0.071,0.787,0.054,0.988,0.895062408
0.387,0.885,0.68,0.691,0.00504981
0.485,1.0,0.143,1.0,0.575313419
0.505,0.525,0.132,0.684,0.025908243
0.169,0.887,0.214,0.503,0.290646321
0.153,0.551,0.0,0.28,0.189398842
0.384,0.934,0.029,0.669,0.598956648
0.003,0.593,0.208,0.845,0.287746208
0.406,0.848,0.367,1.0,0.414592125
0.348,0.947,0.0,0.866,0.780288531
0.42,0.538,0.284,0.568,0.055074594
0.249,0.801,0.284,0.931,0.475589144
0.158,0.862,0.164,0.607,0.428507501
0.318,0.386,0.269,1.0,0.030181821
0.0,0.729,0.245,0.925,0.505820878
0.0,0.73,0.289,0.889,0.413867528
0.216,0.268,0.191,0.842,0.009264869
0.204,0.742,0.099,0.801,0.607891059
0.0,0.706,0.226,1.0,0.580105058
0.129,0.509,0.474,0.788,0.046009377
0.126,0.286,0.12,0.526,0.015497098
0.335,0.533,0.095,0.823,0.204990603
0.0,0.945,0.072,0.902,0.781508816
0.248,0.678,0.779,1.0,0.160077589
0.132,1.0,0.0,0.425,0.562756019
0.15,1.0,0.182,0.602,0.400953853
0.084,0.692,0.365,0.633,0.158067303
0.128,0.945,0.201,0.687,0.417342499
0.301,1.0,0.278,0.426,0.143929902
0.24,0.874,0.225,1.0,0.631930149
0.163,1.0,0.252,1.0,0.608066615
0.329,0.757,0.213,0.813,0.432576263
0.0,0.54,0.242,0.888,0.187963416
0.492,1.0,0.49,1.0,0.286956207
0.507,0.971,0.24,1.0,0.44693397
0.578,0.74,0.213,0.801,0.203627464
0.0,0.656,0.516,0.794,0.11518695
0.369,0.611,0.57,0.99,0.156146517
0.178,0.604,0.265,0.843,0.244108555
0.199,1.0,0.054,1.0,0.897754263
0.0,0.457,0.441,0.739,0.031858206
0.168,0.932,0.483,0.703,0.130472348
0.069,0.518,0.193,1.0,0.228067579
0.0,0.813,0.023,0.209,0.283715311
0.152,1.0,0.559,0.584,0.015526357
0.235,1.0,0.386,0.506,0.092858667
0.177,0.227,0.496,0.952,0.005674582
0.441,0.964,0.0,0.344,0.390735475
0.115,1.0,0.451,0.783,0.197856499
0.678,0.83,0.429,0.889,0.063891968
0.017,0.416,0.339,0.513,0.020261199
0.128,0.979,0.144,0.278,0.193804947
0.106,0.276,0.351,1.0,0.026436631
0.341,0.877,0.204,0.458,0.256001597
0.427,0.749,0.112,1.0,0.653869455
0.203,0.828,0.384,0.474,0.069606136
0.358,0.592,0.097,0.245,0.120988895
0.096,1.0,0.822,0.987,0.174378498
0.7,0.706,0.025,0.686,0.009237331
0.195,0.969,0.284,1.0,0.563518482
0.461,0.707,0.705,0.763,0.024388481
0.102,0.966,0.308,0.738,0.307441154
0.374,0.917,0.097,0.239,0.196739482
0.463,0.608,0.478,0.511,0.007578157
0.075,0.965,0.209,1.0,0.676147825
0.0,0.191,0.0,0.78,0.013235527
0.262,0.834,0.502,0.646,0.084037851
0.0,0.333,0.494,0.818,0.013652042
0.164,0.912,0.143,0.879,0.635761396
0.162,1.0,0.487,0.517,0.021113161
0.406,0.672,0.51,0.84,0.128019731
0.0,0.786,0.526,0.89,0.233972792
0.616,0.712,0.361,0.435,0.019514227
0.203,0.545,0.0,0.783,0.313983188
0.046,0.704,0.339,0.812,0.279322974
0.0,0.801,0.207,0.446,0.261963608
0.137,0.917,0.37,0.774,0.260538509
0.008,0.7,0.291,0.912,0.407848719
0.0,0.619,0.666,0.804,0.04845683
0.166,0.288,0.288,0.862,0.015892959
0.0,0.659,0.207,0.322,0.115570763
0.282,0.846,0.525,0.657,0.07587623
0.559,1.0,0.349,0.731,0.148702609
0.204,0.584,0.062,0.634,0.330874405
0.244,0.874,0.0,0.793,0.767868822
0.0,0.799,0.107,0.623,0.530011428
0.522,0.692,0.329,0.881,0.209358843
0.192,0.869,0.0,0.889,0.857491756
0.405,0.597,0.377,0.976,0.186219906
0.532,0.794,0.0,0.736,0.461074814
0.157,1.0,0.289,1.0,0.56180251
0.379,1.0,0.054,0.893,0.708296903
0.0,0.755,0.142,0.83,0.57742353
0.413,1.0,0.085,0.913,0.657872815
0.47,0.847,0.496,0.804,0.14824995
0.0,0.747,0.108,0.624,0.511087551
0.401,0.495,0.339,0.763,0.037059476
0.0,0.619,0.0,0.947,0.613071675
0.297,0.469,0.309,1.0,0.085406153
0.345,0.752,0.487,0.874,0.211078257
0.062,0.628,0.081,0.561,0.368806496
0.25,1.0,0.421,1.0,0.415765939
0.455,0.606,0.599,0.74,0.03333494
0.0,0.887,0.0,0.873,0.855823976
0.086,0.839,0.156,0.921,0.663621405
0.1,0.73,0.399,1.0,0.421147928
0.013,0.813,0.0,0.489,0.610601846
0.384,0.647,0.0,0.776,0.488201621
0.0,0.705,0.0,0.746,0.686206137
0.259,0.959,0.254,0.628,0.306833594
0.0,0.497,0.378,0.413,0.008357831
0.0,0.754,0.234,0.708,0.368985494
0.0,0.749,0.779,1.0,0.206383001
0.251,0.769,0.215,0.37,0.176796693
0.111,0.789,0.516,0.596,0.050234763
0.006,0.455,0.311,0.924,0.090285571
0.535,0.711,0.001,0.589,0.344442111
0.134,0.625,0.293,0.806,0.232743902
0.098,0.272,0.228,0.966,0.029056198
0.354,0.839,0.089,0.891,0.672412962
0.26,0.893,0.253,0.485,0.217859528
0.052,0.33,0.497,1.0,0.035982045
0.178,0.818,0.257,0.519,0.241556112
0.239,1.0,0.304,0.79,0.335610968
0.129,0.75,0.574,0.816,0.13264442
0.179,0.747,0.0,0.859,0.795950858
0.281,0.821,0.101,0.571,0.491273846
0.0,0.581,0.071,0.179,0.097858564
0.0,0.668,0.186,0.352,0.173764053
0.731,0.838,0.019,0.768,0.040214316
0.508,0.548,0.364,0.881,0.038133464
0.368,0.803,0.414,1.0,0.388873207
0.053,0.827,0.299,0.611,0.24954562
0.245,0.487,0.592,0.988,0.058363683
0.478,0.631,0.285,0.673,0.128329535
0.05,0.39,0.5,1.0,0.051923196
0.037,0.674,0.168,0.426,0.255598852
0.28,0.712,0.371,0.485,0.081182488
0.107,0.823,0.247,1.0,0.62277027
0.663,0.805,0.296,1.0,0.131790738
0.282,0.806,0.0,0.535,0.612057927
0.394,0.422,0.29,0.551,0.007672819
0.374,0.56,0.24,0.914,0.181152885
0.11,0.861,0.0,0.724,0.744621454
0.108,0.544,0.007,0.649,0.292863142
0.407,0.545,0.217,0.813,0.123229813
0.211,0.995,0.258,1.0,0.594793223
0.267,0.783,0.186,0.517,0.332401052
0.03,0.593,0.189,0.831,0.297301949
0.0,0.927,0.709,0.783,0.042914776
0.44,0.608,0.273,0.881,0.191226687
0.564,0.83,0.477,0.651,0.061019394
0.077,0.875,0.143,1.0,0.777094105
0.046,0.586,0.437,0.831,0.122159267
0.153,0.231,0.232,1.0,0.013936029
0.525,0.689,0.179,0.585,0.19572057
0.0,0.77,0.481,0.604,0.076645577
0.246,0.65,0.388,0.42,0.020409217
0.34,0.664,0.192,0.96,0.45058794
0.077,0.279,0.114,0.91,0.032973501
0.732,0.978,0.267,0.916,0.033945943
0.0,0.732,0.295,0.992,0.521166516
0.169,0.593,0.136,0.962,0.418337315
0.103,0.738,0.436,0.533,0.063358416
0.577,0.74,0.239,0.907,0.232706037
0.207,0.354,0.257,0.701,0.02217338
0.64,0.662,0.026,0.974,0.059191549
0.482,0.692,0.169,1.0,0.444989088
0.408,0.596,0.619,0.726,0.026107895
0.013,0.971,0.386,0.786,0.255385431
0.337,0.502,0.198,0.87,0.114682657
0.136,0.514,0.3,0.926,0.138257041
0.258,1.0,0.175,0.418,0.283130125
0.036,0.877,0.459,0.803,0.207804658
0.81,0.996,0.277,0.901,0.001917344
0.179,0.875,0.492,0.69,0.115185229
0.081,0.592,0.483,0.722,0.074318603
0.234,0.374,0.348,0.799,0.021674251
0.0,0.647,0.0,0.873,0.627974982
0.586,0.75,0.311,0.959,0.214794187
0.0,0.434,0.782,0.84,0.007084191
0.56,0.66,0.36,1.0,0.151836795
0.677,0.919,0.297,1.0,0.109911671
0.0,0.454,0.303,0.713,0.057189869
0.654,0.711,0.065,0.913,0.125109292
0.71,0.77,0.571,0.677,0.005227087
0.153,0.693,0.238,1.0,0.536412329
0.453,0.9,0.532,1.0,0.285987209
0.209,0.893,0.137,1.0,0.768152809
0.412,1.0,0.207,0.654,0.338678031
0.277,0.418,0.185,0.626,0.047785588
0.281,1.0,0.466,0.476,0.007490379
0.484,0.631,0.422,0.828,0.10780156
0.055,0.689,0.0,0.416,0.486891837
0.247,1.0,0.116,0.56,0.471220904
0.0,0.684,0.307,0.65,0.215852685
0.325,0.643,0.0,0.918,0.591233916
0.01,0.506,0.44,0.73,0.044386347
0.099,0.869,0.084,0.328,0.344609061
0.007,0.552,0.0,0.78,0.348302617
0.179,0.881,0.25,0.296,0.061330919
0.222,0.489,0.058,0.806,0.1790531
0.427,0.453,0.223,0.463,0.010572931
0.148,0.72,0.207,1.0,0.616419282
0.37,0.637,0.247,0.324,0.059539218
0.105,1.0,0.031,0.99,0.936875658
0.395,0.961,0.332,0.962,0.415709142
0.101,0.921,0.327,0.789,0.317872953
0.121,0.827,0.459,0.598,0.090493828
0.0,0.608,0.78,0.896,0.056432569
0.553,0.623,0.148,0.77,0.121548264
0.087,0.513,0.28,0.728,0.100829243
0.191,0.38,0.0,0.772,0.071712805
0.124,0.802,0.113,0.843,0.650217207
0.381,1.0,0.0,0.756,0.685362781
0.045,0.751,0.691,1.0,0.256290748
0.485,0.795,0.283,0.449,0.118345232
0.303,0.853,0.504,0.648,0.082963863
0.172,0.683,0.329,0.927,0.353376522
0.299,0.656,0.234,0.892,0.354386828
0.142,0.993,0.672,1.0,0.27321983
0.558,0.714,0.186,0.44,0.127403565
0.333,0.791,0.019,0.768,0.692255926
0.126,0.546,0.19,0.903,0.235817849
0.377,1.0,0.585,0.859,0.149890192
0.154,0.881,0.102,0.652,0.552165876
0.354,0.416,0.072,0.738,0.044207349
0.428,1.0,0.065,0.775,0.57069045
0.0,0.799,0.495,0.557,0.040541331
0.448,0.819,0.0,0.833,0.654404728
0.0,0.984,0.272,1.0,0.594562591
0.407,0.515,0.408,0.44,0.004948263
0.458,0.774,0.301,1.0,0.42979491
0.401,0.935,0.56,0.884,0.182040991
0.146,0.612,0.032,0.856,0.493063827
0.041,0.861,0.312,0.506,0.170234005
0.383,0.583,0.264,0.65,0.131866467
0.0,0.516,0.388,1.0,0.141525476
0.199,0.622,0.409,0.451,0.020206123
0.0,0.738,0.032,0.974,0.874403627
0.48,1.0,0.09,0.826,0.509046285
0.57,0.634,0.264,0.841,0.083001728
0.442,0.552,0.226,0.794,0.108603609
0.0,0.879,0.121,0.867,0.668027511
0.251,1.0,0.0,0.696,0.712122985
0.427,0.719,0.265,0.805,0.304775117
0.239,0.535,0.447,0.82,0.067002058
0.282,1.0,0.0,0.772,0.744970844
0.69,0.8,0.433,0.711,0.029259292
0.323,1.0,0.395,0.611,0.14198674
0.0,0.529,0.267,1.0,0.208281412
0.414,0.792,0.398,0.805,0.2223362
0.119,0.34,0.412,0.45,0.001431984
0.14,1.0,0.138,1.0,0.779901276
0.226,0.516,0.407,1.0,0.119150723
0.332,1.0,0.232,0.746,0.383640958
0.452,0.722,0.436,0.704,0.12160334
0.106,0.161,0.029,0.727,0.004851879
0.023,0.893,0.457,0.884,0.279145698
0.206,0.453,0.0,0.666,0.139967849
0.891,0.925,0.146,0.895,0.000149739
0.638,1.0,0.129,1.0,0.237967546
0.479,0.793,0.124,0.954,0.565039965
0.387,0.903,0.244,0.768,0.362872023
0.246,0.691,0.201,0.623,0.318692213
0.338,0.451,0.154,0.808,0.071867707
0.559,0.581,0.604,0.682,0.003454318
0.0,0.933,0.0,0.602,0.684896353
0.423,1.0,0.034,0.992,0.786963092
0.466,0.558,0.348,0.642,0.045501642
0.135,1.0,0.0,0.653,0.706975071
0.283,0.755,0.316,0.632,0.224952325
0.095,0.869,0.032,0.74,0.706833938
0.191,0.978,0.151,0.901,0.641967808
0.304,0.358,0.0,0.59,0.024333404
0.0,0.587,0.735,1.0,0.131639278
0.408,0.482,0.099,0.468,0.059620111
0.498,0.71,0.143,0.593,0.277873779
0.33,1.0,0.231,0.691,0.35632999
0.494,0.594,0.035,0.873,0.240074215
0.261,0.559,0.151,0.685,0.217520464
0.097,1.0,0.286,0.431,0.148549428
0.049,0.684,0.294,1.0,0.467823384
0.178,0.342,0.0,0.653,0.0404329
0.236,0.954,0.0,0.786,0.765386946
0.357,0.877,0.314,0.432,0.102269833
0.421,1.0,0.143,0.381,0.258054911
0.265,0.577,0.194,0.381,0.120295278
0.204,1.0,0.203,0.435,0.254812293
0.0,0.264,0.129,0.381,0.011846571
0.0,0.718,0.106,0.73,0.54457395
0.549,0.637,0.57,0.795,0.037728997
0.179,1.0,0.239,0.764,0.405034664
0.0,0.824,0.378,0.664,0.191765402
0.427,1.0,0.225,0.307,0.089139295
0.323,0.78,0.51,0.72,0.113353941
0.268,0.716,0.217,0.726,0.366766951
0.147,0.728,0.381,0.463,0.060616648
0.181,0.642,0.369,0.571,0.10188602
0.63,0.636,0.513,0.575,0.000650589
0.301,0.451,0.578,0.709,0.00765905
0.021,0.991,0.0,0.321,0.465031703
0.334,0.877,0.0,0.702,0.689393679
0.0,0.645,0.509,0.699,0.074370237
0.434,0.574,0.362,0.895,0.115908105
0.35,1.0,0.0,0.687,0.673478345
0.323,0.461,0.43,0.53,0.011039359
0.426,0.763,0.133,0.686,0.4265041
0.506,0.516,0.079,1.0,0.020228498
0.088,0.794,0.438,0.477,0.028064825
0.626,0.952,0.166,0.292,0.05154971
0.208,0.505,0.199,0.858,0.14424659
0.307,0.589,0.0,0.464,0.318552801
0.328,0.5,0.613,0.687,0.006437044
0.494,0.867,0.184,0.651,0.306183005
0.0,0.725,0.0,0.625,0.655327257
0.229,0.698,0.7,0.738,0.018409258
0.255,1.0,0.325,0.633,0.228608015
0.21,0.582,0.658,0.741,0.021049479
0.237,1.0,0.387,0.529,0.10449526
0.082,1.0,0.25,0.678,0.351698416
0.063,0.723,0.0,0.859,0.784809952
0.0,0.824,0.408,0.564,0.112020062
0.239,1.0,0.351,1.0,0.480475446
0.219,0.731,0.319,0.655,0.229284421
0.499,0.514,0.064,0.95,0.028255871
0.03,0.645,0.147,0.617,0.34171067
0.0,0.744,0.0,0.636,0.673459412
0.0,0.839,0.12,1.0,0.814459942
0.356,0.668,0.157,0.637,0.329082704
0.0,0.776,0.464,0.867,0.251196189
0.0,0.832,0.286,0.462,0.171561
0.197,0.409,0.434,0.514,0.006135846
0.364,0.693,0.323,0.629,0.177595299
0.3,0.506,0.427,0.66,0.034443351
0.294,0.6,0.0,0.845,0.456856313
0.441,0.607,0.289,1.0,0.234652641
0.519,0.815,0.418,0.702,0.12633474
0.375,0.655,0.108,1.0,0.536169649
0.0,0.962,0.0,0.921,0.908564711
0.423,0.43,0.372,0.693,0.002194447
0.371,0.411,0.549,0.632,0.002111832
0.149,0.788,0.0,0.763,0.756886261
0.187,0.982,0.297,0.657,0.27528175
0.0,0.054,0.603,0.663,5.163e-06
0.1,0.676,0.408,0.645,0.122049114
0.0,0.398,0.337,0.903,0.052518709
0.153,0.724,0.022,0.923,0.807532375
0.0,0.637,0.307,1.0,0.375844217
0.267,0.992,0.178,0.995,0.685426463
0.106,0.977,0.0,0.586,0.671789911
0.0,0.887,0.382,0.693,0.204033652
0.29,0.523,0.259,0.733,0.104039159
0.762,0.881,0.09,0.724,0.015874027
0.18,0.252,0.29,0.948,0.012760494
0.209,1.0,0.389,0.74,0.219861208
0.038,0.616,0.194,0.788,0.310840396
0.329,0.582,0.029,0.995,0.446637935
0.275,1.0,0.412,0.594,0.121450159
0.468,0.583,0.323,0.778,0.096195948
0.33,1.0,0.528,0.782,0.13558584
0.1,0.948,0.129,0.417,0.359648338
0.527,0.537,0.62,0.777,0.0030946
0.0,0.684,0.03,0.946,0.752302878
0.078,1.0,0.159,0.817,0.563294734
0.44,0.86,0.394,0.572,0.106486613
0.302,0.647,0.284,0.946,0.331686781
0.205,0.608,0.191,0.401,0.1595492
0.0,0.794,0.649,0.98,0.264825856
0.167,0.35,0.417,0.952,0.031002802
0.252,0.802,0.0,0.768,0.74687614
0.456,1.0,0.0,0.46,0.458026684
0.73,0.804,0.0,0.7,0.037586143
0.0,0.463,0.528,0.796,0.027307525
0.014,0.896,0.091,0.584,0.538288366
0.0,0.563,0.135,1.0,0.376587747
0.011,0.597,0.215,0.829,0.278884085
0.069,0.149,0.007,0.937,0.009765719
0.298,0.638,0.222,0.42,0.150628558
0.083,0.645,0.039,0.865,0.570518337
0.049,0.485,0.151,0.562,0.11664303
0.369,0.759,0.082,0.706,0.540923423
0.011,0.728,0.656,1.0,0.265323264
0.175,1.0,0.52,0.885,0.230239651
0.542,0.883,0.098,0.895,0.437801629
0.03,0.927,0.197,0.397,0.239179225
0.146,0.91,0.395,0.571,0.124783998
0.54,0.907,0.189,0.857,0.339075613
0.148,0.44,0.609,0.615,0.000383813
0.0,0.928,0.602,0.666,0.033837511
0.194,0.861,0.433,0.508,0.05390078
0.257,0.541,0.4,0.877,0.098311222
0.258,0.804,0.117,1.0,0.780073389
0.42,0.775,0.428,0.931,0.292969853
0.0,0.752,0.436,0.738,0.175375035
0.533,0.646,0.241,0.585,0.107718946
0.473,0.551,0.0,0.771,0.152459846
0.109,0.769,0.171,0.847,0.553876684
0.543,0.751,0.219,0.566,0.181973866
0.635,0.845,0.101,0.787,0.191071785
0.523,0.791,0.175,0.648,0.283569014
0.66,0.783,0.55,0.772,0.032100886
0.353,0.792,0.351,0.835,0.296133298
0.233,0.325,0.232,0.544,0.010257964
0.784,0.869,0.648,0.955,0.003015428
0.073,0.712,0.249,1.0,0.56208994
0.291,0.814,0.384,1.0,0.435493587
0.22,0.58,0.153,0.933,0.34365211
0.181,1.0,0.626,0.668,0.020564119
0.487,0.626,0.29,0.902,0.182497091
0.196,0.721,0.422,0.568,0.090901737
0.509,0.866,0.335,0.905,0.294524037
0.119,1.0,0.0,0.139,0.213892312
0.0,0.923,0.375,0.691,0.212859631
0.332,0.556,0.63,0.786,0.026543342
0.113,0.401,0.339,0.413,0.009316503
0.382,0.68,0.167,0.651,0.325316861
0.198,0.909,0.159,0.958,0.689581282
0.352,0.811,0.513,0.515,0.00157656
0.21,0.541,0.425,0.642,0.048634107
0.183,1.0,0.0,0.227,0.339287312
0.576,0.882,0.353,0.909,0.203901124
0.364,0.868,0.089,1.0,0.773200898
0.316,0.474,0.268,1.0,0.09440941
0.381,0.769,0.0,0.552,0.568864326
0.0,0.458,0.165,0.901,0.1315515
0.074,0.843,0.505,0.809,0.179283733
0.779,0.827,0.0,0.738,0.007820837
0.479,0.528,0.105,0.377,0.044351924
0.647,0.909,0.177,0.635,0.115796231
0.149,0.627,0.386,0.886,0.20953612
0.291,0.895,0.096,0.912,0.713974927
0.261,0.453,0.484,0.616,0.013817271
0.206,0.574,0.792,1.0,0.096106449
0.007,0.847,0.126,0.396,0.343936098
0.25,0.532,0.424,1.0,0.127840733
0.0,0.581,0.246,0.815,0.224716529
0.335,0.401,0.117,1.0,0.047921558
0.089,0.799,0.058,0.471,0.509572952
0.38,0.76,0.233,0.403,0.16714629
0.097,0.772,0.365,0.76,0.253595451
0.0,0.815,0.599,0.779,0.099979002
0.156,0.999,0.349,0.383,0.033696378
0.566,0.982,0.0,0.768,0.392757809
0.327,0.734,0.231,0.633,0.30669074
0.301,0.529,0.251,0.895,0.140071117
0.271,1.0,0.11,0.645,0.523329983
0.238,1.0,0.242,0.909,0.510433519
0.388,0.464,0.109,1.0,0.083726326
0.301,0.725,0.354,0.891,0.32118958
0.169,0.719,0.003,0.95,0.843006685
0.161,0.594,0.214,0.304,0.070289426
0.109,0.527,0.41,0.47,0.015149429
0.524,0.587,0.101,0.383,0.078320241
0.553,0.991,0.41,0.414,0.002841594
0.255,0.381,0.0,0.837,0.06296944
0.231,0.764,0.198,1.0,0.652590652
0.405,0.536,0.17,0.577,0.105214694
0.0,0.853,0.107,0.679,0.563026237
0.045,0.963,0.494,0.626,0.083715999
0.531,0.547,0.435,0.961,0.018799956
0.128,0.624,0.382,0.425,0.024877283
0.713,0.745,0.34,0.778,0.015082305
0.021,1.0,0.683,0.935,0.197319505
0.487,0.638,0.241,0.786,0.185557269
0.081,0.542,0.402,1.0,0.168141106
0.309,0.546,0.184,0.772,0.176325102
0.493,0.615,0.179,1.0,0.259048006
0.462,0.532,0.541,0.743,0.015471281
0.0,0.745,0.033,0.571,0.592727861
0.358,0.566,0.0,0.888,0.346536732
0.289,1.0,0.0,0.675,0.69348998
0.512,0.746,0.068,1.0,0.569048488
0.038,0.73,0.218,0.711,0.381131543
0.213,0.837,0.689,0.783,0.051814765
0.0,0.834,0.021,1.0,0.964112617
0.008,0.524,0.091,1.0,0.303198557
0.0,0.686,0.571,0.944,0.221914522
0.189,0.623,0.312,0.766,0.197441705
0.182,0.915,0.595,0.705,0.056876622
0.343,0.843,0.282,0.952,0.476864505
0.306,0.416,0.419,0.767,0.017534922
0.024,0.962,0.203,0.493,0.301214089
0.229,1.0,0.0,0.811,0.783285027
0.277,0.526,0.481,0.568,0.016185552
0.465,0.85,0.462,0.854,0.198715345
0.376,0.596,0.651,0.687,0.008714106
0.179,1.0,0.474,0.582,0.071122455
0.558,1.0,0.287,0.674,0.165841669
0.491,0.829,0.274,1.0,0.434245764
0.388,0.53,0.236,0.376,0.044914735
0.613,0.749,0.184,0.469,0.097378367
0.257,0.528,0.468,0.577,0.021238804
0.447,1.0,0.201,0.389,0.178664124
0.346,0.602,0.547,0.593,0.014521215
0.088,0.664,0.0,0.832,0.640566804
0.358,1.0,0.241,0.842,0.424378498
0.156,0.971,0.184,0.732,0.465071289
0.331,0.377,0.456,0.47,0.000433726
0.132,0.816,0.408,0.568,0.113302307
0.208,0.678,0.197,0.937,0.493852106
0.147,0.756,0.1,0.786,0.611028688
0.267,0.982,0.416,0.478,0.046775282
0.03,0.681,0.177,0.679,0.374539596
0.306,1.0,0.231,0.886,0.485081203
0.19,0.668,0.568,0.662,0.039360633
0.024,0.368,0.535,1.0,0.043789113
0.383,0.433,0.034,0.954,0.052800975
0.226,0.873,0.386,0.564,0.130062718
0.427,0.693,0.0,0.643,0.496729844
0.0,0.752,0.263,0.573,0.261927464
0.0,0.958,0.0,0.236,0.35718023
0.0,0.829,0.581,0.877,0.188579582
0.118,1.0,0.093,0.343,0.346491983
0.362,0.971,0.382,0.836,0.268314596
0.074,0.638,0.514,0.532,0.007060095
0.518,0.854,0.151,0.889,0.432065086
0.12,0.716,0.0,0.726,0.688252566
0.452,0.664,0.487,0.545,0.020619195
0.596,0.628,0.251,0.39,0.013056529
0.179,0.191,0.433,0.664,0.000110153
0.308,0.972,0.415,0.873,0.279448617
0.387,0.835,0.364,0.544,0.122400226
0.43,0.62,0.0,0.841,0.402442635
0.529,0.661,0.24,0.54,0.113512285
0.79,0.905,0.455,0.539,0.000316689
0.271,0.645,0.467,0.573,0.045245193
0.516,0.746,0.214,0.786,0.292014623
0.0,0.581,0.0,0.731,0.412512995
0.256,1.0,0.273,0.719,0.328552594
0.248,0.668,0.861,0.992,0.108904807
0.0,0.775,0.0,0.583,0.662893365
0.034,0.811,0.134,1.0,0.789066319
0.227,0.468,0.078,0.834,0.144478944
0.246,1.0,0.117,0.987,0.777183604
0.247,0.585,0.656,0.741,0.02089974
0.444,1.0,0.518,1.0,0.298066133
0.58,0.648,0.271,0.613,0.056506578
0.514,0.884,0.389,0.687,0.138993687
0.361,1.0,0.263,0.689,0.308614968
0.552,0.913,0.122,0.812,0.350727696
0.0,0.774,0.12,0.784,0.592991195
0.16,0.608,0.542,0.602,0.020386842
0.47,0.507,0.088,0.738,0.047332929
0.14,0.476,0.181,1.0,0.166571431
0.062,0.944,0.0,0.608,0.686614046
0.126,1.0,0.0,0.302,0.440188843
0.0,0.363,0.419,0.708,0.013736377
0.442,0.849,0.155,0.855,0.492017377
0.311,0.64,0.306,1.0,0.339428446
0.0,0.687,0.192,1.0,0.589156506
0.04,0.834,0.0,0.742,0.7580377
0.057,0.955,0.326,0.776,0.30990582
0.31,0.433,0.0,0.678,0.092006706
0.479,0.813,0.164,0.925,0.496571499
0.149,1.0,0.415,0.791,0.230270631
0.331,0.347,0.177,1.0,0.008254563
0.011,0.762,0.219,0.897,0.53127302
0.27,0.86,0.161,0.565,0.403199934
0.178,0.69,0.07,0.711,0.540477649
0.639,0.903,0.379,1.0,0.149200017
0.578,0.668,0.204,0.786,0.125172974
0.076,0.524,0.242,0.434,0.075177449
0.197,0.897,0.256,0.27,0.01721307
0.0,0.584,0.259,0.418,0.095257929
0.267,1.0,0.247,0.395,0.162865827
0.0,0.837,0.146,0.706,0.515462675
0.448,0.648,0.045,0.699,0.361261041
0.307,0.569,0.388,0.611,0.064804169
0.484,0.598,0.0,0.708,0.247197992
0.444,0.542,0.049,0.892,0.172123812
0.404,0.688,0.293,1.0,0.39339635
0.185,0.875,0.252,1.0,0.604231926
0.496,0.744,0.241,0.742,0.269972049
0.035,0.691,0.466,1.0,0.33808596
0.115,1.0,0.225,1.0,0.653792004
0.28,0.478,0.723,0.769,0.003216801
0.016,0.915,0.267,1.0,0.597543596
0.0,0.774,0.136,1.0,0.778586329
0.644,1.0,0.236,0.333,0.030830689
0.168,0.638,0.81,0.831,0.010457615
0.209,0.249,0.005,0.827,0.009400839
0.79,0.826,0.496,1.0,0.002452617
0.135,1.0,0.417,0.917,0.341438731
0.064,0.506,0.445,0.543,0.017786208
0.111,0.747,0.202,0.91,0.55467357
0.273,0.431,0.018,0.692,0.096683029
0.003,0.903,0.119,0.346,0.312971161
0.0,0.84,0.538,0.659,0.070253282
0.358,0.606,0.044,0.836,0.401835074
0.18,0.838,0.333,1.0,0.510214935
0.425,0.595,0.222,0.424,0.098003139
0.138,0.898,0.469,0.617,0.095147777
0.583,0.591,0.278,0.682,0.007633233
0.093,0.988,0.268,0.81,0.400960737
0.488,0.728,0.103,0.855,0.456167859
0.41,0.494,0.261,0.651,0.042580876
0.068,1.0,0.122,0.778,0.599010003
0.424,0.59,0.235,0.823,0.179844822
0.284,0.616,0.299,1.0,0.313635519
0.331,0.481,0.104,1.0,0.151150062
0.411,0.691,0.025,0.707,0.509075544
0.089,0.985,0.329,0.579,0.196913317
0.23,0.342,0.205,0.881,0.028407331
0.168,1.0,0.241,0.457,0.223305199
0.327,0.495,0.226,0.575,0.072922762
0.586,0.59,0.444,0.467,0.000234074
0.409,0.768,0.056,0.744,0.567358333
0.0,0.899,0.436,0.804,0.226565028
0.318,0.857,0.207,0.607,0.35011153
0.0,0.859,0.257,0.493,0.227730236
0.368,0.506,0.765,0.907,0.016669191
0.461,0.515,0.25,0.554,0.029920208
0.141,0.737,0.559,0.932,0.241786745
0.415,0.579,0.0,0.648,0.278701645
0.364,0.599,0.26,0.998,0.284997556
0.264,0.574,0.118,0.754,0.286355531
0.159,0.77,0.284,0.394,0.112859975
0.004,0.659,0.13,0.488,0.323201586
0.416,0.61,0.187,0.829,0.2489983
0.097,0.797,0.163,0.4,0.292429416
0.164,1.0,0.578,0.939,0.254027456
0.262,0.816,0.07,0.626,0.572272173
0.102,0.186,0.284,0.738,0.003089437
0.266,1.0,0.415,0.673,0.16127722
0.319,1.0,0.233,0.87,0.469053995
0.58,0.751,0.0,0.589,0.282393479
0.194,0.823,0.0,0.621,0.680433451
0.0,0.918,0.211,0.742,0.438462545
0.0,0.336,0.399,0.74,0.012025569
0.145,0.877,0.062,0.492,0.516402415
0.0,0.593,0.0,0.893,0.507812231
0.141,1.0,0.01,0.544,0.62490964
0.164,0.44,0.417,0.507,0.010020447
0.11,0.894,0.31,0.734,0.302422325
0.604,0.703,0.418,0.886,0.094671022
0.278,0.798,0.736,0.866,0.084929399
0.249,1.0,0.179,0.713,0.454830537
0.193,0.587,0.116,0.34,0.180758745
0.058,0.57,0.318,0.773,0.149055441
0.0,0.602,0.688,0.877,0.072058753
0.173,1.0,0.4,0.543,0.104338637
0.15,0.888,0.236,1.0,0.633570391
0.594,0.6,0.235,0.446,0.003924187
0.202,0.731,0.321,0.817,0.315220684
0.462,0.683,0.036,0.5,0.35253833
0.479,0.749,0.0,0.62,0.485294624
0.774,1.0,0.481,0.701,0.002294273
0.542,1.0,0.301,0.621,0.153745534
0.196,1.0,0.397,1.0,0.446613839
0.505,0.913,0.583,0.748,0.068317006
0.0,0.793,0.421,0.585,0.112149147
0.069,0.53,0.105,0.877,0.253955168
0.227,0.307,0.24,0.682,0.010018726
0.249,0.995,0.26,1.0,0.58188299
0.0,0.754,0.0,0.879,0.834929399
0.021,0.649,0.205,0.683,0.301976551
0.476,0.64,0.299,0.975,0.242530275
0.47,0.838,0.0,0.48,0.450715304
0.0,0.436,0.173,1.0,0.131952524
0.397,0.978,0.0,0.443,0.502953467
0.058,0.776,0.307,0.961,0.496062043
0.471,0.912,0.235,0.996,0.492387421
0.457,0.498,0.216,0.417,0.019164837
0.061,0.995,0.082,0.202,0.186350712
0.114,0.376,0.135,0.829,0.059719937
0.236,0.884,0.367,0.797,0.272841181
0.25,0.88,0.097,0.832,0.654399565
0.453,0.612,0.53,1.0,0.147084742
0.31,0.664,0.531,0.684,0.06105898
0.35,0.5,0.612,0.684,0.005746869
0.331,0.611,0.367,0.537,0.070220581
0.353,1.0,0.0,0.683,0.668824396
0.181,0.52,0.264,0.891,0.141618418
0.021,0.783,0.705,0.858,0.100875713
0.339,0.952,0.046,0.868,0.725618404
0.01,0.839,0.415,0.843,0.271486647
0.217,0.999,0.462,0.742,0.16377975
0.0,0.52,0.742,0.946,0.057229455
0.0,0.705,0.314,0.448,0.112247251
0.0,0.876,0.329,0.784,0.312048632
0.47,0.866,0.0,0.776,0.593874137
0.05,0.789,0.58,0.662,0.04504382
0.1,1.0,0.202,0.854,0.526777416
0.47,0.74,0.179,1.0,0.515830998
0.214,0.868,0.131,0.661,0.503629873
0.032,0.988,0.067,0.797,0.691959891
0.316,0.709,0.322,0.906,0.351030616
0.359,0.973,0.0,0.733,0.689417775
0.232,0.616,0.09,0.932,0.479718147
0.412,0.856,0.4,0.631,0.137871507
0.314,0.451,0.319,0.643,0.035918363
0.619,0.706,0.09,0.338,0.07781767
0.572,0.678,0.0,0.792,0.24981756
0.0,0.76,0.26,0.786,0.38341721
0.785,1.0,0.1,0.858,0.007569551
0.315,0.509,0.537,0.629,0.012849993
0.378,1.0,0.0,0.758,0.68781884
0.273,0.764,0.364,0.466,0.07953192
0.428,0.63,0.357,1.0,0.243635243
0.284,1.0,0.0,0.857,0.80226226
0.172,0.98,0.046,0.513,0.553406814
0.145,0.723,0.442,0.851,0.23055634
0.259,0.735,0.333,0.669,0.220716612
0.058,0.549,0.26,0.79,0.160903733
0.047,1.0,0.2,0.346,0.187889407
0.48,0.581,0.038,0.919,0.240482124
0.454,1.0,0.427,0.766,0.171032612
0.684,0.737,0.0,0.879,0.091309646
0.119,0.459,0.265,0.798,0.076974314
0.43,1.0,0.042,0.978,0.753586845
0.0,0.739,0.318,0.711,0.264123633
0.079,0.998,0.153,0.823,0.575051806
0.521,0.638,0.618,0.956,0.096657212
0.261,1.0,0.413,0.441,0.021836038
0.149,0.935,0.088,0.541,0.510082408
0.406,1.0,0.413,1.0,0.380031738
0.292,0.821,0.0,0.848,0.789524141
0.376,0.39,0.062,0.394,0.007156479
0.075,0.289,0.017,0.883,0.0402212
0.338,0.72,0.0,0.795,0.681574563
0.328,0.644,0.422,1.0,0.266385204
0.197,0.787,0.0,0.584,0.656273881
0.114,1.0,0.101,1.0,0.840175418
0.0,0.254,0.0,0.853,0.029779075
0.35,0.85,0.033,0.317,0.378737444
0.398,0.974,0.216,0.502,0.255058415
0.482,0.921,0.419,0.505,0.049212409
0.357,0.999,0.327,1.0,0.473310362
0.44,0.833,0.575,0.853,0.144613192
0.503,0.885,0.126,0.98,0.54710574
0.493,0.826,0.43,0.57,0.07313102
0.027,0.276,0.0,0.653,0.027717156
0.335,0.883,0.0,0.528,0.596762201
0.407,0.621,0.153,1.0,0.386885297
0.227,1.0,0.149,1.0,0.746528471
0.11,0.224,0.0,0.982,0.023376453
0.573,0.713,0.0,0.698,0.289575775
0.178,0.94,0.136,0.924,0.693083792
0.129,0.825,0.413,0.473,0.04592332
0.483,1.0,0.446,0.503,0.032636159
0.46,0.754,0.492,0.572,0.038035359
0.246,0.536,0.195,0.754,0.162351208
0.156,0.974,0.209,1.0,0.66799653
0.284,0.79,0.078,0.728,0.602521118
0.407,0.443,0.316,0.83,0.014891259
0.429,0.641,0.823,0.927,0.05283884
0.243,0.74,0.292,0.929,0.438937578
0.0,0.864,0.0,0.571,0.665777987
0.369,0.76,0.005,0.847,0.716663339
0.509,0.689,0.484,0.854,0.129587685
0.231,0.411,0.08,0.573,0.067182778
0.388,0.524,0.255,0.812,0.088836375
0.5,0.664,0.146,0.889,0.31765609
0.115,0.957,0.0,0.879,0.858562302
0.082,0.626,0.435,0.529,0.040806386
0.097,0.635,0.688,0.792,0.039474228
0.385,0.929,0.0,0.734,0.66960407
0.582,0.648,0.601,0.617,0.001533531
0.0,0.885,0.003,0.994,0.981988324
0.393,1.0,0.335,1.0,0.449820314
0.446,0.796,0.036,0.836,0.615229978
0.575,0.621,0.059,0.615,0.082055104
0.17,0.752,0.387,0.518,0.09427344
0.0,0.87,0.601,0.929,0.23337728
0.24,0.81,0.043,0.581,0.590110015
0.0,0.606,0.286,0.388,0.070187879
0.0,0.525,0.063,0.463,0.190706905
0.668,0.779,0.255,0.553,0.055196795
0.446,0.554,0.0,0.526,0.166087792
0.321,0.77,0.0,0.883,0.794040398
0.243,0.486,0.172,0.288,0.043653143
0.0,0.694,0.0,0.625,0.611989081
0.085,0.75,0.038,1.0,0.903707669
0.438,0.52,0.339,0.447,0.015232043
0.014,0.738,0.06,0.656,0.594681349
0.487,0.723,0.376,0.88,0.231688846
0.026,0.653,0.0,0.671,0.547162537
0.191,0.943,0.212,1.0,0.658619788
0.303,0.65,0.364,0.562,0.099756976
0.246,0.648,0.141,0.853,0.434727682
0.439,0.709,0.261,0.623,0.216432707
0.231,0.665,0.47,1.0,0.286957929
0.679,0.943,0.0,0.854,0.143754346
0.307,1.0,0.422,1.0,0.403473594
0.214,1.0,0.498,1.0,0.367472617
0.453,1.0,0.315,1.0,0.432398987
0.309,0.533,0.42,0.683,0.047437919
0.321,0.579,0.583,0.95,0.107448727
0.185,0.407,0.741,1.0,0.032224808
0.629,0.681,0.0,0.823,0.124353714
0.114,0.544,0.237,0.603,0.130135006
0.335,0.735,0.142,1.0,0.671159976
0.199,0.62,0.46,0.581,0.047699531
0.352,0.507,0.352,0.402,0.011163281
0.123,0.825,0.409,1.0,0.441267994
0.022,0.984,0.292,0.653,0.280173215
0.113,0.739,0.168,0.525,0.358546811
0.428,0.78,0.088,1.0,0.707107598
0.0,0.828,0.214,1.0,0.667542151
0.007,0.751,0.118,0.81,0.600163164
0.248,0.778,0.335,1.0,0.487697328
0.232,1.0,0.42,0.677,0.160062099
0.14,0.486,0.563,0.939,0.059960896
0.227,0.293,0.077,0.982,0.023412597
0.329,0.453,0.501,0.599,0.008808768
0.667,0.855,0.188,1.0,0.153809216
0.469,0.686,0.418,1.0,0.266161456
0.195,0.868,0.061,0.983,0.871460486
0.377,0.95,0.191,1.0,0.623382994
0.472,0.499,0.0,0.875,0.045391489
0.147,0.505,0.542,0.817,0.036987188
0.409,0.788,0.078,1.0,0.741888291
0.25,0.56,0.0,0.672,0.32460259
0.374,0.4,0.615,0.669,0.000430284
0.324,0.881,0.545,0.727,0.095476513
0.083,0.781,0.058,0.604,0.592369865
0.276,0.982,0.456,0.627,0.106725851
0.113,0.726,0.173,0.867,0.538572353
0.0,0.65,0.0,0.878,0.640947175
0.145,0.747,0.0,0.804,0.759855218
0.098,0.804,0.031,1.0,0.940632896
0.335,1.0,0.394,0.666,0.170826076
0.237,0.593,0.516,1.0,0.185911823
0.0,0.753,0.314,0.718,0.276226653
0.194,0.798,0.081,0.795,0.655409871
0.586,0.809,0.64,0.804,0.047085086
0.382,0.798,0.564,0.9,0.194558804
0.293,0.548,0.586,0.939,0.078461374
0.323,0.901,0.0,0.604,0.64629302
0.499,0.783,0.001,0.931,0.632208973
0.297,0.685,0.0,0.326,0.384413747
0.0,0.538,0.29,0.418,0.053880126
0.0,0.91,0.208,0.794,0.474031517
0.776,0.825,0.285,0.79,0.004915561
0.136,0.835,0.592,0.8,0.117438194
0.369,1.0,0.386,0.647,0.162478572
0.0,0.496,0.143,0.833,0.16682788
0.0,0.579,0.566,0.725,0.043759853
0.339,0.625,0.254,0.852,0.256626369
0.078,0.436,0.262,0.677,0.056477319
0.45,0.514,0.074,0.568,0.073766118
0.348,0.664,0.0,0.266,0.290945798
0.395,0.581,0.421,0.829,0.094686512
0.111,0.503,0.22,0.74,0.118770352
0.0,0.259,0.037,0.815,0.025866936
0.365,0.547,0.304,0.772,0.099979002
0.152,0.948,0.269,0.381,0.126040426
0.073,0.398,0.239,0.946,0.076291023
0.27,0.592,0.518,0.806,0.082015518
0.373,1.0,0.419,0.433,0.010190839
0.0,0.696,0.356,1.0,0.42489656
0.446,0.546,0.109,1.0,0.183431668
0.745,0.771,0.0,0.365,0.009330272
0.343,0.549,0.329,0.803,0.103374801
0.096,0.734,0.0,0.867,0.801597902
0.112,0.764,0.332,0.893,0.387251898
0.313,0.815,0.433,0.497,0.043949178
0.0,0.879,0.154,0.809,0.566174193
0.0,0.57,0.031,0.562,0.317953846
0.304,0.433,0.219,0.757,0.051332847
0.054,0.988,0.547,1.0,0.348751833
0.0,0.589,0.34,0.991,0.270927279
0.773,0.87,0.452,0.828,0.004316606
0.004,0.816,0.0,0.934,0.920686664
0.281,0.53,0.0,0.785,0.258899988
0.31,0.59,0.279,0.87,0.208308951
0.16,1.0,0.068,0.866,0.737955498
0.512,1.0,0.26,0.427,0.117315993
0.673,0.885,0.624,0.695,0.007481773
0.122,0.145,0.216,1.0,0.002810613
0.157,0.993,0.449,0.515,0.047338093
0.426,0.622,0.323,0.615,0.105987484
0.406,0.736,0.853,0.969,0.09489477
0.281,1.0,0.337,0.706,0.24866612
0.46,0.644,0.418,0.748,0.10140066
0.0,0.676,0.364,1.0,0.388408501
0.367,0.921,0.0,0.704,0.669397534
0.159,0.626,0.319,0.712,0.17887066
0.323,0.435,0.582,0.658,0.003996475
0.127,0.627,0.095,0.629,0.37486317
0.0,0.623,0.377,1.0,0.301208925
0.585,0.781,0.365,0.785,0.131878515
0.444,0.568,0.296,0.772,0.099658871
0.14,0.542,0.187,0.757,0.186342107
0.092,0.63,0.673,1.0,0.182593475
0.141,1.0,0.21,0.843,0.503085995
0.301,0.995,0.405,0.434,0.024111378
0.0,0.699,0.108,0.848,0.59025459
0.467,0.483,0.151,0.316,0.007925826
0.144,0.934,0.48,0.612,0.084380357
0.014,0.486,0.174,0.256,0.035426119
0.337,0.799,0.278,0.482,0.177891334
0.356,1.0,0.269,0.529,0.218642644
0.0,0.763,0.103,0.657,0.54196471
0.342,0.424,0.306,0.72,0.024770573
0.154,1.0,0.0,0.799,0.786844334
0.364,0.61,0.432,0.682,0.078624882
0.175,0.68,0.0,0.178,0.232167322
0.046,1.0,0.021,0.748,0.729690609
0.285,0.924,0.599,0.967,0.257535128
0.427,0.513,0.298,0.45,0.023467674
0.001,0.923,0.205,0.96,0.639420528
0.381,0.931,0.537,0.689,0.077869304
0.407,0.589,0.382,0.698,0.083253014
0.218,1.0,0.493,0.783,0.16655594
0.037,0.67,0.171,0.404,0.233480548
0.131,0.705,0.443,0.586,0.080538784
0.349,0.413,0.381,0.786,0.014235506
0.334,0.37,0.132,0.836,0.018736274
0.274,0.654,0.5,0.508,0.0047314
0.061,0.507,0.149,0.497,0.126670361
0.062,0.905,0.0,0.758,0.768295663
0.402,0.458,0.421,0.681,0.011595285
0.381,0.637,0.084,0.686,0.361830737
0.0,0.593,0.376,0.562,0.071952042
0.612,0.62,0.035,0.518,0.01273984
0.506,0.808,0.253,1.0,0.431686437
0.548,1.0,0.22,1.0,0.390112425
0.718,0.74,0.338,0.698,0.008696894
0.339,0.385,0.311,1.0,0.020009914
0.376,0.56,0.244,0.262,0.010409424
0.48,0.631,0.453,0.953,0.152415096
0.211,0.521,0.247,0.785,0.125329597
0.265,0.74,0.276,0.368,0.092753678
0.309,0.829,0.082,0.692,0.578132638
0.31,1.0,0.0,0.868,0.802343153
0.281,0.516,0.215,0.391,0.063642403
0.476,0.897,0.407,0.665,0.13130882
0.188,1.0,0.0,0.637,0.693138868
0.063,1.0,0.502,0.615,0.069232649
0.018,0.875,0.14,0.628,0.48431874
0.07,1.0,0.0,0.683,0.726184657
0.405,0.609,0.311,1.0,0.249110173
0.383,0.43,0.037,0.955,0.048542887
0.115,0.968,0.0,0.746,0.757323429
0.329,0.492,0.0,0.46,0.139312097
0.079,0.161,0.612,0.652,0.00015146
0.285,0.467,0.073,0.435,0.094884443
0.393,0.966,0.289,0.428,0.121677349
0.077,0.631,0.022,0.864,0.558838716
0.204,0.637,0.205,0.888,0.372309006
0.355,1.0,0.0,0.838,0.755018829
0.625,0.661,0.079,0.854,0.074982961
0.143,0.954,0.069,1.0,0.886909393
0.0,0.246,0.0,0.867,0.028687876
0.076,0.485,0.174,1.0,0.188534832
0.0,0.936,0.007,0.727,0.736884952
0.112,0.357,0.0,0.657,0.056250129
0.011,0.607,0.0,0.72,0.469651229
0.072,0.782,0.34,0.833,0.329888195
0.0,0.905,0.26,0.708,0.349934253
0.54,0.94,0.0,0.545,0.379501628
0.355,0.456,0.457,0.468,0.000979326
0.122,0.55,0.0,0.406,0.250640262
0.076,0.619,0.082,1.0,0.569024392
0.206,0.676,0.26,0.98,0.455202302
0.47,0.554,0.179,1.0,0.148489188
0.318,0.72,0.134,0.923,0.601739723
0.126,0.982,0.542,0.573,0.018966906
0.278,0.376,0.503,0.535,0.001397561
0.095,0.803,0.081,0.869,0.721337941
0.593,0.645,0.167,0.871,0.088366505
0.175,0.232,0.466,0.794,0.001955209
0.434,0.525,0.0,0.841,0.147306768
0.224,0.487,0.0,0.669,0.183509119
0.772,1.0,0.03,0.774,0.012999732
0.197,0.937,0.149,0.301,0.211565338
0.0,0.668,0.319,0.741,0.229365314
0.29,0.682,0.353,0.732,0.196816933
0.348,0.646,0.46,0.704,0.091591912
0.21,0.862,0.404,0.675,0.174483487
0.0,0.634,0.0,0.873,0.59554708
0.429,0.725,0.664,0.781,0.052883589
0.0,0.408,0.0,0.83,0.114674051
0.0,0.781,0.244,0.483,0.236864299
0.0,0.532,0.385,1.0,0.161523342
0.014,0.677,0.499,0.684,0.085968964
0.221,0.885,0.003,0.771,0.748838234
0.439,0.681,0.132,0.873,0.422906928
0.115,0.881,0.618,0.66,0.022120025
0.366,0.457,0.659,0.704,0.001280524
0.577,0.729,0.525,0.588,0.01721307
0.442,0.498,0.138,0.564,0.049620318
0.888,0.896,0.098,1.0,8.9499e-05
0.0,0.624,0.369,1.0,0.309775013
0.272,0.87,0.231,1.0,0.61131956
0.0,0.458,0.006,0.732,0.162447591
0.321,0.863,0.0,0.685,0.686388577
0.648,0.75,0.594,0.656,0.008624607
0.56,1.0,0.065,0.852,0.393754346
0.429,1.0,0.004,0.276,0.328628324
0.0,0.797,0.518,0.726,0.117883968
0.168,0.631,0.611,0.655,0.015686423
0.268,0.798,0.573,1.0,0.306475598
0.184,0.905,0.212,0.78,0.450988964
0.584,0.711,0.027,0.879,0.297277853
0.084,1.0,0.0,0.716,0.743401169
0.254,0.812,0.031,0.893,0.794990465
0.709,0.733,0.319,0.733,0.012569448
0.436,0.602,0.253,0.635,0.131195225
0.287,1.0,0.575,0.857,0.162595609
0.4,0.72,0.0,0.587,0.539178193
0.446,0.93,0.55,0.998,0.280942562
0.194,0.364,0.606,0.747,0.005147914
0.402,0.606,0.515,1.0,0.163315043
0.028,0.634,0.19,0.304,0.110861738
0.193,0.461,0.0,0.698,0.154327277
0.097,0.801,0.286,1.0,0.571495942
0.31,0.604,0.273,0.8,0.205906246
0.14,0.946,0.206,0.552,0.334122187
0.247,0.713,0.493,0.701,0.105786111
0.022,0.964,0.354,0.451,0.085339029
0.607,0.699,0.003,0.46,0.147802455
0.588,0.978,0.625,0.769,0.039102463
0.024,0.861,0.31,0.794,0.339808816
0.248,1.0,0.306,0.954,0.477089974
0.347,0.753,0.0,0.734,0.673616035
0.0,0.37,0.537,1.0,0.044155715
0.0,0.67,0.368,0.734,0.186114917
0.158,0.428,0.423,0.917,0.047995566
0.51,1.0,0.481,0.877,0.188042588
0.58,0.612,0.082,0.855,0.06903644
0.166,0.854,0.0,0.642,0.696823818
0.705,0.755,0.42,0.904,0.028248986
0.363,0.741,0.346,1.0,0.424147866
0.0,0.732,0.381,0.883,0.313248263
0.0,0.738,0.0,0.69,0.696760136
0.587,0.827,0.33,0.351,0.009819074
0.333,1.0,0.236,0.918,0.505294211
0.741,0.777,0.34,0.534,0.006388853
0.0,0.794,0.638,0.691,0.027400467
0.115,0.615,0.324,1.0,0.324327208
0.175,0.752,0.4,0.712,0.189404005
0.495,0.829,0.566,0.757,0.082910508
0.467,0.654,0.168,0.45,0.172246012
0.333,0.935,0.241,0.661,0.330222095
0.118,0.908,0.223,0.874,0.511629708
0.129,0.989,0.488,0.706,0.128377727
0.029,0.585,0.195,0.317,0.094474813
0.206,0.701,0.409,0.552,0.085776197
0.0,0.259,0.081,0.985,0.037088735
0.466,0.542,0.147,0.789,0.100941117
0.275,0.845,0.579,1.0,0.302967925
0.551,0.598,0.227,1.0,0.10266053
0.276,0.7,0.388,0.8,0.218566914
0.129,0.595,0.277,1.0,0.325253179
0.269,0.909,0.412,0.763,0.210806317
0.0,0.335,0.015,0.875,0.060162269
0.0,0.427,0.0,0.713,0.124536154
0.21,0.44,0.026,0.683,0.117302224
0.06,0.934,0.154,0.584,0.437345528
0.345,0.698,0.569,0.575,0.002142813
0.186,0.91,0.456,0.502,0.032312586
0.46,0.776,0.455,0.864,0.208637687
0.289,0.937,0.417,0.965,0.373933757
0.063,0.317,0.5,0.562,0.001497387
0.18,0.506,0.639,0.655,0.001690154
0.184,0.576,0.0,0.919,0.456627402
0.269,0.791,0.34,0.491,0.122055999
0.771,1.0,0.277,0.821,0.008140968
0.116,0.651,0.349,0.527,0.102729376
0.0,0.818,0.051,0.953,0.866009652
0.301,0.559,0.131,0.663,0.220093561
0.475,0.491,0.122,0.632,0.016767296
0.0,0.481,0.207,0.711,0.105049465
0.526,0.641,0.0,0.67,0.256335497
0.574,0.704,0.016,0.704,0.266058188
0.242,0.8,0.0,0.903,0.854028832
0.0,0.423,0.504,0.664,0.013115048
0.205,0.407,0.144,0.782,0.066468507
0.344,0.382,0.392,1.0,0.013252738
0.623,1.0,0.412,0.723,0.073580236
0.162,1.0,0.026,0.847,0.780958053
0.38,0.486,0.0,0.787,0.125990513
0.307,1.0,0.519,1.0,0.335512864
0.541,0.83,0.0,0.301,0.249025838
0.122,0.837,0.251,1.0,0.611558797
0.092,1.0,0.242,0.849,0.465105712
0.269,0.831,0.472,0.728,0.148556312
0.685,1.0,0.718,0.9,0.026118221
0.058,0.787,0.0,0.949,0.928474799
0.26,0.806,0.0,0.97,0.919616118
0.166,0.718,0.0,0.885,0.789744446
0.462,0.466,0.0,0.738,0.005457719
0.426,0.521,0.0,0.851,0.150344571
0.148,0.905,0.0,0.276,0.40686423
0.63,1.0,0.375,0.663,0.070516616
0.055,0.998,0.509,0.781,0.157595712
0.604,0.61,0.41,0.88,0.005752033
0.0,0.74,0.847,0.913,0.06341005
0.0,0.551,0.232,0.611,0.143916133
0.03,0.643,0.399,0.581,0.087502496
0.213,1.0,0.344,0.93,0.417294307
0.227,0.289,0.466,1.0,0.012302672
0.0,0.861,0.0,0.742,0.759550577
0.501,0.503,0.479,0.679,0.000445774
0.593,0.607,0.0,0.527,0.025467632
0.435,0.461,0.268,0.817,0.014627925
0.318,0.656,0.262,0.84,0.291195363
0.0,0.845,0.257,0.527,0.250562811
0.409,0.689,0.007,0.469,0.422808823
0.207,0.477,0.108,0.659,0.131888842
0.191,0.553,0.631,1.0,0.115011394
0.376,0.884,0.122,0.658,0.476788775
0.0,0.803,0.492,0.602,0.069239534
0.365,1.0,0.371,0.696,0.199760074
0.0,0.525,0.111,0.715,0.206491432
0.182,0.769,0.019,0.865,0.789863204
0.415,0.833,0.0,0.804,0.679213166
0.362,0.488,0.584,0.746,0.010369837
0.832,0.836,0.466,0.708,2.0654e-05
0.495,1.0,0.0,0.626,0.49167315
0.021,0.817,0.556,0.565,0.00543018
0.119,0.801,0.699,0.777,0.045221097
0.108,1.0,0.014,0.897,0.851192402
0.568,0.708,0.13,0.7,0.214260635
0.276,0.438,0.112,0.346,0.049434435
0.548,0.814,0.1,1.0,0.486284276
0.46,0.534,0.312,0.804,0.050964524
0.343,0.724,0.36,0.584,0.1442311
0.597,0.765,0.344,0.902,0.168361411
0.38,0.818,0.103,1.0,0.738871142
0.13,1.0,0.41,1.0,0.44189793
0.0,0.727,0.0,0.859,0.790821876
0.823,0.853,0.119,0.784,0.001189304
0.0,0.893,0.0,0.826,0.81615526
0.588,0.684,0.15,0.742,0.146983195
0.0,0.844,0.0,0.866,0.847836189
0.398,1.0,0.265,0.655,0.275429767
0.541,0.753,0.073,0.987,0.493456245
0.0,0.531,0.409,0.626,0.047491274
0.446,0.79,0.463,0.666,0.102975498
0.0,0.772,0.258,0.619,0.299971429
0.195,0.393,0.18,0.486,0.036038843
0.101,1.0,0.0,0.593,0.676949874
0.499,0.829,0.396,0.773,0.179913668
0.0,0.695,0.489,0.559,0.037071523
0.297,0.926,0.79,0.826,0.023496933
0.0,0.722,0.0,0.594,0.634427516
0.026,1.0,0.265,0.653,0.314762862
0.0,0.663,0.13,0.638,0.394554674
0.143,0.927,0.475,1.0,0.391854213
0.388,0.407,0.143,0.467,0.008707221
0.258,0.651,0.0,0.827,0.580173903
0.436,0.69,0.433,0.952,0.246979408
0.122,0.728,0.299,0.663,0.256307959
0.403,0.543,0.787,0.973,0.041778827
0.182,0.584,0.149,0.855,0.320554481
0.276,0.558,0.012,0.508,0.266548712
0.078,0.192,0.158,0.795,0.007134104
0.558,0.71,0.591,0.736,0.037978562
0.026,0.648,0.0,0.59,0.506345824
0.123,1.0,0.435,0.752,0.192670719
0.02,0.401,0.236,1.0,0.089894873
0.223,0.93,0.0,0.683,0.7107805
0.271,0.475,0.27,0.642,0.061874798
0.051,0.835,0.0,0.645,0.705858055
0.364,0.83,0.229,1.0,0.579204905
0.054,0.881,0.434,0.478,0.032457161
0.097,0.925,0.377,0.389,0.010850034
0.417,1.0,0.433,0.552,0.072726553
0.458,0.482,0.607,1.0,0.010820775
0.0,0.897,0.349,0.915,0.407008805
0.022,0.708,0.013,0.895,0.775937502
0.017,0.765,0.215,0.624,0.355939292
0.135,0.713,0.684,0.868,0.108316179
0.335,0.437,0.179,1.0,0.071731737
0.0,0.933,0.68,1.0,0.273388501
0.44,1.0,0.332,0.336,0.002349349
0.066,0.776,0.24,0.982,0.604925544
0.108,0.512,0.102,1.0,0.266135639
0.219,0.235,0.574,0.718,0.000375207
0.534,0.64,0.211,0.875,0.180774235
0.094,0.842,0.471,0.907,0.292052488
0.417,0.921,0.308,0.659,0.228404921
0.242,0.728,0.381,1.0,0.415055111
0.204,0.832,0.152,1.0,0.745611106
0.0,0.583,0.568,1.0,0.175022203
0.0,0.555,0.62,0.668,0.010509249
0.0,0.806,0.192,1.0,0.698076804
0.183,0.873,0.299,0.355,0.060881703
0.281,0.625,0.288,0.554,0.140468699
0.37,1.0,0.812,0.96,0.125525807
0.202,0.735,0.169,0.279,0.146589055
0.022,0.584,0.343,1.0,0.26613736
0.0,0.733,0.385,0.823,0.262256201
0.397,0.581,0.382,0.564,0.050833718
0.4,1.0,0.484,0.732,0.128286507
0.325,1.0,0.198,0.76,0.439958211
0.105,1.0,0.0,0.437,0.572776466
0.0,0.67,0.106,0.611,0.423946493
0.346,1.0,0.0,0.678,0.672199541
0.246,0.676,0.272,0.432,0.131785574
0.068,0.953,0.104,0.788,0.629594569
0.532,0.584,0.289,1.0,0.097905035
0.281,1.0,0.155,0.757,0.511621102
0.446,0.501,0.0,0.801,0.083044756
0.02,0.799,0.467,0.628,0.101882577
0.286,0.664,0.005,0.647,0.521488369
0.022,0.578,0.289,0.969,0.270106297
0.211,0.545,0.593,1.0,0.111951216
0.229,0.853,0.009,0.958,0.902115619
0.0,0.787,0.55,0.65,0.058797409
0.409,1.0,0.556,1.0,0.289298672
0.567,0.877,0.433,0.731,0.102197545
0.303,0.376,0.148,0.54,0.023261137
0.129,0.762,0.453,0.72,0.153941743
0.237,0.581,0.427,0.785,0.10146262
0.427,0.525,0.577,1.0,0.052298403
0.6,0.733,0.0,0.528,0.21405582
0.0,0.83,0.551,0.583,0.01854867
0.329,0.694,0.059,0.981,0.707209145
0.44,1.0,0.242,1.0,0.515769037
0.404,0.753,0.68,0.928,0.154690437
0.577,0.761,0.384,0.56,0.062592511
0.476,1.0,0.325,1.0,0.407836671
0.303,0.733,0.316,0.95,0.416000014
0.0,0.863,0.286,0.74,0.336621275
0.53,0.608,0.197,0.482,0.076597385
0.198,0.205,0.416,1.0,0.000993095
0.61,0.622,0.026,0.849,0.026431468
0.362,0.716,0.151,0.357,0.225196726
0.327,0.893,0.174,1.0,0.675411179
0.118,0.77,0.164,0.397,0.278703366
0.11,0.616,0.269,0.473,0.127522323
0.522,1.0,0.026,0.566,0.395263781
0.108,0.495,0.522,1.0,0.09348516
0.604,0.993,0.017,0.919,0.341576422
0.128,0.52,0.706,0.796,0.013123653
0.406,0.803,0.526,1.0,0.304652916
0.186,0.604,0.398,0.703,0.108818751
0.499,0.809,0.0,0.825,0.570086332
0.406,0.906,0.483,0.765,0.147019339
0.594,0.634,0.466,0.736,0.01891183
0.421,0.505,0.062,0.549,0.090925833
0.405,0.843,0.088,0.529,0.437285288
0.508,0.893,0.773,0.826,0.027650031
0.128,0.752,0.343,0.389,0.045081685
0.0,0.637,0.556,0.928,0.175870722
0.243,0.753,0.106,1.0,0.774942686
0.171,1.0,0.626,0.832,0.119011311
0.391,0.801,0.22,0.861,0.443006341
0.0,0.719,0.289,0.665,0.263808665
0.507,0.789,0.294,1.0,0.395692344
0.437,1.0,0.165,0.335,0.182653715
0.399,1.0,0.157,1.0,0.653953791
0.564,0.612,0.215,0.549,0.0473794
0.347,0.525,0.0,0.568,0.196267891
0.479,1.0,0.647,1.0,0.221196808
0.042,0.744,0.317,0.555,0.184288793
0.012,0.972,0.462,1.0,0.405356516
0.707,0.838,0.386,0.663,0.023083861
0.38,1.0,0.0,0.613,0.614956318
0.527,0.619,0.453,0.892,0.086684957
0.365,0.881,0.13,0.923,0.640804321
0.0,0.883,0.181,1.0,0.718475694
0.028,0.722,0.131,0.565,0.427013556
0.204,0.978,0.262,0.613,0.291835625
0.04,0.932,0.088,0.965,0.828265165
0.149,0.945,0.272,0.312,0.049840623
0.27,1.0,0.0,0.865,0.814088177
0.288,1.0,0.213,1.0,0.633126338
0.481,0.92,0.0,0.678,0.533519101
0.658,0.719,0.41,0.805,0.045169463
0.257,0.673,0.058,0.952,0.659984647
0.0,0.649,0.068,0.808,0.517292242
0.181,1.0,0.173,0.775,0.50756783
0.091,0.727,0.004,0.558,0.606104521
0.22,0.422,0.034,0.968,0.122747895
0.415,1.0,0.393,1.0,0.391305171
0.233,0.887,0.166,0.964,0.68213049
0.008,0.544,0.352,1.0,0.192467625
0.0,0.673,0.386,0.916,0.289162702
0.394,1.0,0.241,0.997,0.548207266
0.428,1.0,0.198,0.393,0.192810131
0.0,0.382,0.376,0.893,0.040031875
0.0,0.724,0.321,0.603,0.20343986
0.396,0.754,0.0,0.926,0.764113306
0.319,0.356,0.066,0.835,0.019176884
0.314,1.0,0.274,0.328,0.06190922
0.639,0.724,0.344,0.799,0.075509628
0.16,0.686,0.209,1.0,0.556174399
0.123,0.355,0.161,0.825,0.043448328
0.257,0.685,0.575,0.675,0.045876849
0.319,0.793,0.359,0.507,0.113180106
0.362,0.828,0.383,1.0,0.418418208
0.227,0.383,0.166,0.844,0.049845786
0.685,0.913,0.443,0.659,0.026837656
0.412,0.539,0.111,0.751,0.153520065
0.308,0.452,0.451,0.545,0.009474847
0.28,0.868,0.0,0.828,0.781706746
0.284,0.356,0.129,0.962,0.031453739
0.0,0.794,0.244,0.816,0.437102848
0.0,0.636,0.565,0.581,0.006586783
0.085,0.431,0.0,0.736,0.128659993
0.196,0.552,0.298,0.311,0.005937915
0.346,0.991,0.136,0.399,0.310821463
0.485,0.777,0.0,0.526,0.450047503
0.009,0.823,0.115,0.599,0.505817436
0.32,0.384,0.363,0.778,0.013641715
0.074,0.987,0.467,0.594,0.081838241
0.392,0.822,0.083,0.817,0.601569331
0.222,0.4,0.165,0.268,0.01625784
0.225,0.803,0.403,0.773,0.226284483
0.188,0.236,0.273,0.814,0.004681487
0.221,0.963,0.0,0.731,0.737509724
0.4,0.607,0.501,1.0,0.168433698
0.119,0.659,0.317,0.531,0.134267451
0.582,0.64,0.0,0.579,0.11301832
0.335,0.361,0.063,0.545,0.013022106
0.042,0.532,0.005,0.881,0.320890102
0.614,0.785,0.251,1.0,0.2271898
0.0,0.674,0.335,0.439,0.079526757
0.536,0.666,0.772,1.0,0.087798531
0.096,0.705,0.354,0.823,0.273149264
0.613,0.887,0.201,0.767,0.174543727
0.107,0.72,0.189,1.0,0.644122669
0.401,0.518,0.296,0.766,0.061656214
0.0,0.897,0.542,0.666,0.069853979
0.178,0.877,0.408,0.446,0.030526048
0.266,0.679,0.112,0.778,0.485754167
0.041,0.385,0.453,0.602,0.00967622
0.616,0.826,0.395,0.694,0.076322004
0.373,0.817,0.049,0.801,0.650440955
0.368,0.564,0.0,0.706,0.293463818
0.254,0.392,0.0,0.859,0.07434442
0.842,0.888,0.313,0.913,0.000313247
0.288,0.998,0.28,0.79,0.358433217
0.164,0.76,0.312,0.764,0.305835336
0.064,0.812,0.438,0.762,0.196579417
0.08,0.674,0.453,0.795,0.158674864
0.0,0.523,0.0,0.725,0.267834399
0.0,0.699,0.273,0.505,0.189326554
0.0,0.285,0.079,0.889,0.036775488
0.162,0.928,0.091,0.759,0.627131626
0.354,0.998,0.528,0.748,0.113515728
0.0,0.669,0.0,0.625,0.56322761
0.097,0.635,0.209,0.48,0.199033755
0.038,0.525,0.211,0.925,0.200272972
0.519,0.711,0.522,1.0,0.212135033
0.287,0.929,0.0,0.635,0.672351001
0.108,0.568,0.121,1.0,0.397656159
0.468,0.896,0.56,0.664,0.047990403
0.306,0.584,0.081,0.768,0.327996668
0.258,1.0,0.455,0.62,0.104626066
0.582,0.816,0.0,0.63,0.30904181
0.316,0.53,0.529,0.82,0.040453553
0.12,0.42,0.157,0.917,0.097770786
0.493,0.669,0.164,0.617,0.223658031
0.193,0.677,0.195,0.472,0.242872781
0.0,0.706,0.259,1.0,0.539364075
0.013,0.767,0.05,0.998,0.906218804
0.467,0.669,0.305,0.589,0.127980145
0.01,0.572,0.038,0.76,0.368713555
0.142,0.984,0.495,0.839,0.208424267
0.084,0.44,0.064,0.936,0.151805815
0.259,1.0,0.068,0.91,0.762796638
0.0,0.685,0.09,0.997,0.725014285
0.09,0.977,0.573,0.935,0.255800224
0.287,0.455,0.093,0.505,0.085905283
0.052,0.844,0.499,0.659,0.097039304
0.047,0.669,0.245,1.0,0.491456287
0.18,0.512,0.278,0.682,0.091507576
0.085,0.752,0.445,1.0,0.397869579
0.078,0.748,0.0,0.635,0.674399152
0.398,0.586,0.246,0.964,0.235181029
0.139,0.485,0.021,0.723,0.187388557
0.436,0.7,0.447,0.561,0.052542805
0.294,1.0,0.047,0.391,0.445192182
0.105,0.591,0.031,0.713,0.400291216
0.0,0.721,0.297,1.0,0.516932525
0.233,0.803,0.633,0.798,0.090593654
0.467,0.681,0.0,0.734,0.456999167
0.297,0.969,0.0,0.738,0.721475632
0.0,0.734,0.555,1.0,0.321609536
0.221,0.977,0.387,1.0,0.449737699
0.317,1.0,0.328,0.369,0.037534509
0.544,0.962,0.007,0.748,0.434309446
0.04,0.482,0.42,0.555,0.021762029
0.118,0.566,0.309,0.675,0.125389837
0.0,0.325,0.437,0.805,0.013374939
0.66,0.711,0.474,0.744,0.024460768
0.207,0.73,0.527,0.673,0.076614597
0.39,0.74,0.198,0.841,0.433104652
0.435,0.445,0.327,0.533,0.002419916
0.507,0.687,0.534,0.69,0.049992083
0.234,0.966,0.056,0.968,0.849629612
0.567,0.837,0.073,0.965,0.430757024
0.214,0.424,0.378,0.676,0.025453863
0.456,0.611,0.238,0.672,0.149272304
0.036,0.611,0.304,0.63,0.153098387
0.716,0.968,0.218,0.372,0.014812086
0.798,1.0,0.0,0.327,0.004275299
0.0,0.659,0.455,0.905,0.219843996
0.145,0.645,0.187,0.777,0.348767323
0.384,0.71,0.478,1.0,0.298165959
0.635,0.728,0.0,0.613,0.16112576
0.47,1.0,0.325,0.608,0.170633309
0.273,0.499,0.01,0.998,0.242502737
0.415,0.947,0.17,0.788,0.450589661
0.226,0.768,0.081,0.893,0.717974844
0.392,0.85,0.361,0.649,0.180994541
0.315,1.0,0.474,0.568,0.060859328
0.267,0.891,0.474,0.568,0.062067565
0.157,0.709,0.273,0.941,0.458713417
0.069,0.947,0.087,0.7,0.60267602
0.623,0.76,0.04,1.0,0.288269433
0.321,0.379,0.374,1.0,0.019467756
0.0,0.704,0.351,1.0,0.440369562
0.21,0.742,0.005,0.869,0.782897771
0.282,0.656,0.514,0.633,0.047954259
0.167,1.0,0.401,1.0,0.444928848
0.008,0.998,0.193,0.386,0.233373837
0.033,0.889,0.0,0.808,0.801078119
0.414,0.642,0.047,0.971,0.509149553
0.449,0.491,0.036,0.857,0.059909262
0.488,0.778,0.104,0.506,0.327550894
0.622,0.722,0.643,1.0,0.081910529
0.14,0.504,0.075,0.482,0.157234274
0.458,0.724,0.0,0.885,0.622821904
0.325,1.0,0.698,1.0,0.234446104
0.416,0.484,0.0,0.491,0.076266927
0.282,0.559,0.288,0.847,0.156182661
0.414,0.744,0.057,1.0,0.733287781
0.159,0.799,0.0,0.78,0.768476383
0.343,0.772,0.113,0.671,0.5024268
0.0,0.921,0.0,0.747,0.761867225
0.318,0.894,0.376,0.536,0.113123309
0.081,0.732,0.728,0.818,0.052806138
0.703,0.757,0.265,0.818,0.036021631
0.05,0.814,0.744,0.788,0.027934019
0.0,0.776,0.325,0.573,0.197818634
0.76,0.838,0.089,0.637,0.014820692
0.113,0.967,0.165,0.536,0.386673597
0.115,0.572,0.42,1.0,0.205636028
0.398,0.624,0.396,0.816,0.134477429
0.171,0.695,0.362,0.921,0.332550791
0.464,1.0,0.237,1.0,0.498962156
0.255,0.555,0.312,0.633,0.098870591
0.198,0.383,0.523,0.867,0.020061548
0.222,0.453,0.0,0.672,0.137628827
0.193,0.763,0.157,0.497,0.360317859
0.52,0.566,0.237,0.508,0.038580959
0.636,0.724,0.331,0.621,0.054253613
0.126,0.818,0.195,1.0,0.689106249
0.181,0.509,0.304,0.54,0.059356777
0.0,0.829,0.0,0.691,0.729447929
0.0,0.591,0.0,0.56,0.386372399
0.181,0.849,0.279,0.556,0.239182667
0.078,1.0,0.0,0.408,0.549732191
0.176,0.576,0.0,0.594,0.354218157
0.181,0.969,0.33,0.874,0.375395
0.382,1.0,0.329,0.455,0.101307718
0.0,0.897,0.24,0.589,0.314120879
0.553,0.88,0.109,1.0,0.46478386
0.0,0.429,0.435,0.861,0.039920002
0.621,0.847,0.209,1.0,0.239251513
0.549,0.672,0.035,0.765,0.271879066
0.0,0.698,0.096,0.84,0.598774208
0.589,1.0,0.154,0.518,0.166841649
0.378,0.576,0.289,1.0,0.216819962
0.263,0.571,0.41,0.789,0.100388632
0.082,0.837,0.584,1.0,0.322533786
0.665,0.81,0.267,0.695,0.075793615
0.149,0.929,0.0,0.768,0.767844726
0.03,0.458,0.0,0.886,0.187662217
0.0,0.546,0.565,0.79,0.04519528
0.134,1.0,0.0,0.614,0.686472913
0.0,0.262,0.0,0.795,0.028417657
0.342,1.0,0.351,0.665,0.207160954
0.485,0.679,0.0,0.768,0.438496967
0.439,0.706,0.37,0.646,0.135563465
0.143,0.497,0.245,0.349,0.036648124
0.429,0.463,0.252,1.0,0.029083737
0.019,0.311,0.051,1.0,0.060885145
0.562,0.671,0.531,0.731,0.038715207
0.041,0.657,0.079,0.59,0.43031125
0.336,1.0,0.157,1.0,0.695519198
0.086,0.611,0.0,0.75,0.486804059
0.219,0.922,0.0,0.656,0.698741162
0.188,0.693,0.214,0.454,0.221177876
0.243,0.483,0.056,0.891,0.179056543
0.264,0.819,0.0,0.348,0.473084893
0.0,0.964,0.552,0.752,0.11221455
0.497,0.715,0.286,0.334,0.035408907
0.646,0.652,0.477,1.0,0.007060095
0.277,0.889,0.387,0.863,0.298792452
0.105,0.726,0.0,0.774,0.727134724
0.0,0.493,0.072,0.8,0.193402202
0.359,1.0,0.146,0.884,0.586103213
0.004,0.512,0.009,0.971,0.308098628
0.739,0.937,0.03,0.834,0.0380061
0.163,0.997,0.242,0.289,0.060900635
0.325,0.761,0.404,0.919,0.317086394
0.167,0.414,0.0,0.8,0.106660448
0.539,0.656,0.44,1.0,0.155421919
0.503,0.576,0.112,0.654,0.120436411
0.042,1.0,0.434,0.641,0.132019648
0.0,0.904,0.385,0.449,0.052088425
0.115,0.429,0.16,0.32,0.037119715
0.0,0.821,0.384,1.0,0.466880202
0.238,0.576,0.599,0.617,0.005070463
0.499,0.693,0.624,0.986,0.16814799
0.506,0.83,0.014,0.792,0.52582735
0.15,0.421,0.269,0.341,0.013645157
0.702,0.925,0.74,1.0,0.029939141
0.09,0.869,0.481,0.985,0.374401906
0.41,0.824,0.085,0.791,0.568079489
0.383,0.467,0.403,0.895,0.028551906
0.0,0.583,0.0,0.804,0.439605378
0.217,0.603,0.551,0.577,0.008256284
0.302,1.0,0.188,0.556,0.351390333
0.119,0.511,0.311,0.528,0.057640806
0.192,1.0,0.257,0.899,0.4871087
0.354,0.457,0.089,0.572,0.075180891
0.312,0.375,0.427,0.647,0.007202949
0.35,0.506,0.196,0.974,0.136811288
0.684,0.822,0.179,0.701,0.073988145
0.421,0.605,0.062,0.427,0.225864526
0.146,1.0,0.251,0.379,0.143561579
0.007,0.611,0.356,0.584,0.100603774
0.0,0.791,0.0,0.502,0.617013074
0.0,0.524,0.494,0.55,0.011674458
0.354,0.878,0.359,0.893,0.337597158
0.195,1.0,0.155,0.831,0.573933069
0.054,0.777,0.287,0.81,0.371968221
0.547,0.873,0.27,0.518,0.132525662
0.173,0.851,0.0,0.734,0.74411544
0.158,0.702,0.406,0.44,0.023805016
0.203,0.797,0.0,0.75,0.747413134
0.445,0.555,0.37,0.804,0.066255086
0.464,0.65,0.229,0.862,0.254060157
0.093,1.0,0.0,0.737,0.754786476
0.049,0.599,0.435,1.0,0.240051841
0.273,0.824,0.483,0.738,0.145033149
0.676,0.75,0.0,0.657,0.098748391
0.318,0.569,0.089,0.891,0.320069121
0.401,0.459,0.517,0.727,0.007146152
0.602,0.741,0.157,0.645,0.159261771
0.157,0.631,0.651,0.673,0.007450793
0.461,0.63,0.171,0.656,0.208432872
0.542,0.818,0.131,1.0,0.472831886
0.196,0.707,0.531,0.578,0.02507005
0.089,0.555,0.188,0.878,0.248614486
0.408,0.486,0.203,1.0,0.07733231
0.152,0.458,0.0,0.698,0.154427103
0.0,0.843,0.2,1.0,0.693918542
0.239,1.0,0.303,0.761,0.317208595
0.501,0.639,0.214,0.657,0.156852182
0.108,0.384,0.309,0.509,0.018660544
0.259,0.621,0.303,0.507,0.109140603
0.183,0.695,0.284,0.873,0.363066512
0.374,0.953,0.197,0.895,0.517385183
0.168,0.842,0.196,0.64,0.39912945
0.309,0.892,0.668,0.697,0.013522956
0.547,0.598,0.171,1.0,0.125413933
0.427,1.0,0.494,0.607,0.061336083
0.133,0.625,0.0,0.891,0.57762146
0.352,0.858,0.409,0.657,0.150829931
0.201,0.737,0.613,0.853,0.13476658
0.118,0.68,0.247,0.683,0.289169587
0.479,0.599,0.571,0.621,0.009731296
0.026,0.845,0.364,1.0,0.486525235
0.201,0.769,0.124,0.896,0.666636834
0.036,0.657,0.333,0.625,0.162432101
0.3,0.364,0.554,1.0,0.012657226
0.258,0.918,0.326,0.775,0.300885352
0.807,0.862,0.0,0.689,0.002905276
0.004,0.798,0.179,0.622,0.415437203
0.525,0.61,0.709,0.839,0.023484885
0.14,1.0,0.046,0.646,0.6345239
0.342,0.741,0.0,0.732,0.666607574
0.383,0.588,0.251,0.912,0.216930115
0.593,0.722,0.176,0.454,0.105070119
0.0,0.645,0.0,0.572,0.492638706
0.174,0.803,0.321,0.431,0.104684585
0.141,0.81,0.122,0.98,0.78127302
0.436,0.683,0.302,1.0,0.357971952
0.315,0.635,0.0,0.752,0.498099867
0.178,0.83,0.0,0.775,0.767620979
0.203,0.318,0.636,1.0,0.019300806
0.221,1.0,0.426,0.564,0.094376708
0.262,1.0,0.429,0.783,0.209565379
0.0,0.675,0.516,0.678,0.073817752
0.0,0.949,0.0,0.801,0.798883672
0.33,0.721,0.241,0.839,0.393401513
0.394,0.448,0.63,0.84,0.00461092
0.047,0.581,0.494,0.55,0.018541786
0.421,0.657,0.372,0.626,0.106247375
0.216,0.411,0.174,0.242,0.012653783
0.232,0.848,0.118,0.514,0.440720674
0.44,0.742,0.28,0.598,0.204052584
0.589,0.763,0.052,0.917,0.338801952
0.12,0.698,0.594,0.954,0.228556381
0.422,0.478,0.085,0.681,0.058957474
0.298,1.0,0.372,0.495,0.096004902
0.141,1.0,0.205,0.727,0.433717376
0.038,0.824,0.174,0.604,0.417719427
0.403,0.901,0.621,0.713,0.043844189
0.292,1.0,0.0,0.918,0.856340317
0.264,1.0,0.0,0.96,0.911587024
0.141,0.983,0.0,0.607,0.681321556
0.0,0.811,0.267,0.581,0.270743117
0.088,0.551,0.433,0.515,0.022163053
0.572,0.953,0.157,0.495,0.177127151
0.0,0.616,0.0,0.799,0.516285378
0.297,0.749,0.333,0.59,0.183843019
0.494,0.896,0.002,0.14,0.142114104
0.433,0.794,0.516,1.0,0.300838881
0.056,0.602,0.0,0.553,0.40534791
0.207,0.944,0.373,0.859,0.31884023
0.388,1.0,0.537,0.709,0.086788225
0.134,0.418,0.3,0.768,0.045279616
0.588,0.882,0.386,0.482,0.036183418
0.235,0.627,0.574,0.864,0.106968531
0.0,0.791,0.0,0.791,0.783419275
0.426,0.574,0.377,0.633,0.057315512
0.21,0.897,0.305,0.851,0.382573854
0.355,0.954,0.207,1.0,0.614178365
0.27,0.622,0.063,0.501,0.339640145
0.691,0.693,0.137,1.0,0.00420129
0.389,0.562,0.206,1.0,0.228415248
0.168,1.0,0.174,0.513,0.357980558
0.0,0.892,0.378,0.68,0.199209311
0.104,0.598,0.237,0.259,0.018887734
0.492,0.712,0.353,0.633,0.127711648
0.401,0.567,0.0,0.796,0.289725513
0.52,0.643,0.114,0.776,0.231924642
0.227,0.593,0.579,0.859,0.084755564
0.755,0.997,0.49,0.602,0.003662575
0.224,1.0,0.163,0.389,0.279553606
0.065,0.718,0.565,0.779,0.109426311
0.661,0.785,0.064,0.89,0.169265007
0.295,0.648,0.043,0.699,0.469114235
0.452,0.76,0.0,0.357,0.379159122
0.293,1.0,0.51,0.982,0.326363311
0.197,1.0,0.476,0.728,0.147165635
0.4,1.0,0.278,0.368,0.08461271
0.0,0.323,0.153,0.931,0.048088508
0.349,0.389,0.256,0.664,0.013719166
0.211,1.0,0.158,0.748,0.512290624
0.632,0.715,0.451,0.589,0.022533097
0.273,0.719,0.06,0.875,0.680934301
0.025,0.963,0.06,0.913,0.810224229
0.169,0.293,0.108,0.147,0.001908739
0.0,0.887,0.602,0.614,0.007220161
0.649,0.847,0.482,0.712,0.041360592
0.214,0.808,0.118,0.5,0.432856808
0.372,0.613,0.0,0.588,0.370550006
0.0,0.359,0.669,0.691,0.000953509
0.674,0.786,0.414,0.86,0.062038306
0.279,0.517,0.0,0.595,0.210401851
0.199,0.587,0.362,0.42,0.028371187
0.249,0.585,0.299,0.467,0.081896759
0.022,0.415,0.0,0.712,0.111025246
0.0,0.731,0.366,1.0,0.453832279
0.658,0.776,0.379,0.665,0.049417224
0.132,0.899,0.529,0.668,0.079659284
0.059,0.941,0.0,0.344,0.488554453
0.277,0.776,0.32,1.0,0.494712674
0.055,0.969,0.0,0.883,0.865976951
0.042,0.906,0.509,1.0,0.371562033
0.252,1.0,0.308,0.334,0.030186984
0.206,0.488,0.603,0.871,0.030964937
0.463,1.0,0.371,0.865,0.267806861
0.377,0.473,0.307,0.871,0.044231444
0.437,0.845,0.096,0.784,0.526624235
0.44,0.647,0.133,0.698,0.29390615
0.232,0.644,0.192,0.865,0.376023215
0.411,0.786,0.073,0.651,0.509748508
0.227,0.731,0.183,0.288,0.134665033
0.133,0.935,0.373,0.723,0.22970782
0.153,0.778,0.063,0.869,0.738396109
0.258,0.578,0.336,0.958,0.212470655
0.0,0.411,0.058,1.0,0.13701094
0.0,0.634,0.617,0.861,0.098089196
0.0,0.945,0.306,1.0,0.550484327
0.0,0.827,0.0,0.702,0.735456411
0.518,0.6,0.083,0.424,0.115878846
0.469,0.909,0.0,0.744,0.578750525
0.497,0.609,0.027,0.831,0.26239045
0.26,1.0,0.109,0.843,0.63962018
0.0,0.428,0.136,0.786,0.094037645
0.018,0.315,0.484,1.0,0.033495005
0.276,0.806,0.467,0.596,0.081960441
0.122,0.851,0.365,0.551,0.142119268
0.684,0.844,0.654,1.0,0.048656482
0.055,0.599,0.618,0.715,0.02958975
0.0,0.678,0.097,0.627,0.459179845
0.458,0.828,0.631,0.985,0.22298851
0.301,1.0,0.205,0.506,0.296604889
0.0,0.942,0.322,0.614,0.227186358
0.354,1.0,0.203,0.301,0.11902508
0.252,0.847,0.291,0.775,0.341684853
0.191,1.0,0.304,0.45,0.138272531
0.067,0.777,0.291,0.398,0.112319539
0.265,0.433,0.611,0.762,0.007562667
0.189,0.913,0.0,0.553,0.645084783
0.028,0.786,0.0,0.819,0.801255396
0.412,0.856,0.282,1.0,0.49188657
0.441,0.489,0.372,0.841,0.021176843
0.54,0.72,0.191,0.895,0.314036543
0.289,0.93,0.0,0.759,0.73632042
0.14,0.846,0.439,0.575,0.089380254
0.0,0.512,0.136,1.0,0.252364839
0.0,0.586,0.425,1.0,0.227762938
0.62,1.0,0.319,0.525,0.06539624
0.015,0.651,0.457,1.0,0.29384591
0.056,0.974,0.339,1.0,0.512306114
0.56,0.922,0.568,0.74,0.054337948
0.0,0.712,0.03,0.544,0.555041892
0.29,0.36,0.251,0.635,0.014202805
0.347,1.0,0.381,0.506,0.090824286
0.403,0.497,0.82,0.86,0.003089437
0.154,0.72,0.128,0.965,0.691378147
0.273,1.0,0.028,0.834,0.746712632
0.49,1.0,0.049,0.746,0.497702285
0.522,0.649,0.045,0.875,0.311897173
0.479,0.551,0.133,0.367,0.061986672
0.494,0.921,0.524,0.589,0.031374567
0.384,0.893,0.42,0.675,0.146659621
0.165,1.0,0.234,0.39,0.177118545
0.065,0.445,0.148,1.0,0.148070952
0.249,0.773,0.539,0.833,0.163588704
0.579,1.0,0.208,0.22,0.008048027
0.146,1.0,0.168,0.623,0.433245785
0.341,0.724,0.0,0.774,0.673175425
0.0,0.706,0.13,0.696,0.480213834
0.213,0.961,0.6,0.912,0.208234942
0.152,0.958,0.0,0.647,0.700849552
0.444,0.808,0.327,0.527,0.135544533
0.171,0.684,0.611,0.637,0.012226942
0.248,0.312,0.155,0.321,0.00564188
0.124,0.336,0.0,0.465,0.03650527
0.0,0.775,0.24,1.0,0.624012929
0.386,0.591,0.0,0.832,0.374610163
0.126,1.0,0.248,1.0,0.620500093
0.082,0.754,0.209,0.465,0.264337053
0.285,1.0,0.111,0.193,0.125484499
0.0,0.815,0.113,0.937,0.753764122
0.412,0.699,0.459,0.712,0.110588077
0.114,0.954,0.246,0.694,0.360384983
