0.446,0.562,0.403,0.537,0.007854441
0.499,0.553,0.459,0.567,0.002090341
0.408,0.426,0.392,0.578,0.004223087
0.442,0.512,0.364,0.522,0.005569425
0.486,0.566,0.423,0.625,0.005068283
0.465,0.541,0.41,0.598,0.006560627
0.417,0.507,0.374,0.576,0.011558075
0.471,0.603,0.44,0.638,0.007764814
0.383,0.587,0.379,0.541,0.023468878
0.489,0.517,0.497,0.531,0.000480422
0.51,0.606,0.467,0.633,0.003418369
0.43,0.62,0.466,0.579,0.008601818
0.427,0.549,0.497,0.569,0.004617255
0.479,0.539,0.457,0.459,4.9632e-05
0.425,0.563,0.388,0.572,0.012863455
0.439,0.617,0.478,0.53,0.003939267
0.463,0.489,0.372,0.616,0.003013118
0.375,0.599,0.405,0.569,0.030707011
0.389,0.585,0.444,0.556,0.017483119
0.5,0.526,0.442,0.455,0.00019612
0.461,0.584,0.352,0.558,0.007773006
0.401,0.639,0.419,0.621,0.020661999
0.427,0.457,0.471,0.533,0.001727495
0.504,0.518,0.523,0.551,0.000141669
0.516,0.626,0.512,0.544,0.000849051
0.405,0.595,0.392,0.611,0.021195427
0.427,0.523,0.434,0.668,0.011058379
0.431,0.659,0.446,0.632,0.013058129
0.426,0.519,0.4,0.584,0.010848766
0.425,0.451,0.386,0.46,0.001438857
0.378,0.5,0.388,0.52,0.0192535
0.478,0.634,0.484,0.525,0.002039264
0.456,0.584,0.332,0.574,0.008999841
0.4,0.556,0.453,0.519,0.008328599
0.481,0.514,0.486,0.508,0.000432235
0.449,0.663,0.338,0.55,0.009971286
0.355,0.585,0.414,0.542,0.03425982
0.478,0.498,0.416,0.572,0.001893258
0.456,0.526,0.371,0.597,0.006873841
0.424,0.516,0.498,0.524,0.001718822
0.375,0.595,0.393,0.553,0.028695213
0.47,0.569,0.335,0.583,0.00705695
0.417,0.647,0.435,0.611,0.016138227
0.491,0.569,0.434,0.586,0.004279466
0.435,0.563,0.399,0.581,0.011522899
0.452,0.602,0.408,0.566,0.00969903
0.377,0.603,0.437,0.591,0.027485244
0.483,0.729,0.449,0.549,0.004919868
0.529,0.561,0.387,0.633,0.001881211
0.413,0.481,0.455,0.581,0.007194765
0.542,0.583,0.392,0.636,0.00211058
0.43,0.664,0.478,0.59,0.008530501
0.418,0.536,0.457,0.565,0.008226443
0.52,0.57,0.381,0.519,0.001843143
0.398,0.498,0.485,0.535,0.004984438
0.415,0.475,0.418,0.518,0.006619415
0.492,0.616,0.337,0.529,0.004550275
0.425,0.475,0.385,0.571,0.006835291
0.41,0.482,0.508,0.528,0.001215752
0.515,0.519,0.459,0.565,0.000162871
0.451,0.557,0.312,0.528,0.006691213
0.455,0.575,0.363,0.601,0.009735652
0.461,0.509,0.353,0.585,0.00480952
0.379,0.597,0.452,0.48,0.005808432
0.417,0.559,0.43,0.568,0.011873217
0.463,0.679,0.364,0.542,0.008026468
0.462,0.484,0.383,0.593,0.002487882
0.37,0.58,0.41,0.522,0.025737028
0.374,0.612,0.422,0.556,0.025015673
0.448,0.52,0.44,0.604,0.006400165
0.41,0.488,0.468,0.564,0.006338004
0.411,0.637,0.43,0.592,0.016537213
0.459,0.625,0.433,0.551,0.007067552
0.454,0.476,0.37,0.54,0.002188642
0.426,0.61,0.406,0.566,0.013779485
0.425,0.467,0.473,0.522,0.00187061
0.505,0.567,0.455,0.519,0.001461986
0.467,0.639,0.432,0.68,0.009317873
0.382,0.444,0.468,0.524,0.006144293
0.438,0.544,0.347,0.574,0.009748663
0.451,0.457,0.436,0.528,0.000486686
0.449,0.473,0.457,0.537,0.001376696
0.527,0.529,0.452,0.454,0.0
0.31,0.558,0.402,0.572,0.061549426
0.444,0.458,0.409,0.618,0.002107689
0.433,0.434,0.471,0.487,1.7829e-05
0.474,0.522,0.469,0.487,0.000444764
0.457,0.561,0.399,0.541,0.00678855
0.422,0.52,0.434,0.618,0.011121503
0.381,0.607,0.381,0.485,0.0150786
0.474,0.593,0.371,0.585,0.007563393
0.471,0.645,0.388,0.582,0.008619647
0.4,0.614,0.397,0.645,0.024461043
0.521,0.521,0.417,0.629,0.0
0.485,0.515,0.44,0.446,0.00011083
0.395,0.505,0.399,0.509,0.012151736
0.365,0.603,0.363,0.523,0.02797434
0.474,0.618,0.389,0.613,0.008730958
0.467,0.553,0.454,0.538,0.00339042
0.394,0.433,0.426,0.558,0.007904556
0.432,0.492,0.509,0.527,0.000708827
0.378,0.622,0.447,0.453,0.0016822
0.482,0.592,0.485,0.569,0.003139367
0.336,0.514,0.358,0.516,0.033068162
0.441,0.563,0.5,0.556,0.003202974
0.461,0.463,0.41,0.604,0.00024768
0.38,0.52,0.507,0.576,0.008095375
0.419,0.509,0.445,0.463,0.001762672
0.382,0.502,0.465,0.469,0.000662568
0.496,0.514,0.51,0.6,0.000592215
0.407,0.615,0.425,0.465,0.004409088
0.471,0.509,0.502,0.534,0.000675096
0.501,0.523,0.379,0.535,0.001239363
0.491,0.571,0.511,0.645,0.00247969
0.482,0.514,0.392,0.56,0.002531732
0.332,0.576,0.401,0.561,0.046739226
0.54,0.576,0.484,0.598,0.001025414
0.447,0.507,0.493,0.561,0.002305254
0.486,0.57,0.531,0.569,0.000976264
0.476,0.484,0.424,0.446,4.3368e-05
0.465,0.653,0.298,0.51,0.005981904
0.438,0.49,0.418,0.554,0.005684592
0.46,0.614,0.49,0.535,0.002633406
0.454,0.548,0.508,0.578,0.0026628
0.453,0.547,0.477,0.571,0.004080455
0.427,0.647,0.428,0.632,0.014716235
0.386,0.62,0.486,0.552,0.010223784
0.406,0.594,0.372,0.52,0.013684557
0.476,0.556,0.458,0.506,0.001757371
0.473,0.553,0.386,0.598,0.006310056
0.45,0.53,0.386,0.53,0.005804577
0.377,0.603,0.489,0.513,0.004965645
0.458,0.53,0.441,0.631,0.006097552
0.418,0.532,0.458,0.592,0.009404609
0.438,0.572,0.404,0.654,0.013223892
0.516,0.524,0.457,0.613,0.000406214
0.436,0.544,0.416,0.544,0.008776254
0.517,0.569,0.397,0.521,0.001974211
0.426,0.602,0.402,0.648,0.01666298
0.482,0.526,0.448,0.512,0.001504872
0.484,0.496,0.457,0.683,0.000965663
0.399,0.523,0.51,0.514,0.000425971
0.465,0.597,0.375,0.557,0.007637601
0.519,0.527,0.382,0.629,0.000568122
0.479,0.511,0.455,0.605,0.002266705
0.467,0.581,0.372,0.556,0.006990935
0.461,0.605,0.414,0.572,0.008841306
0.457,0.468,0.581,0.591,4.915e-05
0.498,0.618,0.41,0.55,0.004786872
0.475,0.533,0.345,0.547,0.003935894
0.463,0.593,0.381,0.591,0.008977675
0.418,0.551,0.39,0.576,0.013910553
0.438,0.472,0.518,0.594,0.001397416
0.421,0.509,0.39,0.612,0.012149809
0.498,0.578,0.472,0.478,0.000145524
0.417,0.515,0.383,0.511,0.008311734
0.36,0.542,0.392,0.546,0.031575336
0.442,0.554,0.338,0.578,0.009823352
0.489,0.491,0.423,0.497,7.999e-05
0.445,0.609,0.512,0.648,0.005560752
0.475,0.53,0.419,0.657,0.004568586
0.483,0.563,0.454,0.548,0.00304733
0.43,0.62,0.373,0.617,0.015508908
0.403,0.629,0.378,0.564,0.01929976
0.478,0.5,0.41,0.582,0.002118772
0.496,0.514,0.425,0.653,0.001451385
0.445,0.533,0.455,0.587,0.005984795
0.409,0.571,0.481,0.515,0.003797598
0.446,0.605,0.431,0.619,0.010708543
0.407,0.638,0.494,0.498,0.000571495
0.385,0.607,0.528,0.626,0.009028271
0.431,0.471,0.485,0.567,0.002380908
0.432,0.578,0.511,0.521,0.000718946
0.473,0.545,0.409,0.619,0.006092252
0.461,0.531,0.365,0.505,0.003810127
0.398,0.612,0.402,0.61,0.023977248
0.527,0.553,0.349,0.595,0.001484152
0.461,0.519,0.432,0.652,0.005358367
0.493,0.541,0.45,0.594,0.00263437
0.507,0.572,0.366,0.609,0.003940713
0.491,0.535,0.381,0.527,0.002296099
0.383,0.627,0.445,0.589,0.023133016
0.373,0.615,0.404,0.506,0.02216639
0.427,0.509,0.458,0.489,0.001954455
0.416,0.549,0.459,0.615,0.011129695
0.451,0.555,0.437,0.551,0.006291263
0.524,0.579,0.515,0.577,0.000887118
0.415,0.569,0.414,0.65,0.018151951
0.404,0.588,0.432,0.634,0.019220733
0.473,0.511,0.378,0.614,0.003851567
0.455,0.519,0.409,0.517,0.004380176
0.493,0.583,0.386,0.6,0.005540031
0.382,0.556,0.48,0.558,0.011691071
0.459,0.604,0.455,0.479,0.001456686
0.388,0.49,0.427,0.527,0.012545904
0.46,0.618,0.355,0.599,0.010119219
0.427,0.645,0.499,0.527,0.002522577
0.373,0.607,0.403,0.555,0.030163946
0.417,0.573,0.459,0.513,0.005353067
0.453,0.541,0.441,0.627,0.007242469
0.491,0.531,0.516,0.538,0.000368629
0.403,0.565,0.46,0.628,0.014759604
0.516,0.54,0.467,0.565,0.000801346
0.35,0.582,0.406,0.518,0.031461615
0.494,0.498,0.401,0.607,0.000400432
0.338,0.442,0.487,0.512,0.005787229
0.455,0.612,0.482,0.512,0.001969875
0.385,0.581,0.453,0.617,0.021166997
0.524,0.654,0.459,0.533,0.001860491
0.403,0.601,0.43,0.51,0.010376054
0.438,0.646,0.376,0.612,0.014220876
0.471,0.557,0.413,0.589,0.006524969
0.442,0.512,0.501,0.525,0.001110223
0.48,0.504,0.439,0.533,0.00133911
0.327,0.567,0.452,0.654,0.041388087
0.366,0.59,0.399,0.431,0.005605084
0.495,0.601,0.381,0.581,0.005514011
0.324,0.572,0.417,0.451,0.01633001
0.415,0.493,0.477,0.477,0.0
0.461,0.598,0.432,0.57,0.007283428
0.381,0.579,0.504,0.534,0.004800847
0.459,0.571,0.401,0.603,0.009006587
0.436,0.588,0.411,0.621,0.013655645
0.356,0.568,0.398,0.582,0.038898759
0.494,0.52,0.427,0.555,0.001461504
0.432,0.586,0.435,0.615,0.012296297
0.416,0.484,0.524,0.544,0.000996984
0.451,0.667,0.51,0.548,0.002356814
0.403,0.567,0.42,0.636,0.018800545
0.471,0.583,0.451,0.479,0.001414763
0.355,0.578,0.44,0.442,0.001036497
0.453,0.515,0.392,0.594,0.006475336
0.425,0.621,0.413,0.495,0.008271257
0.431,0.593,0.368,0.574,0.012882247
0.449,0.523,0.468,0.558,0.003626053
0.434,0.622,0.455,0.566,0.008613383
0.376,0.574,0.501,0.551,0.008020686
0.414,0.642,0.398,0.644,0.020258676
0.482,0.576,0.404,0.552,0.005285123
0.403,0.601,0.436,0.564,0.01592235
0.466,0.628,0.509,0.543,0.001694246
0.543,0.577,0.451,0.559,0.001073601
0.505,0.543,0.438,0.544,0.001637386
0.418,0.602,0.379,0.627,0.018104246
0.519,0.599,0.469,0.481,0.000219732
0.478,0.486,0.404,0.6,0.000868325
0.488,0.634,0.487,0.557,0.002842537
0.523,0.555,0.388,0.578,0.00171834
0.397,0.581,0.383,0.583,0.021802098
0.41,0.558,0.502,0.586,0.006861794
0.397,0.533,0.424,0.58,0.016487099
0.438,0.464,0.433,0.543,0.002543297
0.481,0.531,0.445,0.565,0.002849283
0.489,0.541,0.431,0.515,0.001908196
0.471,0.537,0.481,0.547,0.002087932
0.474,0.624,0.399,0.619,0.008933825
0.523,0.565,0.364,0.524,0.00163594
0.503,0.529,0.58,0.592,9.3482e-05
0.459,0.523,0.357,0.605,0.006350051
0.449,0.493,0.493,0.565,0.001861936
0.448,0.594,0.422,0.566,0.008421118
0.54,0.544,0.521,0.555,3.4213e-05
0.442,0.56,0.444,0.5,0.003933967
0.461,0.551,0.518,0.548,0.001083238
0.463,0.525,0.466,0.538,0.002377535
0.426,0.662,0.391,0.519,0.010752393
0.424,0.634,0.353,0.547,0.013081741
0.389,0.531,0.447,0.503,0.008770953
0.463,0.541,0.41,0.656,0.007417869
0.407,0.485,0.456,0.566,0.007875162
0.493,0.535,0.426,0.55,0.002083113
0.345,0.577,0.437,0.479,0.015218341
0.448,0.548,0.479,0.607,0.005393062
0.378,0.628,0.432,0.553,0.023309862
0.472,0.568,0.404,0.586,0.00690709
0.42,0.452,0.397,0.581,0.005393062
0.509,0.579,0.466,0.562,0.00208986
0.496,0.568,0.509,0.559,0.001198405
0.43,0.652,0.486,0.56,0.006081169
0.388,0.598,0.477,0.503,0.004294886
0.491,0.553,0.386,0.498,0.002310555
0.417,0.585,0.361,0.597,0.016781038
0.479,0.499,0.44,0.558,0.001395488
0.349,0.573,0.419,0.621,0.038440985
0.507,0.593,0.449,0.571,0.003122984
0.524,0.53,0.395,0.573,0.00033297
0.403,0.569,0.485,0.497,0.001453313
0.429,0.569,0.362,0.606,0.0138349
0.422,0.531,0.457,0.557,0.007100319
0.448,0.65,0.45,0.69,0.010696014
0.436,0.555,0.525,0.58,0.002703759
0.436,0.53,0.469,0.506,0.002219964
0.429,0.635,0.341,0.507,0.009079831
0.489,0.561,0.46,0.606,0.003528716
0.464,0.492,0.444,0.562,0.002079259
0.51,0.538,0.505,0.511,6.9871e-05
0.374,0.52,0.452,0.484,0.006430041
0.399,0.629,0.492,0.515,0.003322477
0.415,0.555,0.384,0.6,0.016061128
0.468,0.538,0.494,0.51,0.000620645
0.465,0.599,0.539,0.545,0.000241898
0.378,0.624,0.456,0.51,0.011164871
0.465,0.509,0.353,0.597,0.004514135
0.438,0.552,0.338,0.565,0.009843109
0.426,0.561,0.469,0.513,0.003636173
0.446,0.626,0.466,0.516,0.003563411
0.423,0.471,0.45,0.494,0.002112026
0.368,0.566,0.42,0.606,0.030616901
0.44,0.632,0.5,0.542,0.003039139
0.439,0.569,0.446,0.598,0.009279806
0.426,0.516,0.396,0.646,0.012140171
0.497,0.577,0.469,0.549,0.002224301
0.407,0.561,0.438,0.556,0.013108725
0.378,0.506,0.4,0.634,0.028588239
0.507,0.629,0.466,0.594,0.003511851
0.423,0.591,0.471,0.507,0.00334127
0.424,0.562,0.478,0.54,0.004910712
0.484,0.542,0.469,0.515,0.001233099
0.534,0.596,0.467,0.589,0.001780501
0.409,0.451,0.386,0.49,0.004240916
0.405,0.621,0.376,0.472,0.008345946
0.469,0.529,0.422,0.574,0.004159481
0.288,0.513,0.494,0.6,0.033287411
0.399,0.601,0.48,0.501,0.002827599
0.413,0.581,0.426,0.534,0.010862741
0.336,0.564,0.484,0.527,0.012067409
0.432,0.514,0.533,0.569,0.001510173
0.387,0.605,0.528,0.56,0.004095874
0.472,0.485,0.512,0.518,3.9513e-05
0.402,0.58,0.465,0.603,0.013837791
0.465,0.493,0.428,0.674,0.002927827
0.46,0.57,0.502,0.52,0.000943979
0.38,0.618,0.459,0.529,0.013172814
0.367,0.479,0.454,0.49,0.007017437
0.369,0.615,0.42,0.578,0.029178045
0.405,0.613,0.395,0.637,0.022530682
0.441,0.555,0.442,0.582,0.008196567
0.49,0.704,0.421,0.635,0.007115738
0.442,0.604,0.457,0.605,0.008890457
0.352,0.6,0.411,0.573,0.040446036
0.509,0.517,0.379,0.571,0.000513189
0.566,0.574,0.524,0.53,2.2166e-05
0.463,0.535,0.335,0.505,0.003769168
0.409,0.531,0.488,0.57,0.006785177
0.483,0.508,0.434,0.538,0.001444157
0.401,0.619,0.44,0.596,0.01872971
0.405,0.607,0.537,0.581,0.003848676
0.487,0.507,0.445,0.596,0.001495235
0.453,0.619,0.353,0.581,0.010507604
0.377,0.523,0.402,0.478,0.013571318
0.392,0.61,0.369,0.503,0.015129678
0.443,0.6,0.466,0.486,0.001333328
0.514,0.534,0.473,0.535,0.000470785
0.445,0.527,0.503,0.527,0.001124679
0.477,0.567,0.434,0.624,0.00601178
0.439,0.541,0.385,0.577,0.009559289
0.452,0.562,0.445,0.513,0.004151771
0.384,0.62,0.43,0.576,0.023558023
0.526,0.571,0.474,0.59,0.001431629
0.398,0.454,0.394,0.6,0.012553614
0.494,0.554,0.431,0.653,0.003934449
0.436,0.446,0.517,0.577,0.00042308
0.349,0.599,0.487,0.574,0.018099428
0.412,0.564,0.477,0.603,0.010085006
0.382,0.53,0.376,0.578,0.02538912
0.451,0.487,0.484,0.52,0.000891455
0.491,0.548,0.408,0.49,0.001924579
0.475,0.531,0.543,0.611,0.001228762
0.434,0.642,0.341,0.579,0.013486028
0.398,0.462,0.477,0.483,0.000486204
0.427,0.569,0.43,0.604,0.012204742
0.374,0.493,0.314,0.512,0.019201459
0.404,0.612,0.434,0.558,0.015353264
0.42,0.6,0.431,0.603,0.01451867
0.454,0.6,0.439,0.527,0.00584168
0.495,0.521,0.406,0.618,0.002168886
0.427,0.627,0.47,0.476,0.00052379
0.555,0.573,0.469,0.52,0.000267918
0.535,0.545,0.396,0.578,0.000541137
0.419,0.547,0.458,0.55,0.007454973
0.426,0.526,0.467,0.62,0.007997074
0.49,0.55,0.426,0.622,0.003939267
0.531,0.533,0.343,0.449,2.6021e-05
0.378,0.56,0.429,0.641,0.028016744
0.388,0.584,0.462,0.536,0.011380266
0.452,0.57,0.486,0.534,0.002746163
0.389,0.595,0.524,0.552,0.003391866
0.495,0.523,0.516,0.524,0.000104565
0.46,0.648,0.458,0.613,0.00770458
0.415,0.556,0.34,0.544,0.012759853
0.383,0.549,0.369,0.474,0.011791299
0.392,0.628,0.419,0.655,0.024672101
0.415,0.577,0.467,0.484,0.001621484
0.375,0.573,0.406,0.594,0.032310666
0.499,0.529,0.457,0.537,0.001040352
0.406,0.58,0.465,0.537,0.008072245
0.511,0.515,0.359,0.609,0.000274665
0.453,0.691,0.396,0.532,0.008631694
0.389,0.555,0.458,0.578,0.015496379
0.483,0.655,0.544,0.598,0.001733278
0.412,0.554,0.446,0.558,0.010808771
0.475,0.553,0.403,0.637,0.006539425
0.421,0.577,0.468,0.496,0.002502338
0.415,0.554,0.36,0.594,0.015745505
0.357,0.571,0.458,0.571,0.023142172
0.379,0.627,0.426,0.66,0.030138407
0.415,0.609,0.394,0.526,0.012634568
0.518,0.548,0.446,0.62,0.001539085
0.495,0.517,0.414,0.584,0.00172364
0.442,0.55,0.481,0.523,0.002526432
0.401,0.615,0.5,0.546,0.005492326
0.413,0.533,0.382,0.564,0.013414229
0.525,0.615,0.446,0.512,0.001510655
0.496,0.498,0.413,0.537,0.000152752
0.438,0.565,0.481,0.661,0.00765543
0.33,0.562,0.387,0.623,0.054261661
0.363,0.521,0.472,0.538,0.012564215
0.473,0.531,0.511,0.529,0.000493432
0.406,0.56,0.348,0.57,0.017125573
0.377,0.573,0.482,0.622,0.017631534
0.473,0.553,0.404,0.576,0.005816142
0.417,0.627,0.469,0.549,0.007857814
0.427,0.667,0.483,0.499,0.001513546
0.45,0.468,0.484,0.51,0.000350318
0.446,0.528,0.392,0.57,0.007627964
0.409,0.557,0.393,0.471,0.006923955
0.443,0.565,0.486,0.534,0.003006372
0.412,0.428,0.489,0.493,9.7819e-05
0.523,0.627,0.461,0.521,0.001432592
0.43,0.559,0.449,0.568,0.00843991
0.481,0.489,0.463,0.585,0.000522344
0.507,0.599,0.499,0.573,0.00183206
0.353,0.547,0.427,0.545,0.027816769
0.494,0.558,0.493,0.641,0.002537515
0.542,0.55,0.378,0.572,0.000408624
0.414,0.506,0.502,0.528,0.001898076
0.463,0.594,0.47,0.564,0.00459798
0.388,0.6,0.438,0.546,0.018338434
0.341,0.58,0.374,0.494,0.027447658
0.485,0.515,0.437,0.607,0.002352477
0.437,0.575,0.463,0.567,0.006789032
0.396,0.528,0.463,0.533,0.008279448
0.502,0.572,0.434,0.45,0.000424525
0.379,0.499,0.439,0.495,0.010775041
0.448,0.528,0.429,0.623,0.0073639
0.383,0.625,0.489,0.505,0.003096963
0.491,0.522,0.504,0.516,0.000193229
0.462,0.5,0.379,0.561,0.003563411
0.427,0.543,0.494,0.524,0.002232492
0.396,0.644,0.441,0.531,0.013999698
0.453,0.613,0.366,0.6,0.011065125
0.32,0.566,0.483,0.511,0.010011762
0.428,0.668,0.407,0.629,0.016837898
0.434,0.598,0.423,0.583,0.011092591
0.523,0.533,0.388,0.627,0.000657749
0.368,0.572,0.545,0.567,0.00285121
0.534,0.548,0.452,0.514,0.000305504
0.466,0.644,0.48,0.592,0.005471124
0.418,0.574,0.463,0.483,0.001860009
0.406,0.578,0.43,0.674,0.019123878
0.342,0.498,0.39,0.63,0.043963187
0.44,0.51,0.483,0.568,0.003475711
0.401,0.521,0.43,0.506,0.008488097
0.403,0.587,0.446,0.54,0.01192815
0.479,0.519,0.444,0.562,0.002448369
0.369,0.563,0.421,0.636,0.031487636
0.524,0.652,0.448,0.566,0.002928791
0.344,0.59,0.476,0.536,0.015517581
0.406,0.62,0.515,0.573,0.005566052
0.426,0.51,0.536,0.576,0.001777128
0.489,0.591,0.392,0.536,0.004596053
0.418,0.554,0.388,0.496,0.008162355
0.428,0.56,0.5,0.524,0.001872537
0.407,0.501,0.432,0.634,0.013732744
0.327,0.503,0.462,0.649,0.033804455
0.465,0.519,0.445,0.531,0.002771702
0.403,0.627,0.413,0.63,0.023225535
0.465,0.531,0.46,0.466,0.000236597
0.413,0.549,0.415,0.579,0.015096429
0.445,0.561,0.471,0.519,0.002928791
0.366,0.588,0.397,0.619,0.038360031
0.481,0.599,0.407,0.625,0.00764001
0.446,0.588,0.444,0.626,0.009746735
0.471,0.533,0.44,0.464,0.000927595
0.439,0.519,0.471,0.505,0.00181134
0.412,0.648,0.411,0.549,0.015728157
0.489,0.579,0.457,0.561,0.003339342
0.333,0.535,0.514,0.628,0.016734297
0.479,0.513,0.353,0.521,0.002151057
0.436,0.588,0.408,0.552,0.010791424
0.494,0.622,0.434,0.51,0.002927345
0.43,0.578,0.393,0.505,0.008130551
0.388,0.624,0.44,0.566,0.020563216
0.477,0.501,0.438,0.478,0.000668832
0.486,0.566,0.367,0.597,0.005525575
0.506,0.52,0.402,0.534,0.000772434
0.377,0.539,0.345,0.593,0.029570285
0.462,0.534,0.48,0.488,0.000311768
0.419,0.655,0.43,0.558,0.012667816
0.389,0.565,0.477,0.565,0.011677579
0.392,0.638,0.367,0.541,0.020588274
0.412,0.582,0.356,0.48,0.007880944
0.448,0.518,0.419,0.505,0.003384156
0.393,0.616,0.476,0.482,0.000850014
0.419,0.651,0.468,0.598,0.011132586
0.479,0.623,0.461,0.641,0.006149594
0.437,0.575,0.379,0.573,0.011357137
0.407,0.571,0.457,0.613,0.013934646
0.457,0.555,0.345,0.557,0.007143205
0.507,0.583,0.455,0.557,0.002455597
0.511,0.577,0.474,0.52,0.001006621
0.485,0.683,0.44,0.56,0.005613757
0.405,0.511,0.399,0.587,0.015731049
0.432,0.438,0.555,0.594,0.000174436
0.508,0.522,0.37,0.604,0.001008549
0.393,0.549,0.482,0.506,0.003437643
0.459,0.533,0.451,0.649,0.005727478
0.454,0.656,0.331,0.507,0.006735545
0.457,0.461,0.437,0.519,0.00032767
0.54,0.638,0.522,0.53,0.000148897
0.514,0.576,0.424,0.532,0.002078777
0.385,0.575,0.469,0.499,0.005102978
0.393,0.555,0.422,0.662,0.022196747
0.453,0.549,0.391,0.583,0.008181148
0.412,0.588,0.446,0.526,0.009072121
0.416,0.594,0.481,0.539,0.005716395
0.399,0.547,0.449,0.655,0.017398792
0.343,0.573,0.436,0.602,0.039457244
0.432,0.661,0.344,0.592,0.014747075
0.398,0.482,0.43,0.542,0.010476283
0.459,0.523,0.342,0.546,0.00502877
0.407,0.619,0.506,0.514,0.000987347
0.327,0.557,0.43,0.53,0.03374904
0.439,0.509,0.508,0.603,0.00317117
0.429,0.611,0.416,0.576,0.013781412
0.406,0.528,0.439,0.513,0.008432682
0.466,0.605,0.343,0.531,0.006573155
0.336,0.542,0.435,0.603,0.040981391
0.401,0.585,0.439,0.553,0.014697443
0.48,0.586,0.466,0.578,0.00410262
0.436,0.62,0.399,0.605,0.013995362
0.397,0.645,0.372,0.498,0.01328798
0.449,0.537,0.441,0.663,0.007851068
0.508,0.628,0.389,0.559,0.004465467
0.394,0.607,0.382,0.548,0.020253376
0.449,0.533,0.435,0.601,0.007124894
0.496,0.618,0.402,0.574,0.005578099
0.416,0.632,0.362,0.556,0.015290622
0.428,0.61,0.432,0.514,0.007588932
0.462,0.554,0.45,0.496,0.002186715
0.426,0.608,0.419,0.591,0.01305572
0.479,0.493,0.534,0.538,2.5057e-05
0.389,0.549,0.496,0.502,0.000871217
0.455,0.629,0.364,0.558,0.009387744
0.457,0.503,0.494,0.554,0.001551614
0.441,0.539,0.391,0.589,0.009546278
0.42,0.576,0.472,0.586,0.0089637
0.378,0.606,0.514,0.59,0.009752518
0.458,0.598,0.349,0.587,0.009616631
0.437,0.489,0.391,0.637,0.007262708
0.458,0.597,0.467,0.613,0.00661556
0.454,0.599,0.464,0.638,0.007645311
0.542,0.562,0.44,0.474,0.000273219
0.494,0.516,0.441,0.607,0.001583417
0.363,0.549,0.439,0.667,0.033117312
0.477,0.616,0.47,0.564,0.004180201
0.41,0.566,0.5,0.552,0.004819639
0.451,0.585,0.443,0.597,0.008531947
0.417,0.517,0.513,0.603,0.004832168
0.527,0.551,0.408,0.626,0.001452349
0.529,0.619,0.52,0.536,0.000327188
0.399,0.591,0.493,0.623,0.011910321
0.443,0.493,0.428,0.665,0.005879748
0.445,0.459,0.452,0.468,0.000227441
0.395,0.467,0.489,0.525,0.003223212
0.468,0.572,0.38,0.526,0.005467751
0.441,0.561,0.414,0.544,0.008829259
0.408,0.519,0.442,0.595,0.012887548
0.477,0.593,0.54,0.568,0.000963735
0.421,0.651,0.414,0.498,0.009307754
0.404,0.486,0.406,0.56,0.01242881
0.42,0.486,0.376,0.56,0.00855074
0.502,0.554,0.449,0.649,0.00294132
0.472,0.494,0.452,0.452,0.0
0.48,0.546,0.41,0.654,0.00557328
0.394,0.63,0.473,0.487,0.00194289
0.487,0.521,0.476,0.588,0.001636904
0.391,0.537,0.513,0.537,0.002710987
0.432,0.514,0.453,0.545,0.005223926
0.432,0.552,0.376,0.61,0.012507836
0.39,0.6,0.407,0.639,0.028103962
0.345,0.593,0.499,0.637,0.02044805
0.456,0.554,0.346,0.573,0.00774313
0.516,0.542,0.352,0.578,0.001477888
0.43,0.652,0.316,0.564,0.013393027
0.543,0.597,0.448,0.516,0.000955543
0.507,0.519,0.425,0.569,0.000675578
0.519,0.571,0.423,0.663,0.002800132
0.384,0.536,0.412,0.512,0.017394455
0.509,0.519,0.416,0.574,0.00063992
0.434,0.596,0.411,0.661,0.015000055
0.353,0.587,0.376,0.52,0.03100095
0.414,0.56,0.401,0.631,0.017556845
0.46,0.566,0.445,0.573,0.006044547
0.4,0.562,0.459,0.633,0.015639494
0.483,0.523,0.492,0.554,0.001178648
0.456,0.548,0.392,0.522,0.005592073
0.488,0.568,0.487,0.537,0.001605101
0.42,0.518,0.423,0.471,0.003197191
0.455,0.619,0.411,0.581,0.010255106
0.377,0.565,0.463,0.589,0.018934504
0.472,0.536,0.509,0.569,0.001577153
0.358,0.592,0.463,0.673,0.027929044
0.525,0.602,0.409,0.577,0.003265135
0.478,0.562,0.421,0.501,0.002544743
0.497,0.594,0.435,0.55,0.003710862
0.361,0.547,0.426,0.628,0.033195375
0.394,0.6,0.439,0.617,0.021814627
0.473,0.555,0.442,0.49,0.001945299
0.48,0.494,0.403,0.607,0.001475478
0.414,0.61,0.426,0.546,0.012143544
0.446,0.488,0.389,0.637,0.00550871
0.526,0.582,0.399,0.583,0.002744718
0.507,0.511,0.511,0.571,9.1555e-05
0.48,0.533,0.385,0.585,0.004181647
0.431,0.655,0.379,0.579,0.014104264
0.455,0.495,0.362,0.554,0.003933003
0.476,0.542,0.458,0.554,0.002908071
0.463,0.469,0.397,0.579,0.000690516
0.4,0.574,0.451,0.497,0.006276325
0.311,0.558,0.42,0.524,0.039179688
0.434,0.44,0.455,0.488,0.000212985
0.365,0.607,0.44,0.578,0.029412232
0.382,0.612,0.475,0.569,0.014677204
0.497,0.573,0.393,0.449,0.001062518
0.452,0.616,0.448,0.454,0.000513189
0.419,0.557,0.515,0.627,0.006189107
0.478,0.542,0.469,0.485,0.000451992
0.53,0.566,0.427,0.485,0.000637511
0.417,0.555,0.462,0.472,0.000921813
0.418,0.606,0.416,0.56,0.014869469
0.462,0.624,0.366,0.524,0.006823245
0.53,0.538,0.419,0.579,0.000331525
0.429,0.491,0.52,0.584,0.002233456
0.51,0.564,0.513,0.563,0.000796045
0.493,0.627,0.358,0.546,0.005155501
0.413,0.585,0.449,0.645,0.015093538
0.354,0.56,0.35,0.562,0.036924066
0.425,0.571,0.391,0.556,0.012295815
0.47,0.566,0.365,0.571,0.006610741
0.502,0.572,0.418,0.658,0.004695799
0.466,0.628,0.478,0.494,0.000842305
0.399,0.565,0.508,0.522,0.001595945
0.453,0.627,0.469,0.596,0.007014546
0.397,0.605,0.468,0.628,0.016105941
0.406,0.541,0.477,0.529,0.005321745
0.47,0.53,0.439,0.555,0.003643401
0.42,0.614,0.431,0.543,0.010974534
0.384,0.578,0.402,0.472,0.011812983
0.454,0.544,0.434,0.666,0.007847695
0.436,0.547,0.471,0.603,0.006889261
0.432,0.464,0.425,0.597,0.00419273
0.485,0.551,0.364,0.582,0.004580151
0.458,0.564,0.416,0.606,0.008868291
0.422,0.582,0.524,0.56,0.002612204
0.475,0.501,0.435,0.557,0.001887957
0.414,0.648,0.467,0.571,0.010220893
0.358,0.608,0.469,0.565,0.019870773
0.486,0.538,0.4,0.574,0.003645328
0.443,0.569,0.386,0.6,0.01115427
0.479,0.509,0.499,0.567,0.001015777
0.412,0.6,0.441,0.595,0.015338808
0.405,0.583,0.405,0.557,0.017227247
0.423,0.609,0.375,0.529,0.011615418
0.481,0.531,0.454,0.466,0.000310805
0.352,0.59,0.456,0.518,0.01660612
0.385,0.523,0.392,0.598,0.025042175
0.447,0.503,0.548,0.55,6.0233e-05
0.432,0.528,0.485,0.569,0.00459798
0.486,0.543,0.427,0.611,0.00386506
0.439,0.64,0.44,0.633,0.012323763
0.382,0.604,0.46,0.54,0.013961149
0.342,0.54,0.383,0.529,0.034972502
0.392,0.6,0.366,0.596,0.025374664
0.458,0.694,0.421,0.638,0.010459417
0.388,0.57,0.482,0.592,0.01363637
0.462,0.516,0.405,0.561,0.004665442
0.4,0.53,0.35,0.595,0.019036178
0.439,0.645,0.446,0.514,0.005847463
0.402,0.572,0.433,0.559,0.015105103
0.387,0.589,0.384,0.472,0.011250162
0.383,0.579,0.528,0.627,0.008889493
0.465,0.545,0.456,0.611,0.005042262
0.473,0.577,0.342,0.59,0.00729162
0.477,0.521,0.414,0.516,0.00255438
0.472,0.602,0.444,0.636,0.00737161
0.453,0.593,0.486,0.534,0.002950475
0.459,0.585,0.404,0.57,0.008520382
0.423,0.613,0.411,0.605,0.016465897
0.424,0.57,0.404,0.526,0.01039822
0.369,0.571,0.403,0.553,0.030500771
0.501,0.577,0.418,0.598,0.004572923
0.553,0.587,0.414,0.49,0.000670278
0.406,0.618,0.381,0.577,0.019314216
0.414,0.486,0.419,0.439,0.000192747
0.35,0.56,0.477,0.507,0.007622181
0.397,0.557,0.496,0.506,0.001374768
0.454,0.538,0.461,0.503,0.001959755
0.43,0.648,0.459,0.501,0.003721945
0.411,0.571,0.388,0.518,0.011939233
0.423,0.623,0.429,0.521,0.008820586
0.464,0.585,0.51,0.556,0.00203059
0.395,0.631,0.478,0.564,0.011227996
0.442,0.57,0.382,0.56,0.00985371
0.502,0.536,0.392,0.59,0.002288389
0.472,0.49,0.359,0.597,0.001937589
0.403,0.561,0.397,0.623,0.02088655
0.402,0.648,0.381,0.621,0.023509355
0.572,0.584,0.481,0.538,0.000150825
0.48,0.494,0.516,0.524,5.8788e-05
0.42,0.594,0.439,0.671,0.015704064
0.377,0.577,0.465,0.511,0.009020561
0.382,0.524,0.336,0.522,0.019110868
0.423,0.487,0.421,0.509,0.004531483
0.383,0.545,0.349,0.581,0.025989527
0.534,0.534,0.396,0.634,0.0
0.417,0.625,0.431,0.515,0.009021043
0.404,0.532,0.416,0.612,0.018543228
0.369,0.529,0.408,0.512,0.02263862
0.442,0.57,0.468,0.496,0.001803148
0.454,0.572,0.506,0.548,0.002076849
0.365,0.585,0.458,0.48,0.005198387
0.479,0.533,0.474,0.528,0.001390188
0.406,0.562,0.439,0.605,0.016380124
0.431,0.647,0.434,0.574,0.011686252
0.376,0.622,0.497,0.501,0.000874108
0.378,0.54,0.394,0.626,0.030776399
0.398,0.57,0.464,0.564,0.011789372
0.484,0.538,0.422,0.564,0.003072869
0.426,0.586,0.461,0.499,0.003344161
0.399,0.599,0.376,0.609,0.023214452
0.366,0.612,0.43,0.52,0.021643082
0.512,0.628,0.485,0.565,0.002231529
0.425,0.523,0.418,0.564,0.010436288
0.483,0.533,0.349,0.575,0.003707489
0.423,0.491,0.479,0.561,0.004104066
0.519,0.555,0.359,0.571,0.001909641
0.367,0.583,0.36,0.594,0.036212347
0.456,0.606,0.497,0.509,0.00083604
0.47,0.517,0.484,0.624,0.00267051
0.431,0.539,0.55,0.55,0.0
0.405,0.523,0.478,0.578,0.008461594
0.456,0.472,0.506,0.564,0.000516562
0.448,0.56,0.476,0.67,0.006725907
0.472,0.632,0.428,0.672,0.008639885
0.385,0.561,0.448,0.546,0.015840432
0.441,0.547,0.305,0.543,0.008143562
0.441,0.531,0.471,0.594,0.005569907
0.371,0.525,0.384,0.62,0.032947213
0.462,0.494,0.48,0.542,0.001188767
0.474,0.52,0.424,0.48,0.001216716
0.511,0.563,0.447,0.683,0.002782785
0.445,0.629,0.432,0.553,0.008595554
0.53,0.58,0.367,0.593,0.002545706
0.429,0.579,0.467,0.485,0.001372359
0.481,0.581,0.462,0.526,0.002480172
0.401,0.605,0.422,0.542,0.014329778
0.423,0.499,0.505,0.555,0.002566427
0.469,0.601,0.477,0.501,0.001190695
0.402,0.556,0.448,0.474,0.003568711
0.463,0.629,0.425,0.631,0.009200779
0.553,0.634,0.446,0.556,0.001621966
0.424,0.592,0.464,0.569,0.008495807
0.472,0.582,0.445,0.553,0.004912158
0.379,0.607,0.411,0.617,0.032839275
0.421,0.601,0.487,0.574,0.007222231
0.53,0.544,0.408,0.55,0.000648594
0.362,0.516,0.44,0.65,0.030853498
0.368,0.588,0.44,0.598,0.029966862
0.42,0.644,0.378,0.625,0.018292656
0.42,0.584,0.521,0.531,0.000851942
0.393,0.537,0.466,0.53,0.008346428
0.535,0.563,0.472,0.472,0.0
0.469,0.503,0.441,0.525,0.001827724
0.477,0.545,0.387,0.571,0.004883728
0.462,0.554,0.372,0.474,0.003104673
0.43,0.616,0.418,0.584,0.0141086
0.468,0.51,0.459,0.547,0.002084559
0.497,0.595,0.368,0.574,0.005010941
0.448,0.565,0.385,0.573,0.009282697
0.498,0.684,0.43,0.534,0.003970107
0.443,0.595,0.459,0.607,0.008485688
0.341,0.527,0.387,0.581,0.04297054
0.393,0.589,0.423,0.629,0.022756678
0.42,0.592,0.484,0.526,0.004006247
0.418,0.604,0.481,0.487,0.000579687
0.375,0.609,0.416,0.632,0.035477499
0.493,0.621,0.527,0.531,0.000160944
0.506,0.518,0.498,0.554,0.000274183
0.359,0.603,0.457,0.589,0.025605961
0.411,0.587,0.447,0.473,0.003280554
0.414,0.532,0.476,0.55,0.006017562
0.365,0.613,0.44,0.588,0.030611119
0.487,0.625,0.421,0.551,0.00486879
0.44,0.54,0.308,0.523,0.006981779
0.41,0.626,0.457,0.585,0.012977175
0.417,0.493,0.363,0.599,0.011273292
0.501,0.523,0.385,0.515,0.001054808
0.456,0.634,0.461,0.535,0.004643276
0.455,0.473,0.403,0.521,0.001631122
0.378,0.552,0.531,0.577,0.005272595
0.348,0.586,0.457,0.527,0.018451673
0.416,0.652,0.425,0.543,0.011869362
0.502,0.578,0.369,0.607,0.004616773
0.438,0.54,0.459,0.591,0.006878659
0.392,0.63,0.501,0.563,0.008173919
0.412,0.576,0.367,0.561,0.015489151
0.415,0.495,0.432,0.566,0.008965146
0.438,0.534,0.51,0.552,0.002032517
0.483,0.535,0.447,0.575,0.002922527
0.455,0.566,0.545,0.635,0.002468608
0.509,0.573,0.395,0.625,0.003910355
0.415,0.583,0.396,0.608,0.017642617
0.463,0.483,0.459,0.605,0.001568479
0.412,0.534,0.453,0.555,0.008953581
0.431,0.529,0.533,0.587,0.002426685
0.351,0.461,0.44,0.616,0.028772312
0.456,0.538,0.379,0.595,0.007510388
0.494,0.519,0.509,0.541,0.000346945
0.449,0.571,0.393,0.537,0.007844322
0.401,0.607,0.519,0.595,0.007126339
0.403,0.535,0.434,0.556,0.013131373
0.386,0.52,0.414,0.622,0.025411768
0.377,0.543,0.408,0.508,0.019735368
0.465,0.525,0.455,0.547,0.002939874
0.379,0.563,0.468,0.634,0.019750788
0.426,0.653,0.468,0.504,0.003367772
0.479,0.545,0.404,0.648,0.005606529
0.48,0.509,0.498,0.56,0.000906875
0.42,0.606,0.371,0.603,0.016945355
0.479,0.527,0.462,0.683,0.003275736
0.39,0.586,0.526,0.544,0.002254658
0.354,0.46,0.437,0.571,0.025421887
0.377,0.509,0.435,0.501,0.013062466
0.403,0.555,0.493,0.525,0.003616898
0.329,0.545,0.408,0.58,0.049692593
0.426,0.508,0.449,0.487,0.002588593
0.415,0.627,0.465,0.589,0.011370629
0.457,0.565,0.414,0.564,0.007855887
0.473,0.555,0.473,0.531,0.002126482
0.503,0.553,0.433,0.645,0.003120574
0.403,0.593,0.434,0.582,0.017169905
0.406,0.564,0.478,0.516,0.004264528
0.488,0.506,0.517,0.541,0.000216359
0.455,0.527,0.378,0.608,0.007258371
0.501,0.657,0.519,0.64,0.002724479
0.456,0.464,0.467,0.475,4.3368e-05
0.434,0.47,0.451,0.587,0.003626535
0.485,0.581,0.373,0.619,0.006549062
0.457,0.583,0.402,0.596,0.009620968
0.512,0.546,0.385,0.535,0.001542458
0.38,0.604,0.448,0.464,0.003902164
0.316,0.548,0.459,0.569,0.034203442
0.396,0.474,0.457,0.527,0.006551953
0.435,0.497,0.502,0.554,0.002088896
0.349,0.583,0.471,0.487,0.004055879
0.52,0.64,0.342,0.474,0.001676417
0.482,0.54,0.473,0.477,0.000104083
0.448,0.608,0.377,0.621,0.012156555
0.409,0.445,0.509,0.555,0.001718822
0.505,0.527,0.372,0.562,0.001371877
0.433,0.577,0.4,0.43,0.00183206
0.395,0.593,0.483,0.555,0.009308718
0.467,0.549,0.366,0.605,0.006866131
0.482,0.552,0.381,0.605,0.005332828
0.494,0.558,0.42,0.582,0.003471856
0.455,0.671,0.498,0.501,0.000174436
0.45,0.53,0.339,0.577,0.007373537
0.49,0.53,0.465,0.531,0.001237436
0.464,0.544,0.416,0.59,0.006665192
0.507,0.563,0.43,0.6,0.002972641
0.363,0.535,0.394,0.586,0.034725304
0.474,0.478,0.476,0.498,5.7342e-05
0.513,0.525,0.469,0.561,0.000425971
0.482,0.506,0.408,0.596,0.002298026
0.465,0.499,0.346,0.506,0.00222671
0.395,0.581,0.442,0.622,0.020455278
0.502,0.564,0.512,0.548,0.000734366
0.413,0.477,0.435,0.605,0.00924993
0.426,0.592,0.372,0.568,0.013446996
0.484,0.492,0.45,0.572,0.000553666
0.569,0.585,0.441,0.565,0.000443318
0.491,0.615,0.417,0.631,0.007022738
0.527,0.533,0.397,0.645,0.000387903
0.455,0.479,0.409,0.633,0.003140813
0.41,0.602,0.435,0.567,0.01451867
0.484,0.508,0.438,0.594,0.001885066
0.476,0.506,0.51,0.532,0.000341644
0.411,0.565,0.366,0.57,0.01593006
0.404,0.46,0.454,0.512,0.004069372
0.37,0.59,0.357,0.535,0.028129501
0.502,0.514,0.43,0.51,0.000471748
0.44,0.556,0.458,0.674,0.008750715
0.499,0.526,0.403,0.591,0.001996859
0.48,0.534,0.412,0.602,0.004473177
0.495,0.531,0.351,0.45,0.000611008
0.413,0.534,0.443,0.583,0.011661677
0.438,0.646,0.412,0.654,0.015075227
0.519,0.587,0.451,0.523,0.001500536
0.438,0.616,0.414,0.596,0.013311591
0.398,0.456,0.511,0.643,0.005590146
0.473,0.529,0.407,0.641,0.005317409
0.565,0.625,0.552,0.57,0.000155161
0.445,0.633,0.447,0.612,0.010115364
0.475,0.545,0.474,0.552,0.002426203
0.496,0.58,0.453,0.477,0.000747858
0.472,0.597,0.435,0.671,0.007933468
0.422,0.528,0.472,0.55,0.00542872
0.442,0.492,0.449,0.543,0.003425115
0.422,0.57,0.378,0.556,0.01282346
0.408,0.608,0.56,0.562,0.000146006
0.361,0.573,0.434,0.654,0.035262105
0.434,0.555,0.422,0.626,0.010984653
0.439,0.657,0.42,0.49,0.00483795
0.429,0.635,0.335,0.501,0.008486652
0.46,0.574,0.425,0.563,0.006542798
0.445,0.569,0.46,0.612,0.007631337
0.49,0.508,0.449,0.513,0.00066835
0.407,0.581,0.455,0.519,0.007599051
0.466,0.55,0.584,0.66,0.000997466
0.432,0.536,0.484,0.508,0.001674008
0.497,0.503,0.424,0.634,0.000470303
0.435,0.639,0.419,0.521,0.007672777
0.43,0.584,0.483,0.571,0.006302828
0.407,0.573,0.391,0.495,0.010186198
0.472,0.628,0.5,0.516,0.000855315
0.427,0.555,0.42,0.531,0.007883353
0.435,0.627,0.435,0.497,0.00557328
0.36,0.596,0.51,0.54,0.005606529
0.513,0.525,0.497,0.532,0.000182146
0.485,0.615,0.443,0.61,0.006091288
0.441,0.601,0.353,0.581,0.011841414
0.484,0.644,0.45,0.582,0.005496663
0.461,0.465,0.443,0.627,0.000405251
0.468,0.55,0.383,0.561,0.005787711
0.419,0.611,0.369,0.589,0.016596483
0.429,0.639,0.418,0.639,0.016508783
0.391,0.637,0.465,0.535,0.010726372
0.411,0.601,0.48,0.53,0.005485098
0.486,0.624,0.48,0.564,0.003353798
0.497,0.511,0.395,0.546,0.000953616
0.513,0.537,0.51,0.536,0.000234188
0.453,0.521,0.417,0.595,0.006910463
0.376,0.612,0.487,0.543,0.01023824
0.4,0.596,0.401,0.617,0.023119042
0.573,0.607,0.444,0.692,0.001029269
0.467,0.485,0.491,0.525,0.000391758
0.481,0.515,0.388,0.594,0.003073351
0.418,0.622,0.421,0.632,0.01629146
0.393,0.577,0.529,0.561,0.003509923
0.464,0.53,0.394,0.53,0.004372948
0.426,0.562,0.429,0.563,0.010215592
0.571,0.579,0.411,0.558,0.000271291
0.406,0.574,0.456,0.49,0.004074672
0.388,0.632,0.457,0.481,0.004047206
0.372,0.586,0.475,0.499,0.005123216
0.462,0.534,0.451,0.547,0.003610152
0.368,0.554,0.42,0.57,0.026993257
0.435,0.453,0.449,0.579,0.001939999
0.451,0.633,0.516,0.57,0.003007817
0.395,0.545,0.454,0.466,0.001797848
0.376,0.6,0.384,0.626,0.034549423
0.404,0.54,0.521,0.563,0.003568229
0.398,0.598,0.402,0.474,0.009364132
0.452,0.584,0.533,0.567,0.001577153
0.467,0.581,0.489,0.511,0.001139135
0.495,0.505,0.363,0.561,0.000757496
0.423,0.615,0.441,0.511,0.007399558
0.436,0.6,0.485,0.497,0.000946388
0.381,0.477,0.497,0.523,0.003456918
0.379,0.597,0.435,0.571,0.024652826
0.392,0.542,0.358,0.578,0.021545263
0.522,0.569,0.436,0.576,0.00207974
0.465,0.511,0.446,0.52,0.00219828
0.44,0.634,0.498,0.514,0.001291405
0.42,0.662,0.435,0.591,0.014798153
0.459,0.597,0.393,0.6,0.009824316
0.474,0.512,0.362,0.592,0.003646774
0.48,0.506,0.439,0.521,0.001285141
0.416,0.568,0.452,0.476,0.002514385
0.458,0.528,0.401,0.593,0.006619897
0.393,0.539,0.469,0.527,0.007573994
0.435,0.555,0.509,0.601,0.004541602
0.477,0.631,0.549,0.571,0.00082062
0.47,0.55,0.416,0.608,0.006596767
0.382,0.55,0.442,0.526,0.015460239
0.377,0.597,0.422,0.6,0.027983495
0.424,0.456,0.404,0.506,0.003220321
0.419,0.627,0.4,0.492,0.008683735
0.456,0.516,0.429,0.551,0.004233207
0.375,0.593,0.447,0.467,0.005260548
0.396,0.594,0.38,0.586,0.022803419
0.448,0.604,0.341,0.553,0.009561216
0.413,0.605,0.401,0.501,0.010288354
0.425,0.471,0.415,0.511,0.004540156
0.441,0.493,0.431,0.611,0.005763618
0.484,0.533,0.54,0.565,0.000445727
0.36,0.601,0.49,0.502,0.002962522
0.415,0.593,0.458,0.614,0.01278491
0.391,0.585,0.418,0.486,0.012282322
0.43,0.542,0.44,0.552,0.007947924
0.406,0.604,0.367,0.571,0.018631409
0.485,0.629,0.343,0.509,0.004344518
0.395,0.617,0.39,0.524,0.017277843
0.449,0.545,0.452,0.538,0.00447414
0.448,0.562,0.486,0.492,0.000334416
0.423,0.547,0.496,0.549,0.003858795
0.461,0.555,0.389,0.605,0.007955152
0.413,0.511,0.395,0.619,0.014437234
0.521,0.531,0.393,0.533,0.000442836
0.425,0.573,0.445,0.449,0.000505961
0.423,0.545,0.462,0.538,0.005802167
0.517,0.537,0.472,0.512,0.000278519
0.456,0.643,0.447,0.469,0.001660997
0.465,0.58,0.481,0.575,0.004157553
0.476,0.554,0.485,0.629,0.003693515
0.519,0.537,0.49,0.56,0.000447173
0.448,0.578,0.424,0.518,0.005638814
0.497,0.521,0.375,0.549,0.001509209
0.379,0.593,0.411,0.637,0.033233442
0.427,0.613,0.448,0.55,0.009046582
0.472,0.516,0.41,0.545,0.003335005
0.427,0.513,0.426,0.584,0.008721321
0.443,0.617,0.4,0.572,0.011418334
0.426,0.65,0.408,0.648,0.017482637
0.397,0.647,0.461,0.471,0.001468732
0.536,0.54,0.442,0.524,0.000130104
0.446,0.642,0.494,0.636,0.00695094
0.454,0.576,0.378,0.548,0.007982136
0.41,0.52,0.466,0.504,0.003512333
0.364,0.526,0.41,0.558,0.030991794
0.528,0.534,0.426,0.606,0.000286229
0.42,0.55,0.447,0.673,0.012914533
0.411,0.535,0.366,0.57,0.014414104
0.439,0.537,0.491,0.551,0.003205865
0.472,0.585,0.47,0.54,0.003130694
0.437,0.517,0.432,0.58,0.00734318
0.424,0.518,0.4,0.512,0.007492077
0.443,0.563,0.403,0.577,0.010056094
0.428,0.58,0.502,0.55,0.003604369
0.462,0.55,0.468,0.474,0.000254908
0.397,0.525,0.445,0.537,0.011323406
0.429,0.553,0.403,0.593,0.01258879
0.376,0.494,0.433,0.653,0.024959776
0.379,0.581,0.501,0.549,0.007615435
0.423,0.518,0.372,0.62,0.012499163
0.507,0.523,0.44,0.548,0.00076376
0.377,0.605,0.51,0.518,0.00144994
0.359,0.587,0.437,0.611,0.034774455
0.558,0.582,0.437,0.653,0.001049508
0.46,0.588,0.395,0.631,0.009956829
0.348,0.538,0.463,0.463,0.0
0.484,0.602,0.465,0.588,0.004453902
0.515,0.574,0.446,0.594,0.002635816
0.394,0.584,0.433,0.581,0.01957346
0.336,0.576,0.412,0.62,0.051419124
0.469,0.479,0.362,0.516,0.000756532
0.496,0.58,0.488,0.564,0.002126963
0.465,0.539,0.355,0.563,0.005608457
0.44,0.514,0.513,0.521,0.000328634
0.429,0.607,0.424,0.664,0.014335078
0.379,0.609,0.4,0.598,0.031822534
0.536,0.562,0.419,0.587,0.001209969
0.473,0.589,0.39,0.578,0.007300775
0.386,0.596,0.437,0.465,0.006421367
0.473,0.504,0.351,0.581,0.002967822
0.468,0.508,0.44,0.548,0.002603049
0.476,0.526,0.495,0.611,0.002305254
0.394,0.564,0.427,0.432,0.0
0.461,0.543,0.507,0.543,0.001313571
0.47,0.47,0.366,0.566,0.0
0.402,0.622,0.427,0.529,0.012991631
0.459,0.669,0.429,0.547,0.00718079
0.441,0.581,0.38,0.619,0.012476997
0.47,0.515,0.415,0.526,0.003037693
0.415,0.661,0.398,0.608,0.019098339
0.414,0.654,0.435,0.575,0.014792852
0.402,0.407,0.459,0.463,4.7223e-05
0.473,0.526,0.391,0.533,0.003482939
0.51,0.522,0.365,0.595,0.000812911
0.435,0.575,0.447,0.565,0.008457258
0.451,0.487,0.365,0.613,0.004477513
0.416,0.646,0.474,0.651,0.01258879
0.443,0.649,0.424,0.624,0.011878035
0.39,0.626,0.483,0.543,0.008902021
0.41,0.638,0.405,0.553,0.016453368
0.435,0.633,0.404,0.652,0.015481441
0.364,0.56,0.336,0.544,0.030669907
0.431,0.589,0.447,0.579,0.009896114
0.412,0.552,0.384,0.568,0.014868024
0.37,0.602,0.417,0.617,0.036976108
0.403,0.589,0.416,0.582,0.01993968
0.415,0.521,0.421,0.627,0.012880802
0.37,0.606,0.394,0.506,0.023084829
0.35,0.58,0.429,0.553,0.031088168
0.398,0.518,0.446,0.564,0.012921279
0.434,0.596,0.388,0.584,0.012984885
0.437,0.629,0.481,0.553,0.005398844
0.425,0.559,0.441,0.553,0.00921379
0.485,0.618,0.438,0.464,0.001339592
0.461,0.541,0.484,0.498,0.00060378
0.449,0.551,0.474,0.632,0.006066231
0.501,0.614,0.483,0.483,0.0
0.346,0.582,0.432,0.488,0.017556845
0.421,0.552,0.406,0.584,0.013743827
0.434,0.67,0.29,0.46,0.004654841
0.39,0.582,0.498,0.582,0.010038265
0.475,0.529,0.428,0.526,0.00262666
0.487,0.612,0.462,0.664,0.005455223
0.446,0.584,0.435,0.503,0.004901557
0.501,0.541,0.387,0.625,0.002909516
0.418,0.506,0.548,0.565,0.000894828
0.434,0.525,0.403,0.553,0.008569533
0.436,0.548,0.449,0.495,0.003247306
0.52,0.55,0.401,0.53,0.001262975
0.515,0.523,0.444,0.582,0.000419707
0.367,0.557,0.45,0.494,0.010508086
0.368,0.606,0.37,0.616,0.037914304
0.45,0.578,0.405,0.505,0.006139957
0.419,0.619,0.452,0.544,0.009153074
0.398,0.556,0.412,0.548,0.017431077
0.348,0.582,0.382,0.555,0.039045729
0.368,0.618,0.426,0.588,0.030604373
0.471,0.647,0.446,0.554,0.005808432
0.456,0.51,0.426,0.572,0.004437037
0.448,0.505,0.415,0.631,0.006827582
0.484,0.536,0.443,0.529,0.002151539
0.478,0.558,0.396,0.564,0.005252356
0.46,0.628,0.373,0.53,0.007358118
0.471,0.623,0.527,0.547,0.000914103
0.476,0.567,0.384,0.62,0.006976479
0.387,0.503,0.436,0.452,0.003139367
0.365,0.565,0.373,0.581,0.035081886
0.412,0.588,0.412,0.502,0.010306183
0.415,0.607,0.494,0.518,0.002617023
0.411,0.603,0.277,0.497,0.010119219
0.385,0.599,0.436,0.552,0.020258676
0.409,0.503,0.485,0.711,0.00921909
0.395,0.561,0.419,0.563,0.016967039
0.485,0.487,0.456,0.618,0.000147933
0.451,0.551,0.416,0.628,0.009533268
0.493,0.513,0.428,0.452,0.000188892
0.4,0.544,0.462,0.576,0.011742149
0.447,0.519,0.353,0.563,0.006740845
0.434,0.46,0.328,0.57,0.003654002
0.428,0.49,0.485,0.613,0.00468568
0.403,0.599,0.474,0.55,0.008849016
0.455,0.681,0.463,0.565,0.006351978
0.495,0.524,0.404,0.586,0.002186233
0.457,0.551,0.408,0.58,0.007687233
0.445,0.481,0.405,0.625,0.004824458
0.471,0.543,0.367,0.547,0.004769043
0.46,0.64,0.438,0.542,0.006546171
0.482,0.508,0.473,0.51,0.000554148
0.338,0.55,0.45,0.534,0.02444466
0.459,0.589,0.423,0.485,0.003043957
0.474,0.494,0.406,0.576,0.001980958
0.414,0.626,0.508,0.578,0.006000215
0.425,0.597,0.492,0.564,0.005795421
0.413,0.657,0.427,0.517,0.00988985
0.517,0.671,0.486,0.58,0.002590038
0.438,0.548,0.437,0.611,0.009688429
0.405,0.633,0.384,0.568,0.019078101
0.432,0.512,0.362,0.566,0.008673616
0.453,0.549,0.425,0.593,0.007266563
0.48,0.488,0.484,0.53,0.000223105
0.5,0.512,0.391,0.531,0.000735812
0.447,0.574,0.414,0.606,0.010919119
0.415,0.599,0.504,0.604,0.007649166
0.428,0.618,0.372,0.584,0.01451626
0.549,0.557,0.508,0.58,0.000135405
0.465,0.469,0.362,0.548,0.000406214
0.507,0.561,0.488,0.504,0.000346945
0.403,0.409,0.416,0.558,0.001628712
0.518,0.544,0.371,0.585,0.00149138
0.37,0.49,0.394,0.568,0.027171548
0.533,0.557,0.346,0.558,0.00115841
0.427,0.525,0.494,0.55,0.003413068
0.463,0.553,0.417,0.522,0.005091895
0.351,0.583,0.476,0.55,0.016832598
0.444,0.596,0.394,0.63,0.012648542
0.522,0.532,0.376,0.601,0.000625946
0.4,0.544,0.305,0.543,0.01581393
0.483,0.527,0.37,0.592,0.003627017
0.365,0.571,0.516,0.607,0.011430862
0.397,0.587,0.502,0.558,0.006650254
0.431,0.473,0.526,0.548,0.00058065
0.422,0.512,0.453,0.533,0.005555933
0.45,0.554,0.454,0.562,0.005506783
0.486,0.586,0.33,0.558,0.00536945
0.436,0.541,0.43,0.5,0.004551239
0.391,0.607,0.445,0.553,0.016695266
0.418,0.644,0.417,0.551,0.014597696
0.474,0.484,0.476,0.512,0.000244789
0.344,0.54,0.467,0.658,0.028538125
0.436,0.544,0.503,0.565,0.003316694
0.406,0.611,0.398,0.48,0.009041763
0.384,0.532,0.456,0.544,0.013350141
0.384,0.498,0.421,0.529,0.014522525
0.485,0.533,0.394,0.642,0.004149843
0.391,0.502,0.488,0.562,0.007840467
0.426,0.506,0.525,0.58,0.002412229
0.531,0.537,0.482,0.556,0.000138296
0.482,0.491,0.498,0.511,6.9389e-05
0.384,0.556,0.437,0.601,0.023806185
0.486,0.524,0.533,0.557,0.000353209
0.513,0.523,0.443,0.551,0.000433199
0.456,0.472,0.491,0.601,0.000914585
0.35,0.592,0.499,0.529,0.007157661
0.388,0.514,0.409,0.639,0.024491883
0.518,0.538,0.397,0.579,0.001116969
0.484,0.652,0.392,0.57,0.006975997
0.489,0.537,0.395,0.524,0.002473426
0.389,0.601,0.42,0.626,0.024510676
0.468,0.49,0.453,0.545,0.001268275
0.45,0.5,0.482,0.522,0.001327545
0.415,0.509,0.437,0.641,0.012334846
0.431,0.559,0.439,0.549,0.008399434
0.388,0.594,0.458,0.6,0.018600088
0.423,0.561,0.424,0.606,0.012702993
0.344,0.585,0.423,0.429,0.0
0.511,0.545,0.485,0.495,0.000125767
0.504,0.51,0.39,0.592,0.000515598
0.313,0.541,0.491,0.66,0.031467879
0.476,0.524,0.499,0.543,0.00103987
0.472,0.596,0.421,0.627,0.007534963
0.364,0.49,0.349,0.543,0.026653541
0.447,0.65,0.422,0.574,0.0095776
0.464,0.588,0.403,0.603,0.008963219
0.47,0.628,0.42,0.506,0.003971071
0.441,0.673,0.456,0.481,0.002008906
0.464,0.616,0.404,0.588,0.00927836
0.5,0.522,0.485,0.641,0.001095767
0.404,0.632,0.428,0.63,0.020015333
0.395,0.551,0.398,0.582,0.021105317
0.464,0.524,0.472,0.57,0.002882532
0.43,0.582,0.484,0.51,0.002219
0.409,0.573,0.458,0.53,0.007849141
0.415,0.589,0.422,0.526,0.009913943
0.376,0.6,0.371,0.617,0.034138389
0.455,0.529,0.416,0.546,0.005811323
0.41,0.631,0.456,0.55,0.010505677
0.458,0.468,0.455,0.621,0.000924704
0.425,0.523,0.449,0.693,0.010463272
0.442,0.63,0.404,0.627,0.013717806
0.459,0.523,0.418,0.544,0.004982511
0.454,0.616,0.446,0.618,0.009143919
0.517,0.577,0.504,0.546,0.000778216
0.463,0.648,0.436,0.594,0.008604227
0.401,0.645,0.459,0.487,0.00371279
0.52,0.616,0.418,0.512,0.002467162
0.427,0.599,0.364,0.608,0.015343627
0.438,0.594,0.338,0.542,0.010073441
0.443,0.521,0.434,0.516,0.004378249
0.422,0.578,0.412,0.636,0.016571907
0.419,0.635,0.419,0.607,0.01544771
0.408,0.566,0.381,0.577,0.017260978
0.456,0.618,0.43,0.602,0.009307754
0.567,0.623,0.547,0.575,0.000243825
0.403,0.579,0.363,0.569,0.018650202
0.455,0.465,0.492,0.544,0.0003561
0.504,0.566,0.487,0.557,0.001502463
0.464,0.548,0.519,0.605,0.002464753
0.458,0.576,0.494,0.504,0.00060378
0.464,0.558,0.43,0.502,0.003206347
0.508,0.516,0.456,0.494,0.000129622
0.408,0.524,0.403,0.605,0.016478907
0.45,0.584,0.386,0.62,0.011116203
0.456,0.584,0.515,0.539,0.001229244
0.406,0.486,0.474,0.486,0.000950243
0.361,0.535,0.404,0.524,0.027516084
0.451,0.593,0.467,0.585,0.006394864
0.421,0.625,0.417,0.547,0.013545779
0.376,0.618,0.417,0.609,0.034129234
0.476,0.552,0.423,0.623,0.005405108
0.462,0.582,0.388,0.634,0.009535677
0.426,0.61,0.482,0.484,0.000221177
0.41,0.602,0.366,0.59,0.018759586
0.355,0.551,0.465,0.527,0.014392902
0.405,0.593,0.409,0.615,0.021267225
0.38,0.624,0.465,0.577,0.017899934
0.302,0.544,0.408,0.544,0.060678209
0.447,0.523,0.416,0.616,0.008238972
0.37,0.616,0.461,0.535,0.015507462
0.419,0.571,0.444,0.618,0.013412784
0.429,0.553,0.465,0.616,0.008743005
0.431,0.551,0.481,0.502,0.001516437
0.419,0.537,0.474,0.516,0.003464146
0.508,0.581,0.506,0.572,0.001393079
0.415,0.605,0.436,0.51,0.008633621
0.42,0.578,0.407,0.653,0.017373735
0.415,0.507,0.356,0.596,0.012918869
0.477,0.701,0.474,0.556,0.004101657
0.466,0.658,0.448,0.624,0.008237044
0.393,0.607,0.394,0.601,0.025457545
0.33,0.558,0.394,0.618,0.053713777
0.43,0.488,0.41,0.526,0.005674472
0.44,0.66,0.44,0.682,0.013022953
0.385,0.605,0.428,0.6,0.024932792
0.482,0.508,0.511,0.513,3.3249e-05
0.46,0.564,0.341,0.561,0.007321014
0.415,0.545,0.425,0.645,0.014601069
0.455,0.567,0.412,0.53,0.006785659
0.497,0.629,0.452,0.48,0.000984937
0.505,0.569,0.482,0.574,0.001903377
0.489,0.541,0.434,0.472,0.000915067
0.407,0.583,0.42,0.574,0.015296886
0.471,0.495,0.479,0.605,0.001472105
0.423,0.581,0.419,0.545,0.010138975
0.336,0.584,0.505,0.543,0.009191624
0.456,0.584,0.424,0.624,0.00895069
0.412,0.572,0.458,0.56,0.009855155
0.405,0.633,0.447,0.479,0.004519918
0.423,0.535,0.35,0.588,0.012563733
0.27,0.508,0.439,0.539,0.068789968
0.465,0.503,0.371,0.503,0.002343322
0.451,0.587,0.485,0.603,0.005808913
0.406,0.564,0.473,0.553,0.00821006
0.383,0.621,0.481,0.505,0.004587379
0.431,0.483,0.512,0.612,0.002766402
0.506,0.59,0.416,0.561,0.003946495
0.361,0.581,0.409,0.577,0.036789143
0.373,0.565,0.335,0.553,0.028652809
0.491,0.559,0.461,0.535,0.002006497
0.46,0.604,0.423,0.661,0.009391117
0.496,0.53,0.408,0.486,0.001128052
0.391,0.595,0.435,0.537,0.016340129
0.481,0.535,0.461,0.533,0.001824832
0.305,0.541,0.412,0.544,0.058204783
0.493,0.506,0.491,0.621,0.000643293
0.429,0.467,0.507,0.513,0.000225996
0.497,0.557,0.369,0.547,0.003156233
0.452,0.518,0.488,0.588,0.003244896
0.413,0.549,0.4,0.606,0.016488062
0.38,0.578,0.472,0.61,0.018261817
0.462,0.54,0.405,0.523,0.004695318
0.344,0.56,0.431,0.555,0.03274772
0.502,0.532,0.487,0.58,0.001051917
0.443,0.519,0.356,0.572,0.007570139
0.497,0.553,0.431,0.487,0.001201778
0.411,0.497,0.402,0.632,0.014039211
0.363,0.601,0.449,0.634,0.030216469
0.415,0.597,0.434,0.452,0.002213218
0.462,0.466,0.329,0.535,0.000381639
0.413,0.589,0.433,0.619,0.01628616
0.456,0.62,0.444,0.62,0.009145365
0.347,0.561,0.397,0.537,0.03545437
0.416,0.59,0.455,0.625,0.013282198
0.408,0.486,0.421,0.554,0.009223427
0.409,0.649,0.422,0.436,0.0
0.541,0.553,0.449,0.519,0.00029153
0.334,0.574,0.444,0.522,0.026321052
0.467,0.617,0.452,0.518,0.003675204
0.397,0.627,0.444,0.476,0.005337647
0.443,0.555,0.431,0.497,0.004165745
0.47,0.546,0.366,0.53,0.004475104
0.364,0.592,0.478,0.492,0.003018418
0.445,0.599,0.423,0.524,0.006579902
0.461,0.485,0.418,0.622,0.00287434
0.396,0.56,0.48,0.481,9.9747e-05
0.501,0.531,0.52,0.564,0.000459702
0.475,0.561,0.414,0.572,0.005908178
0.367,0.615,0.498,0.646,0.01742674
0.391,0.639,0.39,0.614,0.027458259
0.329,0.551,0.485,0.549,0.017428186
0.354,0.534,0.391,0.541,0.032521242
0.355,0.505,0.48,0.568,0.015554685
0.512,0.518,0.395,0.533,0.00029683
0.5,0.524,0.531,0.575,0.000362846
0.447,0.555,0.482,0.598,0.005375715
0.395,0.533,0.507,0.603,0.008474123
0.457,0.549,0.374,0.61,0.008278003
0.45,0.496,0.52,0.526,0.000163835
0.404,0.588,0.488,0.598,0.010569765
0.442,0.496,0.43,0.604,0.005759763
0.499,0.501,0.432,0.658,0.000170581
0.327,0.575,0.548,0.572,0.004568105
0.486,0.608,0.369,0.607,0.007085381
0.432,0.526,0.351,0.523,0.007423652
0.504,0.524,0.394,0.53,0.001062518
0.478,0.524,0.371,0.581,0.003835666
0.503,0.529,0.481,0.567,0.000907838
0.479,0.505,0.487,0.489,3.6622e-05
0.451,0.559,0.495,0.563,0.003290192
0.398,0.596,0.474,0.548,0.009353049
0.444,0.52,0.485,0.535,0.002296581
0.501,0.501,0.456,0.634,0.0
0.497,0.507,0.312,0.554,0.000709791
0.408,0.53,0.338,0.566,0.014775987
0.413,0.623,0.439,0.471,0.004323798
0.427,0.675,0.361,0.599,0.016081848
0.461,0.485,0.356,0.593,0.002711469
0.491,0.529,0.505,0.541,0.000615345
0.407,0.623,0.389,0.475,0.008410516
0.477,0.506,0.453,0.591,0.002079259
0.391,0.518,0.453,0.611,0.016449031
0.442,0.512,0.52,0.576,0.001923133
0.372,0.6,0.468,0.583,0.019231334
0.427,0.627,0.467,0.601,0.010032001
0.465,0.618,0.496,0.63,0.005201278
0.4,0.62,0.498,0.514,0.002166477
0.513,0.587,0.471,0.481,0.000191301
0.4,0.614,0.396,0.586,0.021844502
0.46,0.65,0.494,0.52,0.001660516
0.402,0.532,0.368,0.498,0.010309557
0.415,0.665,0.49,0.524,0.003830847
0.453,0.555,0.367,0.595,0.008896239
0.406,0.654,0.46,0.662,0.016597928
0.395,0.629,0.321,0.567,0.022203494
0.442,0.558,0.413,0.459,0.003438607
0.434,0.552,0.432,0.662,0.011367256
0.435,0.629,0.44,0.516,0.006909017
0.43,0.546,0.451,0.648,0.010195836
0.416,0.636,0.44,0.606,0.015628893
0.417,0.557,0.517,0.525,0.00070449
0.35,0.594,0.495,0.519,0.006253195
0.459,0.529,0.4,0.642,0.007155733
0.401,0.595,0.416,0.61,0.02241407
0.471,0.617,0.454,0.506,0.0027452
0.475,0.532,0.44,0.532,0.002768329
0.37,0.605,0.44,0.626,0.031321392
0.488,0.522,0.401,0.547,0.002279234
0.473,0.533,0.511,0.555,0.001156482
0.506,0.51,0.415,0.609,0.000359473
0.451,0.659,0.484,0.633,0.007334506
0.455,0.523,0.514,0.538,0.0007946
0.553,0.619,0.381,0.561,0.001961201
0.358,0.586,0.49,0.524,0.00802695
0.449,0.505,0.449,0.545,0.003521488
0.499,0.553,0.403,0.627,0.003828438
0.479,0.602,0.332,0.542,0.005798312
0.546,0.642,0.401,0.623,0.003144668
0.439,0.64,0.412,0.66,0.014893563
0.441,0.659,0.346,0.522,0.009092359
0.501,0.583,0.377,0.591,0.004697245
0.48,0.538,0.373,0.515,0.002924936
0.388,0.608,0.443,0.586,0.021357334
0.435,0.629,0.363,0.589,0.013709614
0.441,0.569,0.448,0.568,0.007613508
0.44,0.54,0.489,0.553,0.003383192
0.359,0.559,0.384,0.57,0.035970932
0.343,0.527,0.5,0.56,0.012241364
0.482,0.644,0.373,0.607,0.008062608
0.39,0.626,0.456,0.46,0.000820139
0.482,0.49,0.382,0.614,0.000858206
0.485,0.506,0.531,0.571,0.000365737
0.443,0.515,0.471,0.485,0.000647148
0.396,0.594,0.363,0.591,0.023212524
0.486,0.588,0.41,0.464,0.002109616
0.439,0.503,0.4,0.614,0.007984064
0.477,0.504,0.42,0.48,0.00077147
0.395,0.565,0.511,0.521,0.001244664
0.377,0.615,0.477,0.633,0.019750306
0.421,0.621,0.49,0.53,0.003915656
0.41,0.582,0.458,0.511,0.005956847
0.504,0.578,0.439,0.475,0.001086611
0.539,0.539,0.428,0.578,0.0
0.5,0.544,0.572,0.578,6.0715e-05
0.431,0.575,0.486,0.486,0.0
0.519,0.537,0.427,0.569,0.000811947
0.408,0.5,0.442,0.548,0.009081758
0.434,0.648,0.382,0.53,0.010488329
0.429,0.583,0.435,0.645,0.0133911
0.496,0.521,0.367,0.611,0.002045528
0.467,0.543,0.39,0.508,0.003887708
0.493,0.499,0.414,0.642,0.000603298
0.413,0.621,0.462,0.568,0.01050664
0.465,0.529,0.447,0.602,0.004654359
0.401,0.627,0.459,0.555,0.011997539
0.418,0.57,0.364,0.602,0.01619316
0.483,0.535,0.394,0.452,0.001040834
0.383,0.517,0.36,0.546,0.021238795
0.417,0.555,0.432,0.6,0.013426758
0.456,0.56,0.471,0.491,0.000979637
0.523,0.533,0.474,0.574,0.000325261
0.434,0.588,0.493,0.585,0.005946728
0.493,0.557,0.393,0.535,0.003239596
0.386,0.59,0.431,0.633,0.025671976
0.423,0.577,0.446,0.583,0.011239561
0.443,0.691,0.488,0.532,0.003381265
0.356,0.58,0.409,0.633,0.042995597
0.408,0.588,0.386,0.616,0.020188805
0.401,0.571,0.441,0.653,0.019288677
0.432,0.588,0.47,0.524,0.00432428
0.357,0.533,0.444,0.55,0.024272633
0.493,0.597,0.498,0.499,3.1321e-05
0.386,0.627,0.405,0.628,0.030245863
0.421,0.569,0.395,0.629,0.016236528
0.467,0.539,0.341,0.583,0.005849872
0.509,0.539,0.451,0.687,0.001709184
0.346,0.592,0.491,0.551,0.013916817
0.378,0.57,0.514,0.558,0.006140438
0.384,0.564,0.445,0.475,0.006204527
0.386,0.574,0.488,0.509,0.003644846
0.451,0.531,0.519,0.565,0.001669671
0.469,0.527,0.461,0.577,0.003205383
0.421,0.541,0.451,0.529,0.006531233
0.471,0.549,0.352,0.57,0.005667244
0.404,0.522,0.492,0.636,0.009589646
0.436,0.494,0.484,0.624,0.004232243
0.439,0.501,0.511,0.553,0.001482706
0.524,0.536,0.416,0.616,0.000737257
0.45,0.49,0.366,0.586,0.004616773
0.491,0.557,0.469,0.593,0.002862775
0.495,0.515,0.395,0.609,0.001707739
0.537,0.577,0.408,0.572,0.001913014
0.434,0.514,0.479,0.575,0.004526182
0.452,0.573,0.389,0.541,0.007794208
0.505,0.59,0.474,0.588,0.002730262
0.431,0.551,0.423,0.493,0.004640867
0.375,0.615,0.439,0.551,0.023434183
0.483,0.535,0.479,0.593,0.002366452
0.398,0.596,0.407,0.638,0.024559344
0.529,0.535,0.402,0.624,0.000337307
0.487,0.507,0.473,0.498,0.000279483
0.466,0.495,0.386,0.528,0.002270078
0.45,0.498,0.391,0.561,0.004883728
0.457,0.653,0.412,0.6,0.01101742
0.447,0.495,0.505,0.595,0.002200689
0.491,0.649,0.422,0.515,0.003422705
0.329,0.565,0.456,0.503,0.016111242
0.336,0.558,0.48,0.574,0.021711025
0.471,0.493,0.426,0.638,0.002166477
0.445,0.572,0.431,0.648,0.010306665
0.41,0.606,0.312,0.548,0.015618292
0.446,0.54,0.462,0.608,0.006203081
0.364,0.582,0.409,0.501,0.02327083
0.476,0.548,0.448,0.508,0.002160212
0.452,0.581,0.413,0.543,0.008107422
0.486,0.494,0.51,0.522,5.686e-05
0.468,0.63,0.364,0.598,0.00929908
0.315,0.497,0.484,0.514,0.010602532
0.475,0.579,0.492,0.53,0.001682682
0.375,0.529,0.328,0.574,0.028294782
0.465,0.483,0.473,0.639,0.001305379
0.485,0.515,0.464,0.594,0.001750143
0.495,0.537,0.45,0.63,0.002559681
0.383,0.517,0.412,0.602,0.025844485
0.456,0.622,0.416,0.572,0.009782875
0.438,0.502,0.493,0.593,0.003514742
0.389,0.549,0.511,0.575,0.007031893
0.488,0.496,0.358,0.582,0.000773397
0.44,0.46,0.504,0.512,0.000140705
0.546,0.558,0.428,0.626,0.000587878
0.422,0.592,0.399,0.613,0.01644614
0.455,0.527,0.399,0.593,0.006994308
0.506,0.578,0.425,0.625,0.003882889
0.436,0.598,0.337,0.567,0.011875626
0.357,0.593,0.401,0.587,0.039894779
0.448,0.634,0.377,0.551,0.009875394
0.448,0.582,0.442,0.524,0.005598337
0.404,0.434,0.413,0.621,0.007616399
0.419,0.493,0.393,0.553,0.009022488
0.486,0.59,0.466,0.546,0.002920599
0.459,0.659,0.496,0.536,0.002463307
0.476,0.54,0.401,0.641,0.005636887
0.51,0.512,0.484,0.594,8.0954e-05
0.45,0.51,0.396,0.61,0.006776022
0.442,0.572,0.464,0.638,0.008248609
0.497,0.519,0.415,0.571,0.001581971
0.409,0.593,0.437,0.537,0.012031751
0.402,0.54,0.413,0.477,0.008183075
0.481,0.643,0.414,0.468,0.002769775
0.412,0.614,0.416,0.534,0.01408788
0.416,0.632,0.426,0.582,0.014671904
0.45,0.526,0.471,0.551,0.003335005
0.424,0.586,0.459,0.529,0.00625946
0.456,0.54,0.355,0.577,0.007132604
0.402,0.648,0.445,0.519,0.010513868
0.426,0.525,0.415,0.663,0.013023435
0.475,0.563,0.411,0.451,0.001589681
0.45,0.548,0.43,0.534,0.005458114
0.411,0.601,0.461,0.527,0.007272345
0.445,0.521,0.414,0.566,0.00721934
0.375,0.577,0.472,0.644,0.020697176
0.387,0.62,0.49,0.604,0.014135585
0.46,0.62,0.375,0.599,0.010153913
0.439,0.599,0.405,0.551,0.010563983
0.375,0.625,0.489,0.541,0.00962916
0.468,0.59,0.412,0.562,0.007343662
0.47,0.542,0.448,0.534,0.003135512
0.529,0.559,0.513,0.561,0.000395131
0.473,0.505,0.545,0.581,0.000491023
0.42,0.578,0.439,0.499,0.0063833
0.39,0.576,0.356,0.599,0.025660893
0.425,0.537,0.356,0.55,0.010394847
0.493,0.591,0.449,0.545,0.003247306
0.428,0.632,0.4,0.606,0.015734903
0.415,0.621,0.406,0.576,0.016799349
0.41,0.602,0.531,0.613,0.005793976
0.427,0.56,0.426,0.572,0.010406894
0.432,0.59,0.464,0.502,0.003000107
0.431,0.537,0.5,0.554,0.00320972
0.425,0.639,0.374,0.512,0.010086452
0.415,0.536,0.435,0.511,0.007313304
0.455,0.497,0.358,0.582,0.004582561
0.428,0.472,0.514,0.566,0.001521256
0.418,0.492,0.431,0.633,0.010134639
0.413,0.575,0.497,0.529,0.00325116
0.417,0.55,0.392,0.612,0.015730085
0.593,0.655,0.478,0.612,0.000718946
0.397,0.609,0.508,0.574,0.007247288
0.381,0.595,0.448,0.544,0.017539497
0.512,0.514,0.44,0.556,9.1073e-05
0.478,0.57,0.418,0.634,0.00704394
0.442,0.56,0.406,0.576,0.010046457
0.382,0.53,0.413,0.636,0.028482228
0.44,0.586,0.432,0.658,0.011753232
0.392,0.508,0.526,0.633,0.006951903
0.49,0.532,0.37,0.588,0.003148523
0.455,0.519,0.414,0.566,0.00585951
0.478,0.608,0.523,0.609,0.002785195
0.459,0.523,0.453,0.619,0.004807111
0.35,0.564,0.403,0.621,0.044345308
0.507,0.571,0.33,0.526,0.002652199
0.423,0.603,0.429,0.613,0.014327368
0.435,0.537,0.534,0.572,0.001698583
0.346,0.566,0.436,0.618,0.039046692
0.464,0.512,0.45,0.586,0.003488721
0.434,0.507,0.405,0.633,0.009558807
0.313,0.543,0.356,0.596,0.062202838
0.476,0.552,0.382,0.612,0.006106708
0.477,0.605,0.502,0.562,0.00255438
0.459,0.525,0.511,0.525,0.000468857
0.503,0.513,0.467,0.577,0.000481386
0.429,0.569,0.396,0.6,0.013636852
0.432,0.578,0.492,0.536,0.003376446
0.47,0.616,0.518,0.666,0.004003838
0.478,0.524,0.44,0.618,0.003588468
0.542,0.57,0.423,0.575,0.001169011
0.468,0.624,0.483,0.5,0.000948315
0.376,0.61,0.382,0.562,0.029811219
0.364,0.606,0.444,0.56,0.025994828
0.505,0.515,0.439,0.577,0.000621609
0.401,0.601,0.453,0.485,0.004364275
0.485,0.509,0.398,0.558,0.001917833
0.382,0.616,0.443,0.63,0.026189984
0.5,0.544,0.409,0.557,0.002516312
0.475,0.507,0.411,0.623,0.003325368
0.434,0.546,0.438,0.548,0.007625554
0.424,0.576,0.48,0.568,0.006813125
0.386,0.5,0.442,0.47,0.00504419
0.471,0.567,0.466,0.562,0.003781215
0.499,0.583,0.433,0.577,0.003949387
0.509,0.539,0.462,0.54,0.000855315
0.47,0.51,0.538,0.566,0.000509816
0.404,0.628,0.495,0.519,0.0031013
0.495,0.509,0.351,0.574,0.001138653
0.384,0.608,0.531,0.569,0.004619182
0.352,0.544,0.453,0.571,0.025209865
0.476,0.484,0.368,0.588,0.000870735
0.328,0.576,0.348,0.556,0.047799335
0.452,0.512,0.386,0.504,0.003879034
0.468,0.696,0.427,0.561,0.007223677
0.408,0.652,0.443,0.597,0.016721768
0.376,0.576,0.479,0.489,0.001923615
0.423,0.579,0.487,0.503,0.001555468
0.473,0.567,0.532,0.532,0.0
0.357,0.565,0.364,0.51,0.027105051
0.43,0.616,0.452,0.558,0.008762762
0.389,0.623,0.453,0.659,0.022050742
0.457,0.623,0.503,0.543,0.00227056
0.444,0.59,0.373,0.561,0.010187162
0.38,0.562,0.447,0.497,0.009929363
0.437,0.569,0.502,0.546,0.002847355
0.379,0.623,0.439,0.553,0.022438645
0.392,0.624,0.485,0.515,0.004779163
0.457,0.703,0.427,0.647,0.01077745
0.481,0.585,0.423,0.471,0.001598355
0.488,0.536,0.415,0.607,0.003770614
0.488,0.53,0.507,0.547,0.000717019
0.408,0.582,0.487,0.501,0.001648951
0.46,0.67,0.34,0.542,0.008277521
0.441,0.603,0.443,0.579,0.009416656
0.471,0.555,0.484,0.546,0.00229899
0.404,0.652,0.493,0.697,0.013157394
0.436,0.546,0.456,0.544,0.005593037
0.484,0.526,0.43,0.592,0.002976978
0.478,0.562,0.375,0.593,0.0061202
0.36,0.588,0.509,0.635,0.015026076
0.404,0.543,0.476,0.477,0.000179737
0.411,0.527,0.42,0.608,0.013730334
0.387,0.461,0.383,0.527,0.013485064
0.397,0.555,0.491,0.553,0.007145132
0.413,0.503,0.497,0.737,0.007605316
0.428,0.648,0.471,0.521,0.004572441
0.435,0.651,0.417,0.605,0.014576976
0.456,0.633,0.377,0.565,0.009649398
0.417,0.539,0.437,0.637,0.013648899
0.408,0.598,0.366,0.596,0.019645259
0.428,0.498,0.46,0.61,0.006476782
0.426,0.498,0.504,0.62,0.004374394
0.475,0.521,0.477,0.481,6.6016e-05
0.397,0.595,0.485,0.563,0.009588683
0.51,0.52,0.406,0.546,0.000545956
0.345,0.578,0.391,0.579,0.043401812
0.513,0.559,0.477,0.533,0.000886636
0.503,0.567,0.451,0.564,0.002528841
0.384,0.624,0.344,0.526,0.02156261
0.324,0.514,0.448,0.558,0.033279701
0.478,0.536,0.462,0.548,0.002292726
0.456,0.536,0.424,0.552,0.005090449
0.432,0.544,0.394,0.528,0.008408589
0.453,0.493,0.522,0.61,0.001511619
0.469,0.647,0.372,0.59,0.009140064
0.412,0.57,0.384,0.532,0.012966574
0.373,0.595,0.352,0.56,0.030566787
0.405,0.553,0.399,0.505,0.011212094
0.544,0.569,0.453,0.585,0.000921813
0.378,0.516,0.445,0.593,0.021544299
0.336,0.544,0.443,0.547,0.030595217
0.461,0.597,0.444,0.584,0.007228495
0.54,0.588,0.451,0.593,0.001692319
0.401,0.609,0.374,0.582,0.021060504
0.491,0.585,0.493,0.559,0.002126482
0.428,0.549,0.529,0.599,0.003526307
0.462,0.66,0.416,0.556,0.008721321
0.469,0.567,0.416,0.626,0.007857333
0.425,0.603,0.451,0.565,0.009901415
0.425,0.505,0.484,0.614,0.00590866
0.475,0.517,0.421,0.558,0.002803024
0.498,0.606,0.413,0.649,0.006199226
0.362,0.59,0.38,0.592,0.038235228
0.384,0.594,0.415,0.507,0.018158697
0.474,0.572,0.363,0.601,0.007193801
0.358,0.582,0.384,0.604,0.040621918
0.411,0.581,0.423,0.544,0.012067891
0.493,0.525,0.469,0.615,0.001736651
0.417,0.557,0.455,0.541,0.007703617
0.403,0.531,0.448,0.624,0.014964397
0.463,0.529,0.412,0.632,0.006522077
0.434,0.568,0.454,0.682,0.010544708
0.404,0.634,0.418,0.594,0.021401666
0.396,0.502,0.499,0.577,0.006810716
0.479,0.531,0.387,0.601,0.00440186
0.494,0.587,0.37,0.616,0.005770846
0.412,0.612,0.45,0.512,0.007301257
0.378,0.568,0.512,0.572,0.007958525
0.387,0.554,0.495,0.519,0.003747484
0.408,0.516,0.462,0.516,0.005001785
0.461,0.467,0.397,0.583,0.000699672
0.32,0.556,0.436,0.626,0.051636446
0.45,0.534,0.48,0.542,0.00280206
0.439,0.547,0.393,0.579,0.009928881
0.559,0.599,0.488,0.542,0.000496324
0.425,0.503,0.476,0.66,0.006978888
0.39,0.612,0.474,0.518,0.007042494
0.47,0.599,0.351,0.553,0.00699238
0.379,0.535,0.416,0.432,0.004077563
0.494,0.592,0.385,0.613,0.005894686
0.4,0.626,0.432,0.648,0.021636817
0.542,0.564,0.452,0.587,0.000831703
0.522,0.606,0.438,0.522,0.002008906
0.407,0.585,0.441,0.493,0.006878659
0.505,0.531,0.432,0.558,0.001300079
0.525,0.539,0.485,0.559,0.000331525
0.415,0.631,0.397,0.501,0.010214629
0.465,0.629,0.447,0.567,0.006517741
0.387,0.615,0.472,0.492,0.00318129
0.49,0.55,0.42,0.602,0.003763868
0.433,0.595,0.48,0.546,0.00502106
0.386,0.54,0.422,0.572,0.020066411
0.434,0.466,0.414,0.588,0.004593162
0.427,0.589,0.461,0.639,0.011030912
0.425,0.533,0.481,0.513,0.002456561
0.373,0.613,0.378,0.568,0.031804223
0.399,0.435,0.457,0.523,0.003619789
0.385,0.597,0.339,0.589,0.027861101
0.495,0.549,0.439,0.511,0.00171063
0.424,0.494,0.465,0.637,0.006928292
0.327,0.573,0.344,0.524,0.041154863
0.524,0.598,0.415,0.542,0.002668101
0.477,0.633,0.387,0.609,0.008538211
0.34,0.538,0.46,0.506,0.013069212
0.47,0.484,0.46,0.578,0.00095217
0.463,0.517,0.423,0.633,0.004899148
0.396,0.522,0.546,0.626,0.00484036
0.368,0.6,0.426,0.512,0.019425045
0.422,0.636,0.417,0.551,0.013782858
0.433,0.477,0.503,0.517,0.000473194
0.404,0.5,0.425,0.647,0.014742256
0.386,0.634,0.44,0.453,0.00344969
0.419,0.441,0.522,0.536,0.000315141
0.393,0.627,0.46,0.56,0.014102336
0.385,0.601,0.484,0.538,0.008696264
0.445,0.553,0.405,0.555,0.008430273
0.498,0.654,0.424,0.642,0.006094661
0.533,0.537,0.494,0.592,0.000106493
0.419,0.583,0.389,0.541,0.012709739
0.451,0.517,0.418,0.632,0.007408232
0.442,0.636,0.435,0.541,0.008307397
0.437,0.611,0.436,0.486,0.004455829
0.382,0.598,0.359,0.573,0.027834116
0.518,0.518,0.354,0.552,0.0
0.423,0.629,0.496,0.534,0.003600033
0.42,0.632,0.448,0.53,0.008522792
0.438,0.516,0.396,0.574,0.008204759
0.409,0.593,0.395,0.547,0.015549384
0.421,0.549,0.413,0.625,0.015054025
0.466,0.53,0.47,0.514,0.001530893
0.471,0.575,0.518,0.558,0.001501499
0.467,0.516,0.376,0.57,0.004312715
0.512,0.544,0.541,0.587,0.000390795
0.457,0.535,0.37,0.59,0.007084899
0.399,0.516,0.426,0.624,0.016983422
0.402,0.542,0.475,0.561,0.008760834
0.39,0.616,0.419,0.619,0.024152166
0.415,0.62,0.404,0.536,0.013683593
0.482,0.518,0.524,0.572,0.000708827
0.422,0.48,0.506,0.56,0.002259959
0.476,0.506,0.384,0.594,0.00294662
0.401,0.619,0.522,0.574,0.005212843
0.477,0.517,0.42,0.448,0.000293457
0.499,0.537,0.405,0.625,0.002836272
0.419,0.523,0.415,0.655,0.014442535
0.35,0.558,0.41,0.496,0.025186736
0.478,0.574,0.485,0.519,0.001428255
0.356,0.55,0.443,0.641,0.033297049
0.374,0.622,0.409,0.563,0.030958545
0.503,0.513,0.486,0.614,0.000491505
0.51,0.542,0.493,0.515,0.000289121
0.389,0.561,0.411,0.659,0.027449586
0.442,0.647,0.478,0.484,0.000410069
0.413,0.533,0.474,0.538,0.005473052
0.537,0.567,0.423,0.603,0.001430183
0.41,0.474,0.36,0.584,0.0105582
0.445,0.569,0.369,0.555,0.009137655
0.485,0.566,0.457,0.621,0.004248626
0.431,0.597,0.385,0.465,0.005014796
0.395,0.585,0.415,0.552,0.019841379
0.368,0.57,0.416,0.44,0.006222356
0.451,0.555,0.435,0.522,0.005007086
0.353,0.545,0.462,0.546,0.018462274
0.55,0.568,0.362,0.582,0.000891937
0.424,0.64,0.467,0.581,0.009496164
0.402,0.522,0.457,0.527,0.007390403
0.361,0.465,0.4,0.643,0.031970949
0.48,0.602,0.543,0.545,8.3845e-05
0.443,0.607,0.493,0.553,0.00397348
0.417,0.657,0.396,0.566,0.016087149
0.466,0.516,0.374,0.598,0.004891438
0.477,0.569,0.471,0.571,0.00357353
0.425,0.579,0.539,0.627,0.00427272
0.409,0.599,0.355,0.559,0.016772364
0.437,0.557,0.413,0.558,0.009881176
0.423,0.554,0.365,0.583,0.013357369
0.423,0.573,0.483,0.527,0.003814946
0.412,0.548,0.395,0.641,0.017657073
0.537,0.565,0.47,0.494,0.000206721
0.497,0.519,0.448,0.542,0.00098301
0.515,0.557,0.481,0.571,0.001203705
0.481,0.487,0.444,0.62,0.000529091
0.466,0.498,0.514,0.582,0.001016741
0.408,0.552,0.414,0.568,0.015989811
0.475,0.495,0.404,0.644,0.002271524
0.481,0.563,0.436,0.602,0.005158392
0.384,0.558,0.353,0.513,0.018426616
0.413,0.511,0.414,0.49,0.006975033
0.438,0.5,0.447,0.609,0.00602479
0.437,0.597,0.449,0.609,0.010314375
0.473,0.527,0.365,0.565,0.004245253
0.484,0.514,0.359,0.571,0.002471981
0.466,0.54,0.506,0.55,0.001436447
0.471,0.611,0.334,0.538,0.006502803
0.531,0.541,0.44,0.544,0.000366701
0.448,0.512,0.444,0.602,0.005668208
0.383,0.623,0.435,0.443,0.001593054
0.423,0.589,0.373,0.565,0.013787195
0.474,0.628,0.474,0.576,0.00464183
0.391,0.537,0.45,0.582,0.016223999
0.371,0.549,0.531,0.565,0.004480886
0.388,0.598,0.444,0.506,0.01130124
0.516,0.55,0.432,0.624,0.001901931
0.462,0.566,0.429,0.605,0.007204402
0.411,0.585,0.379,0.611,0.01893595
0.403,0.565,0.461,0.519,0.006951421
0.474,0.518,0.475,0.507,0.000797973
0.464,0.583,0.456,0.598,0.006236812
0.42,0.642,0.449,0.571,0.011631801
0.465,0.574,0.432,0.472,0.002085523
0.533,0.541,0.505,0.565,0.000139742
0.365,0.51,0.438,0.632,0.029531254
0.311,0.527,0.411,0.553,0.05532707
0.471,0.537,0.441,0.593,0.004575814
0.305,0.551,0.406,0.553,0.060872402
0.404,0.638,0.346,0.575,0.020013406
0.468,0.522,0.415,0.583,0.004786391
0.386,0.622,0.48,0.506,0.004601835
0.475,0.571,0.382,0.626,0.007372574
0.418,0.486,0.371,0.595,0.010233903
0.481,0.529,0.394,0.542,0.00312732
0.474,0.504,0.517,0.565,0.0007122
0.505,0.545,0.417,0.607,0.002677738
0.398,0.572,0.419,0.661,0.021148686
0.373,0.551,0.462,0.475,0.002545224
0.382,0.608,0.401,0.581,0.028859048
0.52,0.55,0.465,0.593,0.001177684
0.447,0.557,0.46,0.488,0.001642205
0.406,0.564,0.421,0.627,0.017581902
0.399,0.549,0.362,0.548,0.01679694
0.45,0.662,0.377,0.585,0.011563858
0.393,0.595,0.538,0.592,0.005291388
0.488,0.526,0.468,0.518,0.00095458
0.366,0.572,0.398,0.628,0.038191378
0.463,0.583,0.38,0.518,0.00582867
0.426,0.458,0.424,0.62,0.004823976
0.355,0.529,0.507,0.595,0.012791656
0.415,0.523,0.392,0.56,0.012230763
0.424,0.534,0.439,0.541,0.007951297
0.466,0.656,0.447,0.661,0.008707829
0.421,0.555,0.462,0.489,0.002267669
0.36,0.546,0.455,0.651,0.027733406
0.446,0.62,0.335,0.553,0.010072478
0.466,0.54,0.356,0.528,0.004507871
0.519,0.577,0.512,0.56,0.00083074
0.464,0.566,0.461,0.519,0.002760619
0.478,0.496,0.383,0.487,0.000878926
0.434,0.514,0.363,0.568,0.008538693
0.417,0.471,0.451,0.669,0.007574958
0.502,0.508,0.405,0.553,0.000419225
0.418,0.56,0.453,0.685,0.013113062
0.405,0.583,0.453,0.473,0.002684966
0.364,0.604,0.459,0.481,0.005235973
0.443,0.555,0.517,0.545,0.001451385
0.436,0.516,0.472,0.492,0.001022041
0.44,0.618,0.439,0.535,0.007808664
0.37,0.58,0.469,0.545,0.014599142
0.36,0.592,0.43,0.502,0.018741275
0.409,0.647,0.477,0.523,0.005354031
0.516,0.548,0.406,0.534,0.001422955
0.399,0.649,0.392,0.6,0.023564288
0.404,0.52,0.49,0.5,0.001043725
0.456,0.57,0.47,0.494,0.001250446
0.49,0.507,0.438,0.608,0.001358385
0.392,0.57,0.322,0.568,0.022123504
0.477,0.591,0.502,0.594,0.003303684
0.468,0.522,0.368,0.588,0.004887583
0.441,0.545,0.542,0.552,0.000449101
0.439,0.578,0.427,0.619,0.011016938
0.471,0.489,0.394,0.596,0.001932289
0.496,0.514,0.501,0.515,0.000132995
0.469,0.574,0.348,0.578,0.007248734
0.564,0.588,0.335,0.533,0.000657749
0.411,0.585,0.473,0.579,0.009835881
0.37,0.546,0.379,0.603,0.033840595
0.38,0.566,0.399,0.569,0.02736285
0.402,0.623,0.419,0.475,0.006059485
0.479,0.481,0.429,0.595,0.000186483
0.484,0.506,0.439,0.561,0.001460541
0.385,0.611,0.348,0.596,0.028816644
0.371,0.587,0.376,0.55,0.029810737
0.523,0.541,0.466,0.584,0.000659195
0.529,0.541,0.418,0.65,0.000741594
0.517,0.607,0.474,0.487,0.00025298
0.436,0.502,0.462,0.475,0.000642811
0.533,0.651,0.462,0.609,0.002712433
0.367,0.597,0.413,0.597,0.036905755
0.367,0.525,0.497,0.703,0.016441321
0.421,0.631,0.383,0.627,0.017956313
0.425,0.487,0.365,0.601,0.008911177
0.382,0.63,0.411,0.625,0.032083706
0.462,0.55,0.416,0.6,0.007462201
0.418,0.52,0.452,0.634,0.010604459
0.536,0.586,0.475,0.491,0.000201903
0.364,0.592,0.359,0.553,0.032933721
0.374,0.623,0.49,0.564,0.012726604
0.517,0.561,0.405,0.581,0.002401146
0.432,0.564,0.466,0.532,0.004832168
0.481,0.549,0.357,0.571,0.004683753
0.434,0.608,0.455,0.621,0.010696014
0.409,0.605,0.401,0.623,0.020619113
0.454,0.478,0.437,0.495,0.001214788
0.456,0.528,0.385,0.619,0.007315713
0.47,0.552,0.527,0.549,0.000722801
0.46,0.499,0.481,0.495,0.00034839
0.392,0.46,0.462,0.5,0.003659302
0.433,0.621,0.361,0.553,0.011923331
0.493,0.643,0.407,0.577,0.00622862
0.409,0.613,0.393,0.606,0.020179168
0.475,0.507,0.452,0.462,0.000239488
0.359,0.595,0.393,0.519,0.029110583
0.442,0.522,0.407,0.587,0.008375822
0.448,0.594,0.425,0.447,0.00092374
0.52,0.544,0.546,0.57,0.000153234
0.444,0.446,0.422,0.586,0.000259245
0.367,0.603,0.453,0.533,0.017726462
0.485,0.623,0.441,0.601,0.0062079
0.562,0.57,0.511,0.523,2.6503e-05
0.365,0.557,0.446,0.524,0.01852829
0.509,0.521,0.421,0.559,0.000600407
0.409,0.633,0.423,0.585,0.016561306
0.47,0.5,0.446,0.506,0.001236472
0.44,0.452,0.45,0.594,0.001335255
0.476,0.548,0.4,0.63,0.006053702
0.532,0.598,0.372,0.518,0.001944336
0.432,0.58,0.391,0.585,0.012942481
0.401,0.62,0.519,0.631,0.008793119
0.349,0.539,0.483,0.506,0.005811805
0.5,0.626,0.467,0.585,0.003667012
0.413,0.591,0.516,0.58,0.005207061
0.419,0.439,0.429,0.503,0.001771827
0.44,0.556,0.431,0.507,0.005110687
0.43,0.636,0.357,0.571,0.013685521
0.351,0.535,0.44,0.516,0.021712471
0.469,0.637,0.461,0.565,0.005302471
0.514,0.588,0.396,0.596,0.003852531
0.445,0.594,0.506,0.54,0.002121181
0.469,0.575,0.425,0.653,0.007413051
0.477,0.493,0.485,0.532,0.000457774
0.513,0.545,0.32,0.566,0.00172364
0.472,0.586,0.452,0.55,0.004432218
0.419,0.617,0.437,0.577,0.013602158
0.46,0.546,0.394,0.611,0.007666995
0.445,0.485,0.459,0.477,0.000594625
0.432,0.544,0.444,0.565,0.008042852
0.32,0.558,0.4,0.537,0.047199892
0.35,0.584,0.427,0.533,0.027645706
0.398,0.544,0.504,0.58,0.007281983
0.435,0.487,0.537,0.561,0.000704972
0.445,0.639,0.495,0.501,0.000452956
0.402,0.626,0.421,0.635,0.020671637
0.508,0.53,0.388,0.566,0.001320799
0.474,0.558,0.509,0.587,0.002330312
0.39,0.598,0.414,0.566,0.023638013
0.448,0.634,0.447,0.487,0.002987579
0.475,0.507,0.435,0.589,0.002648826
0.452,0.524,0.497,0.577,0.002799651
0.422,0.476,0.387,0.613,0.008591699
0.4,0.578,0.413,0.541,0.016983422
0.519,0.584,0.391,0.523,0.002264296
0.423,0.565,0.456,0.582,0.00956989
0.433,0.669,0.433,0.671,0.014525898
0.412,0.598,0.47,0.594,0.011248235
0.458,0.55,0.519,0.539,0.000797491
0.441,0.571,0.379,0.595,0.011465557
0.391,0.589,0.413,0.581,0.024263477
0.445,0.549,0.492,0.498,0.000392722
0.461,0.575,0.464,0.566,0.004791691
0.418,0.6,0.443,0.61,0.014328332
0.365,0.583,0.45,0.474,0.006538461
0.355,0.603,0.39,0.61,0.042906934
0.434,0.602,0.401,0.537,0.010458935
0.352,0.582,0.443,0.629,0.0355705
0.442,0.486,0.508,0.524,0.000457774
0.433,0.529,0.486,0.602,0.00566869
0.413,0.547,0.444,0.65,0.014344234
0.481,0.485,0.482,0.57,0.000210094
0.435,0.527,0.536,0.594,0.002293208
0.483,0.575,0.501,0.555,0.001827724
0.534,0.536,0.433,0.465,1.7829e-05
0.452,0.518,0.479,0.515,0.001474033
0.451,0.565,0.409,0.657,0.010627107
0.495,0.523,0.459,0.553,0.001142508
0.384,0.572,0.475,0.621,0.01718147
0.385,0.608,0.43,0.558,0.021174225
0.322,0.49,0.527,0.531,0.000930968
0.391,0.613,0.369,0.585,0.025242632
0.477,0.491,0.445,0.509,0.000625464
0.471,0.561,0.39,0.61,0.007093091
0.421,0.607,0.492,0.564,0.006238257
0.417,0.637,0.445,0.623,0.015294958
0.407,0.591,0.456,0.582,0.013039818
0.433,0.591,0.457,0.493,0.002869039
0.421,0.654,0.455,0.543,0.008654341
0.454,0.544,0.359,0.605,0.008317998
0.51,0.528,0.446,0.572,0.00087218
0.391,0.473,0.37,0.574,0.016454814
0.442,0.486,0.367,0.527,0.004104066
0.526,0.57,0.543,0.543,0.0
0.378,0.585,0.471,0.539,0.01219655
0.449,0.561,0.36,0.564,0.008634103
0.406,0.464,0.479,0.571,0.005225372
0.393,0.485,0.504,0.586,0.006589057
0.35,0.572,0.467,0.531,0.015601908
0.471,0.479,0.421,0.543,0.000576795
0.476,0.516,0.338,0.516,0.002418493
0.473,0.479,0.475,0.565,0.000306468
0.386,0.552,0.518,0.586,0.007251625
0.519,0.575,0.446,0.536,0.001695692
0.432,0.624,0.472,0.484,0.000936269
0.439,0.6,0.526,0.564,0.002245021
0.396,0.638,0.402,0.596,0.024359851
0.404,0.564,0.406,0.58,0.018579368
0.398,0.623,0.398,0.634,0.025081207
0.486,0.682,0.442,0.558,0.005286569
0.433,0.597,0.473,0.527,0.0042573
0.49,0.531,0.393,0.567,0.002830972
0.486,0.694,0.51,0.532,0.001015777
0.41,0.518,0.4,0.486,0.007274755
0.433,0.447,0.421,0.551,0.001640277
