0.046,0.134,0.107,0.109,0.0
0.054,0.078,0.0,0.19,0.0
0.0,0.133,0.0,0.157,0.012518437
0.0,0.238,0.069,0.139,0.0
0.0,0.17,0.01,0.216,0.0
0.083,0.217,0.023,0.149,0.0
0.007,0.167,0.118,0.122,0.0
0.078,0.272,0.078,0.18,0.0
0.052,0.07,0.085,0.089,0.0
0.097,0.167,0.032,0.214,0.0
0.082,0.146,0.062,0.104,0.0
0.078,0.126,0.0,0.238,0.0
0.089,0.113,0.0,0.152,0.0
0.1,0.104,0.0,0.157,0.0
0.013,0.195,0.057,0.181,0.0
0.123,0.205,0.0,0.189,0.0
0.028,0.164,0.0,0.139,0.0
0.091,0.167,0.009,0.217,0.0
0.066,0.188,0.056,0.104,0.0
0.001,0.209,0.044,0.144,0.0
0.08,0.158,0.087,0.249,0.0
0.05,0.232,0.076,0.09,0.0
0.0,0.201,0.124,0.232,0.0
0.0,0.211,0.013,0.191,0.0
0.0,0.107,0.112,0.148,0.0
0.115,0.131,0.07,0.16,0.0
0.025,0.183,0.066,0.174,0.0
0.007,0.225,0.025,0.171,0.0
0.0,0.153,0.066,0.131,0.0
0.082,0.162,0.001,0.149,0.0
0.0,0.097,0.056,0.204,0.0
0.073,0.113,0.046,0.152,0.0
0.049,0.193,0.058,0.096,0.0
0.051,0.185,0.0,0.213,0.0
0.069,0.231,0.021,0.268,0.0
0.047,0.101,0.023,0.259,0.0
0.037,0.225,0.028,0.224,0.0
0.047,0.161,0.061,0.153,0.0
0.01,0.246,0.038,0.154,0.0
0.135,0.161,0.0,0.199,0.0
0.07,0.104,0.061,0.145,0.0
0.011,0.227,0.093,0.131,0.0
0.057,0.163,0.009,0.151,0.0
0.0,0.196,0.0,0.139,0.012518437
0.045,0.223,0.049,0.105,0.0
0.08,0.128,0.0,0.13,0.0
0.005,0.177,0.077,0.165,0.0
0.124,0.152,0.01,0.142,0.0
0.014,0.18,0.116,0.148,0.0
0.1,0.202,0.022,0.264,0.0
0.068,0.24,0.0,0.145,0.0
0.168,0.19,0.023,0.121,0.0
0.046,0.15,0.066,0.134,0.0
0.072,0.146,0.131,0.201,0.0
0.015,0.131,0.056,0.094,0.0
0.023,0.157,0.071,0.157,0.0
0.086,0.232,0.108,0.188,0.0
0.0,0.155,0.099,0.223,0.0
0.022,0.24,0.0,0.209,0.0
0.0,0.216,0.024,0.194,0.0
0.093,0.121,0.103,0.179,0.0
0.0,0.195,0.0,0.21,0.012518437
0.075,0.293,0.046,0.116,0.0
0.087,0.163,0.067,0.273,0.0
0.027,0.239,0.0,0.119,0.0
0.061,0.075,0.096,0.102,0.0
0.042,0.214,0.101,0.269,0.0
0.0,0.181,0.042,0.044,0.0
0.017,0.145,0.098,0.204,0.0
0.001,0.167,0.104,0.138,0.0
0.019,0.219,0.04,0.182,0.0
0.0,0.125,0.056,0.18,0.0
0.011,0.205,0.103,0.139,0.0
0.045,0.213,0.035,0.084,0.0
0.008,0.134,0.0,0.147,0.0
0.099,0.169,0.0,0.194,0.0
0.112,0.184,0.134,0.224,0.0
0.047,0.103,0.14,0.176,0.0
0.028,0.186,0.077,0.155,0.0
0.089,0.231,0.0,0.173,0.0
0.1,0.144,0.0,0.188,0.0
0.146,0.176,0.066,0.205,0.0
0.047,0.107,0.026,0.205,0.0
0.0,0.155,0.0,0.101,0.012518437
0.087,0.249,0.068,0.222,0.0
0.111,0.221,0.0,0.142,0.0
0.126,0.164,0.0,0.153,0.0
0.036,0.186,0.059,0.177,0.0
0.073,0.151,0.11,0.146,0.0
0.008,0.222,0.0,0.223,0.0
0.066,0.266,0.06,0.128,0.0
0.027,0.115,0.161,0.183,0.0
0.096,0.128,0.104,0.116,0.0
0.01,0.132,0.014,0.212,0.0
0.137,0.151,0.068,0.082,0.0
0.001,0.203,0.026,0.132,0.0
0.087,0.133,0.049,0.242,0.0
0.053,0.142,0.072,0.2,0.0
0.134,0.166,0.036,0.189,0.0
0.086,0.142,0.08,0.292,0.0
0.0,0.16,0.005,0.075,0.0
0.081,0.113,0.054,0.126,0.0
0.055,0.165,0.126,0.148,0.0
0.002,0.216,0.0,0.186,0.0
0.0,0.093,0.033,0.151,0.0
0.054,0.058,0.04,0.216,0.0
0.069,0.107,0.0,0.189,0.0
0.068,0.12,0.046,0.136,0.0
0.053,0.155,0.0,0.146,0.0
0.069,0.127,0.0,0.114,0.0
0.094,0.104,0.0,0.223,0.0
0.033,0.047,0.037,0.163,0.0
0.027,0.277,0.029,0.112,0.0
0.031,0.121,0.0,0.188,0.0
0.008,0.14,0.065,0.193,0.0
0.093,0.195,0.024,0.114,0.0
0.05,0.118,0.031,0.115,0.0
0.0,0.207,0.056,0.162,0.0
0.064,0.126,0.0,0.147,0.0
0.034,0.212,0.138,0.222,0.0
0.06,0.092,0.0,0.232,0.0
0.122,0.136,0.047,0.081,0.0
0.0,0.184,0.06,0.111,0.0
0.107,0.143,0.0,0.194,0.0
0.0,0.182,0.082,0.106,0.0
0.109,0.185,0.0,0.206,0.0
0.09,0.12,0.074,0.174,0.0
0.093,0.189,0.033,0.099,0.0
0.138,0.146,0.0,0.173,0.0
0.0,0.197,0.026,0.166,0.0
0.0,0.203,0.034,0.064,0.0
0.076,0.232,0.011,0.185,0.0
0.089,0.21,0.048,0.22,0.0
0.021,0.235,0.106,0.22,0.0
0.0,0.18,0.043,0.253,0.0
0.0,0.146,0.004,0.04,0.0
0.069,0.083,0.087,0.155,0.0
0.0,0.209,0.032,0.236,0.0
0.093,0.283,0.0,0.154,0.0
0.127,0.189,0.037,0.223,0.0
0.15,0.172,0.02,0.196,0.0
0.016,0.126,0.062,0.134,0.0
0.016,0.19,0.108,0.17,0.0
0.071,0.204,0.095,0.145,0.0
0.101,0.141,0.095,0.187,0.0
0.045,0.065,0.0,0.104,0.0
0.0,0.128,0.095,0.097,0.0
0.012,0.148,0.043,0.099,0.0
0.134,0.252,0.153,0.153,0.0
0.043,0.083,0.113,0.123,0.0
0.098,0.186,0.034,0.13,0.0
0.0,0.18,0.081,0.143,0.0
0.0,0.171,0.014,0.06,0.0
0.0,0.18,0.073,0.097,0.0
0.04,0.202,0.0,0.156,0.0
0.0,0.183,0.085,0.119,0.0
0.0,0.182,0.0,0.161,0.012518437
0.063,0.169,0.087,0.205,0.0
0.073,0.197,0.0,0.157,0.0
0.0,0.137,0.087,0.187,0.0
0.0,0.076,0.15,0.24,0.0
0.112,0.134,0.0,0.233,0.0
0.03,0.044,0.042,0.17,0.0
0.037,0.225,0.06,0.132,0.0
0.125,0.211,0.025,0.153,0.0
0.011,0.217,0.076,0.122,0.0
0.086,0.211,0.032,0.146,0.0
0.04,0.05,0.084,0.21,0.0
0.0,0.181,0.102,0.226,0.0
0.039,0.162,0.0,0.199,0.0
0.013,0.193,0.0,0.184,0.0
0.027,0.201,0.0,0.159,0.0
0.061,0.227,0.103,0.113,0.0
0.0,0.179,0.104,0.165,0.0
0.0,0.191,0.0,0.181,0.012518437
0.139,0.143,0.085,0.191,0.0
0.06,0.096,0.034,0.096,0.0
0.0,0.123,0.061,0.123,0.0
0.098,0.206,0.0,0.19,0.0
0.024,0.184,0.03,0.178,0.0
0.077,0.081,0.055,0.205,0.0
0.09,0.168,0.032,0.186,0.0
0.0,0.082,0.072,0.138,0.0
0.076,0.156,0.05,0.144,0.0
0.0,0.197,0.0,0.108,0.012518437
0.047,0.141,0.079,0.213,0.0
0.0,0.113,0.013,0.162,0.0
0.02,0.256,0.0,0.208,0.0
0.0,0.176,0.049,0.112,0.0
0.07,0.194,0.079,0.145,0.0
0.0,0.163,0.007,0.059,0.0
0.0,0.178,0.036,0.163,0.0
0.101,0.231,0.151,0.177,0.0
0.0,0.186,0.0,0.127,0.012518437
0.022,0.2,0.026,0.162,0.0
0.022,0.196,0.105,0.161,0.0
0.021,0.223,0.06,0.138,0.0
0.073,0.117,0.02,0.192,0.0
0.081,0.093,0.0,0.185,0.0
0.0,0.16,0.016,0.232,0.0
0.071,0.209,0.0,0.146,0.0
0.037,0.163,0.102,0.104,0.0
0.043,0.232,0.085,0.099,0.0
0.067,0.097,0.043,0.247,0.0
0.076,0.222,0.0,0.216,0.0
0.06,0.26,0.085,0.131,0.0
0.0,0.221,0.0,0.157,0.012518437
0.101,0.231,0.0,0.212,0.0
0.082,0.212,0.015,0.057,0.0
0.071,0.107,0.0,0.184,0.0
0.0,0.218,0.008,0.234,0.0
0.0,0.182,0.0,0.163,0.012518437
0.0,0.103,0.057,0.139,0.0
0.0,0.151,0.094,0.166,0.0
0.0,0.188,0.09,0.17,0.0
0.068,0.078,0.079,0.129,0.0
0.057,0.22,0.016,0.156,0.0
0.0,0.175,0.049,0.117,0.0
0.046,0.142,0.0,0.163,0.0
0.086,0.15,0.077,0.169,0.0
0.03,0.108,0.0,0.228,0.0
0.079,0.111,0.006,0.252,0.0
0.077,0.276,0.128,0.158,0.0
0.0,0.205,0.041,0.169,0.0
0.0,0.192,0.046,0.278,0.0
0.086,0.142,0.0,0.049,0.0
0.051,0.281,0.005,0.209,0.0
0.081,0.137,0.041,0.273,0.0
0.0,0.185,0.0,0.172,0.012518437
0.0,0.13,0.0,0.22,0.012518437
0.115,0.149,0.0,0.119,0.0
0.0,0.167,0.0,0.158,0.012518437
0.027,0.097,0.124,0.164,0.0
0.053,0.209,0.049,0.107,0.0
0.049,0.195,0.0,0.248,0.0
0.0,0.166,0.049,0.161,0.0
0.048,0.233,0.001,0.177,0.0
0.053,0.243,0.0,0.145,0.0
0.098,0.133,0.032,0.166,0.0
0.0,0.242,0.039,0.165,0.0
0.081,0.137,0.039,0.141,0.0
0.045,0.195,0.05,0.078,0.0
0.0,0.203,0.085,0.227,0.0
0.019,0.143,0.0,0.22,0.0
0.059,0.139,0.056,0.094,0.0
0.038,0.066,0.0,0.113,0.0
0.0,0.082,0.051,0.133,0.0
0.002,0.226,0.056,0.134,0.0
0.0,0.212,0.004,0.122,0.0
0.067,0.205,0.0,0.24,0.0
0.0,0.195,0.006,0.212,0.0
0.03,0.078,0.065,0.069,0.0
0.08,0.218,0.102,0.156,0.0
0.088,0.18,0.092,0.111,0.0
0.085,0.194,0.012,0.099,0.0
0.063,0.227,0.06,0.087,0.0
0.033,0.217,0.086,0.164,0.0
0.0,0.229,0.034,0.142,0.0
0.0,0.21,0.07,0.208,0.0
0.078,0.112,0.0,0.158,0.0
0.07,0.271,0.007,0.174,0.0
0.035,0.153,0.069,0.177,0.0
0.127,0.165,0.073,0.243,0.0
0.058,0.158,0.053,0.181,0.0
0.0,0.193,0.037,0.207,0.0
0.105,0.137,0.0,0.213,0.0
0.109,0.175,0.073,0.115,0.0
0.0,0.159,0.068,0.174,0.0
0.0,0.121,0.019,0.192,0.0
0.036,0.09,0.026,0.178,0.0
0.054,0.222,0.019,0.201,0.0
0.075,0.22,0.0,0.177,0.0
0.023,0.131,0.096,0.108,0.0
0.0,0.195,0.0,0.175,0.012518437
0.066,0.07,0.0,0.205,0.0
0.044,0.196,0.131,0.208,0.0
0.078,0.236,0.027,0.205,0.0
0.007,0.087,0.022,0.186,0.0
0.028,0.044,0.043,0.173,0.0
0.046,0.164,0.106,0.134,0.0
0.032,0.214,0.127,0.144,0.0
0.028,0.092,0.0,0.185,0.0
0.098,0.128,0.0,0.18,0.0
0.017,0.181,0.055,0.101,0.0
0.044,0.158,0.076,0.164,0.0
0.0,0.202,0.02,0.244,0.0
0.093,0.139,0.009,0.239,0.0
0.074,0.129,0.112,0.19,0.0
0.111,0.185,0.089,0.093,0.0
0.043,0.197,0.092,0.1,0.0
0.072,0.132,0.016,0.222,0.0
0.072,0.08,0.0,0.167,0.0
0.134,0.188,0.0,0.219,0.0
0.101,0.157,0.082,0.146,0.0
0.0,0.189,0.0,0.233,0.012518437
0.124,0.152,0.0,0.191,0.0
0.0,0.151,0.078,0.082,0.0
0.083,0.175,0.038,0.192,0.0
0.054,0.214,0.0,0.197,0.0
0.0,0.196,0.055,0.153,0.0
0.06,0.092,0.0,0.176,0.0
0.014,0.25,0.028,0.164,0.0
0.019,0.189,0.016,0.068,0.0
0.0,0.12,0.029,0.155,0.0
0.154,0.22,0.066,0.182,0.0
0.077,0.145,0.032,0.22,0.0
0.13,0.26,0.073,0.216,0.0
0.13,0.156,0.049,0.213,0.0
0.0,0.194,0.127,0.148,0.0
0.042,0.132,0.151,0.159,0.0
0.036,0.116,0.0,0.114,0.0
0.118,0.156,0.006,0.146,0.0
0.026,0.124,0.002,0.244,0.0
0.011,0.177,0.0,0.197,0.0
0.069,0.113,0.077,0.115,0.0
0.084,0.09,0.0,0.155,0.0
0.0,0.117,0.074,0.144,0.0
0.0,0.148,0.0,0.153,0.012518437
0.0,0.16,0.071,0.133,0.0
0.095,0.163,0.0,0.091,0.0
0.087,0.125,0.031,0.165,0.0
0.028,0.162,0.0,0.195,0.0
0.03,0.124,0.068,0.164,0.0
0.018,0.118,0.049,0.171,0.0
0.134,0.174,0.059,0.161,0.0
0.0,0.199,0.076,0.078,0.0
0.019,0.199,0.104,0.132,0.0
0.103,0.115,0.041,0.171,0.0
0.109,0.117,0.0,0.116,0.0
0.051,0.149,0.0,0.143,0.0
0.149,0.197,0.067,0.21,0.0
0.059,0.221,0.012,0.048,0.0
0.029,0.155,0.032,0.156,0.0
0.137,0.141,0.089,0.141,0.0
0.018,0.17,0.127,0.133,0.0
0.022,0.24,0.106,0.112,0.0
0.082,0.2,0.055,0.22,0.0
0.081,0.103,0.103,0.103,0.0
0.017,0.225,0.074,0.074,0.0
0.029,0.157,0.042,0.158,0.0
0.054,0.102,0.094,0.226,0.0
0.066,0.129,0.006,0.118,0.0
0.0,0.148,0.01,0.128,0.0
0.01,0.223,0.066,0.182,0.0
0.077,0.105,0.025,0.178,0.0
0.043,0.207,0.049,0.099,0.0
0.0,0.223,0.054,0.162,0.0
0.0,0.161,0.09,0.104,0.0
0.084,0.119,0.025,0.249,0.0
0.0,0.206,0.019,0.261,0.0
0.066,0.138,0.0,0.205,0.0
0.01,0.096,0.025,0.253,0.0
0.0,0.236,0.0,0.233,0.012518437
0.0,0.213,0.036,0.258,0.0
0.076,0.094,0.079,0.099,0.0
0.086,0.154,0.023,0.143,0.0
0.017,0.091,0.049,0.251,0.0
0.029,0.085,0.054,0.246,0.0
0.0,0.21,0.0,0.185,0.012518437
0.043,0.185,0.026,0.234,0.0
0.0,0.2,0.0,0.154,0.012518437
0.092,0.13,0.052,0.194,0.0
0.012,0.178,0.017,0.145,0.0
0.07,0.24,0.0,0.209,0.0
0.059,0.095,0.094,0.104,0.0
0.122,0.204,0.132,0.147,0.0
0.095,0.269,0.071,0.217,0.0
0.0,0.206,0.069,0.259,0.0
0.049,0.207,0.021,0.123,0.0
0.144,0.149,0.007,0.175,0.0
0.013,0.153,0.0,0.109,0.0
0.016,0.174,0.119,0.153,0.0
0.006,0.192,0.142,0.21,0.0
0.098,0.11,0.047,0.235,0.0
0.0,0.151,0.076,0.09,0.0
0.0,0.153,0.009,0.181,0.0
0.06,0.172,0.0,0.165,0.0
0.03,0.272,0.088,0.132,0.0
0.087,0.143,0.104,0.188,0.0
0.07,0.21,0.096,0.11,0.0
0.042,0.154,0.0,0.169,0.0
0.008,0.216,0.061,0.135,0.0
0.033,0.128,0.04,0.25,0.0
0.0,0.218,0.05,0.156,0.0
0.071,0.113,0.121,0.133,0.0
0.137,0.144,0.0,0.158,0.0
0.019,0.257,0.032,0.182,0.0
0.054,0.085,0.075,0.159,0.0
0.036,0.128,0.06,0.23,0.0
0.021,0.151,0.0,0.2,0.0
0.049,0.169,0.025,0.083,0.0
0.027,0.173,0.0,0.105,0.0
0.055,0.199,0.06,0.134,0.0
0.082,0.093,0.0,0.194,0.0
0.149,0.193,0.0,0.143,0.0
0.017,0.161,0.0,0.137,0.0
0.04,0.166,0.046,0.134,0.0
0.093,0.117,0.075,0.195,0.0
0.092,0.17,0.004,0.246,0.0
0.1,0.126,0.008,0.166,0.0
0.08,0.082,0.08,0.134,0.0
0.007,0.143,0.093,0.125,0.0
0.045,0.161,0.0,0.136,0.0
0.079,0.181,0.006,0.126,0.0
0.082,0.108,0.036,0.194,0.0
0.065,0.115,0.027,0.103,0.0
0.071,0.157,0.022,0.184,0.0
0.019,0.207,0.052,0.261,0.0
0.0,0.203,0.05,0.144,0.0
0.021,0.213,0.0,0.165,0.0
0.0,0.145,0.0,0.092,0.012518437
0.0,0.175,0.062,0.122,0.0
0.038,0.2,0.022,0.166,0.0
0.03,0.082,0.0,0.134,0.0
0.047,0.191,0.119,0.131,0.0
0.0,0.213,0.055,0.077,0.0
0.042,0.052,0.03,0.222,0.0
0.096,0.158,0.0,0.231,0.0
0.0,0.177,0.152,0.182,0.0
0.0,0.21,0.03,0.138,0.0
0.028,0.112,0.034,0.148,0.0
0.029,0.157,0.043,0.145,0.0
0.0,0.121,0.117,0.123,0.0
0.0,0.224,0.094,0.24,0.0
0.012,0.13,0.048,0.15,0.0
0.066,0.226,0.071,0.121,0.0
0.036,0.084,0.024,0.046,0.0
0.0,0.147,0.09,0.208,0.0
0.043,0.121,0.044,0.189,0.0
0.112,0.182,0.0,0.154,0.0
0.08,0.098,0.0,0.168,0.0
0.028,0.21,0.042,0.174,0.0
0.099,0.109,0.084,0.182,0.0
0.0,0.171,0.0,0.193,0.012518437
0.002,0.166,0.089,0.137,0.0
0.064,0.154,0.035,0.219,0.0
0.0,0.144,0.095,0.101,0.0
0.098,0.206,0.027,0.189,0.0
0.018,0.124,0.0,0.182,0.0
0.024,0.168,0.119,0.149,0.0
0.068,0.15,0.091,0.169,0.0
0.0,0.242,0.02,0.18,0.0
0.091,0.159,0.084,0.148,0.0
0.111,0.177,0.032,0.172,0.0
0.067,0.133,0.143,0.155,0.0
0.008,0.074,0.123,0.125,0.0
0.064,0.134,0.0,0.128,0.0
0.124,0.142,0.014,0.23,0.0
0.0,0.156,0.002,0.236,0.0
0.0,0.141,0.043,0.257,0.0
0.011,0.131,0.024,0.172,0.0
0.004,0.15,0.0,0.19,0.0
0.043,0.159,0.036,0.164,0.0
0.054,0.204,0.137,0.153,0.0
0.015,0.111,0.02,0.108,0.0
0.039,0.147,0.081,0.115,0.0
0.0,0.116,0.084,0.216,0.0
0.024,0.162,0.107,0.181,0.0
0.022,0.2,0.072,0.152,0.0
0.0,0.12,0.037,0.131,0.0
0.06,0.07,0.004,0.21,0.0
0.046,0.166,0.027,0.207,0.0
0.052,0.224,0.0,0.232,0.0
0.087,0.179,0.061,0.193,0.0
0.003,0.109,0.101,0.239,0.0
0.075,0.125,0.092,0.212,0.0
0.054,0.068,0.011,0.167,0.0
0.024,0.19,0.083,0.091,0.0
0.059,0.085,0.061,0.227,0.0
0.108,0.128,0.129,0.171,0.0
0.058,0.232,0.008,0.167,0.0
0.069,0.129,0.093,0.199,0.0
0.019,0.193,0.017,0.183,0.0
0.098,0.1,0.0,0.207,0.0
0.067,0.227,0.04,0.156,0.0
0.039,0.219,0.0,0.152,0.0
0.0,0.2,0.028,0.08,0.0
0.096,0.162,0.0,0.181,0.0
0.0,0.171,0.041,0.163,0.0
0.061,0.131,0.054,0.208,0.0
0.037,0.263,0.014,0.136,0.0
0.014,0.186,0.097,0.107,0.0
0.0,0.156,0.052,0.212,0.0
0.04,0.092,0.035,0.167,0.0
0.0,0.165,0.054,0.128,0.0
0.053,0.175,0.087,0.139,0.0
0.092,0.198,0.072,0.192,0.0
0.079,0.171,0.041,0.067,0.0
0.006,0.21,0.081,0.141,0.0
0.124,0.175,0.032,0.228,0.0
0.081,0.157,0.0,0.207,0.0
0.0,0.178,0.002,0.24,0.0
0.115,0.133,0.08,0.13,0.0
0.034,0.146,0.052,0.197,0.0
0.087,0.185,0.0,0.182,0.0
0.0,0.129,0.03,0.072,0.0
0.0,0.109,0.102,0.132,0.0
0.082,0.114,0.0,0.195,0.0
0.0,0.182,0.07,0.08,0.0
0.074,0.184,0.0,0.17,0.0
0.019,0.213,0.0,0.102,0.0
0.018,0.196,0.049,0.169,0.0
0.134,0.238,0.069,0.205,0.0
0.007,0.179,0.052,0.158,0.0
0.067,0.121,0.042,0.17,0.0
0.077,0.159,0.03,0.114,0.0
0.027,0.157,0.132,0.184,0.0
0.031,0.117,0.055,0.163,0.0
0.13,0.15,0.0,0.064,0.0
0.0,0.172,0.065,0.129,0.0
0.029,0.165,0.091,0.123,0.0
0.058,0.082,0.0,0.137,0.0
0.016,0.212,0.0,0.202,0.0
0.077,0.141,0.032,0.228,0.0
0.071,0.113,0.033,0.167,0.0
0.081,0.185,0.045,0.243,0.0
0.01,0.094,0.08,0.091,0.0
0.085,0.089,0.017,0.154,0.0
0.0,0.131,0.047,0.127,0.0
0.0,0.171,0.0,0.212,0.012518437
0.038,0.27,0.06,0.142,0.0
0.066,0.086,0.089,0.259,0.0
0.037,0.215,0.0,0.158,0.0
0.147,0.167,0.025,0.165,0.0
0.009,0.235,0.051,0.107,0.0
0.08,0.166,0.057,0.113,0.0
0.077,0.239,0.002,0.24,0.0
0.0,0.169,0.132,0.136,0.0
0.051,0.177,0.0,0.162,0.0
0.017,0.143,0.021,0.115,0.0
0.028,0.088,0.104,0.162,0.0
0.015,0.167,0.051,0.073,0.0
0.127,0.128,0.0,0.199,0.0
0.0,0.191,0.024,0.182,0.0
0.062,0.126,0.093,0.195,0.0
0.067,0.113,0.052,0.142,0.0
0.138,0.202,0.0,0.219,0.0
0.091,0.171,0.086,0.092,0.0
0.056,0.172,0.0,0.208,0.0
0.0,0.227,0.046,0.11,0.0
0.107,0.177,0.059,0.101,0.0
0.121,0.141,0.053,0.215,0.0
0.063,0.077,0.0,0.182,0.0
0.0,0.228,0.044,0.097,0.0
0.032,0.222,0.0,0.151,0.0
0.023,0.203,0.002,0.204,0.0
0.111,0.155,0.086,0.146,0.0
0.063,0.181,0.0,0.192,0.0
0.04,0.176,0.0,0.15,0.0
0.078,0.228,0.091,0.255,0.0
0.008,0.226,0.141,0.193,0.0
0.05,0.168,0.0,0.166,0.0
0.0,0.049,0.012,0.172,0.0
0.0,0.17,0.0,0.223,0.012518437
0.083,0.195,0.0,0.175,0.0
0.0,0.195,0.0,0.213,0.012518437
0.045,0.129,0.0,0.148,0.0
0.02,0.182,0.019,0.109,0.0
0.0,0.139,0.07,0.14,0.0
0.045,0.149,0.098,0.168,0.0
0.0,0.132,0.0,0.182,0.012518437
0.0,0.128,0.03,0.136,0.0
0.082,0.13,0.059,0.061,0.0
0.0,0.179,0.0,0.145,0.012518437
0.137,0.185,0.0,0.178,0.0
0.043,0.239,0.116,0.117,0.0
0.066,0.202,0.068,0.215,0.0
0.075,0.098,0.128,0.246,0.0
0.003,0.235,0.094,0.2,0.0
0.053,0.153,0.057,0.235,0.0
0.0,0.122,0.001,0.237,0.0
0.029,0.123,0.054,0.196,0.0
0.002,0.198,0.039,0.175,0.0
0.007,0.193,0.124,0.216,0.0
0.0,0.136,0.025,0.177,0.0
0.017,0.241,0.095,0.134,0.0
0.069,0.109,0.002,0.148,0.0
0.041,0.245,0.059,0.181,0.0
0.098,0.208,0.054,0.238,0.0
0.0,0.203,0.034,0.116,0.0
0.005,0.137,0.082,0.086,0.0
0.065,0.103,0.133,0.141,0.0
0.066,0.116,0.028,0.26,0.0
0.02,0.09,0.043,0.089,0.0
0.081,0.125,0.0,0.153,0.0
0.029,0.233,0.074,0.256,0.0
0.04,0.186,0.0,0.123,0.0
0.125,0.133,0.093,0.257,0.0
0.112,0.32,0.0,0.193,0.0
0.078,0.176,0.06,0.138,0.0
0.0,0.049,0.008,0.196,0.0
0.0,0.192,0.0,0.13,0.012518437
0.058,0.247,0.056,0.138,0.0
0.033,0.131,0.0,0.142,0.0
0.12,0.138,0.024,0.164,0.0
0.105,0.109,0.03,0.244,0.0
0.05,0.083,0.108,0.218,0.0
0.114,0.172,0.104,0.132,0.0
0.005,0.107,0.042,0.092,0.0
0.053,0.065,0.0,0.149,0.0
0.076,0.112,0.061,0.223,0.0
0.0,0.17,0.015,0.201,0.0
0.108,0.146,0.085,0.169,0.0
0.086,0.214,0.121,0.241,0.0
0.064,0.114,0.097,0.145,0.0
0.0,0.163,0.052,0.138,0.0
0.0,0.204,0.0,0.109,0.012518437
0.042,0.15,0.008,0.204,0.0
0.086,0.104,0.079,0.203,0.0
0.0,0.185,0.033,0.267,0.0
0.066,0.086,0.059,0.12,0.0
0.0,0.172,0.041,0.133,0.0
0.076,0.088,0.0,0.138,0.0
0.129,0.181,0.021,0.193,0.0
0.01,0.158,0.0,0.148,0.0
0.113,0.119,0.001,0.089,0.0
0.061,0.075,0.047,0.169,0.0
0.069,0.169,0.008,0.1,0.0
0.077,0.121,0.038,0.264,0.0
0.055,0.093,0.049,0.247,0.0
0.0,0.154,0.0,0.183,0.012518437
0.0,0.21,0.061,0.079,0.0
0.065,0.191,0.0,0.214,0.0
0.09,0.108,0.068,0.246,0.0
0.125,0.183,0.0,0.111,0.0
0.047,0.265,0.118,0.159,0.0
0.103,0.131,0.098,0.108,0.0
0.0,0.119,0.038,0.094,0.0
0.031,0.201,0.066,0.137,0.0
0.119,0.147,0.0,0.227,0.0
0.0,0.213,0.068,0.224,0.0
0.09,0.196,0.016,0.202,0.0
0.058,0.134,0.081,0.196,0.0
0.0,0.176,0.0,0.088,0.012518437
0.0,0.222,0.121,0.125,0.0
0.107,0.225,0.019,0.201,0.0
0.012,0.108,0.01,0.171,0.0
0.044,0.058,0.0,0.163,0.0
0.167,0.183,0.0,0.117,0.0
0.0,0.21,0.02,0.15,0.0
0.0,0.164,0.016,0.218,0.0
0.005,0.165,0.134,0.148,0.0
0.02,0.164,0.046,0.148,0.0
0.0,0.217,0.011,0.121,0.0
0.056,0.132,0.1,0.128,0.0
0.016,0.232,0.001,0.227,0.0
0.0,0.183,0.04,0.092,0.0
0.0,0.143,0.0,0.154,0.012518437
0.085,0.115,0.0,0.219,0.0
0.077,0.109,0.0,0.226,0.0
0.087,0.101,0.021,0.231,0.0
0.06,0.21,0.116,0.128,0.0
0.051,0.145,0.101,0.195,0.0
0.046,0.186,0.074,0.112,0.0
0.102,0.114,0.0,0.195,0.0
0.045,0.149,0.092,0.122,0.0
0.0,0.194,0.0,0.087,0.012518437
0.052,0.156,0.057,0.141,0.0
0.0,0.244,0.0,0.188,0.012518437
0.061,0.118,0.114,0.225,0.0
0.0,0.147,0.0,0.114,0.012518437
0.144,0.144,0.035,0.229,0.0
0.053,0.055,0.016,0.068,0.0
0.052,0.2,0.033,0.125,0.0
0.0,0.14,0.039,0.189,0.0
0.016,0.188,0.021,0.133,0.0
0.0,0.14,0.084,0.104,0.0
0.0,0.17,0.0,0.199,0.012518437
0.019,0.173,0.012,0.181,0.0
0.032,0.248,0.0,0.226,0.0
0.04,0.282,0.0,0.025,0.0
0.009,0.235,0.068,0.186,0.0
0.015,0.193,0.0,0.23,0.0
0.104,0.114,0.025,0.197,0.0
0.0,0.171,0.044,0.112,0.0
0.001,0.22,0.034,0.14,0.0
0.0,0.185,0.102,0.19,0.0
0.014,0.202,0.0,0.194,0.0
0.051,0.109,0.054,0.174,0.0
0.046,0.216,0.042,0.148,0.0
0.078,0.203,0.081,0.279,0.0
0.101,0.145,0.098,0.186,0.0
0.0,0.21,0.012,0.2,0.0
0.0,0.223,0.0,0.221,0.012518437
0.013,0.205,0.0,0.171,0.0
0.003,0.115,0.016,0.114,0.0
0.041,0.267,0.009,0.159,0.0
0.0,0.163,0.044,0.166,0.0
0.07,0.212,0.046,0.072,0.0
0.01,0.188,0.032,0.056,0.0
0.0,0.177,0.058,0.106,0.0
0.055,0.189,0.0,0.164,0.0
0.165,0.169,0.138,0.154,0.0
0.001,0.227,0.0,0.045,0.0
0.0,0.189,0.0,0.209,0.012518437
0.093,0.115,0.053,0.135,0.0
0.015,0.183,0.114,0.136,0.0
0.0,0.21,0.055,0.257,0.0
0.004,0.202,0.056,0.126,0.0
0.083,0.131,0.04,0.28,0.0
0.0,0.168,0.037,0.133,0.0
0.139,0.149,0.013,0.155,0.0
0.007,0.255,0.082,0.14,0.0
0.086,0.182,0.073,0.189,0.0
0.009,0.058,0.044,0.208,0.0
0.043,0.125,0.0,0.133,0.0
0.012,0.101,0.031,0.171,0.0
0.058,0.184,0.117,0.164,0.0
0.0,0.21,0.0,0.12,0.012518437
0.0,0.166,0.016,0.206,0.0
0.0,0.183,0.0,0.179,0.012518437
0.022,0.12,0.008,0.126,0.0
0.034,0.242,0.015,0.205,0.0
0.0,0.182,0.114,0.156,0.0
0.102,0.136,0.006,0.238,0.0
0.027,0.273,0.038,0.264,0.0
0.0,0.144,0.067,0.187,0.0
0.061,0.175,0.0,0.18,0.0
0.0,0.149,0.0,0.148,0.012518437
0.041,0.107,0.052,0.134,0.0
0.0,0.159,0.13,0.172,0.0
0.02,0.218,0.126,0.144,0.0
0.053,0.107,0.056,0.196,0.0
0.0,0.199,0.01,0.158,0.0
0.014,0.134,0.04,0.08,0.0
0.006,0.17,0.001,0.169,0.0
0.047,0.227,0.055,0.179,0.0
0.0,0.202,0.043,0.128,0.0
0.142,0.198,0.03,0.21,0.0
0.0,0.225,0.0,0.161,0.012518437
0.0,0.135,0.064,0.148,0.0
0.0,0.228,0.029,0.109,0.0
0.0,0.23,0.01,0.256,0.0
0.0,0.235,0.0,0.166,0.012518437
0.0,0.212,0.0,0.175,0.012518437
0.0,0.21,0.02,0.068,0.0
0.07,0.11,0.018,0.206,0.0
0.0,0.156,0.064,0.108,0.0
0.0,0.168,0.002,0.17,0.0
0.077,0.083,0.021,0.131,0.0
0.0,0.234,0.031,0.175,0.0
0.081,0.141,0.067,0.193,0.0
0.073,0.089,0.065,0.191,0.0
0.0,0.142,0.0,0.14,0.012518437
0.004,0.21,0.0,0.223,0.0
0.039,0.203,0.054,0.218,0.0
0.073,0.159,0.115,0.127,0.0
0.036,0.12,0.07,0.096,0.0
0.0,0.162,0.11,0.112,0.0
0.02,0.066,0.028,0.086,0.0
0.0,0.12,0.127,0.221,0.0
0.034,0.122,0.058,0.196,0.0
0.0,0.19,0.019,0.147,0.0
0.056,0.161,0.0,0.191,0.0
0.0,0.177,0.084,0.108,0.0
0.027,0.213,0.098,0.176,0.0
0.109,0.185,0.036,0.106,0.0
0.009,0.255,0.0,0.162,0.0
0.034,0.092,0.079,0.145,0.0
0.0,0.203,0.0,0.203,0.012518437
0.0,0.141,0.073,0.151,0.0
0.013,0.129,0.015,0.123,0.0
0.0,0.207,0.028,0.128,0.0
0.0,0.237,0.0,0.206,0.012518437
0.067,0.167,0.051,0.071,0.0
0.0,0.139,0.089,0.129,0.0
0.061,0.083,0.069,0.083,0.0
0.08,0.176,0.0,0.129,0.0
0.0,0.194,0.0,0.197,0.012518437
0.0,0.219,0.024,0.178,0.0
0.013,0.165,0.022,0.234,0.0
0.006,0.184,0.06,0.118,0.0
0.002,0.242,0.11,0.15,0.0
0.12,0.202,0.004,0.232,0.0
0.068,0.142,0.032,0.268,0.0
0.103,0.137,0.008,0.184,0.0
0.1,0.12,0.007,0.177,0.0
0.042,0.138,0.033,0.121,0.0
0.085,0.103,0.081,0.177,0.0
0.021,0.145,0.012,0.172,0.0
0.038,0.206,0.0,0.171,0.0
0.0,0.181,0.0,0.132,0.012518437
0.012,0.208,0.034,0.178,0.0
0.0,0.185,0.038,0.12,0.0
0.0,0.23,0.023,0.203,0.0
0.038,0.194,0.038,0.126,0.0
0.054,0.058,0.009,0.217,0.0
0.043,0.043,0.036,0.161,0.0
0.054,0.19,0.045,0.191,0.0
0.043,0.123,0.023,0.269,0.0
0.021,0.179,0.092,0.154,0.0
0.003,0.199,0.0,0.166,0.0
0.021,0.207,0.114,0.204,0.0
0.034,0.06,0.007,0.159,0.0
0.056,0.123,0.071,0.177,0.0
0.019,0.143,0.039,0.137,0.0
0.022,0.208,0.092,0.108,0.0
0.075,0.155,0.0,0.133,0.0
0.062,0.104,0.056,0.142,0.0
0.0,0.156,0.062,0.252,0.0
0.0,0.178,0.082,0.134,0.0
0.039,0.071,0.0,0.154,0.0
0.092,0.172,0.037,0.241,0.0
0.0,0.138,0.033,0.175,0.0
0.0,0.163,0.0,0.158,0.012518437
0.006,0.126,0.0,0.163,0.0
0.08,0.166,0.022,0.174,0.0
0.0,0.149,0.055,0.211,0.0
0.066,0.112,0.025,0.143,0.0
0.0,0.166,0.087,0.219,0.0
0.0,0.192,0.097,0.139,0.0
0.078,0.156,0.106,0.114,0.0
0.0,0.167,0.0,0.177,0.012518437
0.054,0.126,0.07,0.131,0.0
0.0,0.204,0.0,0.185,0.012518437
0.159,0.265,0.035,0.075,0.0
0.206,0.21,0.002,0.172,0.0
0.08,0.158,0.115,0.127,0.0
0.016,0.2,0.029,0.097,0.0
0.007,0.245,0.0,0.21,0.0
0.086,0.144,0.0,0.229,0.0
0.0,0.186,0.015,0.22,0.0
0.004,0.158,0.088,0.132,0.0
0.0,0.175,0.048,0.082,0.0
0.076,0.192,0.055,0.169,0.0
0.0,0.206,0.077,0.191,0.0
0.002,0.159,0.029,0.185,0.0
0.021,0.225,0.016,0.068,0.0
0.0,0.176,0.103,0.157,0.0
0.093,0.163,0.055,0.143,0.0
0.001,0.249,0.025,0.131,0.0
0.052,0.156,0.025,0.209,0.0
0.036,0.23,0.059,0.129,0.0
0.0,0.158,0.0,0.129,0.012518437
0.0,0.195,0.07,0.202,0.0
0.042,0.235,0.036,0.042,0.0
0.077,0.121,0.039,0.253,0.0
0.0,0.107,0.0,0.157,0.012518437
0.0,0.171,0.0,0.222,0.012518437
0.0,0.141,0.043,0.055,0.0
0.054,0.162,0.063,0.205,0.0
0.004,0.174,0.005,0.199,0.0
0.117,0.149,0.073,0.073,0.0
0.057,0.145,0.0,0.158,0.0
0.0,0.158,0.1,0.136,0.0
0.013,0.143,0.028,0.05,0.0
0.023,0.243,0.03,0.062,0.0
0.036,0.26,0.0,0.212,0.0
0.083,0.155,0.095,0.163,0.0
0.041,0.103,0.0,0.123,0.0
0.011,0.199,0.0,0.176,0.0
0.052,0.226,0.076,0.203,0.0
0.0,0.224,0.064,0.214,0.0
0.048,0.062,0.0,0.172,0.0
0.0,0.116,0.104,0.124,0.0
0.082,0.18,0.011,0.179,0.0
0.012,0.242,0.014,0.26,0.0
0.096,0.11,0.008,0.196,0.0
0.0,0.175,0.022,0.264,0.0
0.0,0.165,0.055,0.275,0.0
0.0,0.198,0.002,0.242,0.0
0.073,0.209,0.048,0.216,0.0
0.025,0.095,0.018,0.204,0.0
0.021,0.175,0.066,0.122,0.0
0.062,0.102,0.024,0.162,0.0
0.021,0.241,0.0,0.154,0.0
0.093,0.143,0.0,0.168,0.0
0.127,0.163,0.0,0.184,0.0
0.039,0.229,0.0,0.158,0.0
0.0,0.125,0.046,0.206,0.0
0.004,0.056,0.094,0.156,0.0
0.106,0.116,0.0,0.206,0.0
0.113,0.143,0.087,0.163,0.0
0.121,0.205,0.146,0.166,0.0
0.0,0.182,0.031,0.207,0.0
0.024,0.212,0.043,0.141,0.0
0.021,0.175,0.095,0.128,0.0
0.123,0.133,0.074,0.09,0.0
0.106,0.218,0.022,0.022,0.0
0.0,0.147,0.0,0.12,0.012518437
0.025,0.235,0.0,0.191,0.0
0.098,0.134,0.06,0.178,0.0
0.037,0.257,0.061,0.099,0.0
0.024,0.156,0.0,0.122,0.0
0.022,0.18,0.088,0.118,0.0
0.098,0.164,0.002,0.204,0.0
0.062,0.106,0.0,0.135,0.0
0.057,0.109,0.067,0.091,0.0
0.0,0.185,0.043,0.182,0.0
0.007,0.227,0.0,0.158,0.0
0.026,0.26,0.032,0.15,0.0
0.05,0.266,0.0,0.205,0.0
0.111,0.129,0.033,0.219,0.0
0.019,0.169,0.038,0.204,0.0
0.053,0.099,0.0,0.198,0.0
0.082,0.14,0.062,0.223,0.0
0.045,0.168,0.056,0.15,0.0
0.0,0.205,0.05,0.084,0.0
0.0,0.147,0.059,0.083,0.0
0.0,0.167,0.0,0.171,0.012518437
0.189,0.195,0.0,0.162,0.0
0.081,0.137,0.113,0.2,0.0
0.048,0.066,0.135,0.139,0.0
0.082,0.128,0.056,0.11,0.0
0.074,0.102,0.048,0.106,0.0
0.027,0.061,0.073,0.133,0.0
0.072,0.252,0.015,0.177,0.0
0.003,0.151,0.102,0.16,0.0
0.056,0.076,0.038,0.234,0.0
0.045,0.226,0.026,0.098,0.0
0.0,0.214,0.065,0.132,0.0
0.041,0.115,0.056,0.186,0.0
0.009,0.169,0.006,0.22,0.0
0.0,0.197,0.0,0.219,0.012518437
0.034,0.066,0.132,0.166,0.0
0.008,0.144,0.028,0.131,0.0
0.023,0.107,0.058,0.17,0.0
0.084,0.124,0.119,0.147,0.0
0.018,0.17,0.0,0.146,0.0
0.042,0.282,0.086,0.128,0.0
0.0,0.113,0.01,0.112,0.0
0.025,0.241,0.009,0.215,0.0
0.114,0.174,0.0,0.188,0.0
0.0,0.148,0.098,0.106,0.0
0.04,0.096,0.068,0.076,0.0
0.074,0.17,0.092,0.104,0.0
0.061,0.151,0.024,0.234,0.0
0.068,0.074,0.019,0.257,0.0
0.0,0.244,0.063,0.105,0.0
0.038,0.246,0.144,0.204,0.0
0.045,0.081,0.0,0.082,0.0
0.0,0.176,0.0,0.099,0.012518437
0.0,0.232,0.091,0.107,0.0
0.05,0.244,0.026,0.17,0.0
0.0,0.126,0.008,0.148,0.0
0.0,0.145,-0.0,0.152,0.012518437
0.085,0.183,0.016,0.242,0.0
0.0,0.171,0.067,0.115,0.0
0.114,0.12,0.054,0.18,0.0
0.046,0.162,0.02,0.216,0.0
0.021,0.131,0.077,0.131,0.0
0.036,0.178,0.036,0.138,0.0
0.025,0.219,0.124,0.254,0.0
0.012,0.132,0.03,0.104,0.0
0.013,0.103,0.074,0.202,0.0
0.078,0.192,0.0,0.151,0.0
0.0,0.14,0.089,0.119,0.0
0.0,0.195,0.0,0.106,0.012518437
0.111,0.181,0.024,0.211,0.0
0.0,0.195,0.071,0.171,0.0
0.024,0.124,0.002,0.1,0.0
0.02,0.138,0.011,0.163,0.0
0.033,0.189,0.0,0.093,0.0
0.066,0.21,0.024,0.11,0.0
0.039,0.237,0.021,0.065,0.0
0.0,0.219,0.0,0.148,0.012518437
0.067,0.199,0.0,0.209,0.0
0.013,0.239,0.05,0.074,0.0
0.072,0.167,0.0,0.151,0.0
0.0,0.182,0.105,0.135,0.0
0.099,0.137,0.052,0.182,0.0
0.0,0.176,0.041,0.163,0.0
0.083,0.093,0.0,0.103,0.0
0.107,0.227,0.119,0.167,0.0
0.0,0.164,0.062,0.112,0.0
0.137,0.215,0.115,0.133,0.0
0.069,0.111,0.053,0.101,0.0
0.053,0.141,0.0,0.167,0.0
0.088,0.15,0.052,0.084,0.0
0.02,0.214,0.009,0.151,0.0
0.029,0.093,0.094,0.186,0.0
0.0,0.203,0.0,0.157,0.012518437
0.002,0.08,0.034,0.062,0.0
0.068,0.14,0.079,0.188,0.0
0.097,0.233,0.0,0.223,0.0
0.008,0.214,0.063,0.119,0.0
0.0,0.092,0.059,0.153,0.0
0.098,0.166,0.0,0.134,0.0
0.0,0.146,0.088,0.098,0.0
0.04,0.184,0.0,0.192,0.0
0.065,0.229,0.0,0.241,0.0
0.084,0.098,0.03,0.218,0.0
0.065,0.143,0.095,0.128,0.0
0.05,0.18,0.054,0.158,0.0
0.041,0.193,0.112,0.13,0.0
0.107,0.109,0.069,0.217,0.0
0.0,0.126,0.0,0.159,0.012518437
0.018,0.122,0.068,0.122,0.0
0.035,0.231,0.0,0.203,0.0
0.0,0.221,0.058,0.06,0.0
0.109,0.171,0.064,0.178,0.0
0.0,0.135,0.02,0.192,0.0
0.018,0.059,0.044,0.13,0.0
0.052,0.156,0.0,0.226,0.0
0.02,0.182,0.0,0.155,0.0
0.0,0.218,0.046,0.152,0.0
0.072,0.112,0.042,0.138,0.0
0.059,0.071,0.106,0.132,0.0
0.026,0.234,0.07,0.244,0.0
0.103,0.103,0.015,0.199,0.0
0.03,0.222,0.005,0.159,0.0
0.0,0.161,0.042,0.164,0.0
0.053,0.161,0.041,0.261,0.0
0.0,0.126,0.0,0.186,0.012518437
0.064,0.174,0.127,0.159,0.0
0.096,0.118,0.0,0.214,0.0
0.027,0.249,0.044,0.181,0.0
0.112,0.146,0.092,0.142,0.0
0.018,0.052,0.053,0.155,0.0
0.0,0.207,0.067,0.147,0.0
0.0,0.165,0.018,0.206,0.0
0.0,0.184,0.03,0.152,0.0
0.0,0.162,0.026,0.094,0.0
0.026,0.17,0.041,0.057,0.0
0.03,0.118,0.0,0.179,0.0
0.035,0.135,0.005,0.225,0.0
0.05,0.142,0.019,0.217,0.0
0.077,0.107,0.051,0.205,0.0
0.008,0.162,0.088,0.102,0.0
0.057,0.132,0.029,0.219,0.0
0.077,0.131,0.0,0.152,0.0
0.0,0.208,0.0,0.198,0.012518437
0.046,0.184,0.104,0.114,0.0
0.021,0.197,0.015,0.223,0.0
0.092,0.158,0.07,0.182,0.0
0.002,0.222,0.0,0.163,0.0
0.0,0.209,0.0,0.179,0.012518437
0.004,0.148,0.113,0.165,0.0
0.092,0.114,0.072,0.154,0.0
0.0,0.183,0.055,0.15,0.0
0.068,0.152,0.108,0.134,0.0
0.0,0.149,0.0,0.0,0.012518437
0.054,0.198,0.026,0.062,0.0
0.018,0.108,0.0,0.161,0.0
0.012,0.096,0.064,0.092,0.0
0.109,0.129,0.039,0.107,0.0
0.018,0.182,0.075,0.095,0.0
0.054,0.176,0.098,0.184,0.0
0.018,0.232,0.0,0.175,0.0
0.0,0.144,0.0,0.098,0.012518437
0.014,0.162,0.109,0.187,0.0
0.069,0.107,0.069,0.195,0.0
0.0,0.173,0.003,0.173,0.0
0.103,0.123,0.027,0.043,0.0
0.085,0.233,0.0,0.207,0.0
0.0,0.148,0.0,0.149,0.012518437
0.024,0.042,0.0,0.241,0.0
0.033,0.188,0.0,0.177,0.0
-0.0,0.214,0.048,0.156,0.0
0.05,0.074,0.105,0.173,0.0
0.0,0.135,0.07,0.191,0.0
0.05,0.191,0.037,0.207,0.0
0.027,0.241,0.04,0.1,0.0
0.061,0.091,0.085,0.231,0.0
0.077,0.267,0.122,0.128,0.0
0.049,0.111,0.0,0.178,0.0
0.059,0.243,0.067,0.085,0.0
0.034,0.088,0.0,0.174,0.0
0.0,0.23,0.0,0.169,0.012518437
0.034,0.214,0.0,0.172,0.0
0.122,0.146,0.064,0.222,0.0
0.036,0.138,0.0,0.187,0.0
0.043,0.195,0.022,0.144,0.0
0.0,0.097,0.002,0.21,0.0
0.0,0.15,0.088,0.172,0.0
0.0,0.202,0.021,0.219,0.0
0.09,0.106,0.052,0.217,0.0
0.018,0.178,0.083,0.183,0.0
0.109,0.209,0.069,0.129,0.0
0.0,0.174,0.0,0.171,0.012518437
0.0,0.186,0.05,0.158,0.0
0.0,0.14,0.045,0.129,0.0
0.085,0.089,0.087,0.187,0.0
0.049,0.091,0.0,0.171,0.0
0.0,0.176,0.009,0.199,0.0
0.0,0.211,0.133,0.173,0.0
0.076,0.196,0.033,0.179,0.0
0.0,0.198,0.0,0.089,0.012518437
0.031,0.155,0.027,0.145,0.0
0.0,0.219,0.027,0.167,0.0
0.053,0.233,0.097,0.101,0.0
0.025,0.231,0.067,0.105,0.0
0.018,0.08,0.0,0.217,0.0
0.0,0.176,0.0,0.142,0.012518437
0.013,0.097,0.0,0.108,0.0
0.087,0.197,0.023,0.219,0.0
0.07,0.264,0.003,0.105,0.0
0.0,0.159,0.062,0.142,0.0
0.092,0.172,0.01,0.171,0.0
0.013,0.183,0.164,0.181,0.0
0.0,0.152,0.034,0.266,0.0
0.0,0.195,0.025,0.127,0.0
0.008,0.25,0.062,0.13,0.0
0.021,0.221,0.071,0.194,0.0
0.0,0.203,0.059,0.177,0.0
0.047,0.171,0.0,0.133,0.0
0.114,0.148,0.0,0.213,0.0
0.0,0.17,0.035,0.233,0.0
0.104,0.158,0.029,0.089,0.0
0.0,0.196,0.093,0.153,0.0
0.008,0.138,0.05,0.176,0.0
0.0,0.09,0.073,0.243,0.0
0.035,0.109,0.0,0.19,0.0
0.066,0.178,0.059,0.097,0.0
0.015,0.18,0.147,0.203,0.0
0.057,0.145,0.048,0.16,0.0
0.092,0.148,0.077,0.165,0.0
0.104,0.138,0.046,0.096,0.0
0.018,0.242,0.0,0.193,0.0
0.057,0.069,0.122,0.138,0.0
0.075,0.155,0.01,0.118,0.0
0.04,0.264,0.055,0.271,0.0
0.066,0.094,0.0,0.162,0.0
0.0,0.163,0.0,0.167,0.012518437
0.075,0.153,0.0,0.152,0.0
0.0,0.127,0.0,0.22,0.012518437
0.125,0.279,0.017,0.185,0.0
0.012,0.2,0.0,0.174,0.0
0.017,0.233,0.073,0.229,0.0
0.151,0.169,0.0,0.107,0.0
0.083,0.157,0.067,0.263,0.0
0.0,0.126,0.069,0.103,0.0
0.062,0.22,0.0,0.19,0.0
0.1,0.126,0.091,0.117,0.0
0.024,0.048,0.0,0.176,0.0
0.0,0.234,0.043,0.117,0.0
0.0,0.133,0.0,0.188,0.012518437
0.046,0.168,0.0,0.223,0.0
-0.0,0.124,0.089,0.201,0.0
0.03,0.24,0.009,0.015,0.0
0.026,0.264,0.049,0.189,0.0
0.101,0.241,0.0,0.163,0.0
0.035,0.109,0.111,0.155,0.0
0.022,0.17,0.017,0.073,0.0
0.0,0.173,0.09,0.24,0.0
0.016,0.146,0.09,0.208,0.0
0.014,0.178,0.0,0.118,0.0
0.048,0.176,0.079,0.099,0.0
0.0,0.198,0.0,0.187,0.012518437
0.069,0.139,0.0,0.22,0.0
0.0,0.171,0.015,0.111,0.0
0.003,0.243,0.0,0.223,0.0
0.026,0.134,0.056,0.15,0.0
0.051,0.241,0.027,0.213,0.0
0.051,0.135,0.063,0.103,0.0
0.05,0.178,0.111,0.227,0.0
0.043,0.217,0.113,0.143,0.0
0.021,0.233,0.0,0.217,0.0
0.0,0.101,0.089,0.101,0.0
0.051,0.163,0.102,0.166,0.0
0.037,0.259,0.0,0.217,0.0
0.019,0.187,0.079,0.081,0.0
0.052,0.244,0.0,0.126,0.0
0.0,0.173,0.011,0.251,0.0
0.036,0.17,0.009,0.237,0.0
0.0,0.012,0.102,0.118,0.0
0.109,0.151,0.106,0.194,0.0
0.0,0.15,0.006,0.146,0.0
0.0,0.057,0.015,0.239,0.0
0.0,0.157,0.066,0.127,0.0
0.038,0.118,0.0,0.18,0.0
0.029,0.183,0.124,0.172,0.0
0.079,0.177,0.099,0.171,0.0
0.104,0.143,0.017,0.147,0.0
0.035,0.193,0.0,0.187,0.0
0.04,0.112,0.096,0.1,0.0
0.014,0.254,0.016,0.136,0.0
0.038,0.146,0.065,0.091,0.0
0.079,0.123,0.019,0.113,0.0
0.037,0.183,0.054,0.064,0.0
0.038,0.14,0.049,0.101,0.0
0.078,0.126,0.084,0.174,0.0
0.058,0.174,0.06,0.128,0.0
0.095,0.101,0.028,0.188,0.0
0.0,0.111,0.012,0.15,0.0
0.0,0.135,0.015,0.129,0.0
0.005,0.121,0.095,0.107,0.0
0.075,0.159,0.098,0.108,0.0
0.034,0.244,0.109,0.171,0.0
0.048,0.147,0.001,0.199,0.0
0.115,0.157,0.056,0.212,0.0
0.053,0.087,0.1,0.148,0.0
0.085,0.207,0.0,0.227,0.0
0.0,0.233,0.0,0.102,0.012518437
0.11,0.17,0.0,0.095,0.0
-0.0,0.214,0.071,0.209,0.0
0.087,0.171,0.07,0.196,0.0
0.032,0.214,0.0,0.073,0.0
0.0,0.155,0.001,0.017,0.0
0.0,0.177,0.132,0.202,0.0
0.0,0.065,0.053,0.139,0.0
0.017,0.197,0.0,0.126,0.0
0.042,0.19,0.0,0.204,0.0
0.0,0.029,0.035,0.207,0.0
0.077,0.203,0.077,0.175,0.0
0.06,0.072,0.099,0.169,0.0
0.032,0.166,0.003,0.169,0.0
0.004,0.134,0.055,0.148,0.0
0.076,0.148,0.041,0.273,0.0
0.0,0.193,0.082,0.094,0.0
0.093,0.189,0.149,0.211,0.0
0.014,0.224,0.047,0.059,0.0
0.032,0.14,0.005,0.166,0.0
0.077,0.297,0.008,0.2,0.0
0.065,0.181,0.0,0.167,0.0
0.076,0.224,0.114,0.144,0.0
0.065,0.189,0.046,0.248,0.0
0.036,0.166,0.105,0.133,0.0
0.0,0.202,0.071,0.151,0.0
0.021,0.145,0.147,0.173,0.0
0.098,0.198,0.056,0.064,0.0
0.0,0.048,0.0,0.142,0.012518437
0.031,0.231,0.0,0.149,0.0
0.0,0.196,0.105,0.113,0.0
0.043,0.195,0.001,0.197,0.0
0.0,0.177,0.034,0.156,0.0
0.024,0.158,0.002,0.216,0.0
0.079,0.087,0.014,0.148,0.0
0.067,0.233,0.02,0.17,0.0
0.027,0.157,0.132,0.168,0.0
0.029,0.085,0.037,0.105,0.0
0.102,0.104,0.0,0.153,0.0
0.097,0.129,0.003,0.19,0.0
0.005,0.189,0.064,0.15,0.0
0.057,0.203,0.01,0.162,0.0
0.0,0.198,0.027,0.121,0.0
0.032,0.054,0.055,0.195,0.0
0.002,0.218,0.056,0.132,0.0
0.138,0.162,0.0,0.201,0.0
0.026,0.162,0.0,0.178,0.0
0.05,0.074,0.0,0.212,0.0
0.0,0.212,0.08,0.1,0.0
0.03,0.162,0.052,0.152,0.0
0.06,0.26,0.03,0.218,0.0
0.081,0.189,0.024,0.064,0.0
0.0,0.241,0.104,0.178,0.0
0.067,0.188,0.014,0.174,0.0
0.055,0.225,0.088,0.16,0.0
0.093,0.151,0.079,0.177,0.0
0.0,0.127,0.065,0.162,0.0
0.045,0.225,0.035,0.175,0.0
0.061,0.179,0.026,0.208,0.0
0.119,0.139,0.018,0.15,0.0
0.127,0.147,0.0,0.153,0.0
0.049,0.133,0.087,0.139,0.0
0.031,0.079,0.036,0.138,0.0
0.0,0.218,0.046,0.104,0.0
0.099,0.155,0.0,0.109,0.0
0.121,0.161,0.065,0.147,0.0
0.0,0.156,0.0,0.172,0.012518437
0.0,0.095,0.074,0.126,0.0
0.03,0.128,0.058,0.1,0.0
0.043,0.143,0.08,0.202,0.0
0.033,0.117,0.027,0.093,0.0
0.09,0.104,0.06,0.12,0.0
0.005,0.245,0.055,0.243,0.0
0.127,0.149,0.0,0.162,0.0
0.008,0.144,0.055,0.114,0.0
0.0,0.155,0.0,0.145,0.012518437
0.009,0.239,0.065,0.121,0.0
0.08,0.088,0.071,0.171,0.0
0.064,0.084,0.027,0.245,0.0
0.0,0.162,0.097,0.145,0.0
0.083,0.161,0.1,0.176,0.0
0.01,0.226,0.098,0.228,0.0
0.029,0.251,0.0,0.137,0.0
0.065,0.147,0.051,0.079,0.0
0.0,0.189,0.065,0.211,0.0
0.0,0.178,0.0,0.162,0.012518437
0.0,0.141,0.0,0.175,0.012518437
0.09,0.172,0.012,0.19,0.0
0.0,0.115,0.0,0.205,0.012518437
0.07,0.224,0.071,0.149,0.0
0.041,0.123,0.075,0.167,0.0
0.112,0.24,0.0,0.161,0.0
0.0,0.144,0.0,0.156,0.012518437
0.059,0.091,0.129,0.177,0.0
0.041,0.203,0.073,0.119,0.0
0.028,0.2,0.068,0.264,0.0
0.072,0.206,0.041,0.127,0.0
0.0,0.207,0.122,0.14,0.0
0.066,0.14,0.009,0.109,0.0
0.02,0.038,0.087,0.14,0.0
0.064,0.112,0.114,0.148,0.0
0.0,0.211,0.0,0.228,0.012518437
0.089,0.095,0.009,0.089,0.0
0.088,0.114,0.091,0.111,0.0
0.059,0.131,0.06,0.27,0.0
0.04,0.058,0.096,0.098,0.0
0.046,0.095,0.022,0.102,0.0
0.045,0.211,0.08,0.122,0.0
0.008,0.232,0.004,0.186,0.0
0.028,0.206,0.043,0.141,0.0
0.093,0.241,0.093,0.131,0.0
0.0,0.148,0.064,0.114,0.0
0.108,0.182,0.029,0.191,0.0
0.076,0.154,0.05,0.148,0.0
0.047,0.153,0.08,0.084,0.0
0.024,0.151,0.042,0.142,0.0
0.006,0.16,0.084,0.17,0.0
0.019,0.141,0.012,0.218,0.0
0.072,0.15,0.124,0.163,0.0
0.0,0.188,0.0,0.086,0.012518437
0.062,0.198,0.0,0.207,0.0
0.082,0.124,0.025,0.161,0.0
0.091,0.171,0.02,0.246,0.0
0.083,0.197,0.064,0.138,0.0
0.038,0.282,0.044,0.278,0.0
0.064,0.098,0.0,0.168,0.0
0.0,0.181,0.003,0.095,0.0
0.054,0.196,0.092,0.094,0.0
0.0,0.209,0.0,0.226,0.012518437
0.056,0.228,0.049,0.103,0.0
0.136,0.154,0.0,0.115,0.0
0.058,0.18,0.0,0.188,0.0
0.036,0.154,0.114,0.239,0.0
0.102,0.186,0.002,0.1,0.0
0.029,0.179,0.018,0.174,0.0
0.055,0.189,0.0,0.121,0.0
0.083,0.141,0.027,0.107,0.0
0.066,0.092,0.042,0.104,0.0
0.049,0.185,0.0,0.173,0.0
0.078,0.104,0.005,0.245,0.0
0.006,0.172,0.094,0.154,0.0
0.028,0.19,0.0,0.098,0.0
0.065,0.111,0.053,0.159,0.0
0.068,0.088,0.062,0.156,0.0
0.0,0.05,0.035,0.221,0.0
0.032,0.186,0.086,0.152,0.0
0.0,0.124,0.145,0.211,0.0
0.0,0.125,0.072,0.074,0.0
0.033,0.177,0.0,0.204,0.0
0.06,0.122,0.115,0.163,0.0
0.074,0.148,0.043,0.153,0.0
0.095,0.153,0.0,0.113,0.0
0.032,0.147,0.075,0.117,0.0
0.0,0.181,0.027,0.263,0.0
0.006,0.165,0.079,0.107,0.0
0.0,0.154,0.007,0.057,0.0
0.115,0.173,0.0,0.199,0.0
0.054,0.22,0.11,0.126,0.0
0.039,0.089,0.01,0.128,0.0
0.114,0.116,0.071,0.101,0.0
0.02,0.144,0.0,0.198,0.0
0.082,0.214,0.089,0.149,0.0
0.077,0.141,0.073,0.131,0.0
0.0,0.192,0.03,0.22,0.0
0.08,0.146,0.062,0.15,0.0
0.001,0.221,0.064,0.16,0.0
0.112,0.12,0.015,0.257,0.0
0.0,0.208,0.063,0.269,0.0
0.103,0.131,0.058,0.148,0.0
0.017,0.171,0.005,0.107,0.0
0.053,0.227,0.025,0.079,0.0
0.036,0.12,0.017,0.239,0.0
0.049,0.055,0.0,0.163,0.0
0.122,0.25,0.0,0.192,0.0
0.0,0.205,0.051,0.109,0.0
0.043,0.105,0.0,0.189,0.0
0.0,0.071,0.056,0.198,0.0
0.0,0.17,0.0,0.148,0.012518437
0.062,0.279,0.008,0.162,0.0
0.0,0.166,0.059,0.147,0.0
0.081,0.137,0.02,0.104,0.0
0.0,0.205,0.0,0.191,0.012518437
0.0,0.179,0.09,0.122,0.0
0.213,0.214,0.066,0.11,0.0
0.0,0.211,0.029,0.221,0.0
0.046,0.152,0.042,0.154,0.0
0.061,0.063,0.037,0.179,0.0
0.09,0.19,0.03,0.178,0.0
0.083,0.141,0.0,0.152,0.0
0.127,0.185,0.094,0.152,0.0
0.031,0.055,0.104,0.12,0.0
0.081,0.137,0.047,0.223,0.0
0.009,0.239,0.0,0.212,0.0
0.0,0.154,0.014,0.224,0.0
0.041,0.103,0.08,0.131,0.0
0.0,0.14,0.151,0.171,0.0
0.069,0.185,0.119,0.125,0.0
0.0,0.18,0.053,0.221,0.0
0.002,0.192,0.054,0.3,0.0
0.067,0.141,0.139,0.167,0.0
0.0,0.203,0.022,0.228,0.0
0.0,0.089,0.008,0.189,0.0
0.005,0.171,0.015,0.201,0.0
0.006,0.196,0.0,0.191,0.0
0.028,0.206,0.008,0.246,0.0
0.01,0.216,0.0,0.032,0.0
0.0,0.056,0.016,0.016,0.0
0.0,0.087,0.032,0.206,0.0
0.049,0.179,0.0,0.098,0.0
0.072,0.072,0.0,0.226,0.0
0.087,0.175,0.043,0.213,0.0
0.098,0.228,0.037,0.091,0.0
0.152,0.194,0.101,0.175,0.0
0.0,0.245,0.062,0.09,0.0
0.041,0.195,0.007,0.169,0.0
0.035,0.243,0.016,0.252,0.0
0.0,0.092,0.011,0.025,0.0
0.023,0.191,0.054,0.072,0.0
0.0,0.149,0.065,0.175,0.0
0.11,0.118,0.043,0.147,0.0
0.04,0.092,0.064,0.097,0.0
0.0,0.178,0.015,0.191,0.0
0.045,0.121,0.037,0.085,0.0
0.085,0.131,0.077,0.199,0.0
0.066,0.098,0.053,0.135,0.0
0.093,0.247,0.0,0.2,0.0
0.024,0.236,0.0,0.184,0.0
0.084,0.156,0.082,0.188,0.0
0.071,0.071,0.048,0.138,0.0
0.102,0.136,0.131,0.189,0.0
0.046,0.148,0.104,0.152,0.0
0.0,0.174,0.009,0.243,0.0
0.12,0.152,0.037,0.179,0.0
0.0,0.019,0.0,0.178,0.012518437
0.144,0.194,0.0,0.228,0.0
0.0,0.207,0.016,0.054,0.0
0.0,0.119,0.067,0.205,0.0
0.057,0.145,0.071,0.135,0.0
0.078,0.212,0.046,0.218,0.0
0.055,0.113,0.098,0.19,0.0
0.022,0.217,0.066,0.076,0.0
0.043,0.075,0.0,0.211,0.0
0.026,0.236,0.024,0.136,0.0
0.003,0.201,0.051,0.219,0.0
0.079,0.088,0.049,0.175,0.0
0.012,0.124,0.11,0.164,0.0
0.042,0.128,0.089,0.131,0.0
0.024,0.194,0.0,0.15,0.0
0.04,0.192,0.069,0.141,0.0
0.124,0.128,0.038,0.26,0.0
0.081,0.119,0.0,0.122,0.0
0.073,0.127,0.091,0.109,0.0
0.046,0.238,0.047,0.241,0.0
0.047,0.129,0.0,0.218,0.0
0.0,0.184,0.0,0.236,0.012518437
0.098,0.154,0.0,0.123,0.0
0.047,0.215,0.021,0.167,0.0
0.01,0.144,0.001,0.059,0.0
0.134,0.16,0.028,0.086,0.0
0.113,0.121,0.0,0.199,0.0
0.032,0.122,0.058,0.126,0.0
0.123,0.125,0.096,0.138,0.0
0.019,0.223,0.0,0.179,0.0
0.02,0.092,0.053,0.201,0.0
0.039,0.075,0.001,0.249,0.0
0.032,0.21,0.083,0.171,0.0
0.018,0.184,0.101,0.193,0.0
0.098,0.19,0.089,0.111,0.0
0.107,0.115,0.039,0.133,0.0
0.026,0.114,0.0,0.174,0.0
0.0,0.08,0.042,0.154,0.0
0.006,0.198,0.068,0.108,0.0
0.137,0.179,0.073,0.093,0.0
0.032,0.176,0.121,0.137,0.0
0.062,0.116,0.029,0.203,0.0
0.0,0.203,0.074,0.186,0.0
0.0,0.13,0.049,0.161,0.0
0.102,0.112,0.026,0.226,0.0
0.074,0.161,0.079,0.151,0.0
0.038,0.27,0.082,0.16,0.0
0.073,0.281,0.004,0.098,0.0
0.0,0.193,0.024,0.138,0.0
0.0,0.082,0.034,0.09,0.0
0.053,0.151,0.0,0.11,0.0
0.161,0.169,0.0,0.196,0.0
0.0,0.182,0.021,0.137,0.0
0.0,0.133,0.0,0.184,0.012518437
0.0,0.159,0.0,0.18,0.012518437
0.0,0.155,0.035,0.225,0.0
0.088,0.106,0.093,0.189,0.0
0.078,0.28,0.044,0.11,0.0
0.012,0.078,0.029,0.121,0.0
0.0,0.138,0.068,0.098,0.0
0.076,0.232,0.136,0.147,0.0
0.031,0.213,0.126,0.14,0.0
0.068,0.126,0.0,0.231,0.0
0.001,0.164,0.019,0.101,0.0
0.05,0.218,0.048,0.17,0.0
0.039,0.227,0.003,0.151,0.0
0.027,0.257,0.023,0.079,0.0
0.023,0.235,0.042,0.174,0.0
0.0,0.207,0.0,0.121,0.012518437
0.009,0.187,0.045,0.139,0.0
0.013,0.229,0.0,0.126,0.0
0.124,0.148,0.08,0.156,0.0
0.083,0.143,0.0,0.207,0.0
0.028,0.062,0.052,0.238,0.0
0.0,0.14,0.041,0.095,0.0
0.0,0.08,0.034,0.274,0.0
0.081,0.187,0.021,0.142,0.0
0.038,0.072,0.108,0.226,0.0
0.084,0.196,0.062,0.076,0.0
0.0,0.127,0.09,0.1,0.0
0.091,0.179,0.012,0.104,0.0
0.0,0.156,0.0,0.215,0.012518437
0.0,0.205,0.0,0.213,0.012518437
0.01,0.242,0.046,0.08,0.0
0.022,0.172,0.0,0.157,0.0
0.067,0.123,0.056,0.146,0.0
0.0,0.179,0.103,0.153,0.0
0.138,0.14,0.025,0.177,0.0
0.105,0.174,0.046,0.264,0.0
0.141,0.145,0.0,0.21,0.0
0.093,0.111,0.06,0.112,0.0
0.001,0.205,0.074,0.186,0.0
0.07,0.188,0.099,0.104,0.0
0.0,0.154,0.089,0.129,0.0
0.0,0.192,0.0,0.2,0.012518437
0.0,0.144,0.011,0.125,0.0
0.038,0.184,0.054,0.082,0.0
0.0,0.189,0.087,0.125,0.0
0.086,0.266,0.143,0.227,0.0
0.091,0.113,0.044,0.112,0.0
0.054,0.126,0.053,0.149,0.0
0.046,0.136,0.03,0.194,0.0
0.005,0.229,0.0,0.168,0.0
0.114,0.138,0.032,0.126,0.0
0.0,0.203,0.067,0.111,0.0
0.042,0.08,0.041,0.169,0.0
0.0,0.204,0.0,0.132,0.012518437
0.019,0.219,0.0,0.168,0.0
0.066,0.104,0.049,0.115,0.0
0.091,0.125,0.029,0.216,0.0
0.003,0.181,0.049,0.135,0.0
0.025,0.217,0.047,0.077,0.0
0.014,0.178,0.063,0.107,0.0
0.0,0.155,0.0,0.145,0.012518437
0.101,0.139,0.013,0.203,0.0
0.031,0.233,0.006,0.214,0.0
0.043,0.257,0.105,0.175,0.0
0.0,0.217,0.049,0.175,0.0
0.072,0.096,0.002,0.224,0.0
0.0,0.151,0.031,0.249,0.0
0.042,0.162,0.075,0.093,0.0
0.0,0.179,0.0,0.146,0.012518437
0.109,0.141,0.097,0.129,0.0
0.013,0.139,0.06,0.082,0.0
0.014,0.226,0.0,0.074,0.0
0.029,0.085,0.05,0.17,0.0
0.039,0.283,0.0,0.178,0.0
0.03,0.272,0.038,0.198,0.0
0.0,0.195,0.121,0.178,0.0
0.0,0.107,0.169,0.183,0.0
0.0,0.222,0.0,0.195,0.012518437
0.029,0.118,0.0,0.151,0.0
0.0,0.151,0.0,0.114,0.012518437
0.009,0.227,0.0,0.189,0.0
0.0,0.148,0.0,0.114,0.012518437
0.082,0.218,0.106,0.148,0.0
0.003,0.177,0.058,0.149,0.0
0.04,0.188,0.03,0.14,0.0
0.059,0.097,0.0,0.146,0.0
0.034,0.196,0.0,0.155,0.0
0.019,0.159,0.11,0.138,0.0
0.065,0.135,0.0,0.16,0.0
0.0,0.185,0.139,0.181,0.0
0.036,0.242,0.09,0.16,0.0
0.046,0.214,0.035,0.177,0.0
0.045,0.119,0.0,0.19,0.0
0.101,0.104,0.077,0.179,0.0
0.052,0.132,0.0,0.219,0.0
0.048,0.168,0.031,0.083,0.0
0.117,0.173,0.063,0.101,0.0
0.0,0.14,0.142,0.191,0.0
0.107,0.159,0.032,0.282,0.0
0.052,0.232,0.149,0.161,0.0
0.026,0.258,0.102,0.12,0.0
0.004,0.054,0.004,0.076,0.0
0.053,0.143,0.076,0.286,0.0
0.003,0.191,0.028,0.104,0.0
0.002,0.16,0.0,0.235,0.0
0.0,0.228,0.0,0.161,0.012518437
0.056,0.098,0.022,0.22,0.0
0.092,0.152,0.068,0.146,0.0
0.0,0.18,0.0,0.132,0.012518437
0.026,0.216,0.077,0.111,0.0
0.054,0.158,0.098,0.106,0.0
0.087,0.135,0.0,0.183,0.0
0.053,0.151,0.055,0.109,0.0
0.0,0.139,0.065,0.135,0.0
0.042,0.166,0.018,0.124,0.0
0.074,0.144,0.097,0.107,0.0
0.0,0.107,0.064,0.128,0.0
0.022,0.143,0.128,0.17,0.0
0.0,0.096,0.116,0.15,0.0
0.027,0.195,0.02,0.242,0.0
0.0,0.179,0.068,0.088,0.0
0.063,0.063,0.0,0.167,0.0
0.11,0.12,0.074,0.21,0.0
0.004,0.198,0.039,0.132,0.0
0.049,0.129,0.036,0.144,0.0
0.153,0.173,0.018,0.242,0.0
0.029,0.091,0.054,0.1,0.0
0.031,0.211,0.002,0.174,0.0
0.011,0.183,0.049,0.095,0.0
0.006,0.156,0.019,0.147,0.0
0.023,0.165,0.058,0.224,0.0
0.059,0.165,0.132,0.186,0.0
0.164,0.171,0.0,0.097,0.0
0.063,0.113,0.087,0.14,0.0
0.161,0.182,0.084,0.262,0.0
0.048,0.112,0.031,0.207,0.0
0.034,0.19,0.092,0.172,0.0
0.026,0.2,0.094,0.112,0.0
0.168,0.172,0.111,0.149,0.0
0.0,0.209,0.0,0.186,0.012518437
0.011,0.179,0.126,0.15,0.0
0.0,0.16,0.0,0.22,0.012518437
0.0,0.116,0.0,0.133,0.012518437
0.0,0.144,0.0,0.184,0.012518437
0.0,0.194,0.0,0.15,0.012518437
0.132,0.146,0.066,0.235,0.0
0.014,0.2,0.124,0.134,0.0
0.0,0.14,0.04,0.186,0.0
0.0,0.186,0.074,0.126,0.0
0.106,0.116,0.011,0.179,0.0
0.081,0.131,0.053,0.199,0.0
0.0,0.138,0.126,0.188,0.0
0.126,0.13,0.111,0.183,0.0
0.061,0.127,0.0,0.126,0.0
0.0,0.231,0.059,0.191,0.0
0.084,0.22,0.053,0.233,0.0
0.106,0.142,0.035,0.153,0.0
0.048,0.256,0.072,0.12,0.0
0.001,0.224,0.095,0.319,0.0
0.0,0.092,0.069,0.141,0.0
0.0,0.158,0.009,0.219,0.0
0.079,0.105,0.088,0.096,0.0
0.018,0.212,0.007,0.147,0.0
0.054,0.19,0.0,0.156,0.0
0.07,0.19,0.045,0.105,0.0
0.105,0.113,0.063,0.215,0.0
0.069,0.113,0.054,0.246,0.0
0.023,0.225,0.029,0.189,0.0
0.059,0.163,0.016,0.055,0.0
0.048,0.15,0.071,0.225,0.0
0.021,0.159,0.051,0.253,0.0
0.013,0.175,0.048,0.222,0.0
0.0,0.195,0.02,0.152,0.0
0.085,0.211,0.0,0.185,0.0
0.047,0.067,0.032,0.143,0.0
0.0,0.247,0.057,0.157,0.0
0.05,0.192,0.008,0.148,0.0
0.065,0.113,0.0,0.163,0.0
0.01,0.186,0.068,0.092,0.0
0.0,0.174,0.067,0.185,0.0
0.022,0.148,0.044,0.168,0.0
0.0,0.189,0.0,0.176,0.012518437
0.114,0.242,0.048,0.098,0.0
0.047,0.161,0.052,0.1,0.0
0.013,0.143,0.068,0.184,0.0
0.0,0.176,0.002,0.174,0.0
0.002,0.252,0.013,0.199,0.0
0.038,0.076,0.136,0.146,0.0
0.032,0.112,0.015,0.161,0.0
0.031,0.239,0.148,0.288,0.0
0.028,0.13,0.051,0.171,0.0
0.016,0.204,0.101,0.165,0.0
0.066,0.202,0.0,0.204,0.0
0.067,0.173,0.023,0.175,0.0
0.039,0.083,0.019,0.241,0.0
0.0,0.155,0.077,0.207,0.0
0.057,0.141,0.059,0.139,0.0
0.0,0.205,0.086,0.102,0.0
0.064,0.086,0.089,0.189,0.0
0.0,0.234,0.11,0.236,0.0
0.06,0.204,0.071,0.131,0.0
0.087,0.119,0.0,0.151,0.0
0.033,0.135,0.0,0.142,0.0
0.0,0.197,0.064,0.199,0.0
0.079,0.093,0.0,0.19,0.0
0.0,0.19,0.026,0.246,0.0
0.101,0.178,0.049,0.171,0.0
0.008,0.195,0.043,0.105,0.0
0.029,0.271,0.066,0.174,0.0
0.059,0.175,0.0,0.129,0.0
0.037,0.119,0.108,0.164,0.0
0.0,0.199,0.051,0.179,0.0
0.036,0.172,0.0,0.158,0.0
0.005,0.161,0.065,0.179,0.0
0.114,0.116,0.064,0.154,0.0
0.124,0.128,0.0,0.138,0.0
0.0,0.18,0.0,0.215,0.012518437
0.021,0.191,0.073,0.189,0.0
0.089,0.153,0.043,0.185,0.0
0.116,0.118,0.014,0.136,0.0
0.049,0.083,0.081,0.167,0.0
0.0,0.201,0.071,0.1,0.0
0.003,0.211,0.061,0.203,0.0
0.06,0.152,0.009,0.205,0.0
0.127,0.187,0.0,0.156,0.0
0.044,0.242,0.026,0.214,0.0
0.035,0.235,0.02,0.136,0.0
0.092,0.126,0.026,0.22,0.0
0.0,0.15,0.0,0.176,0.012518437
0.0,0.166,0.0,0.202,0.012518437
0.066,0.134,0.03,0.142,0.0
0.042,0.196,0.024,0.12,0.0
0.0,0.209,0.0,0.222,0.012518437
0.0,0.139,0.0,0.187,0.012518437
0.098,0.142,0.002,0.202,0.0
0.061,0.247,0.037,0.205,0.0
0.098,0.174,0.001,0.171,0.0
0.008,0.228,0.0,0.095,0.0
0.0,0.186,0.057,0.13,0.0
0.084,0.102,0.09,0.218,0.0
0.0,0.223,0.091,0.095,0.0
0.053,0.233,0.096,0.206,0.0
0.016,0.052,0.092,0.148,0.0
0.094,0.164,0.091,0.143,0.0
0.118,0.174,0.057,0.207,0.0
0.095,0.097,0.12,0.229,0.0
0.0,0.12,0.063,0.299,0.0
0.041,0.236,0.039,0.157,0.0
0.063,0.109,0.011,0.217,0.0
0.024,0.118,0.074,0.262,0.0
0.062,0.074,0.049,0.192,0.0
0.072,0.199,0.044,0.12,0.0
0.0,0.19,0.094,0.212,0.0
0.121,0.179,0.0,0.092,0.0
0.043,0.197,0.038,0.272,0.0
0.062,0.168,0.0,0.193,0.0
0.057,0.164,0.056,0.16,0.0
0.105,0.117,0.103,0.117,0.0
0.003,0.109,0.073,0.141,0.0
0.0,0.099,0.046,0.074,0.0
0.055,0.099,0.006,0.236,0.0
0.098,0.18,0.038,0.042,0.0
0.061,0.147,0.0,0.154,0.0
0.093,0.135,0.02,0.094,0.0
0.0,0.183,0.048,0.228,0.0
0.0,0.16,0.07,0.14,0.0
0.009,0.245,0.044,0.086,0.0
0.0,0.168,0.069,0.219,0.0
0.009,0.131,0.013,0.203,0.0
0.001,0.075,0.032,0.222,0.0
0.0,0.173,0.019,0.219,0.0
0.0,0.139,0.017,0.11,0.0
0.003,0.209,0.001,0.187,0.0
0.046,0.208,0.013,0.143,0.0
0.059,0.073,0.128,0.144,0.0
0.06,0.068,0.045,0.151,0.0
0.067,0.129,0.054,0.096,0.0
0.011,0.217,0.141,0.143,0.0
0.026,0.224,0.096,0.15,0.0
0.067,0.239,0.075,0.105,0.0
0.05,0.128,0.126,0.186,0.0
0.1,0.166,0.017,0.085,0.0
0.073,0.119,0.01,0.204,0.0
0.0,0.197,0.018,0.097,0.0
0.052,0.062,0.016,0.122,0.0
0.0,0.126,0.018,0.2,0.0
0.09,0.248,0.079,0.131,0.0
0.099,0.113,0.064,0.128,0.0
0.03,0.234,0.105,0.195,0.0
0.0,0.212,0.055,0.081,0.0
0.119,0.121,0.0,0.134,0.0
0.001,0.101,0.036,0.142,0.0
0.102,0.154,0.0,0.228,0.0
0.009,0.153,0.0,0.204,0.0
0.0,0.158,0.0,0.151,0.012518437
0.092,0.162,0.048,0.19,0.0
0.0,0.144,0.086,0.13,0.0
0.086,0.158,0.022,0.178,0.0
0.054,0.094,0.066,0.212,0.0
0.0,0.184,0.0,0.144,0.012518437
0.044,0.237,0.008,0.112,0.0
0.099,0.103,0.066,0.162,0.0
0.06,0.064,0.017,0.177,0.0
0.034,0.234,0.0,0.213,0.0
0.059,0.087,0.046,0.286,0.0
0.0,0.136,0.017,0.107,0.0
0.0,0.103,0.024,0.068,0.0
0.101,0.125,0.062,0.1,0.0
0.067,0.173,0.017,0.151,0.0
0.0,0.149,0.006,0.14,0.0
0.01,0.167,0.0,0.201,0.0
0.0,0.171,0.011,0.199,0.0
0.0,0.066,0.023,0.177,0.0
0.039,0.163,0.003,0.098,0.0
0.064,0.094,0.109,0.161,0.0
0.06,0.064,0.021,0.169,0.0
0.051,0.141,0.111,0.143,0.0
0.11,0.122,-0.0,0.194,0.0
0.116,0.194,0.023,0.269,0.0
0.028,0.132,0.0,0.232,0.0
0.0,0.149,0.066,0.088,0.0
0.137,0.143,0.092,0.168,0.0
0.129,0.157,0.058,0.162,0.0
0.0,0.196,0.043,0.253,0.0
0.0,0.182,0.124,0.138,0.0
0.0,0.13,0.076,0.13,0.0
0.01,0.092,0.072,0.098,0.0
0.031,0.163,0.0,0.208,0.0
0.0,0.207,0.056,0.058,0.0
0.0,0.208,0.0,0.172,0.012518437
0.033,0.087,0.002,0.126,0.0
0.063,0.113,0.117,0.123,0.0
0.0,0.166,0.0,0.127,0.012518437
0.001,0.147,0.06,0.066,0.0
0.046,0.254,0.036,0.19,0.0
0.0,0.152,0.005,0.129,0.0
0.026,0.13,0.003,0.239,0.0
0.069,0.169,0.0,0.224,0.0
0.072,0.136,0.114,0.122,0.0
0.035,0.215,0.046,0.142,0.0
0.123,0.139,0.077,0.123,0.0
0.056,0.132,0.0,0.175,0.0
0.076,0.206,0.062,0.11,0.0
0.096,0.156,0.0,0.174,0.0
0.0,0.163,0.03,0.17,0.0
0.115,0.16,0.04,0.084,0.0
0.095,0.172,0.058,0.084,0.0
0.0,0.158,0.0,0.188,0.012518437
0.099,0.209,0.111,0.123,0.0
0.0,0.199,0.118,0.122,0.0
0.042,0.114,0.014,0.2,0.0
0.048,0.2,0.008,0.192,0.0
0.078,0.136,0.058,0.155,0.0
0.005,0.129,0.099,0.153,0.0
0.045,0.169,0.108,0.118,0.0
0.003,0.189,0.063,0.181,0.0
0.052,0.07,0.0,0.184,0.0
0.0,0.208,0.0,0.187,0.012518437
0.012,0.124,0.094,0.228,0.0
0.0,0.071,0.128,0.164,0.0
0.0,0.147,0.0,0.217,0.012518437
0.016,0.176,0.064,0.148,0.0
0.109,0.183,0.054,0.066,0.0
0.115,0.159,0.0,0.089,0.0
0.033,0.257,0.0,0.152,0.0
0.052,0.102,0.0,0.145,0.0
0.0,0.208,0.053,0.203,0.0
0.048,0.132,0.0,0.164,0.0
0.085,0.157,0.005,0.229,0.0
0.009,0.225,0.036,0.266,0.0
0.079,0.119,0.022,0.108,0.0
0.059,0.105,0.021,0.217,0.0
0.0,0.215,0.0,0.121,0.012518437
0.118,0.183,0.021,0.189,0.0
0.054,0.114,0.0,0.208,0.0
0.069,0.121,0.0,0.211,0.0
0.0,0.151,0.102,0.102,0.0
0.103,0.129,0.079,0.143,0.0
0.0,0.221,0.0,0.126,0.012518437
0.0,0.168,0.085,0.171,0.0
0.029,0.211,0.008,0.202,0.0
0.0,0.161,0.072,0.144,0.0
0.015,0.231,0.0,0.155,0.0
0.0,0.183,0.085,0.129,0.0
0.124,0.126,0.037,0.141,0.0
0.012,0.068,0.031,0.105,0.0
0.149,0.183,0.026,0.222,0.0
0.016,0.2,0.0,0.183,0.0
0.118,0.13,0.008,0.25,0.0
0.097,0.195,0.0,0.167,0.0
0.047,0.087,0.0,0.232,0.0
0.068,0.108,0.049,0.179,0.0
0.0,0.175,0.117,0.133,0.0
0.0,0.211,0.119,0.131,0.0
0.053,0.187,0.072,0.074,0.0
0.035,0.165,0.03,0.184,0.0
0.111,0.117,0.087,0.173,0.0
0.0,0.173,0.007,0.195,0.0
0.056,0.062,0.0,0.216,0.0
0.058,0.112,0.0,0.211,0.0
0.129,0.133,0.0,0.14,0.0
0.019,0.105,-0.0,0.146,0.0
0.046,0.278,0.044,0.166,0.0
0.044,0.17,0.0,0.159,0.0
0.011,0.107,0.129,0.209,0.0
0.0,0.234,0.009,0.249,0.0
0.086,0.124,0.066,0.08,0.0
0.0,0.052,0.021,0.155,0.0
0.003,0.197,0.047,0.127,0.0
0.0,0.234,0.047,0.185,0.0
0.057,0.185,0.142,0.206,0.0
0.054,0.102,0.016,0.21,0.0
0.143,0.183,0.027,0.273,0.0
0.106,0.168,0.11,0.154,0.0
0.0,0.17,0.097,0.121,0.0
0.075,0.205,0.0,0.231,0.0
0.0,0.176,0.022,0.118,0.0
0.003,0.163,0.078,0.212,0.0
0.036,0.048,0.103,0.209,0.0
0.023,0.105,0.04,0.076,0.0
0.093,0.125,0.051,0.157,0.0
0.036,0.156,0.021,0.219,0.0
0.033,0.239,0.012,0.158,0.0
0.083,0.197,0.026,0.134,0.0
0.053,0.139,0.122,0.19,0.0
0.054,0.284,0.055,0.221,0.0
0.0,0.187,0.0,0.192,0.012518437
0.055,0.175,0.0,0.186,0.0
0.054,0.068,0.053,0.117,0.0
0.0,0.213,0.0,0.172,0.012518437
0.0,0.232,0.007,0.221,0.0
0.107,0.155,0.071,0.103,0.0
0.08,0.208,0.0,0.212,0.0
0.059,0.234,0.007,0.159,0.0
0.066,0.108,0.032,0.04,0.0
0.072,0.234,0.049,0.169,0.0
0.117,0.123,0.068,0.192,0.0
0.0,0.188,0.061,0.121,0.0
0.068,0.182,0.09,0.154,0.0
0.046,0.114,0.062,0.133,0.0
0.004,0.216,0.04,0.16,0.0
0.049,0.257,0.0,0.191,0.0
0.021,0.216,0.049,0.231,0.0
0.079,0.179,0.077,0.179,0.0
0.001,0.201,0.025,0.157,0.0
0.0,0.138,0.0,0.174,0.012518437
0.0,0.176,0.032,0.196,0.0
0.0,0.216,0.087,0.113,0.0
0.0,0.198,0.0,0.235,0.012518437
0.054,0.07,0.078,0.116,0.0
0.136,0.16,0.0,0.205,0.0
0.053,0.237,0.05,0.116,0.0
0.053,0.101,0.056,0.066,0.0
0.034,0.168,0.067,0.297,0.0
0.066,0.128,0.05,0.176,0.0
0.107,0.133,0.0,0.205,0.0
0.009,0.235,0.008,0.248,0.0
0.019,0.195,0.055,0.155,0.0
0.039,0.203,0.108,0.26,0.0
0.083,0.095,0.128,0.148,0.0
0.0,0.186,0.0,0.189,0.012518437
0.0,0.121,0.033,0.099,0.0
0.029,0.121,0.033,0.119,0.0
0.096,0.194,0.052,0.064,0.0
0.052,0.122,0.0,0.168,0.0
0.073,0.159,0.012,0.1,0.0
0.032,0.114,0.088,0.14,0.0
0.017,0.133,0.004,0.142,0.0
0.035,0.195,0.0,0.139,0.0
0.015,0.242,0.071,0.072,0.0
0.075,0.141,0.021,0.213,0.0
0.054,0.17,0.002,0.248,0.0
0.07,0.098,0.073,0.145,0.0
0.024,0.272,0.029,0.185,0.0
0.028,0.252,0.049,0.115,0.0
0.055,0.175,0.089,0.131,0.0
0.0,0.197,0.04,0.177,0.0
0.0,0.148,0.035,0.095,0.0
0.077,0.191,0.0,0.144,0.0
0.11,0.126,0.103,0.117,0.0
0.035,0.065,0.0,0.186,0.0
0.025,0.071,0.031,0.113,0.0
0.0,0.169,0.099,0.167,0.0
0.0,0.17,0.058,0.088,0.0
0.124,0.124,0.032,0.272,0.0
0.0,0.161,0.0,0.175,0.012518437
0.019,0.169,0.0,0.188,0.0
0.065,0.111,0.118,0.13,0.0
0.021,0.229,0.02,0.092,0.0
0.12,0.152,0.083,0.133,0.0
0.07,0.14,0.104,0.134,0.0
0.081,0.215,0.096,0.172,0.0
0.089,0.127,0.062,0.254,0.0
0.0,0.18,0.096,0.112,0.0
0.001,0.225,0.091,0.123,0.0
0.03,0.166,0.042,0.09,0.0
0.031,0.257,0.021,0.111,0.0
0.01,0.22,0.074,0.186,0.0
0.023,0.121,0.0,0.154,0.0
0.008,0.212,0.144,0.186,0.0
0.0,0.188,0.017,0.029,0.0
0.0,0.028,0.036,0.172,0.0
0.0,0.115,0.12,0.196,0.0
0.035,0.133,0.0,0.126,0.0
0.03,0.276,0.083,0.135,0.0
0.061,0.237,0.055,0.283,0.0
0.036,0.066,0.097,0.275,0.0
0.026,0.254,0.084,0.104,0.0
0.03,0.196,0.105,0.185,0.0
0.0,0.175,0.051,0.184,0.0
0.099,0.161,0.036,0.132,0.0
0.042,0.064,0.126,0.156,0.0
0.039,0.169,0.022,0.228,0.0
0.032,0.16,0.041,0.241,0.0
0.032,0.144,0.143,0.193,0.0
0.025,0.247,0.062,0.184,0.0
0.078,0.132,0.051,0.149,0.0
0.063,0.177,0.087,0.115,0.0
0.0,0.15,0.103,0.119,0.0
0.07,0.186,0.0,0.201,0.0
0.018,0.188,0.076,0.3,0.0
0.002,0.244,0.057,0.157,0.0
0.058,0.09,0.07,0.131,0.0
0.03,0.152,0.077,0.117,0.0
0.0,0.127,0.0,0.129,0.012518437
0.073,0.247,0.125,0.229,0.0
0.099,0.121,0.04,0.166,0.0
0.127,0.177,0.088,0.114,0.0
0.008,0.194,0.0,0.057,0.0
0.062,0.156,0.033,0.059,0.0
0.0,0.209,0.0,0.178,0.012518437
0.0,0.211,0.023,0.055,0.0
0.082,0.1,0.047,0.127,0.0
0.04,0.156,0.055,0.273,0.0
0.098,0.098,0.067,0.249,0.0
0.0,0.126,0.023,0.137,0.0
0.0,0.164,0.067,0.169,0.0
0.0,0.213,0.022,0.198,0.0
0.0,0.185,0.091,0.093,0.0
0.003,0.165,0.021,0.141,0.0
0.064,0.072,0.063,0.177,0.0
0.0,0.176,0.024,0.258,0.0
0.002,0.248,0.097,0.113,0.0
0.103,0.145,0.0,0.198,0.0
0.0,0.117,0.018,0.248,0.0
0.037,0.155,0.0,0.168,0.0
0.028,0.098,0.105,0.137,0.0
0.088,0.16,0.024,0.048,0.0
0.133,0.154,0.001,0.234,0.0
0.061,0.187,0.078,0.196,0.0
0.039,0.203,0.059,0.216,0.0
0.01,0.212,0.068,0.104,0.0
0.077,0.173,0.12,0.186,0.0
0.0,0.165,0.0,0.157,0.012518437
0.031,0.069,0.0,0.212,0.0
0.033,0.22,0.0,0.148,0.0
0.027,0.167,0.045,0.111,0.0
0.0,0.211,0.091,0.194,0.0
0.08,0.144,0.047,0.157,0.0
0.054,0.192,0.056,0.148,0.0
0.018,0.152,0.06,0.217,0.0
0.0,0.087,0.047,0.113,0.0
0.008,0.202,0.036,0.214,0.0
0.001,0.239,0.12,0.16,0.0
0.022,0.2,0.019,0.127,0.0
0.0,0.158,0.062,0.198,0.0
0.105,0.161,0.046,0.19,0.0
0.037,0.249,0.047,0.223,0.0
0.087,0.091,0.051,0.159,0.0
0.087,0.259,0.058,0.112,0.0
0.039,0.177,0.017,0.117,0.0
0.063,0.181,0.005,0.169,0.0
0.0,0.181,0.007,0.161,0.0
0.032,0.1,0.101,0.217,0.0
0.0,0.211,0.072,0.076,0.0
0.039,0.117,0.0,0.185,0.0
0.027,0.187,0.071,0.087,0.0
0.0,0.227,0.037,0.089,0.0
0.061,0.171,0.002,0.086,0.0
0.068,0.108,0.061,0.143,0.0
0.008,0.106,0.057,0.169,0.0
0.068,0.152,0.057,0.173,0.0
0.054,0.153,0.006,0.102,0.0
0.015,0.085,0.052,0.162,0.0
0.084,0.196,0.0,0.117,0.0
0.025,0.143,0.039,0.175,0.0
0.0,0.145,0.107,0.167,0.0
0.02,0.26,0.03,0.188,0.0
0.0,0.152,0.099,0.105,0.0
0.024,0.146,0.046,0.068,0.0
0.0,0.19,0.0,0.121,0.012518437
0.0,0.131,0.0,0.187,0.012518437
0.04,0.158,0.071,0.145,0.0
0.092,0.118,0.044,0.168,0.0
0.033,0.037,0.0,0.17,0.0
0.076,0.174,0.05,0.142,0.0
0.0,0.219,0.0,0.166,0.012518437
0.032,0.166,0.06,0.112,0.0
0.016,0.222,0.078,0.184,0.0
0.014,0.248,0.06,0.073,0.0
0.006,0.156,0.046,0.08,0.0
0.137,0.155,0.0,0.142,0.0
0.0,0.114,0.0,0.215,0.012518437
0.048,0.05,0.11,0.183,0.0
0.103,0.133,0.071,0.083,0.0
0.055,0.117,0.029,0.159,0.0
0.0,0.174,0.026,0.106,0.0
0.0,0.163,0.0,0.143,0.012518437
0.021,0.187,0.091,0.105,0.0
0.007,0.141,0.0,0.16,0.0
0.0,0.167,0.055,0.073,0.0
0.029,0.265,0.106,0.132,0.0
0.036,0.056,0.083,0.125,0.0
0.077,0.133,0.0,0.155,0.0
0.035,0.219,0.222,0.228,0.0
0.0,0.163,0.0,0.146,0.012518437
0.014,0.168,0.117,0.135,0.0
0.0,0.159,0.04,0.148,0.0
0.043,0.241,0.107,0.147,0.0
0.0,0.119,0.0,0.192,0.012518437
0.0,0.2,0.048,0.184,0.0
0.122,0.128,0.006,0.238,0.0
0.121,0.221,0.082,0.12,0.0
0.066,0.162,0.114,0.254,0.0
0.012,0.232,0.016,0.122,0.0
0.096,0.126,0.151,0.153,0.0
0.059,0.149,0.0,0.149,0.0
0.062,0.122,0.124,0.15,0.0
0.015,0.197,0.086,0.12,0.0
0.047,0.222,0.082,0.122,0.0
0.074,0.158,0.092,0.11,0.0
