0.525,0.739,0.415,0.481,0.001911569
0.549,0.587,0.039,0.415,0.0
0.216,0.498,0.486,0.488,0.002879159
0.555,0.769,0.391,0.601,0.003248751
0.415,0.544,0.336,0.78,0.017414694
0.547,0.731,0.511,0.584,0.001355975
0.384,0.621,0.454,0.516,0.011469894
0.496,0.636,0.449,0.463,0.000635583
0.3,0.6,0.469,0.705,0.048458048
0.315,0.681,0.335,0.601,0.064856965
0.528,0.608,0.368,0.77,0.003933003
0.307,0.781,0.175,0.523,0.053189506
0.511,0.521,0.436,0.592,0.000573904
0.042,0.396,0.268,0.688,0.957669862
0.455,0.563,0.268,0.688,0.010125965
0.297,0.778,0.47,0.588,0.042920426
0.533,0.603,0.38,0.646,0.003322959
0.329,0.485,0.439,0.537,0.03047716
0.522,0.615,0.43,0.654,0.003898309
0.434,0.628,0.223,0.7,0.016068356
0.119,0.407,0.449,0.457,0.053933509
0.462,0.468,0.304,0.496,0.000424525
0.398,0.528,0.245,0.401,0.0
0.441,0.471,0.449,0.801,0.003654965
0.482,0.68,0.328,0.768,0.009335702
0.543,0.737,0.231,0.531,0.002638707
0.338,0.786,0.533,0.547,0.002989025
0.434,0.759,0.391,0.833,0.017331331
0.517,0.555,0.33,0.426,0.000307913
0.352,0.562,0.431,0.637,0.037565913
0.337,0.607,0.431,0.723,0.046940647
0.244,0.556,0.374,0.66,0.147317516
0.676,0.707,0.449,0.457,1.3974e-05
0.235,0.651,0.313,0.605,0.159588273
0.22,0.63,0.236,0.692,0.203398226
0.351,0.787,0.482,0.518,0.009898042
0.344,0.676,0.488,0.728,0.026479586
0.454,0.596,0.151,0.647,0.01132196
0.241,0.739,0.369,0.703,0.157408304
0.262,0.588,0.376,0.7,0.124902964
0.372,0.664,0.457,0.507,0.011109939
0.444,0.488,0.45,0.462,0.000540655
0.312,0.54,0.508,0.518,0.003510405
0.508,0.633,0.498,0.686,0.00325357
0.184,0.662,0.538,0.613,0.041699855
0.407,0.575,0.483,0.514,0.003595696
0.425,0.573,0.404,0.732,0.016485171
0.304,0.778,0.544,0.546,0.000493914
0.344,0.53,0.422,0.644,0.039274134
0.275,0.723,0.52,0.624,0.028125164
0.372,0.686,0.315,0.753,0.039537234
0.262,0.494,0.406,0.678,0.118169347
0.249,0.717,0.471,0.629,0.075066293
0.268,0.506,0.497,0.551,0.026548493
0.472,0.616,0.191,0.604,0.008751679
0.195,0.407,0.535,0.624,0.038235228
0.266,0.706,0.488,0.572,0.041628539
0.247,0.619,0.275,0.695,0.14584011
0.381,0.539,0.435,0.547,0.019311806
0.341,0.767,0.337,0.565,0.045218934
0.303,0.741,0.445,0.515,0.035685184
0.311,0.631,0.572,0.66,0.008872627
0.475,0.535,0.31,0.73,0.005684592
0.679,0.703,0.228,0.688,0.000156125
0.342,0.571,0.336,0.724,0.050821126
0.376,0.78,0.324,0.67,0.037452675
0.437,0.603,0.405,0.697,0.014892599
0.571,0.69,0.313,0.621,0.002224783
0.223,0.611,0.482,0.672,0.092028995
0.38,0.684,0.647,0.761,0.001127088
0.191,0.627,0.51,0.672,0.083022408
0.423,0.657,0.371,0.813,0.019067981
0.551,0.657,0.477,0.695,0.002142865
0.462,0.684,0.33,0.828,0.011981637
0.338,0.674,0.346,0.41,0.0
0.409,0.471,0.266,0.564,0.009803596
0.42,0.526,0.332,0.828,0.014957169
0.233,0.607,0.316,0.74,0.171610869
0.323,0.619,0.426,0.508,0.02995337
0.41,0.775,0.487,0.507,0.002587629
0.177,0.617,0.273,0.623,0.403863807
0.443,0.555,0.16,0.552,0.008630248
0.519,0.521,0.381,0.491,5.2042e-05
0.472,0.778,0.461,0.573,0.005912515
0.439,0.814,0.33,0.747,0.016317963
0.483,0.732,0.439,0.451,0.000729547
0.507,0.705,0.484,0.623,0.003827474
0.304,0.766,0.371,0.679,0.079234929
0.322,0.744,0.357,0.802,0.065627471
0.415,0.525,0.038,0.492,0.007287765
0.27,0.698,0.396,0.654,0.115921434
0.491,0.863,0.451,0.648,0.006711451
0.339,0.709,0.549,0.567,0.003215502
0.448,0.488,0.426,0.674,0.00464183
0.433,0.481,0.526,0.542,0.000484759
0.406,0.503,0.428,0.592,0.012927061
0.609,0.619,0.411,0.841,0.000215395
0.553,0.678,0.294,0.776,0.003321995
0.419,0.819,0.314,0.638,0.019734404
0.285,0.485,0.643,0.657,0.000696299
0.294,0.656,0.369,0.687,0.088442937
0.45,0.491,0.548,0.638,0.001198405
0.384,0.53,0.151,0.571,0.023923761
0.556,0.626,0.16,0.47,0.000742558
0.33,0.782,0.535,0.673,0.01563082
0.374,0.658,0.396,0.73,0.038270404
0.49,0.534,0.41,0.523,0.002262368
0.281,0.781,0.337,0.399,0.0
0.383,0.477,0.401,0.675,0.023711739
0.438,0.476,0.222,0.66,0.005739525
0.302,0.56,0.181,0.567,0.067116442
0.255,0.707,0.409,0.841,0.136261546
0.355,0.587,0.201,0.667,0.044753932
0.297,0.545,0.342,0.816,0.082446095
0.348,0.588,0.565,0.671,0.00726849
0.377,0.447,0.312,0.675,0.022569231
0.276,0.424,0.463,0.781,0.05427178
0.385,0.689,0.242,0.722,0.032897099
0.264,0.578,0.434,0.602,0.095499887
0.263,0.705,0.197,0.563,0.108643307
0.305,0.777,0.326,0.674,0.078201805
0.376,0.655,0.675,0.739,0.000454401
0.239,0.707,0.469,0.591,0.078742942
0.512,0.636,0.33,0.775,0.005700011
0.421,0.537,0.329,0.608,0.013885014
0.429,0.889,0.359,0.625,0.0171169
0.355,0.511,0.289,0.66,0.040114993
0.459,0.463,0.359,0.485,0.000277074
0.399,0.635,0.297,0.693,0.02592062
0.423,0.561,0.397,0.679,0.016098713
0.448,0.628,0.24,0.698,0.013379053
0.439,0.511,0.532,0.657,0.002931682
0.461,0.689,0.332,0.573,0.00975059
0.59,0.644,0.485,0.529,0.000262136
0.286,0.49,0.286,0.56,0.076687777
0.567,0.573,0.374,0.79,0.00030454
0.224,0.544,0.481,0.563,0.068573609
0.415,0.505,0.242,0.682,0.014247378
0.346,0.588,0.37,0.542,0.037538929
0.507,0.803,0.217,0.52,0.004012511
0.56,0.602,0.599,0.665,0.000167208
0.404,0.684,0.363,0.585,0.02122723
0.307,0.674,0.175,0.649,0.074933297
0.49,0.663,0.329,0.535,0.005329455
0.243,0.705,0.344,0.834,0.154528664
0.36,0.811,0.421,0.665,0.038429902
0.401,0.679,0.189,0.683,0.025552473
0.471,0.649,0.278,0.716,0.010306665
0.375,0.621,0.328,0.632,0.035711687
0.51,0.594,0.442,0.842,0.004209113
0.397,0.855,0.443,0.703,0.0232371
0.287,0.623,0.278,0.616,0.091780351
0.275,0.713,0.395,0.519,0.079356842
0.2,0.67,0.369,0.659,0.296261816
0.335,0.755,0.212,0.669,0.05652162
0.526,0.66,0.447,0.809,0.004040941
0.484,0.641,0.496,0.51,0.000681361
0.431,0.799,0.407,0.718,0.017860421
0.455,0.675,0.305,0.673,0.012723713
0.403,0.573,0.527,0.663,0.007804327
0.24,0.485,0.356,0.839,0.150632764
0.366,0.56,0.437,0.765,0.033864207
0.012,0.456,0.388,0.516,0.829070492
0.541,0.581,0.273,0.771,0.002206472
0.488,0.64,0.369,0.571,0.006531233
0.362,0.73,0.248,0.728,0.044191111
0.133,0.601,0.347,0.477,0.287742879
0.515,0.839,0.294,0.588,0.005492808
0.34,0.766,0.549,0.597,0.007239096
0.308,0.482,0.274,0.744,0.066619636
0.475,0.524,0.488,0.544,0.00139067
0.399,0.851,0.6,0.634,0.001525111
0.549,0.763,0.468,0.476,0.000128659
0.44,0.488,0.31,0.68,0.006858421
0.445,0.749,0.554,0.655,0.003440053
0.264,0.632,0.332,0.458,0.044959208
0.287,0.587,0.271,0.559,0.08053308
0.325,0.687,0.355,0.769,0.063189221
0.474,0.696,0.279,0.651,0.010028146
0.316,0.594,0.497,0.719,0.030639067
0.391,0.543,0.503,0.733,0.012065
0.28,0.584,0.393,0.524,0.07543974
0.394,0.812,0.438,0.562,0.019225552
0.414,0.526,0.382,0.409,0.0
0.532,0.832,0.505,0.517,0.000342126
0.244,0.576,0.444,0.638,0.112360433
0.404,0.47,0.468,0.552,0.005631104
0.461,0.771,0.559,0.569,0.00043079
0.39,0.458,0.613,0.736,0.001139135
0.495,0.673,0.324,0.714,0.007742648
0.508,0.556,0.572,0.588,0.000181664
0.321,0.557,0.336,0.492,0.032489921
0.407,0.715,0.433,0.527,0.012227871
0.29,0.714,0.37,0.447,0.022913766
0.453,0.698,0.234,0.686,0.013261477
0.459,0.505,0.502,0.61,0.002169368
0.125,0.529,0.23,0.644,0.509483395
0.533,0.743,0.29,0.637,0.004755551
0.388,0.642,0.363,0.839,0.031152256
0.235,0.615,0.492,0.676,0.071127989
0.427,0.485,0.465,0.49,0.001169974
0.478,0.706,0.176,0.662,0.009703849
0.446,0.904,0.291,0.449,0.003046367
0.53,0.55,0.361,0.741,0.001284659
0.391,0.414,0.36,0.604,0.007997556
0.253,0.361,0.462,0.692,0.05449874
0.443,0.636,0.372,0.848,0.014572157
0.278,0.762,0.435,0.635,0.088777353
0.625,0.73,0.228,0.372,0.0
0.364,0.806,0.216,0.506,0.025549582
0.445,0.572,0.409,0.725,0.012296297
0.275,0.567,0.406,0.572,0.096755634
0.349,0.723,0.079,0.507,0.029893136
0.237,0.473,0.468,0.586,0.074268802
0.331,0.755,0.281,0.713,0.059461976
0.296,0.786,0.362,0.707,0.087326449
0.329,0.703,0.529,0.703,0.017493238
0.353,0.695,0.65,0.656,0.000197084
0.452,0.567,0.362,0.418,0.0
0.286,0.508,0.14,0.621,0.087961551
0.348,0.789,0.396,0.432,0.00710851
0.277,0.68,0.19,0.642,0.106769324
0.329,0.611,0.488,0.572,0.021485993
0.271,0.697,0.366,0.764,0.116980579
0.292,0.744,0.497,0.499,0.001396934
0.401,0.637,0.441,0.714,0.021532734
0.521,0.715,0.604,0.662,0.000465966
0.415,0.788,0.668,0.694,0.00027081
0.514,0.596,0.324,0.64,0.004439928
0.35,0.614,0.463,0.557,0.021978461
0.336,0.688,0.4,0.68,0.055807492
0.384,0.734,0.245,0.716,0.033653631
0.293,0.793,0.453,0.759,0.064092241
0.442,0.806,0.44,0.66,0.013117881
0.35,0.753,0.414,0.438,0.007321496
0.365,0.589,0.161,0.555,0.032893244
0.293,0.557,0.62,0.742,0.003884334
0.299,0.571,0.533,0.588,0.013436395
0.264,0.468,0.262,0.726,0.113390666
0.356,0.724,0.585,0.719,0.005275968
0.442,0.64,0.53,0.633,0.004521363
0.391,0.447,0.317,0.531,0.010830455
0.402,0.412,0.381,0.425,0.000446691
0.157,0.433,0.331,0.655,0.421227423
0.232,0.306,0.342,0.55,0.08420973
0.352,0.777,0.297,0.792,0.049097004
0.434,0.498,0.204,0.571,0.007476657
0.381,0.527,0.326,0.734,0.029897955
0.394,0.71,0.292,0.47,0.009870093
0.437,0.485,0.121,0.595,0.006306201
0.114,0.536,0.258,0.613,0.60615422
0.378,0.797,0.496,0.648,0.017078832
0.423,0.558,0.497,0.679,0.008209096
0.337,0.537,0.322,0.818,0.05152899
0.377,0.471,0.396,0.76,0.026392368
0.404,0.72,0.494,0.503,0.001284177
0.362,0.586,0.467,0.609,0.023293478
0.308,0.6,0.296,0.594,0.068244976
0.45,0.5,0.419,0.436,0.0
0.228,0.678,0.426,0.826,0.155258211
0.606,0.706,0.438,0.77,0.001124197
0.402,0.691,0.578,0.676,0.003976853
0.296,0.665,0.35,0.829,0.087178516
0.287,0.409,0.255,0.383,0.0
0.31,0.752,0.244,0.694,0.074294823
0.673,0.721,0.391,0.593,0.000261172
0.513,0.563,0.365,0.613,0.003037693
0.574,0.67,0.56,0.75,0.000585951
0.224,0.576,0.325,0.617,0.18514942
0.66,0.708,0.286,0.681,0.000362846
0.487,0.575,0.606,0.709,0.000590288
0.361,0.665,0.339,0.361,0.0
0.267,0.373,0.32,0.648,0.080846294
0.259,0.697,0.477,0.644,0.064069593
0.238,0.574,0.446,0.698,0.120553627
0.347,0.779,0.375,0.785,0.051371901
0.249,0.651,0.449,0.585,0.091493158
0.475,0.605,0.377,0.641,0.008705901
0.368,0.554,0.29,0.383,0.0
0.387,0.768,0.244,0.682,0.032079851
0.551,0.575,0.328,0.766,0.001322245
0.499,0.527,0.343,0.427,0.000267436
0.431,0.525,0.289,0.737,0.012230281
0.185,0.653,0.478,0.564,0.128413851
0.469,0.591,0.276,0.672,0.009212826
0.296,0.724,0.372,0.55,0.070264001
0.417,0.741,0.285,0.647,0.020300117
0.341,0.807,0.418,0.908,0.054456335
0.203,0.683,0.146,0.628,0.271717892
0.228,0.585,0.32,0.68,0.181278578
0.202,0.642,0.278,0.662,0.281561482
0.448,0.582,0.272,0.594,0.010739382
0.24,0.62,0.55,0.568,0.007832275
0.468,0.922,0.352,0.704,0.011573495
0.246,0.688,0.52,0.613,0.035259695
0.343,0.537,0.289,0.787,0.048469613
0.468,0.726,0.339,0.355,0.0
0.55,0.716,0.268,0.636,0.003540281
0.367,0.853,0.312,0.748,0.04237447
0.353,0.728,0.463,0.549,0.020552615
0.425,0.475,0.422,0.81,0.0075446
0.187,0.647,0.391,0.717,0.388607398
0.235,0.724,0.465,0.851,0.099405905
0.472,0.702,0.202,0.61,0.009707222
0.276,0.544,0.436,0.494,0.044867171
0.376,0.444,0.509,0.725,0.008393169
0.374,0.672,0.503,0.747,0.016888013
0.319,0.417,0.379,0.586,0.042297371
0.364,0.658,0.373,0.655,0.04185068
0.507,0.529,0.449,0.743,0.001450421
0.388,0.522,0.537,0.557,0.002083595
0.524,0.526,0.304,0.694,0.000153234
0.58,0.68,0.436,0.478,0.00037923
0.453,0.675,0.356,0.705,0.013187752
0.264,0.728,0.294,0.722,0.124707808
0.222,0.716,0.543,0.639,0.031970467
0.344,0.646,0.541,0.909,0.013108243
0.571,0.607,0.464,0.692,0.000966144
0.484,0.69,0.358,0.51,0.004751696
0.384,0.643,0.224,0.652,0.032107318
0.306,0.59,0.416,0.7,0.07575199
0.372,0.808,0.289,0.729,0.039975251
0.447,0.631,0.35,0.748,0.01370865
0.292,0.716,0.476,0.638,0.047990154
0.319,0.803,0.223,0.691,0.067264857
0.402,0.86,0.54,0.548,0.000837968
0.513,0.626,0.109,0.555,0.004004319
0.361,0.855,0.351,0.601,0.041225216
0.392,0.48,0.358,0.624,0.018953297
0.425,0.717,0.598,0.91,0.002357296
0.383,0.587,0.518,0.638,0.010721071
0.291,0.393,0.608,0.678,0.002568354
0.457,0.699,0.201,0.679,0.012610474
0.173,0.587,0.401,0.533,0.35783389
0.579,0.581,0.433,0.796,7.6617e-05
0.052,0.542,0.242,0.74,0.982332808
0.385,0.671,0.308,0.675,0.032402221
0.349,0.535,0.381,0.657,0.044444091
0.44,0.756,0.191,0.551,0.011587469
0.616,0.638,0.388,0.588,0.000293939
0.433,0.445,0.462,0.65,0.001581007
0.467,0.603,0.385,0.439,0.001334773
0.36,0.664,0.238,0.662,0.043908254
0.431,0.508,0.281,0.757,0.010869969
0.37,0.712,0.517,0.606,0.011688662
0.343,0.349,0.233,0.337,0.0
0.297,0.497,0.334,0.674,0.077771497
0.549,0.627,0.327,0.479,0.001028305
0.322,0.636,0.206,0.446,0.014043066
0.392,0.614,0.436,0.68,0.024876895
0.387,0.73,0.238,0.728,0.03223694
0.332,0.701,0.468,0.768,0.036302939
0.548,0.692,0.367,0.557,0.002755319
0.311,0.603,0.35,0.765,0.072342296
0.251,0.543,0.415,0.762,0.13754235
0.328,0.73,0.403,0.571,0.052251791
0.394,0.838,0.453,0.685,0.021874378
0.417,0.485,0.445,0.549,0.006410284
0.57,0.572,0.455,0.531,3.8549e-05
0.429,0.781,0.564,0.584,0.001212861
0.279,0.467,0.259,0.685,0.094895143
0.425,0.591,0.402,0.56,0.013155948
0.344,0.62,0.319,0.521,0.034542194
0.543,0.645,0.422,0.596,0.002740863
0.363,0.399,0.103,0.595,0.015870308
0.25,0.72,0.419,0.756,0.120329077
0.413,0.723,0.434,0.444,0.001111668
0.454,0.648,0.283,0.749,0.012815268
0.43,0.598,0.388,0.556,0.012165229
0.483,0.641,0.512,0.668,0.003913246
0.457,0.472,0.419,0.648,0.001750143
0.282,0.502,0.44,0.536,0.057524386
0.38,0.864,0.41,0.804,0.036114528
0.405,0.627,0.452,0.64,0.017282662
0.618,0.65,0.32,0.714,0.00046693
0.338,0.562,0.347,0.629,0.050279507
0.197,0.489,0.361,0.675,0.31185505
0.403,0.549,0.457,0.638,0.014766832
0.426,0.486,0.559,0.733,0.002309591
0.289,0.569,0.494,0.602,0.03490215
0.415,0.505,0.349,0.583,0.012163301
0.178,0.663,0.395,0.813,0.410604652
0.353,0.571,0.33,0.742,0.045681527
0.235,0.615,0.493,0.503,0.010188126
0.363,0.708,0.441,0.631,0.034599537
0.488,0.842,0.248,0.682,0.009037426
0.278,0.538,0.51,0.52,0.004996003
0.348,0.769,0.401,0.583,0.0447096
0.457,0.605,0.382,0.738,0.011593734
0.386,0.656,0.388,0.514,0.01924049
0.467,0.511,0.441,0.737,0.004192248
0.311,0.771,0.452,0.518,0.028687985
0.352,0.797,0.341,0.617,0.046194234
0.217,0.591,0.478,0.488,0.011371111
0.301,0.633,0.591,0.601,0.001458613
0.396,0.504,0.394,0.646,0.020177241
0.402,0.628,0.381,0.485,0.010342805
0.345,0.49,0.268,0.683,0.042982587
0.426,0.714,0.364,0.834,0.018828493
0.481,0.639,0.194,0.654,0.008686627
0.268,0.734,0.505,0.553,0.02323469
0.281,0.753,0.266,0.742,0.104662599
0.31,0.532,0.431,0.593,0.053498864
0.263,0.705,0.263,0.577,0.112783513
0.287,0.471,0.545,0.667,0.015727194
0.494,0.59,0.176,0.586,0.005425347
0.35,0.605,0.418,0.522,0.032621952
0.201,0.679,0.498,0.62,0.097495301
0.236,0.73,0.508,0.819,0.056205033
0.298,0.77,0.434,0.69,0.072672375
0.543,0.675,0.523,0.567,0.000809056
0.216,0.646,0.5,0.978,0.079855575
0.186,0.679,0.395,0.511,0.308471376
0.463,0.707,0.415,0.713,0.011892973
0.498,0.642,0.407,0.408,0.0
0.477,0.555,0.268,0.588,0.005782893
0.411,0.471,0.23,0.609,0.010728781
0.22,0.67,0.532,0.534,0.001761708
0.442,0.581,0.442,0.83,0.011237633
0.373,0.617,0.517,0.739,0.013862366
0.402,0.608,0.402,0.57,0.019817285
0.245,0.697,0.58,0.788,0.014247378
0.282,0.722,0.4,0.452,0.030537875
0.147,0.641,0.359,0.741,0.458527345
0.466,0.696,0.359,0.629,0.010765885
0.29,0.424,0.402,0.677,0.074037024
0.589,0.639,0.47,0.512,0.000240934
0.326,0.508,0.448,0.604,0.038189932
0.325,0.469,0.493,0.5,0.002006497
0.4,0.526,0.32,0.773,0.021205546
0.434,0.784,0.471,0.852,0.011614936
0.4,0.58,0.343,0.723,0.024258659
0.474,0.679,0.422,0.5,0.003621235
0.528,0.766,0.339,0.641,0.005148273
0.436,0.452,0.432,0.624,0.002339467
0.21,0.68,0.279,0.68,0.238281583
0.261,0.655,0.306,0.68,0.126933554
0.274,0.568,0.358,0.527,0.082492836
0.321,0.635,0.609,0.625,0.0013261
0.141,0.589,0.31,0.69,0.467972431
0.327,0.647,0.406,0.714,0.061217419
0.313,0.631,0.432,0.664,0.060089849
0.29,0.592,0.307,0.676,0.091219457
0.193,0.671,0.433,0.645,0.291091859
0.294,0.732,0.518,0.668,0.027483798
0.371,0.659,0.487,0.501,0.003271399
0.279,0.477,0.278,0.564,0.084045413
0.368,0.806,0.351,0.537,0.030327299
0.556,0.622,0.502,0.702,0.001332846
0.443,0.848,0.483,0.565,0.006005034
0.541,0.585,0.283,0.637,0.002234902
0.338,0.8,0.316,0.594,0.050502612
0.283,0.637,0.211,0.705,0.100974866
0.367,0.551,0.259,0.651,0.037349555
0.468,0.698,0.419,0.537,0.006049847
0.227,0.697,0.284,0.646,0.183318323
0.485,0.677,0.228,0.646,0.008560859
0.476,0.542,0.238,0.64,0.005765064
0.43,0.582,0.414,0.724,0.015715147
0.277,0.581,0.287,0.547,0.087392465
0.72,0.756,0.269,0.625,0.000181182
0.397,0.675,0.3,0.663,0.026791355
0.442,0.7,0.278,0.746,0.015349891
0.277,0.419,0.403,0.521,0.066020675
0.365,0.458,0.491,0.735,0.014214611
0.287,0.751,0.456,0.863,0.066500133
0.483,0.695,0.558,0.582,0.000814356
0.444,0.696,0.549,0.663,0.003802899
0.367,0.521,0.306,0.736,0.036300529
0.276,0.576,0.452,0.468,0.013241239
0.644,0.798,0.43,0.866,0.00084375
0.457,0.553,0.329,0.603,0.008401361
0.381,0.767,0.161,0.509,0.020552133
0.362,0.806,0.39,0.532,0.031505947
0.246,0.736,0.364,0.488,0.081271783
0.454,0.823,0.344,0.65,0.013167513
0.291,0.733,0.453,0.631,0.062092972
0.0,0.456,0.176,0.53,0.879588042
0.462,0.534,0.347,0.351,0.0
0.186,0.627,0.351,0.452,0.154464575
0.29,0.734,0.491,0.811,0.044293267
0.221,0.623,0.365,0.763,0.201405222
0.504,0.562,0.256,0.326,0.0
0.426,0.678,0.342,0.66,0.017979443
0.351,0.423,0.467,0.607,0.015714183
0.354,0.836,0.342,0.576,0.041412662
0.262,0.55,0.189,0.535,0.096548913
0.328,0.628,0.326,0.7,0.060117797
0.479,0.649,0.34,0.76,0.009360759
0.489,0.891,0.308,0.598,0.007960452
0.184,0.495,0.286,0.635,0.386052536
0.684,0.834,0.631,0.679,3.3249e-05
0.403,0.735,0.544,0.66,0.006882514
0.374,0.512,0.286,0.772,0.032398366
0.414,0.65,0.533,0.711,0.007291138
0.52,0.776,0.526,0.852,0.002529323
0.363,0.753,0.356,0.602,0.040397367
0.285,0.603,0.258,0.728,0.098100526
0.295,0.663,0.318,0.554,0.07232784
0.567,0.845,0.269,0.391,0.0
0.392,0.775,0.504,0.569,0.008509781
0.197,0.519,0.411,0.445,0.077977737
0.418,0.678,0.237,0.533,0.013314001
0.319,0.781,0.207,0.67,0.066805155
0.424,0.668,0.32,0.767,0.018935468
0.245,0.647,0.464,0.784,0.089702056
0.459,0.799,0.349,0.728,0.012862973
0.248,0.672,0.247,0.365,0.0
0.588,0.59,0.516,0.589,2.2166e-05
0.434,0.876,0.324,0.488,0.007262708
0.405,0.515,0.41,0.59,0.016190268
0.272,0.654,0.4,0.486,0.06101118
0.299,0.743,0.425,0.705,0.072010289
0.325,0.527,0.411,0.534,0.042762855
0.336,0.804,0.355,0.573,0.048573214
0.338,0.716,0.34,0.818,0.055627274
0.248,0.692,0.438,0.724,0.121264382
0.35,0.686,0.37,0.75,0.049451659
0.503,0.583,0.341,0.591,0.004539674
0.512,0.562,0.245,0.675,0.003288264
0.622,0.692,0.464,0.595,0.000482831
0.435,0.691,0.579,0.714,0.00287434
0.417,0.749,0.396,0.526,0.013075958
0.282,0.742,0.609,0.627,0.001995895
0.365,0.663,0.232,0.732,0.042473735
0.496,0.546,0.353,0.627,0.003692551
0.277,0.709,0.288,0.42,0.01686681
0.431,0.657,0.411,0.455,0.004235134
0.298,0.78,0.244,0.68,0.084933495
0.451,0.495,0.315,0.747,0.005790121
0.455,0.638,0.616,0.624,0.000149861
0.44,0.526,0.226,0.634,0.009905752
0.351,0.471,0.629,0.633,0.000132514
0.359,0.627,0.219,0.563,0.036910574
0.269,0.581,0.401,0.793,0.117339089
0.382,0.612,0.144,0.44,0.004899148
0.288,0.75,0.301,0.731,0.096183175
0.522,0.591,0.541,0.735,0.001236954
0.292,0.768,0.181,0.661,0.090438832
0.328,0.822,0.252,0.442,0.011195711
0.273,0.659,0.457,0.707,0.073706463
0.488,0.526,0.282,0.636,0.003353316
0.217,0.601,0.283,0.489,0.120488575
0.36,0.797,0.429,0.687,0.038799494
0.427,0.457,0.282,0.776,0.005579545
0.293,0.655,0.466,0.5,0.017579492
0.337,0.803,0.276,0.678,0.055720274
0.246,0.65,0.276,0.468,0.064377025
0.444,0.508,0.319,0.805,0.008292941
0.441,0.795,0.491,0.721,0.009019597
0.364,0.476,0.262,0.698,0.032852767
0.175,0.665,0.308,0.58,0.394384026
0.389,0.463,0.506,0.587,0.006031054
0.493,0.797,0.329,0.515,0.004616291
0.584,0.738,0.38,0.406,0.0
0.3,0.74,0.334,0.689,0.083078305
0.538,0.672,0.313,0.729,0.004242844
0.26,0.752,0.569,0.706,0.015521918
0.401,0.641,0.28,0.702,0.025287446
0.262,0.714,0.455,0.579,0.072030527
0.204,0.678,0.525,0.537,0.0106406
0.222,0.404,0.484,0.556,0.056393443
0.33,0.538,0.35,0.562,0.046122918
0.455,0.649,0.341,0.671,0.012419655
0.296,0.784,0.292,0.71,0.087357771
0.455,0.579,0.43,0.683,0.009516403
0.307,0.784,0.39,0.604,0.071858019
0.405,0.791,0.31,0.572,0.020212417
0.599,0.715,0.48,0.6,0.000835076
0.351,0.661,0.287,0.477,0.021179043
0.458,0.592,0.262,0.494,0.005015278
0.396,0.564,0.269,0.705,0.024974714
0.211,0.688,0.488,0.768,0.102692724
0.354,0.796,0.484,0.578,0.01914508
0.511,0.631,0.361,0.629,0.005356922
0.545,0.603,0.378,0.432,0.000307913
0.301,0.573,0.219,0.566,0.068397728
0.459,0.501,0.546,0.677,0.001348747
0.482,0.562,0.494,0.552,0.001833506
0.364,0.64,0.315,0.805,0.042735389
0.414,0.723,0.332,0.436,0.002588111
0.301,0.771,0.335,0.531,0.06033512
0.459,0.59,0.27,0.726,0.010758657
0.488,0.638,0.383,0.495,0.003572566
0.45,0.578,0.462,0.75,0.008233189
0.464,0.506,0.486,0.642,0.002565463
0.498,0.527,0.377,0.602,0.002206953
0.369,0.549,0.404,0.564,0.030910359
0.521,0.715,0.405,0.559,0.004259227
0.435,0.775,0.357,0.641,0.016243274
0.293,0.639,0.374,0.638,0.087269107
0.352,0.68,0.276,0.476,0.020567553
0.292,0.574,0.229,0.657,0.087721581
0.439,0.603,0.442,0.464,0.002163585
0.393,0.669,0.324,0.52,0.017758747
0.321,0.807,0.353,0.681,0.065706497
0.527,0.561,0.47,0.554,0.000867843
0.529,0.647,0.46,0.606,0.002876749
0.519,0.607,0.297,0.646,0.004397042
0.32,0.714,0.253,0.516,0.043269298
0.398,0.448,0.471,0.879,0.008436055
0.307,0.707,0.311,0.539,0.058191773
0.264,0.758,0.198,0.506,0.080786543
0.28,0.624,0.306,0.452,0.031283806
0.399,0.483,0.259,0.739,0.01742915
0.454,0.647,0.466,0.492,0.001604619
0.418,0.8,0.441,0.545,0.011695408
0.317,0.698,0.31,0.45,0.017603104
0.302,0.566,0.378,0.498,0.044788145
0.483,0.783,0.451,0.596,0.006522559
0.487,0.491,0.538,0.673,0.000134923
0.486,0.525,0.322,0.552,0.002678702
0.335,0.809,0.341,0.581,0.050310347
0.446,0.502,0.432,0.496,0.00261365
0.245,0.267,0.457,0.663,0.018772597
0.365,0.438,0.317,0.451,0.007524844
0.486,0.538,0.385,0.793,0.004544011
0.546,0.702,0.436,0.474,0.000826885
0.387,0.875,0.407,0.665,0.031905897
0.193,0.665,0.345,0.833,0.353813187
0.423,0.675,0.278,0.683,0.018940286
0.33,0.747,0.396,0.488,0.029537036
0.366,0.538,0.425,0.511,0.018415533
0.265,0.747,0.309,0.615,0.118160673
0.179,0.677,0.351,0.613,0.400049343
0.431,0.638,0.444,0.828,0.014107155
0.301,0.471,0.297,0.365,0.0
0.401,0.422,0.39,0.678,0.006319211
0.369,0.809,0.337,0.755,0.041445911
0.438,0.597,0.397,0.471,0.005033107
0.502,0.64,0.469,0.579,0.003452099
0.342,0.542,0.224,0.682,0.048782827
0.4,0.448,0.324,0.498,0.006114899
0.177,0.675,0.562,0.63,0.024216254
0.473,0.669,0.448,0.828,0.008437983
0.286,0.639,0.228,0.662,0.096347974
0.287,0.66,0.307,0.617,0.092307033
0.347,0.515,0.543,0.713,0.010316785
0.451,0.541,0.303,0.471,0.003295974
0.353,0.581,0.456,0.502,0.012297742
0.355,0.447,0.468,0.5,0.005941427
0.375,0.447,0.314,0.813,0.023770527
0.417,0.786,0.444,0.738,0.017657073
0.349,0.647,0.462,0.876,0.032321749
0.26,0.676,0.271,0.756,0.129488898
0.411,0.659,0.295,0.587,0.019042442
0.414,0.629,0.322,0.704,0.020841254
0.433,0.789,0.39,0.65,0.016827297
0.372,0.604,0.217,0.633,0.036820946
0.405,0.405,0.331,0.723,0.0
0.256,0.704,0.395,0.693,0.133896058
0.283,0.534,0.417,0.419,0.014872842
0.266,0.744,0.258,0.714,0.122443994
0.519,0.523,0.458,0.582,0.000177809
0.326,0.638,0.443,0.45,0.003962397
0.7,0.774,0.411,0.589,0.00029153
0.344,0.554,0.339,0.793,0.049084476
0.451,0.626,0.129,0.583,0.010928756
0.452,0.73,0.542,0.626,0.003443907
0.442,0.552,0.596,0.682,0.001247555
0.384,0.722,0.519,0.711,0.012519401
0.468,0.569,0.401,0.434,0.001074565
0.41,0.594,0.539,0.851,0.006811198
0.267,0.689,0.423,0.51,0.061727235
0.513,0.632,0.47,0.507,0.001027342
0.302,0.596,0.372,0.798,0.080085907
0.438,0.451,0.636,0.802,0.000152752
0.372,0.848,0.366,0.474,0.015970537
0.436,0.498,0.277,0.605,0.007940214
0.372,0.816,0.286,0.556,0.031799886
0.429,0.681,0.365,0.631,0.016770919
0.411,0.667,0.515,0.649,0.008804684
0.252,0.67,0.252,0.474,0.065577357
0.404,0.572,0.29,0.72,0.022482977
0.492,0.724,0.445,0.645,0.006717716
0.415,0.751,0.271,0.729,0.02167874
0.21,0.488,0.452,0.814,0.155539622
0.486,0.685,0.513,0.853,0.004140206
0.389,0.753,0.289,0.667,0.030849643
0.565,0.581,0.365,0.657,0.000745931
0.355,0.651,0.386,0.534,0.033867098
0.34,0.577,0.571,0.635,0.005730851
0.518,0.93,0.489,0.627,0.003452099
0.318,0.598,0.551,0.571,0.004185502
0.317,0.667,0.397,0.777,0.068649263
0.475,0.672,0.178,0.39,0.0
0.266,0.512,0.412,0.498,0.070974755
0.291,0.591,0.39,0.82,0.091137058
0.293,0.699,0.275,0.605,0.084636665
0.368,0.588,0.221,0.557,0.031993115
0.504,0.56,0.202,0.64,0.003815909
0.326,0.596,0.486,0.736,0.031570517
0.4,0.661,0.188,0.566,0.020717896
0.451,0.671,0.272,0.536,0.00897141
0.207,0.677,0.298,0.632,0.24888797
0.598,0.65,0.102,0.592,0.000816766
0.397,0.577,0.401,0.537,0.017440715
0.496,0.684,0.093,0.503,0.003680986
0.126,0.611,0.363,0.623,0.505220794
0.323,0.717,0.331,0.679,0.064009842
0.298,0.768,0.293,0.601,0.079574646
0.446,0.45,0.442,0.485,0.000179255
0.365,0.443,0.276,0.672,0.02739658
0.318,0.542,0.562,0.562,0.0
0.555,0.823,0.418,0.684,0.003711344
0.488,0.72,0.239,0.617,0.008168619
0.283,0.373,0.257,0.475,0.030306097
0.611,0.617,0.446,0.696,0.000100228
0.329,0.761,0.402,0.431,0.008435092
0.181,0.499,0.38,0.772,0.398213428
0.464,0.682,0.162,0.588,0.009967912
0.435,0.443,0.371,0.475,0.000582096
0.473,0.493,0.304,0.736,0.002387654
0.325,0.569,0.344,0.772,0.060702303
0.293,0.723,0.308,0.73,0.090534242
0.478,0.814,0.429,0.727,0.009155484
0.35,0.666,0.476,0.696,0.028034573
0.218,0.546,0.416,0.702,0.206341474
0.516,0.598,0.437,0.461,0.000717501
0.324,0.736,0.37,0.686,0.063610855
0.601,0.637,0.546,0.758,0.000267436
0.403,0.696,0.273,0.717,0.025205529
0.463,0.912,0.328,0.412,0.0
0.538,0.624,0.299,0.419,0.000398504
0.533,0.689,0.487,0.609,0.002450778
0.357,0.479,0.134,0.616,0.034577853
0.337,0.485,0.278,0.53,0.033949979
0.243,0.531,0.409,0.427,0.023904486
0.274,0.638,0.297,0.591,0.103847279
0.397,0.433,0.462,0.782,0.007226568
0.294,0.738,0.66,0.68,0.000665459
0.473,0.543,0.604,0.74,0.000651485
0.56,0.573,0.364,0.691,0.000692926
0.532,0.59,0.331,0.643,0.002984688
0.418,0.422,0.456,0.838,0.000744967
0.453,0.919,0.3,0.752,0.013897061
0.355,0.419,0.496,0.581,0.008595554
0.316,0.674,0.532,0.664,0.018212666
0.393,0.581,0.121,0.383,0.0
0.39,0.678,0.372,0.85,0.030594254
0.307,0.662,0.362,0.56,0.063647477
0.169,0.667,0.601,0.611,0.002712433
0.356,0.465,0.45,0.586,0.022093146
0.577,0.765,0.554,0.653,0.00067606
0.346,0.75,0.284,0.692,0.05132516
0.273,0.664,0.476,0.546,0.03853013
0.42,0.608,0.408,0.642,0.018148096
0.486,0.918,0.56,0.726,0.002313928
0.295,0.603,0.246,0.732,0.087074433
0.41,0.642,0.332,0.67,0.021953404
0.331,0.381,0.568,0.636,0.002461861
0.218,0.678,0.138,0.544,0.174445696
0.206,0.674,0.269,0.43,0.040858033
0.258,0.636,0.403,0.605,0.123904052
0.181,0.659,0.566,0.702,0.025972662
0.453,0.547,0.392,0.44,0.001397416
0.469,0.555,0.517,0.599,0.002418975
0.483,0.607,0.598,0.65,0.000632692
0.359,0.535,0.352,0.603,0.037762997
0.245,0.695,0.295,0.603,0.142292601
0.418,0.666,0.463,0.481,0.001770381
0.263,0.583,0.254,0.586,0.113405604
0.215,0.221,0.329,0.74,0.018032448
0.209,0.709,0.362,0.623,0.237958732
0.31,0.692,0.528,0.56,0.008863472
0.414,0.74,0.517,0.555,0.003692069
0.402,0.692,0.355,0.522,0.015559986
0.306,0.802,0.459,0.666,0.051102055
0.419,0.795,0.202,0.564,0.016067874
0.462,0.66,0.27,0.696,0.011613008
0.235,0.563,0.424,0.788,0.139683288
0.336,0.754,0.501,0.641,0.023027969
0.171,0.655,0.422,0.682,0.334964937
0.276,0.698,0.318,0.656,0.10892809
0.2,0.554,0.217,0.52,0.231499779
0.323,0.769,0.499,0.545,0.013841164
0.366,0.582,0.432,0.566,0.02819118
0.376,0.586,0.381,0.592,0.032201764
0.187,0.619,0.445,0.568,0.251132509
0.39,0.692,0.314,0.566,0.024682702
0.435,0.637,0.529,0.574,0.002772184
0.289,0.661,0.269,0.703,0.094145357
0.584,0.652,0.395,0.527,0.000829776
0.148,0.604,0.088,0.39,0.0
0.451,0.644,0.466,0.812,0.009155484
0.26,0.758,0.344,0.826,0.130172668
0.418,0.446,0.396,0.73,0.006037801
0.331,0.545,0.339,0.597,0.050670302
0.501,0.609,0.386,0.54,0.004172973
0.351,0.569,0.44,0.574,0.032350179
0.469,0.715,0.46,0.55,0.005038889
0.509,0.519,0.51,0.71,0.00038453
0.438,0.655,0.282,0.661,0.015274238
0.242,0.686,0.509,0.559,0.029925903
0.419,0.635,0.508,0.616,0.007581222
0.329,0.547,0.523,0.683,0.017339041
0.424,0.8,0.374,0.39,0.0
0.362,0.476,0.209,0.475,0.014863687
0.315,0.509,0.334,0.67,0.063046107
0.358,0.476,0.42,0.45,0.004459202
0.406,0.486,0.408,0.568,0.012277504
0.337,0.819,0.134,0.622,0.053489227
0.46,0.641,0.361,0.609,0.010671439
0.495,0.503,0.377,0.785,0.000800382
0.294,0.426,0.474,0.558,0.027896759
0.311,0.541,0.419,0.644,0.057598594
0.463,0.617,0.402,0.512,0.005983831
0.406,0.878,0.428,0.768,0.021857995
0.199,0.653,0.248,0.672,0.30428202
0.454,0.698,0.456,0.485,0.00198674
0.311,0.755,0.571,0.599,0.004571959
0.376,0.504,0.28,0.354,0.0
0.244,0.738,0.326,0.636,0.148883103
0.318,0.611,0.298,0.724,0.066875508
0.606,0.614,0.485,0.581,9.9747e-05
0.603,0.655,0.41,0.627,0.00083074
0.412,0.808,0.302,0.574,0.018334579
0.363,0.549,0.414,0.5,0.022520562
0.496,0.626,0.336,0.574,0.005697602
0.356,0.526,0.326,0.812,0.041651669
0.351,0.585,0.51,0.688,0.01754528
0.596,0.624,0.347,0.573,0.0005368
0.394,0.884,0.263,0.437,0.003509923
0.366,0.62,0.155,0.627,0.039605177
0.45,0.658,0.24,0.645,0.012983922
0.294,0.675,0.399,0.653,0.08749173
0.274,0.48,0.406,0.758,0.10368248
0.292,0.65,0.593,0.725,0.007429434
0.498,0.85,0.393,0.409,0.0
0.377,0.783,0.253,0.575,0.031880358
0.359,0.51,0.418,0.532,0.028313092
0.651,0.778,0.395,0.491,0.000267918
0.193,0.675,0.478,0.886,0.15192947
0.248,0.42,0.33,0.612,0.120763722
0.423,0.623,0.352,0.552,0.013509639
0.338,0.55,0.472,0.612,0.027238528
0.408,0.49,0.668,0.876,0.000339235
0.211,0.517,0.419,0.467,0.0669767
0.265,0.605,0.256,0.692,0.121661441
0.576,0.586,0.636,0.64,4.82e-07
0.421,0.671,0.299,0.775,0.019701637
0.315,0.805,0.465,0.535,0.026078191
0.349,0.527,0.375,0.701,0.044629128
0.343,0.641,0.199,0.689,0.051943878
0.42,0.712,0.582,0.646,0.002501375
0.249,0.741,0.453,0.885,0.09892211
0.337,0.429,0.544,0.59,0.004683271
0.135,0.351,0.535,0.795,0.055317915
0.33,0.494,0.36,0.71,0.051688488
0.263,0.547,0.443,0.933,0.095290756
0.493,0.883,0.264,0.724,0.008593626
0.279,0.499,0.23,0.707,0.098983789
0.487,0.569,0.34,0.752,0.006283553
0.197,0.522,0.341,0.531,0.263929466
0.3,0.714,0.386,0.432,0.01208813
0.457,0.663,0.43,0.649,0.01052977
0.408,0.606,0.241,0.703,0.022296494
0.182,0.557,0.53,0.602,0.045597682
0.241,0.663,0.497,0.635,0.059848915
0.271,0.625,0.211,0.673,0.114971673
0.384,0.768,0.515,0.655,0.012567588
0.317,0.574,0.296,0.516,0.043603714
0.584,0.592,0.623,0.793,2.2648e-05
0.152,0.586,0.652,0.684,0.002062393
0.267,0.547,0.386,0.755,0.11759737
0.321,0.393,0.643,0.717,0.000769061
0.499,0.561,0.498,0.569,0.001448976
0.267,0.491,0.303,0.667,0.111726295
0.177,0.475,0.307,0.647,0.398070313
0.416,0.592,0.196,0.662,0.019014976
0.297,0.601,0.464,0.758,0.053049282
0.397,0.537,0.133,0.475,0.008595072
0.447,0.645,0.257,0.483,0.005516902
0.245,0.479,0.374,0.568,0.124929467
0.335,0.759,0.572,0.602,0.003944086
0.352,0.756,0.224,0.688,0.048565504
0.453,0.787,0.382,0.536,0.009095732
0.342,0.512,0.352,0.805,0.047177726
0.522,0.659,0.56,0.574,0.000241416
0.229,0.655,0.472,0.488,0.015652986
0.227,0.647,0.283,0.717,0.185912698
0.384,0.614,0.602,0.814,0.002904698
0.528,0.614,0.365,0.516,0.002232011
0.353,0.637,0.57,0.722,0.007153806
0.266,0.635,0.371,0.752,0.121885991
0.237,0.583,0.334,0.644,0.159644652
0.313,0.717,0.314,0.562,0.059849397
0.226,0.722,0.283,0.603,0.179527471
0.485,0.589,0.525,0.632,0.002469089
0.278,0.708,0.49,0.708,0.04906761
0.255,0.645,0.247,0.423,0.021690787
0.284,0.756,0.348,0.382,0.0
0.259,0.625,0.431,0.533,0.079124582
0.318,0.562,0.334,0.714,0.064920571
0.278,0.492,0.506,0.542,0.015305559
0.448,0.72,0.32,0.69,0.01418859
0.455,0.547,0.276,0.658,0.009006587
0.367,0.452,0.393,0.673,0.028045174
0.44,0.488,0.269,0.585,0.005891313
0.432,0.674,0.285,0.701,0.017028718
0.253,0.597,0.459,0.669,0.084904583
0.363,0.633,0.544,0.728,0.010284499
0.452,0.666,0.33,0.492,0.005818551
0.333,0.754,0.403,0.507,0.034839507
0.405,0.641,0.43,0.49,0.007671813
0.408,0.648,0.545,0.725,0.006727353
0.148,0.564,0.382,0.702,0.453409912
0.515,0.587,0.375,0.757,0.004261155
0.329,0.515,0.436,0.696,0.046384572
0.39,0.427,0.329,0.757,0.012258229
0.231,0.567,0.496,0.702,0.069829356
0.484,0.746,0.436,0.75,0.008423045
0.34,0.384,0.287,0.763,0.020869202
0.349,0.477,0.301,0.703,0.039753592
0.352,0.61,0.474,0.554,0.018190982
0.291,0.625,0.51,0.52,0.004544011
0.484,0.646,0.343,0.459,0.002264296
0.453,0.737,0.446,0.504,0.004436073
0.584,0.656,0.345,0.523,0.000829776
0.422,0.674,0.351,0.577,0.015908858
0.528,0.634,0.559,0.657,0.000956507
0.23,0.576,0.195,0.653,0.174487136
0.392,0.448,0.382,0.552,0.011919958
0.345,0.7,0.335,0.763,0.051914484
0.227,0.547,0.129,0.599,0.172658931
0.511,0.651,0.259,0.677,0.0058571
0.583,0.669,0.29,0.748,0.001729905
0.46,0.718,0.437,0.713,0.010889725
0.306,0.766,0.343,0.435,0.011153307
0.572,0.63,0.283,0.685,0.001703402
0.411,0.641,0.439,0.725,0.01904967
0.384,0.711,0.311,0.511,0.019636585
0.401,0.449,0.431,0.447,0.000954098
0.452,0.464,0.456,0.836,0.001336219
0.362,0.538,0.339,0.513,0.025354908
0.222,0.711,0.398,0.72,0.199139963
0.661,0.763,0.511,0.535,6.5534e-05
0.269,0.695,0.365,0.815,0.119373052
0.235,0.671,0.212,0.706,0.168086971
0.523,0.967,0.302,0.683,0.005814214
0.29,0.674,0.364,0.846,0.093753599
0.17,0.668,0.262,0.308,0.0
0.599,0.805,0.416,0.892,0.001822423
0.472,0.6,0.425,0.534,0.004979619
0.451,0.741,0.411,0.817,0.014079688
0.456,0.728,0.52,0.608,0.004183574
0.27,0.658,0.411,0.528,0.087985644
0.274,0.76,0.337,0.675,0.112547398
0.46,0.55,0.295,0.556,0.00648401
0.388,0.57,0.37,0.662,0.02848271
0.596,0.74,0.42,0.798,0.00160751
0.389,0.571,0.697,0.743,0.000178773
0.345,0.553,0.422,0.656,0.040424352
0.451,0.809,0.198,0.5,0.006772167
0.336,0.638,0.292,0.67,0.055104929
0.288,0.606,0.429,0.483,0.032655201
0.651,0.679,0.442,0.724,0.000262136
0.355,0.695,0.245,0.734,0.047188809
0.237,0.699,0.372,0.546,0.135159033
0.38,0.822,0.279,0.355,0.0
0.498,0.659,0.346,0.65,0.007023702
0.297,0.737,0.29,0.752,0.086534741
0.443,0.521,0.426,0.805,0.008347874
0.306,0.528,0.304,0.562,0.061187061
0.348,0.49,0.368,0.562,0.035083814
0.302,0.696,0.568,0.57,0.000547402
0.418,0.754,0.387,0.433,0.002475836
0.565,0.779,0.436,0.468,0.0005368
0.497,0.569,0.503,0.807,0.002613168
0.345,0.519,0.373,0.691,0.045797657
0.36,0.715,0.385,0.571,0.038211616
0.458,0.696,0.443,0.478,0.002584256
0.341,0.543,0.172,0.564,0.04157216
0.568,0.574,0.45,0.48,4.915e-05
0.385,0.487,0.581,0.716,0.003133103
0.5,0.5,0.418,0.572,0.0
0.324,0.656,0.455,0.507,0.019288195
0.492,0.52,0.441,0.829,0.002248876
0.473,0.477,0.208,0.332,0.0
0.548,0.564,0.262,0.685,0.000930486
0.483,0.869,0.504,0.662,0.004776753
0.439,0.627,0.242,0.636,0.014355317
0.264,0.638,0.44,0.582,0.08952232
0.359,0.563,0.321,0.653,0.041539393
0.205,0.629,0.339,0.511,0.189266978
0.541,0.669,0.538,0.672,0.001329954
0.146,0.64,0.49,0.548,0.111475724
0.378,0.874,0.598,0.765,0.003533053
0.504,0.534,0.359,0.772,0.002387172
0.293,0.491,0.288,0.76,0.082114088
0.407,0.521,0.291,0.633,0.017406984
0.31,0.639,0.438,0.776,0.062919375
0.393,0.481,0.501,0.637,0.008527128
0.455,0.626,0.356,0.795,0.012422546
0.394,0.538,0.485,0.695,0.0137472
0.344,0.638,0.491,0.667,0.024775221
0.232,0.584,0.231,0.673,0.171588221
0.246,0.604,0.287,0.553,0.123827917
0.541,0.627,0.326,0.672,0.003417887
0.361,0.741,0.35,0.807,0.044851269
0.288,0.438,0.302,0.718,0.079714869
0.482,0.824,0.405,0.811,0.009904788
0.212,0.662,0.451,0.587,0.145743254
0.355,0.714,0.377,0.463,0.016715022
0.322,0.632,0.337,0.623,0.061472327
0.261,0.75,0.573,0.792,0.014818391
0.29,0.628,0.387,0.74,0.092959481
0.527,0.537,0.269,0.749,0.000646666
0.516,0.656,0.297,0.697,0.00557328
0.382,0.664,0.392,0.602,0.031334884
0.465,0.701,0.512,0.516,0.000250089
0.442,0.518,0.504,0.556,0.002140456
0.286,0.634,0.43,0.62,0.078723668
0.332,0.824,0.251,0.745,0.059157917
0.311,0.687,0.374,0.812,0.073621172
0.518,0.84,0.241,0.688,0.006181397
0.257,0.625,0.373,0.752,0.132562249
0.329,0.631,0.392,0.486,0.028707742
0.303,0.68,0.174,0.622,0.076766804
0.357,0.591,0.363,0.471,0.017913427
0.292,0.714,0.438,0.578,0.066960317
0.496,0.614,0.155,0.643,0.006572674
0.598,0.742,0.416,0.687,0.001677381
0.225,0.653,0.27,0.73,0.191002183
0.237,0.545,0.357,0.768,0.161035803
0.304,0.482,0.527,0.575,0.011052596
0.298,0.682,0.3,0.698,0.084796163
0.215,0.712,0.375,0.459,0.08431044
0.337,0.807,0.367,0.825,0.05646235
0.364,0.708,0.351,0.517,0.027808577
0.237,0.465,0.408,0.717,0.152974641
0.388,0.722,0.365,0.575,0.026541747
0.435,0.817,0.342,0.48,0.006461362
0.364,0.674,0.325,0.701,0.042807669
0.342,0.692,0.328,0.622,0.050657291
0.271,0.711,0.248,0.726,0.11678976
0.32,0.456,0.151,0.607,0.05031902
0.457,0.517,0.418,0.551,0.005089485
0.301,0.449,0.477,0.875,0.036648438
0.321,0.777,0.357,0.693,0.065886716
0.474,0.618,0.249,0.489,0.00392963
0.36,0.552,0.445,0.799,0.032786269
0.642,0.967,0.476,0.71,0.000713646
0.395,0.553,0.399,0.865,0.024988688
0.395,0.727,0.319,0.503,0.014804899
0.362,0.458,0.356,0.515,0.020941964
0.561,0.825,0.343,0.755,0.003440053
0.459,0.725,0.164,0.64,0.012046207
0.326,0.526,0.323,0.423,0.008124769
0.34,0.342,0.449,0.567,0.000621609
0.484,0.756,0.526,0.571,0.001869646
0.229,0.443,0.448,0.488,0.047556956
0.389,0.417,0.274,0.657,0.010085006
0.384,0.788,0.35,0.708,0.033776025
0.287,0.511,0.452,0.778,0.063845525
0.44,0.846,0.265,0.651,0.015520954
0.39,0.773,0.455,0.725,0.022971109
0.45,0.672,0.494,0.682,0.0073639
0.357,0.827,0.426,0.665,0.039495793
0.449,0.836,0.392,0.524,0.0087777
0.247,0.339,0.383,0.529,0.072865604
0.329,0.813,0.31,0.538,0.044935596
0.521,0.674,0.626,0.76,0.000362364
0.227,0.599,0.247,0.689,0.184405898
0.453,0.585,0.48,0.586,0.005423901
0.544,0.688,0.383,0.437,0.000429344
0.195,0.467,0.41,0.55,0.292981743
0.299,0.771,0.082,0.5,0.048717775
0.442,0.577,0.318,0.798,0.013201726
0.268,0.604,0.412,0.668,0.117673987
0.193,0.463,0.39,0.678,0.340574357
0.629,0.853,0.451,0.773,0.000976746
0.383,0.635,0.484,0.522,0.006886851
0.286,0.378,0.481,0.843,0.030132143
0.316,0.64,0.335,0.689,0.068546143
0.348,0.678,0.321,0.499,0.027870738
0.398,0.454,0.15,0.502,0.007217894
0.256,0.462,0.397,0.847,0.122792384
0.371,0.595,0.196,0.442,0.006877214
0.425,0.605,0.331,0.769,0.017702369
0.232,0.568,0.364,0.538,0.137460433
0.553,0.598,0.372,0.617,0.001877838
0.461,0.777,0.329,0.8,0.012590718
0.178,0.664,0.413,0.517,0.334463313
0.535,0.593,0.421,0.829,0.002698458
0.317,0.701,0.241,0.307,0.0
0.446,0.742,0.33,0.734,0.014835257
0.391,0.637,0.386,0.792,0.02963341
0.249,0.685,0.196,0.586,0.132278911
0.341,0.782,0.36,0.592,0.048934133
0.453,0.839,0.522,0.839,0.005710131
0.348,0.444,0.294,0.692,0.035307882
0.479,0.541,0.392,0.694,0.005527021
0.593,0.645,0.33,0.662,0.001052881
0.348,0.35,0.369,0.629,0.00087989
0.394,0.728,0.337,0.385,0.0
0.294,0.79,0.412,0.892,0.090027317
0.316,0.359,0.214,0.682,0.023971948
0.531,0.535,0.315,0.583,0.000204312
0.404,0.522,0.217,0.679,0.019193267
0.445,0.529,0.384,0.628,0.009150665
0.277,0.689,0.128,0.568,0.095397731
0.374,0.529,0.375,0.561,0.027579208
0.331,0.649,0.419,0.579,0.043091007
0.386,0.492,0.421,0.447,0.002141901
0.434,0.478,0.625,0.649,0.000221659
0.31,0.416,0.356,0.61,0.050589348
0.359,0.531,0.231,0.709,0.040420979
0.351,0.49,0.525,0.697,0.011759496
0.413,0.667,0.271,0.433,0.002589074
0.323,0.563,0.404,0.488,0.030775436
0.409,0.493,0.186,0.666,0.014822246
0.261,0.645,0.559,0.587,0.007814446
0.176,0.666,0.548,0.634,0.037483996
0.442,0.924,0.296,0.714,0.015722857
0.482,0.512,0.486,0.578,0.001305379
0.439,0.688,0.362,0.6,0.013998735
0.319,0.599,0.497,0.628,0.027248647
0.268,0.391,0.37,0.682,0.089523284
0.444,0.678,0.354,0.54,0.01004983
0.2,0.678,0.359,0.733,0.29863405
0.285,0.432,0.399,0.721,0.082051445
0.369,0.623,0.446,0.457,0.003833738
0.396,0.633,0.257,0.575,0.022601998
0.336,0.582,0.397,0.633,0.052418036
0.335,0.805,0.385,0.679,0.056817486
0.258,0.476,0.558,0.566,0.002560162
0.402,0.777,0.402,0.539,0.017805488
0.348,0.666,0.435,0.545,0.031342112
0.302,0.586,0.646,0.666,0.000893382
0.572,0.584,0.431,0.877,0.000467412
0.331,0.603,0.361,0.741,0.058017337
0.353,0.611,0.407,0.449,0.011790336
0.405,0.677,0.42,0.425,0.0
0.499,0.701,0.335,0.466,0.002158767
0.287,0.709,0.315,0.755,0.097268823
0.396,0.541,0.1,0.598,0.021263852
0.302,0.47,0.295,0.465,0.027347912
0.295,0.509,0.386,0.59,0.074971365
0.45,0.578,0.425,0.751,0.010296064
0.517,0.586,0.376,0.704,0.004020221
0.368,0.634,0.38,0.532,0.028924582
0.375,0.519,0.252,0.57,0.027424529
0.499,0.803,0.484,0.516,0.001396934
0.432,0.759,0.375,0.497,0.008185484
0.449,0.515,0.525,0.543,0.000582578
0.325,0.637,0.268,0.606,0.058212011
0.54,0.54,0.387,0.407,0.0
0.259,0.595,0.489,0.574,0.043574802
0.33,0.738,0.149,0.579,0.052405989
0.545,0.588,0.416,0.707,0.002191534
0.234,0.676,0.409,0.561,0.147990203
0.354,0.724,0.332,0.536,0.034823123
0.495,0.506,0.537,0.705,0.000356582
0.248,0.592,0.633,0.641,0.000691962
0.429,0.665,0.394,0.564,0.013688412
0.227,0.417,0.196,0.656,0.163975677
0.406,0.706,0.494,0.76,0.013227265
0.542,0.592,0.179,0.621,0.002362115
0.388,0.881,0.327,0.477,0.012462541
0.498,0.564,0.268,0.444,0.000790745
0.224,0.506,0.181,0.411,0.0
0.465,0.493,0.611,0.667,0.000202384
0.36,0.785,0.346,0.62,0.042877058
0.571,0.583,0.228,0.46,0.000122876
0.242,0.7,0.547,0.623,0.022560558
0.472,0.574,0.139,0.629,0.007898773
0.306,0.688,0.454,0.624,0.051391658
0.247,0.728,0.366,0.516,0.103052679
0.327,0.549,0.517,0.632,0.017694177
0.319,0.461,0.301,0.345,0.0
0.371,0.811,0.391,0.775,0.040566503
0.294,0.7,0.414,0.5,0.05197279
0.337,0.747,0.086,0.543,0.042464579
0.438,0.818,0.412,0.526,0.010161623
0.387,0.497,0.453,0.861,0.018107619
0.166,0.466,0.192,0.54,0.364488481
0.503,0.529,0.444,0.666,0.001781464
0.25,0.718,0.575,0.673,0.013768402
0.352,0.505,0.281,0.522,0.028640281
0.258,0.7,0.64,0.79,0.003569675
0.397,0.453,0.278,0.582,0.012116078
0.325,0.587,0.568,0.719,0.009292816
0.264,0.626,0.235,0.623,0.119280051
0.387,0.759,0.316,0.722,0.032341987
0.361,0.47,0.377,0.515,0.02229023
0.58,0.582,0.49,0.776,5.7342e-05
0.468,0.63,0.236,0.558,0.007900701
0.388,0.576,0.305,0.341,0.0
0.401,0.563,0.421,0.841,0.020328065
0.528,0.7,0.184,0.549,0.003563411
0.332,0.518,0.318,0.76,0.052947126
0.488,0.596,0.454,0.644,0.005273077
0.372,0.758,0.406,0.691,0.039643245
0.474,0.522,0.276,0.688,0.00485337
0.555,0.612,0.23,0.526,0.001366095
0.383,0.589,0.244,0.622,0.030520046
0.477,0.525,0.223,0.525,0.0029312
0.414,0.68,0.324,0.706,0.021427205
0.302,0.7,0.462,0.664,0.051062542
0.345,0.771,0.528,0.59,0.010519651
0.458,0.912,0.191,0.618,0.012051026
0.284,0.626,0.288,0.762,0.100027033
0.29,0.788,0.102,0.474,0.041299423
0.571,0.621,0.358,0.797,0.001623412
0.338,0.746,0.37,0.628,0.053262268
0.275,0.697,0.325,0.723,0.111856881
0.552,0.582,0.434,0.682,0.001372359
0.561,0.636,0.384,0.554,0.001720749
0.298,0.638,0.357,0.571,0.073469384
0.15,0.444,0.422,0.504,0.240563708
0.292,0.672,0.138,0.578,0.080928212
0.256,0.4,0.408,0.639,0.10590389
0.589,0.687,0.308,0.708,0.00164365
0.294,0.71,0.531,0.579,0.013497592
0.366,0.574,0.283,0.55,0.031387889
0.388,0.682,0.377,0.722,0.031393672
0.371,0.435,0.38,0.834,0.023398525
0.129,0.613,0.195,0.543,0.4410582
0.577,0.751,0.258,0.638,0.002338503
0.33,0.384,0.297,0.701,0.026282984
0.093,0.494,0.623,0.687,0.006509549
0.257,0.659,0.516,0.738,0.039939593
0.542,0.566,0.46,0.636,0.000925668
0.496,0.536,0.22,0.457,0.000822066
0.533,0.675,0.368,0.454,0.001014331
0.395,0.601,0.441,0.797,0.023070855
0.284,0.366,0.473,0.576,0.025524525
0.245,0.505,0.531,0.555,0.011513262
0.245,0.559,0.228,0.706,0.147262583
0.299,0.695,0.322,0.574,0.073519498
0.397,0.794,0.528,0.72,0.010005016
0.403,0.557,0.425,0.731,0.019330599
0.478,0.622,0.25,0.532,0.005790603
0.41,0.604,0.325,0.694,0.021490812
0.335,0.463,0.285,0.421,0.006536052
0.258,0.752,0.079,0.564,0.114421863
0.105,0.5,0.337,0.387,0.0
0.29,0.657,0.373,0.734,0.09329727
0.27,0.668,0.455,0.501,0.033349572
0.372,0.7,0.476,0.478,0.000535837
0.316,0.648,0.466,0.626,0.040414233
0.368,0.743,0.346,0.664,0.040998738
0.26,0.418,0.49,0.627,0.042705995
0.41,0.598,0.242,0.372,0.0
0.588,0.726,0.421,0.642,0.001661961
0.459,0.484,0.587,0.903,0.000477531
0.502,0.626,0.243,0.737,0.006487865
0.429,0.705,0.44,0.736,0.015466985
0.289,0.685,0.401,0.587,0.085913614
0.238,0.646,0.387,0.571,0.144783856
0.334,0.59,0.458,0.702,0.037584224
0.753,0.853,0.342,0.408,0.0
0.344,0.676,0.391,0.731,0.052191076
0.378,0.466,0.317,0.651,0.024546816
0.435,0.712,0.469,0.601,0.009419547
0.38,0.628,0.475,0.807,0.021250841
0.167,0.533,0.333,0.557,0.383779567
0.42,0.528,0.462,0.514,0.004126232
0.339,0.613,0.316,0.572,0.046040036
0.515,0.623,0.359,0.453,0.001162746
0.543,0.564,0.372,0.576,0.001058663
0.541,0.629,0.207,0.699,0.003489685
0.323,0.579,0.218,0.65,0.060937936
0.239,0.719,0.334,0.636,0.15729121
0.399,0.601,0.463,0.501,0.00503407
0.378,0.444,0.467,0.612,0.01228184
0.326,0.564,0.322,0.634,0.057547516
0.476,0.536,0.419,0.739,0.00492806
0.305,0.682,0.376,0.508,0.048708619
0.215,0.492,0.482,0.536,0.058729537
0.5,0.61,0.326,0.592,0.005534731
0.381,0.792,0.537,0.67,0.00982287
0.335,0.831,0.316,0.592,0.051783898
0.36,0.52,0.104,0.483,0.018733565
0.433,0.523,0.371,0.75,0.011684325
0.37,0.428,0.397,0.687,0.022247825
0.312,0.648,0.584,0.704,0.007678078
0.364,0.69,0.518,0.682,0.014620826
0.445,0.491,0.287,0.699,0.006296563
0.35,0.521,0.196,0.52,0.029731711
0.384,0.54,0.445,0.727,0.02363464
0.347,0.45,0.249,0.689,0.03676505
0.411,0.441,0.358,0.496,0.003370182
0.371,0.643,0.257,0.361,0.0
0.519,0.651,0.451,0.933,0.004257782
0.341,0.627,0.322,0.607,0.049454068
0.238,0.662,0.53,0.75,0.038215953
0.399,0.811,0.544,0.55,0.000633174
0.498,0.575,0.362,0.83,0.005389207
0.321,0.649,0.321,0.735,0.065412558
0.522,0.817,0.234,0.464,0.001619557
0.292,0.582,0.39,0.409,0.0
0.271,0.536,0.145,0.477,0.055017711
0.271,0.625,0.314,0.504,0.0738038
0.309,0.505,0.38,0.544,0.053430921
0.326,0.743,0.328,0.674,0.062098273
0.424,0.508,0.124,0.554,0.009259567
0.516,0.542,0.409,0.771,0.001833506
0.506,0.538,0.415,0.522,0.001397416
0.424,0.753,0.146,0.59,0.016723214
0.513,0.547,0.486,0.488,2.7948e-05
0.388,0.68,0.431,0.927,0.027720877
0.478,0.724,0.525,0.551,0.001198887
0.515,0.695,0.303,0.727,0.006030091
0.255,0.649,0.434,0.53,0.081172037
0.425,0.785,0.493,0.699,0.010578921
0.416,0.646,0.394,0.498,0.00990527
0.329,0.627,0.226,0.654,0.058423551
0.313,0.677,0.339,0.579,0.0628948
0.404,0.57,0.293,0.337,0.0
0.284,0.766,0.434,0.442,0.004785427
0.553,0.599,0.358,0.558,0.001555468
0.495,0.649,0.484,0.58,0.003387047
0.404,0.73,0.482,0.56,0.009419065
0.492,0.608,0.436,0.66,0.006115381
0.351,0.535,0.524,0.602,0.010326904
0.246,0.626,0.549,0.615,0.019285304
0.341,0.689,0.328,0.692,0.053462243
0.377,0.693,0.253,0.703,0.036951532
0.523,0.757,0.45,0.758,0.004694836
0.174,0.464,0.43,0.494,0.199116351
0.433,0.569,0.389,0.619,0.013426276
0.305,0.449,0.287,0.545,0.051449482
0.244,0.676,0.246,0.55,0.12651963
0.43,0.51,0.284,0.67,0.011026094
0.431,0.653,0.336,0.43,0.002059984
0.4,0.51,0.109,0.593,0.017586239
0.282,0.539,0.365,0.741,0.098774659
0.417,0.713,0.417,0.519,0.012292923
0.283,0.475,0.455,0.466,0.007512315
0.409,0.445,0.272,0.758,0.008552186
0.389,0.855,0.455,0.745,0.02338696
0.418,0.474,0.231,0.587,0.008658678
0.507,0.667,0.488,0.829,0.004033713
0.501,0.596,0.194,0.674,0.005754462
0.245,0.575,0.407,0.489,0.08212999
0.328,0.596,0.263,0.305,0.0
0.432,0.636,0.431,0.505,0.006579902
0.313,0.783,0.14,0.624,0.068983197
0.501,0.588,0.274,0.549,0.003984563
0.467,0.604,0.303,0.773,0.010111509
0.34,0.596,0.556,0.718,0.010011762
0.374,0.516,0.338,0.626,0.031185987
0.509,0.743,0.261,0.477,0.002278752
0.519,0.58,0.535,0.631,0.001063
0.311,0.711,0.176,0.518,0.049084958
0.236,0.728,0.317,0.699,0.166352248
0.321,0.706,0.435,0.545,0.041536502
0.264,0.624,0.39,0.662,0.122250765
0.296,0.68,0.331,0.732,0.087044075
0.52,0.643,0.207,0.617,0.00475266
0.253,0.589,0.384,0.844,0.137211307
0.437,0.661,0.226,0.512,0.008808057
0.268,0.514,0.499,0.534,0.018873307
0.534,0.586,0.319,0.365,0.0
0.385,0.703,0.285,0.667,0.032492812
0.323,0.697,0.297,0.539,0.04820314
0.424,0.608,0.341,0.725,0.017935111
0.57,0.596,0.267,0.657,0.000997466
0.524,0.534,0.517,0.551,0.000116612
0.333,0.609,0.316,0.442,0.010486402
0.242,0.686,0.3,0.656,0.15348012
0.338,0.448,0.375,0.799,0.041240636
0.328,0.78,0.279,0.579,0.053566808
0.369,0.409,0.388,0.56,0.015457348
0.221,0.715,0.463,0.653,0.11616285
0.466,0.526,0.304,0.594,0.005496181
0.469,0.855,0.48,0.578,0.00526103
0.476,0.722,0.447,0.651,0.008103085
0.373,0.823,0.287,0.707,0.03937629
0.183,0.663,0.286,0.644,0.396887328
0.343,0.809,0.282,0.667,0.052473932
0.46,0.57,0.435,0.529,0.005056236
0.303,0.645,0.239,0.595,0.07341686
0.423,0.529,0.218,0.612,0.013098606
0.385,0.579,0.22,0.613,0.028839774
0.535,0.657,0.317,0.573,0.003431379
0.439,0.685,0.405,0.607,0.014231959
0.246,0.654,0.561,0.655,0.018139423
0.29,0.404,0.452,0.522,0.029122148
0.418,0.616,0.419,0.667,0.016883676
0.383,0.633,0.522,0.603,0.009133318
0.274,0.674,0.32,0.416,0.0
0.393,0.751,0.332,0.732,0.029582332
0.31,0.686,0.379,0.519,0.049891122
0.467,0.861,0.482,0.554,0.004255854
0.402,0.637,0.244,0.666,0.024544888
0.4,0.506,0.26,0.408,0.0
0.225,0.669,0.488,0.49,0.001744361
0.264,0.712,0.262,0.392,0.0
0.279,0.489,0.313,0.755,0.098269662
0.247,0.685,0.345,0.655,0.144951064
0.31,0.802,0.378,0.546,0.058184545
0.335,0.337,0.518,0.577,0.000224068
0.502,0.668,0.352,0.66,0.006822281
0.446,0.628,0.254,0.618,0.012775273
0.421,0.555,0.396,0.646,0.01584236
0.372,0.546,0.354,0.365,0.0
0.407,0.641,0.522,0.573,0.004810484
0.315,0.537,0.414,0.57,0.056517765
0.298,0.552,0.329,0.486,0.04102765
0.58,0.616,0.385,0.667,0.001081311
0.29,0.336,0.285,0.777,0.037300886
0.225,0.579,0.551,0.613,0.021763067
0.371,0.631,0.393,0.813,0.039490493
0.54,0.629,0.443,0.537,0.00178291
0.389,0.785,0.201,0.487,0.013679738
0.468,0.532,0.471,0.639,0.003949868
0.487,0.611,0.452,0.657,0.005855655
0.246,0.48,0.444,0.532,0.075692721
0.413,0.581,0.332,0.65,0.019246272
0.534,0.72,0.28,0.612,0.004369093
0.48,0.606,0.283,0.765,0.008498216
0.341,0.621,0.368,0.527,0.036919729
0.448,0.602,0.291,0.629,0.012133907
0.341,0.667,0.337,0.555,0.043068359
0.308,0.72,0.316,0.696,0.075812706
0.365,0.709,0.26,0.624,0.040718773
0.338,0.592,0.293,0.569,0.045515283
0.557,0.767,0.294,0.754,0.00359425
0.302,0.638,0.478,0.7,0.043841275
0.363,0.514,0.219,0.699,0.03728884
0.57,0.622,0.245,0.637,0.001590163
0.256,0.522,0.401,0.665,0.127526251
0.395,0.453,0.249,0.611,0.013870076
0.341,0.718,0.437,0.611,0.042989815
0.431,0.76,0.584,0.616,0.001410426
0.285,0.619,0.339,0.689,0.098009453
0.331,0.517,0.357,0.744,0.053421284
0.168,0.658,0.255,0.534,0.364499564
0.44,0.865,0.368,0.404,0.0
0.331,0.693,0.472,0.523,0.01609534
0.404,0.602,0.366,0.71,0.023555132
0.526,0.798,0.402,0.783,0.005636405
0.328,0.378,0.217,0.678,0.024312628
0.39,0.886,0.423,0.453,0.003838075
0.491,0.731,0.475,0.601,0.004784463
0.414,0.834,0.227,0.7,0.021948586
0.275,0.573,0.334,0.664,0.108277569
0.63,0.786,0.228,0.7,0.001065409
0.339,0.581,0.385,0.419,0.007474248
0.401,0.495,0.481,0.517,0.003432825
0.244,0.728,0.517,0.559,0.023527666
0.199,0.632,0.134,0.628,0.299978461
0.486,0.497,0.442,0.534,0.000617754
0.596,0.708,0.287,0.647,0.001466323
0.399,0.653,0.358,0.678,0.025996755
0.158,0.589,0.242,0.589,0.419546669
0.547,0.637,0.524,0.681,0.001311162
0.231,0.527,0.269,0.609,0.164187699
0.367,0.673,0.432,0.478,0.012261602
0.478,0.611,0.497,0.508,0.00059077
0.227,0.671,0.515,0.671,0.052807866
0.529,0.649,0.372,0.69,0.004491006
0.328,0.597,0.509,0.969,0.023099285
0.412,0.458,0.179,0.395,0.0
0.533,0.62,0.303,0.553,0.002828081
0.341,0.751,0.414,0.42,0.007566284
0.33,0.62,0.518,0.565,0.010481583
0.388,0.524,0.339,0.677,0.025897972
0.329,0.593,0.286,0.5,0.033177064
0.388,0.623,0.499,0.781,0.015091128
0.457,0.583,0.461,0.657,0.007399558
0.274,0.66,0.231,0.447,0.028953494
0.478,0.62,0.293,0.674,0.008900576
0.476,0.792,0.417,0.675,0.010385692
0.59,0.78,0.319,0.623,0.001902413
0.521,0.537,0.225,0.639,0.001059627
0.567,0.599,0.236,0.67,0.001252856
0.498,0.69,0.369,0.421,0.000837968
0.376,0.76,0.309,0.595,0.034288732
0.579,0.645,0.246,0.644,0.0015121
0.444,0.738,0.362,0.839,0.015260746
0.56,0.647,0.445,0.582,0.001756407
0.63,0.772,0.447,0.575,0.000672687
0.629,0.649,0.453,0.489,3.9995e-05
0.379,0.519,0.407,0.625,0.028897598
0.347,0.665,0.298,0.504,0.029520653
0.393,0.647,0.25,0.69,0.02857041
0.444,0.448,0.435,0.675,0.000625946
0.319,0.586,0.429,0.593,0.050211564
0.522,0.568,0.205,0.627,0.002729298
0.295,0.725,0.18,0.654,0.086881204
0.212,0.68,0.323,0.579,0.213570933
0.266,0.553,0.303,0.499,0.072859821
0.216,0.691,0.33,0.791,0.21704327
0.452,0.746,0.333,0.817,0.013946693
0.418,0.772,0.364,0.436,0.002480172
0.227,0.435,0.196,0.62,0.164815091
0.306,0.638,0.353,0.561,0.06442232
0.407,0.579,0.41,0.426,0.002652199
0.179,0.648,0.248,0.53,0.350204962
0.335,0.745,0.169,0.653,0.055936151
0.389,0.645,0.467,0.714,0.020140619
0.513,0.557,0.354,0.519,0.001711594
0.284,0.659,0.25,0.716,0.100139308
0.419,0.571,0.369,0.779,0.017938002
0.275,0.607,0.527,0.547,0.007826493
0.445,0.478,0.467,0.477,0.000249126
0.51,0.536,0.371,0.713,0.001903377
0.586,0.714,0.356,0.37,0.0
0.408,0.852,0.44,0.516,0.010445925
0.436,0.816,0.478,0.526,0.004143579
0.329,0.539,0.492,0.547,0.014632872
0.395,0.723,0.313,0.581,0.024132409
0.397,0.607,0.369,0.843,0.026483441
0.473,0.564,0.349,0.635,0.007338843
0.199,0.669,0.466,0.606,0.155420119
0.406,0.507,0.348,0.67,0.017236403
0.447,0.783,0.44,0.834,0.012795511
0.303,0.443,0.31,0.724,0.065301729
0.413,0.601,0.4,0.707,0.020516957
0.465,0.711,0.29,0.738,0.011686252
0.521,0.661,0.383,0.423,0.000586915
0.459,0.582,0.351,0.653,0.01015295
0.019,0.485,0.41,0.72,0.97717056
0.408,0.586,0.456,0.716,0.016069801
0.342,0.372,0.276,0.564,0.011758532
0.526,0.576,0.364,0.789,0.003001071
0.48,0.512,0.551,0.643,0.000776289
0.416,0.64,0.323,0.823,0.020657181
0.39,0.656,0.102,0.52,0.018675259
0.308,0.69,0.47,0.538,0.026468022
0.249,0.577,0.419,0.495,0.060491245
0.344,0.434,0.275,0.661,0.034972984
0.405,0.515,0.264,0.628,0.017506249
0.376,0.858,0.505,0.953,0.016666353
0.384,0.646,0.499,0.591,0.012206187
0.371,0.641,0.311,0.715,0.039416285
0.497,0.661,0.414,0.519,0.004195621
0.423,0.435,0.556,0.636,0.000558485
0.373,0.831,0.331,0.689,0.039227875
0.353,0.817,0.285,0.652,0.047343488
0.416,0.518,0.371,0.607,0.013843573
0.435,0.513,0.369,0.775,0.010533143
0.282,0.683,0.317,0.469,0.04318208
0.491,0.574,0.433,0.734,0.005355476
0.336,0.54,0.372,0.707,0.051966526
0.461,0.592,0.473,0.571,0.004776753
0.245,0.711,0.224,0.516,0.10552466
0.199,0.621,0.277,0.676,0.303993381
0.395,0.711,0.337,0.579,0.023839434
0.4,0.624,0.172,0.468,0.008476532
0.384,0.432,0.25,0.418,0.0
0.476,0.62,0.514,0.544,0.0013314
0.301,0.309,0.438,0.602,0.005584363
0.419,0.607,0.433,0.437,0.0
0.289,0.331,0.505,0.564,0.007891063
0.395,0.543,0.308,0.786,0.024331421
0.332,0.612,0.399,0.883,0.057843382
0.254,0.694,0.452,0.452,0.0
0.257,0.681,0.267,0.764,0.133299506
0.455,0.537,0.444,0.45,0.000367183
0.446,0.477,0.464,0.507,0.000972891
0.509,0.889,0.273,0.669,0.006842038
0.171,0.48,0.426,0.538,0.277859294
0.337,0.812,0.283,0.721,0.056215152
0.205,0.561,0.525,0.613,0.048360229
0.154,0.56,0.518,0.784,0.084631364
0.338,0.734,0.354,0.532,0.039731908
0.55,0.556,0.444,0.56,0.000219732
0.397,0.637,0.523,0.529,0.000829294
0.39,0.601,0.399,0.683,0.028990116
0.343,0.783,0.37,0.616,0.050163859
0.381,0.76,0.32,0.69,0.03510598
0.593,0.781,0.223,0.681,0.001925543
0.553,0.574,0.149,0.629,0.001089984
0.297,0.741,0.432,0.83,0.074107376
0.342,0.73,0.555,0.583,0.004226942
0.483,0.511,0.572,0.574,1.0601e-05
0.217,0.543,0.435,0.761,0.176382803
0.41,0.596,0.366,0.713,0.021335168
0.565,0.601,0.381,0.729,0.001443193
0.252,0.478,0.3,0.7,0.129612256
0.539,0.695,0.344,0.812,0.004355601
0.397,0.766,0.42,0.75,0.024598375
0.463,0.505,0.458,0.566,0.002524022
0.208,0.552,0.507,0.679,0.075936064
0.249,0.621,0.599,0.683,0.008066463
0.585,0.631,0.459,0.599,0.000754123
0.356,0.658,0.244,0.688,0.046075695
0.403,0.723,0.422,0.492,0.008315107
0.431,0.549,0.409,0.421,0.001700511
0.433,0.689,0.263,0.693,0.016887531
0.285,0.493,0.426,0.538,0.057295981
0.391,0.573,0.204,0.57,0.022859315
0.172,0.524,0.105,0.599,0.399761186
0.566,0.588,0.333,0.621,0.000898201
0.442,0.66,0.493,0.611,0.006955758
0.361,0.643,0.441,0.646,0.035317519
0.472,0.604,0.35,0.632,0.008928524
0.508,0.546,0.252,0.594,0.002380426
0.5,0.684,0.493,0.529,0.00146295
0.257,0.539,0.445,0.626,0.093681319
0.361,0.579,0.35,0.588,0.037889728
0.369,0.849,0.388,0.553,0.032480765
0.27,0.552,0.274,0.548,0.093955501
0.605,0.611,0.247,0.463,3.2285e-05
0.255,0.681,0.574,0.652,0.012543976
0.264,0.508,0.458,0.64,0.071712977
0.398,0.404,0.275,0.593,0.002008906
0.325,0.655,0.363,0.743,0.062816738
0.216,0.654,0.55,0.586,0.018083526
0.317,0.81,0.264,0.656,0.067798766
0.183,0.577,0.221,0.597,0.386448631
0.39,0.784,0.271,0.637,0.029686897
0.469,0.601,0.535,0.707,0.003261762
0.38,0.534,0.499,0.603,0.011812983
0.285,0.733,0.514,0.664,0.031475589
0.402,0.426,0.478,0.61,0.003760013
0.576,0.622,0.232,0.656,0.001333809
0.415,0.724,0.484,0.646,0.012052953
0.491,0.643,0.371,0.685,0.007782161
0.533,0.57,0.393,0.737,0.002216591
0.447,0.533,0.276,0.634,0.00912368
0.203,0.523,0.145,0.637,0.267830666
0.426,0.574,0.192,0.664,0.015946443
0.445,0.903,0.52,0.52,0.0
0.562,0.758,0.545,0.671,0.00104758
0.191,0.689,0.473,0.745,0.161943642
0.44,0.485,0.47,0.542,0.002265259
0.479,0.579,0.433,0.653,0.006531233
0.603,0.621,0.168,0.65,0.000409106
0.296,0.644,0.349,0.782,0.086861447
0.284,0.636,0.368,0.484,0.050374917
0.321,0.431,0.227,0.655,0.04757864
0.345,0.482,0.396,0.729,0.042360496
0.26,0.592,0.438,0.654,0.104162902
0.273,0.723,0.155,0.587,0.104716568
0.473,0.833,0.572,0.612,0.001226353
0.198,0.58,0.417,0.675,0.310434987
0.318,0.816,0.32,0.796,0.068582765
0.474,0.642,0.303,0.613,0.009063929
0.562,0.648,0.525,0.577,0.000604262
0.332,0.762,0.335,0.442,0.010757693
0.252,0.742,0.464,0.816,0.083761111
0.262,0.555,0.37,0.74,0.123817316
0.418,0.695,0.536,0.736,0.006908053
0.369,0.627,0.273,0.579,0.034866973
0.27,0.664,0.483,0.866,0.057052638
0.214,0.557,0.379,0.475,0.108756064
0.396,0.697,0.228,0.672,0.027479943
0.462,0.594,0.401,0.421,0.00129526
0.478,0.518,0.559,0.577,0.000259245
0.396,0.877,0.291,0.691,0.028135283
0.553,0.721,0.196,0.68,0.003546545
0.495,0.561,0.403,0.603,0.00442499
0.41,0.492,0.396,0.538,0.010024773
0.245,0.462,0.338,0.396,0.0
0.351,0.71,0.269,0.587,0.043779114
0.272,0.415,0.322,0.81,0.094419058
0.19,0.604,0.342,0.596,0.359383094
0.464,0.566,0.421,0.503,0.003480048
0.13,0.622,0.37,0.621,0.490723327
0.528,0.631,0.272,0.51,0.00224743
0.409,0.685,0.472,0.63,0.013848392
0.346,0.599,0.508,0.532,0.005408482
0.48,0.524,0.225,0.587,0.003698334
0.408,0.534,0.435,0.663,0.016193641
0.476,0.638,0.347,0.675,0.009435931
0.347,0.671,0.263,0.647,0.049275295
0.184,0.318,0.269,0.725,0.330484532
0.355,0.762,0.342,0.576,0.040961634
0.283,0.595,0.306,0.736,0.100356148
0.435,0.738,0.162,0.582,0.014127393
0.5,0.601,0.478,0.628,0.003598105
0.403,0.689,0.398,0.636,0.024046637
0.47,0.58,0.353,0.49,0.003786033
0.378,0.782,0.393,0.659,0.036177171
0.436,0.667,0.347,0.489,0.006947567
0.153,0.579,0.353,0.689,0.444872664
0.161,0.649,0.281,0.599,0.419204061
0.368,0.496,0.291,0.547,0.026240098
0.332,0.398,0.431,0.522,0.018006427
0.233,0.595,0.278,0.654,0.168761586
0.545,0.625,0.35,0.596,0.002814107
0.522,0.633,0.344,0.558,0.003623644
0.41,0.592,0.446,0.814,0.017441196
0.252,0.652,0.417,0.449,0.039071268
0.383,0.481,0.371,0.473,0.009663372
0.459,0.721,0.292,0.692,0.0125035
0.384,0.426,0.569,0.889,0.002058056
0.406,0.661,0.418,0.682,0.023709812
0.418,0.653,0.397,0.443,0.003305611
0.451,0.719,0.484,0.562,0.005179594
0.379,0.645,0.278,0.762,0.035667355
0.321,0.577,0.411,0.685,0.063227771
0.389,0.583,0.443,0.679,0.02383847
0.388,0.436,0.226,0.676,0.014958133
0.405,0.747,0.428,0.749,0.021977016
0.341,0.561,0.416,0.564,0.04243904
0.506,0.54,0.654,0.713,7.5653e-05
0.521,0.535,0.37,0.574,0.000762314
0.363,0.671,0.412,0.438,0.006262351
0.408,0.622,0.409,0.601,0.020401791
0.217,0.7,0.064,0.54,0.174363778
0.298,0.616,0.391,0.403,0.0
0.163,0.655,0.248,0.646,0.42586588
0.335,0.655,0.312,0.698,0.05633851
0.517,0.627,0.306,0.68,0.005079366
0.419,0.504,0.439,0.751,0.011450137
0.131,0.621,0.403,0.477,0.291611312
0.383,0.742,0.381,0.725,0.034272831
0.421,0.683,0.465,0.712,0.013588665
0.535,0.545,0.46,0.619,0.000421152
0.453,0.569,0.515,0.655,0.004223087
0.42,0.468,0.216,0.654,0.008639885
0.469,0.523,0.572,0.72,0.001050953
0.61,0.666,0.495,0.532,0.000176364
0.324,0.814,0.659,0.715,0.001036497
0.317,0.732,0.421,0.639,0.057136483
0.49,0.531,0.315,0.563,0.002772666
0.17,0.627,0.52,0.642,0.068966813
0.401,0.809,0.408,0.621,0.024623433
0.422,0.538,0.459,0.745,0.010939357
0.285,0.526,0.401,0.735,0.09422342
0.386,0.516,0.298,0.33,0.0
0.469,0.479,0.548,0.578,0.00011613
0.467,0.602,0.559,0.709,0.00234284
0.197,0.685,0.484,0.668,0.134700777
0.446,0.78,0.508,0.584,0.004676043
0.34,0.79,0.383,0.445,0.011382676
0.233,0.633,0.526,0.628,0.037590489
0.338,0.773,0.332,0.829,0.055897119
0.444,0.714,0.134,0.598,0.013240275
0.424,0.462,0.381,0.529,0.004543047
0.423,0.517,0.465,0.547,0.005339093
0.241,0.637,0.321,0.649,0.154217377
0.222,0.64,0.222,0.424,0.031497273
0.229,0.531,0.204,0.522,0.131300238
0.453,0.547,0.394,0.768,0.00961133
0.296,0.552,0.31,0.616,0.079664755
0.179,0.569,0.432,0.814,0.327416482
0.386,0.664,0.215,0.697,0.032101535
0.202,0.686,0.326,0.737,0.284102852
0.302,0.752,0.508,0.65,0.029091309
0.315,0.531,0.412,0.502,0.038085849
0.384,0.624,0.461,0.599,0.019626466
0.218,0.684,0.364,0.824,0.21102619
0.408,0.55,0.236,0.622,0.018625145
0.391,0.623,0.374,0.618,0.027415855
0.616,0.74,0.17,0.592,0.000997948
0.402,0.536,0.387,0.519,0.012699138
0.233,0.58,0.421,0.777,0.143805183
0.261,0.649,0.32,0.342,0.0
0.455,0.519,0.365,0.537,0.005022987
0.346,0.761,0.301,0.473,0.021212774
0.507,0.65,0.264,0.562,0.004802292
0.338,0.724,0.383,0.467,0.02101039
0.398,0.606,0.287,0.593,0.022906057
0.447,0.725,0.237,0.587,0.0124158
0.492,0.792,0.563,0.781,0.002105761
0.433,0.895,0.458,0.536,0.006902753
0.506,0.692,0.34,0.68,0.006720607
0.58,0.628,0.562,0.591,0.00013926
0.387,0.829,0.336,0.688,0.032218147
0.408,0.655,0.366,0.506,0.012202332
0.358,0.856,0.316,0.809,0.046425049
0.223,0.568,0.363,0.667,0.192426584
0.308,0.806,0.308,0.61,0.071753935
0.347,0.701,0.342,0.628,0.048665733
0.261,0.693,0.282,0.584,0.116683267
0.372,0.568,0.416,0.454,0.010452671
0.395,0.419,0.349,0.578,0.006975515
0.221,0.519,0.238,0.666,0.194615226
0.381,0.647,0.517,0.761,0.013158358
0.36,0.546,0.438,0.526,0.022563931
0.56,0.73,0.472,0.56,0.001478852
0.456,0.833,0.522,0.6,0.003927703
0.468,0.712,0.338,0.63,0.010604459
0.495,0.551,0.21,0.596,0.003830847
0.377,0.611,0.456,0.708,0.025660893
0.381,0.594,0.328,0.614,0.0313132
0.42,0.718,0.306,0.576,0.01648999
0.348,0.702,0.367,0.731,0.05040913
0.445,0.715,0.304,0.694,0.014709971
0.444,0.562,0.375,0.733,0.01196959
0.376,0.62,0.271,0.707,0.036628199
0.326,0.588,0.423,0.525,0.033680133
0.343,0.671,0.514,0.516,0.000443318
0.458,0.686,0.479,0.583,0.005889385
0.299,0.465,0.401,0.603,0.068161131
0.381,0.399,0.425,0.709,0.007095018
0.414,0.568,0.526,0.532,0.000527645
0.296,0.482,0.524,0.7,0.021515869
0.363,0.488,0.326,0.76,0.034900704
0.402,0.638,0.374,0.47,0.008488097
0.093,0.547,0.455,0.509,0.371765163
0.443,0.602,0.531,0.895,0.004949744
0.39,0.584,0.473,0.739,0.018047868
0.321,0.507,0.394,0.722,0.059031668
0.328,0.674,0.428,0.446,0.004680862
0.405,0.601,0.467,0.485,0.002056611
0.549,0.707,0.222,0.544,0.002540406
0.427,0.795,0.458,0.772,0.013844537
0.355,0.835,0.268,0.694,0.047357944
0.3,0.61,0.219,0.578,0.0726531
0.302,0.408,0.386,0.624,0.055872544
0.267,0.519,0.472,0.544,0.040296657
0.494,0.82,0.296,0.652,0.008168619
0.221,0.712,0.436,0.61,0.16163862
0.498,0.522,0.272,0.72,0.00210287
0.24,0.428,0.403,0.459,0.053770638
0.392,0.542,0.278,0.526,0.016562752
0.386,0.492,0.115,0.563,0.019800902
0.328,0.748,0.408,0.674,0.060711458
0.348,0.676,0.354,0.392,0.0
0.41,0.535,0.551,0.679,0.004647131
0.395,0.441,0.162,0.451,0.002976014
0.249,0.631,0.304,0.578,0.129480224
0.432,0.63,0.369,0.671,0.016294352
0.64,0.755,0.404,0.652,0.000840377
0.273,0.465,0.433,0.689,0.085670271
0.323,0.479,0.509,0.635,0.018393367
0.47,0.594,0.169,0.619,0.008679399
0.279,0.693,0.338,0.678,0.105875459
0.244,0.638,0.441,0.716,0.122408817
0.382,0.77,0.265,0.663,0.034225126
0.406,0.406,0.201,0.667,0.0
0.247,0.583,0.218,0.698,0.144874929
0.357,0.781,0.219,0.603,0.043012944
0.431,0.629,0.517,0.697,0.007004909
0.269,0.537,0.396,0.816,0.114885419
0.385,0.755,0.391,0.555,0.025826174
0.384,0.512,0.269,0.433,0.003464628
0.339,0.745,0.422,0.642,0.045760553
0.477,0.593,0.421,0.761,0.007477139
0.381,0.571,0.346,0.816,0.032672548
0.502,0.708,0.374,0.696,0.007243915
0.472,0.77,0.344,0.552,0.007959488
0.206,0.66,0.463,0.481,0.027063128
0.467,0.607,0.096,0.582,0.008543994
0.195,0.605,0.429,0.445,0.031283324
0.453,0.537,0.4,0.438,0.00120756
0.526,0.738,0.45,0.591,0.003651111
0.355,0.609,0.301,0.485,0.021966897
0.37,0.574,0.423,0.514,0.019040515
0.398,0.684,0.399,0.677,0.026683416
0.436,0.5,0.439,0.591,0.006524005
0.257,0.579,0.34,0.35,0.0
0.446,0.548,0.292,0.582,0.009042245
0.339,0.756,0.418,0.856,0.055375739
0.471,0.62,0.369,0.421,0.001186358
0.456,0.682,0.454,0.472,0.001320317
0.493,0.608,0.344,0.386,0.0
0.152,0.566,0.417,0.735,0.447011674
0.397,0.497,0.446,0.706,0.01595078
0.373,0.521,0.378,0.743,0.033517262
0.429,0.461,0.378,0.544,0.004047688
0.391,0.885,0.329,0.663,0.029956743
0.424,0.506,0.28,0.284,0.0
0.37,0.676,0.319,0.423,0.005420528
0.341,0.815,0.525,0.697,0.016769955
0.548,0.76,0.565,0.875,0.000975782
0.553,0.631,0.415,0.591,0.002391991
0.371,0.776,0.259,0.683,0.040063915
0.415,0.589,0.433,0.642,0.016432166
0.578,0.734,0.431,0.473,0.000427417
0.522,0.608,0.515,0.633,0.001776646
0.472,0.694,0.331,0.561,0.008135852
0.25,0.648,0.466,0.68,0.081898211
0.202,0.684,0.548,0.554,0.005688447
0.443,0.541,0.183,0.675,0.010691196
0.51,0.591,0.49,0.552,0.001530411
0.49,0.866,0.178,0.674,0.008783964
0.303,0.711,0.437,0.727,0.068855984
0.381,0.594,0.457,0.632,0.022317214
0.382,0.504,0.503,0.655,0.011320997
0.424,0.789,0.458,0.496,0.003781697
0.253,0.603,0.419,0.473,0.041926333
0.199,0.687,0.495,0.703,0.113649911
0.288,0.716,0.359,0.383,0.0
0.172,0.515,0.33,0.573,0.388972654
0.361,0.776,0.191,0.685,0.044440236
0.303,0.617,0.278,0.77,0.079650781
0.392,0.676,0.411,0.471,0.01033365
0.529,0.577,0.362,0.704,0.002792904
0.488,0.562,0.609,0.645,0.000298758
0.322,0.62,0.378,0.584,0.057042037
0.511,0.517,0.133,0.627,0.000454883
0.417,0.535,0.195,0.677,0.015994148
0.494,0.548,0.364,0.701,0.004258746
0.377,0.404,0.414,0.726,0.012187394
0.381,0.8,0.49,0.68,0.018498896
0.427,0.543,0.335,0.811,0.014351944
0.392,0.69,0.368,0.62,0.027744007
0.254,0.388,0.461,0.793,0.062966117
0.432,0.706,0.484,0.634,0.009460506
0.48,0.486,0.328,0.688,0.000702563
0.222,0.713,0.204,0.67,0.197781578
0.264,0.526,0.335,0.681,0.118594836
0.385,0.502,0.486,0.862,0.014121129
0.421,0.687,0.118,0.552,0.014401094
0.269,0.649,0.33,0.49,0.065821182
0.53,0.638,0.407,0.537,0.002824708
0.394,0.415,0.497,0.643,0.003322959
0.297,0.447,0.391,0.581,0.06485841
0.501,0.559,0.224,0.65,0.004067444
0.333,0.721,0.491,0.631,0.026533074
0.294,0.62,0.351,0.792,0.088689171
0.524,0.704,0.44,0.734,0.004722302
0.489,0.841,0.4,0.633,0.00854303
0.3,0.79,0.386,0.732,0.083666183
0.566,0.574,0.38,0.75,0.000422598
0.281,0.385,0.179,0.503,0.046654418
0.431,0.461,0.248,0.498,0.002628106
0.276,0.604,0.353,0.631,0.106119284
0.485,0.596,0.513,0.753,0.003421742
0.386,0.568,0.202,0.658,0.029280683
0.321,0.579,0.479,0.835,0.035297281
0.373,0.549,0.546,0.69,0.008085738
0.374,0.82,0.458,0.604,0.02408085
0.436,0.588,0.316,0.518,0.008690963
0.419,0.739,0.504,0.594,0.007498341
0.266,0.58,0.415,0.583,0.109433569
0.27,0.688,0.404,0.46,0.044018602
0.328,0.718,0.239,0.517,0.039822981
0.195,0.671,0.421,0.806,0.284973586
0.343,0.745,0.251,0.647,0.051680296
0.215,0.623,0.445,0.747,0.166364295
0.365,0.421,0.477,0.663,0.011735403
0.415,0.597,0.432,0.758,0.017550099
0.246,0.744,0.24,0.56,0.128194119
0.296,0.506,0.515,0.593,0.019791746
0.461,0.623,0.402,0.84,0.011408215
0.316,0.538,0.454,0.538,0.029631
0.434,0.584,0.525,0.572,0.002752909
0.506,0.562,0.436,0.442,0.000130104
0.541,0.583,0.365,0.585,0.001982885
0.417,0.521,0.219,0.507,0.008221143
0.393,0.455,0.295,0.587,0.014175098
0.293,0.571,0.323,0.515,0.05903745
0.35,0.459,0.35,0.532,0.02734743
0.414,0.705,0.373,0.707,0.021592967
0.313,0.812,0.56,0.708,0.012368577
0.171,0.548,0.37,0.652,0.411852207
0.321,0.795,0.204,0.49,0.033244043
0.242,0.37,0.266,0.526,0.088762415
0.403,0.575,0.113,0.515,0.013400255
0.521,0.586,0.403,0.693,0.003723873
0.184,0.646,0.582,0.642,0.013783822
0.213,0.651,0.19,0.666,0.225462942
0.482,0.632,0.507,0.553,0.001936144
0.448,0.656,0.335,0.484,0.005542441
0.416,0.538,0.438,0.708,0.01444398
0.448,0.569,0.379,0.833,0.011697817
0.46,0.528,0.345,0.714,0.007212112
0.571,0.649,0.191,0.535,0.001195513
0.499,0.725,0.446,0.708,0.006401611
0.389,0.683,0.537,0.553,0.002019025
0.36,0.396,0.247,0.643,0.016700566
0.508,0.867,0.198,0.548,0.004905894
0.563,0.563,0.449,0.639,0.0
0.388,0.736,0.38,0.442,0.005136226
0.354,0.852,0.3,0.664,0.047288073
0.361,0.407,0.461,0.615,0.011684807
0.489,0.559,0.461,0.631,0.003665567
0.436,0.578,0.426,0.442,0.000565231
0.152,0.606,0.351,0.512,0.349346756
0.411,0.535,0.411,0.477,0.006802043
0.43,0.748,0.519,0.653,0.006885887
0.433,0.725,0.564,0.638,0.003031911
0.42,0.5,0.287,0.753,0.012676972
0.418,0.53,0.314,0.626,0.014679132
0.221,0.433,0.443,0.663,0.141640634
0.36,0.632,0.54,0.623,0.009096696
0.336,0.726,0.384,0.664,0.05568317
0.345,0.623,0.545,0.589,0.006606404
0.447,0.549,0.359,0.519,0.006365952
0.571,0.583,0.503,0.519,5.5897e-05
0.159,0.557,0.292,0.574,0.408746571
0.539,0.612,0.203,0.484,0.001249001
0.507,0.811,0.48,0.494,0.000500179
0.215,0.671,0.366,0.734,0.219806781
0.561,0.585,0.39,0.63,0.001064445
0.252,0.632,0.46,0.676,0.085730986
0.37,0.75,0.56,0.796,0.007820711
0.27,0.551,0.607,0.627,0.002222373
0.207,0.621,0.397,0.587,0.238399641
0.145,0.623,0.414,0.525,0.384004117
0.407,0.547,0.448,0.814,0.01606932
0.224,0.666,0.411,0.569,0.172994311
0.406,0.771,0.514,0.588,0.00721934
0.342,0.564,0.447,0.595,0.034145617
0.285,0.531,0.414,0.484,0.048033041
0.311,0.543,0.414,0.47,0.028123237
0.37,0.578,0.413,0.639,0.037091756
0.619,0.701,0.306,0.633,0.000837004
0.254,0.69,0.291,0.521,0.098960178
0.509,0.773,0.297,0.727,0.006908053
0.168,0.448,0.448,0.728,0.265110524
0.405,0.451,0.395,0.469,0.003687732
0.27,0.675,0.329,0.677,0.116818672
0.37,0.594,0.2,0.69,0.038712276
0.384,0.566,0.469,0.683,0.019403361
0.31,0.712,0.62,0.626,0.000547883
0.373,0.619,0.286,0.76,0.038266067
0.338,0.66,0.414,0.584,0.048679225
0.365,0.551,0.385,0.623,0.037282093
0.398,0.8,0.149,0.645,0.026523918
0.175,0.577,0.421,0.499,0.214688865
0.234,0.271,0.522,0.558,0.006604959
0.297,0.691,0.312,0.644,0.084002045
0.409,0.609,0.436,0.663,0.019002929
0.211,0.531,0.183,0.445,0.056224307
0.434,0.782,0.389,0.622,0.016022578
0.45,0.562,0.232,0.69,0.010830937
0.253,0.721,0.338,0.744,0.138800024
0.529,0.594,0.449,0.539,0.001621002
0.501,0.879,0.415,0.469,0.002313928
0.589,0.72,0.496,0.659,0.001087575
0.413,0.531,0.326,0.618,0.015796582
0.565,0.597,0.255,0.483,0.000446209
0.429,0.581,0.366,0.668,0.015586006
0.646,0.676,0.363,0.611,0.000300685
0.57,0.72,0.426,0.692,0.002383799
0.34,0.558,0.486,0.524,0.010539889
0.395,0.571,0.26,0.732,0.025854122
0.315,0.563,0.594,0.628,0.003260316
0.466,0.542,0.43,0.554,0.004520881
0.578,0.674,0.329,0.639,0.001853745
0.511,0.753,0.263,0.74,0.006707596
0.457,0.777,0.339,0.353,0.0
0.305,0.679,0.498,0.652,0.032800725
0.345,0.659,0.502,0.688,0.021842093
0.337,0.559,0.377,0.647,0.05138443
0.627,0.629,0.388,0.62,2.9876e-05
0.273,0.643,0.456,0.646,0.072989444
0.377,0.647,0.203,0.455,0.010193908
0.464,0.696,0.589,0.705,0.001596909
0.527,0.585,0.352,0.767,0.003259352
0.363,0.685,0.341,0.467,0.016312181
0.573,0.597,0.366,0.66,0.000885191
0.515,0.668,0.303,0.693,0.005794939
0.333,0.627,0.469,0.809,0.035141638
0.417,0.607,0.397,0.491,0.008663497
0.499,0.673,0.297,0.331,0.0
0.159,0.583,0.267,0.689,0.434187251
0.31,0.778,0.367,0.815,0.07490824
0.197,0.645,0.404,0.452,0.108505011
0.558,0.668,0.457,0.577,0.001735687
0.603,0.691,0.25,0.716,0.001228762
0.603,0.667,0.223,0.651,0.001000357
0.225,0.517,0.329,0.399,0.0
0.414,0.446,0.369,0.659,0.006938411
0.477,0.581,0.476,0.496,0.000826403
0.472,0.58,0.467,0.551,0.003576903
0.548,0.72,0.225,0.589,0.003323441
0.241,0.481,0.428,0.876,0.124556019
0.486,0.864,0.337,0.566,0.007295957
0.338,0.522,0.234,0.728,0.049808241
0.24,0.502,0.347,0.57,0.135798953
0.445,0.62,0.456,0.464,0.000705936
0.434,0.564,0.462,0.584,0.007597124
0.43,0.755,0.398,0.668,0.017658037
0.218,0.526,0.382,0.716,0.205285702
0.466,0.544,0.108,0.508,0.003998055
0.237,0.607,0.271,0.523,0.120491466
0.327,0.435,0.3,0.626,0.043493366
0.566,0.6,0.418,0.464,0.000354173
0.56,0.764,0.377,0.665,0.00332585
0.655,0.689,0.615,0.621,3.373e-06
0.493,0.909,0.333,0.727,0.008601336
0.534,0.696,0.424,0.632,0.003888671
0.412,0.454,0.38,0.752,0.008990203
0.417,0.455,0.454,0.478,0.001062518
0.316,0.596,0.382,0.733,0.06801127
0.179,0.635,0.358,0.73,0.408386616
0.329,0.581,0.485,0.563,0.020650916
0.313,0.389,0.365,0.747,0.040778043
0.569,0.701,0.381,0.581,0.002096606
0.319,0.749,0.342,0.729,0.067534703
0.387,0.779,0.527,0.628,0.009618077
0.32,0.702,0.395,0.555,0.053702694
0.526,0.554,0.401,0.445,0.00033297
0.26,0.612,0.515,0.573,0.02465379
0.527,0.535,0.39,0.578,0.000408624
0.295,0.707,0.426,0.731,0.075415165
0.464,0.473,0.308,0.726,0.001188767
0.549,0.689,0.389,0.71,0.003629426
0.396,0.73,0.4,0.708,0.028011443
0.327,0.619,0.261,0.591,0.055039877
0.223,0.601,0.44,0.668,0.15767285
0.461,0.725,0.511,0.553,0.002366933
0.498,0.597,0.188,0.621,0.00573567
0.581,0.633,0.508,0.538,0.000202384
0.551,0.637,0.428,0.558,0.001913496
0.282,0.667,0.155,0.591,0.094518805
0.419,0.698,0.357,0.583,0.017060039
0.269,0.687,0.344,0.594,0.110278283
0.427,0.449,0.229,0.718,0.00430645
0.25,0.68,0.347,0.705,0.142317658
0.268,0.73,0.308,0.696,0.119866966
0.424,0.596,0.445,0.823,0.014565411
0.181,0.645,0.276,0.654,0.401997534
0.16,0.648,0.234,0.534,0.373229558
0.289,0.733,0.421,0.505,0.044428189
0.372,0.676,0.495,0.673,0.018606352
0.405,0.481,0.454,0.565,0.008145007
