0.1,0.262,0.155,0.223,0.0
0.0,0.193,0.166,0.274,0.0
0.183,0.247,0.086,0.316,0.0
0.191,0.291,0.137,0.203,0.0
0.156,0.258,0.143,0.214,0.0
0.152,0.308,0.085,0.311,0.0
0.193,0.207,0.088,0.266,0.0
0.156,0.236,0.236,0.24,0.0
0.128,0.304,0.194,0.256,0.0
0.172,0.178,0.113,0.227,0.0
0.206,0.208,0.075,0.307,0.0
0.136,0.256,0.161,0.172,0.0
0.083,0.301,0.1,0.324,0.0
0.129,0.173,0.184,0.223,0.0
0.147,0.259,0.209,0.241,0.0
0.18,0.246,0.15,0.318,0.0
0.107,0.221,0.143,0.177,0.0
0.028,0.272,0.196,0.282,0.0
0.2,0.204,0.128,0.298,0.0
0.099,0.245,0.127,0.154,0.0
0.102,0.24,0.16,0.252,0.0
0.124,0.272,0.086,0.334,0.0
0.071,0.303,0.187,0.253,0.0
0.132,0.252,0.074,0.314,0.0
0.112,0.358,0.134,0.242,0.0
0.133,0.359,0.051,0.211,0.0
0.099,0.297,0.098,0.278,0.0
0.164,0.214,0.221,0.293,0.0
0.209,0.239,0.019,0.233,0.0
0.096,0.214,0.208,0.218,0.0
0.168,0.252,0.092,0.178,0.0
0.128,0.302,0.085,0.212,0.0
0.178,0.316,0.187,0.193,0.0
0.088,0.198,0.081,0.263,0.0
0.09,0.28,0.069,0.296,0.0
0.121,0.349,0.113,0.161,0.0
0.05,0.294,0.101,0.245,0.0
0.133,0.321,0.17,0.24,0.0
0.191,0.259,0.208,0.256,0.0
0.159,0.267,0.15,0.194,0.0
0.075,0.181,0.176,0.332,0.0
0.075,0.281,0.13,0.3,0.0
0.251,0.301,0.065,0.301,0.0
0.088,0.334,0.143,0.217,0.0
0.026,0.262,0.165,0.297,0.0
0.103,0.279,0.158,0.208,0.0
0.133,0.349,0.228,0.362,0.0
0.098,0.294,0.143,0.275,0.0
0.192,0.207,0.13,0.23,0.0
0.171,0.185,0.192,0.394,0.0
0.201,0.273,0.166,0.23,0.0
0.192,0.248,0.171,0.209,0.0
0.201,0.269,0.119,0.279,0.0
0.088,0.266,0.111,0.245,0.0
0.105,0.219,0.179,0.191,0.0
0.094,0.208,0.159,0.261,0.0
0.143,0.177,0.203,0.233,0.0
0.165,0.317,0.084,0.322,0.0
0.186,0.192,0.037,0.281,0.0
0.146,0.244,0.103,0.229,0.0
0.135,0.317,0.139,0.211,0.0
0.087,0.281,0.127,0.243,0.0
0.061,0.282,0.117,0.269,0.0
0.243,0.275,0.061,0.263,0.0
0.076,0.294,0.119,0.359,0.0
0.099,0.289,0.119,0.261,0.0
0.167,0.309,0.077,0.305,0.0
0.084,0.328,0.09,0.336,0.0
0.225,0.269,0.082,0.276,0.0
0.213,0.278,0.138,0.222,0.0
0.162,0.192,0.158,0.196,0.0
0.182,0.228,0.087,0.333,0.0
0.085,0.323,0.161,0.263,0.0
0.144,0.28,0.144,0.176,0.0
0.172,0.228,0.194,0.2,0.0
0.137,0.323,0.195,0.256,0.0
0.273,0.301,0.153,0.293,0.0
0.161,0.209,0.13,0.196,0.0
0.162,0.182,0.175,0.185,0.0
0.06,0.264,0.152,0.234,0.0
0.109,0.227,0.16,0.348,0.0
0.155,0.333,0.183,0.205,0.0
0.154,0.216,0.136,0.278,0.0
0.242,0.268,0.137,0.315,0.0
0.141,0.259,0.076,0.292,0.0
0.049,0.293,0.121,0.193,0.0
0.163,0.257,0.124,0.334,0.0
0.181,0.197,0.134,0.332,0.0
0.116,0.256,0.09,0.334,0.0
0.023,0.265,0.202,0.208,0.0
0.14,0.366,0.127,0.229,0.0
0.085,0.285,0.139,0.259,0.0
0.071,0.268,0.116,0.242,0.0
0.191,0.279,0.156,0.276,0.0
0.131,0.233,0.206,0.248,0.0
0.122,0.308,0.077,0.219,0.0
0.131,0.245,0.231,0.287,0.0
0.149,0.193,0.155,0.309,0.0
0.118,0.16,0.068,0.195,0.0
0.153,0.291,0.071,0.272,0.0
0.205,0.213,0.109,0.195,0.0
0.213,0.287,0.189,0.309,0.0
0.127,0.231,0.133,0.223,0.0
0.159,0.337,0.223,0.237,0.0
0.115,0.247,0.077,0.245,0.0
0.071,0.315,0.045,0.277,0.0
0.172,0.34,0.188,0.298,0.0
0.153,0.211,0.132,0.24,0.0
0.142,0.238,0.124,0.281,0.0
0.126,0.308,0.092,0.29,0.0
0.15,0.236,0.073,0.297,0.0
0.228,0.248,0.136,0.255,0.0
0.119,0.255,0.071,0.295,0.0
0.024,0.252,0.082,0.288,0.0
0.093,0.301,0.08,0.322,0.0
0.043,0.279,0.092,0.23,0.0
0.153,0.257,0.105,0.223,0.0
0.08,0.278,0.138,0.252,0.0
0.121,0.273,0.142,0.364,0.0
0.131,0.247,0.163,0.377,0.0
0.119,0.291,0.177,0.297,0.0
0.078,0.205,0.129,0.307,0.0
0.089,0.259,0.164,0.226,0.0
0.052,0.276,0.126,0.234,0.0
0.159,0.182,0.159,0.207,0.0
0.157,0.233,0.149,0.195,0.0
0.104,0.352,0.134,0.226,0.0
0.092,0.242,0.185,0.301,0.0
0.095,0.237,0.179,0.281,0.0
0.157,0.361,0.085,0.255,0.0
0.202,0.324,0.105,0.347,0.0
0.134,0.254,0.203,0.249,0.0
0.077,0.273,0.108,0.218,0.0
0.1,0.196,0.223,0.227,0.0
0.146,0.3,0.145,0.173,0.0
0.124,0.266,0.192,0.218,0.0
0.254,0.278,0.075,0.287,0.0
0.15,0.332,0.195,0.257,0.0
0.159,0.171,0.088,0.265,0.0
0.123,0.277,0.08,0.292,0.0
0.081,0.323,0.104,0.31,0.0
0.201,0.286,0.205,0.251,0.0
0.008,0.24,0.207,0.217,0.0
0.19,0.318,0.203,0.266,0.0
0.206,0.268,0.094,0.284,0.0
0.105,0.31,0.148,0.252,0.0
0.195,0.299,0.126,0.26,0.0
0.129,0.249,0.156,0.192,0.0
0.091,0.259,0.207,0.223,0.0
0.105,0.201,0.169,0.231,0.0
0.086,0.316,0.212,0.248,0.0
0.192,0.276,0.027,0.261,0.0
0.118,0.236,0.085,0.261,0.0
0.038,0.262,0.082,0.272,0.0
0.194,0.228,0.124,0.299,0.0
0.056,0.3,0.208,0.24,0.0
0.161,0.199,0.153,0.363,0.0
0.139,0.319,0.088,0.246,0.0
0.12,0.357,0.216,0.295,0.0
0.184,0.262,0.142,0.212,0.0
0.109,0.317,0.146,0.382,0.0
0.205,0.245,0.116,0.32,0.0
0.131,0.285,0.049,0.223,0.0
0.22,0.294,0.177,0.199,0.0
0.152,0.316,0.06,0.272,0.0
0.174,0.214,0.112,0.236,0.0
0.133,0.233,0.209,0.33,0.0
0.127,0.283,0.18,0.246,0.0
0.126,0.336,0.196,0.23,0.0
0.172,0.252,0.126,0.232,0.0
0.015,0.255,0.148,0.19,0.0
0.128,0.248,0.149,0.341,0.0
0.116,0.336,0.171,0.269,0.0
0.177,0.205,0.142,0.352,0.0
0.166,0.332,0.119,0.267,0.0
0.084,0.324,0.135,0.173,0.0
0.119,0.309,0.131,0.229,0.0
0.112,0.24,0.096,0.316,0.0
0.101,0.267,0.159,0.235,0.0
0.176,0.246,0.151,0.181,0.0
0.068,0.31,0.095,0.273,0.0
0.093,0.227,0.163,0.221,0.0
0.143,0.309,0.077,0.291,0.0
0.214,0.228,0.087,0.299,0.0
0.161,0.231,0.2,0.3,0.0
0.134,0.296,0.102,0.196,0.0
0.127,0.307,0.186,0.186,0.0
0.145,0.279,0.14,0.317,0.0
0.215,0.225,0.093,0.187,0.0
0.15,0.15,0.155,0.239,0.0
0.174,0.194,0.156,0.214,0.0
0.122,0.162,0.118,0.274,0.0
0.18,0.306,0.109,0.335,0.0
0.151,0.263,0.135,0.319,0.0
0.169,0.179,0.056,0.272,0.0
0.118,0.182,0.206,0.224,0.0
0.124,0.232,0.131,0.291,0.0
0.147,0.281,0.15,0.168,0.0
0.124,0.242,0.099,0.342,0.0
0.19,0.264,0.17,0.284,0.0
0.154,0.168,0.144,0.272,0.0
0.092,0.322,0.149,0.305,0.0
0.139,0.355,0.171,0.207,0.0
0.138,0.325,0.102,0.334,0.0
0.192,0.262,0.158,0.284,0.0
0.124,0.268,0.052,0.284,0.0
0.225,0.237,0.228,0.284,0.0
0.119,0.208,0.084,0.294,0.0
0.165,0.337,0.142,0.28,0.0
0.123,0.23,0.105,0.181,0.0
0.067,0.271,0.169,0.245,0.0
0.163,0.233,0.176,0.212,0.0
0.128,0.188,0.118,0.35,0.0
0.095,0.195,0.183,0.259,0.0
0.139,0.273,0.137,0.247,0.0
0.193,0.267,0.041,0.289,0.0
0.114,0.232,0.17,0.208,0.0
0.207,0.235,0.163,0.229,0.0
0.193,0.223,0.213,0.231,0.0
0.265,0.311,0.083,0.301,0.0
0.193,0.233,0.08,0.281,0.0
0.094,0.316,0.133,0.311,0.0
0.115,0.355,0.15,0.36,0.0
0.158,0.22,0.13,0.134,0.0
0.125,0.309,0.141,0.239,0.0
0.12,0.214,0.063,0.259,0.0
0.155,0.235,0.257,0.279,0.0
0.105,0.248,0.119,0.349,0.0
0.169,0.313,0.12,0.246,0.0
0.167,0.247,0.17,0.224,0.0
0.192,0.238,0.169,0.339,0.0
0.174,0.236,0.119,0.351,0.0
0.229,0.231,0.142,0.242,0.0
0.216,0.252,0.157,0.259,0.0
0.089,0.155,0.197,0.257,0.0
0.143,0.272,0.134,0.218,0.0
0.11,0.286,0.125,0.259,0.0
0.183,0.189,0.239,0.289,0.0
0.239,0.263,0.083,0.195,0.0
0.184,0.192,0.118,0.256,0.0
0.152,0.302,0.141,0.363,0.0
0.088,0.334,0.101,0.297,0.0
0.098,0.178,0.033,0.255,0.0
0.178,0.288,0.284,0.288,0.0
0.173,0.231,0.172,0.23,0.0
0.194,0.272,0.175,0.261,0.0
0.146,0.29,0.156,0.176,0.0
0.113,0.333,0.079,0.259,0.0
0.139,0.353,0.125,0.199,0.0
0.094,0.31,0.224,0.248,0.0
0.233,0.245,0.122,0.296,0.0
0.227,0.271,0.191,0.305,0.0
0.185,0.235,0.129,0.351,0.0
0.196,0.288,0.171,0.207,0.0
0.107,0.203,0.27,0.274,0.0
0.187,0.235,0.172,0.264,0.0
0.095,0.229,0.171,0.187,0.0
0.175,0.239,0.123,0.229,0.0
0.146,0.21,0.172,0.274,0.0
0.156,0.236,0.059,0.307,0.0
0.193,0.243,0.185,0.227,0.0
0.17,0.216,0.05,0.282,0.0
0.218,0.26,0.139,0.301,0.0
0.163,0.199,0.133,0.257,0.0
0.202,0.246,0.04,0.258,0.0
0.169,0.241,0.093,0.227,0.0
0.133,0.333,0.159,0.221,0.0
0.183,0.203,0.031,0.269,0.0
0.19,0.24,0.154,0.198,0.0
0.215,0.227,0.228,0.241,0.0
0.072,0.21,0.095,0.329,0.0
0.15,0.312,0.109,0.269,0.0
0.139,0.293,0.155,0.233,0.0
0.222,0.252,0.161,0.291,0.0
0.174,0.29,0.052,0.28,0.0
0.21,0.224,0.132,0.262,0.0
0.083,0.299,0.152,0.21,0.0
0.171,0.213,0.193,0.247,0.0
0.135,0.227,0.091,0.331,0.0
0.155,0.307,0.174,0.338,0.0
0.158,0.272,0.123,0.345,0.0
0.059,0.257,0.086,0.22,0.0
0.151,0.301,0.078,0.312,0.0
0.137,0.301,0.164,0.234,0.0
0.059,0.295,0.139,0.191,0.0
0.053,0.298,0.093,0.319,0.0
0.138,0.228,0.131,0.227,0.0
0.152,0.222,0.185,0.241,0.0
0.141,0.235,0.123,0.193,0.0
0.095,0.249,0.123,0.265,0.0
0.107,0.209,0.165,0.171,0.0
0.113,0.177,0.192,0.252,0.0
0.2,0.232,0.111,0.207,0.0
0.115,0.268,0.125,0.197,0.0
0.108,0.326,0.049,0.283,0.0
0.12,0.37,0.116,0.138,0.0
0.092,0.276,0.002,0.216,0.0
0.062,0.235,0.169,0.253,0.0
0.196,0.346,0.093,0.321,0.0
0.112,0.282,0.08,0.31,0.0
0.175,0.223,0.174,0.232,0.0
0.18,0.264,0.032,0.272,0.0
0.05,0.274,0.144,0.31,0.0
0.115,0.281,0.144,0.3,0.0
0.067,0.199,0.074,0.284,0.0
0.09,0.232,0.111,0.215,0.0
0.095,0.335,0.144,0.322,0.0
0.102,0.202,0.093,0.273,0.0
0.079,0.317,0.116,0.318,0.0
0.084,0.302,0.2,0.216,0.0
0.187,0.241,0.189,0.223,0.0
0.171,0.257,0.121,0.327,0.0
0.217,0.309,0.059,0.261,0.0
0.183,0.333,0.187,0.237,0.0
0.107,0.279,0.105,0.281,0.0
0.107,0.265,0.069,0.273,0.0
0.153,0.213,0.119,0.199,0.0
0.134,0.278,0.12,0.156,0.0
0.208,0.248,0.169,0.269,0.0
0.135,0.271,0.109,0.227,0.0
0.207,0.247,0.125,0.278,0.0
0.075,0.265,0.15,0.328,0.0
0.136,0.146,0.13,0.372,0.0
0.242,0.286,0.191,0.213,0.0
0.076,0.278,0.097,0.341,0.0
0.17,0.298,0.005,0.181,0.0
0.131,0.214,0.137,0.203,0.0
0.095,0.312,0.22,0.308,0.0
0.085,0.291,0.177,0.283,0.0
0.18,0.282,0.134,0.242,0.0
0.145,0.249,0.161,0.209,0.0
0.098,0.316,0.161,0.309,0.0
0.196,0.378,0.185,0.355,0.0
0.062,0.144,0.125,0.301,0.0
0.129,0.189,0.274,0.278,0.0
0.185,0.231,0.164,0.294,0.0
0.112,0.218,0.185,0.233,0.0
0.226,0.252,0.079,0.267,0.0
0.049,0.293,0.151,0.253,0.0
0.219,0.243,0.213,0.279,0.0
0.125,0.251,0.145,0.229,0.0
0.144,0.186,0.13,0.288,0.0
0.146,0.234,0.165,0.255,0.0
0.042,0.292,0.143,0.287,0.0
0.072,0.268,0.08,0.272,0.0
0.083,0.291,0.179,0.191,0.0
0.189,0.207,0.017,0.189,0.0
0.201,0.241,0.115,0.273,0.0
0.111,0.251,0.104,0.306,0.0
0.103,0.207,0.137,0.341,0.0
0.164,0.308,0.142,0.336,0.0
0.156,0.274,0.128,0.334,0.0
0.135,0.221,0.173,0.351,0.0
0.087,0.303,0.099,0.307,0.0
0.183,0.269,0.209,0.229,0.0
0.063,0.253,0.229,0.319,0.0
0.184,0.27,0.131,0.257,0.0
0.106,0.276,0.197,0.301,0.0
0.067,0.217,0.133,0.341,0.0
0.083,0.295,0.159,0.299,0.0
0.145,0.279,0.103,0.247,0.0
0.055,0.295,0.203,0.211,0.0
0.136,0.384,0.124,0.206,0.0
0.104,0.308,0.106,0.346,0.0
0.214,0.238,0.17,0.282,0.0
0.075,0.287,0.137,0.283,0.0
0.189,0.237,0.107,0.255,0.0
0.133,0.365,0.14,0.302,0.0
0.193,0.326,0.146,0.26,0.0
0.103,0.159,0.107,0.331,0.0
0.212,0.238,0.175,0.187,0.0
0.11,0.334,0.131,0.263,0.0
0.102,0.309,0.102,0.28,0.0
0.223,0.231,0.179,0.401,0.0
0.152,0.198,0.129,0.147,0.0
0.098,0.245,0.169,0.283,0.0
0.173,0.223,0.123,0.333,0.0
0.13,0.278,0.017,0.227,0.0
0.053,0.277,0.153,0.217,0.0
0.147,0.199,0.195,0.203,0.0
0.141,0.305,0.208,0.222,0.0
0.182,0.322,0.15,0.275,0.0
0.193,0.241,0.101,0.281,0.0
0.104,0.33,0.133,0.371,0.0
0.058,0.286,0.038,0.226,0.0
0.141,0.212,0.142,0.248,0.0
0.22,0.26,0.088,0.288,0.0
0.155,0.357,0.109,0.253,0.0
0.154,0.19,0.024,0.254,0.0
0.183,0.247,0.128,0.294,0.0
0.174,0.192,0.157,0.235,0.0
0.18,0.254,0.126,0.348,0.0
0.185,0.215,0.106,0.222,0.0
0.114,0.271,0.018,0.23,0.0
0.193,0.257,0.156,0.206,0.0
0.133,0.359,0.082,0.282,0.0
0.14,0.298,0.217,0.277,0.0
0.129,0.317,0.141,0.337,0.0
0.126,0.236,0.163,0.221,0.0
0.08,0.089,0.185,0.235,0.0
0.139,0.269,0.13,0.346,0.0
0.134,0.176,0.164,0.218,0.0
0.121,0.327,0.099,0.228,0.0
0.146,0.272,0.086,0.258,0.0
0.12,0.266,0.07,0.242,0.0
0.13,0.314,0.176,0.223,0.0
0.205,0.231,0.152,0.302,0.0
0.104,0.224,0.101,0.329,0.0
0.15,0.232,0.164,0.178,0.0
0.174,0.223,0.064,0.167,0.0
0.191,0.229,0.102,0.26,0.0
0.246,0.298,0.132,0.203,0.0
0.086,0.328,0.091,0.327,0.0
0.199,0.221,0.124,0.274,0.0
0.169,0.207,0.057,0.237,0.0
0.096,0.218,0.09,0.316,0.0
0.224,0.228,0.242,0.25,0.0
0.222,0.262,0.092,0.236,0.0
0.126,0.206,0.169,0.281,0.0
0.207,0.225,0.118,0.244,0.0
0.106,0.196,0.1,0.272,0.0
0.108,0.296,0.166,0.39,0.0
0.128,0.248,0.085,0.315,0.0
0.12,0.314,0.106,0.31,0.0
0.14,0.308,0.111,0.353,0.0
0.112,0.244,0.238,0.252,0.0
0.185,0.195,0.221,0.239,0.0
0.168,0.342,0.09,0.322,0.0
0.194,0.298,0.102,0.318,0.0
0.021,0.195,0.085,0.239,0.0
0.175,0.227,0.087,0.327,0.0
0.169,0.319,0.096,0.224,0.0
0.059,0.245,0.242,0.258,0.0
0.235,0.243,0.124,0.224,0.0
0.21,0.298,0.154,0.195,0.0
0.151,0.303,0.215,0.225,0.0
0.152,0.316,0.188,0.254,0.0
0.128,0.262,0.185,0.347,0.0
0.149,0.341,0.118,0.34,0.0
0.093,0.341,0.19,0.252,0.0
0.015,0.257,0.119,0.33,0.0
0.175,0.205,0.207,0.281,0.0
0.106,0.272,0.094,0.252,0.0
0.164,0.206,0.145,0.235,0.0
0.194,0.258,0.194,0.206,0.0
0.138,0.236,0.133,0.339,0.0
0.213,0.278,0.155,0.191,0.0
0.076,0.28,0.164,0.2,0.0
0.236,0.256,0.152,0.284,0.0
0.14,0.224,0.155,0.215,0.0
0.161,0.257,0.076,0.294,0.0
0.139,0.351,0.057,0.307,0.0
0.179,0.299,0.115,0.329,0.0
0.159,0.177,0.145,0.243,0.0
0.172,0.296,0.157,0.229,0.0
0.191,0.207,0.073,0.313,0.0
0.159,0.289,0.132,0.308,0.0
0.136,0.334,0.098,0.246,0.0
0.101,0.263,0.21,0.338,0.0
0.034,0.27,0.005,0.243,0.0
0.195,0.215,0.179,0.224,0.0
0.098,0.288,0.102,0.258,0.0
0.051,0.296,0.087,0.239,0.0
0.043,0.291,0.163,0.289,0.0
0.155,0.381,0.101,0.223,0.0
0.064,0.274,0.081,0.314,0.0
0.072,0.28,0.14,0.242,0.0
0.159,0.241,0.02,0.244,0.0
0.055,0.295,0.188,0.226,0.0
0.064,0.288,0.156,0.222,0.0
0.271,0.287,0.18,0.246,0.0
0.095,0.289,0.182,0.184,0.0
0.052,0.282,0.116,0.26,0.0
0.157,0.237,0.109,0.215,0.0
0.139,0.357,0.172,0.218,0.0
0.151,0.385,0.135,0.217,0.0
0.113,0.313,0.119,0.251,0.0
0.187,0.203,0.11,0.296,0.0
0.207,0.255,0.115,0.205,0.0
0.093,0.315,0.144,0.272,0.0
0.202,0.28,0.131,0.341,0.0
0.138,0.28,0.03,0.25,0.0
0.167,0.259,0.107,0.343,0.0
0.068,0.248,0.192,0.206,0.0
0.139,0.379,0.114,0.186,0.0
0.076,0.284,0.204,0.248,0.0
0.201,0.319,0.148,0.258,0.0
0.195,0.227,0.098,0.304,0.0
0.117,0.187,0.177,0.217,0.0
0.172,0.23,0.186,0.232,0.0
0.153,0.253,0.089,0.313,0.0
0.101,0.291,0.117,0.307,0.0
0.144,0.19,0.123,0.263,0.0
0.096,0.254,0.122,0.282,0.0
0.09,0.304,0.117,0.323,0.0
0.115,0.131,0.214,0.264,0.0
0.249,0.301,0.166,0.21,0.0
0.111,0.335,0.167,0.215,0.0
0.174,0.288,0.191,0.339,0.0
0.111,0.339,0.192,0.2,0.0
0.14,0.294,0.131,0.225,0.0
0.239,0.267,0.212,0.25,0.0
0.079,0.309,0.06,0.184,0.0
0.162,0.302,0.162,0.336,0.0
0.171,0.207,0.188,0.272,0.0
0.095,0.273,0.119,0.255,0.0
0.172,0.178,0.132,0.286,0.0
0.152,0.206,0.093,0.335,0.0
0.086,0.298,0.181,0.303,0.0
0.152,0.256,0.224,0.256,0.0
0.13,0.254,0.127,0.328,0.0
0.218,0.234,0.156,0.346,0.0
0.101,0.263,0.144,0.258,0.0
0.079,0.223,0.093,0.325,0.0
0.211,0.215,0.108,0.198,0.0
0.143,0.293,0.11,0.25,0.0
0.195,0.259,0.194,0.284,0.0
0.109,0.331,0.152,0.189,0.0
0.14,0.198,0.053,0.257,0.0
0.116,0.364,0.145,0.293,0.0
0.11,0.284,0.186,0.25,0.0
0.089,0.297,0.139,0.225,0.0
0.088,0.276,0.161,0.309,0.0
0.184,0.254,0.065,0.259,0.0
0.093,0.319,0.101,0.321,0.0
0.138,0.176,0.209,0.213,0.0
0.171,0.189,0.086,0.318,0.0
0.094,0.324,0.152,0.296,0.0
0.132,0.294,0.11,0.258,0.0
0.143,0.223,0.181,0.368,0.0
0.08,0.258,0.233,0.299,0.0
0.232,0.26,0.085,0.221,0.0
0.088,0.204,0.092,0.29,0.0
0.209,0.215,0.191,0.193,0.0
0.217,0.255,0.135,0.281,0.0
0.215,0.328,0.07,0.296,0.0
0.139,0.293,0.104,0.196,0.0
0.145,0.175,0.082,0.29,0.0
0.175,0.261,0.084,0.259,0.0
0.123,0.243,0.195,0.231,0.0
0.122,0.298,0.119,0.237,0.0
0.166,0.23,0.159,0.287,0.0
0.15,0.256,0.067,0.298,0.0
0.176,0.278,0.148,0.338,0.0
0.121,0.217,0.202,0.254,0.0
0.071,0.223,0.112,0.319,0.0
0.122,0.224,0.106,0.29,0.0
0.108,0.312,0.115,0.262,0.0
0.204,0.256,0.141,0.187,0.0
0.096,0.288,0.127,0.239,0.0
0.118,0.188,0.131,0.323,0.0
0.1,0.338,0.094,0.228,0.0
0.12,0.292,0.142,0.192,0.0
0.105,0.297,0.193,0.247,0.0
0.176,0.198,0.1,0.294,0.0
0.161,0.229,0.149,0.169,0.0
0.151,0.265,0.13,0.232,0.0
0.208,0.216,0.233,0.249,0.0
0.054,0.292,0.163,0.235,0.0
0.118,0.292,0.191,0.253,0.0
0.109,0.305,0.119,0.247,0.0
0.125,0.327,0.15,0.302,0.0
0.089,0.313,0.247,0.319,0.0
0.164,0.288,0.086,0.25,0.0
0.171,0.273,0.122,0.22,0.0
0.193,0.275,0.201,0.241,0.0
0.147,0.185,0.153,0.155,0.0
0.094,0.314,0.162,0.232,0.0
0.162,0.272,0.142,0.284,0.0
0.19,0.198,0.176,0.282,0.0
0.105,0.283,0.07,0.314,0.0
0.094,0.232,0.193,0.207,0.0
0.218,0.298,0.134,0.298,0.0
0.192,0.21,0.165,0.231,0.0
0.216,0.246,0.17,0.218,0.0
0.169,0.261,0.125,0.241,0.0
0.14,0.32,0.122,0.32,0.0
0.12,0.328,0.178,0.186,0.0
0.139,0.285,0.147,0.295,0.0
0.089,0.331,0.223,0.261,0.0
0.153,0.297,0.188,0.218,0.0
0.095,0.279,0.166,0.296,0.0
0.141,0.323,0.19,0.198,0.0
0.149,0.305,0.058,0.276,0.0
0.172,0.312,0.111,0.299,0.0
0.231,0.307,0.091,0.313,0.0
0.162,0.304,0.084,0.326,0.0
0.081,0.251,0.219,0.283,0.0
0.148,0.228,0.119,0.324,0.0
0.062,0.252,0.18,0.25,0.0
0.168,0.182,0.191,0.223,0.0
0.204,0.274,0.17,0.238,0.0
0.167,0.227,0.148,0.156,0.0
0.141,0.287,0.18,0.216,0.0
0.211,0.283,0.119,0.297,0.0
0.174,0.204,0.06,0.31,0.0
0.072,0.286,0.13,0.334,0.0
0.129,0.337,0.127,0.243,0.0
0.159,0.193,0.169,0.229,0.0
0.119,0.259,0.061,0.255,0.0
0.185,0.195,0.085,0.183,0.0
0.053,0.274,0.081,0.326,0.0
0.017,0.233,0.128,0.29,0.0
0.044,0.26,0.205,0.243,0.0
0.173,0.255,0.039,0.287,0.0
0.13,0.338,0.102,0.266,0.0
0.098,0.26,0.229,0.259,0.0
0.234,0.28,0.092,0.248,0.0
0.098,0.242,0.099,0.293,0.0
0.129,0.313,0.188,0.284,0.0
0.18,0.25,0.088,0.26,0.0
0.147,0.169,0.099,0.334,0.0
0.124,0.304,0.14,0.342,0.0
0.197,0.212,0.11,0.192,0.0
0.129,0.227,0.206,0.246,0.0
0.09,0.282,0.184,0.22,0.0
0.129,0.211,0.179,0.229,0.0
0.03,0.192,0.097,0.297,0.0
0.155,0.189,0.186,0.192,0.0
0.028,0.201,0.142,0.25,0.0
0.083,0.313,0.063,0.267,0.0
0.08,0.326,0.231,0.241,0.0
0.092,0.252,0.097,0.247,0.0
0.181,0.197,0.119,0.205,0.0
0.124,0.322,0.166,0.27,0.0
0.178,0.188,0.014,0.237,0.0
0.167,0.373,0.089,0.243,0.0
0.163,0.255,0.061,0.253,0.0
0.21,0.214,0.174,0.218,0.0
0.193,0.253,0.092,0.336,0.0
0.071,0.211,0.116,0.224,0.0
0.197,0.215,0.147,0.295,0.0
0.178,0.208,0.062,0.274,0.0
0.145,0.345,0.089,0.257,0.0
0.082,0.31,0.186,0.26,0.0
0.113,0.269,0.146,0.278,0.0
0.187,0.227,0.184,0.202,0.0
0.0,0.227,0.103,0.257,0.0
0.205,0.227,0.093,0.235,0.0
0.175,0.325,0.113,0.185,0.0
0.032,0.242,0.226,0.252,0.0
0.089,0.269,0.173,0.185,0.0
0.147,0.357,0.11,0.27,0.0
0.08,0.194,0.232,0.266,0.0
0.214,0.216,0.212,0.248,0.0
0.137,0.241,0.107,0.329,0.0
0.186,0.288,0.066,0.314,0.0
0.089,0.309,0.167,0.299,0.0
0.165,0.201,0.15,0.232,0.0
0.093,0.311,0.205,0.237,0.0
0.108,0.214,0.127,0.271,0.0
0.194,0.334,0.111,0.301,0.0
0.134,0.304,0.02,0.263,0.0
0.161,0.315,0.067,0.279,0.0
0.163,0.285,0.152,0.214,0.0
0.122,0.294,0.16,0.262,0.0
0.137,0.291,0.145,0.267,0.0
0.11,0.204,0.221,0.293,0.0
0.114,0.268,0.111,0.243,0.0
0.159,0.251,0.182,0.3,0.0
0.106,0.242,0.159,0.163,0.0
0.204,0.212,0.145,0.347,0.0
0.137,0.255,0.145,0.241,0.0
0.107,0.233,0.077,0.251,0.0
0.152,0.32,0.205,0.262,0.0
0.222,0.338,0.045,0.271,0.0
0.119,0.195,0.096,0.28,0.0
0.183,0.197,0.081,0.309,0.0
0.146,0.248,0.208,0.352,0.0
0.075,0.206,0.115,0.289,0.0
0.122,0.281,0.167,0.199,0.0
0.121,0.309,0.076,0.322,0.0
0.13,0.176,0.181,0.183,0.0
0.14,0.328,0.116,0.278,0.0
0.147,0.177,0.153,0.339,0.0
0.174,0.222,0.158,0.188,0.0
0.202,0.298,0.223,0.267,0.0
0.079,0.315,0.124,0.301,0.0
0.134,0.224,0.121,0.323,0.0
0.081,0.199,0.152,0.282,0.0
0.194,0.216,0.134,0.142,0.0
0.136,0.238,0.138,0.378,0.0
0.095,0.309,0.172,0.27,0.0
0.144,0.23,0.072,0.321,0.0
0.19,0.264,0.104,0.192,0.0
0.219,0.261,0.13,0.246,0.0
0.274,0.276,0.119,0.299,0.0
0.136,0.368,0.254,0.298,0.0
0.115,0.255,0.045,0.279,0.0
0.209,0.233,0.056,0.27,0.0
0.142,0.216,0.059,0.277,0.0
0.165,0.185,0.167,0.277,0.0
0.174,0.291,0.172,0.28,0.0
0.176,0.359,0.14,0.16,0.0
0.11,0.22,0.102,0.244,0.0
0.101,0.209,0.168,0.282,0.0
0.117,0.239,0.106,0.304,0.0
0.089,0.279,0.13,0.316,0.0
0.186,0.27,0.03,0.278,0.0
0.059,0.299,0.141,0.273,0.0
0.09,0.33,0.088,0.272,0.0
0.169,0.203,0.139,0.289,0.0
0.095,0.231,0.089,0.299,0.0
0.12,0.318,0.164,0.314,0.0
0.218,0.344,0.137,0.329,0.0
0.162,0.228,0.162,0.242,0.0
0.123,0.325,0.092,0.222,0.0
0.164,0.256,0.215,0.219,0.0
0.109,0.355,0.188,0.28,0.0
0.154,0.304,0.101,0.239,0.0
0.069,0.317,0.155,0.287,0.0
0.151,0.217,0.21,0.28,0.0
0.19,0.26,0.101,0.311,0.0
0.247,0.253,0.168,0.252,0.0
0.186,0.256,0.233,0.255,0.0
0.116,0.36,0.054,0.304,0.0
0.082,0.276,0.108,0.238,0.0
0.123,0.221,0.174,0.202,0.0
0.185,0.329,0.189,0.213,0.0
0.134,0.26,0.164,0.284,0.0
0.105,0.327,0.181,0.333,0.0
0.114,0.212,0.185,0.225,0.0
0.124,0.298,0.109,0.285,0.0
0.084,0.308,0.119,0.237,0.0
0.109,0.267,0.144,0.224,0.0
0.233,0.285,0.16,0.263,0.0
0.143,0.241,0.168,0.2,0.0
0.131,0.335,0.104,0.276,0.0
0.157,0.299,0.136,0.31,0.0
0.149,0.229,0.081,0.173,0.0
0.177,0.199,0.203,0.325,0.0
0.128,0.362,0.086,0.282,0.0
0.208,0.256,0.108,0.338,0.0
0.087,0.245,0.112,0.268,0.0
0.172,0.274,0.232,0.25,0.0
0.2,0.292,0.184,0.26,0.0
0.172,0.328,0.135,0.287,0.0
0.156,0.244,0.115,0.263,0.0
0.149,0.323,0.063,0.217,0.0
0.143,0.241,0.126,0.284,0.0
0.152,0.208,0.173,0.23,0.0
0.049,0.267,0.151,0.253,0.0
0.127,0.171,0.115,0.285,0.0
0.102,0.248,0.074,0.24,0.0
0.095,0.203,0.162,0.192,0.0
0.144,0.154,0.113,0.301,0.0
0.102,0.33,0.119,0.325,0.0
0.116,0.254,0.086,0.268,0.0
0.173,0.271,0.146,0.314,0.0
0.084,0.28,0.197,0.225,0.0
0.14,0.234,0.244,0.262,0.0
0.122,0.221,0.165,0.244,0.0
0.136,0.27,0.076,0.286,0.0
0.202,0.28,0.055,0.242,0.0
0.211,0.247,0.139,0.355,0.0
0.13,0.236,0.142,0.2,0.0
0.1,0.334,0.193,0.207,0.0
0.153,0.255,0.202,0.25,0.0
0.088,0.326,0.16,0.162,0.0
0.072,0.312,0.105,0.263,0.0
0.123,0.207,0.176,0.226,0.0
0.068,0.194,0.166,0.266,0.0
0.162,0.26,0.157,0.195,0.0
0.046,0.268,0.203,0.215,0.0
0.23,0.279,0.173,0.173,0.0
0.107,0.335,0.178,0.188,0.0
0.15,0.178,0.102,0.244,0.0
0.123,0.187,0.111,0.169,0.0
0.104,0.252,0.083,0.318,0.0
0.143,0.167,0.143,0.335,0.0
0.098,0.216,0.18,0.225,0.0
0.131,0.271,0.127,0.265,0.0
0.089,0.339,0.14,0.222,0.0
0.192,0.202,0.166,0.178,0.0
0.214,0.22,0.173,0.213,0.0
0.164,0.224,0.144,0.281,0.0
0.168,0.23,0.112,0.288,0.0
0.142,0.316,0.152,0.326,0.0
0.18,0.256,0.117,0.229,0.0
0.114,0.29,0.162,0.356,0.0
0.123,0.34,0.12,0.29,0.0
0.256,0.296,0.207,0.279,0.0
0.094,0.324,0.123,0.207,0.0
0.116,0.2,0.141,0.357,0.0
0.129,0.269,0.14,0.218,0.0
0.143,0.377,0.172,0.29,0.0
0.179,0.359,0.106,0.282,0.0
0.077,0.313,0.056,0.286,0.0
0.199,0.199,0.164,0.278,0.0
0.175,0.241,0.174,0.354,0.0
0.24,0.32,0.129,0.269,0.0
0.079,0.305,0.092,0.33,0.0
0.169,0.365,0.156,0.254,0.0
0.046,0.292,0.06,0.282,0.0
0.084,0.234,0.183,0.251,0.0
0.18,0.216,0.17,0.278,0.0
0.071,0.279,0.147,0.219,0.0
0.096,0.29,0.235,0.413,0.0
0.137,0.279,0.062,0.262,0.0
0.112,0.196,0.091,0.277,0.0
0.104,0.3,0.181,0.201,0.0
0.155,0.219,0.137,0.239,0.0
0.131,0.339,0.149,0.303,0.0
0.239,0.242,0.203,0.266,0.0
0.069,0.313,0.084,0.234,0.0
0.167,0.217,0.087,0.299,0.0
0.212,0.216,0.063,0.291,0.0
0.18,0.294,0.144,0.308,0.0
0.161,0.323,0.139,0.175,0.0
0.053,0.263,0.073,0.279,0.0
0.201,0.299,0.148,0.282,0.0
0.092,0.238,0.133,0.193,0.0
0.195,0.263,0.125,0.355,0.0
0.144,0.284,0.192,0.335,0.0
0.133,0.299,0.159,0.337,0.0
0.137,0.253,0.138,0.294,0.0
0.142,0.3,0.129,0.287,0.0
0.202,0.25,0.194,0.274,0.0
0.126,0.314,0.03,0.194,0.0
0.07,0.312,0.185,0.253,0.0
0.097,0.219,0.06,0.302,0.0
0.114,0.292,0.21,0.33,0.0
0.122,0.227,0.104,0.22,0.0
0.159,0.181,0.17,0.24,0.0
0.118,0.234,0.089,0.281,0.0
0.177,0.263,0.044,0.28,0.0
0.159,0.253,0.21,0.242,0.0
0.177,0.241,0.143,0.349,0.0
0.125,0.265,0.134,0.34,0.0
0.054,0.286,0.087,0.187,0.0
0.211,0.303,0.099,0.165,0.0
0.103,0.295,0.172,0.352,0.0
0.136,0.196,0.151,0.289,0.0
0.214,0.244,0.085,0.271,0.0
0.151,0.209,0.083,0.253,0.0
0.107,0.243,0.101,0.349,0.0
0.195,0.205,0.177,0.269,0.0
0.191,0.291,0.145,0.247,0.0
0.144,0.322,0.168,0.182,0.0
0.154,0.392,0.15,0.274,0.0
0.112,0.212,0.07,0.308,0.0
0.184,0.232,0.184,0.28,0.0
0.13,0.308,0.176,0.32,0.0
0.125,0.231,0.169,0.193,0.0
0.099,0.281,0.153,0.247,0.0
0.159,0.249,0.074,0.322,0.0
0.088,0.31,0.21,0.214,0.0
0.121,0.229,0.173,0.184,0.0
0.132,0.306,0.1,0.3,0.0
0.158,0.2,0.089,0.235,0.0
0.134,0.286,0.17,0.206,0.0
0.029,0.265,0.059,0.253,0.0
0.119,0.297,0.027,0.239,0.0
0.051,0.296,0.094,0.318,0.0
0.179,0.183,0.088,0.334,0.0
0.129,0.327,0.073,0.304,0.0
0.182,0.202,0.055,0.211,0.0
0.216,0.258,0.063,0.289,0.0
0.174,0.233,0.074,0.294,0.0
0.187,0.267,0.173,0.201,0.0
0.139,0.285,0.176,0.202,0.0
0.157,0.186,0.112,0.252,0.0
0.093,0.263,0.114,0.354,0.0
0.12,0.262,0.128,0.222,0.0
0.187,0.203,0.152,0.314,0.0
0.1,0.178,0.17,0.25,0.0
0.085,0.32,0.162,0.178,0.0
0.183,0.265,0.12,0.346,0.0
0.203,0.227,0.154,0.224,0.0
0.178,0.298,0.134,0.236,0.0
0.071,0.315,0.124,0.34,0.0
0.203,0.211,0.149,0.225,0.0
0.17,0.206,0.1,0.308,0.0
0.163,0.253,0.165,0.281,0.0
0.021,0.261,0.06,0.272,0.0
0.227,0.231,0.281,0.347,0.0
0.097,0.333,0.078,0.26,0.0
0.174,0.262,0.183,0.215,0.0
0.166,0.222,0.145,0.329,0.0
0.052,0.238,0.066,0.276,0.0
0.155,0.359,0.147,0.159,0.0
0.162,0.31,0.166,0.23,0.0
0.08,0.256,0.102,0.298,0.0
0.1,0.276,0.192,0.258,0.0
0.024,0.264,0.083,0.291,0.0
0.196,0.27,0.049,0.297,0.0
0.146,0.276,0.192,0.214,0.0
0.217,0.279,0.109,0.289,0.0
0.12,0.198,0.146,0.198,0.0
0.122,0.352,0.107,0.315,0.0
0.105,0.287,0.156,0.222,0.0
0.074,0.264,0.138,0.2,0.0
0.146,0.304,0.075,0.323,0.0
0.145,0.247,0.1,0.348,0.0
0.139,0.277,0.138,0.196,0.0
0.099,0.283,0.206,0.276,0.0
0.178,0.248,0.101,0.211,0.0
0.11,0.282,0.131,0.297,0.0
0.155,0.375,0.132,0.33,0.0
0.116,0.28,0.093,0.263,0.0
0.215,0.245,0.199,0.251,0.0
0.206,0.256,0.161,0.189,0.0
0.163,0.291,0.122,0.302,0.0
0.111,0.239,0.096,0.226,0.0
0.093,0.321,0.145,0.183,0.0
0.125,0.283,0.19,0.304,0.0
0.139,0.297,0.095,0.241,0.0
0.15,0.232,0.112,0.136,0.0
0.188,0.208,0.194,0.23,0.0
0.138,0.224,0.127,0.325,0.0
0.191,0.267,0.127,0.169,0.0
0.196,0.21,0.253,0.26,0.0
0.125,0.259,0.21,0.251,0.0
0.088,0.284,0.14,0.312,0.0
0.14,0.197,0.159,0.345,0.0
0.093,0.243,0.099,0.233,0.0
0.009,0.197,0.132,0.268,0.0
0.112,0.146,0.112,0.322,0.0
0.121,0.209,0.119,0.365,0.0
0.088,0.274,0.203,0.207,0.0
0.094,0.164,0.097,0.309,0.0
0.046,0.258,0.099,0.331,0.0
0.123,0.265,0.14,0.146,0.0
0.136,0.32,0.14,0.308,0.0
0.157,0.261,0.112,0.31,0.0
0.069,0.303,0.086,0.32,0.0
0.193,0.247,0.088,0.206,0.0
0.154,0.272,0.125,0.267,0.0
0.126,0.334,0.101,0.303,0.0
0.141,0.195,0.104,0.218,0.0
0.191,0.291,0.061,0.304,0.0
0.211,0.231,0.179,0.217,0.0
0.077,0.239,0.203,0.285,0.0
0.126,0.168,0.174,0.28,0.0
0.136,0.234,0.258,0.274,0.0
0.055,0.249,0.109,0.275,0.0
0.118,0.341,0.098,0.19,0.0
0.135,0.165,0.18,0.278,0.0
0.135,0.201,0.176,0.196,0.0
0.067,0.29,0.118,0.34,0.0
0.045,0.193,0.123,0.211,0.0
0.169,0.263,0.147,0.197,0.0
0.131,0.206,0.077,0.317,0.0
0.176,0.348,0.091,0.291,0.0
0.186,0.3,0.143,0.221,0.0
0.193,0.269,0.08,0.324,0.0
0.181,0.291,0.179,0.355,0.0
0.045,0.277,0.079,0.309,0.0
0.146,0.211,0.107,0.341,0.0
0.207,0.265,0.106,0.282,0.0
0.198,0.396,0.156,0.258,0.0
0.123,0.221,0.174,0.262,0.0
0.13,0.282,0.135,0.299,0.0
0.128,0.33,0.209,0.213,0.0
0.114,0.23,0.055,0.219,0.0
0.087,0.315,0.093,0.281,0.0
0.085,0.331,0.116,0.312,0.0
0.244,0.332,0.116,0.258,0.0
0.138,0.284,0.104,0.34,0.0
0.146,0.158,0.078,0.298,0.0
0.114,0.185,0.192,0.318,0.0
0.218,0.256,0.129,0.369,0.0
0.211,0.297,0.151,0.235,0.0
0.123,0.179,0.117,0.127,0.0
0.205,0.287,0.101,0.169,0.0
0.148,0.255,0.158,0.208,0.0
0.095,0.333,0.154,0.294,0.0
0.119,0.319,0.184,0.234,0.0
0.136,0.294,0.173,0.305,0.0
0.179,0.18,0.05,0.283,0.0
0.178,0.216,0.119,0.281,0.0
0.089,0.305,0.116,0.33,0.0
0.086,0.274,0.136,0.236,0.0
0.182,0.186,0.137,0.157,0.0
0.18,0.302,0.226,0.24,0.0
0.23,0.246,0.104,0.246,0.0
0.049,0.263,0.028,0.246,0.0
0.205,0.327,0.217,0.219,0.0
0.206,0.262,0.086,0.318,0.0
0.19,0.244,0.188,0.304,0.0
0.09,0.262,0.138,0.346,0.0
0.066,0.288,0.05,0.252,0.0
0.09,0.266,0.154,0.24,0.0
0.168,0.196,0.045,0.287,0.0
0.072,0.286,0.176,0.274,0.0
0.088,0.312,0.173,0.269,0.0
0.202,0.23,0.167,0.317,0.0
0.126,0.222,0.135,0.145,0.0
0.166,0.258,0.177,0.217,0.0
0.12,0.288,0.165,0.277,0.0
0.112,0.263,0.053,0.271,0.0
0.13,0.338,0.21,0.248,0.0
0.144,0.316,0.216,0.23,0.0
0.142,0.316,0.085,0.315,0.0
0.145,0.201,0.138,0.194,0.0
0.133,0.241,0.166,0.246,0.0
0.042,0.162,0.163,0.301,0.0
0.092,0.252,0.179,0.231,0.0
0.141,0.215,0.054,0.22,0.0
0.155,0.187,0.124,0.324,0.0
0.119,0.347,0.216,0.23,0.0
0.159,0.241,0.081,0.261,0.0
0.164,0.164,0.13,0.304,0.0
0.067,0.276,0.203,0.217,0.0
0.186,0.194,0.179,0.303,0.0
0.147,0.279,0.076,0.258,0.0
0.092,0.248,0.099,0.243,0.0
0.176,0.24,0.162,0.26,0.0
0.147,0.209,0.096,0.324,0.0
0.208,0.246,0.156,0.258,0.0
0.068,0.288,0.073,0.229,0.0
0.089,0.299,0.181,0.247,0.0
0.106,0.27,0.055,0.185,0.0
0.1,0.27,0.088,0.23,0.0
0.176,0.208,0.121,0.351,0.0
0.16,0.296,0.141,0.291,0.0
0.015,0.253,0.194,0.204,0.0
0.137,0.291,0.185,0.297,0.0
0.098,0.236,0.048,0.288,0.0
0.196,0.254,0.154,0.322,0.0
0.18,0.202,0.147,0.265,0.0
0.139,0.345,0.114,0.318,0.0
0.036,0.278,0.072,0.288,0.0
0.153,0.347,0.082,0.306,0.0
0.191,0.251,0.179,0.181,0.0
0.11,0.332,0.113,0.253,0.0
0.216,0.244,0.121,0.327,0.0
0.245,0.265,0.217,0.219,0.0
0.092,0.252,0.135,0.295,0.0
0.167,0.261,0.211,0.235,0.0
0.2,0.316,0.128,0.298,0.0
0.084,0.31,0.121,0.359,0.0
0.139,0.259,0.066,0.294,0.0
0.1,0.335,0.167,0.253,0.0
0.04,0.249,0.195,0.197,0.0
0.164,0.226,0.118,0.288,0.0
0.158,0.284,0.144,0.228,0.0
0.087,0.315,0.11,0.282,0.0
0.099,0.269,0.024,0.269,0.0
0.188,0.21,0.148,0.182,0.0
0.232,0.292,0.089,0.309,0.0
0.178,0.3,0.12,0.238,0.0
0.118,0.316,0.102,0.282,0.0
0.113,0.246,0.081,0.329,0.0
0.198,0.252,0.08,0.212,0.0
0.14,0.366,0.192,0.288,0.0
0.126,0.242,0.15,0.27,0.0
0.083,0.299,0.168,0.29,0.0
0.101,0.299,0.175,0.209,0.0
0.128,0.168,0.168,0.248,0.0
0.117,0.361,0.12,0.366,0.0
0.135,0.265,0.14,0.292,0.0
0.166,0.24,0.136,0.346,0.0
0.138,0.286,0.14,0.262,0.0
0.178,0.256,0.133,0.235,0.0
0.076,0.216,0.186,0.318,0.0
0.154,0.194,0.143,0.235,0.0
0.079,0.329,0.101,0.211,0.0
0.133,0.273,0.118,0.282,0.0
0.183,0.205,0.115,0.359,0.0
0.127,0.313,0.065,0.237,0.0
0.094,0.24,0.146,0.272,0.0
0.133,0.209,0.075,0.159,0.0
0.043,0.211,0.115,0.249,0.0
0.218,0.236,0.171,0.251,0.0
0.111,0.233,0.262,0.288,0.0
0.08,0.304,0.079,0.309,0.0
0.063,0.279,0.139,0.265,0.0
0.067,0.303,0.016,0.248,0.0
0.172,0.236,0.164,0.262,0.0
0.172,0.294,0.197,0.293,0.0
0.191,0.193,0.188,0.244,0.0
0.054,0.275,0.087,0.259,0.0
0.185,0.231,0.102,0.35,0.0
0.074,0.283,0.085,0.271,0.0
0.151,0.187,0.181,0.309,0.0
0.089,0.249,0.173,0.207,0.0
0.18,0.258,0.133,0.204,0.0
0.13,0.268,0.105,0.291,0.0
0.187,0.281,0.135,0.179,0.0
0.206,0.248,0.149,0.171,0.0
0.124,0.338,0.081,0.249,0.0
0.17,0.278,0.135,0.379,0.0
0.197,0.219,0.204,0.234,0.0
0.131,0.279,0.072,0.21,0.0
0.191,0.197,0.132,0.286,0.0
0.102,0.244,0.135,0.151,0.0
0.128,0.304,0.197,0.327,0.0
0.126,0.32,0.145,0.263,0.0
0.123,0.247,0.152,0.288,0.0
0.039,0.281,0.143,0.297,0.0
0.079,0.219,0.15,0.204,0.0
0.191,0.303,0.155,0.335,0.0
0.152,0.162,0.059,0.255,0.0
0.099,0.311,0.182,0.214,0.0
0.178,0.225,0.243,0.245,0.0
0.158,0.184,0.135,0.301,0.0
0.072,0.258,0.223,0.268,0.0
0.153,0.295,0.158,0.23,0.0
0.135,0.207,0.125,0.323,0.0
0.15,0.214,0.041,0.179,0.0
0.202,0.3,0.084,0.31,0.0
0.105,0.233,0.091,0.159,0.0
0.091,0.279,0.264,0.31,0.0
0.094,0.238,0.132,0.328,0.0
0.139,0.251,0.14,0.362,0.0
0.203,0.299,0.117,0.153,0.0
0.11,0.218,0.106,0.307,0.0
0.144,0.342,0.193,0.247,0.0
0.092,0.24,0.195,0.207,0.0
0.089,0.251,0.169,0.273,0.0
0.081,0.274,0.162,0.348,0.0
0.101,0.232,0.076,0.304,0.0
0.092,0.24,0.148,0.32,0.0
0.185,0.311,0.142,0.256,0.0
0.213,0.362,0.071,0.291,0.0
0.123,0.179,0.066,0.278,0.0
0.067,0.179,0.22,0.278,0.0
0.099,0.303,0.158,0.24,0.0
0.201,0.221,0.112,0.326,0.0
0.108,0.306,0.106,0.208,0.0
0.035,0.281,0.084,0.324,0.0
0.117,0.205,0.189,0.272,0.0
0.111,0.299,0.16,0.218,0.0
0.132,0.348,0.08,0.212,0.0
0.217,0.331,0.193,0.231,0.0
0.158,0.28,0.203,0.231,0.0
0.156,0.17,0.103,0.319,0.0
0.062,0.242,0.021,0.229,0.0
0.134,0.31,0.207,0.231,0.0
0.094,0.192,0.175,0.337,0.0
0.121,0.31,0.064,0.264,0.0
0.161,0.369,0.119,0.321,0.0
0.066,0.302,0.166,0.22,0.0
0.174,0.332,0.191,0.265,0.0
0.113,0.249,0.087,0.233,0.0
0.121,0.223,0.165,0.307,0.0
0.081,0.206,0.119,0.279,0.0
0.154,0.208,0.169,0.205,0.0
0.139,0.261,0.095,0.277,0.0
0.086,0.304,0.137,0.265,0.0
0.127,0.155,0.127,0.285,0.0
0.087,0.303,0.109,0.245,0.0
0.212,0.232,0.202,0.226,0.0
0.184,0.192,0.221,0.245,0.0
0.093,0.267,0.22,0.272,0.0
0.131,0.269,0.076,0.25,0.0
0.143,0.277,0.187,0.301,0.0
0.11,0.282,0.13,0.216,0.0
0.191,0.295,0.145,0.237,0.0
0.058,0.302,0.171,0.199,0.0
0.132,0.24,0.161,0.167,0.0
0.093,0.339,0.121,0.293,0.0
0.17,0.326,0.217,0.257,0.0
0.119,0.229,0.165,0.181,0.0
0.16,0.316,0.143,0.319,0.0
0.205,0.271,0.153,0.323,0.0
0.039,0.259,0.166,0.304,0.0
0.196,0.208,0.134,0.23,0.0
0.127,0.261,0.199,0.205,0.0
0.143,0.261,0.151,0.315,0.0
0.124,0.304,0.134,0.194,0.0
0.158,0.262,0.083,0.309,0.0
0.096,0.214,0.149,0.229,0.0
0.141,0.262,0.105,0.351,0.0
0.121,0.369,0.081,0.291,0.0
0.176,0.208,0.064,0.28,0.0
0.192,0.348,0.127,0.319,0.0
0.161,0.219,0.171,0.289,0.0
0.169,0.232,0.27,0.272,0.0
0.119,0.287,0.15,0.368,0.0
0.138,0.144,0.093,0.325,0.0
0.135,0.195,0.178,0.272,0.0
0.268,0.27,0.038,0.274,0.0
0.185,0.199,0.133,0.243,0.0
0.094,0.278,0.156,0.28,0.0
0.218,0.332,0.036,0.274,0.0
0.144,0.364,0.243,0.269,0.0
0.077,0.247,0.109,0.257,0.0
0.123,0.191,0.153,0.197,0.0
0.163,0.223,0.142,0.31,0.0
0.082,0.318,0.102,0.226,0.0
0.059,0.3,0.077,0.215,0.0
0.131,0.373,0.197,0.209,0.0
0.213,0.221,0.138,0.228,0.0
0.083,0.311,0.203,0.283,0.0
0.126,0.198,0.254,0.256,0.0
0.186,0.22,0.162,0.174,0.0
0.226,0.345,0.055,0.265,0.0
0.184,0.206,0.068,0.276,0.0
0.129,0.241,0.124,0.224,0.0
0.165,0.241,0.106,0.32,0.0
0.166,0.292,0.15,0.196,0.0
0.058,0.24,0.134,0.234,0.0
0.163,0.257,0.088,0.296,0.0
0.117,0.325,0.167,0.287,0.0
0.081,0.299,0.175,0.281,0.0
0.125,0.249,0.148,0.27,0.0
0.098,0.3,0.102,0.28,0.0
0.151,0.323,0.084,0.24,0.0
0.059,0.279,0.064,0.252,0.0
0.16,0.328,0.149,0.327,0.0
0.198,0.222,0.19,0.244,0.0
0.079,0.225,0.217,0.255,0.0
0.191,0.262,0.161,0.227,0.0
0.193,0.273,0.097,0.149,0.0
0.135,0.259,0.083,0.299,0.0
0.13,0.208,0.145,0.291,0.0
0.139,0.231,0.137,0.273,0.0
0.146,0.214,0.144,0.368,0.0
0.092,0.308,0.117,0.199,0.0
0.128,0.213,0.16,0.218,0.0
0.132,0.264,0.043,0.275,0.0
0.163,0.267,0.151,0.275,0.0
0.12,0.308,0.112,0.35,0.0
0.086,0.232,0.138,0.22,0.0
0.112,0.284,0.15,0.202,0.0
0.077,0.275,0.144,0.326,0.0
0.06,0.249,0.164,0.322,0.0
0.167,0.267,0.107,0.251,0.0
0.209,0.229,0.152,0.174,0.0
0.24,0.258,0.164,0.254,0.0
0.101,0.291,0.065,0.215,0.0
0.179,0.257,0.225,0.232,0.0
0.135,0.328,0.204,0.258,0.0
0.15,0.214,0.085,0.187,0.0
0.1,0.336,0.099,0.277,0.0
0.175,0.177,0.172,0.284,0.0
0.194,0.276,0.161,0.209,0.0
0.195,0.279,0.119,0.247,0.0
0.07,0.156,0.086,0.196,0.0
0.118,0.22,0.188,0.264,0.0
0.113,0.247,0.147,0.339,0.0
0.162,0.218,0.129,0.245,0.0
0.118,0.225,0.051,0.263,0.0
0.118,0.356,0.172,0.294,0.0
0.167,0.201,0.248,0.249,0.0
0.113,0.289,0.128,0.204,0.0
0.14,0.214,0.195,0.241,0.0
0.213,0.219,0.149,0.309,0.0
0.12,0.216,0.114,0.114,0.0
0.051,0.247,0.174,0.202,0.0
0.156,0.254,0.228,0.236,0.0
0.199,0.233,0.14,0.288,0.0
0.184,0.262,0.216,0.304,0.0
0.091,0.173,0.13,0.252,0.0
0.1,0.27,0.087,0.255,0.0
0.135,0.167,0.15,0.23,0.0
0.062,0.294,0.146,0.197,0.0
0.17,0.328,0.094,0.29,0.0
0.118,0.3,0.064,0.27,0.0
0.131,0.313,0.163,0.181,0.0
0.181,0.201,0.104,0.314,0.0
0.155,0.169,0.205,0.341,0.0
0.093,0.208,0.238,0.244,0.0
0.043,0.247,0.101,0.285,0.0
0.06,0.292,0.096,0.166,0.0
0.124,0.29,0.209,0.309,0.0
0.197,0.219,0.115,0.359,0.0
0.147,0.303,0.084,0.326,0.0
0.131,0.329,0.217,0.225,0.0
0.125,0.219,0.067,0.315,0.0
0.163,0.187,0.175,0.193,0.0
0.045,0.193,0.204,0.238,0.0
0.07,0.157,0.125,0.175,0.0
0.14,0.172,0.18,0.202,0.0
0.102,0.258,0.083,0.233,0.0
0.181,0.217,0.145,0.171,0.0
0.091,0.305,0.046,0.246,0.0
0.202,0.28,0.041,0.227,0.0
0.198,0.276,0.2,0.29,0.0
0.092,0.334,0.162,0.248,0.0
0.106,0.32,0.095,0.249,0.0
0.145,0.211,0.114,0.307,0.0
0.123,0.174,0.16,0.23,0.0
0.049,0.258,0.254,0.27,0.0
0.126,0.278,0.225,0.321,0.0
0.155,0.297,0.098,0.216,0.0
0.219,0.311,0.166,0.202,0.0
0.138,0.15,0.211,0.243,0.0
0.168,0.394,0.097,0.331,0.0
0.178,0.258,0.163,0.169,0.0
0.245,0.297,0.156,0.186,0.0
0.172,0.296,0.162,0.27,0.0
0.208,0.218,0.055,0.203,0.0
0.184,0.286,0.122,0.27,0.0
0.115,0.325,0.221,0.278,0.0
0.146,0.294,0.126,0.286,0.0
0.118,0.252,0.198,0.24,0.0
0.076,0.25,0.094,0.218,0.0
0.019,0.215,0.058,0.3,0.0
0.234,0.252,0.052,0.291,0.0
0.249,0.269,0.146,0.27,0.0
0.073,0.265,0.153,0.207,0.0
0.126,0.162,0.099,0.281,0.0
0.094,0.296,0.165,0.317,0.0
0.037,0.271,0.036,0.274,0.0
0.179,0.325,0.153,0.263,0.0
0.132,0.204,0.037,0.243,0.0
0.108,0.334,0.06,0.298,0.0
0.175,0.263,0.162,0.202,0.0
0.209,0.213,0.106,0.192,0.0
0.198,0.226,0.078,0.314,0.0
0.149,0.321,0.187,0.305,0.0
0.15,0.292,0.192,0.242,0.0
0.127,0.159,0.146,0.266,0.0
0.167,0.283,0.156,0.306,0.0
0.205,0.239,0.16,0.166,0.0
0.127,0.301,0.118,0.186,0.0
0.147,0.289,0.114,0.296,0.0
0.187,0.271,0.134,0.248,0.0
0.228,0.322,0.127,0.319,0.0
0.154,0.158,0.145,0.359,0.0
0.183,0.245,0.121,0.257,0.0
0.076,0.295,0.249,0.261,0.0
0.09,0.31,0.095,0.247,0.0
0.108,0.322,0.106,0.288,0.0
0.058,0.27,0.099,0.279,0.0
0.168,0.194,0.197,0.243,0.0
0.193,0.249,0.168,0.202,0.0
0.185,0.229,0.114,0.248,0.0
0.1,0.308,0.067,0.253,0.0
0.109,0.307,0.208,0.212,0.0
0.122,0.314,0.175,0.231,0.0
0.08,0.276,0.213,0.219,0.0
0.079,0.321,0.196,0.282,0.0
0.129,0.157,0.101,0.197,0.0
0.036,0.226,0.116,0.226,0.0
0.137,0.179,0.142,0.206,0.0
0.124,0.318,0.181,0.205,0.0
0.121,0.223,0.176,0.239,0.0
0.238,0.284,0.098,0.272,0.0
0.106,0.266,0.113,0.287,0.0
0.147,0.267,0.139,0.307,0.0
0.067,0.267,0.052,0.224,0.0
0.11,0.298,0.187,0.197,0.0
0.034,0.282,0.2,0.274,0.0
0.058,0.308,0.142,0.256,0.0
0.174,0.252,0.164,0.223,0.0
0.097,0.343,0.148,0.316,0.0
0.179,0.221,0.114,0.178,0.0
0.104,0.338,0.118,0.354,0.0
0.065,0.313,0.085,0.247,0.0
0.21,0.228,0.17,0.228,0.0
0.185,0.241,0.171,0.289,0.0
0.044,0.294,0.238,0.304,0.0
0.111,0.275,0.073,0.321,0.0
0.143,0.277,0.18,0.206,0.0
0.072,0.282,0.205,0.385,0.0
0.118,0.256,0.038,0.258,0.0
0.061,0.279,0.077,0.26,0.0
0.07,0.182,0.153,0.243,0.0
0.22,0.29,0.057,0.285,0.0
0.099,0.249,0.125,0.231,0.0
0.08,0.314,0.131,0.163,0.0
0.233,0.285,0.121,0.261,0.0
0.143,0.269,0.206,0.244,0.0
0.113,0.331,0.152,0.304,0.0
0.15,0.174,0.136,0.252,0.0
0.13,0.252,0.104,0.306,0.0
0.09,0.304,0.203,0.241,0.0
0.148,0.194,0.172,0.2,0.0
0.206,0.232,0.178,0.232,0.0
0.109,0.215,0.07,0.316,0.0
0.101,0.239,0.094,0.306,0.0
0.093,0.235,0.15,0.316,0.0
0.144,0.35,0.218,0.302,0.0
0.2,0.306,0.218,0.226,0.0
0.107,0.341,0.082,0.25,0.0
0.066,0.263,0.106,0.312,0.0
0.106,0.168,0.15,0.17,0.0
0.089,0.281,0.02,0.258,0.0
0.136,0.196,0.161,0.163,0.0
0.167,0.241,0.111,0.173,0.0
0.2,0.212,0.199,0.259,0.0
0.168,0.226,0.146,0.252,0.0
0.115,0.236,0.122,0.186,0.0
0.171,0.327,0.157,0.245,0.0
0.158,0.236,0.092,0.314,0.0
0.082,0.33,0.085,0.175,0.0
0.157,0.305,0.209,0.211,0.0
0.118,0.226,0.049,0.274,0.0
0.218,0.238,0.147,0.351,0.0
0.121,0.241,0.147,0.171,0.0
0.193,0.339,0.163,0.237,0.0
0.176,0.308,0.089,0.305,0.0
0.069,0.293,0.15,0.312,0.0
0.085,0.299,0.107,0.285,0.0
0.13,0.262,0.131,0.151,0.0
0.073,0.285,0.111,0.22,0.0
0.297,0.299,0.145,0.235,0.0
0.099,0.341,0.166,0.29,0.0
0.176,0.188,0.147,0.367,0.0
0.172,0.302,0.115,0.293,0.0
0.213,0.289,0.147,0.291,0.0
0.09,0.32,0.14,0.222,0.0
0.201,0.331,0.168,0.204,0.0
0.166,0.27,0.107,0.305,0.0
0.247,0.292,0.17,0.299,0.0
0.116,0.342,0.167,0.228,0.0
0.103,0.289,0.182,0.22,0.0
0.116,0.278,0.13,0.29,0.0
0.093,0.203,0.12,0.286,0.0
0.197,0.203,0.156,0.254,0.0
0.09,0.314,0.194,0.226,0.0
0.096,0.3,0.105,0.355,0.0
0.069,0.289,0.167,0.173,0.0
0.164,0.234,0.148,0.286,0.0
0.073,0.277,0.113,0.341,0.0
0.199,0.311,0.192,0.32,0.0
0.135,0.281,0.12,0.33,0.0
0.172,0.258,0.181,0.259,0.0
0.234,0.248,0.087,0.223,0.0
0.07,0.204,0.13,0.198,0.0
0.126,0.2,0.119,0.279,0.0
0.136,0.326,0.136,0.366,0.0
0.12,0.338,0.182,0.312,0.0
0.156,0.332,0.128,0.28,0.0
0.18,0.28,0.165,0.349,0.0
0.143,0.2,0.116,0.264,0.0
0.144,0.214,0.074,0.314,0.0
0.112,0.232,0.163,0.253,0.0
0.139,0.223,0.097,0.281,0.0
0.188,0.24,0.117,0.327,0.0
0.154,0.22,0.15,0.182,0.0
0.161,0.237,0.0,0.244,0.0
0.149,0.213,0.19,0.218,0.0
0.151,0.153,0.115,0.245,0.0
0.117,0.129,0.103,0.185,0.0
0.122,0.278,0.169,0.199,0.0
0.108,0.204,0.163,0.219,0.0
0.235,0.285,0.186,0.338,0.0
0.057,0.245,0.132,0.362,0.0
0.12,0.32,0.153,0.281,0.0
0.095,0.257,0.07,0.3,0.0
0.114,0.364,0.099,0.307,0.0
0.166,0.354,0.173,0.267,0.0
0.1,0.316,0.118,0.198,0.0
0.128,0.366,0.184,0.212,0.0
0.116,0.314,0.206,0.288,0.0
0.193,0.216,0.092,0.27,0.0
0.215,0.243,0.166,0.264,0.0
0.17,0.298,0.16,0.208,0.0
0.156,0.31,0.177,0.209,0.0
0.2,0.282,0.128,0.244,0.0
0.061,0.293,0.199,0.261,0.0
0.135,0.273,0.2,0.242,0.0
0.085,0.185,0.102,0.226,0.0
0.102,0.194,0.153,0.273,0.0
0.212,0.262,0.183,0.221,0.0
0.011,0.173,0.104,0.348,0.0
0.066,0.292,0.184,0.21,0.0
0.127,0.229,0.214,0.222,0.0
0.123,0.312,0.156,0.164,0.0
0.141,0.266,0.054,0.28,0.0
0.189,0.211,0.129,0.373,0.0
0.097,0.263,0.166,0.22,0.0
0.142,0.29,0.239,0.245,0.0
0.14,0.256,0.194,0.324,0.0
0.148,0.254,0.093,0.215,0.0
0.105,0.167,0.139,0.285,0.0
0.086,0.226,0.151,0.205,0.0
0.175,0.253,0.058,0.246,0.0
0.219,0.225,0.078,0.246,0.0
0.126,0.258,0.089,0.331,0.0
0.1,0.29,0.144,0.274,0.0
0.163,0.217,0.16,0.234,0.0
0.099,0.173,0.134,0.262,0.0
0.132,0.34,0.146,0.276,0.0
0.139,0.271,0.064,0.29,0.0
0.182,0.262,0.182,0.284,0.0
0.123,0.319,0.159,0.205,0.0
0.087,0.295,0.163,0.31,0.0
0.184,0.188,0.106,0.296,0.0
0.057,0.297,0.167,0.281,0.0
0.128,0.21,0.209,0.225,0.0
0.147,0.261,0.196,0.218,0.0
0.051,0.265,0.112,0.31,0.0
0.027,0.267,0.065,0.225,0.0
0.074,0.264,0.171,0.327,0.0
0.135,0.207,0.165,0.215,0.0
0.154,0.18,0.065,0.243,0.0
0.121,0.215,0.164,0.31,0.0
0.085,0.327,0.152,0.298,0.0
0.164,0.282,0.177,0.228,0.0
0.056,0.212,0.206,0.281,0.0
0.026,0.258,0.161,0.187,0.0
0.111,0.255,0.176,0.21,0.0
0.224,0.278,0.142,0.222,0.0
0.177,0.223,0.166,0.238,0.0
0.093,0.327,0.097,0.327,0.0
0.104,0.302,0.142,0.166,0.0
0.138,0.238,0.114,0.342,0.0
0.206,0.298,0.11,0.228,0.0
0.101,0.175,0.177,0.355,0.0
0.06,0.252,0.19,0.264,0.0
0.094,0.18,0.175,0.221,0.0
0.154,0.226,0.163,0.167,0.0
0.121,0.303,0.146,0.251,0.0
0.211,0.28,0.109,0.205,0.0
0.099,0.317,0.161,0.232,0.0
0.169,0.197,0.1,0.226,0.0
0.117,0.191,0.21,0.217,0.0
0.106,0.248,0.098,0.21,0.0
0.19,0.192,0.137,0.239,0.0
0.005,0.251,0.113,0.291,0.0
0.106,0.26,0.113,0.302,0.0
0.166,0.361,0.211,0.223,0.0
0.177,0.311,0.118,0.352,0.0
0.11,0.208,0.137,0.197,0.0
0.071,0.319,0.176,0.21,0.0
0.142,0.294,0.096,0.298,0.0
0.124,0.144,0.105,0.183,0.0
0.074,0.318,0.172,0.264,0.0
0.216,0.3,0.076,0.226,0.0
0.135,0.287,0.159,0.217,0.0
0.172,0.223,0.099,0.243,0.0
0.134,0.203,0.084,0.264,0.0
0.117,0.243,0.134,0.188,0.0
0.082,0.28,0.173,0.225,0.0
0.115,0.249,0.052,0.29,0.0
0.219,0.253,0.167,0.241,0.0
0.127,0.215,0.149,0.323,0.0
0.12,0.235,0.219,0.247,0.0
0.197,0.239,0.158,0.258,0.0
0.114,0.296,0.081,0.289,0.0
0.191,0.395,0.144,0.354,0.0
0.114,0.268,0.15,0.29,0.0
0.092,0.324,0.137,0.271,0.0
0.122,0.3,0.119,0.285,0.0
0.149,0.32,0.103,0.178,0.0
0.193,0.261,0.069,0.281,0.0
0.109,0.251,0.162,0.272,0.0
0.02,0.242,0.077,0.295,0.0
0.123,0.213,0.184,0.208,0.0
0.199,0.207,0.126,0.232,0.0
0.021,0.213,0.146,0.15,0.0
0.073,0.213,0.164,0.278,0.0
0.219,0.287,0.069,0.278,0.0
0.094,0.276,0.128,0.306,0.0
0.164,0.272,0.14,0.15,0.0
0.164,0.357,0.077,0.187,0.0
0.133,0.299,0.152,0.24,0.0
0.159,0.205,0.055,0.279,0.0
0.095,0.217,0.121,0.327,0.0
0.146,0.2,0.098,0.32,0.0
0.066,0.3,0.085,0.314,0.0
0.073,0.305,0.098,0.202,0.0
0.189,0.193,0.098,0.162,0.0
0.114,0.243,0.218,0.252,0.0
0.07,0.276,0.144,0.266,0.0
0.107,0.217,0.099,0.229,0.0
0.089,0.261,0.176,0.18,0.0
0.167,0.295,0.172,0.232,0.0
0.073,0.231,0.156,0.354,0.0
0.037,0.255,0.161,0.279,0.0
0.097,0.305,0.083,0.291,0.0
0.096,0.29,0.043,0.287,0.0
0.108,0.2,0.126,0.328,0.0
0.103,0.223,0.183,0.363,0.0
0.091,0.273,0.181,0.209,0.0
0.199,0.213,0.114,0.168,0.0
0.079,0.254,0.167,0.277,0.0
0.102,0.31,0.197,0.249,0.0
0.122,0.292,0.16,0.226,0.0
0.075,0.261,0.076,0.279,0.0
0.165,0.197,0.146,0.302,0.0
0.21,0.226,0.169,0.213,0.0
0.16,0.306,0.063,0.271,0.0
0.082,0.25,0.125,0.237,0.0
0.231,0.269,0.069,0.261,0.0
0.189,0.251,0.151,0.267,0.0
0.145,0.225,0.182,0.278,0.0
0.08,0.242,0.131,0.181,0.0
0.121,0.269,0.157,0.293,0.0
0.178,0.32,0.121,0.331,0.0
0.156,0.402,0.169,0.178,0.0
0.111,0.299,0.261,0.307,0.0
0.127,0.153,0.157,0.195,0.0
0.101,0.293,0.077,0.235,0.0
0.124,0.314,0.198,0.29,0.0
0.097,0.265,0.061,0.287,0.0
0.143,0.317,0.082,0.314,0.0
0.217,0.261,0.184,0.293,0.0
0.123,0.259,0.141,0.219,0.0
0.119,0.345,0.096,0.344,0.0
0.097,0.315,0.17,0.266,0.0
0.082,0.258,0.216,0.244,0.0
0.178,0.266,0.162,0.224,0.0
0.21,0.294,0.096,0.208,0.0
0.22,0.244,0.087,0.285,0.0
0.133,0.265,0.19,0.432,0.072141839
0.235,0.263,0.1,0.266,0.0
0.15,0.156,0.122,0.242,0.0
0.111,0.293,0.169,0.343,0.0
0.109,0.321,0.039,0.257,0.0
0.19,0.258,0.15,0.238,0.0
0.197,0.227,0.138,0.362,0.0
0.072,0.224,0.128,0.274,0.0
0.166,0.262,0.094,0.29,0.0
0.103,0.227,0.176,0.279,0.0
0.093,0.263,0.038,0.246,0.0
0.087,0.254,0.094,0.344,0.0
0.075,0.319,0.12,0.292,0.0
0.197,0.235,0.168,0.362,0.0
0.108,0.286,0.064,0.29,0.0
0.103,0.183,0.201,0.227,0.0
0.131,0.211,0.128,0.284,0.0
0.136,0.252,0.16,0.172,0.0
0.211,0.333,0.098,0.314,0.0
0.089,0.219,0.079,0.229,0.0
0.126,0.268,0.126,0.214,0.0
0.101,0.339,0.141,0.245,0.0
0.096,0.292,0.166,0.246,0.0
0.123,0.313,0.091,0.251,0.0
0.185,0.301,0.201,0.209,0.0
0.184,0.19,0.134,0.302,0.0
0.154,0.268,0.167,0.191,0.0
0.086,0.256,0.115,0.333,0.0
0.106,0.248,0.107,0.343,0.0
0.172,0.228,0.227,0.247,0.0
0.132,0.342,0.184,0.19,0.0
0.109,0.242,0.192,0.304,0.0
0.145,0.211,0.194,0.202,0.0
0.095,0.341,0.213,0.243,0.0
0.039,0.287,0.126,0.35,0.0
0.16,0.224,0.131,0.237,0.0
0.2,0.27,0.214,0.298,0.0
0.143,0.243,0.155,0.251,0.0
0.016,0.262,0.157,0.235,0.0
0.165,0.185,0.204,0.238,0.0
0.063,0.292,0.202,0.212,0.0
0.235,0.315,0.242,0.299,0.0
0.192,0.308,0.191,0.253,0.0
0.171,0.191,0.192,0.21,0.0
0.132,0.29,0.141,0.153,0.0
0.207,0.273,0.17,0.206,0.0
0.129,0.209,0.026,0.208,0.0
0.121,0.161,0.124,0.336,0.0
0.127,0.138,0.105,0.281,0.0
0.193,0.275,0.201,0.207,0.0
0.218,0.23,0.169,0.201,0.0
0.197,0.311,0.174,0.234,0.0
0.225,0.255,0.156,0.278,0.0
0.222,0.242,0.191,0.219,0.0
0.165,0.195,0.207,0.215,0.0
0.109,0.253,0.118,0.252,0.0
0.025,0.243,0.082,0.284,0.0
0.041,0.269,0.121,0.291,0.0
0.113,0.329,0.191,0.281,0.0
0.102,0.206,0.129,0.313,0.0
0.163,0.177,0.135,0.313,0.0
0.195,0.279,0.163,0.223,0.0
0.188,0.279,0.156,0.238,0.0
0.157,0.263,0.139,0.223,0.0
0.17,0.314,0.169,0.311,0.0
0.106,0.298,0.155,0.189,0.0
0.097,0.229,0.172,0.204,0.0
0.1,0.198,0.16,0.272,0.0
0.165,0.323,0.06,0.26,0.0
0.226,0.268,0.192,0.198,0.0
0.112,0.36,0.227,0.253,0.0
0.182,0.35,0.176,0.256,0.0
0.11,0.272,0.188,0.282,0.0
0.135,0.187,0.223,0.287,0.0
0.139,0.299,0.075,0.317,0.0
0.191,0.211,0.111,0.355,0.0
0.167,0.243,0.09,0.288,0.0
0.169,0.247,0.213,0.221,0.0
0.09,0.328,0.177,0.181,0.0
0.133,0.373,0.167,0.323,0.0
0.141,0.323,0.202,0.254,0.0
0.121,0.273,0.228,0.241,0.0
0.177,0.292,0.169,0.193,0.0
0.142,0.2,0.09,0.242,0.0
0.014,0.236,0.061,0.279,0.0
0.232,0.254,0.137,0.219,0.0
0.135,0.281,0.179,0.213,0.0
0.098,0.178,0.149,0.393,0.0
0.101,0.343,0.07,0.314,0.0
0.154,0.362,0.118,0.242,0.0
0.171,0.193,0.182,0.28,0.0
0.106,0.348,0.061,0.305,0.0
0.147,0.241,0.131,0.322,0.0
0.099,0.22,0.206,0.236,0.0
0.122,0.329,0.165,0.341,0.0
0.049,0.277,0.154,0.296,0.0
0.148,0.226,0.285,0.317,0.0
0.15,0.216,0.124,0.352,0.0
0.095,0.271,0.172,0.18,0.0
0.162,0.246,0.182,0.408,0.0
0.079,0.243,0.134,0.266,0.0
0.018,0.262,0.186,0.22,0.0
0.134,0.269,0.173,0.311,0.0
0.012,0.224,0.121,0.165,0.0
0.091,0.245,0.108,0.296,0.0
0.102,0.182,0.166,0.244,0.0
0.123,0.293,0.091,0.235,0.0
0.124,0.158,0.109,0.337,0.0
0.069,0.311,0.069,0.268,0.0
0.043,0.273,0.158,0.236,0.0
0.064,0.291,0.137,0.237,0.0
0.204,0.224,0.114,0.306,0.0
0.202,0.212,0.176,0.2,0.0
0.115,0.291,0.203,0.267,0.0
0.182,0.232,0.184,0.26,0.0
0.141,0.191,0.129,0.351,0.0
0.168,0.264,0.143,0.157,0.0
0.131,0.249,0.094,0.314,0.0
0.093,0.207,0.172,0.236,0.0
0.19,0.306,0.04,0.282,0.0
0.057,0.268,0.061,0.279,0.0
0.221,0.263,0.13,0.306,0.0
0.099,0.225,0.135,0.265,0.0
0.146,0.258,0.112,0.26,0.0
0.234,0.266,0.154,0.3,0.0
0.123,0.341,0.178,0.202,0.0
0.244,0.246,0.264,0.268,0.0
0.108,0.342,0.252,0.26,0.0
0.185,0.263,0.163,0.355,0.0
0.101,0.323,0.091,0.289,0.0
0.084,0.258,0.169,0.225,0.0
0.044,0.276,0.151,0.179,0.0
0.127,0.239,0.179,0.251,0.0
0.149,0.201,0.151,0.211,0.0
0.124,0.298,0.145,0.213,0.0
0.187,0.275,0.208,0.236,0.0
0.157,0.349,0.19,0.317,0.0
0.112,0.258,0.113,0.291,0.0
0.047,0.241,0.122,0.368,0.0
0.112,0.222,0.171,0.267,0.0
0.118,0.25,0.206,0.276,0.0
0.196,0.274,0.107,0.277,0.0
0.155,0.175,0.154,0.266,0.0
0.093,0.343,0.062,0.304,0.0
0.199,0.207,0.145,0.239,0.0
0.071,0.241,0.151,0.235,0.0
0.187,0.207,0.141,0.153,0.0
0.183,0.191,0.167,0.261,0.0
0.145,0.256,0.138,0.378,0.0
0.18,0.306,0.213,0.277,0.0
0.124,0.152,0.058,0.302,0.0
0.163,0.291,0.194,0.244,0.0
0.171,0.309,0.108,0.258,0.0
0.08,0.184,0.157,0.249,0.0
0.112,0.358,0.177,0.277,0.0
0.173,0.187,0.088,0.264,0.0
0.157,0.379,0.071,0.313,0.0
0.146,0.276,0.158,0.274,0.0
0.118,0.248,0.101,0.239,0.0
0.135,0.309,0.157,0.293,0.0
0.114,0.224,0.18,0.284,0.0
0.133,0.305,0.101,0.209,0.0
0.061,0.247,0.169,0.271,0.0
0.124,0.346,0.104,0.172,0.0
0.173,0.298,0.105,0.353,0.0
0.145,0.269,0.177,0.271,0.0
0.184,0.244,0.132,0.212,0.0
0.164,0.226,0.178,0.18,0.0
0.206,0.234,0.106,0.278,0.0
0.147,0.245,0.187,0.221,0.0
0.126,0.263,0.15,0.32,0.0
0.15,0.3,0.098,0.254,0.0
0.137,0.343,0.203,0.207,0.0
0.132,0.342,0.16,0.242,0.0
0.077,0.273,0.177,0.353,0.0
0.133,0.281,0.048,0.276,0.0
0.2,0.272,0.072,0.318,0.0
0.199,0.201,0.201,0.213,0.0
0.093,0.317,0.124,0.256,0.0
0.2,0.214,0.191,0.251,0.0
0.051,0.273,0.134,0.344,0.0
0.213,0.311,0.185,0.255,0.0
0.068,0.282,0.126,0.238,0.0
0.082,0.326,0.199,0.401,0.0
0.171,0.205,0.162,0.238,0.0
0.137,0.193,0.189,0.327,0.0
0.134,0.322,0.176,0.192,0.0
0.166,0.18,0.114,0.23,0.0
0.17,0.322,0.166,0.176,0.0
0.118,0.184,0.211,0.223,0.0
0.21,0.224,0.106,0.334,0.0
0.129,0.185,0.129,0.335,0.0
0.171,0.233,0.122,0.365,0.0
0.183,0.349,0.162,0.278,0.0
0.126,0.194,0.14,0.212,0.0
0.046,0.232,0.229,0.259,0.0
0.121,0.261,0.113,0.333,0.0
0.135,0.373,0.142,0.282,0.0
0.095,0.311,0.193,0.223,0.0
0.045,0.207,0.061,0.311,0.0
0.148,0.238,0.174,0.258,0.0
0.139,0.181,0.189,0.237,0.0
0.134,0.288,0.075,0.289,0.0
0.165,0.167,0.195,0.307,0.0
0.106,0.336,0.081,0.321,0.0
0.106,0.192,0.108,0.288,0.0
0.169,0.219,0.174,0.34,0.0
0.214,0.258,0.142,0.226,0.0
0.04,0.258,0.072,0.31,0.0
0.122,0.186,0.025,0.271,0.0
0.202,0.22,0.157,0.219,0.0
0.114,0.348,0.076,0.293,0.0
0.065,0.315,0.227,0.349,0.0
0.231,0.277,0.162,0.24,0.0
0.199,0.257,0.175,0.267,0.0
0.06,0.26,0.093,0.317,0.0
0.143,0.287,0.129,0.313,0.0
0.134,0.312,0.156,0.278,0.0
0.203,0.223,0.122,0.225,0.0
0.188,0.226,0.115,0.281,0.0
0.154,0.264,0.17,0.214,0.0
0.108,0.33,0.151,0.257,0.0
0.144,0.318,0.164,0.236,0.0
0.122,0.228,0.118,0.358,0.0
0.219,0.221,0.162,0.314,0.0
0.186,0.228,0.113,0.175,0.0
0.172,0.31,0.167,0.186,0.0
0.209,0.269,0.162,0.276,0.0
0.123,0.209,0.201,0.213,0.0
0.158,0.194,0.069,0.24,0.0
0.155,0.323,0.124,0.246,0.0
0.137,0.259,0.054,0.264,0.0
0.133,0.313,0.147,0.273,0.0
0.109,0.357,0.069,0.287,0.0
0.126,0.166,0.163,0.207,0.0
0.149,0.235,0.142,0.274,0.0
0.155,0.341,0.177,0.191,0.0
0.053,0.289,0.168,0.206,0.0
0.165,0.215,0.1,0.296,0.0
0.242,0.266,0.147,0.285,0.0
0.105,0.283,0.118,0.274,0.0
0.151,0.199,0.094,0.282,0.0
0.077,0.295,0.099,0.329,0.0
0.133,0.231,0.163,0.275,0.0
0.115,0.359,0.181,0.197,0.0
0.248,0.282,0.085,0.297,0.0
0.056,0.276,0.173,0.235,0.0
0.085,0.235,0.215,0.247,0.0
0.097,0.279,0.2,0.226,0.0
0.125,0.334,0.17,0.204,0.0
0.126,0.292,0.159,0.171,0.0
0.118,0.272,0.081,0.301,0.0
0.084,0.242,0.043,0.265,0.0
0.159,0.181,0.19,0.27,0.0
0.168,0.258,0.124,0.326,0.0
0.136,0.244,0.083,0.259,0.0
0.136,0.252,0.077,0.21,0.0
0.206,0.262,0.136,0.174,0.0
0.171,0.193,0.217,0.231,0.0
0.148,0.294,0.193,0.237,0.0
0.076,0.205,0.265,0.313,0.0
0.145,0.235,0.158,0.254,0.0
0.107,0.255,0.131,0.269,0.0
0.17,0.258,0.152,0.198,0.0
0.149,0.243,0.174,0.254,0.0
0.099,0.217,0.173,0.28,0.0
0.067,0.247,0.108,0.307,0.0
0.183,0.195,0.189,0.221,0.0
0.205,0.257,0.128,0.324,0.0
0.176,0.264,0.2,0.242,0.0
0.222,0.244,0.172,0.242,0.0
0.161,0.305,0.147,0.237,0.0
0.148,0.228,0.062,0.301,0.0
0.086,0.154,0.051,0.295,0.0
0.051,0.279,0.075,0.253,0.0
0.134,0.228,0.085,0.323,0.0
0.185,0.221,0.196,0.222,0.0
0.176,0.268,0.111,0.339,0.0
0.209,0.219,0.125,0.221,0.0
0.113,0.297,0.153,0.221,0.0
0.103,0.301,0.138,0.256,0.0
0.087,0.215,0.154,0.282,0.0
0.2,0.288,0.083,0.221,0.0
0.151,0.185,0.096,0.3,0.0
0.159,0.307,0.224,0.281,0.0
0.109,0.221,0.15,0.228,0.0
0.069,0.309,0.201,0.275,0.0
0.16,0.332,0.138,0.364,0.0
0.065,0.313,0.137,0.243,0.0
0.183,0.271,0.098,0.288,0.0
0.142,0.224,0.044,0.266,0.0
0.129,0.301,0.103,0.303,0.0
0.058,0.22,0.161,0.308,0.0
0.146,0.286,0.198,0.2,0.0
0.146,0.188,0.115,0.259,0.0
0.194,0.262,0.089,0.309,0.0
0.23,0.272,0.0,0.207,0.0
0.098,0.311,0.105,0.299,0.0
0.101,0.233,0.113,0.355,0.0
0.057,0.217,0.165,0.245,0.0
0.05,0.19,0.171,0.201,0.0
0.107,0.273,0.119,0.135,0.0
0.26,0.276,0.21,0.262,0.0
0.18,0.194,0.132,0.3,0.0
0.125,0.171,0.099,0.287,0.0
0.142,0.296,0.166,0.294,0.0
0.082,0.312,0.12,0.234,0.0
0.254,0.284,0.171,0.251,0.0
0.069,0.293,0.224,0.226,0.0
0.107,0.281,0.234,0.26,0.0
0.091,0.305,0.162,0.262,0.0
0.166,0.244,0.123,0.289,0.0
0.138,0.164,0.092,0.306,0.0
0.137,0.265,0.165,0.251,0.0
0.157,0.239,0.248,0.288,0.0
0.133,0.227,0.122,0.227,0.0
0.041,0.277,0.097,0.195,0.0
0.168,0.25,0.143,0.267,0.0
0.102,0.286,0.123,0.251,0.0
0.21,0.254,0.132,0.255,0.0
0.057,0.257,0.177,0.321,0.0
0.098,0.24,0.135,0.279,0.0
0.052,0.285,0.164,0.338,0.0
0.11,0.264,0.174,0.188,0.0
0.056,0.29,0.086,0.316,0.0
0.07,0.188,0.063,0.297,0.0
0.178,0.198,0.082,0.244,0.0
0.103,0.337,0.18,0.198,0.0
0.217,0.323,0.123,0.221,0.0
0.144,0.26,0.098,0.292,0.0
0.159,0.219,0.045,0.265,0.0
0.159,0.257,0.105,0.249,0.0
0.133,0.289,0.201,0.201,0.0
0.156,0.202,0.173,0.257,0.0
0.063,0.295,0.183,0.223,0.0
0.086,0.304,0.155,0.161,0.0
0.11,0.302,0.148,0.194,0.0
0.109,0.317,0.17,0.234,0.0
0.134,0.209,0.102,0.196,0.0
0.168,0.276,0.177,0.247,0.0
0.061,0.263,0.131,0.305,0.0
0.109,0.257,0.18,0.258,0.0
0.201,0.358,0.127,0.245,0.0
0.219,0.243,0.206,0.276,0.0
0.119,0.339,0.041,0.289,0.0
0.156,0.174,0.048,0.296,0.0
0.074,0.25,0.188,0.328,0.0
0.103,0.247,0.194,0.252,0.0
0.175,0.277,0.081,0.265,0.0
0.158,0.344,0.211,0.231,0.0
0.118,0.336,0.102,0.316,0.0
0.135,0.155,0.112,0.29,0.0
0.12,0.202,0.151,0.257,0.0
0.072,0.28,0.178,0.326,0.0
0.063,0.305,0.084,0.232,0.0
0.145,0.355,0.135,0.195,0.0
0.149,0.311,0.204,0.22,0.0
0.14,0.37,0.025,0.259,0.0
0.085,0.219,0.165,0.253,0.0
0.12,0.328,0.093,0.201,0.0
0.145,0.309,0.115,0.353,0.0
0.125,0.221,0.055,0.299,0.0
0.081,0.281,0.17,0.272,0.0
0.148,0.262,0.206,0.282,0.0
0.127,0.361,0.133,0.163,0.0
0.175,0.311,0.226,0.242,0.0
0.067,0.289,0.113,0.355,0.0
0.124,0.248,0.082,0.24,0.0
0.116,0.316,0.184,0.2,0.0
0.156,0.188,0.025,0.217,0.0
0.108,0.216,0.112,0.222,0.0
0.118,0.332,0.179,0.331,0.0
0.16,0.29,0.189,0.291,0.0
0.107,0.308,0.111,0.339,0.0
0.103,0.323,0.195,0.211,0.0
0.102,0.338,0.156,0.296,0.0
0.015,0.259,0.069,0.303,0.0
0.122,0.24,0.179,0.241,0.0
0.132,0.37,0.047,0.259,0.0
0.144,0.236,0.16,0.196,0.0
0.199,0.247,0.049,0.263,0.0
0.156,0.388,0.198,0.204,0.0
0.12,0.248,0.179,0.327,0.0
0.101,0.281,0.081,0.317,0.0
0.148,0.27,0.11,0.26,0.0
0.14,0.344,0.153,0.231,0.0
0.172,0.236,0.126,0.3,0.0
0.134,0.262,0.229,0.257,0.0
0.185,0.261,0.131,0.327,0.0
0.067,0.256,0.204,0.258,0.0
0.199,0.259,0.126,0.286,0.0
0.103,0.279,0.181,0.195,0.0
0.18,0.252,0.121,0.297,0.0
0.257,0.303,0.215,0.221,0.0
0.113,0.243,0.175,0.217,0.0
0.117,0.231,0.161,0.231,0.0
0.058,0.282,0.172,0.3,0.0
0.069,0.309,0.131,0.257,0.0
0.052,0.28,0.101,0.187,0.0
0.123,0.245,0.189,0.215,0.0
0.156,0.204,0.089,0.287,0.0
0.116,0.27,0.054,0.294,0.0
0.139,0.221,0.141,0.305,0.0
0.088,0.316,0.172,0.25,0.0
0.21,0.22,0.183,0.251,0.0
0.092,0.216,0.072,0.271,0.0
0.166,0.202,0.174,0.29,0.0
0.202,0.224,0.041,0.283,0.0
0.173,0.381,0.211,0.223,0.0
0.064,0.272,0.133,0.227,0.0
0.131,0.363,0.157,0.197,0.0
0.182,0.286,0.129,0.204,0.0
0.114,0.34,0.108,0.256,0.0
0.167,0.183,0.114,0.354,0.0
0.133,0.321,0.177,0.236,0.0
0.124,0.246,0.102,0.296,0.0
0.138,0.244,0.174,0.23,0.0
0.178,0.188,0.205,0.241,0.0
0.125,0.299,0.19,0.372,0.0
0.153,0.257,0.117,0.299,0.0
0.225,0.361,0.117,0.315,0.0
0.166,0.262,0.124,0.342,0.0
0.145,0.251,0.185,0.269,0.0
0.11,0.23,0.092,0.302,0.0
0.156,0.284,0.072,0.272,0.0
0.11,0.204,0.136,0.168,0.0
0.036,0.214,0.208,0.276,0.0
0.168,0.23,0.092,0.149,0.0
0.174,0.384,0.166,0.22,0.0
0.056,0.21,0.088,0.332,0.0
0.141,0.239,0.098,0.238,0.0
0.213,0.225,0.168,0.328,0.0
0.163,0.317,0.142,0.318,0.0
0.157,0.275,0.021,0.186,0.0
0.109,0.267,0.166,0.372,0.0
0.027,0.253,0.205,0.211,0.0
0.063,0.285,0.07,0.318,0.0
0.143,0.211,0.118,0.242,0.0
0.099,0.246,0.128,0.264,0.0
0.179,0.261,0.131,0.161,0.0
0.128,0.252,0.215,0.227,0.0
0.09,0.322,0.143,0.325,0.0
0.067,0.269,0.122,0.22,0.0
0.211,0.249,0.211,0.249,0.0
0.108,0.246,0.05,0.284,0.0
0.115,0.337,0.182,0.278,0.0
0.156,0.226,0.09,0.34,0.0
0.046,0.248,0.134,0.326,0.0
0.128,0.268,0.05,0.284,0.0
0.131,0.323,0.214,0.246,0.0
0.104,0.324,0.152,0.168,0.0
0.188,0.262,0.055,0.271,0.0
0.11,0.322,0.1,0.206,0.0
0.195,0.217,0.221,0.231,0.0
0.153,0.317,0.09,0.31,0.0
0.161,0.269,0.097,0.301,0.0
0.176,0.248,0.109,0.277,0.0
0.069,0.283,0.08,0.24,0.0
0.157,0.317,0.106,0.266,0.0
0.116,0.286,0.103,0.289,0.0
0.155,0.259,0.1,0.234,0.0
0.101,0.327,0.19,0.226,0.0
0.247,0.277,0.192,0.244,0.0
0.116,0.168,0.102,0.228,0.0
0.118,0.274,0.206,0.22,0.0
0.195,0.267,0.187,0.289,0.0
0.162,0.169,0.13,0.282,0.0
0.203,0.269,0.132,0.306,0.0
0.162,0.168,0.141,0.377,0.0
0.157,0.325,0.184,0.228,0.0
0.075,0.253,0.138,0.228,0.0
0.15,0.164,0.087,0.279,0.0
0.118,0.352,0.123,0.257,0.0
0.136,0.278,0.128,0.306,0.0
0.0,0.236,0.117,0.237,0.0
0.142,0.155,0.152,0.168,0.0
0.079,0.225,0.083,0.305,0.0
0.22,0.248,0.13,0.23,0.0
0.064,0.272,0.104,0.306,0.0
0.18,0.346,0.091,0.179,0.0
0.047,0.229,0.217,0.221,0.0
0.057,0.229,0.095,0.281,0.0
0.127,0.235,0.15,0.326,0.0
0.201,0.239,0.128,0.362,0.0
0.1,0.318,0.161,0.355,0.0
0.07,0.278,0.161,0.243,0.0
0.195,0.245,0.234,0.276,0.0
0.087,0.223,0.183,0.213,0.0
0.062,0.28,0.09,0.248,0.0
0.134,0.38,0.076,0.272,0.0
0.117,0.231,0.078,0.264,0.0
0.227,0.245,0.082,0.27,0.0
0.125,0.277,0.08,0.254,0.0
0.107,0.221,0.165,0.211,0.0
0.215,0.221,0.121,0.339,0.0
0.052,0.29,0.137,0.212,0.0
0.116,0.29,0.131,0.269,0.0
0.171,0.309,0.151,0.167,0.0
0.108,0.188,0.109,0.219,0.0
0.142,0.234,0.079,0.241,0.0
0.05,0.298,0.14,0.166,0.0
0.046,0.227,0.202,0.224,0.0
0.105,0.297,0.127,0.301,0.0
0.055,0.251,0.145,0.205,0.0
0.101,0.273,0.176,0.288,0.0
0.153,0.251,0.09,0.296,0.0
0.09,0.198,0.147,0.317,0.0
0.162,0.235,0.131,0.303,0.0
0.094,0.32,0.161,0.311,0.0
