0.348,0.384,0.262,0.362,0.0
0.397,0.411,0.281,0.465,0.001699547
0.404,0.442,0.382,0.448,0.001982403
0.469,0.569,0.254,0.48,0.003226103
0.382,0.458,0.268,0.48,0.009559289
0.426,0.428,0.251,0.463,0.000133477
0.406,0.492,0.314,0.494,0.007635192
0.236,0.484,0.283,0.502,0.100163883
0.349,0.405,0.292,0.492,0.014499877
0.303,0.503,0.322,0.448,0.018508051
0.444,0.446,0.277,0.469,0.000122876
0.271,0.497,0.258,0.46,0.041510481
0.344,0.571,0.326,0.398,0.0
0.376,0.444,0.471,0.51,0.005219108
0.379,0.455,0.344,0.496,0.012339183
0.357,0.467,0.272,0.52,0.024087114
0.278,0.468,0.329,0.433,0.015266528
0.361,0.369,0.371,0.463,0.001477888
0.404,0.428,0.39,0.408,0.0
0.278,0.488,0.391,0.463,0.039465917
0.287,0.393,0.295,0.473,0.031946374
0.453,0.507,0.386,0.484,0.0028435
0.358,0.438,0.329,0.459,0.010493148
0.345,0.509,0.233,0.463,0.016563234
0.413,0.441,0.313,0.437,0.000760387
0.282,0.502,0.365,0.451,0.027526203
0.29,0.448,0.362,0.382,0.0
0.321,0.413,0.254,0.502,0.02669209
0.299,0.541,0.308,0.48,0.037670479
0.294,0.47,0.316,0.518,0.054719917
0.374,0.422,0.318,0.443,0.003804344
0.364,0.4,0.309,0.363,0.0
0.29,0.388,0.341,0.537,0.049446358
0.314,0.538,0.29,0.474,0.028457653
0.272,0.486,0.289,0.443,0.023638495
0.364,0.542,0.42,0.47,0.010041156
0.327,0.449,0.268,0.488,0.024552598
0.372,0.424,0.313,0.395,0.0
0.32,0.492,0.289,0.529,0.042155702
0.368,0.424,0.348,0.446,0.005300543
0.353,0.5,0.371,0.523,0.028193107
0.368,0.426,0.274,0.514,0.015582633
0.319,0.387,0.34,0.458,0.012507836
0.3,0.548,0.233,0.479,0.036992491
0.333,0.477,0.282,0.516,0.031935773
0.401,0.435,0.342,0.418,0.0
0.344,0.479,0.259,0.501,0.024883159
0.333,0.423,0.32,0.41,0.0
0.323,0.397,0.374,0.45,0.010511459
0.438,0.482,0.324,0.502,0.00347041
0.261,0.481,0.272,0.494,0.070143052
0.343,0.375,0.424,0.436,0.0
0.353,0.476,0.289,0.421,0.005562679
0.288,0.51,0.303,0.527,0.065729145
0.335,0.413,0.34,0.398,0.0
0.353,0.449,0.43,0.478,0.010831419
0.245,0.421,0.288,0.53,0.102127975
0.293,0.383,0.38,0.474,0.026600535
0.398,0.404,0.375,0.435,0.000250089
0.3,0.444,0.364,0.472,0.0300748
0.32,0.458,0.373,0.585,0.04853852
0.327,0.501,0.32,0.479,0.024892315
0.361,0.559,0.323,0.497,0.022595734
0.284,0.372,0.382,0.496,0.036580976
0.293,0.399,0.287,0.503,0.040746721
0.251,0.433,0.376,0.482,0.065618797
0.386,0.393,0.255,0.501,0.002119735
0.321,0.383,0.378,0.436,0.004955526
0.438,0.458,0.346,0.526,0.002193943
0.303,0.455,0.278,0.45,0.018299884
0.439,0.485,0.338,0.5,0.00347282
0.413,0.419,0.297,0.439,0.000206721
0.441,0.451,0.423,0.429,0.0
0.284,0.528,0.305,0.381,0.0
0.373,0.419,0.383,0.391,0.0
0.281,0.469,0.313,0.527,0.069819237
0.294,0.416,0.29,0.468,0.02917178
0.382,0.49,0.36,0.529,0.018086417
0.339,0.481,0.29,0.472,0.019200495
0.272,0.498,0.419,0.537,0.067766481
0.415,0.457,0.284,0.531,0.005579545
0.387,0.449,0.254,0.5,0.009774684
0.348,0.418,0.291,0.331,0.0
0.358,0.52,0.382,0.422,0.005715913
0.341,0.503,0.336,0.522,0.032082742
0.261,0.473,0.317,0.383,0.0
0.321,0.447,0.382,0.416,0.0
0.33,0.378,0.393,0.441,0.004341627
0.305,0.447,0.329,0.505,0.039898152
0.317,0.381,0.279,0.401,0.0
0.344,0.456,0.385,0.395,0.0
0.356,0.436,0.331,0.467,0.012424955
0.363,0.397,0.403,0.423,0.002658945
0.254,0.46,0.372,0.5,0.078297215
0.358,0.51,0.348,0.36,0.0
0.304,0.438,0.377,0.432,0.009530859
0.443,0.527,0.396,0.456,0.002614132
0.368,0.446,0.359,0.49,0.014121611
0.322,0.488,0.287,0.491,0.029472948
0.374,0.416,0.341,0.449,0.004732903
0.299,0.469,0.265,0.395,0.0
0.276,0.494,0.283,0.499,0.062839385
0.296,0.538,0.398,0.484,0.041058971
0.32,0.402,0.364,0.47,0.017642617
0.236,0.476,0.255,0.483,0.083232984
0.319,0.403,0.244,0.414,0.0
0.289,0.483,0.357,0.505,0.053894478
0.3,0.476,0.353,0.533,0.054975789
0.281,0.451,0.385,0.569,0.079950503
0.398,0.562,0.379,0.455,0.006201154
0.372,0.404,0.357,0.449,0.004206704
0.397,0.451,0.365,0.399,0.0
0.364,0.552,0.243,0.375,0.0
0.31,0.416,0.342,0.384,0.0
0.345,0.461,0.362,0.396,0.0
0.31,0.452,0.395,0.414,0.0
0.362,0.516,0.344,0.452,0.010727818
0.347,0.485,0.374,0.504,0.025231068
0.257,0.407,0.409,0.461,0.043940058
0.318,0.406,0.399,0.401,0.0
0.353,0.585,0.325,0.535,0.033845414
0.406,0.466,0.238,0.487,0.005599783
0.39,0.414,0.315,0.403,0.0
0.388,0.55,0.362,0.412,0.0
0.362,0.432,0.3,0.535,0.020461061
0.269,0.507,0.327,0.373,0.0
0.312,0.458,0.311,0.425,0.008725658
0.44,0.486,0.332,0.454,0.001738096
0.364,0.458,0.391,0.399,0.0
0.288,0.508,0.331,0.453,0.027214434
0.343,0.451,0.412,0.414,0.0
0.272,0.506,0.363,0.519,0.07827794
0.446,0.47,0.292,0.517,0.002205508
0.266,0.494,0.282,0.442,0.024619096
0.435,0.459,0.303,0.507,0.002279715
0.285,0.445,0.311,0.481,0.042357123
0.338,0.424,0.425,0.426,0.0
0.347,0.589,0.403,0.449,0.012368577
0.34,0.466,0.431,0.455,0.007061769
0.35,0.496,0.348,0.536,0.031072266
0.311,0.518,0.23,0.474,0.029191055
0.323,0.439,0.38,0.48,0.022902683
0.259,0.395,0.453,0.457,0.004012993
0.311,0.371,0.4,0.43,0.005050936
0.357,0.443,0.404,0.49,0.016624913
0.433,0.441,0.263,0.431,0.000199011
0.279,0.473,0.336,0.466,0.039850448
0.395,0.434,0.303,0.493,0.005580508
0.225,0.423,0.247,0.457,0.064428103
0.379,0.395,0.247,0.483,0.004158035
0.308,0.5,0.322,0.562,0.057859284
0.303,0.481,0.302,0.526,0.051151688
0.298,0.44,0.273,0.481,0.03403286
0.403,0.473,0.228,0.462,0.004566659
0.373,0.395,0.355,0.442,0.002297545
0.329,0.474,0.405,0.461,0.017610814
0.396,0.518,0.313,0.523,0.013932237
0.33,0.443,0.279,0.451,0.01237725
0.295,0.417,0.283,0.531,0.051594042
0.27,0.454,0.397,0.469,0.047121829
0.303,0.543,0.343,0.573,0.06657916
0.252,0.488,0.297,0.53,0.100846689
0.314,0.488,0.415,0.449,0.016035107
0.321,0.453,0.311,0.465,0.019907877
0.363,0.417,0.345,0.435,0.003477156
0.318,0.52,0.417,0.532,0.045523474
0.343,0.411,0.402,0.44,0.005430647
0.388,0.462,0.346,0.55,0.01503475
0.326,0.504,0.343,0.511,0.035225001
0.288,0.498,0.303,0.533,0.067052353
0.257,0.473,0.305,0.477,0.061229466
0.211,0.441,0.347,0.439,0.039515068
0.239,0.433,0.333,0.447,0.038808168
0.322,0.468,0.332,0.396,0.0
0.411,0.517,0.429,0.445,0.000977709
0.256,0.423,0.431,0.439,0.001953973
0.318,0.42,0.278,0.51,0.031293925
0.408,0.414,0.318,0.42,0.000237561
0.343,0.411,0.33,0.534,0.023398043
0.327,0.453,0.379,0.449,0.01253723
0.205,0.413,0.312,0.524,0.193155168
0.369,0.421,0.431,0.461,0.004705437
0.315,0.469,0.37,0.388,0.0
0.3,0.384,0.366,0.474,0.023264084
0.327,0.473,0.341,0.473,0.021945213
0.326,0.436,0.363,0.445,0.010091271
0.38,0.406,0.326,0.494,0.006481119
0.286,0.426,0.392,0.41,0.0
0.256,0.48,0.268,0.404,0.0
0.351,0.502,0.423,0.467,0.010427132
0.367,0.521,0.292,0.524,0.025077352
0.288,0.416,0.373,0.469,0.032625325
0.379,0.434,0.365,0.421,0.002548116
0.429,0.435,0.312,0.522,0.000709791
0.279,0.525,0.244,0.483,0.052123614
0.411,0.431,0.339,0.573,0.004178756
0.355,0.373,0.275,0.459,0.003217912
0.396,0.415,0.359,0.421,0.000813874
0.379,0.411,0.269,0.511,0.009065374
0.304,0.514,0.349,0.407,0.0
0.281,0.485,0.352,0.472,0.043011017
0.395,0.473,0.316,0.504,0.009659517
0.329,0.465,0.366,0.39,0.0
0.33,0.526,0.261,0.441,0.009343412
0.27,0.514,0.295,0.473,0.052440201
0.394,0.48,0.348,0.534,0.013168959
0.367,0.389,0.377,0.407,0.0
0.442,0.452,0.223,0.429,0.000193229
0.392,0.402,0.346,0.458,0.001289959
0.281,0.489,0.285,0.375,0.0
0.317,0.475,0.327,0.519,0.039970433
0.291,0.405,0.413,0.455,0.022678133
0.342,0.418,0.382,0.518,0.022991829
0.367,0.459,0.36,0.366,0.0
0.238,0.46,0.39,0.556,0.129600209
0.35,0.47,0.316,0.41,0.0
0.408,0.418,0.293,0.485,0.001316462
0.359,0.549,0.305,0.505,0.024850874
0.272,0.486,0.35,0.478,0.053277687
0.415,0.457,0.347,0.539,0.005866256
0.375,0.477,0.286,0.48,0.012663961
0.25,0.482,0.359,0.529,0.102208929
0.316,0.35,0.338,0.442,0.003693997
0.373,0.415,0.278,0.488,0.009525558
0.343,0.465,0.362,0.495,0.0227933
0.342,0.497,0.284,0.52,0.031047691
0.301,0.453,0.346,0.51,0.04493415
0.359,0.454,0.234,0.476,0.014412177
0.403,0.432,0.337,0.441,0.001213343
0.382,0.412,0.367,0.477,0.005591591
0.29,0.498,0.337,0.389,0.0
0.418,0.424,0.35,0.486,0.000645221
0.329,0.521,0.339,0.529,0.039348823
0.378,0.392,0.417,0.418,0.0
0.341,0.399,0.305,0.525,0.020258194
0.359,0.463,0.335,0.385,0.0
0.284,0.522,0.421,0.457,0.018020883
0.357,0.385,0.283,0.523,0.01009898
0.375,0.475,0.264,0.476,0.011899238
0.312,0.366,0.377,0.402,0.0
0.309,0.506,0.331,0.441,0.011963326
0.384,0.394,0.301,0.401,0.0
0.309,0.451,0.373,0.523,0.043474574
0.365,0.371,0.329,0.537,0.002164549
0.243,0.423,0.378,0.528,0.103904621
0.439,0.499,0.38,0.494,0.003992273
0.268,0.45,0.202,0.436,0.017531788
0.408,0.525,0.356,0.456,0.004776271
0.38,0.43,0.282,0.512,0.011520008
0.333,0.517,0.344,0.472,0.021767403
0.299,0.525,0.351,0.495,0.043854767
0.357,0.419,0.377,0.447,0.006782768
0.346,0.454,0.402,0.46,0.013447478
0.336,0.46,0.332,0.47,0.018171226
0.284,0.526,0.328,0.416,0.0
0.298,0.523,0.342,0.478,0.037060916
0.321,0.505,0.248,0.494,0.031775311
0.305,0.497,0.385,0.479,0.033059488
0.339,0.397,0.405,0.525,0.020396008
0.325,0.519,0.293,0.495,0.031128163
0.417,0.455,0.348,0.398,0.0
0.319,0.499,0.404,0.464,0.022099892
0.422,0.446,0.309,0.436,0.000582578
0.409,0.445,0.297,0.513,0.004903966
0.323,0.431,0.373,0.449,0.012367131
0.367,0.505,0.339,0.493,0.018580813
0.343,0.493,0.322,0.432,0.006502803
0.336,0.482,0.403,0.429,0.006789996
0.403,0.409,0.286,0.311,0.0
0.443,0.471,0.306,0.514,0.002538478
0.28,0.404,0.358,0.478,0.040757804
0.252,0.5,0.295,0.469,0.059235498
0.365,0.415,0.332,0.504,0.013763101
0.378,0.418,0.365,0.459,0.005483171
0.286,0.409,0.326,0.536,0.059486551
0.358,0.396,0.287,0.493,0.010861777
0.357,0.585,0.386,0.424,0.006231511
0.329,0.444,0.262,0.492,0.024368043
0.225,0.415,0.355,0.403,0.0
0.459,0.485,0.289,0.535,0.002319229
0.441,0.511,0.356,0.534,0.006117309
0.333,0.405,0.32,0.52,0.023966165
0.379,0.487,0.269,0.515,0.017383854
0.294,0.492,0.484,0.524,0.017591057
0.325,0.354,0.234,0.462,0.005398362
0.333,0.485,0.349,0.495,0.026818821
0.362,0.38,0.314,0.51,0.006021417
0.34,0.444,0.293,0.391,0.0
0.325,0.469,0.239,0.427,0.007499305
0.372,0.5,0.32,0.524,0.022168799
0.417,0.453,0.267,0.504,0.003855904
0.335,0.401,0.212,0.442,0.006290781
0.226,0.424,0.332,0.412,0.0
0.253,0.483,0.403,0.447,0.034686273
0.288,0.446,0.234,0.478,0.039200408
0.334,0.538,0.405,0.467,0.020486118
0.403,0.431,0.352,0.46,0.00228357
0.369,0.421,0.333,0.519,0.015033786
0.285,0.531,0.394,0.435,0.014403503
0.375,0.457,0.36,0.519,0.017024863
0.357,0.449,0.361,0.397,0.0
0.285,0.529,0.317,0.537,0.073131595
0.271,0.467,0.267,0.507,0.070014393
0.33,0.436,0.307,0.459,0.014983672
0.364,0.414,0.288,0.534,0.016800313
0.332,0.424,0.314,0.496,0.022564894
0.309,0.543,0.301,0.398,0.0
0.376,0.462,0.301,0.469,0.010005016
0.385,0.409,0.256,0.374,0.0
0.352,0.478,0.321,0.547,0.030484388
0.377,0.403,0.298,0.418,0.0
0.371,0.431,0.25,0.492,0.012250519
0.35,0.52,0.246,0.47,0.017796815
0.312,0.484,0.423,0.465,0.014902718
0.376,0.414,0.33,0.45,0.004407643
0.378,0.512,0.379,0.393,0.0
0.379,0.401,0.364,0.458,0.003630872
0.328,0.418,0.358,0.384,0.0
0.359,0.485,0.377,0.415,0.0
0.373,0.393,0.348,0.49,0.005826743
0.341,0.435,0.347,0.415,0.0
0.361,0.449,0.391,0.559,0.02548453
0.369,0.439,0.264,0.492,0.013524095
0.235,0.465,0.372,0.388,0.0
0.407,0.529,0.328,0.48,0.007483403
0.401,0.405,0.371,0.441,0.000199975
0.333,0.468,0.359,0.427,0.00678855
0.415,0.417,0.347,0.475,0.000181664
0.406,0.424,0.311,0.503,0.002791459
0.349,0.497,0.328,0.514,0.027629322
0.349,0.46,0.263,0.463,0.01411101
0.376,0.478,0.263,0.483,0.012961756
0.328,0.459,0.351,0.485,0.024022062
0.423,0.443,0.226,0.426,0.000494396
0.283,0.463,0.292,0.464,0.035795532
0.423,0.435,0.303,0.543,0.001800257
0.228,0.474,0.405,0.445,0.042041018
0.346,0.476,0.383,0.449,0.010803953
0.345,0.391,0.371,0.571,0.019336863
0.329,0.551,0.267,0.471,0.023000021
0.33,0.362,0.278,0.41,0.0
0.329,0.487,0.297,0.461,0.01806136
0.421,0.435,0.404,0.416,0.0
0.276,0.456,0.411,0.503,0.062783007
0.213,0.441,0.31,0.476,0.107382741
0.361,0.471,0.358,0.426,0.004831686
0.299,0.549,0.319,0.565,0.068846346
0.286,0.494,0.321,0.487,0.047242778
0.376,0.398,0.316,0.518,0.007832757
0.248,0.484,0.37,0.472,0.063985748
0.361,0.568,0.311,0.411,0.0
0.245,0.472,0.344,0.536,0.110972654
0.373,0.489,0.377,0.417,0.0
0.348,0.49,0.312,0.556,0.034322945
0.283,0.433,0.367,0.615,0.081322861
0.328,0.534,0.269,0.517,0.037212223
0.346,0.472,0.377,0.503,0.024465862
0.268,0.516,0.286,0.486,0.061640499
0.298,0.38,0.276,0.462,0.01946745
0.352,0.442,0.319,0.339,0.0
0.357,0.451,0.268,0.512,0.021310111
0.273,0.425,0.379,0.491,0.05539164
0.316,0.468,0.407,0.417,0.0
0.321,0.427,0.349,0.525,0.034350893
0.293,0.435,0.363,0.459,0.02639526
0.325,0.419,0.367,0.451,0.012145954
0.327,0.405,0.314,0.486,0.019363366
0.325,0.477,0.258,0.464,0.019801866
0.253,0.423,0.305,0.534,0.094639753
0.35,0.392,0.327,0.503,0.013014761
0.327,0.449,0.206,0.376,0.0
0.401,0.405,0.419,0.425,0.0
0.417,0.439,0.369,0.481,0.001932289
0.298,0.474,0.378,0.452,0.022164462
0.314,0.39,0.394,0.496,0.023488634
0.41,0.518,0.309,0.415,0.0
0.362,0.564,0.33,0.558,0.03351919
0.318,0.422,0.356,0.362,0.0
0.369,0.441,0.253,0.503,0.015520954
0.325,0.503,0.349,0.369,0.0
0.292,0.448,0.376,0.44,0.013583847
0.308,0.452,0.322,0.47,0.026032895
0.364,0.476,0.275,0.473,0.014124984
0.306,0.41,0.356,0.432,0.008410035
0.279,0.433,0.283,0.509,0.060678209
0.341,0.453,0.348,0.406,0.0
0.349,0.425,0.343,0.461,0.011596143
0.389,0.425,0.379,0.471,0.00470881
0.249,0.451,0.377,0.451,0.039686131
0.372,0.378,0.332,0.476,0.001605101
0.27,0.486,0.295,0.515,0.076823182
0.314,0.488,0.275,0.441,0.010864186
0.419,0.443,0.309,0.547,0.003730619
0.38,0.482,0.289,0.523,0.01757371
0.284,0.454,0.264,0.488,0.047260125
0.296,0.484,0.317,0.515,0.052810758
0.284,0.464,0.392,0.428,0.013749609
0.413,0.423,0.387,0.471,0.000899647
0.336,0.534,0.282,0.454,0.015214005
0.437,0.453,0.309,0.449,0.000627392
0.334,0.361,0.392,0.413,0.0
0.339,0.451,0.309,0.507,0.025582831
0.371,0.447,0.278,0.488,0.013119808
0.305,0.491,0.259,0.505,0.043144976
0.322,0.502,0.319,0.561,0.04833999
0.269,0.457,0.348,0.412,0.0
0.428,0.466,0.342,0.46,0.001958792
0.335,0.456,0.31,0.535,0.032989617
0.33,0.424,0.313,0.445,0.009098141
0.38,0.394,0.288,0.504,0.004604726
0.372,0.486,0.382,0.462,0.010802989
0.328,0.464,0.339,0.451,0.013513012
0.398,0.496,0.305,0.399,0.0
0.346,0.438,0.411,0.499,0.020732834
0.384,0.442,0.455,0.469,0.001695692
0.341,0.435,0.374,0.476,0.016799831
0.302,0.52,0.382,0.476,0.033850715
0.352,0.37,0.328,0.434,0.001369468
0.391,0.411,0.444,0.512,0.003378855
0.325,0.531,0.326,0.512,0.037071999
0.298,0.5,0.277,0.515,0.052365994
0.369,0.529,0.315,0.543,0.027310808
0.31,0.522,0.345,0.433,0.009915389
0.351,0.455,0.405,0.447,0.00892756
0.308,0.408,0.296,0.456,0.017405056
0.343,0.417,0.326,0.462,0.012323763
0.275,0.508,0.325,0.503,0.067021032
0.4,0.44,0.362,0.51,0.006065749
0.239,0.446,0.354,0.502,0.093601811
0.384,0.394,0.37,0.508,0.003336451
0.329,0.445,0.316,0.522,0.031989742
0.254,0.478,0.308,0.5,0.079558744
0.352,0.444,0.319,0.452,0.010018509
0.311,0.451,0.393,0.423,0.008726622
0.346,0.496,0.327,0.565,0.036810827
0.401,0.475,0.45,0.5,0.004514135
0.383,0.385,0.301,0.521,0.000788817
0.363,0.377,0.353,0.488,0.003820246
0.319,0.511,0.37,0.502,0.035481354
0.254,0.464,0.326,0.462,0.050664519
0.371,0.463,0.41,0.436,0.003917583
0.319,0.569,0.344,0.486,0.031460651
0.369,0.441,0.371,0.451,0.007079116
0.293,0.373,0.272,0.522,0.037415089
0.275,0.475,0.31,0.536,0.080080125
0.312,0.496,0.375,0.449,0.016643224
0.363,0.461,0.247,0.466,0.012187876
0.33,0.49,0.377,0.412,0.0
0.332,0.522,0.34,0.43,0.007584595
0.204,0.45,0.363,0.447,0.070037523
0.277,0.481,0.35,0.365,0.0
0.328,0.46,0.317,0.473,0.020927508
0.346,0.536,0.357,0.557,0.038144155
0.364,0.386,0.258,0.506,0.007401004
0.314,0.518,0.29,0.438,0.009837326
0.252,0.43,0.383,0.413,0.0
0.325,0.541,0.322,0.518,0.039348823
0.317,0.541,0.368,0.45,0.016802722
0.307,0.475,0.351,0.479,0.031133463
0.363,0.519,0.362,0.542,0.028800261
0.245,0.483,0.359,0.393,0.0
0.345,0.445,0.361,0.491,0.019816322
0.352,0.442,0.42,0.454,0.005411855
0.351,0.433,0.297,0.526,0.023276131
0.381,0.457,0.407,0.425,0.002860366
0.267,0.481,0.315,0.383,0.0
0.296,0.512,0.344,0.384,0.0
0.317,0.429,0.312,0.442,0.009847446
0.284,0.482,0.358,0.44,0.016204724
0.37,0.372,0.366,0.43,0.000187446
0.282,0.5,0.265,0.505,0.061019372
0.317,0.499,0.333,0.493,0.032868187
0.344,0.495,0.296,0.428,0.006470518
0.376,0.378,0.304,0.488,0.000643293
0.312,0.416,0.364,0.45,0.014217021
0.327,0.545,0.23,0.47,0.023168674
0.412,0.47,0.342,0.426,0.00135983
0.384,0.478,0.402,0.496,0.012317017
0.32,0.432,0.426,0.526,0.028416694
0.351,0.521,0.385,0.434,0.00625946
0.367,0.411,0.296,0.502,0.012278949
0.325,0.401,0.335,0.515,0.025708116
0.309,0.489,0.444,0.532,0.035319447
0.323,0.399,0.343,0.375,0.0
0.238,0.44,0.356,0.39,0.0
0.334,0.52,0.338,0.446,0.011477604
0.369,0.453,0.275,0.421,0.003889153
0.3,0.516,0.363,0.387,0.0
0.291,0.441,0.257,0.415,0.0
0.244,0.474,0.285,0.473,0.067250401
0.337,0.433,0.262,0.502,0.023284323
0.294,0.519,0.316,0.474,0.037195839
0.308,0.516,0.377,0.451,0.019058344
0.418,0.432,0.419,0.471,0.000730029
0.356,0.498,0.362,0.402,0.0
0.337,0.429,0.315,0.525,0.027444285
0.357,0.369,0.422,0.47,0.001542458
0.401,0.443,0.368,0.41,0.0
0.366,0.388,0.354,0.476,0.005579545
0.388,0.484,0.292,0.468,0.008039478
0.336,0.346,0.322,0.37,0.0
0.314,0.404,0.292,0.518,0.032548708
0.354,0.398,0.294,0.542,0.016759836
0.347,0.397,0.306,0.462,0.009548206
0.349,0.437,0.413,0.419,0.005057682
0.369,0.393,0.291,0.505,0.008105494
0.35,0.534,0.301,0.497,0.024687521
0.392,0.482,0.262,0.448,0.004379212
0.401,0.457,0.238,0.47,0.004549794
0.305,0.541,0.305,0.353,0.0
0.408,0.454,0.289,0.483,0.004267419
0.324,0.436,0.368,0.452,0.013837309
0.356,0.428,0.396,0.48,0.013962113
0.33,0.486,0.379,0.425,0.007313786
0.402,0.412,0.387,0.515,0.002075885
0.303,0.505,0.344,0.454,0.022357691
0.291,0.511,0.301,0.511,0.056718704
0.281,0.419,0.328,0.46,0.031716523
0.278,0.52,0.399,0.415,0.0
0.34,0.578,0.324,0.406,0.0
0.327,0.447,0.3,0.49,0.024867739
0.297,0.441,0.231,0.455,0.022717646
0.375,0.421,0.328,0.39,0.0
0.349,0.501,0.421,0.459,0.008286677
0.34,0.554,0.308,0.514,0.032810844
0.383,0.595,0.327,0.482,0.013838273
0.357,0.461,0.312,0.528,0.024658609
0.341,0.393,0.342,0.556,0.020958348
0.298,0.512,0.366,0.468,0.032211883
0.394,0.403,0.344,0.376,0.0
0.341,0.519,0.337,0.347,0.0
0.328,0.402,0.275,0.457,0.012381105
0.297,0.527,0.326,0.488,0.042022707
0.392,0.488,0.317,0.423,0.002610277
0.322,0.466,0.306,0.332,0.0
0.414,0.432,0.324,0.538,0.002973605
0.346,0.406,0.26,0.444,0.006207418
0.358,0.412,0.408,0.458,0.008656751
0.439,0.467,0.287,0.524,0.002891687
0.4,0.422,0.452,0.488,0.001451385
0.311,0.413,0.383,0.459,0.01828061
0.282,0.506,0.336,0.402,0.0
0.356,0.56,0.466,0.482,0.003838075
0.314,0.564,0.353,0.453,0.019672243
0.29,0.464,0.3,0.46,0.029674368
0.366,0.5,0.366,0.506,0.021192054
0.219,0.459,0.304,0.394,0.0
0.405,0.421,0.378,0.417,0.0
0.351,0.478,0.344,0.54,0.029919157
0.305,0.485,0.322,0.496,0.038965739
0.276,0.476,0.356,0.458,0.036536644
0.418,0.496,0.335,0.459,0.003628463
0.355,0.387,0.368,0.554,0.01299115
0.292,0.468,0.287,0.471,0.034731568
0.312,0.507,0.241,0.461,0.023037125
0.402,0.408,0.347,0.457,0.000579687
0.313,0.525,0.346,0.536,0.049794267
0.39,0.396,0.397,0.551,0.002269596
0.225,0.445,0.358,0.498,0.11057415
0.247,0.437,0.337,0.454,0.04413425
0.357,0.446,0.361,0.365,0.0
0.402,0.42,0.314,0.498,0.002843019
0.328,0.47,0.47,0.478,0.002324529
0.332,0.496,0.324,0.446,0.011357137
0.241,0.447,0.389,0.403,0.0
0.365,0.471,0.317,0.451,0.00880613
0.378,0.456,0.258,0.478,0.010324494
0.305,0.513,0.358,0.492,0.038551814
0.371,0.393,0.307,0.517,0.008111277
0.322,0.512,0.404,0.478,0.026539338
0.366,0.388,0.36,0.422,0.001901449
0.37,0.488,0.455,0.471,0.003322477
0.307,0.483,0.359,0.375,0.0
0.292,0.48,0.351,0.381,0.0
0.396,0.5,0.352,0.402,0.0
0.287,0.471,0.219,0.467,0.035836009
0.273,0.445,0.344,0.436,0.016219662
0.254,0.5,0.44,0.456,0.020769456
0.371,0.443,0.276,0.49,0.013047046
0.326,0.428,0.345,0.439,0.007148987
0.261,0.503,0.342,0.518,0.087132257
0.254,0.47,0.361,0.48,0.064894069
0.319,0.437,0.278,0.414,0.0
0.346,0.366,0.422,0.438,7.0353e-05
0.34,0.454,0.291,0.419,0.005998287
0.38,0.548,0.375,0.387,0.0
0.412,0.472,0.404,0.434,0.00139067
0.332,0.45,0.357,0.369,0.0
0.386,0.454,0.273,0.519,0.012468805
0.352,0.446,0.427,0.449,0.004050579
0.304,0.386,0.399,0.399,0.0
0.347,0.397,0.376,0.526,0.017706706
0.391,0.443,0.323,0.475,0.005843126
0.288,0.526,0.346,0.406,0.0
0.289,0.473,0.256,0.452,0.025324068
0.427,0.503,0.33,0.562,0.008655305
0.274,0.502,0.349,0.447,0.027717986
0.39,0.466,0.297,0.441,0.002912889
0.286,0.512,0.349,0.371,0.0
0.299,0.417,0.314,0.448,0.016742489
0.423,0.439,0.295,0.519,0.002024326
0.318,0.544,0.325,0.499,0.036121756
0.365,0.461,0.229,0.449,0.007971053
0.315,0.509,0.402,0.426,0.00916994
0.358,0.454,0.286,0.502,0.019470341
0.232,0.466,0.352,0.508,0.110858934
0.317,0.397,0.365,0.438,0.00663098
0.236,0.475,0.41,0.45,0.045794284
0.345,0.523,0.312,0.383,0.0
0.325,0.449,0.409,0.437,0.007102728
0.246,0.44,0.371,0.504,0.08692409
0.296,0.476,0.274,0.47,0.032662429
0.329,0.407,0.362,0.43,0.005554006
0.397,0.443,0.318,0.47,0.004339699
0.415,0.422,0.288,0.438,0.000214913
0.384,0.442,0.344,0.398,0.0
0.264,0.47,0.352,0.424,0.018676223
0.338,0.42,0.319,0.543,0.027975785
0.332,0.392,0.393,0.393,0.0
0.266,0.514,0.406,0.408,0.0
0.321,0.507,0.402,0.46,0.020179168
0.351,0.358,0.342,0.486,0.001615702
0.258,0.468,0.335,0.339,0.0
0.358,0.462,0.375,0.381,0.0
0.328,0.447,0.251,0.451,0.012874056
0.29,0.488,0.293,0.431,0.012929952
0.361,0.401,0.359,0.506,0.012519883
0.33,0.574,0.416,0.446,0.012580117
0.391,0.443,0.372,0.404,0.0
0.29,0.504,0.265,0.491,0.046942093
0.326,0.374,0.318,0.52,0.016701048
0.312,0.452,0.298,0.422,0.008605673
0.369,0.467,0.304,0.492,0.015672261
0.296,0.506,0.337,0.535,0.061037683
0.319,0.421,0.391,0.515,0.032184416
0.284,0.422,0.358,0.446,0.019754643
0.343,0.451,0.329,0.427,0.005768437
0.445,0.477,0.294,0.391,0.0
0.347,0.429,0.31,0.476,0.015165818
0.272,0.46,0.351,0.359,0.0
0.325,0.523,0.334,0.488,0.029046495
0.32,0.43,0.328,0.56,0.04132689
0.436,0.438,0.278,0.498,0.000190338
0.346,0.45,0.368,0.432,0.005550151
0.41,0.466,0.292,0.523,0.00708008
0.356,0.414,0.355,0.513,0.017365543
0.33,0.476,0.41,0.546,0.039043319
0.395,0.415,0.267,0.469,0.00256209
0.297,0.501,0.287,0.483,0.039074641
0.34,0.367,0.396,0.416,0.0
0.339,0.541,0.339,0.478,0.022599589
0.34,0.43,0.281,0.525,0.026503198
0.415,0.461,0.308,0.452,0.002161658
0.386,0.42,0.299,0.491,0.006385709
0.297,0.447,0.268,0.476,0.033047923
0.291,0.461,0.316,0.494,0.045509018
0.378,0.388,0.386,0.528,0.004018775
0.388,0.414,0.317,0.477,0.004340663
0.414,0.478,0.332,0.38,0.0
0.307,0.513,0.264,0.506,0.043436024
0.361,0.457,0.333,0.519,0.021738973
0.336,0.442,0.307,0.509,0.026220824
0.372,0.392,0.311,0.485,0.005589664
0.325,0.537,0.339,0.476,0.02540984
0.227,0.463,0.39,0.405,0.0
0.365,0.609,0.346,0.418,0.0
0.374,0.532,0.326,0.402,0.0
0.342,0.586,0.365,0.431,0.007306558
0.363,0.379,0.361,0.435,0.001387779
0.283,0.433,0.39,0.432,0.013327011
0.333,0.441,0.225,0.471,0.017908608
0.272,0.48,0.372,0.54,0.084948433
0.359,0.431,0.283,0.521,0.019861617
0.307,0.485,0.331,0.389,0.0
0.261,0.507,0.381,0.381,0.0
0.361,0.431,0.278,0.51,0.017780431
0.366,0.4,0.349,0.371,0.0
0.37,0.41,0.298,0.506,0.01164192
0.307,0.511,0.326,0.392,0.0
0.285,0.519,0.318,0.526,0.068746118
0.347,0.48,0.34,0.357,0.0
0.376,0.382,0.393,0.453,0.001148772
0.405,0.429,0.331,0.489,0.003049258
0.341,0.467,0.368,0.416,0.0
0.395,0.443,0.338,0.472,0.004838432
0.325,0.539,0.422,0.433,0.0
0.359,0.425,0.415,0.427,0.004012029
0.371,0.391,0.308,0.458,0.003951314
0.282,0.508,0.3,0.534,0.074393124
0.281,0.411,0.394,0.456,0.028313092
0.367,0.405,0.268,0.448,0.004889028
0.359,0.387,0.28,0.484,0.007524362
0.312,0.492,0.289,0.52,0.044276401
0.324,0.434,0.356,0.45,0.012689019
0.401,0.479,0.255,0.427,0.001991559
0.283,0.451,0.391,0.4,0.0
0.332,0.482,0.399,0.459,0.01666539
0.248,0.458,0.4,0.444,0.03118165
0.317,0.505,0.412,0.523,0.042910307
0.248,0.478,0.242,0.328,0.0
0.392,0.436,0.289,0.539,0.009595911
0.396,0.472,0.256,0.428,0.002108171
0.283,0.451,0.364,0.506,0.057114799
0.254,0.43,0.252,0.386,0.0
0.346,0.47,0.224,0.466,0.015755142
0.269,0.499,0.416,0.47,0.050323839
0.345,0.561,0.317,0.413,0.0
0.305,0.475,0.309,0.475,0.030443429
0.353,0.469,0.284,0.41,0.0
0.293,0.497,0.325,0.449,0.021958705
0.381,0.407,0.282,0.524,0.008219697
0.29,0.486,0.306,0.526,0.062015392
0.283,0.401,0.398,0.513,0.053588492
0.39,0.438,0.371,0.595,0.013256177
0.277,0.527,0.463,0.481,0.011303649
0.351,0.473,0.374,0.474,0.016818142
0.331,0.421,0.354,0.52,0.0277628
0.334,0.498,0.259,0.443,0.009843109
0.273,0.499,0.326,0.47,0.047842221
0.367,0.537,0.31,0.464,0.0134788
0.341,0.521,0.397,0.437,0.006934074
0.336,0.386,0.35,0.43,0.003872288
0.368,0.454,0.419,0.449,0.003304648
0.303,0.523,0.409,0.419,0.011017902
0.355,0.457,0.364,0.482,0.01660612
0.353,0.463,0.328,0.514,0.024002787
0.375,0.593,0.26,0.498,0.019606709
0.328,0.488,0.371,0.407,0.0
0.392,0.46,0.349,0.409,0.0
0.347,0.473,0.317,0.435,0.005927453
0.269,0.511,0.266,0.44,0.021195427
0.235,0.479,0.278,0.422,0.025568857
0.324,0.502,0.296,0.466,0.021507677
0.321,0.515,0.301,0.447,0.014221839
0.361,0.413,0.312,0.482,0.011560967
0.289,0.521,0.364,0.461,0.032421977
0.263,0.513,0.298,0.494,0.070209068
0.288,0.466,0.38,0.396,0.0
0.337,0.405,0.39,0.414,0.0
0.304,0.502,0.365,0.419,0.010652646
0.312,0.438,0.256,0.492,0.030487279
0.353,0.387,0.287,0.513,0.011475194
0.366,0.388,0.327,0.383,0.0
0.445,0.446,0.32,0.516,9.9747e-05
0.293,0.337,0.331,0.451,0.010185235
0.405,0.409,0.33,0.486,0.000627392
0.369,0.565,0.336,0.486,0.018191946
0.368,0.396,0.459,0.559,0.006587611
0.483,0.513,0.311,0.481,0.001195513
0.365,0.443,0.317,0.517,0.018835721
0.375,0.399,0.426,0.524,0.006989971
0.339,0.369,0.324,0.55,0.011208721
0.361,0.423,0.268,0.501,0.015459757
0.329,0.493,0.247,0.457,0.017007998
0.349,0.411,0.312,0.51,0.018425652
0.241,0.421,0.341,0.455,0.047661039
0.37,0.526,0.342,0.47,0.013901397
0.363,0.467,0.275,0.517,0.021689823
0.311,0.445,0.435,0.495,0.024174814
0.348,0.442,0.367,0.469,0.014622271
0.429,0.451,0.457,0.483,0.000572941
0.291,0.459,0.331,0.433,0.012201369
0.289,0.431,0.382,0.484,0.04002392
0.352,0.357,0.224,0.464,0.00090302
0.264,0.502,0.381,0.451,0.035366188
0.334,0.532,0.432,0.438,0.000377784
0.395,0.521,0.365,0.405,0.0
0.373,0.435,0.359,0.449,0.005780001
0.319,0.469,0.317,0.531,0.04126232
0.322,0.374,0.273,0.469,0.011055488
0.36,0.462,0.272,0.506,0.02041191
0.413,0.497,0.398,0.464,0.004470767
0.308,0.444,0.415,0.445,0.013482654
0.212,0.454,0.31,0.528,0.171859994
0.378,0.542,0.378,0.49,0.01577008
0.281,0.519,0.353,0.417,0.0
0.369,0.523,0.366,0.485,0.016953065
0.335,0.504,0.368,0.37,0.0
0.314,0.424,0.277,0.495,0.029321159
0.413,0.42,0.428,0.45,0.00017299
0.318,0.412,0.385,0.505,0.028764602
0.44,0.518,0.369,0.403,0.0
0.285,0.497,0.248,0.494,0.052096148
0.35,0.534,0.26,0.51,0.028070713
0.31,0.49,0.294,0.531,0.048424317
0.279,0.447,0.363,0.437,0.014540354
0.28,0.386,0.305,0.407,0.0
0.335,0.513,0.422,0.45,0.006002142
0.392,0.486,0.297,0.485,0.009132836
0.397,0.437,0.294,0.484,0.004818676
0.316,0.542,0.266,0.504,0.038948392
0.23,0.466,0.341,0.411,0.0
0.376,0.406,0.355,0.523,0.009935627
0.318,0.516,0.306,0.538,0.046665982
0.413,0.473,0.362,0.472,0.004087201
0.286,0.446,0.319,0.457,0.029089381
0.325,0.569,0.436,0.464,0.013475426
0.32,0.514,0.291,0.465,0.022555257
0.333,0.461,0.311,0.313,0.0
0.269,0.461,0.269,0.517,0.07661357
0.337,0.511,0.331,0.387,0.0
0.34,0.542,0.341,0.457,0.016112206
0.419,0.453,0.361,0.433,0.000800864
0.284,0.522,0.346,0.424,0.014541799
0.258,0.488,0.248,0.376,0.0
0.293,0.349,0.281,0.465,0.016349285
0.384,0.44,0.251,0.479,0.007709881
0.363,0.501,0.331,0.35,0.0
0.29,0.488,0.363,0.486,0.04380658
0.334,0.39,0.304,0.55,0.022290712
0.369,0.405,0.384,0.458,0.006076832
0.267,0.455,0.364,0.39,0.0
0.335,0.463,0.308,0.372,0.0
0.288,0.48,0.281,0.453,0.026513317
0.268,0.416,0.39,0.412,0.0
0.32,0.458,0.309,0.527,0.038774437
0.435,0.491,0.396,0.442,0.001406571
0.406,0.456,0.295,0.542,0.007957561
0.357,0.411,0.426,0.462,0.005713986
0.389,0.391,0.346,0.382,0.0
0.37,0.442,0.319,0.427,0.003600514
0.343,0.467,0.318,0.44,0.007033339
0.268,0.448,0.265,0.491,0.061013107
0.374,0.388,0.387,0.421,0.001188767
0.348,0.396,0.281,0.457,0.008392206
0.334,0.416,0.403,0.529,0.027177331
0.361,0.557,0.284,0.366,0.0
0.288,0.536,0.322,0.444,0.019745005
0.339,0.479,0.344,0.446,0.010203064
0.352,0.48,0.335,0.455,0.012136316
0.317,0.359,0.368,0.442,0.004400415
0.259,0.459,0.3,0.448,0.03287686
0.4,0.446,0.381,0.426,0.001417654
0.287,0.497,0.402,0.436,0.013668655
0.303,0.503,0.262,0.396,0.0
0.329,0.553,0.423,0.475,0.016271222
0.337,0.477,0.269,0.509,0.028895189
0.367,0.503,0.24,0.486,0.01696993
0.326,0.448,0.379,0.414,0.0
0.23,0.452,0.244,0.422,0.026820749
0.326,0.402,0.299,0.459,0.013294726
0.358,0.47,0.338,0.376,0.0
0.332,0.502,0.449,0.473,0.008668797
0.33,0.408,0.331,0.375,0.0
0.319,0.443,0.393,0.434,0.007587005
0.247,0.487,0.314,0.502,0.087514378
0.302,0.536,0.316,0.512,0.049854982
0.322,0.488,0.324,0.56,0.047021119
0.345,0.473,0.319,0.395,0.0
0.363,0.425,0.391,0.471,0.01083672
0.277,0.491,0.306,0.524,0.074776209
0.337,0.563,0.376,0.528,0.037389068
0.384,0.422,0.354,0.548,0.011125358
0.38,0.422,0.297,0.521,0.011162462
0.232,0.464,0.364,0.408,0.0
0.366,0.49,0.329,0.485,0.016512156
0.257,0.422,0.244,0.484,0.062015874
0.339,0.582,0.33,0.446,0.011588433
0.306,0.506,0.349,0.395,0.0
0.349,0.539,0.351,0.492,0.023738242
0.323,0.549,0.335,0.421,0.008604709
0.333,0.465,0.262,0.456,0.014695997
0.277,0.483,0.31,0.504,0.064323056
0.344,0.38,0.374,0.418,0.0
0.361,0.369,0.339,0.454,0.001201296
0.346,0.372,0.353,0.521,0.008409071
0.3,0.482,0.396,0.454,0.022774025
0.306,0.476,0.35,0.422,0.009955866
0.372,0.45,0.302,0.4,0.0
0.378,0.418,0.297,0.515,0.010891653
0.392,0.494,0.272,0.418,0.0
0.352,0.388,0.376,0.462,0.007189946
0.382,0.42,0.348,0.378,0.0
0.305,0.513,0.339,0.557,0.060033471
0.422,0.448,0.384,0.444,0.000911212
0.377,0.453,0.334,0.542,0.018119184
0.35,0.486,0.381,0.463,0.01505017
0.403,0.479,0.29,0.416,0.0
0.342,0.474,0.335,0.501,0.025077352
0.432,0.476,0.453,0.501,0.001854708
0.357,0.515,0.306,0.514,0.026158181
0.281,0.469,0.309,0.519,0.066771907
0.351,0.431,0.317,0.533,0.023841361
0.289,0.509,0.411,0.493,0.049136036
0.348,0.464,0.35,0.486,0.019444802
0.329,0.525,0.352,0.478,0.024742454
0.453,0.553,0.304,0.416,0.0
0.282,0.526,0.355,0.465,0.03901248
0.417,0.423,0.367,0.519,0.000920367
0.422,0.436,0.36,0.418,0.0
0.371,0.453,0.387,0.393,0.0
0.294,0.51,0.368,0.398,0.0
0.337,0.419,0.296,0.435,0.005386798
0.381,0.381,0.434,0.488,0.0
0.354,0.486,0.417,0.436,0.005639778
0.382,0.419,0.322,0.442,0.00253896
0.315,0.513,0.366,0.406,0.0
0.312,0.512,0.343,0.435,0.009554952
0.385,0.455,0.338,0.53,0.013888387
0.381,0.545,0.297,0.491,0.015042942
0.346,0.358,0.34,0.356,0.0
0.392,0.392,0.236,0.469,0.0
0.378,0.426,0.295,0.495,0.009988633
0.296,0.536,0.301,0.439,0.013526023
0.321,0.547,0.331,0.455,0.018653575
0.391,0.461,0.365,0.511,0.010616024
0.333,0.547,0.435,0.451,0.006743255
0.354,0.38,0.352,0.487,0.006864203
0.276,0.466,0.299,0.479,0.049850163
0.36,0.416,0.3,0.524,0.017697068
0.433,0.465,0.367,0.465,0.001793993
0.365,0.405,0.353,0.535,0.014473856
0.324,0.534,0.334,0.443,0.011508925
0.334,0.406,0.334,0.512,0.022396241
0.363,0.479,0.311,0.433,0.004833132
0.337,0.34,0.305,0.487,0.000736776
0.358,0.386,0.391,0.422,0.002330312
0.315,0.455,0.331,0.493,0.031102624
0.343,0.463,0.372,0.436,0.006010334
0.333,0.459,0.26,0.464,0.017080278
0.3,0.522,0.32,0.45,0.020862456
0.257,0.499,0.383,0.445,0.030348501
0.311,0.554,0.363,0.537,0.052580425
0.371,0.463,0.397,0.426,0.003917583
0.217,0.456,0.342,0.486,0.111782674
0.285,0.531,0.409,0.523,0.067890321
0.375,0.569,0.297,0.339,0.0
0.304,0.52,0.333,0.389,0.0
0.339,0.387,0.351,0.439,0.004095392
0.297,0.523,0.383,0.463,0.030291159
0.35,0.534,0.343,0.415,0.0
0.307,0.449,0.306,0.4,0.0
0.287,0.371,0.387,0.397,0.0
0.23,0.473,0.243,0.423,0.027230818
0.342,0.357,0.32,0.424,0.001068782
0.27,0.45,0.274,0.452,0.033410769
0.361,0.427,0.364,0.394,0.0
0.364,0.462,0.351,0.505,0.019080992
0.369,0.459,0.265,0.509,0.018050277
0.304,0.536,0.477,0.485,0.003066123
0.438,0.454,0.393,0.403,0.0
0.333,0.481,0.422,0.46,0.009749145
0.347,0.583,0.369,0.417,0.0
0.285,0.515,0.393,0.577,0.083392001
0.311,0.527,0.388,0.448,0.016831152
0.258,0.412,0.287,0.529,0.085573415
0.277,0.447,0.301,0.505,0.062047195
0.344,0.42,0.365,0.423,0.0049695
0.292,0.42,0.302,0.464,0.02846199
0.33,0.428,0.334,0.5,0.024694749
0.382,0.412,0.386,0.408,0.0
0.383,0.417,0.326,0.49,0.006841074
0.316,0.359,0.363,0.365,0.0
0.317,0.541,0.316,0.472,0.026862189
0.457,0.467,0.391,0.433,0.000205276
0.285,0.505,0.307,0.481,0.04553793
0.285,0.481,0.24,0.447,0.022811129
0.366,0.376,0.346,0.49,0.002848319
0.376,0.466,0.294,0.383,0.0
0.248,0.44,0.356,0.468,0.058131539
0.421,0.421,0.279,0.436,0.0
0.253,0.477,0.35,0.475,0.062235605
0.249,0.477,0.365,0.369,0.0
0.341,0.349,0.317,0.519,0.002572209
0.384,0.422,0.246,0.452,0.003791816
0.357,0.437,0.364,0.388,0.0
0.358,0.562,0.397,0.481,0.019646704
0.331,0.373,0.305,0.539,0.015592753
0.259,0.425,0.389,0.423,0.018660803
0.32,0.475,0.337,0.391,0.0
0.361,0.443,0.39,0.532,0.021869559
0.382,0.458,0.273,0.445,0.004317052
0.398,0.464,0.415,0.439,0.00208986
0.304,0.428,0.321,0.417,0.0
0.326,0.424,0.39,0.49,0.023175902
0.303,0.525,0.349,0.374,0.0
0.363,0.401,0.367,0.453,0.005958774
0.385,0.429,0.285,0.301,0.0
0.258,0.462,0.362,0.404,0.0
0.409,0.505,0.263,0.485,0.006928292
0.331,0.503,0.382,0.434,0.007471357
0.336,0.372,0.368,0.46,0.006075868
0.28,0.384,0.347,0.435,0.011879481
0.444,0.486,0.284,0.448,0.001303934
0.324,0.491,0.322,0.459,0.018691643
0.289,0.527,0.446,0.484,0.024251431
0.244,0.434,0.381,0.495,0.081128669
0.329,0.463,0.398,0.472,0.020613813
0.372,0.476,0.261,0.437,0.004069853
0.466,0.572,0.295,0.425,0.001126606
0.376,0.41,0.295,0.497,0.00876758
0.401,0.511,0.37,0.43,0.002421866
0.286,0.509,0.256,0.478,0.043673103
0.407,0.469,0.347,0.453,0.003175989
0.351,0.539,0.441,0.469,0.010048866
0.354,0.473,0.391,0.417,0.0
0.327,0.469,0.279,0.436,0.007303185
0.422,0.502,0.34,0.386,0.0
0.365,0.461,0.361,0.477,0.013851283
0.305,0.495,0.357,0.363,0.0
0.335,0.399,0.394,0.44,0.005419564
0.298,0.532,0.364,0.5,0.047033647
0.387,0.419,0.455,0.471,0.001242255
0.305,0.491,0.386,0.418,0.0
0.295,0.531,0.366,0.374,0.0
0.383,0.499,0.324,0.454,0.007184645
0.35,0.408,0.248,0.442,0.005399808
0.267,0.477,0.311,0.443,0.02503302
0.327,0.489,0.274,0.5,0.030631839
0.36,0.478,0.252,0.448,0.008830705
0.291,0.523,0.255,0.433,0.013111616
0.374,0.445,0.365,0.441,0.004006729
0.371,0.427,0.395,0.413,0.0
0.32,0.458,0.412,0.42,0.007774933
0.382,0.444,0.28,0.5,0.010991881
0.462,0.472,0.434,0.47,0.000333452
0.338,0.458,0.311,0.491,0.022543692
0.292,0.466,0.385,0.436,0.012147881
0.336,0.364,0.33,0.475,0.005802167
0.302,0.458,0.317,0.487,0.035295353
0.385,0.429,0.373,0.431,0.001937589
0.424,0.544,0.364,0.546,0.01068445
0.327,0.471,0.337,0.535,0.038161984
0.25,0.472,0.357,0.389,0.0
0.375,0.473,0.284,0.34,0.0
0.235,0.457,0.35,0.364,0.0
0.296,0.366,0.355,0.399,0.0
0.277,0.499,0.475,0.565,0.040854178
0.288,0.533,0.322,0.538,0.070512163
0.304,0.414,0.341,0.471,0.025294674
0.335,0.547,0.269,0.502,0.030597145
0.397,0.409,0.355,0.372,0.0
0.282,0.512,0.309,0.547,0.078746797
0.322,0.352,0.325,0.483,0.007864561
0.402,0.438,0.294,0.438,0.001230208
0.27,0.482,0.369,0.535,0.085359466
0.381,0.417,0.335,0.499,0.008294386
0.394,0.482,0.429,0.453,0.002480654
0.339,0.577,0.377,0.493,0.027679919
0.338,0.448,0.362,0.402,0.0
0.371,0.421,0.296,0.54,0.015998003
0.394,0.566,0.29,0.426,0.00321502
0.378,0.436,0.311,0.517,0.01341712
0.24,0.45,0.351,0.407,0.0
0.367,0.447,0.315,0.479,0.012807558
0.377,0.451,0.324,0.448,0.005592073
0.323,0.533,0.428,0.45,0.007044422
0.356,0.49,0.357,0.531,0.027845681
0.294,0.516,0.37,0.392,0.0
0.296,0.392,0.309,0.539,0.045973539
0.359,0.502,0.316,0.412,0.0
0.373,0.489,0.39,0.4,0.0
0.386,0.438,0.35,0.442,0.002769775
0.366,0.444,0.25,0.438,0.004178756
0.376,0.382,0.31,0.46,0.001351157
0.348,0.386,0.328,0.524,0.01346338
0.283,0.527,0.299,0.459,0.034385106
0.36,0.432,0.335,0.457,0.009476889
0.387,0.526,0.334,0.506,0.01511474
0.334,0.408,0.327,0.519,0.02408085
0.355,0.429,0.328,0.416,0.0
0.424,0.482,0.369,0.465,0.003130212
0.302,0.52,0.3,0.482,0.036298602
0.305,0.519,0.289,0.443,0.014631427
0.348,0.497,0.391,0.517,0.028458616
0.34,0.516,0.357,0.496,0.02648826
0.316,0.498,0.454,0.464,0.004467394
0.361,0.413,0.31,0.505,0.014673831
0.329,0.375,0.241,0.479,0.010683004
0.34,0.482,0.48,0.502,0.005478834
0.347,0.447,0.346,0.398,0.0
0.307,0.449,0.345,0.395,0.0
0.407,0.479,0.276,0.464,0.004514135
0.328,0.452,0.295,0.507,0.029477766
0.386,0.452,0.287,0.503,0.010696496
0.224,0.41,0.331,0.439,0.030978784
0.314,0.516,0.352,0.524,0.045710439
0.34,0.544,0.371,0.457,0.016143045
0.349,0.419,0.278,0.384,0.0
0.347,0.523,0.367,0.465,0.0170345
0.305,0.487,0.309,0.451,0.019291086
0.301,0.463,0.313,0.397,0.0
0.286,0.5,0.342,0.52,0.064395818
0.365,0.467,0.311,0.509,0.019956063
0.3,0.5,0.293,0.487,0.038713722
0.302,0.44,0.319,0.489,0.034873238
0.311,0.506,0.394,0.426,0.009637833
0.367,0.473,0.248,0.48,0.01453939
0.359,0.437,0.246,0.432,0.00430886
0.434,0.458,0.349,0.521,0.002590038
0.358,0.426,0.341,0.559,0.023214452
0.348,0.492,0.43,0.564,0.029335134
0.361,0.475,0.415,0.428,0.004903002
0.304,0.484,0.3,0.482,0.03396058
0.357,0.515,0.285,0.469,0.016122325
0.339,0.541,0.393,0.471,0.020532859
0.299,0.451,0.296,0.478,0.033311023
0.371,0.429,0.438,0.442,0.0008823
0.313,0.363,0.323,0.545,0.022417925
0.413,0.475,0.296,0.504,0.006141884
0.364,0.456,0.275,0.513,0.019910768
0.34,0.424,0.401,0.521,0.02498146
0.369,0.439,0.363,0.487,0.012764672
0.252,0.482,0.272,0.494,0.076966297
0.341,0.523,0.363,0.401,0.0
0.338,0.48,0.295,0.451,0.012523256
0.315,0.383,0.264,0.508,0.02358549
0.33,0.338,0.331,0.419,0.000587397
0.295,0.469,0.302,0.53,0.057757128
0.24,0.444,0.375,0.403,0.0
0.308,0.438,0.304,0.452,0.017622861
0.34,0.394,0.251,0.465,0.010671921
0.386,0.428,0.334,0.484,0.006692659
0.316,0.462,0.358,0.422,0.008312215
0.31,0.492,0.411,0.489,0.034181758
0.316,0.452,0.386,0.414,0.0
0.257,0.507,0.369,0.395,0.0
0.372,0.528,0.33,0.556,0.02780424
0.414,0.428,0.364,0.388,0.0
0.406,0.418,0.387,0.393,0.0
0.297,0.373,0.309,0.493,0.026765816
0.31,0.398,0.428,0.464,0.011390385
0.385,0.465,0.33,0.542,0.015928614
0.28,0.407,0.43,0.47,0.02388232
0.434,0.474,0.42,0.43,0.0
0.361,0.423,0.297,0.461,0.009417138
0.294,0.48,0.381,0.403,0.0
0.391,0.396,0.314,0.436,0.000305986
0.361,0.433,0.331,0.461,0.010043084
0.419,0.505,0.312,0.482,0.005433539
0.377,0.386,0.325,0.475,0.002349104
0.373,0.449,0.355,0.553,0.020295298
0.275,0.477,0.339,0.489,0.056866637
0.278,0.448,0.329,0.523,0.069375437
0.375,0.581,0.317,0.323,0.0
0.303,0.517,0.313,0.455,0.023122415
0.335,0.505,0.288,0.492,0.026226124
0.37,0.444,0.343,0.393,0.0
0.286,0.362,0.329,0.483,0.028345859
0.305,0.425,0.391,0.403,0.0
0.287,0.497,0.353,0.399,0.0
0.393,0.437,0.372,0.446,0.002480172
0.264,0.504,0.386,0.424,0.019186521
0.35,0.366,0.256,0.454,0.002338021
0.304,0.548,0.365,0.459,0.025718236
0.344,0.394,0.432,0.472,0.007202474
0.348,0.366,0.248,0.492,0.004439928
0.333,0.439,0.418,0.444,0.008911177
0.377,0.457,0.385,0.469,0.009463879
0.381,0.445,0.314,0.474,0.008265956
0.274,0.49,0.294,0.46,0.039545425
0.323,0.551,0.427,0.443,0.003206347
0.409,0.453,0.344,0.548,0.007112365
0.356,0.434,0.273,0.469,0.012612884
0.239,0.467,0.271,0.451,0.045110996
0.274,0.466,0.357,0.497,0.061356679
0.37,0.428,0.273,0.501,0.013539997
0.343,0.497,0.365,0.407,0.0
0.342,0.404,0.292,0.514,0.019700674
0.324,0.489,0.34,0.556,0.045288323
0.359,0.441,0.327,0.397,0.0
0.286,0.508,0.411,0.465,0.03622584
0.286,0.476,0.244,0.493,0.049755717
0.344,0.392,0.387,0.425,0.003762422
0.356,0.432,0.371,0.429,0.004447638
0.404,0.454,0.391,0.393,0.0
0.394,0.446,0.319,0.466,0.004699654
0.357,0.377,0.276,0.406,0.0
0.351,0.387,0.295,0.511,0.011860688
0.372,0.382,0.373,0.481,0.002846874
0.38,0.422,0.34,0.536,0.012174384
0.419,0.461,0.35,0.447,0.001634013
0.258,0.356,0.354,0.422,0.014605888
0.311,0.447,0.383,0.511,0.038463633
0.357,0.391,0.277,0.475,0.008125733
0.227,0.471,0.382,0.444,0.04093224
0.37,0.404,0.369,0.479,0.007893473
0.302,0.44,0.301,0.436,0.009901415
0.308,0.496,0.416,0.418,0.0
0.346,0.474,0.368,0.39,0.0
0.361,0.367,0.292,0.402,0.0
0.344,0.482,0.424,0.45,0.005217662
0.373,0.449,0.421,0.469,0.006546171
0.312,0.426,0.385,0.479,0.025654629
0.344,0.436,0.286,0.53,0.026579333
0.34,0.522,0.374,0.438,0.007361009
0.276,0.482,0.308,0.464,0.04117462
0.367,0.575,0.274,0.516,0.025571266
0.389,0.435,0.334,0.47,0.005333792
0.319,0.443,0.284,0.518,0.035760356
0.311,0.473,0.306,0.39,0.0
0.342,0.45,0.31,0.464,0.01495476
0.443,0.479,0.254,0.424,0.000683288
0.29,0.538,0.41,0.525,0.064476289
0.323,0.433,0.27,0.411,0.0
0.324,0.502,0.275,0.495,0.030819768
0.383,0.485,0.302,0.44,0.003730137
0.4,0.422,0.288,0.534,0.004744468
0.411,0.445,0.29,0.462,0.002312964
0.343,0.467,0.309,0.51,0.026486814
0.221,0.433,0.253,0.493,0.110768825
0.373,0.503,0.35,0.392,0.0
0.396,0.444,0.252,0.452,0.003149486
0.3,0.474,0.376,0.492,0.039490493
0.355,0.429,0.312,0.508,0.019069909
0.393,0.477,0.323,0.449,0.004287176
0.338,0.51,0.388,0.46,0.016732851
0.353,0.473,0.339,0.461,0.013459525
0.325,0.487,0.337,0.471,0.022423707
0.261,0.481,0.359,0.517,0.08485736
0.302,0.552,0.37,0.432,0.011413515
0.296,0.524,0.378,0.468,0.033391013
0.349,0.441,0.331,0.441,0.006216092
0.309,0.417,0.347,0.569,0.047619598
0.287,0.461,0.366,0.538,0.066524227
0.303,0.489,0.369,0.439,0.011720465
0.272,0.494,0.269,0.483,0.056672444
0.342,0.496,0.355,0.511,0.028953013
0.425,0.439,0.375,0.413,0.0
0.227,0.469,0.324,0.5,0.110979401
0.326,0.416,0.388,0.458,0.014383747
0.359,0.491,0.308,0.394,0.0
0.355,0.503,0.306,0.444,0.008382086
0.205,0.451,0.348,0.392,0.0
0.333,0.583,0.329,0.455,0.016731887
0.353,0.387,0.269,0.479,0.008414853
0.405,0.463,0.367,0.409,0.0
0.374,0.376,0.387,0.459,0.000416815
0.357,0.397,0.351,0.493,0.011318105
0.329,0.539,0.325,0.448,0.013664319
0.319,0.513,0.234,0.478,0.027549814
0.351,0.457,0.33,0.446,0.008406662
0.362,0.368,0.317,0.441,0.000520417
0.299,0.421,0.329,0.375,0.0
0.406,0.505,0.346,0.434,0.002151057
0.407,0.42,0.294,0.52,0.002390545
0.316,0.49,0.302,0.511,0.039109335
0.348,0.354,0.385,0.451,0.000737739
0.383,0.433,0.305,0.527,0.011919476
0.321,0.537,0.392,0.446,0.013539515
0.379,0.381,0.315,0.509,0.000755086
0.347,0.447,0.329,0.485,0.018345662
0.354,0.534,0.313,0.401,0.0
0.324,0.458,0.338,0.522,0.035662537
0.346,0.458,0.344,0.428,0.005706276
0.283,0.475,0.422,0.428,0.0
0.352,0.452,0.328,0.473,0.015252554
0.413,0.483,0.387,0.485,0.005363668
0.37,0.392,0.328,0.394,0.0
0.422,0.49,0.257,0.423,0.001373804
0.334,0.464,0.308,0.542,0.035343058
0.396,0.416,0.363,0.455,0.001848444
0.417,0.461,0.319,0.505,0.004585934
0.354,0.394,0.331,0.393,0.0
0.363,0.451,0.329,0.505,0.018432398
0.334,0.522,0.274,0.448,0.012733832
0.307,0.441,0.398,0.442,0.011981155
0.324,0.44,0.33,0.416,0.0
0.291,0.455,0.351,0.371,0.0
0.251,0.461,0.242,0.446,0.03262147
0.308,0.43,0.24,0.474,0.026062771
0.32,0.498,0.373,0.448,0.014578421
0.409,0.467,0.356,0.502,0.006134174
0.283,0.477,0.264,0.456,0.030672798
0.257,0.451,0.385,0.423,0.019658751
0.328,0.488,0.339,0.473,0.022280592
0.382,0.432,0.325,0.425,0.002251767
0.364,0.454,0.342,0.558,0.024853765
0.354,0.452,0.275,0.523,0.024004233
0.326,0.494,0.426,0.504,0.024846537
0.359,0.573,0.323,0.537,0.03177242
0.382,0.412,0.316,0.486,0.006184288
0.416,0.422,0.309,0.543,0.00107842
0.295,0.525,0.468,0.502,0.01576767
0.292,0.464,0.374,0.49,0.043079924
0.291,0.473,0.337,0.374,0.0
0.356,0.44,0.367,0.517,0.021266743
0.315,0.442,0.312,0.434,0.00805538
0.366,0.452,0.327,0.503,0.017404093
0.32,0.442,0.372,0.47,0.021196872
0.275,0.397,0.349,0.415,0.0
0.259,0.495,0.249,0.445,0.029651721
0.281,0.483,0.385,0.459,0.034316199
0.428,0.456,0.295,0.475,0.001888921
0.285,0.499,0.35,0.47,0.039501575
0.388,0.488,0.297,0.453,0.005913479
0.316,0.502,0.322,0.484,0.030299351
0.291,0.489,0.394,0.45,0.023090612
0.319,0.495,0.283,0.363,0.0
0.291,0.531,0.384,0.44,0.015181719
0.328,0.483,0.425,0.443,0.00278134
0.358,0.454,0.471,0.539,0.0112651
0.45,0.468,0.369,0.461,0.000857724
0.334,0.496,0.367,0.484,0.024103497
0.246,0.462,0.237,0.429,0.022225178
0.386,0.468,0.265,0.509,0.01272034
0.324,0.402,0.366,0.398,0.0
0.298,0.546,0.348,0.406,0.0
0.299,0.549,0.305,0.55,0.064998152
0.367,0.429,0.346,0.479,0.011458811
0.303,0.535,0.352,0.454,0.022874253
0.371,0.489,0.378,0.406,0.0
0.378,0.41,0.37,0.373,0.0
0.308,0.53,0.374,0.48,0.033001664
0.326,0.38,0.361,0.471,0.011811056
0.36,0.483,0.356,0.38,0.0
0.352,0.39,0.322,0.546,0.014926812
0.384,0.403,0.314,0.492,0.004534856
0.383,0.433,0.32,0.394,0.0
0.251,0.465,0.378,0.542,0.105219638
0.27,0.45,0.319,0.485,0.056530775
0.319,0.487,0.377,0.515,0.038601447
0.229,0.385,0.328,0.48,0.078910632
0.385,0.485,0.373,0.445,0.004613882
0.286,0.514,0.364,0.524,0.066875508
0.298,0.472,0.319,0.455,0.023695356
0.317,0.523,0.283,0.515,0.041563487
0.281,0.491,0.373,0.427,0.01483863
0.33,0.49,0.308,0.54,0.039143548
0.299,0.385,0.362,0.494,0.029642565
0.308,0.488,0.378,0.44,0.011344126
0.289,0.526,0.402,0.468,0.036980926
0.352,0.512,0.321,0.533,0.030902649
0.377,0.394,0.309,0.449,0.002481618
0.374,0.458,0.305,0.507,0.015901148
0.305,0.521,0.356,0.382,0.0
0.327,0.467,0.378,0.462,0.01832205
0.379,0.447,0.299,0.531,0.015648167
0.378,0.45,0.331,0.377,0.0
0.365,0.411,0.324,0.46,0.007680487
0.311,0.451,0.284,0.46,0.02092269
0.481,0.501,0.382,0.5,0.001094321
0.399,0.409,0.318,0.52,0.002257068
0.426,0.51,0.358,0.476,0.004568586
0.323,0.469,0.41,0.46,0.018511424
0.358,0.458,0.389,0.471,0.013985242
0.333,0.407,0.349,0.425,0.005246574
0.36,0.438,0.277,0.511,0.018995219
0.3,0.434,0.377,0.573,0.058878916
0.322,0.538,0.34,0.346,0.0
0.348,0.484,0.422,0.424,0.0
0.374,0.538,0.312,0.529,0.023896776
0.383,0.453,0.332,0.499,0.011294012
0.402,0.406,0.343,0.457,0.000381639
0.361,0.429,0.279,0.469,0.011282929
0.289,0.487,0.352,0.356,0.0
0.314,0.54,0.319,0.539,0.050592239
0.365,0.477,0.37,0.408,0.0
0.359,0.395,0.367,0.477,0.008794083
0.254,0.444,0.371,0.439,0.022204939
0.286,0.502,0.345,0.375,0.0
0.337,0.481,0.425,0.509,0.022464184
0.343,0.439,0.339,0.393,0.0
0.336,0.394,0.305,0.473,0.012836952
0.446,0.47,0.382,0.498,0.001858081
0.304,0.504,0.373,0.455,0.022536946
0.382,0.518,0.425,0.443,0.001424401
0.318,0.534,0.338,0.458,0.020753554
0.297,0.489,0.422,0.488,0.028979033
0.367,0.513,0.306,0.446,0.007864079
0.401,0.433,0.412,0.44,0.00125912
0.354,0.404,0.322,0.498,0.014056077
0.436,0.438,0.307,0.451,9.0591e-05
0.288,0.514,0.438,0.446,0.006699405
0.381,0.457,0.277,0.501,0.012469287
0.356,0.362,0.334,0.489,0.00148608
0.352,0.48,0.28,0.45,0.010506159
0.316,0.479,0.375,0.395,0.0
0.322,0.452,0.273,0.507,0.032041302
0.417,0.447,0.327,0.545,0.004560395
0.305,0.451,0.286,0.488,0.033827103
0.29,0.49,0.298,0.466,0.034061291
0.253,0.457,0.397,0.552,0.106034958
0.284,0.428,0.317,0.527,0.062251989
0.376,0.452,0.363,0.501,0.013848874
0.333,0.343,0.326,0.4,0.0
0.312,0.352,0.246,0.488,0.012311716
0.304,0.432,0.372,0.414,0.0
0.37,0.499,0.332,0.506,0.019925706
0.322,0.402,0.301,0.526,0.029246952
0.372,0.5,0.295,0.515,0.020810896
0.297,0.541,0.347,0.488,0.042385553
0.304,0.47,0.402,0.422,0.010174152
0.267,0.429,0.318,0.432,0.017259051
0.292,0.46,0.412,0.52,0.056072037
0.408,0.41,0.292,0.404,0.0
0.377,0.545,0.374,0.471,0.012734314
0.289,0.515,0.398,0.4,0.0
0.383,0.583,0.364,0.456,0.008889011
0.367,0.539,0.323,0.551,0.029618472
0.331,0.539,0.323,0.445,0.011628428
0.284,0.482,0.365,0.531,0.069315685
0.354,0.482,0.36,0.414,0.0
0.265,0.493,0.318,0.534,0.090388236
0.32,0.432,0.41,0.41,0.0
0.384,0.39,0.342,0.46,0.001102031
0.303,0.525,0.297,0.441,0.013301954
0.28,0.518,0.234,0.472,0.044829103
0.379,0.493,0.314,0.424,0.003651111
0.365,0.469,0.323,0.437,0.004530037
0.278,0.514,0.341,0.573,0.090660973
0.326,0.48,0.296,0.442,0.009972731
0.266,0.512,0.336,0.35,0.0
0.338,0.392,0.319,0.361,0.0
0.369,0.453,0.28,0.458,0.009180059
0.427,0.437,0.346,0.434,0.000242861
0.278,0.478,0.398,0.404,0.0
0.332,0.41,0.352,0.468,0.015084382
0.394,0.486,0.363,0.535,0.013704795
0.381,0.501,0.393,0.532,0.019553222
0.342,0.512,0.261,0.489,0.024003751
0.319,0.555,0.317,0.419,0.00906682
0.344,0.44,0.385,0.447,0.009154038
0.391,0.441,0.424,0.444,0.000802791
0.307,0.471,0.267,0.511,0.042889586
0.362,0.466,0.414,0.42,0.004673152
0.284,0.528,0.318,0.472,0.042337848
0.368,0.388,0.371,0.543,0.008306915
0.301,0.487,0.412,0.492,0.039613369
0.344,0.518,0.317,0.529,0.033362583
0.253,0.483,0.367,0.475,0.062504487
0.311,0.439,0.363,0.425,0.008490025
0.285,0.533,0.346,0.546,0.07627048
0.38,0.504,0.383,0.429,0.00371038
0.287,0.535,0.367,0.425,0.014031983
0.346,0.464,0.322,0.472,0.01698294
0.412,0.48,0.302,0.514,0.007310895
0.284,0.504,0.356,0.428,0.014376519
0.353,0.439,0.282,0.522,0.022815465
0.378,0.397,0.326,0.542,0.007521471
0.301,0.543,0.359,0.449,0.020251448
0.433,0.501,0.326,0.548,0.007058396
0.26,0.458,0.318,0.5,0.07337301
0.287,0.471,0.39,0.478,0.041418445
0.372,0.374,0.36,0.442,0.000249126
0.315,0.471,0.314,0.476,0.026443446
0.26,0.5,0.308,0.49,0.06899187
0.361,0.507,0.421,0.429,0.0
0.412,0.566,0.307,0.375,0.0
0.273,0.402,0.331,0.387,0.0
0.351,0.463,0.372,0.455,0.011680952
0.352,0.484,0.278,0.444,0.008322335
0.356,0.44,0.343,0.485,0.015758997
0.364,0.412,0.349,0.489,0.011642402
0.358,0.494,0.301,0.459,0.012822014
0.395,0.407,0.376,0.538,0.003285855
0.356,0.386,0.276,0.468,0.006680612
0.361,0.452,0.323,0.488,0.016016314
0.323,0.465,0.362,0.533,0.039156558
0.35,0.582,0.354,0.432,0.006737472
0.404,0.429,0.235,0.479,0.002834345
0.423,0.433,0.33,0.52,0.001320799
0.399,0.489,0.332,0.338,0.0
0.355,0.383,0.404,0.518,0.009718305
0.282,0.518,0.386,0.394,0.0
0.34,0.376,0.35,0.416,0.0
0.267,0.503,0.423,0.507,0.056814113
0.3,0.532,0.398,0.414,0.0
0.294,0.438,0.3,0.504,0.046055938
0.291,0.497,0.387,0.421,0.012844662
0.389,0.453,0.332,0.44,0.002539442
0.34,0.524,0.363,0.498,0.027469342
0.271,0.437,0.349,0.413,0.0
0.397,0.459,0.32,0.558,0.01175805
0.288,0.458,0.37,0.439,0.014092699
0.325,0.369,0.263,0.431,0.003285373
0.283,0.473,0.266,0.516,0.063711566
0.39,0.466,0.306,0.464,0.006349569
0.373,0.375,0.417,0.423,0.000187928
0.289,0.475,0.345,0.397,0.0
0.293,0.52,0.377,0.429,0.012695765
0.304,0.508,0.233,0.431,0.010721553
0.326,0.504,0.298,0.536,0.041347128
0.428,0.46,0.372,0.498,0.002865666
0.385,0.392,0.347,0.397,0.0
0.315,0.541,0.401,0.453,0.019086774
0.329,0.427,0.268,0.436,0.006222838
0.391,0.419,0.32,0.512,0.006078759
0.26,0.478,0.3,0.33,0.0
0.252,0.452,0.303,0.505,0.083013253
0.303,0.459,0.315,0.475,0.030496434
0.358,0.446,0.414,0.454,0.009687466
0.408,0.42,0.367,0.481,0.00145524
0.383,0.417,0.309,0.541,0.010321603
0.355,0.499,0.281,0.485,0.01953202
0.312,0.404,0.411,0.467,0.019782109
0.308,0.52,0.287,0.489,0.036256197
0.348,0.396,0.327,0.447,0.006240667
0.305,0.431,0.329,0.547,0.049415519
0.242,0.416,0.322,0.492,0.078674035
0.307,0.473,0.316,0.394,0.0
0.391,0.419,0.344,0.428,0.001236954
0.38,0.468,0.354,0.56,0.020012442
0.313,0.465,0.28,0.458,0.02023651
0.307,0.539,0.293,0.369,0.0
0.36,0.398,0.409,0.416,0.0
0.349,0.481,0.284,0.46,0.014129803
0.375,0.551,0.345,0.483,0.01569009
0.424,0.43,0.286,0.386,0.0
0.377,0.381,0.369,0.381,0.0
0.256,0.452,0.368,0.408,0.0
0.374,0.468,0.419,0.433,0.0
0.38,0.416,0.33,0.508,0.00932992
0.349,0.473,0.244,0.468,0.01597391
0.257,0.505,0.305,0.552,0.105882206
0.362,0.464,0.428,0.43,0.0
0.371,0.393,0.366,0.468,0.005068283
0.264,0.494,0.36,0.464,0.048198803
0.269,0.497,0.25,0.462,0.044592024
0.26,0.426,0.338,0.422,0.018488295
0.284,0.466,0.329,0.461,0.033250308
0.314,0.486,0.314,0.556,0.051123257
0.286,0.444,0.325,0.387,0.0
0.252,0.456,0.352,0.424,0.020826798
0.391,0.407,0.242,0.454,0.001763153
0.387,0.465,0.376,0.446,0.00407419
0.299,0.491,0.36,0.408,0.0
0.363,0.405,0.254,0.432,0.003011672
0.34,0.352,0.36,0.48,0.002577028
0.351,0.547,0.388,0.492,0.023500199
0.328,0.44,0.382,0.466,0.017640208
0.325,0.459,0.356,0.358,0.0
0.355,0.531,0.368,0.369,0.0
0.307,0.369,0.368,0.468,0.014821283
0.392,0.436,0.404,0.424,0.001623412
0.391,0.461,0.332,0.536,0.012674081
0.33,0.492,0.32,0.366,0.0
0.315,0.413,0.29,0.536,0.03732498
0.364,0.438,0.295,0.405,0.0
0.366,0.465,0.32,0.47,0.012607583
0.369,0.433,0.349,0.459,0.008322335
0.441,0.443,0.306,0.49,0.0001754
0.293,0.539,0.274,0.474,0.038160538
0.395,0.449,0.337,0.531,0.009667227
0.413,0.467,0.218,0.446,0.001997823
0.314,0.474,0.315,0.471,0.025261907
0.261,0.459,0.421,0.541,0.074679835
0.389,0.579,0.401,0.409,0.0
0.331,0.431,0.399,0.412,0.0
0.309,0.455,0.469,0.527,0.019507445
0.332,0.44,0.266,0.478,0.019876555
0.291,0.521,0.329,0.397,0.0
0.264,0.502,0.404,0.52,0.085347419
0.22,0.464,0.341,0.393,0.0
0.368,0.412,0.352,0.48,0.009619522
0.378,0.382,0.335,0.559,0.001833988
0.443,0.456,0.292,0.414,0.0
0.397,0.441,0.308,0.41,0.0
0.323,0.523,0.36,0.514,0.038390389
0.298,0.484,0.408,0.458,0.026108548
0.365,0.475,0.373,0.475,0.014174134
0.251,0.493,0.262,0.476,0.064895514
0.294,0.47,0.341,0.427,0.011868398
0.327,0.352,0.364,0.4,0.0
0.25,0.468,0.367,0.459,0.049737888
0.346,0.49,0.242,0.486,0.021311557
0.375,0.507,0.337,0.447,0.007143687
0.404,0.466,0.282,0.511,0.007678078
0.345,0.417,0.35,0.544,0.024926045
0.302,0.544,0.272,0.496,0.042980659
0.349,0.395,0.369,0.539,0.017435414
0.439,0.465,0.342,0.556,0.003206829
0.388,0.556,0.434,0.44,0.000571977
0.309,0.537,0.348,0.376,0.0
0.363,0.439,0.32,0.444,0.005909142
0.327,0.391,0.248,0.477,0.01523858
0.411,0.439,0.341,0.405,0.0
0.376,0.558,0.345,0.437,0.004550757
0.352,0.426,0.364,0.444,0.00663628
0.327,0.483,0.369,0.417,0.0
0.31,0.516,0.405,0.443,0.013529877
0.35,0.47,0.316,0.414,0.0
0.265,0.477,0.37,0.481,0.058750739
0.378,0.398,0.289,0.418,0.0
0.368,0.45,0.283,0.519,0.018906074
0.355,0.517,0.281,0.353,0.0
0.379,0.395,0.393,0.415,0.0
0.338,0.472,0.369,0.465,0.017008961
0.241,0.456,0.361,0.479,0.07357684
0.395,0.425,0.407,0.535,0.006757229
0.296,0.442,0.395,0.459,0.025504768
0.412,0.472,0.349,0.441,0.001737614
0.315,0.421,0.273,0.393,0.0
0.318,0.42,0.494,0.502,0.002145274
0.429,0.443,0.244,0.448,0.000571977
0.234,0.479,0.298,0.372,0.0
0.404,0.504,0.378,0.414,0.0
0.365,0.425,0.301,0.439,0.003966734
0.396,0.452,0.336,0.398,0.0
0.262,0.444,0.335,0.497,0.068537951
0.341,0.439,0.27,0.478,0.01766912
0.37,0.4,0.383,0.587,0.013239793
0.246,0.484,0.27,0.51,0.094967905
0.352,0.478,0.396,0.426,0.005660498
0.365,0.417,0.372,0.45,0.006313911
0.338,0.455,0.249,0.479,0.019614419
0.295,0.441,0.385,0.423,0.011136441
0.292,0.354,0.337,0.533,0.034007803
0.336,0.414,0.349,0.395,0.0
0.229,0.455,0.355,0.559,0.147457257
0.275,0.429,0.41,0.454,0.031455833
0.378,0.47,0.323,0.455,0.007485813
0.369,0.547,0.39,0.406,0.0
0.309,0.522,0.328,0.388,0.0
0.316,0.532,0.292,0.476,0.028205636
0.279,0.483,0.346,0.414,0.0
0.324,0.392,0.314,0.477,0.016368559
0.343,0.517,0.341,0.433,0.006785659
0.337,0.369,0.24,0.43,0.002298508
0.377,0.423,0.318,0.554,0.014887298
0.428,0.432,0.304,0.492,0.00037682
0.351,0.529,0.384,0.438,0.00666471
0.393,0.459,0.344,0.538,0.01187659
0.291,0.433,0.341,0.393,0.0
0.326,0.493,0.298,0.52,0.037083082
0.341,0.415,0.249,0.465,0.013036927
0.393,0.473,0.334,0.544,0.013745754
0.291,0.495,0.396,0.51,0.055465366
0.413,0.445,0.263,0.493,0.003315731
0.273,0.373,0.334,0.432,0.012851408
0.326,0.359,0.408,0.498,0.009536641
0.431,0.487,0.351,0.451,0.001995895
0.383,0.455,0.305,0.487,0.00983299
0.366,0.484,0.312,0.542,0.02541225
0.301,0.471,0.338,0.472,0.031166712
0.344,0.495,0.327,0.515,0.029238278
0.423,0.507,0.327,0.445,0.00229899
0.379,0.543,0.282,0.514,0.019917514
0.271,0.465,0.401,0.409,0.0
0.311,0.449,0.272,0.464,0.022460329
0.351,0.413,0.411,0.459,0.010052239
0.31,0.53,0.449,0.525,0.031366205
0.257,0.493,0.447,0.473,0.025686914
0.269,0.412,0.338,0.45,0.029431025
0.349,0.364,0.311,0.529,0.004990702
0.287,0.495,0.399,0.487,0.046589847
0.328,0.576,0.305,0.545,0.045456013
0.366,0.382,0.382,0.528,0.006166459
0.27,0.482,0.36,0.464,0.044879217
0.358,0.45,0.366,0.576,0.028146366
0.337,0.507,0.377,0.385,0.0
0.342,0.492,0.389,0.481,0.021096644
0.281,0.475,0.3,0.446,0.022559594
0.355,0.465,0.317,0.415,0.0
0.259,0.432,0.428,0.454,0.019646222
0.382,0.502,0.364,0.412,0.0
0.252,0.48,0.336,0.362,0.0
0.315,0.497,0.391,0.403,0.0
0.343,0.463,0.309,0.493,0.022269509
0.407,0.437,0.308,0.519,0.004629784
0.325,0.489,0.243,0.481,0.025527416
0.348,0.416,0.366,0.412,0.0
0.27,0.476,0.315,0.473,0.051027848
0.409,0.431,0.336,0.586,0.005035516
0.317,0.455,0.27,0.474,0.024208545
0.33,0.48,0.39,0.392,0.0
0.386,0.54,0.315,0.505,0.015755624
0.349,0.475,0.433,0.461,0.008347392
0.349,0.509,0.366,0.488,0.022038213
0.321,0.527,0.389,0.411,0.0
0.291,0.485,0.33,0.464,0.032462936
0.359,0.405,0.316,0.492,0.012079456
0.293,0.523,0.326,0.438,0.013353514
0.301,0.469,0.26,0.474,0.031742062
0.328,0.495,0.319,0.525,0.037430991
0.36,0.478,0.353,0.377,0.0
0.381,0.455,0.364,0.41,0.0
0.365,0.421,0.335,0.471,0.010079224
0.287,0.511,0.273,0.501,0.054784487
0.327,0.509,0.311,0.517,0.036691806
0.333,0.527,0.387,0.505,0.031670264
0.419,0.481,0.462,0.486,0.001329473
0.305,0.501,0.362,0.394,0.0
0.277,0.489,0.254,0.488,0.055321769
0.298,0.478,0.312,0.496,0.042728643
0.258,0.46,0.32,0.564,0.104661153
0.32,0.42,0.265,0.512,0.030759052
0.369,0.497,0.372,0.44,0.005427756
0.339,0.379,0.287,0.449,0.005348248
0.286,0.526,0.352,0.498,0.054736782
0.323,0.505,0.405,0.431,0.008239453
0.292,0.5,0.358,0.464,0.032466791
0.329,0.459,0.299,0.495,0.026433327
0.287,0.475,0.286,0.382,0.0
0.336,0.571,0.406,0.496,0.0291872
0.322,0.532,0.369,0.518,0.040404113
0.327,0.389,0.282,0.47,0.013471572
0.379,0.403,0.404,0.408,0.0
0.319,0.551,0.368,0.372,0.0
0.365,0.513,0.326,0.534,0.026818821
0.376,0.468,0.332,0.43,0.00354269
0.3,0.438,0.389,0.419,0.010163551
0.439,0.493,0.293,0.493,0.003671349
0.363,0.413,0.317,0.475,0.010255106
0.328,0.388,0.388,0.468,0.012637459
0.397,0.497,0.385,0.489,0.009006105
0.363,0.371,0.275,0.477,0.001860491
0.367,0.431,0.37,0.454,0.007656394
0.349,0.509,0.272,0.368,0.0
0.394,0.402,0.366,0.394,0.0
0.342,0.386,0.271,0.459,0.007955152
0.254,0.496,0.302,0.548,0.106841122
0.402,0.424,0.358,0.502,0.003466073
0.343,0.549,0.35,0.356,0.0
0.391,0.433,0.25,0.488,0.006114418
0.394,0.416,0.344,0.528,0.005293315
0.288,0.398,0.343,0.495,0.04077997
0.396,0.42,0.307,0.477,0.003172616
0.397,0.477,0.309,0.479,0.007063697
0.372,0.422,0.399,0.497,0.011651558
0.344,0.454,0.221,0.419,0.005757836
0.342,0.44,0.387,0.437,0.005616166
0.279,0.463,0.346,0.454,0.030694482
0.339,0.487,0.358,0.382,0.0
0.281,0.501,0.318,0.414,0.0
0.338,0.462,0.383,0.461,0.015370612
0.319,0.445,0.424,0.48,0.01704221
0.353,0.375,0.271,0.479,0.005171403
0.386,0.53,0.276,0.47,0.010045011
0.402,0.408,0.337,0.377,0.0
0.374,0.486,0.343,0.455,0.008770472
0.413,0.557,0.317,0.393,0.0
0.353,0.419,0.339,0.369,0.0
0.388,0.426,0.428,0.452,0.001761226
0.273,0.414,0.359,0.543,0.076397211
0.359,0.395,0.315,0.535,0.013761656
0.314,0.378,0.361,0.512,0.022931114
0.361,0.465,0.312,0.548,0.026069517
0.344,0.502,0.364,0.462,0.016308808
0.373,0.397,0.358,0.382,0.0
0.389,0.445,0.387,0.39,0.0
0.355,0.561,0.335,0.447,0.010498449
0.348,0.489,0.324,0.488,0.021393956
0.362,0.414,0.388,0.462,0.00882685
0.351,0.444,0.374,0.404,0.0
0.416,0.434,0.355,0.555,0.003155751
0.263,0.509,0.302,0.518,0.085733877
0.409,0.429,0.346,0.446,0.000965663
0.315,0.523,0.278,0.486,0.031932882
0.347,0.391,0.257,0.449,0.006203563
0.314,0.466,0.365,0.397,0.0
0.341,0.481,0.281,0.445,0.009656626
0.337,0.489,0.255,0.383,0.0
0.298,0.342,0.376,0.528,0.024056274
0.382,0.442,0.44,0.558,0.012886102
0.374,0.48,0.38,0.448,0.006975033
0.388,0.39,0.348,0.49,0.000548365
0.383,0.467,0.321,0.479,0.009754927
0.31,0.434,0.333,0.413,0.0
0.357,0.395,0.284,0.532,0.014210274
0.385,0.491,0.322,0.506,0.014175098
0.302,0.474,0.258,0.496,0.040047531
0.401,0.467,0.276,0.41,0.0
0.334,0.444,0.365,0.439,0.006841556
0.377,0.445,0.323,0.543,0.017287963
0.345,0.529,0.252,0.462,0.016729478
0.321,0.529,0.283,0.392,0.0
0.285,0.475,0.448,0.472,0.016489508
0.343,0.491,0.407,0.408,0.0
0.359,0.506,0.31,0.494,0.020870648
0.293,0.459,0.358,0.416,0.0
0.296,0.448,0.358,0.372,0.0
0.377,0.491,0.29,0.474,0.01180961
0.371,0.457,0.378,0.382,0.0
0.36,0.432,0.365,0.535,0.021200245
0.324,0.494,0.37,0.457,0.018147132
0.225,0.401,0.266,0.486,0.092892983
0.352,0.454,0.343,0.579,0.03129248
0.38,0.438,0.303,0.517,0.012868755
0.412,0.422,0.33,0.518,0.001604619
0.329,0.427,0.422,0.484,0.014881034
0.331,0.557,0.328,0.438,0.008334863
0.336,0.488,0.372,0.446,0.010717217
0.335,0.409,0.33,0.364,0.0
0.254,0.446,0.318,0.477,0.061561954
0.397,0.525,0.316,0.444,0.003903127
0.314,0.552,0.308,0.364,0.0
0.358,0.392,0.297,0.507,0.011147042
0.35,0.504,0.344,0.49,0.022018456
0.258,0.492,0.339,0.549,0.102846922
0.385,0.393,0.272,0.444,0.000801828
0.287,0.503,0.427,0.453,0.013782858
0.38,0.402,0.331,0.461,0.003707971
0.394,0.404,0.414,0.512,0.002406447
0.266,0.428,0.25,0.482,0.055352127
0.383,0.583,0.321,0.487,0.014539872
0.221,0.463,0.336,0.542,0.157070033
0.312,0.504,0.336,0.412,0.0
0.411,0.469,0.271,0.469,0.00393734
0.285,0.369,0.293,0.493,0.033997202
0.333,0.551,0.394,0.42,0.007736384
0.405,0.419,0.321,0.343,0.0
0.287,0.493,0.356,0.536,0.068769248
0.382,0.424,0.362,0.406,0.0
0.392,0.444,0.427,0.443,0.0007122
0.309,0.511,0.351,0.387,0.0
0.389,0.467,0.328,0.406,0.0
0.301,0.479,0.389,0.505,0.044952943
0.311,0.463,0.362,0.456,0.019584062
0.393,0.421,0.351,0.455,0.002570282
0.281,0.527,0.374,0.506,0.063525083
0.328,0.404,0.262,0.452,0.011022721
0.36,0.506,0.326,0.459,0.012826351
0.461,0.473,0.343,0.523,0.001036497
0.389,0.461,0.391,0.403,0.0
0.407,0.481,0.385,0.421,0.001759298
0.352,0.4,0.329,0.533,0.017431559
0.409,0.457,0.278,0.384,0.0
0.402,0.411,0.333,0.395,0.0
0.336,0.342,0.342,0.424,0.000389831
0.279,0.485,0.314,0.532,0.07503208
0.285,0.463,0.395,0.447,0.022313841
0.353,0.433,0.316,0.512,0.020605621
0.231,0.476,0.34,0.52,0.123004406
0.297,0.407,0.366,0.398,0.0
0.431,0.437,0.367,0.415,0.0
0.344,0.522,0.282,0.524,0.03259304
0.325,0.503,0.464,0.538,0.021448407
0.31,0.508,0.386,0.444,0.01402861
0.307,0.545,0.301,0.497,0.040554938
0.301,0.473,0.369,0.369,0.0
0.349,0.431,0.355,0.465,0.012850444
0.453,0.503,0.339,0.401,0.0
0.38,0.391,0.309,0.513,0.0039942
0.433,0.449,0.413,0.459,0.000853869
0.402,0.532,0.272,0.472,0.007427989
0.32,0.548,0.349,0.453,0.018046904
0.273,0.431,0.311,0.541,0.078813295
0.24,0.441,0.275,0.459,0.054494885
0.295,0.453,0.357,0.535,0.057570645
0.354,0.483,0.351,0.359,0.0
0.312,0.508,0.362,0.408,0.0
0.317,0.487,0.312,0.388,0.0
0.336,0.564,0.34,0.47,0.021406485
0.368,0.376,0.25,0.432,0.000731475
0.283,0.525,0.406,0.49,0.052542357
0.356,0.394,0.298,0.466,0.008006711
0.346,0.43,0.353,0.525,0.02444225
0.417,0.427,0.349,0.529,0.001622448
0.352,0.436,0.371,0.445,0.007300294
0.311,0.402,0.378,0.406,0.0
0.285,0.427,0.321,0.481,0.040955852
0.319,0.515,0.411,0.457,0.019784037
0.301,0.445,0.383,0.405,0.0
0.391,0.409,0.31,0.502,0.003980226
0.379,0.427,0.291,0.401,0.0
0.375,0.481,0.333,0.545,0.022040622
0.378,0.382,0.277,0.443,0.000497287
0.379,0.511,0.33,0.436,0.003875661
0.374,0.458,0.32,0.475,0.011087773
0.331,0.543,0.336,0.514,0.035632661
0.248,0.477,0.401,0.531,0.104944009
0.311,0.375,0.292,0.49,0.019031359
0.341,0.449,0.407,0.443,0.00803996
0.288,0.458,0.36,0.54,0.065888161
0.419,0.427,0.363,0.433,0.000232742
0.399,0.413,0.309,0.473,0.001833988
0.389,0.407,0.288,0.432,0.000934341
0.385,0.504,0.29,0.452,0.006616524
0.349,0.535,0.304,0.464,0.016663944
0.439,0.493,0.288,0.508,0.004317533
0.384,0.458,0.33,0.572,0.01777224
0.337,0.505,0.35,0.482,0.022990383
0.317,0.439,0.355,0.415,0.0
0.333,0.491,0.298,0.52,0.033883482
0.403,0.453,0.29,0.478,0.004646167
0.406,0.514,0.353,0.511,0.010281608
0.292,0.53,0.326,0.474,0.038495436
0.255,0.481,0.325,0.415,0.0
0.403,0.407,0.318,0.361,0.0
0.331,0.537,0.402,0.452,0.015344591
0.296,0.54,0.424,0.534,0.05012531
0.293,0.497,0.335,0.413,0.0
0.305,0.481,0.329,0.409,0.0
0.259,0.487,0.347,0.477,0.06061123
0.324,0.426,0.269,0.461,0.016330974
0.378,0.5,0.272,0.428,0.003850122
0.39,0.516,0.329,0.537,0.017313502
0.234,0.484,0.425,0.441,0.005535695
0.294,0.42,0.372,0.439,0.011812501
0.296,0.542,0.34,0.362,0.0
0.41,0.458,0.422,0.444,0.000567158
0.299,0.359,0.336,0.456,0.012798884
0.355,0.433,0.322,0.556,0.025210829
0.358,0.474,0.264,0.506,0.021857513
0.384,0.426,0.402,0.426,0.00193518
0.326,0.488,0.29,0.54,0.041007412
0.375,0.499,0.311,0.501,0.017300491
0.356,0.462,0.425,0.509,0.017091361
0.322,0.396,0.327,0.413,0.0
0.399,0.441,0.385,0.529,0.007456901
0.316,0.424,0.409,0.469,0.021012317
0.368,0.414,0.226,0.47,0.008722285
0.424,0.46,0.28,0.424,0.000791708
0.39,0.444,0.335,0.477,0.006370289
0.308,0.516,0.345,0.551,0.056473915
0.348,0.536,0.366,0.572,0.039336777
0.256,0.492,0.275,0.437,0.020589719
0.329,0.571,0.316,0.4,0.0
0.392,0.464,0.394,0.44,0.002591966
0.345,0.515,0.347,0.485,0.022319624
0.282,0.425,0.358,0.44,0.015341218
0.381,0.461,0.316,0.406,0.0
0.337,0.517,0.304,0.55,0.039680348
0.376,0.426,0.228,0.402,0.0
0.323,0.447,0.37,0.46,0.017466254
0.284,0.508,0.289,0.431,0.014413623
0.306,0.364,0.292,0.436,0.005234045
0.367,0.473,0.37,0.484,0.015273756
0.397,0.423,0.317,0.345,0.0
0.29,0.52,0.298,0.476,0.040196428
0.325,0.507,0.339,0.445,0.012061145
0.225,0.443,0.302,0.478,0.090488946
0.287,0.501,0.376,0.442,0.018035339
0.369,0.379,0.315,0.472,0.002526432
0.348,0.515,0.302,0.438,0.00675482
0.386,0.413,0.401,0.461,0.003610634
0.313,0.341,0.327,0.527,0.013165586
0.353,0.489,0.409,0.411,0.0
0.269,0.487,0.234,0.468,0.04871922
0.314,0.402,0.263,0.473,0.02050491
0.31,0.411,0.309,0.39,0.0
0.362,0.422,0.364,0.372,0.0
0.415,0.501,0.364,0.5,0.00706466
0.346,0.422,0.272,0.478,0.015236652
0.313,0.549,0.347,0.537,0.051014837
0.283,0.523,0.334,0.418,0.0
0.305,0.517,0.314,0.412,0.0
0.357,0.545,0.337,0.525,0.029390548
0.321,0.513,0.324,0.52,0.040616617
0.362,0.414,0.31,0.456,0.007691088
0.36,0.455,0.384,0.498,0.01840975
0.272,0.51,0.316,0.402,0.0
0.329,0.445,0.33,0.516,0.030709902
0.335,0.489,0.314,0.484,0.023518992
0.259,0.461,0.24,0.444,0.02779123
0.326,0.402,0.299,0.447,0.009457615
0.388,0.482,0.354,0.544,0.016457705
0.395,0.529,0.317,0.503,0.01238496
0.366,0.386,0.397,0.431,0.001758817
0.271,0.461,0.296,0.526,0.078990622
0.34,0.458,0.314,0.374,0.0
0.27,0.474,0.371,0.485,0.058079979
0.372,0.418,0.335,0.517,0.013296172
0.289,0.519,0.369,0.535,0.068124509
0.345,0.413,0.328,0.402,0.0
0.367,0.471,0.291,0.511,0.019945462
0.276,0.454,0.368,0.4,0.0
0.324,0.56,0.335,0.541,0.046114726
0.328,0.432,0.355,0.441,0.00772
0.41,0.442,0.329,0.465,0.002340431
0.363,0.547,0.287,0.534,0.028980961
0.399,0.437,0.313,0.455,0.002676292
0.394,0.41,0.318,0.35,0.0
0.365,0.385,0.455,0.567,0.005033589
0.323,0.391,0.373,0.498,0.020500092
0.366,0.424,0.304,0.506,0.014936449
0.323,0.433,0.404,0.406,0.0
0.346,0.37,0.347,0.581,0.009723124
0.387,0.407,0.347,0.393,0.0
0.382,0.454,0.403,0.461,0.006903717
0.263,0.461,0.331,0.349,0.0
0.382,0.392,0.307,0.547,0.004146952
0.342,0.544,0.276,0.458,0.01611847
0.297,0.485,0.273,0.457,0.026035786
0.292,0.421,0.317,0.49,0.039450498
0.313,0.377,0.316,0.538,0.026891101
0.336,0.526,0.339,0.387,0.0
0.312,0.496,0.287,0.429,0.009366542
0.402,0.548,0.312,0.496,0.010505677
0.342,0.438,0.345,0.417,0.0
0.419,0.459,0.267,0.509,0.00432958
0.334,0.441,0.406,0.416,0.0
0.314,0.436,0.372,0.466,0.021309147
0.286,0.514,0.287,0.491,0.050220238
0.332,0.532,0.362,0.368,0.0
0.373,0.437,0.369,0.373,0.0
0.323,0.515,0.319,0.425,0.008331008
0.382,0.418,0.339,0.527,0.010112955
0.36,0.398,0.263,0.509,0.012492898
0.43,0.442,0.447,0.463,0.000224068
0.259,0.473,0.448,0.455,0.007814446
0.375,0.475,0.325,0.379,0.0
0.331,0.415,0.3,0.418,0.0
0.332,0.518,0.353,0.493,0.028135765
0.36,0.416,0.35,0.368,0.0
0.41,0.474,0.271,0.465,0.004008174
0.329,0.541,0.378,0.472,0.023276613
0.425,0.481,0.235,0.481,0.003765313
0.365,0.409,0.339,0.461,0.007589414
0.305,0.389,0.328,0.432,0.007502196
0.367,0.385,0.276,0.442,0.002131782
0.409,0.489,0.295,0.473,0.005342466
0.336,0.353,0.435,0.439,8.77e-05
0.334,0.538,0.355,0.479,0.023952673
0.311,0.487,0.326,0.512,0.041949463
0.328,0.426,0.306,0.454,0.013148238
0.45,0.469,0.292,0.468,0.001057699
0.371,0.389,0.379,0.527,0.007136459
0.346,0.432,0.368,0.48,0.016413373
0.416,0.436,0.37,0.428,0.000534873
0.328,0.52,0.238,0.48,0.025375146
0.397,0.471,0.356,0.36,0.0
0.296,0.468,0.366,0.424,0.01144821
0.289,0.537,0.332,0.414,0.0
0.293,0.515,0.337,0.565,0.072610696
0.367,0.403,0.242,0.462,0.006783732
0.39,0.504,0.339,0.517,0.014503732
0.299,0.437,0.334,0.476,0.031322355
0.327,0.507,0.376,0.504,0.03288457
0.421,0.423,0.33,0.492,0.000249607
0.31,0.498,0.359,0.469,0.027044817
0.278,0.484,0.359,0.495,0.05801059
0.378,0.466,0.324,0.47,0.009801668
0.335,0.465,0.297,0.401,0.0
0.357,0.421,0.417,0.515,0.018323014
0.311,0.453,0.351,0.455,0.018695016
0.385,0.489,0.39,0.429,0.003100818
0.356,0.446,0.339,0.437,0.004759888
0.266,0.508,0.376,0.468,0.050973397
0.412,0.45,0.286,0.484,0.00344969
0.299,0.395,0.356,0.506,0.036360281
0.339,0.368,0.366,0.558,0.011173063
0.239,0.433,0.327,0.375,0.0
0.274,0.472,0.341,0.405,0.0
0.327,0.509,0.347,0.405,0.0
0.385,0.447,0.264,0.438,0.002460898
0.356,0.526,0.229,0.463,0.01509402
0.364,0.452,0.321,0.513,0.019553704
0.402,0.504,0.427,0.445,0.001103477
0.327,0.352,0.281,0.481,0.006059003
0.356,0.42,0.318,0.512,0.01805606
0.397,0.461,0.419,0.477,0.004174419
0.339,0.393,0.322,0.43,0.004132014
0.382,0.416,0.313,0.341,0.0
0.292,0.518,0.299,0.501,0.051181563
0.279,0.425,0.299,0.425,0.014032947
0.34,0.342,0.403,0.409,0.0
0.355,0.439,0.231,0.474,0.013976087
0.374,0.578,0.186,0.43,0.004837468
0.368,0.432,0.319,0.405,0.0
0.367,0.431,0.278,0.426,0.003598587
0.287,0.419,0.254,0.374,0.0
0.315,0.483,0.308,0.522,0.0423976
0.321,0.567,0.332,0.374,0.0
0.332,0.468,0.413,0.441,0.008268847
0.293,0.511,0.413,0.425,0.012614811
0.397,0.439,0.338,0.444,0.002025771
0.312,0.542,0.315,0.519,0.046386981
0.297,0.363,0.381,0.523,0.030896866
0.302,0.524,0.386,0.454,0.023043871
0.321,0.515,0.323,0.495,0.032453299
0.347,0.557,0.356,0.51,0.02973942
0.301,0.507,0.386,0.43,0.011187519
0.373,0.519,0.299,0.435,0.00451799
0.395,0.434,0.32,0.456,0.003094072
0.393,0.467,0.377,0.413,0.0
0.417,0.523,0.281,0.407,0.0
0.257,0.387,0.347,0.491,0.059773262
0.324,0.49,0.266,0.514,0.036232104
0.316,0.498,0.334,0.538,0.046774403
0.338,0.38,0.305,0.387,0.0
0.388,0.434,0.362,0.406,0.0
0.294,0.454,0.291,0.363,0.0
0.235,0.455,0.304,0.492,0.090024908
0.321,0.351,0.324,0.481,0.007740239
0.379,0.467,0.391,0.473,0.010037301
0.274,0.464,0.344,0.454,0.033538464
0.296,0.526,0.335,0.489,0.042958975
0.375,0.465,0.306,0.476,0.011357137
0.315,0.437,0.273,0.502,0.032301992
0.317,0.537,0.305,0.483,0.030629912
0.266,0.49,0.35,0.442,0.024547779
0.272,0.522,0.307,0.485,0.058617744
0.325,0.327,0.313,0.391,0.0
0.376,0.408,0.306,0.466,0.005742416
0.302,0.507,0.324,0.434,0.011031394
0.354,0.494,0.327,0.373,0.0
0.271,0.495,0.389,0.393,0.0
0.383,0.443,0.391,0.503,0.010947067
0.296,0.494,0.287,0.489,0.041788519
0.359,0.543,0.388,0.47,0.016542032
0.223,0.431,0.367,0.439,0.032127074
0.333,0.469,0.269,0.511,0.030145635
0.356,0.416,0.295,0.485,0.013536624
0.284,0.51,0.348,0.526,0.069320504
0.245,0.458,0.402,0.482,0.072082569
0.333,0.477,0.299,0.427,0.006949494
0.343,0.433,0.328,0.42,0.005379569
0.387,0.451,0.349,0.485,0.008315589
0.299,0.535,0.316,0.484,0.039341595
0.297,0.453,0.314,0.562,0.06232716
0.304,0.516,0.266,0.44,0.012463505
0.288,0.47,0.394,0.468,0.035682293
0.317,0.483,0.319,0.457,0.019474678
0.307,0.416,0.335,0.433,0.008449548
0.371,0.387,0.239,0.425,0.001399343
0.37,0.392,0.345,0.473,0.005418601
0.359,0.393,0.311,0.333,0.0
0.25,0.454,0.327,0.457,0.047396494
