0.176,0.484,0.399,0.426,0.079863285
0.407,0.423,0.253,0.429,0.000552702
0.266,0.596,0.287,0.465,0.049897386
0.253,0.563,0.194,0.63,0.131551291
0.141,0.591,0.314,0.406,0.0
0.274,0.494,0.36,0.578,0.094846956
0.13,0.628,0.158,0.618,0.490013054
0.199,0.549,0.28,0.454,0.106056642
0.303,0.481,0.357,0.465,0.027373451
0.293,0.329,0.117,0.599,0.028392601
0.378,0.478,0.201,0.573,0.022841968
0.371,0.497,0.382,0.394,0.0
0.341,0.575,0.194,0.664,0.050791251
0.26,0.538,0.167,0.581,0.113494267
0.35,0.461,0.242,0.508,0.023609583
0.292,0.574,0.35,0.518,0.061381736
0.301,0.529,0.339,0.457,0.025598251
0.214,0.491,0.181,0.523,0.164024346
0.223,0.605,0.379,0.437,0.031033717
0.312,0.356,0.248,0.572,0.022712828
0.276,0.548,0.283,0.561,0.091893108
0.351,0.45,0.254,0.622,0.033666159
0.214,0.673,0.266,0.464,0.094394483
0.209,0.611,0.306,0.48,0.12675719
0.411,0.443,0.302,0.435,0.000867843
0.322,0.575,0.391,0.489,0.031657735
0.245,0.523,0.175,0.6,0.136808466
0.219,0.581,0.212,0.562,0.1813152
0.336,0.51,0.331,0.445,0.010705652
0.305,0.499,0.427,0.461,0.014770686
0.172,0.654,0.168,0.644,0.41313783
0.153,0.601,0.257,0.585,0.427069103
0.308,0.519,0.319,0.491,0.036887926
0.142,0.636,0.279,0.581,0.445627269
0.277,0.554,0.133,0.603,0.099785617
0.176,0.661,0.319,0.519,0.340138267
0.102,0.514,0.329,0.521,0.728310539
0.332,0.424,0.19,0.595,0.036669158
0.376,0.466,0.301,0.497,0.014330741
0.317,0.491,0.122,0.566,0.051366119
0.369,0.475,0.279,0.507,0.018896437
0.228,0.578,0.377,0.447,0.048313969
0.263,0.505,0.361,0.455,0.040398331
0.254,0.524,0.152,0.55,0.109640291
0.329,0.582,0.364,0.452,0.01626303
0.192,0.65,0.18,0.628,0.354126882
0.343,0.487,0.251,0.526,0.031183096
0.063,0.549,0.277,0.599,0.967694635
0.335,0.431,0.191,0.574,0.034774455
0.373,0.599,0.318,0.548,0.02893181
0.329,0.517,0.385,0.545,0.04238748
0.128,0.524,0.349,0.557,0.458300868
0.31,0.526,0.206,0.612,0.065301247
0.258,0.641,0.327,0.453,0.041980302
0.357,0.445,0.275,0.473,0.013815143
0.27,0.553,0.253,0.547,0.093683246
0.236,0.606,0.274,0.586,0.152622396
0.235,0.581,0.239,0.513,0.115934445
0.346,0.47,0.228,0.664,0.039859121
0.271,0.533,0.405,0.491,0.06319404
0.371,0.391,0.248,0.546,0.008453403
0.202,0.573,0.21,0.61,0.273115308
0.312,0.53,0.321,0.443,0.013307255
0.205,0.557,0.135,0.555,0.230610733
0.374,0.392,0.219,0.501,0.00593709
0.258,0.592,0.213,0.641,0.127196654
0.197,0.623,0.332,0.508,0.235705519
0.309,0.553,0.205,0.623,0.068607822
0.146,0.638,0.369,0.46,0.217970383
0.358,0.38,0.144,0.594,0.009579045
0.31,0.37,0.324,0.466,0.013289907
0.298,0.505,0.378,0.444,0.01669912
0.392,0.398,0.356,0.42,0.000351763
0.182,0.634,0.247,0.547,0.360438384
0.279,0.552,0.256,0.466,0.042008251
0.441,0.494,0.124,0.47,0.002653645
0.268,0.5,0.302,0.608,0.107109522
0.347,0.513,0.191,0.563,0.037355819
0.078,0.53,0.356,0.536,0.896145975
0.397,0.512,0.298,0.372,0.0
0.345,0.411,0.23,0.668,0.028956386
0.143,0.599,0.226,0.471,0.259627353
0.22,0.491,0.256,0.466,0.085828805
0.412,0.431,0.266,0.472,0.001647023
0.237,0.485,0.229,0.587,0.144280786
0.291,0.399,0.238,0.502,0.04155915
0.272,0.508,0.355,0.443,0.024025917
0.234,0.603,0.419,0.477,0.056581853
0.341,0.498,0.215,0.536,0.034445821
0.211,0.542,0.229,0.431,0.036946714
0.388,0.544,0.26,0.51,0.016005231
0.202,0.579,0.22,0.504,0.192689202
0.354,0.504,0.344,0.5,0.023395152
0.224,0.654,0.251,0.445,0.046214473
0.165,0.619,0.109,0.575,0.40219269
0.212,0.614,0.204,0.592,0.217510682
0.238,0.569,0.246,0.53,0.123240521
0.312,0.5,0.186,0.644,0.063551586
0.229,0.565,0.124,0.622,0.173362939
0.298,0.406,0.414,0.47,0.026774007
0.212,0.652,0.147,0.617,0.223798572
0.112,0.595,0.168,0.594,0.629950286
0.373,0.409,0.257,0.555,0.013578546
0.134,0.616,0.088,0.574,0.458676724
0.221,0.593,0.28,0.582,0.184928243
0.231,0.513,0.398,0.462,0.068819362
0.347,0.509,0.269,0.415,0.0
0.119,0.521,0.364,0.382,0.0
0.317,0.495,0.218,0.5,0.0350443
0.294,0.458,0.254,0.564,0.066144033
0.145,0.579,0.27,0.564,0.426563624
0.269,0.551,0.131,0.619,0.110823276
0.413,0.527,0.366,0.422,0.002042637
0.329,0.393,0.288,0.496,0.018277237
0.414,0.494,0.315,0.405,0.0
0.316,0.53,0.195,0.569,0.055179137
0.374,0.474,0.405,0.497,0.015487224
0.258,0.358,0.237,0.621,0.08335827
0.261,0.537,0.286,0.62,0.118927324
0.357,0.439,0.258,0.536,0.023199514
0.345,0.561,0.201,0.621,0.046401919
0.244,0.458,0.309,0.609,0.133602119
0.319,0.543,0.256,0.508,0.039047174
0.378,0.386,0.385,0.525,0.003198155
0.403,0.527,0.264,0.478,0.007855405
0.261,0.595,0.38,0.415,0.0
0.27,0.516,0.261,0.591,0.103656941
0.216,0.596,0.413,0.443,0.047915465
0.196,0.574,0.249,0.504,0.234148123
0.332,0.436,0.244,0.462,0.015565286
0.185,0.587,0.126,0.568,0.36942666
0.165,0.643,0.362,0.449,0.151691909
0.418,0.452,0.14,0.638,0.006681094
0.261,0.633,0.416,0.462,0.05027758
0.45,0.528,0.346,0.466,0.002862293
0.267,0.505,0.262,0.464,0.047107855
0.16,0.618,0.377,0.403,0.0
0.426,0.43,0.304,0.594,0.000811465
0.128,0.57,0.246,0.524,0.418222497
0.254,0.52,0.332,0.542,0.10590389
0.243,0.521,0.277,0.407,0.0
0.272,0.454,0.267,0.457,0.037225233
0.373,0.377,0.282,0.546,0.001650396
0.343,0.521,0.236,0.59,0.04270985
0.296,0.46,0.363,0.485,0.038173548
0.223,0.511,0.199,0.575,0.173407753
0.407,0.439,0.365,0.456,0.002086968
0.31,0.358,0.38,0.504,0.017358315
0.288,0.66,0.287,0.623,0.091704216
0.137,0.563,0.165,0.641,0.472424406
0.319,0.621,0.346,0.44,0.010747092
0.373,0.524,0.329,0.555,0.027054936
0.204,0.638,0.451,0.502,0.094696132
0.294,0.526,0.235,0.585,0.076201573
0.274,0.434,0.288,0.412,0.0
0.359,0.491,0.163,0.647,0.036076943
0.384,0.532,0.327,0.495,0.014475302
0.399,0.441,0.352,0.434,0.001360794
0.25,0.66,0.164,0.578,0.128377229
0.243,0.567,0.287,0.613,0.144922152
0.342,0.432,0.279,0.504,0.022255053
0.27,0.552,0.181,0.615,0.109351652
0.268,0.444,0.196,0.536,0.083770749
0.232,0.528,0.362,0.412,0.0
0.153,0.593,0.284,0.446,0.135975799
0.213,0.579,0.248,0.574,0.206221007
0.36,0.396,0.231,0.541,0.014038248
0.247,0.629,0.327,0.507,0.095680587
0.164,0.634,0.169,0.609,0.417006745
0.288,0.566,0.316,0.461,0.0337076
0.185,0.633,0.304,0.482,0.245062424
0.34,0.47,0.267,0.599,0.040128003
0.254,0.552,0.29,0.49,0.074913059
0.37,0.424,0.116,0.582,0.01948046
0.165,0.604,0.258,0.582,0.405367716
0.403,0.447,0.253,0.497,0.005360777
0.379,0.507,0.276,0.628,0.028045174
0.306,0.374,0.269,0.619,0.03752881
0.221,0.655,0.404,0.46,0.077927141
0.179,0.527,0.351,0.466,0.220819184
0.331,0.427,0.144,0.584,0.037010802
0.35,0.447,0.298,0.58,0.031319464
0.308,0.498,0.301,0.539,0.052452248
0.316,0.596,0.252,0.526,0.047702961
0.403,0.425,0.2,0.564,0.005217662
0.334,0.434,0.138,0.614,0.038644333
0.413,0.449,0.294,0.448,0.001594018
0.266,0.414,0.327,0.453,0.033922995
0.388,0.494,0.222,0.552,0.018106656
0.236,0.528,0.196,0.684,0.160749092
0.294,0.542,0.344,0.491,0.045480588
0.257,0.601,0.374,0.556,0.111656906
0.363,0.437,0.281,0.475,0.01226353
0.187,0.679,0.399,0.433,0.072031973
0.304,0.442,0.239,0.507,0.040672514
0.28,0.358,0.335,0.545,0.049615012
0.302,0.634,0.266,0.506,0.049240601
0.361,0.379,0.209,0.647,0.008171992
0.309,0.487,0.232,0.514,0.043919337
0.237,0.508,0.2,0.692,0.157435771
0.347,0.537,0.394,0.46,0.015814893
0.194,0.598,0.248,0.476,0.191480678
0.369,0.411,0.2,0.569,0.016383979
0.15,0.592,0.238,0.56,0.41512457
0.305,0.514,0.38,0.448,0.018168335
0.348,0.416,0.36,0.482,0.014795262
0.366,0.646,0.148,0.564,0.034572552
0.336,0.412,0.28,0.33,0.0
0.398,0.402,0.277,0.601,0.001407535
0.404,0.416,0.137,0.601,0.00355811
0.251,0.511,0.208,0.624,0.130488773
0.221,0.588,0.392,0.436,0.031812897
0.31,0.598,0.282,0.484,0.035047192
0.295,0.562,0.215,0.615,0.081191793
0.172,0.632,0.308,0.438,0.086765556
0.279,0.412,0.338,0.518,0.061722898
0.378,0.42,0.246,0.624,0.015940179
0.331,0.435,0.231,0.489,0.02229553
0.336,0.613,0.208,0.52,0.036976589
0.23,0.684,0.239,0.597,0.168364045
0.314,0.424,0.301,0.579,0.046545516
0.306,0.568,0.372,0.4,0.0
0.336,0.416,0.327,0.539,0.027645706
0.266,0.59,0.321,0.451,0.035835527
0.246,0.514,0.401,0.441,0.027878448
0.285,0.531,0.172,0.62,0.090622905
0.344,0.466,0.335,0.462,0.015020776
0.392,0.498,0.367,0.481,0.009218608
0.374,0.436,0.334,0.436,0.003071424
0.356,0.483,0.358,0.497,0.021053276
0.334,0.418,0.359,0.481,0.018036303
0.268,0.669,0.386,0.388,0.0
0.219,0.609,0.382,0.482,0.108604757
0.185,0.513,0.448,0.468,0.084195274
0.133,0.627,0.28,0.494,0.326330352
0.314,0.609,0.192,0.588,0.062916966
0.323,0.379,0.291,0.516,0.019467931
0.154,0.588,0.252,0.561,0.409140257
0.238,0.514,0.308,0.584,0.144174775
0.314,0.538,0.273,0.473,0.028159377
0.312,0.456,0.328,0.448,0.014987045
0.354,0.404,0.354,0.432,0.003663157
0.411,0.535,0.22,0.572,0.014501322
0.237,0.505,0.231,0.569,0.140415726
0.365,0.435,0.327,0.513,0.017487938
0.194,0.58,0.212,0.61,0.335577872
0.245,0.555,0.254,0.506,0.096011148
0.263,0.551,0.228,0.599,0.114419935
0.337,0.397,0.291,0.595,0.026389959
0.255,0.403,0.314,0.528,0.085768572
0.343,0.525,0.257,0.499,0.026907003
0.333,0.339,0.306,0.406,0.0
0.38,0.46,0.147,0.643,0.022616454
0.351,0.485,0.372,0.382,0.0
0.189,0.621,0.268,0.51,0.293363864
0.374,0.442,0.34,0.44,0.003747002
0.32,0.554,0.307,0.455,0.018991364
0.435,0.447,0.304,0.478,0.000899165
0.268,0.578,0.086,0.528,0.088748922
0.292,0.446,0.321,0.499,0.045987513
0.3,0.344,0.381,0.469,0.013195943
0.192,0.601,0.28,0.54,0.312359084
0.424,0.436,0.207,0.599,0.002338503
0.357,0.381,0.313,0.495,0.006972624
0.298,0.404,0.334,0.478,0.029438735
0.171,0.594,0.354,0.406,0.0
0.347,0.471,0.341,0.533,0.029623772
0.312,0.462,0.328,0.548,0.048407934
0.174,0.666,0.36,0.44,0.096262201
0.18,0.586,0.254,0.616,0.397720477
0.147,0.635,0.212,0.588,0.439561038
0.296,0.588,0.254,0.51,0.054796052
0.356,0.442,0.164,0.638,0.030554259
0.258,0.47,0.19,0.572,0.108104097
0.363,0.512,0.244,0.542,0.028432114
0.132,0.562,0.375,0.405,0.0
0.383,0.406,0.221,0.625,0.009465325
0.256,0.54,0.276,0.486,0.070117995
0.364,0.458,0.224,0.506,0.018898364
0.348,0.434,0.145,0.543,0.026403933
0.441,0.461,0.323,0.411,0.0
0.267,0.465,0.167,0.567,0.096802375
0.178,0.6,0.249,0.555,0.373953805
0.297,0.571,0.216,0.636,0.081251063
0.376,0.572,0.221,0.595,0.031951193
0.3,0.406,0.418,0.422,0.00917765
0.317,0.487,0.297,0.459,0.020276987
0.217,0.638,0.346,0.494,0.126843926
0.309,0.503,0.124,0.56,0.056962529
0.352,0.439,0.311,0.54,0.025410804
0.302,0.422,0.251,0.585,0.056534148
0.297,0.529,0.235,0.568,0.070143534
0.281,0.479,0.305,0.395,0.0
0.211,0.593,0.229,0.537,0.189919909
0.249,0.683,0.362,0.376,0.0
0.291,0.397,0.383,0.391,0.0
0.368,0.41,0.188,0.565,0.016371932
0.402,0.424,0.389,0.42,0.000810501
0.25,0.6,0.188,0.64,0.138159141
0.279,0.543,0.283,0.542,0.08177148
0.242,0.58,0.266,0.506,0.100201951
0.351,0.409,0.212,0.592,0.023973393
0.281,0.489,0.279,0.563,0.082732324
0.286,0.446,0.181,0.457,0.029089381
0.313,0.501,0.235,0.527,0.046164358
0.226,0.684,0.367,0.409,0.0
0.182,0.67,0.267,0.567,0.377264235
0.298,0.544,0.368,0.4,0.0
0.295,0.573,0.267,0.54,0.06651218
0.318,0.428,0.349,0.451,0.013980424
0.225,0.619,0.293,0.447,0.050606695
0.306,0.422,0.27,0.48,0.028169978
0.289,0.309,0.361,0.513,0.014394348
0.403,0.469,0.353,0.389,0.0
0.41,0.54,0.305,0.467,0.006079241
0.173,0.649,0.252,0.528,0.353423838
0.27,0.466,0.348,0.496,0.064008878
0.255,0.471,0.347,0.465,0.052722094
0.304,0.536,0.409,0.412,0.0
0.321,0.457,0.39,0.472,0.022530682
0.141,0.597,0.249,0.705,0.468732818
0.26,0.482,0.407,0.477,0.059812775
0.335,0.486,0.265,0.508,0.029947105
0.172,0.65,0.3,0.536,0.362645337
0.198,0.627,0.248,0.524,0.252365126
0.154,0.494,0.343,0.501,0.31436558
0.315,0.547,0.321,0.334,0.0
0.375,0.381,0.248,0.592,0.002901806
0.068,0.54,0.22,0.504,0.764591793
0.385,0.469,0.247,0.482,0.009667709
0.175,0.465,0.372,0.489,0.268141471
0.198,0.58,0.237,0.593,0.298815714
0.426,0.458,0.265,0.393,0.0
0.232,0.52,0.219,0.611,0.162008694
0.228,0.542,0.242,0.474,0.086475953
0.355,0.459,0.173,0.591,0.031664
0.366,0.468,0.46,0.49,0.005431129
0.385,0.511,0.294,0.558,0.02122723
0.236,0.516,0.196,0.527,0.122034888
0.355,0.397,0.346,0.368,0.0
0.345,0.462,0.338,0.46,0.013994398
0.329,0.471,0.347,0.506,0.030422227
0.168,0.65,0.231,0.459,0.20249087
0.216,0.566,0.261,0.445,0.051819556
0.209,0.501,0.244,0.552,0.205037058
0.263,0.511,0.249,0.663,0.117962625
0.394,0.554,0.305,0.373,0.0
0.229,0.647,0.386,0.462,0.07255769
0.188,0.54,0.307,0.523,0.317034645
0.279,0.506,0.374,0.516,0.069751294
0.161,0.521,0.355,0.466,0.23035968
0.371,0.443,0.318,0.506,0.015467467
0.184,0.576,0.271,0.567,0.371126206
0.316,0.524,0.182,0.57,0.055151188
0.32,0.54,0.237,0.627,0.059713992
0.319,0.499,0.192,0.502,0.034920461
0.34,0.46,0.399,0.414,0.0
0.286,0.49,0.219,0.529,0.067265821
0.303,0.426,0.231,0.559,0.052755343
0.203,0.632,0.297,0.477,0.141884459
0.319,0.485,0.322,0.49,0.030172138
0.271,0.567,0.424,0.496,0.049097004
0.155,0.52,0.261,0.665,0.436688625
0.144,0.578,0.216,0.67,0.460686594
0.375,0.521,0.248,0.528,0.022580796
0.208,0.62,0.339,0.471,0.117011419
0.394,0.454,0.21,0.646,0.015042942
0.407,0.469,0.368,0.402,0.0
0.129,0.581,0.357,0.391,0.0
0.173,0.643,0.214,0.5,0.300113383
0.242,0.566,0.41,0.452,0.04794004
0.177,0.377,0.278,0.561,0.350897406
0.229,0.623,0.326,0.344,0.0
0.387,0.423,0.237,0.497,0.006916727
0.307,0.419,0.32,0.451,0.016094859
0.188,0.605,0.191,0.589,0.36860893
0.191,0.561,0.259,0.479,0.214056655
0.404,0.502,0.213,0.569,0.014266171
0.43,0.554,0.136,0.631,0.0134841
0.127,0.593,0.183,0.606,0.496443576
0.253,0.617,0.318,0.53,0.104684765
0.2,0.616,0.268,0.464,0.131806681
0.316,0.484,0.26,0.56,0.050402865
0.319,0.452,0.228,0.544,0.042132572
0.37,0.46,0.313,0.479,0.012921279
0.277,0.587,0.372,0.544,0.086613767
0.302,0.584,0.201,0.635,0.076960514
0.193,0.537,0.317,0.474,0.193534397
0.399,0.479,0.322,0.55,0.012627821
0.25,0.462,0.242,0.694,0.130301808
0.346,0.444,0.126,0.624,0.03497973
0.156,0.554,0.182,0.604,0.427148611
0.205,0.701,0.289,0.487,0.147538211
0.376,0.528,0.261,0.599,0.029823265
0.245,0.411,0.263,0.575,0.116811926
0.18,0.6,0.219,0.627,0.400135598
0.184,0.554,0.411,0.481,0.244888951
0.353,0.524,0.314,0.504,0.025469592
0.221,0.603,0.196,0.69,0.199904687
0.181,0.599,0.332,0.508,0.313484245
0.149,0.589,0.231,0.681,0.451983584
0.174,0.607,0.288,0.458,0.196349468
0.252,0.582,0.383,0.471,0.062412933
0.153,0.649,0.194,0.53,0.378516127
0.144,0.59,0.384,0.476,0.270186998
0.361,0.393,0.254,0.52,0.011504588
0.346,0.476,0.275,0.457,0.013683593
0.315,0.525,0.161,0.557,0.053400082
0.172,0.648,0.286,0.476,0.250013131
0.409,0.428,0.28,0.524,0.003240078
0.17,0.588,0.388,0.456,0.185703568
0.165,0.611,0.336,0.444,0.122384242
0.331,0.549,0.353,0.459,0.018376983
0.392,0.478,0.186,0.618,0.018552383
0.189,0.569,0.159,0.626,0.370800946
0.08,0.546,0.366,0.484,0.675324863
0.13,0.613,0.289,0.493,0.330087473
0.294,0.484,0.382,0.402,0.0
0.392,0.49,0.366,0.446,0.004107921
0.343,0.444,0.419,0.463,0.008629284
0.29,0.505,0.203,0.585,0.078768963
0.298,0.49,0.393,0.504,0.047248078
0.193,0.563,0.289,0.545,0.309121898
0.326,0.522,0.35,0.424,0.008093448
0.292,0.647,0.19,0.57,0.079066757
0.188,0.586,0.364,0.482,0.234872852
0.216,0.488,0.318,0.51,0.145869504
0.38,0.492,0.149,0.469,0.010275826
0.308,0.49,0.177,0.67,0.066828767
0.345,0.497,0.477,0.487,0.002191534
0.2,0.674,0.167,0.587,0.283505336
0.243,0.577,0.22,0.47,0.067885021
0.249,0.483,0.308,0.514,0.094625779
0.246,0.486,0.229,0.591,0.13019387
0.33,0.396,0.26,0.584,0.029108656
0.239,0.643,0.286,0.514,0.111694492
0.363,0.559,0.27,0.564,0.033653149
0.343,0.435,0.216,0.581,0.032457635
0.341,0.472,0.309,0.526,0.030726767
0.169,0.579,0.339,0.564,0.38909553
0.223,0.519,0.391,0.399,0.0
0.284,0.498,0.286,0.452,0.028005179
0.356,0.449,0.352,0.43,0.004820603
0.202,0.582,0.367,0.395,0.0
0.29,0.478,0.227,0.671,0.0829429
0.304,0.366,0.418,0.422,0.005688928
0.209,0.587,0.196,0.6,0.231412079
0.339,0.401,0.229,0.633,0.028094325
0.293,0.451,0.259,0.473,0.034390888
0.324,0.475,0.396,0.409,0.0
0.242,0.532,0.275,0.471,0.068634325
0.362,0.408,0.22,0.574,0.018419388
0.187,0.641,0.232,0.608,0.379138218
0.338,0.502,0.291,0.397,0.0
0.278,0.614,0.32,0.514,0.073240015
0.159,0.549,0.299,0.583,0.413314675
0.136,0.564,0.393,0.427,0.090501957
0.298,0.364,0.1,0.57,0.037264264
0.287,0.493,0.197,0.65,0.087258024
0.359,0.369,0.206,0.7,0.004414871
0.347,0.459,0.145,0.542,0.029745203
0.264,0.548,0.289,0.481,0.061712297
0.178,0.558,0.104,0.572,0.384531762
0.21,0.624,0.389,0.491,0.138374535
0.314,0.406,0.298,0.514,0.031992633
0.276,0.551,0.165,0.591,0.098910546
0.363,0.553,0.297,0.552,0.031796031
0.391,0.439,0.346,0.376,0.0
0.21,0.522,0.35,0.554,0.203860337
0.326,0.502,0.333,0.482,0.025984708
0.211,0.593,0.329,0.439,0.041404952
0.296,0.508,0.299,0.553,0.066157525
0.43,0.444,0.362,0.565,0.002141901
0.311,0.475,0.323,0.429,0.009191624
0.301,0.407,0.301,0.447,0.015051133
0.324,0.42,0.196,0.628,0.042296889
0.28,0.516,0.221,0.58,0.08984758
0.212,0.583,0.357,0.449,0.06646833
0.308,0.578,0.387,0.533,0.05433635
0.229,0.535,0.382,0.438,0.029844949
0.205,0.515,0.255,0.553,0.226576056
0.426,0.444,0.057,0.54,0.002505229
0.313,0.455,0.308,0.604,0.054943022
0.338,0.488,0.44,0.455,0.006514849
0.3,0.544,0.327,0.499,0.045772118
0.233,0.578,0.254,0.56,0.147970446
0.121,0.529,0.334,0.438,0.104426002
0.292,0.558,0.348,0.402,0.0
0.196,0.666,0.395,0.42,0.05222818
0.257,0.485,0.333,0.391,0.0
0.269,0.549,0.21,0.598,0.107863163
0.232,0.56,0.244,0.65,0.169002038
0.117,0.509,0.187,0.605,0.557603171
0.348,0.452,0.175,0.615,0.034959974
0.316,0.428,0.201,0.635,0.04993449
0.173,0.652,0.24,0.508,0.322076907
0.269,0.647,0.195,0.609,0.112437532
0.431,0.527,0.371,0.451,0.002768329
0.272,0.554,0.153,0.603,0.105607541
0.374,0.384,0.191,0.675,0.005065874
0.348,0.45,0.345,0.475,0.016266403
0.256,0.574,0.374,0.606,0.125154017
0.358,0.542,0.349,0.464,0.015228461
0.351,0.567,0.429,0.435,0.0
0.244,0.522,0.291,0.539,0.117558339
0.198,0.591,0.353,0.475,0.163750163
0.175,0.577,0.24,0.497,0.289175472
0.232,0.568,0.311,0.469,0.076860286
0.372,0.45,0.377,0.459,0.008636512
0.294,0.36,0.223,0.687,0.044188219
0.345,0.448,0.106,0.556,0.031149365
0.259,0.455,0.33,0.443,0.02650368
0.319,0.539,0.281,0.536,0.046756092
0.235,0.627,0.201,0.536,0.132468767
0.186,0.678,0.267,0.524,0.329321304
0.166,0.654,0.153,0.643,0.420737363
0.342,0.54,0.334,0.612,0.046127736
0.397,0.419,0.169,0.639,0.007001536
0.212,0.54,0.354,0.514,0.164351534
0.35,0.458,0.316,0.392,0.0
0.214,0.701,0.12,0.592,0.210500472
0.403,0.417,0.338,0.512,0.002626178
0.373,0.413,0.298,0.626,0.016666353
0.313,0.513,0.215,0.53,0.0477285
0.209,0.593,0.418,0.476,0.121208485
0.322,0.434,0.166,0.612,0.045813077
0.179,0.585,0.175,0.656,0.404437711
0.425,0.551,0.373,0.577,0.0125035
0.211,0.564,0.168,0.61,0.224027941
0.255,0.615,0.445,0.462,0.021139048
0.323,0.368,0.191,0.663,0.022784144
0.323,0.391,0.224,0.568,0.030057935
0.307,0.489,0.252,0.602,0.063656633
0.249,0.571,0.232,0.493,0.081853879
0.293,0.439,0.27,0.551,0.061735909
0.378,0.409,0.194,0.544,0.01087045
0.201,0.595,0.377,0.429,0.044803082
0.412,0.423,0.295,0.443,0.000470785
0.336,0.394,0.277,0.513,0.019112313
0.359,0.499,0.244,0.52,0.025809309
0.384,0.456,0.282,0.372,0.0
0.113,0.603,0.335,0.506,0.456398936
0.368,0.428,0.202,0.611,0.022189038
0.385,0.531,0.173,0.643,0.027234673
0.221,0.569,0.294,0.46,0.077419734
0.275,0.467,0.259,0.485,0.053973986
0.279,0.611,0.168,0.626,0.101975705
0.356,0.378,0.272,0.466,0.004585934
0.26,0.568,0.22,0.578,0.114223815
0.208,0.55,0.386,0.5,0.157263262
0.182,0.657,0.186,0.628,0.397109951
0.407,0.415,0.337,0.409,0.0
0.335,0.383,0.169,0.655,0.02254321
0.182,0.545,0.354,0.408,0.0
0.288,0.41,0.363,0.395,0.0
0.17,0.644,0.376,0.426,0.082263949
0.134,0.634,0.309,0.591,0.468819073
0.284,0.426,0.291,0.489,0.045382769
0.188,0.622,0.187,0.626,0.377901264
0.391,0.457,0.34,0.478,0.007045868
0.188,0.654,0.246,0.56,0.354466117
0.356,0.436,0.415,0.445,0.006874805
0.262,0.548,0.31,0.488,0.068009824
0.285,0.547,0.221,0.605,0.089905405
0.288,0.444,0.345,0.379,0.0
0.151,0.557,0.235,0.635,0.442942303
0.312,0.462,0.186,0.557,0.05032673
0.368,0.473,0.318,0.546,0.024190715
0.27,0.61,0.311,0.516,0.081643303
0.212,0.594,0.32,0.486,0.126775983
0.359,0.385,0.128,0.61,0.011813947
0.375,0.461,0.161,0.608,0.024332385
0.272,0.582,0.309,0.585,0.103717656
0.162,0.61,0.201,0.647,0.427084523
0.353,0.458,0.245,0.609,0.033409324
0.321,0.643,0.248,0.574,0.056316826
0.254,0.566,0.377,0.447,0.035572427
0.378,0.421,0.256,0.482,0.008044297
0.439,0.441,0.267,0.403,0.0
0.2,0.608,0.323,0.515,0.225972758
0.234,0.61,0.348,0.412,0.0
0.165,0.654,0.179,0.613,0.416873267
0.288,0.61,0.24,0.567,0.081923268
0.169,0.651,0.428,0.46,0.123240039
0.278,0.44,0.234,0.606,0.087947577
0.227,0.597,0.335,0.393,0.0
0.252,0.448,0.158,0.592,0.117261026
0.281,0.607,0.195,0.637,0.10031278
0.291,0.463,0.317,0.507,0.051720291
0.257,0.537,0.359,0.407,0.0
0.296,0.558,0.321,0.471,0.035377753
0.269,0.499,0.309,0.407,0.0
0.109,0.583,0.271,0.341,0.0
0.332,0.402,0.174,0.618,0.03169773
0.307,0.619,0.233,0.561,0.063417145
0.307,0.412,0.202,0.654,0.053799068
0.299,0.495,0.327,0.493,0.041945126
0.185,0.677,0.259,0.561,0.366191883
0.409,0.443,0.191,0.681,0.008103085
0.186,0.646,0.252,0.45,0.141663763
0.204,0.653,0.203,0.635,0.265884403
0.206,0.558,0.274,0.612,0.248234558
0.306,0.484,0.322,0.597,0.063414735
0.28,0.516,0.179,0.571,0.087896499
0.367,0.445,0.345,0.405,0.0
0.349,0.457,0.401,0.421,0.005465342
0.261,0.593,0.164,0.588,0.116350778
0.193,0.651,0.234,0.528,0.294846571
0.17,0.562,0.342,0.53,0.357021943
0.217,0.632,0.286,0.474,0.103451666
0.175,0.638,0.228,0.644,0.409460699
0.326,0.485,0.176,0.621,0.05096135
0.166,0.616,0.293,0.439,0.092829859
0.303,0.382,0.307,0.497,0.026974946
0.248,0.616,0.387,0.395,0.0
0.32,0.441,0.376,0.4,0.0
0.197,0.598,0.238,0.481,0.179381947
0.225,0.559,0.293,0.509,0.128675505
0.36,0.418,0.229,0.419,0.003720499
0.319,0.397,0.359,0.425,0.006096107
0.272,0.551,0.213,0.643,0.109477419
0.197,0.481,0.257,0.505,0.224067936
0.205,0.665,0.22,0.684,0.263712626
0.269,0.422,0.367,0.419,0.016690929
0.356,0.422,0.258,0.52,0.019424082
0.358,0.472,0.221,0.617,0.033381857
0.261,0.615,0.307,0.417,0.0
0.295,0.543,0.17,0.628,0.08126311
0.392,0.454,0.352,0.398,0.0
0.274,0.53,0.189,0.665,0.107036278
0.218,0.64,0.343,0.453,0.069148477
0.277,0.567,0.294,0.482,0.053922908
0.325,0.486,0.253,0.415,0.0
0.274,0.486,0.349,0.549,0.08656558
0.259,0.517,0.304,0.47,0.056239245
0.198,0.534,0.354,0.508,0.226502812
0.227,0.505,0.235,0.549,0.15134641
0.272,0.448,0.23,0.568,0.089792166
0.412,0.42,0.258,0.612,0.002004569
0.379,0.419,0.222,0.64,0.015413498
0.224,0.522,0.324,0.463,0.077933405
0.216,0.704,0.307,0.519,0.160277344
0.227,0.564,0.323,0.521,0.13576715
0.252,0.55,0.208,0.598,0.127657319
0.382,0.554,0.222,0.602,0.028551135
0.445,0.529,0.4,0.41,0.0
0.11,0.574,0.428,0.452,0.12114006
0.335,0.459,0.302,0.428,0.006448352
0.242,0.598,0.125,0.621,0.148957311
0.306,0.574,0.26,0.508,0.047096772
0.243,0.603,0.355,0.435,0.024312146
0.384,0.498,0.402,0.434,0.003308985
0.243,0.564,0.235,0.577,0.136669206
0.26,0.508,0.324,0.578,0.11089411
0.189,0.643,0.158,0.604,0.36814441
0.227,0.621,0.315,0.409,0.0
0.2,0.68,0.379,0.475,0.152792013
0.338,0.457,0.206,0.503,0.02558524
0.294,0.582,0.12,0.592,0.080138913
0.225,0.484,0.159,0.605,0.173947926
0.378,0.444,0.237,0.685,0.021524542
0.151,0.533,0.174,0.454,0.184073891
0.196,0.64,0.199,0.537,0.281274289
0.334,0.444,0.141,0.619,0.040667213
0.189,0.583,0.379,0.465,0.19563534
0.374,0.506,0.157,0.605,0.029490777
0.272,0.59,0.283,0.551,0.0944711
0.236,0.554,0.35,0.498,0.099640093
0.206,0.58,0.339,0.435,0.040664804
0.334,0.5,0.27,0.432,0.007201993
0.357,0.397,0.268,0.582,0.017250377
0.305,0.531,0.419,0.483,0.024984833
0.283,0.51,0.304,0.612,0.090811316
0.391,0.393,0.222,0.692,0.000857242
0.297,0.347,0.145,0.629,0.034334991
0.237,0.489,0.252,0.54,0.126262794
0.174,0.594,0.296,0.528,0.351924266
0.18,0.557,0.265,0.553,0.367737232
0.236,0.607,0.311,0.421,0.026266119
0.165,0.552,0.359,0.441,0.102566957
0.337,0.541,0.289,0.561,0.04279514
0.175,0.629,0.308,0.372,0.0
0.217,0.641,0.149,0.585,0.198328498
0.307,0.515,0.209,0.521,0.048977983
0.409,0.457,0.358,0.416,0.0
0.149,0.625,0.231,0.531,0.385334553
0.298,0.638,0.224,0.58,0.075337584
0.167,0.607,0.222,0.54,0.370533509
0.364,0.588,0.368,0.422,0.005730851
0.144,0.544,0.315,0.537,0.398410512
0.376,0.448,0.188,0.538,0.017612741
0.212,0.618,0.361,0.445,0.055897601
0.195,0.577,0.409,0.411,0.0
0.398,0.446,0.364,0.474,0.004637012
0.255,0.617,0.244,0.522,0.098009935
0.293,0.583,0.305,0.487,0.044996793
0.284,0.61,0.207,0.516,0.068046928
0.421,0.507,0.335,0.369,0.0
0.159,0.637,0.25,0.572,0.40979656
0.285,0.445,0.292,0.458,0.030078655
0.38,0.462,0.348,0.61,0.022066643
0.29,0.53,0.402,0.438,0.014049331
0.375,0.425,0.338,0.536,0.014783697
0.287,0.569,0.405,0.503,0.058086726
0.36,0.444,0.264,0.586,0.02722889
0.282,0.54,0.314,0.434,0.01513016
0.281,0.461,0.172,0.602,0.086788203
0.206,0.528,0.344,0.526,0.200146584
0.151,0.641,0.396,0.399,0.0
0.364,0.422,0.271,0.593,0.021905699
0.322,0.396,0.332,0.367,0.0
0.18,0.619,0.241,0.673,0.405055465
0.199,0.633,0.289,0.453,0.10388631
0.287,0.513,0.395,0.457,0.03094939
0.265,0.547,0.255,0.719,0.119491591
0.217,0.547,0.416,0.42,0.033489796
0.299,0.483,0.297,0.561,0.063639286
0.361,0.365,0.355,0.419,0.000267918
0.244,0.483,0.186,0.57,0.127779713
0.379,0.477,0.166,0.615,0.024546334
0.408,0.496,0.156,0.54,0.010976461
0.21,0.586,0.289,0.455,0.083071077
0.357,0.567,0.232,0.714,0.043504449
0.133,0.611,0.361,0.453,0.192663663
0.284,0.418,0.315,0.583,0.073429389
0.421,0.481,0.23,0.512,0.005865774
0.315,0.579,0.205,0.543,0.052339009
0.265,0.603,0.3,0.488,0.066937187
0.358,0.382,0.325,0.479,0.006072495
0.34,0.466,0.191,0.559,0.035727589
0.29,0.637,0.174,0.554,0.076803907
0.34,0.536,0.368,0.438,0.007481958
0.23,0.464,0.424,0.47,0.049869438
0.273,0.547,0.378,0.382,0.0
0.299,0.499,0.188,0.54,0.059550157
0.288,0.5,0.354,0.367,0.0
0.208,0.625,0.329,0.509,0.173449675
0.342,0.448,0.366,0.444,0.008293423
0.326,0.42,0.38,0.534,0.032298137
0.252,0.546,0.269,0.577,0.12248688
0.409,0.451,0.194,0.622,0.008921778
0.34,0.528,0.224,0.602,0.045628522
0.329,0.373,0.229,0.547,0.017064376
0.347,0.439,0.195,0.576,0.030991312
0.347,0.599,0.207,0.599,0.045400116
0.213,0.631,0.367,0.449,0.065496885
0.351,0.601,0.155,0.545,0.036617598
0.22,0.674,0.196,0.62,0.198139606
0.447,0.485,0.304,0.539,0.003693033
0.366,0.49,0.249,0.553,0.027206243
0.334,0.43,0.43,0.454,0.00641173
0.313,0.429,0.338,0.4,0.0
0.153,0.609,0.43,0.544,0.308204904
0.21,0.676,0.176,0.665,0.23754529
0.335,0.379,0.357,0.364,0.0
0.177,0.567,0.367,0.427,0.080369245
0.296,0.382,0.213,0.619,0.050665965
0.265,0.565,0.337,0.515,0.084393322
0.342,0.494,0.393,0.397,0.0
0.382,0.413,0.367,0.453,0.003673276
0.419,0.427,0.433,0.497,0.00075075
0.145,0.575,0.208,0.682,0.459176903
0.236,0.6,0.263,0.563,0.144189231
0.296,0.506,0.324,0.404,0.0
0.219,0.619,0.36,0.361,0.0
0.306,0.55,0.204,0.567,0.063306797
0.117,0.559,0.271,0.447,0.174245721
0.299,0.407,0.334,0.388,0.0
0.118,0.601,0.346,0.4,0.0
0.262,0.555,0.268,0.388,0.0
0.162,0.595,0.251,0.617,0.421820602
0.226,0.579,0.367,0.413,0.0
0.245,0.583,0.199,0.671,0.147473641
0.149,0.581,0.343,0.465,0.236223527
0.354,0.424,0.287,0.514,0.019550331
0.391,0.429,0.295,0.489,0.005848427
0.234,0.54,0.394,0.432,0.026582706
0.256,0.52,0.188,0.622,0.124170525
0.257,0.603,0.188,0.594,0.122484952
0.195,0.493,0.155,0.631,0.326075444
0.194,0.604,0.178,0.522,0.280828562
0.395,0.414,0.139,0.539,0.004958899
0.184,0.645,0.274,0.508,0.307867114
0.139,0.497,0.109,0.603,0.455015976
0.206,0.566,0.464,0.481,0.025295638
0.233,0.527,0.291,0.563,0.14675373
0.336,0.416,0.177,0.626,0.03412827
0.22,0.626,0.365,0.555,0.175746256
0.334,0.598,0.198,0.56,0.046160503
0.312,0.466,0.273,0.449,0.015853925
0.317,0.449,0.239,0.599,0.050714152
0.423,0.469,0.271,0.637,0.007860224
0.326,0.518,0.197,0.606,0.052895084
0.398,0.472,0.263,0.543,0.01182503
0.353,0.369,0.433,0.536,0.004260191
0.332,0.446,0.322,0.494,0.024254322
0.268,0.536,0.36,0.4,0.0
0.165,0.628,0.368,0.452,0.170251039
0.275,0.493,0.382,0.514,0.072295554
0.363,0.417,0.211,0.641,0.022248789
0.287,0.539,0.382,0.456,0.030151417
0.34,0.373,0.403,0.505,0.009500501
0.301,0.501,0.251,0.547,0.059908185
0.244,0.629,0.362,0.472,0.069795626
0.227,0.491,0.228,0.546,0.148439303
0.203,0.611,0.284,0.448,0.076828001
0.245,0.631,0.244,0.463,0.059947216
0.23,0.668,0.172,0.522,0.131843302
0.17,0.502,0.319,0.372,0.0
0.361,0.441,0.332,0.462,0.010810699
0.194,0.528,0.379,0.491,0.215814026
0.228,0.682,0.111,0.605,0.175003698
0.3,0.502,0.144,0.616,0.072473845
0.391,0.515,0.302,0.568,0.019694891
0.24,0.622,0.202,0.664,0.156779949
0.129,0.617,0.335,0.44,0.110504761
0.207,0.473,0.201,0.594,0.231976346
0.275,0.418,0.202,0.566,0.081137824
0.38,0.446,0.211,0.596,0.019310843
0.369,0.461,0.32,0.432,0.004051061
0.393,0.526,0.255,0.526,0.015610582
0.338,0.45,0.399,0.399,0.0
0.245,0.573,0.236,0.548,0.122323527
0.243,0.549,0.281,0.487,0.081374903
0.274,0.678,0.122,0.574,0.100303625
0.3,0.596,0.181,0.569,0.070448074
0.342,0.494,0.404,0.522,0.031197552
0.314,0.581,0.24,0.39,0.0
0.299,0.493,0.324,0.422,0.011331116
0.216,0.508,0.352,0.452,0.068206426
0.387,0.447,0.318,0.487,0.008196567
0.162,0.578,0.267,0.508,0.329790643
0.327,0.375,0.314,0.588,0.021538035
0.396,0.398,0.44,0.469,0.000202866
0.311,0.483,0.134,0.602,0.059848433
0.288,0.462,0.318,0.524,0.061301264
0.179,0.661,0.347,0.409,0.0
0.253,0.559,0.24,0.588,0.124654802
0.262,0.548,0.315,0.457,0.044340008
0.378,0.438,0.327,0.493,0.010922492
0.21,0.486,0.353,0.503,0.153517706
0.204,0.486,0.236,0.66,0.259979598
0.191,0.604,0.273,0.455,0.147946353
0.168,0.612,0.16,0.639,0.416833272
0.208,0.635,0.267,0.548,0.211116781
0.214,0.535,0.23,0.494,0.131444798
0.279,0.603,0.267,0.533,0.080335033
0.251,0.581,0.113,0.595,0.130023289
0.25,0.53,0.414,0.442,0.029400186
0.268,0.528,0.222,0.52,0.08327828
0.403,0.409,0.217,0.609,0.00191205
0.225,0.577,0.309,0.533,0.148892259
0.306,0.406,0.189,0.499,0.032099126
0.38,0.56,0.316,0.544,0.024330457
0.311,0.531,0.377,0.409,0.0
0.129,0.479,0.232,0.601,0.480381967
0.174,0.66,0.165,0.534,0.359381648
0.302,0.524,0.186,0.556,0.062916484
0.253,0.547,0.235,0.593,0.125151126
0.386,0.556,0.216,0.524,0.019126769
0.405,0.441,0.214,0.634,0.008719875
0.307,0.416,0.328,0.54,0.044004146
0.169,0.565,0.266,0.582,0.399196438
0.196,0.57,0.268,0.494,0.210330855
0.302,0.556,0.227,0.617,0.074332409
0.368,0.408,0.27,0.551,0.01509932
0.184,0.538,0.317,0.57,0.371378223
0.204,0.638,0.297,0.553,0.236285688
0.244,0.642,0.205,0.574,0.13587557
0.124,0.586,0.179,0.571,0.491079427
0.265,0.591,0.228,0.486,0.065169215
0.324,0.36,0.142,0.637,0.018333615
0.218,0.632,0.231,0.499,0.13144528
0.226,0.554,0.226,0.48,0.09529172
0.276,0.544,0.151,0.649,0.104663081
0.4,0.422,0.395,0.417,0.0
0.373,0.503,0.283,0.499,0.017833437
0.31,0.424,0.355,0.477,0.02577606
0.213,0.615,0.448,0.456,0.017344823
0.187,0.523,0.297,0.439,0.08038081
0.362,0.416,0.397,0.461,0.008735777
0.334,0.446,0.342,0.446,0.009790103
0.119,0.613,0.299,0.515,0.436359992
0.228,0.488,0.425,0.427,0.0
0.281,0.461,0.238,0.518,0.065731073
0.139,0.629,0.345,0.577,0.449330421
0.228,0.548,0.369,0.463,0.0738915
0.235,0.537,0.32,0.412,0.0
0.362,0.386,0.106,0.575,0.010452189
0.24,0.504,0.211,0.633,0.148417137
0.38,0.438,0.23,0.666,0.019244827
0.317,0.497,0.308,0.5,0.035151757
0.29,0.45,0.23,0.692,0.07942093
0.402,0.442,0.245,0.567,0.008336309
0.321,0.421,0.18,0.555,0.038392316
0.119,0.619,0.192,0.596,0.538465319
0.339,0.433,0.381,0.451,0.01065361
0.182,0.556,0.273,0.479,0.246017003
0.211,0.513,0.117,0.587,0.21534806
0.177,0.569,0.273,0.519,0.338065755
0.212,0.568,0.294,0.644,0.225315973
0.271,0.469,0.22,0.62,0.101800787
0.449,0.467,0.224,0.606,0.002445478
0.356,0.369,0.353,0.511,0.003895417
0.269,0.611,0.343,0.527,0.088094546
0.212,0.643,0.325,0.533,0.183955834
0.326,0.434,0.16,0.588,0.041513373
0.224,0.484,0.181,0.675,0.183703335
0.161,0.639,0.353,0.521,0.355576822
0.251,0.583,0.268,0.46,0.052641622
0.236,0.576,0.29,0.478,0.081837014
0.14,0.558,0.234,0.472,0.266403856
0.337,0.475,0.2,0.501,0.026585597
0.402,0.422,0.204,0.584,0.005309699
0.237,0.707,0.323,0.497,0.098148231
0.144,0.636,0.313,0.561,0.427250285
0.393,0.427,0.317,0.523,0.007194765
0.216,0.567,0.198,0.564,0.190200838
0.377,0.405,0.351,0.502,0.00795997
0.418,0.425,0.434,0.528,0.000914585
0.411,0.51,0.347,0.461,0.004725675
0.403,0.423,0.191,0.649,0.005830598
0.382,0.444,0.169,0.553,0.015688644
0.219,0.613,0.189,0.58,0.190463937
0.343,0.395,0.267,0.377,0.0
0.249,0.518,0.315,0.515,0.097156548
0.331,0.409,0.379,0.463,0.013953439
0.315,0.349,0.385,0.465,0.007568694
0.393,0.471,0.282,0.528,0.012286659
0.154,0.653,0.3,0.57,0.41741055
0.388,0.488,0.168,0.652,0.022257463
0.192,0.639,0.375,0.455,0.143470767
0.255,0.499,0.259,0.559,0.110464766
0.269,0.515,0.269,0.585,0.103496479
0.421,0.437,0.23,0.542,0.002452706
0.383,0.391,0.414,0.45,0.001159373
0.136,0.584,0.326,0.466,0.251734362
0.228,0.71,0.336,0.462,0.073751276
0.354,0.418,0.331,0.363,0.0
0.292,0.492,0.376,0.444,0.018011728
0.396,0.424,0.342,0.44,0.001262975
0.224,0.702,0.294,0.448,0.053232874
0.297,0.445,0.251,0.583,0.064820343
0.199,0.6,0.3,0.546,0.264308696
0.389,0.457,0.189,0.633,0.017541907
0.244,0.528,0.257,0.515,0.103464676
0.206,0.662,0.316,0.55,0.223286346
0.164,0.634,0.418,0.522,0.353449859
0.213,0.672,0.416,0.47,0.105303001
0.239,0.415,0.321,0.433,0.022951352
0.368,0.386,0.36,0.506,0.006240185
0.262,0.58,0.177,0.627,0.120894308
0.301,0.489,0.402,0.486,0.037338954
0.215,0.605,0.38,0.38,0.0
0.207,0.685,0.253,0.506,0.17237752
0.27,0.518,0.256,0.602,0.105590676
0.361,0.456,0.254,0.462,0.011586506
0.171,0.663,0.279,0.435,0.082116497
0.363,0.415,0.341,0.401,0.0
0.373,0.551,0.247,0.623,0.033744704
0.254,0.586,0.316,0.504,0.086739053
0.351,0.405,0.338,0.5,0.015259782
0.385,0.41,0.364,0.578,0.009112116
0.339,0.519,0.397,0.427,0.007052614
0.129,0.587,0.206,0.576,0.475064558
0.141,0.637,0.272,0.602,0.456697212
0.367,0.471,0.358,0.378,0.0
0.185,0.675,0.185,0.683,0.394614841
0.339,0.457,0.113,0.565,0.035802278
0.391,0.421,0.144,0.626,0.009947674
0.225,0.431,0.198,0.616,0.168400667
0.229,0.483,0.282,0.614,0.166046744
0.263,0.621,0.226,0.544,0.101037509
0.243,0.601,0.264,0.474,0.071875848
0.366,0.416,0.414,0.46,0.007928167
0.348,0.481,0.221,0.547,0.032194536
0.226,0.482,0.148,0.574,0.162963755
0.381,0.549,0.176,0.591,0.028017226
0.266,0.594,0.365,0.429,0.019435164
0.303,0.485,0.246,0.44,0.012198959
0.341,0.492,0.213,0.55,0.036342452
0.143,0.619,0.273,0.463,0.235134024
0.358,0.466,0.371,0.462,0.012647096
0.412,0.474,0.321,0.471,0.00414888
0.259,0.587,0.306,0.426,0.020733316
0.32,0.486,0.29,0.531,0.042087759
0.267,0.502,0.424,0.466,0.029759659
0.373,0.495,0.393,0.432,0.004248144
0.353,0.467,0.267,0.555,0.03017792
0.255,0.379,0.221,0.451,0.031446195
0.191,0.595,0.345,0.501,0.258830344
0.3,0.436,0.373,0.475,0.030453548
0.41,0.418,0.361,0.577,0.001959755
0.23,0.612,0.188,0.666,0.176504716
0.241,0.629,0.319,0.415,0.0
0.337,0.395,0.37,0.384,0.0
0.119,0.601,0.382,0.416,0.0
0.22,0.578,0.233,0.561,0.178040428
0.304,0.368,0.185,0.618,0.036573748
0.359,0.517,0.251,0.511,0.025055186
0.362,0.476,0.253,0.591,0.030747487
0.135,0.623,0.328,0.518,0.390933855
0.436,0.52,0.169,0.639,0.010263779
0.241,0.453,0.364,0.513,0.101199898
0.243,0.589,0.18,0.566,0.13380354
0.337,0.592,0.331,0.509,0.033368365
0.208,0.581,0.215,0.502,0.160852694
0.387,0.406,0.223,0.629,0.007573994
0.33,0.424,0.205,0.543,0.032219593
0.34,0.468,0.221,0.499,0.02485232
0.167,0.569,0.273,0.543,0.37196562
0.41,0.414,0.311,0.431,0.000140223
0.394,0.538,0.372,0.474,0.009044172
0.314,0.576,0.251,0.543,0.052878701
0.187,0.621,0.266,0.552,0.351507932
0.238,0.52,0.379,0.513,0.109651374
0.198,0.688,0.375,0.463,0.140012885
0.207,0.687,0.177,0.636,0.249452719
0.307,0.363,0.209,0.651,0.032726999
0.137,0.609,0.261,0.505,0.35344504
0.206,0.62,0.298,0.442,0.055083727
0.249,0.397,0.215,0.675,0.115980222
0.142,0.632,0.231,0.549,0.418273575
0.376,0.462,0.23,0.58,0.022572604
0.365,0.561,0.142,0.578,0.034537376
0.358,0.5,0.311,0.455,0.011794191
0.248,0.586,0.258,0.506,0.0934958
0.209,0.599,0.353,0.359,0.0
0.307,0.489,0.314,0.512,0.044442164
0.174,0.634,0.342,0.4,0.0
0.136,0.632,0.219,0.625,0.47427044
0.33,0.461,0.285,0.507,0.029513906
0.22,0.666,0.387,0.433,0.032432578
0.2,0.592,0.37,0.469,0.142368736
0.104,0.585,0.44,0.445,0.046582619
0.214,0.582,0.396,0.426,0.035269815
0.25,0.552,0.293,0.513,0.096273284
0.4,0.456,0.239,0.537,0.009261976
0.256,0.52,0.138,0.564,0.112117572
0.413,0.443,0.147,0.569,0.005467751
0.336,0.402,0.297,0.637,0.029996256
0.372,0.408,0.43,0.434,0.0
0.377,0.415,0.257,0.505,0.010024291
0.162,0.614,0.377,0.401,0.0
0.182,0.636,0.358,0.422,0.077306977
0.174,0.669,0.256,0.45,0.15376394
0.171,0.643,0.277,0.523,0.348727556
0.323,0.421,0.195,0.509,0.028898562
0.24,0.57,0.329,0.442,0.033040695
0.386,0.446,0.276,0.36,0.0
0.333,0.575,0.257,0.595,0.050928583
0.175,0.538,0.306,0.486,0.264775626
0.297,0.581,0.219,0.695,0.083814117
0.258,0.612,0.377,0.483,0.068259914
0.407,0.436,0.166,0.584,0.006427631
0.272,0.694,0.166,0.61,0.109582467
0.281,0.445,0.304,0.554,0.075867639
0.245,0.657,0.203,0.458,0.054428387
0.216,0.434,0.156,0.532,0.160220483
0.238,0.532,0.382,0.448,0.043103536
0.266,0.5,0.203,0.606,0.10897194
0.376,0.56,0.26,0.592,0.03112479
0.269,0.497,0.098,0.586,0.102253743
0.332,0.438,0.395,0.401,0.0
0.191,0.568,0.241,0.447,0.112000478
0.26,0.682,0.324,0.457,0.046034736
0.3,0.558,0.289,0.457,0.026474286
0.201,0.575,0.324,0.568,0.265886812
0.328,0.522,0.241,0.521,0.037864671
0.178,0.504,0.393,0.451,0.155143045
0.142,0.592,0.323,0.537,0.403530836
0.176,0.583,0.166,0.605,0.400067654
0.35,0.41,0.352,0.441,0.005054309
0.218,0.536,0.356,0.42,0.032925529
0.313,0.431,0.264,0.574,0.047984854
0.265,0.427,0.32,0.498,0.065735891
0.136,0.62,0.295,0.521,0.393471369
0.41,0.464,0.183,0.575,0.009163194
0.2,0.586,0.234,0.61,0.288175115
0.331,0.461,0.344,0.471,0.019566232
0.169,0.571,0.162,0.524,0.351452036
0.186,0.638,0.415,0.485,0.248379118
0.165,0.559,0.234,0.534,0.365652191
0.243,0.683,0.361,0.435,0.024423458
0.217,0.551,0.167,0.607,0.20141245
0.369,0.403,0.163,0.599,0.014855977
0.247,0.528,0.241,0.631,0.138306592
0.185,0.524,0.289,0.551,0.35386571
0.41,0.423,0.374,0.54,0.002533178
0.338,0.476,0.238,0.554,0.036834438
0.173,0.593,0.307,0.429,0.081667397
0.313,0.455,0.321,0.533,0.043784896
0.255,0.489,0.282,0.494,0.074973774
0.162,0.614,0.244,0.614,0.421539673
0.318,0.398,0.247,0.471,0.017941857
0.325,0.559,0.18,0.61,0.056253219
0.297,0.527,0.192,0.57,0.070559386
0.401,0.439,0.286,0.468,0.003395721
0.179,0.553,0.189,0.667,0.403770806
0.296,0.555,0.115,0.603,0.078401298
0.248,0.623,0.065,0.557,0.123279552
0.342,0.485,0.182,0.62,0.042133054
0.16,0.539,0.224,0.494,0.292277253
0.183,0.507,0.305,0.459,0.190191682
0.311,0.415,0.379,0.389,0.0
0.295,0.501,0.391,0.393,0.0
0.412,0.47,0.322,0.472,0.004062625
0.19,0.59,0.199,0.623,0.364971794
0.292,0.566,0.348,0.41,0.0
0.392,0.462,0.23,0.504,0.009713968
0.245,0.543,0.299,0.455,0.049336011
0.31,0.505,0.262,0.53,0.049194823
0.226,0.601,0.171,0.639,0.183824766
0.225,0.505,0.445,0.454,0.017599249
0.249,0.547,0.158,0.504,0.09020609
0.211,0.671,0.193,0.609,0.226214656
0.246,0.53,0.306,0.456,0.049670427
0.312,0.428,0.186,0.505,0.033948052
0.123,0.607,0.2,0.521,0.430741416
0.256,0.678,0.349,0.413,0.0
0.376,0.566,0.178,0.67,0.034417391
0.378,0.379,0.133,0.549,0.000416334
0.225,0.533,0.279,0.43,0.029845431
0.357,0.51,0.223,0.691,0.039563736
0.241,0.488,0.136,0.568,0.132087609
0.21,0.484,0.275,0.509,0.161812574
0.259,0.487,0.331,0.467,0.053303226
0.252,0.534,0.174,0.57,0.119894432
0.269,0.453,0.122,0.606,0.100384579
0.279,0.585,0.295,0.52,0.07455455
0.322,0.456,0.169,0.544,0.040920675
0.319,0.449,0.36,0.486,0.026620292
0.293,0.569,0.371,0.429,0.013070658
0.254,0.422,0.289,0.499,0.074077019
0.341,0.447,0.371,0.545,0.03112479
0.168,0.614,0.273,0.534,0.36411166
0.344,0.376,0.194,0.509,0.009693248
0.323,0.503,0.283,0.487,0.028481746
0.371,0.389,0.34,0.432,0.001539567
0.214,0.547,0.39,0.452,0.071173767
0.361,0.473,0.295,0.391,0.0
0.307,0.571,0.287,0.419,0.010727818
0.37,0.43,0.246,0.59,0.021033037
0.327,0.419,0.434,0.454,0.006766866
0.22,0.524,0.329,0.37,0.0
0.277,0.497,0.209,0.609,0.096666007
0.38,0.482,0.221,0.473,0.010467127
0.294,0.496,0.244,0.556,0.068149084
0.398,0.424,0.156,0.632,0.00775855
0.193,0.559,0.262,0.626,0.344689506
0.228,0.474,0.183,0.654,0.171597377
0.145,0.517,0.402,0.412,0.0
0.295,0.595,0.331,0.456,0.027651488
0.35,0.526,0.222,0.592,0.040181491
0.157,0.617,0.429,0.447,0.05984506
0.386,0.452,0.217,0.689,0.018856442
0.321,0.539,0.358,0.402,0.0
0.331,0.517,0.264,0.662,0.052554886
0.419,0.461,0.256,0.64,0.007801436
0.387,0.475,0.326,0.478,0.009083204
0.402,0.406,0.222,0.609,0.001281286
0.199,0.521,0.121,0.549,0.264114503
0.213,0.66,0.379,0.393,0.0
0.385,0.395,0.309,0.497,0.00285362
0.236,0.548,0.268,0.574,0.146506051
0.17,0.544,0.309,0.583,0.397394735
0.294,0.52,0.347,0.504,0.051542964
0.346,0.474,0.386,0.421,0.006014189
0.195,0.631,0.42,0.48,0.138018435
0.305,0.378,0.32,0.44,0.00760387
0.169,0.653,0.321,0.445,0.126404463
0.441,0.465,0.093,0.581,0.003224658
0.222,0.662,0.27,0.492,0.11457076
0.213,0.619,0.283,0.541,0.186646582
0.348,0.408,0.266,0.61,0.025552473
0.211,0.486,0.386,0.434,0.036367991
0.283,0.551,0.298,0.419,0.01500391
0.303,0.471,0.197,0.641,0.067912005
0.248,0.488,0.16,0.606,0.13027916
0.267,0.56,0.238,0.466,0.049630432
0.287,0.583,0.334,0.472,0.041489761
0.27,0.518,0.21,0.502,0.070537702
0.371,0.479,0.209,0.551,0.024123736
0.193,0.629,0.43,0.43,0.0
0.305,0.426,0.31,0.534,0.045968238
0.289,0.467,0.339,0.427,0.012784428
0.391,0.429,0.216,0.478,0.005091413
0.215,0.642,0.327,0.437,0.034853963
0.132,0.598,0.264,0.43,0.092247281
0.268,0.55,0.407,0.465,0.048278793
0.279,0.551,0.213,0.601,0.096745997
0.314,0.442,0.183,0.609,0.052625239
0.154,0.576,0.226,0.528,0.372944775
0.223,0.578,0.217,0.526,0.148385334
0.258,0.488,0.279,0.559,0.106157834
0.225,0.585,0.225,0.667,0.187971718
0.27,0.6,0.186,0.526,0.086603648
0.183,0.546,0.242,0.554,0.362802426
0.172,0.632,0.394,0.428,0.081948807
0.321,0.447,0.332,0.444,0.010770704
0.329,0.515,0.379,0.42,0.007749876
0.175,0.555,0.132,0.607,0.400590962
0.326,0.445,0.351,0.385,0.0
0.39,0.412,0.283,0.613,0.008010085
0.297,0.491,0.333,0.485,0.039325212
0.3,0.514,0.303,0.591,0.070659132
0.227,0.509,0.183,0.569,0.161038213
0.307,0.407,0.169,0.595,0.049302762
0.165,0.652,0.258,0.708,0.426028751
0.328,0.441,0.38,0.556,0.03781022
0.378,0.52,0.312,0.377,0.0
0.311,0.447,0.357,0.486,0.029844949
0.242,0.602,0.183,0.521,0.112231774
0.38,0.468,0.39,0.456,0.007148505
0.437,0.441,0.252,0.534,0.000524754
0.197,0.6,0.336,0.384,0.0
0.211,0.589,0.18,0.662,0.231582178
0.342,0.486,0.149,0.643,0.04317437
0.305,0.481,0.401,0.535,0.05224119
0.286,0.464,0.289,0.495,0.049811614
0.224,0.56,0.239,0.573,0.172590506
0.238,0.48,0.193,0.621,0.148187768
0.352,0.366,0.227,0.559,0.005257657
0.232,0.703,0.415,0.449,0.04897461
0.245,0.627,0.314,0.456,0.051282274
0.399,0.549,0.217,0.351,0.0
0.273,0.54,0.167,0.661,0.10865198
0.297,0.493,0.303,0.493,0.043046193
0.313,0.509,0.212,0.513,0.042599502
0.284,0.398,0.311,0.577,0.066902975
0.37,0.434,0.375,0.433,0.003405358
0.302,0.508,0.222,0.534,0.05619154
0.186,0.596,0.277,0.508,0.302362259
0.315,0.561,0.389,0.437,0.009596874
0.348,0.48,0.243,0.647,0.039723235
0.227,0.665,0.326,0.452,0.058816273
0.211,0.597,0.336,0.462,0.096691064
0.275,0.558,0.358,0.455,0.035919372
0.138,0.6,0.18,0.608,0.464621524
0.31,0.506,0.189,0.559,0.056280204
0.317,0.505,0.298,0.584,0.055190701
0.336,0.41,0.294,0.484,0.01723062
0.315,0.387,0.353,0.371,0.0
0.23,0.592,0.228,0.566,0.156918727
0.297,0.436,0.183,0.675,0.06919811
0.216,0.63,0.359,0.407,0.0
0.184,0.504,0.342,0.518,0.322922585
0.338,0.382,0.166,0.657,0.020492864
0.387,0.391,0.39,0.498,0.001207078
0.236,0.674,0.271,0.599,0.156582865
0.174,0.62,0.342,0.365,0.0
0.395,0.426,0.311,0.463,0.003139849
0.226,0.686,0.188,0.62,0.182545408
0.135,0.487,0.231,0.569,0.446233458
0.118,0.6,0.332,0.572,0.53256726
0.374,0.438,0.243,0.543,0.017571301
0.286,0.498,0.279,0.455,0.029117811
0.306,0.596,0.459,0.467,0.004183574
0.301,0.539,0.385,0.419,0.011467484
0.24,0.646,0.304,0.532,0.122489771
0.182,0.611,0.2,0.638,0.397814923
0.241,0.478,0.221,0.653,0.14552015
0.192,0.544,0.28,0.572,0.334914341
0.217,0.533,0.373,0.395,0.0
0.241,0.465,0.171,0.639,0.142883852
0.187,0.629,0.359,0.381,0.0
0.113,0.559,0.299,0.445,0.163613313
0.228,0.594,0.111,0.568,0.16236624
0.151,0.627,0.253,0.305,0.0
0.221,0.564,0.235,0.555,0.171654237
0.29,0.48,0.382,0.39,0.0
0.343,0.374,0.376,0.546,0.011410624
0.388,0.49,0.223,0.631,0.022054115
0.205,0.659,0.239,0.579,0.246602954
0.209,0.505,0.248,0.534,0.19234033
0.323,0.572,0.34,0.432,0.008765653
0.353,0.489,0.367,0.491,0.020795477
0.228,0.474,0.197,0.677,0.172772652
0.202,0.658,0.383,0.475,0.142632317
0.159,0.61,0.333,0.588,0.417905428
0.301,0.479,0.298,0.53,0.053746063
0.351,0.456,0.454,0.463,0.00245126
0.33,0.478,0.267,0.601,0.046325784
0.373,0.403,0.341,0.464,0.005694229
0.186,0.602,0.208,0.533,0.337434508
0.217,0.551,0.158,0.6,0.199674354
0.428,0.454,0.14,0.504,0.002511012
0.331,0.501,0.191,0.669,0.051307331
0.266,0.61,0.172,0.659,0.119569654
0.189,0.653,0.28,0.582,0.361269124
0.144,0.619,0.395,0.423,0.087864214
0.367,0.493,0.295,0.503,0.020026898
0.326,0.508,0.401,0.413,0.0
0.381,0.385,0.261,0.445,0.000512707
0.222,0.61,0.183,0.643,0.194661004
0.369,0.461,0.391,0.395,0.0
0.298,0.462,0.236,0.576,0.065139339
0.34,0.51,0.325,0.523,0.033028167
0.307,0.497,0.396,0.418,0.0
0.188,0.571,0.35,0.376,0.0
0.355,0.633,0.345,0.497,0.025216612
0.376,0.452,0.18,0.658,0.023658734
0.341,0.443,0.238,0.565,0.033166463
0.378,0.546,0.233,0.565,0.027008677
0.242,0.594,0.155,0.629,0.149747092
0.328,0.346,0.368,0.445,0.001915424
0.448,0.492,0.19,0.56,0.004598944
0.2,0.537,0.216,0.533,0.243767645
0.347,0.509,0.358,0.578,0.038838044
0.267,0.404,0.324,0.4,0.0
0.208,0.566,0.236,0.686,0.245250834
0.183,0.565,0.279,0.559,0.36791215
0.213,0.459,0.228,0.558,0.189614887
0.343,0.499,0.169,0.557,0.03717271
0.338,0.4,0.395,0.399,0.0
0.386,0.406,0.393,0.408,0.0
0.137,0.595,0.289,0.441,0.111491626
0.295,0.547,0.372,0.424,0.012577707
0.367,0.389,0.265,0.491,0.006551471
0.202,0.545,0.329,0.555,0.248711125
0.229,0.46,0.341,0.521,0.126179913
0.302,0.556,0.184,0.678,0.077462138
0.386,0.456,0.332,0.4,0.0
0.259,0.455,0.387,0.447,0.031708331
0.21,0.497,0.326,0.481,0.122879602
0.107,0.569,0.254,0.562,0.713959559
0.281,0.553,0.352,0.392,0.0
0.243,0.507,0.281,0.501,0.092166327
0.259,0.751,0.163,0.587,0.119934909
0.249,0.577,0.125,0.559,0.122007904
0.28,0.576,0.265,0.615,0.098519751
0.321,0.537,0.349,0.499,0.034622666
0.4,0.526,0.326,0.55,0.015631302
0.25,0.508,0.416,0.538,0.107971101
0.223,0.486,0.23,0.524,0.142938303
0.342,0.496,0.315,0.535,0.033790963
0.149,0.583,0.19,0.548,0.403283638
0.227,0.573,0.332,0.452,0.058420178
0.185,0.634,0.292,0.58,0.376853202
0.423,0.525,0.269,0.591,0.012181612
0.399,0.407,0.199,0.522,0.001862418
0.237,0.663,0.162,0.538,0.130446368
0.206,0.524,0.245,0.512,0.183361209
0.258,0.604,0.164,0.612,0.124498677
0.224,0.61,0.158,0.65,0.190088081
0.218,0.595,0.184,0.538,0.169128769
0.234,0.66,0.269,0.569,0.151092466
0.18,0.552,0.277,0.535,0.351785488
0.262,0.574,0.248,0.586,0.11432308
0.406,0.44,0.205,0.585,0.007424134
0.251,0.437,0.38,0.407,0.0
0.206,0.588,0.319,0.503,0.171392101
0.282,0.416,0.338,0.4,0.0
0.32,0.558,0.259,0.506,0.038191859
0.381,0.589,0.426,0.514,0.016203279
0.418,0.482,0.197,0.59,0.009655662
0.278,0.554,0.288,0.458,0.037102839
0.282,0.506,0.27,0.51,0.064025743
0.242,0.614,0.237,0.587,0.142734955
0.135,0.631,0.351,0.435,0.091107182
0.455,0.5,0.384,0.434,0.00076376
0.132,0.618,0.227,0.649,0.488361212
0.238,0.648,0.218,0.432,0.025725464
0.356,0.426,0.15,0.612,0.026820749
0.232,0.54,0.201,0.576,0.154550348
0.363,0.403,0.226,0.56,0.016051972
0.204,0.596,0.428,0.438,0.002333203
0.35,0.49,0.231,0.512,0.026415498
0.359,0.395,0.288,0.553,0.014672385
0.354,0.51,0.243,0.539,0.031087204
0.361,0.487,0.149,0.625,0.034057436
0.163,0.661,0.11,0.591,0.413357562
0.253,0.557,0.193,0.575,0.121305823
0.391,0.473,0.23,0.564,0.015875127
0.216,0.58,0.127,0.591,0.201911183
0.263,0.525,0.186,0.641,0.117664831
0.249,0.413,0.206,0.622,0.118634349
0.365,0.431,0.217,0.547,0.020391672
0.336,0.424,0.365,0.445,0.008402325
0.271,0.517,0.136,0.612,0.105782941
0.335,0.47,0.339,0.519,0.031379698
0.261,0.678,0.257,0.471,0.057563417
0.504,0.516,0.38,0.466,0.000315141
0.257,0.563,0.32,0.608,0.12362746
0.336,0.532,0.143,0.615,0.048705246
0.393,0.451,0.311,0.525,0.010161141
0.214,0.624,0.283,0.633,0.217977611
0.281,0.619,0.177,0.613,0.09834146
0.139,0.639,0.316,0.512,0.368786258
0.13,0.578,0.094,0.534,0.427183788
0.325,0.427,0.36,0.514,0.030075282
0.296,0.498,0.282,0.566,0.068660827
0.395,0.453,0.173,0.571,0.012359903
0.309,0.405,0.36,0.422,0.007714218
0.304,0.498,0.142,0.536,0.054505486
0.363,0.445,0.217,0.625,0.027742079
0.345,0.429,0.342,0.47,0.01448783
0.201,0.633,0.374,0.514,0.218116871
0.179,0.651,0.347,0.363,0.0
0.157,0.601,0.315,0.547,0.390070348
0.177,0.63,0.248,0.496,0.286036104
0.302,0.364,0.2,0.626,0.036970325
0.231,0.575,0.295,0.527,0.132704882
0.287,0.514,0.18,0.662,0.08978542
0.377,0.39,0.231,0.647,0.006435341
0.178,0.572,0.163,0.56,0.377429034
0.374,0.43,0.366,0.459,0.007158143
0.287,0.517,0.209,0.531,0.068587102
0.33,0.434,0.228,0.67,0.042552279
0.417,0.485,0.204,0.6,0.010476283
0.415,0.431,0.274,0.51,0.00215443
0.215,0.552,0.366,0.463,0.090621942
0.316,0.426,0.3,0.647,0.049888713
0.3,0.45,0.321,0.509,0.045031006
0.272,0.572,0.239,0.621,0.108799432
0.316,0.476,0.25,0.482,0.028281289
0.236,0.54,0.37,0.454,0.053492118
0.288,0.558,0.345,0.373,0.0
0.335,0.485,0.436,0.494,0.019057862
0.362,0.394,0.195,0.488,0.008872627
0.196,0.635,0.252,0.676,0.329011463
0.347,0.511,0.405,0.426,0.006456543
0.338,0.61,0.234,0.518,0.035798423
0.246,0.598,0.2,0.618,0.141691712
0.194,0.593,0.379,0.417,0.0
0.331,0.559,0.364,0.426,0.007951779
0.211,0.679,0.367,0.522,0.177870328
0.235,0.587,0.263,0.503,0.106806428
0.274,0.694,0.316,0.492,0.063284149
0.342,0.502,0.332,0.575,0.040134268
0.355,0.389,0.148,0.532,0.012763708
0.226,0.596,0.128,0.618,0.181003431
0.396,0.494,0.25,0.634,0.018971608
0.323,0.419,0.209,0.607,0.041718648
0.235,0.483,0.349,0.541,0.129511545
0.314,0.464,0.314,0.38,0.0
0.244,0.506,0.399,0.417,0.0
0.212,0.58,0.137,0.631,0.224486679
0.18,0.672,0.264,0.456,0.180868027
0.183,0.675,0.177,0.659,0.398420149
0.378,0.484,0.341,0.474,0.011227514
0.162,0.558,0.157,0.571,0.402419168
0.337,0.459,0.332,0.468,0.017467217
0.337,0.498,0.13,0.576,0.042136427
0.433,0.461,0.227,0.691,0.004894811
0.233,0.585,0.429,0.551,0.116342105
0.409,0.445,0.319,0.581,0.007197174
0.225,0.543,0.311,0.557,0.161993274
0.272,0.494,0.355,0.531,0.08271064
0.187,0.639,0.177,0.589,0.373664203
0.382,0.417,0.233,0.561,0.011729138
0.209,0.435,0.211,0.493,0.137547169
0.332,0.394,0.358,0.41,0.0
0.239,0.559,0.23,0.572,0.141313928
0.347,0.501,0.171,0.625,0.041629984
0.338,0.516,0.323,0.505,0.029629073
0.234,0.574,0.221,0.523,0.124551682
0.396,0.605,0.379,0.451,0.006009852
0.315,0.525,0.292,0.496,0.035699159
0.23,0.538,0.369,0.375,0.0
0.304,0.588,0.188,0.621,0.07431988
0.208,0.626,0.268,0.454,0.084740748
0.346,0.592,0.38,0.552,0.039464472
0.194,0.578,0.25,0.604,0.334183348
0.366,0.492,0.273,0.581,0.030096484
0.303,0.413,0.321,0.584,0.053431403
0.327,0.349,0.452,0.46,0.000671242
0.173,0.55,0.281,0.467,0.230012736
0.363,0.403,0.233,0.627,0.017783804
0.289,0.581,0.346,0.514,0.062181154
0.309,0.497,0.173,0.655,0.066240888
0.133,0.601,0.161,0.643,0.484218114
0.289,0.503,0.334,0.441,0.016077511
0.176,0.658,0.257,0.617,0.404389043
0.313,0.481,0.191,0.545,0.048989066
0.155,0.601,0.268,0.452,0.174108388
0.238,0.528,0.413,0.419,0.02520842
0.168,0.604,0.158,0.618,0.413067959
0.276,0.561,0.195,0.577,0.096493498
0.338,0.506,0.355,0.523,0.033484495
0.371,0.457,0.221,0.575,0.023823051
0.22,0.44,0.323,0.331,0.0
0.312,0.464,0.429,0.493,0.024293835
0.109,0.609,0.252,0.544,0.638396942
0.19,0.602,0.366,0.378,0.0
0.399,0.403,0.347,0.569,0.001245146
0.406,0.422,0.451,0.497,0.001293814
0.275,0.524,0.26,0.57,0.09417957
0.179,0.518,0.308,0.562,0.374829841
0.319,0.377,0.361,0.505,0.018735493
0.327,0.491,0.191,0.619,0.050794624
0.377,0.431,0.341,0.501,0.011577832
0.184,0.572,0.287,0.515,0.320299298
0.351,0.483,0.295,0.747,0.039782022
0.144,0.637,0.395,0.471,0.258854437
0.261,0.51,0.211,0.597,0.113926021
0.289,0.569,0.357,0.446,0.021372754
0.21,0.543,0.266,0.48,0.12314222
0.388,0.409,0.364,0.466,0.0031013
0.379,0.433,0.269,0.581,0.016996915
0.385,0.451,0.229,0.543,0.014476265
0.241,0.549,0.213,0.567,0.135726191
0.226,0.64,0.334,0.444,0.043204246
0.306,0.572,0.279,0.517,0.05032143
0.126,0.61,0.29,0.592,0.495248545
0.289,0.603,0.293,0.55,0.075959194
0.22,0.604,0.336,0.486,0.111290205
0.43,0.492,0.175,0.542,0.006590021
0.319,0.494,0.178,0.524,0.041617938
0.21,0.639,0.271,0.555,0.208075715
0.374,0.416,0.305,0.533,0.013422421
0.311,0.451,0.296,0.526,0.043090525
0.216,0.604,0.319,0.505,0.143457274
0.109,0.561,0.246,0.502,0.496945201
0.328,0.492,0.248,0.482,0.024910626
0.334,0.483,0.296,0.474,0.020794031
0.237,0.397,0.322,0.566,0.122901768
0.247,0.502,0.115,0.595,0.131101708
0.341,0.355,0.224,0.48,0.002972641
0.294,0.438,0.326,0.436,0.011225105
0.17,0.67,0.325,0.621,0.412179877
0.379,0.417,0.195,0.669,0.015118113
0.19,0.616,0.181,0.523,0.307741829
0.245,0.545,0.244,0.618,0.14117274
0.199,0.486,0.189,0.612,0.289569157
0.36,0.47,0.401,0.499,0.019729586
0.26,0.45,0.27,0.356,0.0
0.38,0.421,0.203,0.609,0.01496247
0.361,0.393,0.279,0.291,0.0
0.222,0.508,0.302,0.434,0.030813985
0.209,0.645,0.314,0.436,0.038708903
0.251,0.509,0.186,0.588,0.124439407
0.122,0.616,0.292,0.656,0.531870962
0.265,0.543,0.261,0.533,0.092333053
0.331,0.417,0.129,0.527,0.028275025
0.3,0.458,0.151,0.591,0.064986587
0.189,0.648,0.177,0.619,0.371469778
0.385,0.427,0.43,0.438,9.3482e-05
0.137,0.623,0.4,0.566,0.445815197
0.297,0.479,0.176,0.586,0.069476147
0.258,0.544,0.294,0.58,0.115866501
0.194,0.614,0.281,0.56,0.316400507
0.135,0.543,0.272,0.442,0.122729741
0.196,0.522,0.174,0.648,0.322387712
0.223,0.689,0.287,0.623,0.190641265
0.256,0.57,0.341,0.441,0.025752448
0.216,0.617,0.196,0.652,0.213054371
0.318,0.486,0.389,0.451,0.016091004
0.37,0.541,0.236,0.538,0.026784609
0.145,0.645,0.255,0.549,0.412982669
0.238,0.65,0.205,0.52,0.117579059
0.239,0.603,0.313,0.601,0.150839004
0.313,0.503,0.213,0.635,0.062608089
0.298,0.456,0.183,0.551,0.059327053
0.226,0.619,0.256,0.634,0.183729356
0.184,0.675,0.128,0.552,0.360846526
0.146,0.582,0.36,0.468,0.249588606
0.388,0.466,0.297,0.461,0.006312465
0.17,0.45,0.214,0.618,0.398841301
0.162,0.642,0.33,0.444,0.123359542
0.383,0.399,0.42,0.42,0.0
0.42,0.432,0.146,0.526,0.001753516
0.317,0.515,0.263,0.459,0.021026773
0.35,0.512,0.2,0.637,0.041769244
0.347,0.365,0.292,0.48,0.003947941
0.151,0.615,0.269,0.547,0.399830575
0.233,0.647,0.388,0.444,0.039251486
0.194,0.63,0.283,0.519,0.277827972
0.179,0.621,0.186,0.613,0.399414242
0.241,0.444,0.344,0.564,0.125717802
0.343,0.473,0.293,0.505,0.025755339
0.245,0.551,0.187,0.657,0.145154894
0.171,0.623,0.312,0.476,0.250338873
0.289,0.515,0.303,0.515,0.060333674
0.387,0.495,0.17,0.62,0.022742222
0.147,0.639,0.323,0.409,0.0
0.302,0.454,0.284,0.643,0.066586388
0.261,0.619,0.374,0.448,0.034524847
0.397,0.432,0.364,0.406,0.0
0.376,0.444,0.193,0.681,0.022548993
0.445,0.457,0.254,0.627,0.001800739
0.385,0.407,0.155,0.619,0.008774808
0.307,0.487,0.275,0.593,0.062364746
0.133,0.499,0.102,0.6,0.468536216
0.181,0.509,0.335,0.443,0.110821348
0.261,0.647,0.326,0.38,0.0
0.343,0.457,0.271,0.471,0.016784893
0.278,0.56,0.228,0.608,0.099549984
0.44,0.454,0.129,0.585,0.002008906
0.205,0.567,0.25,0.686,0.26136834
0.319,0.493,0.139,0.527,0.04218365
0.322,0.412,0.287,0.589,0.039350751
0.301,0.521,0.351,0.463,0.028580529
0.168,0.608,0.151,0.643,0.417233222
0.328,0.534,0.138,0.614,0.053189987
0.263,0.506,0.279,0.551,0.099458429
0.377,0.523,0.298,0.492,0.015915122
0.374,0.4,0.182,0.682,0.012188358
0.263,0.505,0.21,0.556,0.101191707
0.392,0.413,0.2,0.581,0.006927328
0.269,0.485,0.257,0.595,0.102711517
0.319,0.581,0.341,0.483,0.030824104
0.257,0.418,0.392,0.56,0.098447953
0.191,0.574,0.218,0.521,0.298774273
0.129,0.567,0.111,0.601,0.486767194
0.261,0.506,0.234,0.516,0.085936743
0.343,0.488,0.17,0.622,0.042084386
0.288,0.46,0.387,0.402,0.0
0.38,0.466,0.222,0.528,0.016820551
0.257,0.451,0.347,0.483,0.063878774
0.213,0.582,0.289,0.481,0.118523037
0.433,0.479,0.246,0.61,0.006601104
0.246,0.57,0.281,0.527,0.109896162
0.221,0.605,0.303,0.485,0.108774375
0.231,0.621,0.366,0.496,0.104733915
0.186,0.679,0.187,0.499,0.27945042
0.384,0.596,0.261,0.527,0.021315894
0.325,0.477,0.362,0.386,0.0
0.33,0.524,0.283,0.489,0.027645224
0.403,0.481,0.209,0.625,0.014813573
0.291,0.595,0.403,0.461,0.032622916
0.327,0.507,0.317,0.488,0.027830743
0.281,0.548,0.111,0.611,0.095499887
0.286,0.472,0.25,0.416,0.0
0.225,0.615,0.241,0.577,0.17346895
0.317,0.482,0.262,0.544,0.04632723
0.117,0.611,0.293,0.519,0.463853909
0.348,0.392,0.276,0.672,0.020525149
0.351,0.486,0.225,0.547,0.031539678
0.207,0.507,0.183,0.587,0.233371353
0.316,0.416,0.292,0.418,0.0
0.169,0.581,0.302,0.448,0.145395828
0.368,0.371,0.379,0.381,0.0
0.274,0.54,0.235,0.627,0.105298182
0.357,0.403,0.249,0.527,0.016076066
0.254,0.49,0.273,0.613,0.123072831
0.401,0.413,0.386,0.478,0.001663889
0.308,0.549,0.174,0.663,0.071309172
0.246,0.5,0.322,0.493,0.082205643
0.263,0.554,0.333,0.497,0.073234714
0.19,0.676,0.439,0.463,0.111455968
0.213,0.567,0.298,0.427,0.035912626
0.348,0.446,0.236,0.536,0.027193714
0.332,0.536,0.256,0.498,0.030230925
0.403,0.411,0.342,0.454,0.000734848
0.241,0.52,0.309,0.549,0.126690693
0.22,0.495,0.295,0.467,0.088239588
0.182,0.51,0.166,0.656,0.394331985
0.205,0.594,0.203,0.613,0.255456307
0.272,0.641,0.279,0.556,0.097073666
0.322,0.462,0.315,0.458,0.017769348
0.261,0.611,0.195,0.531,0.097195097
0.42,0.434,0.266,0.494,0.001470178
0.211,0.453,0.288,0.53,0.17713789
0.199,0.643,0.194,0.55,0.268451793
0.382,0.44,0.191,0.525,0.013056202
0.26,0.546,0.238,0.544,0.10190728
0.249,0.537,0.241,0.496,0.082938081
0.323,0.559,0.33,0.378,0.0
0.188,0.626,0.238,0.574,0.362624135
0.231,0.573,0.257,0.589,0.162142171
0.143,0.551,0.369,0.429,0.087856504
0.346,0.466,0.393,0.533,0.029525953
0.312,0.7,0.283,0.557,0.059314524
0.286,0.532,0.161,0.661,0.09215669
0.206,0.463,0.181,0.614,0.240570936
0.242,0.69,0.286,0.606,0.147838896
0.179,0.657,0.335,0.505,0.308732067
0.213,0.626,0.364,0.43,0.03609959
0.224,0.528,0.113,0.543,0.155364222
0.321,0.535,0.162,0.66,0.060244047
0.275,0.585,0.349,0.585,0.10040819
0.28,0.522,0.271,0.481,0.049787039
0.31,0.503,0.285,0.547,0.053199143
0.256,0.51,0.087,0.561,0.110708109
0.295,0.512,0.351,0.423,0.012295333
0.195,0.695,0.242,0.652,0.33598746
0.321,0.557,0.198,0.633,0.060399208
0.364,0.382,0.29,0.464,0.003936858
0.169,0.666,0.233,0.695,0.420190926
0.318,0.467,0.277,0.393,0.0
0.408,0.41,0.214,0.592,0.000637511
0.153,0.55,0.329,0.549,0.397414973
0.243,0.489,0.365,0.381,0.0
0.36,0.404,0.36,0.478,0.010104763
0.423,0.437,0.378,0.426,0.000358991
0.265,0.351,0.269,0.455,0.02666366
0.322,0.586,0.199,0.641,0.061427995
0.179,0.623,0.269,0.549,0.367737232
0.21,0.708,0.189,0.608,0.230490748
0.2,0.506,0.27,0.572,0.271752586
0.139,0.625,0.231,0.619,0.465663322
0.169,0.615,0.334,0.534,0.36321635
0.418,0.43,0.165,0.643,0.002778448
0.264,0.678,0.38,0.386,0.0
0.37,0.394,0.156,0.634,0.011515671
0.163,0.521,0.215,0.677,0.423250785
0.341,0.389,0.234,0.619,0.021871969
0.372,0.512,0.265,0.611,0.031241884
0.294,0.61,0.274,0.389,0.0
0.224,0.472,0.234,0.704,0.18298198
0.203,0.576,0.105,0.569,0.252401748
0.356,0.488,0.336,0.53,0.027569571
0.31,0.522,0.268,0.54,0.052667643
0.379,0.437,0.166,0.622,0.019002929
0.348,0.426,0.237,0.629,0.03076869
0.162,0.594,0.221,0.444,0.123216427
0.308,0.472,0.39,0.476,0.029308631
0.197,0.541,0.354,0.486,0.186325177
0.322,0.5,0.234,0.654,0.056604019
0.229,0.449,0.407,0.433,0.027191787
0.351,0.361,0.164,0.624,0.004414871
0.295,0.543,0.328,0.458,0.028628234
0.173,0.603,0.262,0.446,0.130217481
0.314,0.482,0.249,0.461,0.021675849
0.278,0.56,0.244,0.574,0.093319918
0.165,0.595,0.216,0.486,0.271872089
0.278,0.546,0.397,0.407,0.0
0.276,0.561,0.293,0.501,0.066293412
0.371,0.423,0.144,0.641,0.020271687
0.181,0.503,0.318,0.428,0.077524781
0.383,0.527,0.328,0.51,0.017232066
0.338,0.548,0.297,0.485,0.024846537
0.295,0.533,0.136,0.606,0.078654761
0.219,0.615,0.282,0.518,0.151653842
0.194,0.57,0.307,0.375,0.0
0.29,0.472,0.36,0.416,0.0
0.223,0.661,0.23,0.574,0.177613011
0.369,0.371,0.251,0.503,0.000635101
0.445,0.459,0.292,0.596,0.001967465
0.354,0.364,0.111,0.595,0.004116595
0.203,0.609,0.277,0.514,0.205013447
0.095,0.555,0.302,0.466,0.52972135
0.337,0.483,0.234,0.616,0.044159307
0.247,0.553,0.208,0.546,0.117729401
0.315,0.437,0.22,0.662,0.053349004
0.231,0.577,0.307,0.363,0.0
0.17,0.596,0.363,0.411,0.0
0.181,0.675,0.287,0.599,0.392869517
0.218,0.682,0.184,0.512,0.147697227
0.439,0.467,0.345,0.457,0.001298151
0.263,0.595,0.312,0.472,0.057271888
0.364,0.514,0.125,0.609,0.034666516
0.419,0.429,0.285,0.615,0.002250803
0.321,0.511,0.138,0.598,0.054768104
0.329,0.471,0.323,0.383,0.0
0.248,0.606,0.29,0.532,0.111047344
0.221,0.569,0.391,0.463,0.082594992
0.373,0.423,0.313,0.485,0.010032001
0.324,0.504,0.363,0.539,0.043060167
0.269,0.567,0.287,0.423,0.018776452
0.178,0.663,0.273,0.527,0.347866459
0.358,0.442,0.232,0.46,0.010905627
0.378,0.494,0.348,0.392,0.0
0.252,0.552,0.264,0.648,0.133865219
0.346,0.562,0.367,0.539,0.036308239
0.251,0.559,0.39,0.42,0.02230324
0.329,0.427,0.24,0.499,0.024737635
0.321,0.597,0.341,0.465,0.023658734
0.321,0.478,0.284,0.642,0.054451517
0.247,0.531,0.464,0.498,0.028335258
0.33,0.46,0.208,0.655,0.046701641
0.36,0.45,0.378,0.394,0.0
0.294,0.454,0.129,0.591,0.070144016
0.173,0.659,0.268,0.414,0.0
0.168,0.58,0.221,0.543,0.371304979
0.355,0.446,0.204,0.514,0.021837274
0.372,0.428,0.348,0.575,0.019080028
0.249,0.502,0.309,0.553,0.115480526
0.185,0.62,0.246,0.502,0.288449297
0.218,0.524,0.37,0.432,0.032827228
0.294,0.519,0.287,0.431,0.012521811
0.27,0.496,0.305,0.449,0.031291516
0.164,0.629,0.227,0.575,0.40365034
0.219,0.657,0.291,0.527,0.159350712
0.361,0.399,0.348,0.458,0.006809752
0.376,0.512,0.389,0.509,0.019123396
0.218,0.608,0.314,0.484,0.113064923
0.261,0.453,0.4,0.454,0.038641924
0.408,0.432,0.38,0.412,0.0
0.226,0.624,0.201,0.411,0.0
0.266,0.504,0.205,0.518,0.082925553
0.316,0.585,0.331,0.441,0.011527236
0.363,0.549,0.392,0.435,0.005572317
0.34,0.518,0.41,0.448,0.011962362
0.31,0.492,0.24,0.536,0.049818842
0.307,0.565,0.315,0.433,0.01069746
0.381,0.417,0.336,0.442,0.002567872
0.222,0.461,0.385,0.441,0.036699997
0.262,0.588,0.32,0.455,0.042091132
0.282,0.596,0.233,0.525,0.074043288
0.314,0.5,0.195,0.457,0.020760782
0.218,0.574,0.138,0.61,0.200125382
0.325,0.431,0.322,0.512,0.029979872
0.167,0.637,0.292,0.521,0.349717312
0.331,0.541,0.248,0.493,0.029093718
0.346,0.52,0.367,0.433,0.006606404
0.155,0.555,0.339,0.397,0.0
0.307,0.453,0.175,0.553,0.052067236
0.324,0.448,0.247,0.533,0.036916838
0.218,0.622,0.373,0.488,0.117819993
0.292,0.58,0.124,0.599,0.083055657
0.353,0.529,0.183,0.559,0.035488101
0.197,0.681,0.174,0.67,0.319973555
0.343,0.523,0.181,0.535,0.035005269
0.356,0.434,0.188,0.646,0.029195874
0.307,0.525,0.215,0.591,0.065269925
0.189,0.547,0.315,0.453,0.148474961
0.286,0.456,0.318,0.412,0.0
0.4,0.466,0.241,0.625,0.014056559
0.18,0.566,0.323,0.45,0.149997181
0.218,0.495,0.235,0.537,0.164324068
0.268,0.492,0.218,0.518,0.080593796
0.396,0.478,0.443,0.447,0.000628837
0.34,0.5,0.149,0.591,0.04257059
0.436,0.488,0.208,0.644,0.007401968
0.285,0.554,0.241,0.587,0.08754088
0.222,0.63,0.207,0.595,0.186994491
0.373,0.387,0.122,0.62,0.006814571
0.326,0.412,0.425,0.441,0.00119455
0.283,0.487,0.33,0.489,0.050570073
0.258,0.605,0.343,0.468,0.056876274
0.143,0.559,0.295,0.432,0.087922038
0.299,0.583,0.307,0.373,0.0
0.23,0.502,0.283,0.547,0.143178273
0.26,0.612,0.404,0.432,0.020611403
0.287,0.569,0.373,0.555,0.078764145
0.262,0.42,0.246,0.607,0.10214725
0.386,0.524,0.41,0.436,0.00341885
0.217,0.561,0.336,0.53,0.165461757
0.388,0.48,0.189,0.531,0.015097875
0.184,0.533,0.261,0.459,0.188846308
0.321,0.449,0.189,0.644,0.050584529
0.377,0.379,0.219,0.637,0.00102686
0.195,0.493,0.329,0.423,0.053321537
0.376,0.446,0.165,0.548,0.018244952
0.222,0.476,0.237,0.549,0.160330349
0.205,0.481,0.296,0.464,0.110675824
0.341,0.472,0.32,0.406,0.0
0.264,0.49,0.168,0.49,0.065778296
0.18,0.46,0.328,0.59,0.381846796
0.299,0.629,0.281,0.509,0.052777509
0.213,0.491,0.232,0.586,0.205686616
0.164,0.602,0.383,0.415,0.0
0.247,0.443,0.425,0.585,0.100543113
0.293,0.467,0.22,0.658,0.077951234
0.322,0.404,0.282,0.548,0.03279928
0.171,0.624,0.314,0.54,0.367079483
0.149,0.611,0.344,0.49,0.294228335
0.209,0.573,0.413,0.439,0.042870312
0.25,0.582,0.27,0.462,0.05575015
0.345,0.575,0.25,0.574,0.042679492
0.331,0.545,0.302,0.51,0.034513764
0.416,0.52,0.168,0.646,0.014830438
0.439,0.447,0.211,0.607,0.001327063
0.315,0.574,0.142,0.626,0.065188008
0.218,0.613,0.233,0.619,0.203066702
0.324,0.59,0.396,0.433,0.008738668
0.243,0.657,0.265,0.509,0.102594905
0.342,0.56,0.3,0.411,0.0
0.241,0.545,0.387,0.443,0.033762533
0.464,0.482,0.363,0.595,0.00203589
0.221,0.551,0.162,0.566,0.176713364
0.267,0.443,0.211,0.545,0.087608342
0.219,0.609,0.407,0.459,0.078915451
0.171,0.54,0.391,0.506,0.31536401
0.336,0.453,0.35,0.458,0.014484457
0.373,0.493,0.278,0.514,0.019920405
0.221,0.541,0.266,0.48,0.102333251
0.264,0.582,0.339,0.535,0.095720582
0.25,0.522,0.157,0.633,0.133594891
0.42,0.484,0.26,0.613,0.00998285
0.363,0.45,0.232,0.58,0.026440555
0.292,0.358,0.332,0.474,0.021135193
0.327,0.389,0.198,0.568,0.026901702
0.172,0.586,0.359,0.455,0.180859353
0.356,0.366,0.282,0.572,0.003866023
0.398,0.436,0.331,0.425,0.001271649
0.101,0.577,0.301,0.507,0.67757904
0.256,0.558,0.284,0.482,0.067687455
0.252,0.64,0.259,0.517,0.098095226
0.223,0.579,0.242,0.622,0.188644887
0.183,0.677,0.406,0.43,0.076351916
0.364,0.536,0.304,0.36,0.0
0.175,0.597,0.195,0.588,0.396468103
0.239,0.593,0.361,0.455,0.053447787
0.263,0.637,0.215,0.57,0.110476331
0.418,0.444,0.232,0.494,0.002631961
0.373,0.413,0.261,0.427,0.00253366
0.137,0.633,0.269,0.717,0.479049603
0.403,0.475,0.148,0.622,0.014040657
0.219,0.589,0.332,0.494,0.122525911
0.296,0.425,0.356,0.434,0.010521096
0.352,0.443,0.421,0.443,0.001916869
0.106,0.55,0.3,0.472,0.436950761
0.344,0.398,0.406,0.418,0.0
0.363,0.571,0.172,0.572,0.035116581
0.144,0.61,0.325,0.473,0.264881155
0.328,0.602,0.164,0.626,0.05718226
0.299,0.432,0.216,0.472,0.029731711
0.198,0.666,0.203,0.609,0.304431399
0.351,0.501,0.237,0.541,0.031837472
0.328,0.598,0.219,0.605,0.055385376
0.239,0.625,0.32,0.476,0.077067007
0.255,0.567,0.228,0.587,0.122268112
0.364,0.478,0.362,0.38,0.0
0.197,0.637,0.317,0.443,0.072296518
0.244,0.637,0.071,0.559,0.130467571
0.221,0.677,0.312,0.52,0.148909124
0.242,0.45,0.359,0.474,0.068261359
0.132,0.562,0.312,0.482,0.297871254
0.337,0.487,0.401,0.483,0.022695962
0.314,0.536,0.157,0.635,0.064301853
0.438,0.47,0.184,0.528,0.003357653
0.171,0.581,0.442,0.472,0.13216519
0.344,0.502,0.16,0.644,0.04388127
0.228,0.583,0.302,0.516,0.130136046
0.307,0.493,0.339,0.499,0.039677939
0.194,0.586,0.161,0.643,0.34094925
0.133,0.595,0.199,0.479,0.291260994
0.33,0.538,0.221,0.492,0.028788214
0.189,0.51,0.273,0.503,0.274821119
0.366,0.542,0.163,0.525,0.026372612
0.197,0.649,0.271,0.515,0.247960857
0.262,0.568,0.218,0.597,0.116260669
0.272,0.512,0.133,0.571,0.096978739
0.178,0.608,0.201,0.589,0.393645805
0.324,0.595,0.176,0.586,0.055666305
0.185,0.615,0.278,0.548,0.353976058
0.312,0.548,0.221,0.475,0.029769296
0.227,0.589,0.265,0.581,0.169666051
0.179,0.622,0.33,0.492,0.274425024
0.258,0.57,0.338,0.492,0.073568649
0.228,0.674,0.171,0.624,0.178377253
0.355,0.447,0.328,0.548,0.026236725
0.161,0.582,0.237,0.575,0.407494197
0.188,0.554,0.195,0.475,0.222848811
0.24,0.666,0.164,0.654,0.156692249
0.175,0.599,0.131,0.517,0.336693396
0.296,0.454,0.292,0.482,0.036404613
0.259,0.551,0.475,0.491,0.011103674
0.188,0.558,0.26,0.58,0.363759897
0.206,0.556,0.292,0.362,0.0
0.221,0.525,0.206,0.649,0.193868332
0.28,0.468,0.257,0.635,0.091819383
0.229,0.581,0.107,0.605,0.171015281
0.348,0.468,0.184,0.59,0.035660609
0.197,0.614,0.399,0.429,0.05010218
0.202,0.45,0.238,0.544,0.232708303
0.391,0.415,0.244,0.546,0.006841556
0.282,0.488,0.356,0.422,0.014591432
0.232,0.434,0.365,0.407,0.0
0.318,0.552,0.157,0.647,0.062915039
0.376,0.444,0.401,0.439,0.00340584
0.249,0.531,0.35,0.451,0.041670461
0.15,0.616,0.405,0.426,0.086339103
0.17,0.587,0.264,0.504,0.312925278
0.35,0.404,0.418,0.456,0.008647113
0.289,0.493,0.334,0.426,0.013195943
0.278,0.56,0.166,0.592,0.097128118
0.215,0.533,0.299,0.477,0.10936659
0.224,0.654,0.424,0.442,0.010122592
0.255,0.599,0.165,0.641,0.131266507
0.177,0.596,0.262,0.658,0.407590571
0.404,0.411,0.316,0.576,0.002045046
0.249,0.467,0.201,0.621,0.128446136
0.149,0.607,0.234,0.518,0.366804818
0.193,0.605,0.244,0.522,0.287658071
0.169,0.653,0.422,0.424,0.0
0.351,0.417,0.336,0.34,0.0
0.28,0.62,0.222,0.615,0.099748031
0.361,0.425,0.357,0.383,0.0
0.196,0.608,0.28,0.547,0.289550365
0.169,0.637,0.139,0.557,0.384783779
0.272,0.568,0.254,0.482,0.057732071
0.161,0.607,0.291,0.499,0.306179614
0.231,0.575,0.266,0.549,0.146124411
0.264,0.48,0.318,0.45,0.033867098
0.253,0.451,0.277,0.508,0.084348508
0.31,0.484,0.266,0.582,0.05826598
0.372,0.44,0.362,0.626,0.023035679
0.242,0.546,0.328,0.508,0.101359878
0.395,0.511,0.255,0.509,0.012467359
0.268,0.586,0.275,0.357,0.0
0.378,0.408,0.21,0.432,0.001854708
0.289,0.499,0.324,0.584,0.079042664
0.323,0.441,0.238,0.61,0.046264105
0.24,0.602,0.318,0.44,0.029080226
0.424,0.466,0.215,0.512,0.004305487
0.159,0.627,0.168,0.602,0.423567853
0.168,0.596,0.245,0.485,0.268526483
0.252,0.52,0.237,0.503,0.085943971
0.343,0.515,0.311,0.426,0.006762529
0.388,0.41,0.285,0.563,0.007444854
0.231,0.537,0.21,0.581,0.158095929
0.377,0.475,0.228,0.615,0.025329369
0.25,0.558,0.457,0.469,0.011652521
0.221,0.551,0.293,0.533,0.156857048
0.25,0.562,0.268,0.54,0.11164486
0.298,0.462,0.372,0.386,0.0
0.354,0.368,0.325,0.479,0.003134067
0.416,0.442,0.165,0.639,0.005530876
0.258,0.418,0.355,0.537,0.089504491
0.316,0.428,0.316,0.406,0.0
0.363,0.421,0.3,0.387,0.0
0.341,0.579,0.274,0.54,0.038894904
0.373,0.489,0.337,0.459,0.009980441
0.301,0.531,0.396,0.492,0.041310024
0.297,0.419,0.389,0.475,0.030568233
0.216,0.565,0.366,0.386,0.0
0.17,0.632,0.263,0.571,0.394246694
0.243,0.633,0.361,0.473,0.071338565
0.347,0.397,0.293,0.519,0.017075459
0.127,0.603,0.271,0.465,0.261376532
0.232,0.52,0.163,0.611,0.162008694
0.196,0.692,0.382,0.418,0.0
0.414,0.416,0.317,0.399,0.0
0.315,0.537,0.462,0.48,0.006776022
0.187,0.589,0.375,0.439,0.080851595
0.347,0.557,0.249,0.561,0.039394119
0.373,0.395,0.245,0.535,0.0087777
0.371,0.581,0.232,0.662,0.037373166
0.301,0.311,0.319,0.473,0.004373912
0.372,0.449,0.433,0.461,0.005358367
0.22,0.582,0.21,0.618,0.196214545
0.28,0.542,0.209,0.611,0.096338818
0.339,0.462,0.173,0.667,0.042321464
0.36,0.366,0.169,0.609,0.0024874
0.383,0.425,0.218,0.578,0.013480727
0.244,0.548,0.28,0.502,0.093243301
0.254,0.548,0.2,0.6,0.125203167
0.174,0.568,0.334,0.36,0.0
0.142,0.542,0.212,0.532,0.395988163
0.202,0.548,0.317,0.509,0.201623508
0.261,0.641,0.171,0.631,0.123816834
0.148,0.594,0.243,0.603,0.442512477
0.339,0.435,0.284,0.528,0.027856764
0.447,0.451,0.315,0.561,0.000489577
0.191,0.577,0.473,0.555,0.127168223
0.374,0.38,0.141,0.627,0.002989506
0.259,0.643,0.154,0.582,0.118066227
0.376,0.426,0.228,0.512,0.012548313
0.185,0.597,0.223,0.635,0.389607273
0.245,0.533,0.271,0.471,0.066228842
0.378,0.448,0.112,0.59,0.020316982
0.152,0.621,0.334,0.565,0.41664438
0.268,0.676,0.312,0.377,0.0
0.239,0.589,0.334,0.402,0.0
0.234,0.652,0.268,0.566,0.149987544
0.195,0.473,0.21,0.558,0.299827154
0.164,0.518,0.401,0.431,0.082725578
0.209,0.535,0.273,0.469,0.110953862
0.342,0.404,0.164,0.638,0.027705939
0.243,0.573,0.197,0.583,0.138788942
0.225,0.563,0.237,0.506,0.125179074
0.177,0.609,0.334,0.408,0.0
0.207,0.531,0.383,0.457,0.093646142
0.369,0.451,0.207,0.534,0.020356977
0.359,0.463,0.328,0.518,0.022876663
0.242,0.442,0.241,0.543,0.115186586
0.246,0.534,0.401,0.419,0.023162892
0.292,0.551,0.357,0.485,0.044220023
0.39,0.46,0.144,0.59,0.016317963
0.166,0.577,0.268,0.409,0.0
0.202,0.656,0.263,0.431,0.043904399
0.297,0.523,0.283,0.539,0.062346917
0.369,0.483,0.33,0.497,0.017576601
0.346,0.394,0.258,0.578,0.020502983
0.223,0.667,0.357,0.377,0.0
0.215,0.587,0.171,0.543,0.180518673
0.382,0.414,0.367,0.473,0.005505337
0.274,0.45,0.207,0.538,0.079186742
0.291,0.421,0.168,0.666,0.072007879
0.282,0.58,0.318,0.56,0.086049982
0.245,0.605,0.248,0.554,0.126319655
0.246,0.616,0.387,0.405,0.0
0.331,0.479,0.243,0.609,0.046449624
0.105,0.517,0.228,0.506,0.588331384
0.407,0.417,0.327,0.417,0.0
0.263,0.532,0.249,0.713,0.120741556
0.248,0.556,0.213,0.691,0.141831453
0.16,0.598,0.218,0.586,0.415166492
0.36,0.522,0.185,0.615,0.037211259
0.22,0.508,0.38,0.446,0.049931599
0.432,0.549,0.389,0.509,0.007449673
0.346,0.532,0.287,0.499,0.026295513
0.282,0.496,0.322,0.428,0.014705634
0.336,0.402,0.292,0.526,0.022916658
0.177,0.635,0.367,0.46,0.202056707
0.302,0.598,0.226,0.55,0.064173195
0.222,0.416,0.337,0.467,0.081015912
0.324,0.614,0.298,0.526,0.043812363
0.397,0.417,0.234,0.695,0.006658928
0.194,0.631,0.393,0.445,0.089022141
0.193,0.599,0.397,0.443,0.084765323
0.392,0.454,0.237,0.537,0.011612045
0.297,0.599,0.152,0.582,0.075897996
0.353,0.478,0.281,0.465,0.014669976
0.22,0.578,0.364,0.552,0.172747113
0.149,0.621,0.347,0.493,0.302190715
