0.12,0.16,0.0,0.324,0.0
0.0,0.076,0.0,0.183,0.012518437
0.0,-0.032,0.0,0.353,0.0
0.0,0.044,0.0,-0.001,0.0
0.0,0.031,0.0,0.274,0.012518437
0.0,0.201,0.0,0.099,0.012518437
0.0,0.185,0.0,0.096,0.012518437
0.046,0.068,0.0,0.317,0.0
0.0,-0.014,0.003,0.025,0.0
0.0,0.085,0.0,0.064,0.012518437
0.0,0.043,0.0,0.151,0.012518437
0.0,0.311,0.0,-0.092,0.0
0.0,0.187,0.0,0.069,0.012518437
0.013,0.023,0.0,0.24,0.0
0.0,0.08,0.0,0.248,0.012518437
0.0,0.167,0.0,0.175,0.012518437
0.0,0.062,0.0,0.133,0.012518437
0.025,0.151,0.0,0.194,0.0
0.0,0.234,0.0,0.194,0.012518437
0.0,0.188,0.0,0.213,0.012518437
0.035,0.261,0.0,0.146,0.0
0.0,0.282,0.0,0.341,0.012518437
0.0,0.109,0.0,-0.029,0.0
0.0,0.265,0.0,0.093,0.012518437
0.0,0.23,0.0,-0.022,0.0
0.0,0.168,0.0,0.27,0.012518437
0.026,0.268,0.0,-0.017,0.0
0.0,0.192,0.046,0.19,0.0
0.052,0.126,0.092,0.134,0.0
0.0,0.093,0.0,0.281,0.012518437
0.0,-0.032,0.0,0.257,0.0
0.012,0.038,0.0,0.142,0.0
0.0,0.21,0.029,0.036,0.0
0.0,0.082,0.0,0.268,0.012518437
0.0,0.195,0.0,0.016,0.012518437
0.084,0.276,0.0,0.212,0.0
0.0,-0.08,0.0,0.128,0.0
0.0,0.091,0.0,0.158,0.012518437
0.0,0.206,0.0,-0.025,0.0
0.0,0.178,0.0,-0.097,0.0
0.057,0.091,0.0,0.056,0.0
0.0,0.052,0.0,0.118,0.012518437
0.0,0.026,0.091,0.293,0.0
0.0,0.049,0.05,0.07,0.0
0.0,0.243,0.0,0.334,0.012518437
0.0,0.058,0.0,-0.082,0.0
0.0,0.167,0.0,-0.034,0.0
0.0,0.253,0.0,0.239,0.012518437
0.0,0.122,0.0,-0.133,0.0
0.0,-0.083,0.002,0.113,0.0
0.0,0.09,0.0,0.057,0.012518437
0.0,-0.032,0.0,-0.042,0.0
0.0,-0.004,0.0,0.179,0.0
0.0,0.24,0.071,0.101,0.0
0.111,0.281,0.0,0.006,0.0
0.0,-0.008,0.0,0.067,0.0
0.0,0.057,0.0,0.203,0.012518437
0.0,-0.089,0.0,0.266,0.0
0.0,0.227,0.065,0.098,0.0
0.0,0.222,0.0,0.192,0.012518437
0.0,0.107,0.0,0.231,0.012518437
0.0,0.178,0.017,0.223,0.0
0.04,0.097,0.0,0.191,0.0
0.0,0.105,0.076,0.186,0.0
0.0,0.235,0.0,-0.03,0.0
0.021,0.041,0.0,0.115,0.0
0.0,0.221,0.0,0.16,0.012518437
0.0,0.046,0.0,0.168,0.012518437
0.0,0.23,0.0,0.157,0.012518437
0.0,0.008,0.0,0.041,0.012518437
0.0,-0.044,0.103,0.165,0.0
0.0,-0.006,0.0,-0.009,0.0
0.044,0.084,0.0,0.092,0.0
0.0,0.237,0.0,0.138,0.012518437
0.0,0.04,0.0,0.108,0.012518437
0.0,0.151,0.0,0.105,0.012518437
0.0,0.033,0.0,0.039,0.012518437
0.0,0.117,0.0,0.172,0.012518437
0.0,0.101,0.0,0.093,0.012518437
0.0,0.299,0.0,0.172,0.012518437
0.011,0.123,0.0,0.048,0.0
0.0,0.074,0.0,0.331,0.012518437
0.0,0.035,0.0,0.234,0.012518437
0.0,0.248,0.0,0.145,0.012518437
0.0,0.262,0.0,0.078,0.012518437
0.0,0.132,0.0,-0.054,0.0
0.005,0.151,0.105,0.421,0.145817944
0.0,0.116,0.0,-0.153,0.0
0.0,-0.035,0.0,0.11,0.0
0.0,-0.065,0.0,0.06,0.0
0.037,0.269,0.0,0.239,0.0
0.0,0.082,0.0,-0.0,0.012518437
0.034,0.067,0.0,0.166,0.0
0.027,0.229,0.0,0.176,0.0
0.0,0.231,0.0,0.204,0.012518437
0.0,0.126,0.0,0.008,0.012518437
0.0,0.292,0.0,0.073,0.012518437
0.0,0.066,0.0,0.239,0.012518437
0.0,-0.015,0.0,0.17,0.0
0.0,0.181,0.0,0.116,0.012518437
0.0,0.227,0.0,0.202,0.012518437
0.0,-0.028,0.0,0.192,0.0
0.0,0.228,0.0,0.181,0.012518437
0.0,0.225,0.0,-0.127,0.0
0.0,0.146,0.0,0.161,0.012518437
0.0,0.185,0.012,0.048,0.0
0.0,0.244,0.023,0.185,0.0
0.0,0.144,0.0,0.177,0.012518437
0.0,0.046,0.043,0.328,0.0
0.0,0.062,0.0,-0.008,0.0
0.0,0.045,0.0,0.161,0.012518437
0.0,0.181,0.0,0.181,0.012518437
0.025,0.263,0.0,0.098,0.0
0.0,0.246,0.0,-0.155,0.0
0.0,0.302,0.0,0.09,0.012518437
0.0,0.167,0.0,0.266,0.012518437
0.0,0.22,0.0,-0.034,0.0
0.0,0.221,0.013,0.274,0.0
0.0,0.113,0.0,0.09,0.012518437
0.0,0.119,0.0,0.295,0.012518437
0.0,-0.059,0.0,0.262,0.0
0.0,0.216,0.0,0.276,0.012518437
0.0,0.292,0.0,0.293,0.012518437
0.0,0.15,0.0,-0.028,0.0
0.0,-0.033,0.0,-0.006,0.0
0.0,0.123,0.0,0.203,0.012518437
0.0,0.18,0.0,-0.125,0.0
0.0,0.235,0.0,0.134,0.012518437
0.0,0.087,0.0,0.188,0.012518437
0.082,0.091,0.0,0.238,0.0
0.0,0.351,0.0,-0.1,0.0
0.0,0.109,0.0,0.069,0.012518437
0.0,0.083,0.0,0.108,0.012518437
0.0,0.064,0.0,0.183,0.012518437
0.0,0.084,0.0,0.047,0.012518437
0.0,0.068,0.0,0.163,0.012518437
0.032,0.052,0.0,0.146,0.0
0.0,0.123,0.0,0.113,0.012518437
0.0,0.005,0.0,0.094,0.012518437
0.0,0.05,0.0,0.093,0.012518437
0.0,0.309,0.0,0.094,0.012518437
0.0,-0.013,0.0,0.085,0.0
0.0,0.137,0.0,0.325,0.012518437
0.0,0.136,0.0,0.019,0.012518437
0.0,0.158,0.0,0.042,0.012518437
0.0,0.213,0.0,0.019,0.012518437
0.0,0.091,0.0,-0.057,0.0
0.0,-0.094,0.0,0.111,0.0
0.0,-0.094,0.0,0.084,0.0
0.0,-0.014,0.0,0.091,0.0
0.0,0.153,0.0,0.244,0.012518437
0.0,0.155,0.11,0.142,0.0
0.0,0.189,0.0,0.065,0.012518437
0.0,0.122,0.0,0.017,0.012518437
0.0,0.172,0.0,0.038,0.012518437
0.0,0.098,0.0,-0.042,0.0
0.0,0.324,0.0,0.059,0.012518437
0.0,0.158,0.08,0.126,0.0
0.05,0.166,0.0,0.207,0.0
0.0,0.151,0.0,0.177,0.012518437
0.0,0.015,0.0,0.067,0.012518437
0.0,0.107,0.0,0.096,0.012518437
0.0,0.037,0.0,0.082,0.012518437
0.0,0.23,0.0,-0.075,0.0
0.0,-0.051,0.0,0.191,0.0
0.0,0.025,0.0,0.066,0.012518437
0.0,0.314,0.077,0.117,0.0
0.0,0.007,0.0,0.124,0.012518437
0.0,0.209,0.0,-0.048,0.0
0.0,0.272,0.0,0.04,0.012518437
0.0,-0.029,0.0,-0.02,0.0
0.0,0.153,0.0,0.23,0.012518437
0.0,0.074,0.0,0.045,0.012518437
0.0,0.131,0.0,0.261,0.012518437
0.0,0.063,0.0,0.103,0.012518437
0.0,0.073,0.0,0.298,0.012518437
0.0,0.079,0.0,-0.134,0.0
0.0,0.034,0.0,0.152,0.012518437
0.027,0.127,0.0,0.212,0.0
0.0,0.141,0.0,0.034,0.012518437
0.0,0.216,0.0,0.252,0.012518437
0.0,0.182,0.0,0.108,0.012518437
0.0,0.092,0.0,0.159,0.012518437
0.0,0.091,0.0,0.214,0.012518437
0.0,0.071,0.0,0.104,0.012518437
0.0,0.252,0.0,0.218,0.012518437
0.0,0.058,0.0,0.022,0.012518437
0.0,0.205,0.0,0.277,0.012518437
0.0,0.012,0.0,0.141,0.012518437
0.0,-0.002,0.0,0.093,0.0
0.0,0.061,0.0,0.169,0.012518437
0.0,0.025,0.0,0.391,0.012518437
0.0,0.142,0.0,0.096,0.012518437
0.0,0.054,0.0,0.073,0.012518437
0.0,0.107,0.0,0.224,0.012518437
0.0,0.161,0.0,0.131,0.012518437
0.0,0.078,0.0,0.063,0.012518437
0.0,0.253,0.027,0.06,0.0
0.0,0.09,0.0,-0.021,0.0
0.012,0.178,0.0,0.281,0.0
0.0,0.09,0.0,0.039,0.012518437
0.0,0.047,0.0,-0.02,0.0
0.0,0.028,0.0,0.087,0.012518437
0.0,0.155,0.0,0.009,0.012518437
0.0,0.091,0.0,0.197,0.012518437
0.0,0.167,0.0,-0.155,0.0
0.0,-0.111,0.0,0.103,0.0
0.0,0.176,0.0,-0.055,0.0
0.0,0.063,0.156,0.18,0.0
0.0,-0.032,0.0,0.031,0.0
0.0,0.041,0.0,-0.025,0.0
0.0,-0.052,0.0,0.245,0.0
0.0,-0.035,0.0,0.189,0.0
0.0,0.17,0.0,-0.096,0.0
0.0,0.256,0.057,0.119,0.0
0.0,0.103,0.0,-0.042,0.0
0.0,0.218,0.078,0.132,0.0
0.0,0.371,0.0,0.153,0.012518437
0.0,0.005,0.028,0.156,0.0
0.0,-0.062,0.015,0.257,0.0
0.0,0.039,0.0,0.169,0.012518437
0.0,0.088,0.0,0.043,0.012518437
0.083,0.125,0.0,0.051,0.0
0.0,0.239,0.0,-0.011,0.0
0.0,0.187,0.0,0.111,0.012518437
0.051,0.069,0.0,0.11,0.0
0.0,0.123,0.0,0.095,0.012518437
0.0,0.247,0.0,0.01,0.012518437
0.0,-0.095,0.0,0.2,0.0
0.0,0.197,0.0,-0.148,0.0
0.0,0.045,0.0,0.09,0.012518437
0.0,0.141,0.0,0.208,0.012518437
0.0,0.147,0.026,0.066,0.0
0.0,-0.011,0.0,0.151,0.0
0.143,0.159,0.09,0.13,0.0
0.0,0.273,0.0,0.166,0.012518437
0.0,0.022,0.139,0.179,0.0
0.0,-0.029,0.0,0.208,0.0
0.044,0.19,0.0,0.333,0.0
0.017,0.276,0.0,0.202,0.0
0.0,-0.083,0.0,-0.083,0.0
0.0,-0.019,0.0,-0.051,0.0
0.0,0.12,0.0,0.056,0.012518437
0.0,0.246,0.0,0.32,0.012518437
0.0,-0.016,0.0,0.172,0.0
0.0,0.056,0.074,0.212,0.0
0.013,0.173,0.0,0.169,0.0
0.0,0.176,0.0,0.096,0.012518437
0.0,0.062,0.0,0.174,0.012518437
0.04,0.221,0.0,0.168,0.0
0.0,0.21,0.0,0.078,0.012518437
0.0,0.202,0.0,0.19,0.012518437
0.0,0.252,0.0,0.174,0.012518437
0.053,0.185,0.0,0.272,0.0
0.0,0.298,0.005,0.096,0.0
0.0,-0.043,0.0,-0.025,0.0
0.0,0.157,0.0,0.378,0.012518437
0.0,0.206,0.16,0.178,0.0
0.0,-0.11,0.0,0.085,0.0
0.0,-0.132,0.0,0.193,0.0
0.0,0.299,0.0,0.02,0.012518437
0.0,0.31,0.0,0.01,0.012518437
0.0,0.087,0.0,0.179,0.012518437
0.0,0.034,0.0,0.214,0.012518437
0.0,0.118,0.0,0.119,0.012518437
0.0,0.024,0.0,0.095,0.012518437
0.0,0.317,0.0,0.206,0.012518437
0.0,0.041,0.0,-0.048,0.0
0.0,0.23,0.0,0.259,0.012518437
0.0,0.311,0.0,0.166,0.012518437
0.0,0.261,0.0,0.281,0.012518437
0.0,-0.118,0.0,0.173,0.0
0.0,0.095,0.0,-0.065,0.0
0.0,0.098,0.0,0.14,0.012518437
0.088,0.118,0.227,0.314,0.0
0.0,0.251,0.0,0.358,0.012518437
0.0,0.088,0.019,0.049,0.0
0.0,0.051,0.0,-0.009,0.0
0.0,0.093,0.0,0.118,0.012518437
0.099,0.113,0.0,0.32,0.0
0.0,0.319,0.0,0.199,0.012518437
0.0,-0.249,0.0,-0.019,0.0
0.0,-0.213,0.0,0.094,0.0
0.0,-0.069,0.0,0.096,0.0
0.0,-0.097,0.018,0.08,0.0
0.052,0.154,0.0,0.074,0.0
0.0,0.183,0.054,0.168,0.0
0.0,0.072,0.0,0.214,0.012518437
0.003,0.175,0.0,0.146,0.0
0.0,0.188,0.0,0.037,0.012518437
0.0,0.33,0.0,0.221,0.012518437
0.0,0.109,0.0,0.143,0.012518437
0.0,0.032,0.0,0.006,0.012518437
0.0,0.054,0.0,0.077,0.012518437
0.0,0.136,0.0,0.178,0.012518437
0.0,0.226,0.07,0.407,0.0
0.0,0.041,0.011,0.131,0.0
0.0,0.004,0.0,0.063,0.012518437
0.125,0.137,0.025,0.047,0.0
0.0,0.115,0.0,0.129,0.012518437
0.0,-0.007,0.0,-0.094,0.0
0.137,0.165,0.0,0.144,0.0
0.0,0.159,0.0,0.328,0.012518437
0.0,-0.141,0.0,0.164,0.0
0.0,0.288,0.042,0.078,0.0
0.047,0.137,0.16,0.224,0.0
0.0,0.266,0.0,0.029,0.012518437
0.0,0.079,0.0,0.221,0.012518437
0.0,0.295,0.023,0.093,0.0
0.0,-0.047,0.0,0.263,0.0
0.0,0.116,0.0,-0.061,0.0
0.0,0.193,0.0,0.225,0.012518437
0.0,0.121,0.0,0.128,0.012518437
0.0,0.256,0.0,0.255,0.012518437
0.017,0.121,0.052,0.06,0.0
0.0,0.011,0.0,0.009,0.012518437
0.0,0.023,0.0,0.218,0.012518437
0.0,0.156,0.0,0.376,0.012518437
0.0,-0.098,0.0,0.12,0.0
0.0,0.341,0.0,0.131,0.012518437
0.0,0.013,0.0,0.205,0.012518437
0.0,0.096,0.0,0.108,0.012518437
0.0,0.144,0.0,-0.101,0.0
0.0,0.12,0.0,0.121,0.012518437
0.0,0.149,0.0,0.181,0.012518437
0.0,0.009,0.0,0.314,0.012518437
0.0,0.388,0.0,0.174,0.012518437
0.0,0.013,0.0,0.062,0.012518437
0.025,0.323,0.0,0.131,0.0
0.0,-0.015,0.0,0.263,0.0
0.0,0.179,0.0,0.016,0.012518437
0.0,0.141,0.0,0.298,0.012518437
0.05,0.118,0.0,0.278,0.0
0.0,0.291,0.031,0.225,0.0
0.007,0.103,0.0,-0.047,0.0
0.0,0.157,0.0,0.061,0.012518437
0.029,0.077,0.0,-0.077,0.0
0.0,0.009,0.0,0.209,0.012518437
0.0,0.072,0.0,-0.02,0.0
0.0,-0.075,0.0,0.17,0.0
0.0,0.0,0.013,0.033,0.0
0.005,0.155,0.0,0.194,0.0
0.0,0.242,0.0,0.159,0.012518437
0.0,0.069,0.0,0.151,0.012518437
0.0,-0.049,0.0,0.08,0.0
0.002,0.114,0.0,0.016,0.0
0.0,0.147,0.0,0.341,0.012518437
0.0,0.154,0.0,0.272,0.012518437
0.0,0.177,0.081,0.227,0.0
0.0,-0.08,0.0,0.076,0.0
0.0,0.173,0.0,0.162,0.012518437
0.0,-0.022,0.0,0.103,0.0
0.105,0.119,0.0,0.173,0.0
0.064,0.13,0.0,0.15,0.0
0.0,0.257,0.105,0.165,0.0
0.0,0.141,0.0,0.091,0.012518437
0.0,0.126,0.0,0.079,0.012518437
0.0,0.035,0.0,0.331,0.012518437
0.0,0.221,0.0,0.262,0.012518437
0.0,0.164,0.0,0.12,0.012518437
0.007,0.119,0.0,-0.044,0.0
0.178,0.248,0.0,0.03,0.0
0.0,0.161,0.0,0.226,0.012518437
0.0,0.194,0.0,0.061,0.012518437
0.0,0.048,0.0,0.028,0.012518437
0.0,-0.057,0.0,0.178,0.0
0.017,0.072,0.0,0.083,0.0
0.0,0.158,0.0,0.175,0.012518437
0.046,0.099,0.0,0.107,0.0
0.0,0.177,0.0,0.192,0.012518437
0.087,0.131,0.07,0.13,0.0
0.0,0.205,0.0,0.145,0.012518437
0.0,0.174,0.0,0.157,0.012518437
0.0,0.117,0.022,0.144,0.0
0.0,0.246,0.0,-0.061,0.0
0.0,0.118,0.0,-0.044,0.0
0.0,0.233,0.0,-0.039,0.0
0.0,0.159,0.0,0.248,0.012518437
0.0,0.241,0.0,0.196,0.012518437
0.0,0.265,0.0,-0.098,0.0
0.0,0.181,0.0,0.231,0.012518437
0.0,0.237,0.081,0.131,0.0
0.0,0.167,0.0,0.217,0.012518437
0.151,0.177,0.0,0.218,0.0
0.0,0.005,0.0,0.066,0.012518437
0.0,0.126,0.083,0.086,0.0
0.0,0.104,0.0,0.086,0.012518437
0.044,0.082,0.0,0.231,0.0
0.0,0.175,0.0,0.228,0.012518437
0.0,0.198,0.0,0.119,0.012518437
0.0,0.066,0.0,0.004,0.012518437
0.0,-0.052,0.0,0.111,0.0
0.0,0.014,0.0,0.043,0.012518437
0.0,0.074,0.0,0.08,0.012518437
0.038,0.168,0.0,0.066,0.0
0.0,0.224,0.0,0.216,0.012518437
0.0,0.261,0.0,-0.019,0.0
0.0,0.04,0.0,0.086,0.012518437
0.055,0.111,0.0,0.189,0.0
0.0,0.074,0.0,0.034,0.012518437
0.0,0.105,0.0,0.191,0.012518437
0.033,0.148,0.051,0.079,0.0
0.013,0.073,0.0,0.162,0.0
0.0,0.183,0.0,0.077,0.012518437
0.0,0.0,0.0,0.21,0.012518437
0.0,0.045,0.0,0.242,0.012518437
0.0,0.213,0.0,0.185,0.012518437
0.0,0.142,0.024,0.134,0.0
0.0,-0.118,0.012,0.046,0.0
0.053,0.095,0.0,0.037,0.0
0.0,0.184,0.0,0.039,0.012518437
0.0,0.148,0.0,0.076,0.012518437
0.0,0.023,0.0,0.063,0.012518437
0.0,0.036,0.0,0.335,0.012518437
0.0,0.139,0.0,0.37,0.012518437
0.0,0.131,0.0,0.081,0.012518437
0.0,0.194,0.0,0.102,0.012518437
0.0,0.292,0.0,0.147,0.012518437
0.0,0.294,0.025,0.475,0.595062592
0.009,0.143,0.0,0.083,0.0
0.0,0.038,0.0,-0.108,0.0
0.027,0.063,0.0,0.177,0.0
0.0,0.316,0.0,0.182,0.012518437
0.0,0.017,0.0,0.207,0.012518437
0.081,0.107,0.0,0.255,0.0
0.0,0.243,0.0,0.182,0.012518437
0.0,0.223,0.0,0.142,0.012518437
0.0,0.277,0.0,0.097,0.012518437
0.0,-0.026,0.0,0.266,0.0
0.0,0.012,0.0,0.006,0.012518437
0.005,0.149,0.0,-0.037,0.0
0.0,0.112,0.0,0.338,0.012518437
0.0,0.259,0.0,0.03,0.012518437
0.0,0.213,0.0,0.286,0.012518437
0.0,-0.022,0.081,0.125,0.0
0.0,0.303,0.0,0.003,0.012518437
0.0,0.11,0.0,0.185,0.012518437
0.0,0.149,0.0,0.158,0.012518437
0.113,0.124,0.0,0.031,0.0
0.0,0.004,0.0,-0.024,0.0
0.0,0.069,0.0,-0.009,0.0
0.0,0.399,0.084,0.094,0.0
0.0,0.12,0.0,0.07,0.012518437
0.0,0.095,0.0,0.053,0.012518437
0.0,0.074,0.0,0.199,0.012518437
0.0,0.145,0.022,0.062,0.0
0.0,0.217,0.0,-0.001,0.0
0.0,-0.067,0.0,0.134,0.0
0.0,0.218,0.0,0.029,0.012518437
0.0,-0.007,0.0,0.216,0.0
0.0,-0.009,0.0,0.037,0.0
0.0,0.091,0.0,0.251,0.012518437
0.0,0.212,0.0,0.064,0.012518437
0.0,0.097,0.0,0.091,0.012518437
0.0,0.351,0.0,0.183,0.012518437
0.0,0.087,0.0,-0.071,0.0
0.002,0.004,0.0,-0.112,0.0
0.0,0.163,0.0,0.096,0.012518437
0.0,0.253,0.0,0.227,0.012518437
0.0,0.104,0.0,0.296,0.012518437
0.022,0.11,0.0,0.114,0.0
0.033,0.033,0.0,0.048,0.0
0.0,0.234,0.0,0.172,0.012518437
0.0,0.266,0.0,0.243,0.012518437
0.193,0.277,0.0,0.057,0.0
0.0,0.074,0.0,0.095,0.012518437
0.003,0.007,0.0,0.241,0.0
0.0,0.273,0.0,0.077,0.012518437
0.051,0.307,0.0,0.323,0.0
0.0,0.081,0.0,0.086,0.012518437
0.0,0.213,0.0,0.194,0.012518437
0.0,0.175,0.0,0.172,0.012518437
0.0,0.109,0.0,0.085,0.012518437
0.0,0.031,0.0,0.081,0.012518437
0.069,0.097,0.0,0.168,0.0
0.0,-0.119,0.0,0.07,0.0
0.0,0.177,0.077,0.157,0.0
0.0,0.183,0.0,0.045,0.012518437
0.0,0.183,0.0,0.174,0.012518437
0.0,0.174,0.0,-0.097,0.0
0.0,0.035,0.0,0.105,0.012518437
0.0,0.172,0.0,0.114,0.012518437
0.048,0.457,0.0,0.228,0.0
0.0,0.142,0.0,-0.022,0.0
0.0,0.054,0.0,0.004,0.012518437
0.0,0.087,0.0,0.058,0.012518437
0.079,0.211,0.0,0.017,0.0
0.0,-0.018,0.0,-0.035,0.0
0.0,0.242,0.062,0.242,0.0
0.0,0.073,0.0,-0.076,0.0
0.0,0.151,0.0,0.056,0.012518437
0.0,0.255,0.036,0.117,0.0
0.0,0.108,0.0,0.093,0.012518437
0.0,0.14,0.0,-0.015,0.0
0.0,0.324,0.003,0.183,0.0
0.0,0.34,0.021,0.037,0.0
0.0,0.023,0.0,0.116,0.012518437
0.0,0.107,0.051,0.329,0.0
0.0,0.16,0.0,0.008,0.012518437
0.0,0.221,0.0,-0.069,0.0
0.078,0.246,0.0,0.199,0.0
0.0,0.278,0.025,0.142,0.0
0.0,0.129,0.05,0.104,0.0
0.0,0.235,0.0,0.075,0.012518437
0.0,0.069,0.0,0.06,0.012518437
0.0,0.092,0.0,0.237,0.012518437
0.0,-0.004,0.0,0.204,0.0
0.0,0.037,0.0,-0.103,0.0
0.0,0.107,0.0,0.197,0.012518437
0.0,0.013,0.0,0.007,0.012518437
0.01,0.084,0.0,-0.069,0.0
0.0,0.131,0.032,0.19,0.0
0.0,0.117,0.0,0.103,0.012518437
0.084,0.116,0.0,0.046,0.0
0.0,0.137,0.0,0.3,0.012518437
0.0,0.042,0.0,0.149,0.012518437
0.0,0.14,0.0,0.098,0.012518437
0.0,0.139,0.0,-0.042,0.0
0.0,-0.049,0.0,-0.005,0.0
0.046,0.21,0.0,0.067,0.0
0.0,0.134,0.0,-0.141,0.0
0.0,-0.068,0.0,0.209,0.0
0.0,0.248,0.011,0.037,0.0
0.0,0.208,0.0,-0.019,0.0
0.0,0.023,0.051,0.293,0.0
0.0,-0.03,0.0,0.264,0.0
0.0,0.059,0.0,0.138,0.012518437
0.0,-0.087,0.0,0.196,0.0
0.0,0.085,0.0,0.031,0.012518437
0.0,0.211,0.0,0.173,0.012518437
0.0,0.113,0.0,0.099,0.012518437
0.0,0.287,0.0,0.003,0.012518437
0.0,-0.007,0.0,0.168,0.0
0.0,0.07,0.0,0.283,0.012518437
0.0,0.026,0.0,0.202,0.012518437
0.0,0.076,0.0,-0.028,0.0
0.0,0.112,0.0,0.259,0.012518437
0.002,0.434,0.0,0.193,0.0
0.0,0.151,0.0,0.259,0.012518437
0.018,0.152,0.0,0.148,0.0
0.0,0.217,0.0,0.099,0.012518437
0.0,0.158,0.0,0.056,0.012518437
0.0,0.076,0.0,0.081,0.012518437
0.0,0.169,0.0,0.02,0.012518437
0.0,0.159,0.0,0.129,0.012518437
0.0,0.202,0.0,0.161,0.012518437
0.0,0.255,0.0,0.05,0.012518437
0.0,0.139,0.0,-0.02,0.0
0.0,-0.073,0.0,0.057,0.0
0.0,0.084,0.0,-0.076,0.0
0.0,0.008,0.0,-0.049,0.0
0.02,0.118,0.0,0.133,0.0
0.0,0.094,0.0,0.22,0.012518437
0.0,0.206,0.0,0.189,0.012518437
0.0,0.136,0.0,0.326,0.012518437
0.0,0.229,0.0,0.136,0.012518437
0.008,0.256,0.081,0.111,0.0
0.0,0.162,0.0,0.3,0.012518437
0.0,0.12,0.0,0.05,0.012518437
0.0,0.487,0.0,0.113,0.012518437
0.0,0.014,0.081,0.227,0.0
0.0,-0.131,0.0,0.142,0.0
0.0,0.187,0.0,-0.035,0.0
0.0,0.103,0.0,0.18,0.012518437
0.0,0.012,0.0,0.04,0.012518437
0.0,0.192,0.0,0.184,0.012518437
0.0,-0.116,0.0,-0.128,0.0
0.0,0.185,0.0,0.29,0.012518437
0.0,0.243,0.0,0.208,0.012518437
0.0,-0.136,0.045,0.091,0.0
0.0,0.226,0.0,-0.041,0.0
0.0,0.219,0.0,-0.024,0.0
0.0,-0.042,0.0,0.021,0.0
0.0,0.143,0.036,0.129,0.0
0.0,-0.11,0.0,0.153,0.0
0.0,0.167,0.0,0.153,0.012518437
0.0,0.079,0.0,-0.027,0.0
0.0,0.186,0.009,0.017,0.0
0.0,0.056,0.0,0.174,0.012518437
0.0,-0.029,0.0,0.138,0.0
0.0,0.164,0.0,0.121,0.012518437
0.0,-0.016,0.0,0.247,0.0
0.0,0.083,0.0,-0.068,0.0
0.0,-0.009,0.0,0.271,0.0
0.0,-0.115,0.0,0.296,0.0
0.0,0.234,0.17,0.21,0.0
0.0,0.02,0.0,0.251,0.012518437
0.0,0.171,0.0,0.266,0.012518437
0.0,0.027,0.0,0.361,0.012518437
0.0,0.084,0.0,0.217,0.012518437
0.0,0.293,0.0,0.02,0.012518437
0.0,0.071,0.0,0.06,0.012518437
0.0,0.175,0.0,0.273,0.012518437
0.0,-0.015,0.093,0.204,0.0
0.0,0.253,0.0,0.249,0.012518437
0.0,0.197,0.0,0.077,0.012518437
0.0,0.013,0.0,0.071,0.012518437
0.0,0.207,0.0,0.012,0.012518437
0.0,0.173,0.0,-0.054,0.0
0.0,-0.082,0.0,0.08,0.0
0.0,-0.177,0.0,-0.116,0.0
0.0,0.074,0.0,0.285,0.012518437
0.0,0.203,0.0,-0.013,0.0
0.0,0.228,0.0,0.316,0.012518437
0.031,0.163,0.0,0.245,0.0
0.003,0.338,0.0,0.037,0.0
0.0,0.044,0.0,-0.023,0.0
0.0,0.277,0.0,0.061,0.012518437
0.0,0.16,0.0,0.246,0.012518437
0.0,0.159,0.0,-0.048,0.0
0.0,0.144,0.0,0.228,0.012518437
0.0,-0.037,0.0,0.14,0.0
0.0,0.015,0.0,-0.035,0.0
0.0,0.228,0.0,0.301,0.012518437
0.0,0.294,0.0,-0.072,0.0
0.0,0.209,0.0,0.213,0.012518437
0.0,0.188,0.0,0.076,0.012518437
0.0,0.293,0.0,0.095,0.012518437
0.0,0.078,0.0,0.158,0.012518437
0.0,0.225,0.0,0.065,0.012518437
0.0,0.39,0.0,0.115,0.012518437
0.0,0.055,0.0,0.032,0.012518437
0.0,-0.006,0.0,0.264,0.0
0.0,0.2,0.0,0.138,0.012518437
0.0,0.145,0.0,0.133,0.012518437
0.0,0.278,0.0,0.015,0.012518437
0.0,0.098,0.0,0.098,0.012518437
0.0,0.16,0.0,0.104,0.012518437
0.006,0.081,0.0,0.313,0.0
0.0,0.017,0.0,0.285,0.012518437
0.066,0.36,0.0,0.253,0.0
0.0,0.021,0.0,0.042,0.012518437
0.0,-0.114,0.0,0.209,0.0
0.0,0.231,0.0,0.16,0.012518437
0.0,-0.113,0.0,-0.044,0.0
0.0,-0.013,0.008,0.128,0.0
0.0,0.098,0.0,0.272,0.012518437
0.0,0.176,0.0,0.262,0.012518437
0.0,0.291,0.0,0.212,0.012518437
0.0,-0.201,0.0,-0.171,0.0
0.0,-0.135,0.0,0.302,0.0
0.0,0.165,0.026,0.094,0.0
0.021,0.107,0.0,0.096,0.0
0.078,0.18,0.0,0.176,0.0
0.0,0.106,0.0,0.113,0.012518437
0.0,0.08,0.103,0.115,0.0
0.0,0.288,0.0,0.09,0.012518437
0.0,-0.042,0.006,0.084,0.0
0.0,-0.007,0.0,-0.014,0.0
0.0,0.118,0.0,0.05,0.012518437
0.0,0.275,0.0,0.019,0.012518437
0.0,0.083,0.0,0.165,0.012518437
0.0,0.118,0.0,0.2,0.012518437
0.0,0.133,0.0,0.257,0.012518437
0.048,0.22,0.0,0.105,0.0
0.0,-0.024,0.0,0.213,0.0
0.0,0.225,0.0,0.133,0.012518437
0.0,0.134,0.044,0.059,0.0
0.0,0.242,0.0,0.313,0.012518437
0.034,0.218,0.0,0.08,0.0
0.0,-0.143,0.078,0.218,0.0
0.0,0.078,0.0,-0.087,0.0
0.0,0.026,0.0,0.113,0.012518437
0.0,0.118,0.007,0.147,0.0
0.0,-0.128,0.0,0.213,0.0
0.0,0.193,0.0,-0.137,0.0
0.0,0.159,0.0,0.184,0.012518437
0.056,0.163,0.0,0.199,0.0
0.0,0.008,0.0,0.302,0.012518437
0.0,0.257,0.0,-0.066,0.0
0.0,0.063,0.0,0.164,0.012518437
0.0,0.061,0.0,0.007,0.012518437
0.0,-0.038,0.0,0.21,0.0
0.0,0.025,0.0,-0.01,0.0
0.048,0.172,0.0,0.057,0.0
0.0,0.275,0.0,0.07,0.012518437
0.046,0.076,0.0,-0.074,0.0
0.022,0.145,0.0,0.219,0.0
0.0,0.046,0.0,0.134,0.012518437
0.0,0.357,0.0,0.272,0.012518437
0.03,0.08,0.0,-0.038,0.0
0.0,-0.074,0.0,0.248,0.0
0.0,0.111,0.0,0.043,0.012518437
0.0,-0.023,0.0,0.134,0.0
0.0,-0.106,0.0,0.121,0.0
0.0,0.108,0.0,0.055,0.012518437
0.0,0.022,0.0,0.165,0.012518437
0.0,0.027,0.0,0.196,0.012518437
0.019,0.343,0.0,0.122,0.0
0.0,0.2,0.0,0.094,0.012518437
0.0,0.147,0.0,-0.012,0.0
0.0,0.015,0.0,0.122,0.012518437
0.0,-0.024,0.0,0.234,0.0
0.0,0.119,0.0,0.211,0.012518437
0.0,-0.024,0.0,-0.111,0.0
0.0,0.228,0.0,0.34,0.012518437
0.0,0.126,0.0,0.192,0.012518437
0.0,0.071,0.0,-0.065,0.0
0.0,0.167,0.0,0.132,0.012518437
0.0,0.122,0.0,0.082,0.012518437
0.014,0.174,0.0,0.045,0.0
0.0,0.172,0.0,0.154,0.012518437
0.111,0.155,0.0,0.199,0.0
0.0,-0.031,0.11,0.117,0.0
0.0,0.174,0.0,0.371,0.012518437
0.0,0.321,0.0,0.106,0.012518437
0.0,0.352,0.0,0.191,0.012518437
0.105,0.117,0.0,0.366,0.0
0.0,0.307,0.0,0.185,0.012518437
0.0,0.134,0.0,0.324,0.012518437
0.072,0.218,0.0,0.065,0.0
0.132,0.393,0.134,0.282,0.0
0.0,0.11,0.0,0.209,0.012518437
0.002,0.13,0.0,0.251,0.0
0.0,0.04,0.0,0.276,0.012518437
0.0,0.243,0.0,0.43,0.220098311
0.0,0.185,0.035,0.093,0.0
0.0,0.101,0.0,0.206,0.012518437
0.0,0.048,0.0,0.135,0.012518437
0.0,0.092,0.0,0.154,0.012518437
0.0,0.153,0.0,0.136,0.012518437
0.0,0.099,0.0,0.287,0.012518437
0.0,0.099,0.0,0.273,0.012518437
0.0,0.277,0.0,0.117,0.012518437
0.175,0.229,0.0,0.037,0.0
0.0,0.281,0.0,0.183,0.012518437
0.0,0.119,0.0,0.106,0.012518437
0.0,0.101,0.0,0.148,0.012518437
0.034,0.092,0.0,0.26,0.0
0.0,-0.141,0.037,0.155,0.0
0.0,0.074,0.0,0.054,0.012518437
0.0,0.292,0.0,-0.048,0.0
0.0,0.014,0.0,0.008,0.012518437
0.0,0.015,0.0,0.226,0.012518437
0.0,0.088,0.0,0.294,0.012518437
0.0,0.211,0.0,0.224,0.012518437
0.068,0.158,0.0,0.149,0.0
0.022,0.232,0.0,0.199,0.0
0.028,0.13,0.012,0.146,0.0
0.0,0.127,0.0,0.02,0.012518437
0.0,0.174,0.0,0.03,0.012518437
0.0,0.235,0.0,0.12,0.012518437
0.0,0.109,0.0,0.064,0.012518437
0.0,0.174,0.0,0.152,0.012518437
0.0,0.157,0.0,0.302,0.012518437
0.0,0.192,0.0,0.122,0.012518437
0.0,0.107,0.0,0.172,0.012518437
0.0,0.223,0.0,0.118,0.012518437
0.064,0.294,0.0,0.041,0.0
0.0,0.173,0.0,-0.011,0.0
0.0,0.282,0.011,0.061,0.0
0.0,0.096,0.0,0.308,0.012518437
0.0,0.126,0.0,0.225,0.012518437
0.022,0.114,0.0,0.295,0.0
0.0,0.131,0.0,-0.002,0.0
0.0,0.377,0.0,0.387,0.012518437
0.0,0.006,0.0,0.045,0.012518437
0.0,0.221,0.0,0.134,0.012518437
0.0,0.204,0.0,0.132,0.012518437
0.0,0.168,0.0,-0.072,0.0
0.0,0.118,0.0,0.169,0.012518437
0.0,0.164,0.0,0.073,0.012518437
0.0,0.08,0.0,0.217,0.012518437
0.0,0.172,0.0,-0.083,0.0
0.0,0.247,0.084,0.18,0.0
0.0,0.303,0.0,0.135,0.012518437
0.0,0.259,0.0,-0.104,0.0
0.0,0.135,0.0,0.155,0.012518437
0.0,-0.048,0.0,0.294,0.0
0.0,0.086,0.0,0.376,0.012518437
0.0,0.063,0.0,0.172,0.012518437
0.002,0.057,0.0,-0.029,0.0
0.0,0.179,0.0,-0.017,0.0
0.0,0.022,0.0,0.234,0.012518437
0.0,-0.014,0.0,0.007,0.0
0.0,0.123,0.0,0.165,0.012518437
0.0,0.027,0.088,0.119,0.0
0.0,0.114,0.058,0.084,0.0
0.0,0.085,0.0,-0.009,0.0
0.0,0.022,0.0,0.297,0.012518437
0.0,0.211,0.0,0.168,0.012518437
0.0,-0.026,0.0,-0.179,0.0
0.0,0.019,0.0,-0.044,0.0
0.0,0.188,0.0,0.069,0.012518437
0.0,0.125,0.0,0.189,0.012518437
0.0,0.233,0.0,0.073,0.012518437
0.0,0.134,0.0,0.127,0.012518437
0.0,0.047,0.0,0.119,0.012518437
0.0,-0.142,0.0,0.273,0.0
0.0,0.178,0.0,0.015,0.012518437
0.0,0.021,0.0,0.144,0.012518437
0.0,-0.042,0.232,0.292,0.0
0.0,0.023,0.0,0.137,0.012518437
0.0,0.132,0.0,0.28,0.012518437
0.114,0.147,0.0,0.079,0.0
0.0,-0.114,0.0,0.261,0.0
0.044,0.058,0.0,0.227,0.0
0.0,0.154,0.0,-0.043,0.0
0.0,0.078,0.0,0.008,0.012518437
0.0,0.198,0.0,0.294,0.012518437
0.0,0.167,0.0,0.265,0.012518437
0.0,-0.073,0.006,0.06,0.0
0.074,0.11,0.0,-0.019,0.0
0.0,-0.023,0.0,0.186,0.0
0.0,0.143,0.0,0.009,0.012518437
0.0,-0.02,0.0,0.199,0.0
0.0,0.192,0.0,0.333,0.012518437
0.0,0.177,0.0,0.053,0.012518437
0.0,-0.034,0.0,0.094,0.0
0.0,0.096,0.0,0.159,0.012518437
0.0,0.181,0.05,0.108,0.0
0.001,0.087,0.0,-0.012,0.0
0.052,0.066,0.0,0.123,0.0
0.0,0.17,0.0,-0.086,0.0
0.0,0.018,0.0,0.121,0.012518437
0.0,0.237,0.0,0.114,0.012518437
0.0,0.005,0.046,0.09,0.0
0.0,0.151,0.0,0.023,0.012518437
0.0,0.397,0.0,0.108,0.012518437
0.0,0.402,0.0,-0.02,0.0
0.0,0.27,0.039,0.24,0.0
0.0,0.018,0.0,0.009,0.012518437
0.004,0.128,0.0,0.197,0.0
0.0,0.011,0.0,-0.105,0.0
0.0,0.15,0.014,0.116,0.0
0.0,-0.004,0.0,0.291,0.0
0.0,0.263,0.0,0.188,0.012518437
0.0,0.219,0.0,-0.044,0.0
0.0,0.235,0.0,0.013,0.012518437
0.0,0.141,0.0,0.289,0.012518437
0.0,0.022,0.0,0.099,0.012518437
0.0,0.016,0.0,0.009,0.012518437
0.0,0.226,0.0,0.052,0.012518437
0.0,0.255,0.0,0.191,0.012518437
0.0,0.003,0.0,0.102,0.012518437
0.0,0.094,0.0,-0.167,0.0
0.0,0.169,0.0,-0.004,0.0
0.0,0.282,0.052,0.196,0.0
0.0,0.211,0.0,0.174,0.012518437
0.0,-0.006,0.037,0.333,0.0
0.0,0.056,0.0,0.097,0.012518437
0.0,0.066,0.0,0.174,0.012518437
0.0,0.106,0.0,0.235,0.012518437
0.0,0.189,0.0,-0.04,0.0
0.0,0.064,0.0,-0.107,0.0
0.0,0.172,0.0,0.119,0.012518437
0.0,0.082,0.0,0.008,0.012518437
0.0,0.273,0.0,0.139,0.012518437
0.0,0.125,0.0,0.1,0.012518437
0.0,0.161,0.0,0.17,0.012518437
0.0,0.213,0.0,-0.041,0.0
0.0,-0.051,0.048,0.09,0.0
0.0,0.236,0.0,0.133,0.012518437
0.0,0.122,0.0,0.224,0.012518437
0.0,0.242,0.0,0.246,0.012518437
0.0,0.213,0.036,0.04,0.0
0.0,0.239,0.0,-0.009,0.0
0.066,0.138,0.0,-0.013,0.0
0.0,0.217,0.0,0.117,0.012518437
0.083,0.271,0.0,0.204,0.0
0.0,0.258,0.0,0.302,0.012518437
0.0,0.112,0.0,0.054,0.012518437
0.0,0.133,0.0,0.204,0.012518437
0.0,0.343,0.0,0.248,0.012518437
0.0,0.063,0.0,0.002,0.012518437
0.0,0.291,0.0,0.116,0.012518437
0.048,0.33,0.0,-0.015,0.0
0.0,0.243,0.0,-0.043,0.0
0.0,0.232,0.0,0.015,0.012518437
0.0,0.044,0.0,0.131,0.012518437
0.024,0.034,0.0,0.216,0.0
0.0,0.058,0.0,0.258,0.012518437
0.0,0.294,0.0,-0.036,0.0
0.015,0.029,0.0,0.052,0.0
0.0,0.169,0.0,0.151,0.012518437
0.046,0.146,0.0,0.219,0.0
0.0,-0.039,0.0,0.09,0.0
0.035,0.113,0.0,0.139,0.0
0.0,0.12,0.0,0.074,0.012518437
0.0,0.103,0.0,0.063,0.012518437
0.0,0.223,0.0,0.01,0.012518437
0.0,0.285,0.018,0.062,0.0
0.0,-0.033,0.0,0.295,0.0
0.076,0.112,0.0,0.118,0.0
0.0,-0.06,0.042,0.134,0.0
0.0,0.221,0.0,0.28,0.012518437
0.0,0.296,0.0,-0.003,0.0
0.0,0.205,0.025,0.199,0.0
0.004,0.174,0.0,0.117,0.0
0.0,0.24,0.0,0.024,0.012518437
0.0,0.183,0.0,0.086,0.012518437
0.038,0.228,0.0,-0.014,0.0
0.0,0.145,0.0,0.062,0.012518437
0.0,0.143,0.0,-0.093,0.0
0.0,0.229,0.0,0.241,0.012518437
0.0,0.119,0.0,0.201,0.012518437
0.0,0.136,0.0,0.316,0.012518437
0.0,0.113,0.124,0.136,0.0
0.0,0.224,0.0,0.051,0.012518437
0.0,0.035,0.0,0.225,0.012518437
0.0,-0.003,0.0,0.351,0.0
0.0,-0.056,0.0,0.143,0.0
0.0,0.214,0.0,0.163,0.012518437
0.0,0.249,0.0,0.117,0.012518437
0.0,-0.014,0.0,0.114,0.0
0.0,0.156,0.0,-0.036,0.0
0.0,0.217,0.0,0.165,0.012518437
0.0,0.228,0.0,0.259,0.012518437
0.0,0.159,0.0,0.218,0.012518437
0.005,0.157,0.0,-0.044,0.0
0.0,0.164,0.0,0.138,0.012518437
0.011,0.217,0.0,0.238,0.0
0.0,0.171,0.0,0.209,0.012518437
0.0,0.099,0.0,0.317,0.012518437
0.0,0.339,0.0,0.203,0.012518437
0.0,-0.118,0.0,0.01,0.0
0.0,0.139,0.0,0.045,0.012518437
0.0,0.013,0.0,-0.056,0.0
0.0,0.091,0.017,0.143,0.0
0.0,0.149,0.0,0.05,0.012518437
0.0,0.201,0.0,0.086,0.012518437
0.0,0.142,0.0,0.045,0.012518437
0.091,0.237,0.0,0.175,0.0
0.0,0.292,0.0,0.076,0.012518437
0.0,-0.089,0.0,0.058,0.0
0.045,0.075,0.0,0.185,0.0
0.006,0.148,0.0,0.045,0.0
0.0,0.066,0.0,0.058,0.012518437
0.0,0.132,0.0,0.217,0.012518437
0.015,0.093,0.02,0.056,0.0
0.0,0.148,0.009,0.223,0.0
0.018,0.2,0.0,0.113,0.0
0.0,0.08,0.0,0.118,0.012518437
0.0,-0.102,0.114,0.21,0.0
0.0,0.074,0.023,0.075,0.0
0.0,0.192,0.013,0.115,0.0
0.031,0.161,0.048,0.24,0.0
0.0,0.242,0.0,0.303,0.012518437
0.0,0.162,0.0,0.142,0.012518437
0.027,0.241,0.0,-0.046,0.0
0.0,-0.034,0.0,-0.025,0.0
0.0,0.307,0.0,0.111,0.012518437
0.0,0.133,0.0,-0.063,0.0
0.0,0.081,0.0,0.17,0.012518437
0.0,0.159,0.011,0.189,0.0
0.0,0.286,0.0,0.218,0.012518437
0.015,0.065,0.005,0.053,0.0
0.0,0.251,0.0,0.084,0.012518437
0.0,0.16,0.0,0.09,0.012518437
0.0,0.099,0.028,0.202,0.0
0.0,0.118,0.0,0.056,0.012518437
0.0,0.177,0.0,0.136,0.012518437
0.0,0.183,0.045,0.06,0.0
0.0,0.269,0.0,0.118,0.012518437
0.0,0.042,0.0,0.061,0.012518437
0.0,0.292,0.0,-0.145,0.0
0.049,0.153,0.0,0.007,0.0
0.0,0.082,0.0,0.108,0.012518437
0.008,0.054,0.004,0.192,0.0
0.0,0.065,0.0,-0.117,0.0
0.0,-0.029,0.0,0.048,0.0
0.0,0.211,0.0,0.044,0.012518437
0.0,0.262,0.0,0.109,0.012518437
0.0,0.161,0.0,0.06,0.012518437
0.0,0.387,0.0,0.199,0.012518437
0.0,0.208,0.0,-0.033,0.0
0.02,0.098,0.0,0.412,0.0
0.0,0.162,0.0,-0.151,0.0
0.0,0.22,0.0,0.186,0.012518437
0.007,0.116,0.0,-0.068,0.0
0.111,0.158,0.036,0.26,0.0
0.043,0.102,0.0,0.091,0.0
0.001,0.051,0.0,0.239,0.0
0.0,0.258,0.0,0.257,0.012518437
0.0,-0.09,0.046,0.09,0.0
0.0,0.199,0.0,0.104,0.012518437
0.0,0.067,0.0,0.036,0.012518437
0.0,0.227,0.0,0.25,0.012518437
0.0,-0.003,0.0,0.243,0.0
0.15,0.174,0.0,0.121,0.0
0.0,-0.04,0.0,0.172,0.0
0.0,-0.076,0.0,0.032,0.0
0.0,0.335,0.0,-0.07,0.0
0.0,0.226,0.0,-0.024,0.0
0.0,0.157,0.0,0.245,0.012518437
0.0,0.032,0.0,0.154,0.012518437
0.0,0.204,0.0,0.225,0.012518437
0.0,0.161,0.0,0.255,0.012518437
0.0,0.087,0.0,0.194,0.012518437
0.0,0.088,0.0,0.171,0.012518437
0.0,0.023,0.0,0.21,0.012518437
0.0,0.091,0.0,0.151,0.012518437
0.0,0.15,0.0,0.124,0.012518437
0.0,0.07,0.0,0.299,0.012518437
0.049,0.345,0.0,0.151,0.0
0.0,0.096,0.0,0.065,0.012518437
0.073,0.162,0.0,0.166,0.0
0.0,0.197,0.0,0.215,0.012518437
0.0,0.106,0.0,0.065,0.012518437
0.0,0.257,0.069,0.153,0.0
0.0,0.201,0.0,0.115,0.012518437
0.0,0.314,0.0,0.049,0.012518437
0.044,0.132,0.0,0.199,0.0
0.0,-0.001,0.0,0.049,0.0
0.0,0.134,0.0,-0.042,0.0
0.0,0.163,0.0,0.003,0.012518437
0.0,0.162,0.097,0.179,0.0
0.0,0.265,0.0,0.205,0.012518437
0.0,0.098,0.073,0.121,0.0
0.0,-0.051,0.0,0.086,0.0
0.0,0.196,0.0,0.051,0.012518437
0.0,-0.07,0.0,0.082,0.0
0.146,0.24,0.0,0.203,0.0
0.0,-0.144,0.0,0.346,0.0
0.142,0.153,0.068,0.08,0.0
0.0,-0.03,0.0,0.331,0.0
0.0,0.115,0.01,0.35,0.0
0.0,0.209,0.0,0.347,0.012518437
0.0,0.167,0.0,0.178,0.012518437
0.0,0.28,0.0,0.265,0.012518437
0.0,0.132,0.0,0.174,0.012518437
0.0,0.072,0.005,0.117,0.0
0.0,0.045,0.0,0.189,0.012518437
0.029,0.181,0.004,0.244,0.0
0.0,-0.088,0.014,0.048,0.0
0.0,0.106,0.0,0.076,0.012518437
0.0,0.262,0.0,0.109,0.012518437
0.0,0.346,0.0,0.173,0.012518437
0.0,0.1,0.0,0.253,0.012518437
0.0,-0.044,0.0,0.035,0.0
0.0,0.056,0.0,0.04,0.012518437
0.0,-0.044,0.0,-0.182,0.0
0.0,0.168,0.05,0.07,0.0
0.0,0.315,0.0,0.069,0.012518437
0.0,0.192,0.0,0.192,0.012518437
0.0,0.065,0.0,0.025,0.012518437
0.0,0.091,0.0,-0.092,0.0
0.001,0.443,0.0,-0.021,0.0
0.0,0.364,0.0,0.212,0.012518437
0.0,0.142,0.0,0.061,0.012518437
0.103,0.259,0.0,0.267,0.0
0.0,0.209,0.0,0.188,0.012518437
0.0,0.371,0.0,0.167,0.012518437
0.0,0.028,0.0,0.098,0.012518437
0.0,0.202,0.0,0.284,0.012518437
0.0,0.043,0.0,0.348,0.012518437
0.067,0.185,0.066,0.2,0.0
0.0,-0.072,0.0,0.056,0.0
0.0,0.195,0.0,-0.016,0.0
0.0,0.048,0.0,0.06,0.012518437
0.11,0.163,0.0,-0.009,0.0
0.0,-0.085,0.0,0.105,0.0
0.0,0.016,0.0,0.248,0.012518437
0.0,0.014,0.0,-0.042,0.0
0.033,0.099,0.0,0.124,0.0
0.0,0.047,0.0,0.232,0.012518437
0.0,0.323,0.0,0.155,0.012518437
0.0,0.061,0.0,0.074,0.012518437
0.0,0.271,0.0,0.017,0.012518437
0.0,0.036,0.0,0.179,0.012518437
0.0,-0.025,0.0,-0.075,0.0
0.0,0.198,0.0,0.059,0.012518437
0.0,0.253,0.017,0.209,0.0
0.0,0.168,0.0,0.224,0.012518437
0.0,0.168,0.0,0.048,0.012518437
0.0,0.105,0.0,0.22,0.012518437
0.0,0.197,0.0,0.041,0.012518437
0.0,0.179,0.0,0.171,0.012518437
0.018,0.122,0.0,0.087,0.0
0.0,0.202,0.0,0.189,0.012518437
0.0,0.039,0.0,0.076,0.012518437
0.0,0.152,0.0,-0.023,0.0
0.015,0.333,0.0,0.142,0.0
0.042,0.16,-0.0,0.176,0.0
0.0,0.06,0.0,0.048,0.012518437
0.107,0.145,0.0,0.044,0.0
0.0,0.072,0.0,0.087,0.012518437
0.0,0.039,0.0,0.295,0.012518437
0.002,0.064,0.0,-0.028,0.0
0.0,0.221,0.0,0.025,0.012518437
0.0,-0.119,0.0,0.078,0.0
0.0,0.256,0.0,0.041,0.012518437
0.0,0.098,0.0,0.23,0.012518437
0.174,0.254,0.0,0.015,0.0
0.0,0.063,0.0,0.053,0.012518437
0.0,0.171,0.0,0.376,0.012518437
0.0,0.319,0.0,0.157,0.012518437
0.0,0.024,0.0,0.246,0.012518437
0.0,0.13,0.032,0.236,0.0
0.0,0.145,0.0,0.17,0.012518437
0.0,0.127,0.1,0.256,0.0
0.0,-0.015,0.0,0.002,0.0
0.032,0.086,0.0,-0.074,0.0
0.0,0.244,0.0,0.165,0.012518437
0.121,0.226,0.0,0.228,0.0
0.0,0.008,0.0,0.22,0.012518437
0.0,0.001,0.037,0.207,0.0
0.059,0.207,0.0,-0.022,0.0
0.0,0.043,0.0,0.045,0.012518437
0.0,0.077,0.056,0.074,0.0
0.0,-0.054,0.0,0.288,0.0
0.0,0.05,0.0,0.227,0.012518437
0.0,0.251,0.0,0.114,0.012518437
0.034,0.244,0.0,-0.053,0.0
0.0,0.087,0.0,0.067,0.012518437
0.0,0.04,0.0,0.119,0.012518437
0.0,0.1,0.0,0.153,0.012518437
0.0,0.047,0.0,0.222,0.012518437
0.039,0.071,0.0,-0.097,0.0
0.0,0.222,0.0,0.146,0.012518437
0.0,0.217,0.0,0.018,0.012518437
0.0,-0.021,0.0,0.287,0.0
0.0,0.233,0.0,0.078,0.012518437
0.0,0.288,0.018,0.17,0.0
0.0,0.05,0.0,0.018,0.012518437
0.071,0.117,0.0,0.083,0.0
0.0,0.08,0.0,-0.003,0.0
0.0,0.156,0.0,0.098,0.012518437
0.0,0.016,0.0,0.021,0.012518437
0.0,-0.056,0.0,-0.0,0.0
0.0,-0.038,0.0,-0.016,0.0
0.0,0.212,0.0,-0.042,0.0
0.0,0.228,0.0,0.169,0.012518437
0.0,0.306,0.0,0.002,0.012518437
0.0,-0.004,0.0,0.222,0.0
0.01,0.024,0.036,0.076,0.0
0.0,0.145,0.0,0.01,0.012518437
0.0,0.107,0.0,0.078,0.012518437
0.0,0.33,0.0,0.239,0.012518437
0.0,-0.112,0.001,0.037,0.0
0.0,-0.045,0.0,0.196,0.0
0.0,0.175,0.0,0.22,0.012518437
0.0,0.082,0.0,0.042,0.012518437
0.033,0.151,0.065,0.153,0.0
0.0,0.223,0.0,0.006,0.012518437
0.0,0.066,0.0,0.124,0.012518437
0.0,0.005,0.0,0.139,0.012518437
0.0,0.196,0.0,0.235,0.012518437
0.076,0.177,0.0,0.194,0.0
0.0,0.151,0.0,0.042,0.012518437
0.0,-0.005,0.0,0.318,0.0
0.0,0.124,0.0,0.04,0.012518437
0.0,-0.062,0.052,0.065,0.0
0.129,0.175,0.0,0.315,0.0
0.0,0.272,0.0,0.208,0.012518437
0.0,0.293,0.0,0.105,0.012518437
0.0,0.015,0.0,0.085,0.012518437
0.013,0.033,0.0,-0.003,0.0
0.0,0.225,0.052,0.252,0.0
0.0,0.052,0.0,0.189,0.012518437
0.038,0.066,0.016,0.048,0.0
0.0,0.202,0.0,0.319,0.012518437
0.087,0.227,0.0,0.107,0.0
0.0,-0.179,0.0,0.025,0.0
0.062,0.158,0.0,-0.049,0.0
0.0,0.166,0.0,0.164,0.012518437
0.0,0.136,0.003,0.063,0.0
0.0,0.075,0.0,0.148,0.012518437
0.0,0.058,0.0,0.02,0.012518437
0.0,0.215,0.029,0.047,0.0
0.0,0.125,0.0,0.08,0.012518437
0.0,0.193,0.0,0.274,0.012518437
0.0,0.068,0.0,0.22,0.012518437
0.0,0.312,0.0,0.189,0.012518437
0.0,0.193,0.0,0.311,0.012518437
0.0,0.165,0.134,0.226,0.0
0.0,0.048,0.0,0.042,0.012518437
0.05,0.248,0.0,0.014,0.0
0.0,0.097,0.0,-0.042,0.0
0.0,-0.07,0.0,0.245,0.0
0.0,0.189,0.0,0.014,0.012518437
0.0,0.28,0.011,0.055,0.0
0.049,0.086,0.0,0.113,0.0
0.028,0.057,0.0,0.165,0.0
0.064,0.144,0.0,-0.098,0.0
0.0,0.053,0.024,0.1,0.0
0.0,0.35,0.0,-0.005,0.0
0.0,0.205,0.0,0.134,0.012518437
0.0,0.112,0.0,0.128,0.012518437
0.0,0.14,0.0,0.015,0.012518437
0.0,-0.019,0.0,0.315,0.0
0.0,0.044,0.0,0.106,0.012518437
0.0,0.343,0.0,0.2,0.012518437
0.0,0.457,0.0,0.026,0.012518437
0.0,0.231,0.0,0.247,0.012518437
0.0,0.387,0.0,0.118,0.012518437
0.198,0.22,0.0,0.073,0.0
0.0,0.08,0.0,0.051,0.012518437
0.0,0.144,0.0,-0.133,0.0
0.029,0.297,0.0,0.057,0.0
0.002,0.212,0.0,0.186,0.0
0.0,0.404,0.0,-0.005,0.0
0.0,0.238,0.0,-0.129,0.0
0.0,0.128,0.0,0.317,0.012518437
0.0,0.098,0.0,-0.059,0.0
0.0,0.211,0.0,0.104,0.012518437
0.0,0.13,0.0,0.025,0.012518437
0.0,0.225,0.0,0.147,0.012518437
0.0,0.196,0.0,0.043,0.012518437
0.0,0.273,0.002,0.02,0.0
0.0,0.282,0.0,0.197,0.012518437
0.0,0.049,0.0,0.028,0.012518437
0.0,0.105,0.0,0.155,0.012518437
0.0,0.254,0.0,0.308,0.012518437
0.017,0.269,0.0,0.019,0.0
0.0,0.095,0.0,0.083,0.012518437
0.0,0.28,0.0,0.172,0.012518437
0.0,-0.032,0.0,0.307,0.0
0.0,0.186,0.0,0.241,0.012518437
0.0,0.04,0.0,0.168,0.012518437
0.0,0.215,0.0,0.088,0.012518437
0.0,0.007,0.0,0.164,0.012518437
0.0,0.014,0.0,0.161,0.012518437
0.006,0.134,0.0,-0.067,0.0
0.117,0.311,0.0,0.206,0.0
0.0,0.145,0.0,0.217,0.012518437
0.0,0.191,0.0,0.137,0.012518437
0.0,0.266,0.0,0.4,0.012518437
0.0,0.293,0.0,0.014,0.012518437
0.0,0.335,0.0,-0.044,0.0
0.027,0.257,0.0,0.178,0.0
0.0,0.215,0.0,-0.077,0.0
0.0,0.083,0.0,0.011,0.012518437
0.0,0.008,0.0,-0.005,0.0
0.0,0.08,0.0,0.004,0.012518437
0.0,0.149,0.0,0.084,0.012518437
0.042,0.26,0.0,0.116,0.0
0.0,0.023,0.0,0.108,0.012518437
0.0,0.042,0.084,0.286,0.0
0.0,0.134,0.0,0.246,0.012518437
0.0,0.145,0.0,0.278,0.012518437
0.0,0.123,0.0,0.246,0.012518437
0.039,0.158,0.0,0.018,0.0
0.062,0.068,0.0,0.305,0.0
0.0,-0.043,0.0,0.157,0.0
0.0,0.047,0.025,0.059,0.0
0.0,0.022,0.068,0.22,0.0
0.028,0.246,0.0,0.01,0.0
0.054,0.302,0.0,-0.084,0.0
0.0,0.05,0.0,0.226,0.012518437
0.0,0.054,0.0,-0.067,0.0
0.0,0.331,0.0,0.272,0.012518437
0.0,0.232,0.0,0.063,0.012518437
0.0,0.249,0.0,-0.016,0.0
0.0,0.038,0.0,0.308,0.012518437
0.0,-0.061,0.0,0.175,0.0
0.0,0.22,0.0,0.076,0.012518437
0.0,0.092,0.0,0.057,0.012518437
0.035,0.057,0.0,0.138,0.0
0.0,0.15,0.013,0.059,0.0
0.0,0.169,0.0,0.164,0.012518437
0.0,0.148,0.0,0.06,0.012518437
0.0,0.182,0.011,0.143,0.0
0.015,0.105,0.0,0.272,0.0
0.0,0.012,0.0,0.169,0.012518437
0.0,-0.039,0.0,0.07,0.0
0.0,0.132,0.0,0.091,0.012518437
0.0,-0.051,0.079,0.159,0.0
0.0,0.174,0.0,0.238,0.012518437
0.0,0.316,0.0,-0.069,0.0
0.06,0.09,0.0,0.238,0.0
0.0,0.251,0.0,-0.105,0.0
0.0,0.155,0.0,0.225,0.012518437
0.0,-0.06,0.0,0.019,0.0
0.003,0.04,0.0,0.173,0.0
0.0,0.064,0.053,0.057,0.0
0.0,0.216,0.0,0.275,0.012518437
0.0,0.244,0.0,0.037,0.012518437
0.109,0.113,0.0,-0.047,0.0
0.0,0.018,0.02,0.024,0.0
0.0,0.007,0.0,0.036,0.012518437
0.0,0.175,0.0,0.151,0.012518437
0.067,0.089,0.0,0.056,0.0
0.0,0.266,0.0,0.006,0.012518437
0.0,0.059,0.0,-0.062,0.0
0.0,0.229,0.0,0.022,0.012518437
0.0,0.162,0.0,0.054,0.012518437
0.0,0.166,0.084,0.102,0.0
0.0,-0.02,0.0,0.064,0.0
0.0,0.013,0.0,-0.068,0.0
0.0,0.231,0.063,0.083,0.0
0.0,0.067,0.0,0.111,0.012518437
0.0,-0.022,0.0,0.212,0.0
0.0,0.063,0.0,0.038,0.012518437
0.0,0.005,0.0,0.069,0.012518437
0.065,0.196,0.0,0.29,0.0
0.0,0.024,0.006,0.066,0.0
0.0,-0.065,0.0,0.033,0.0
0.0,0.03,0.0,0.228,0.012518437
0.124,0.179,0.0,0.245,0.0
0.068,0.084,0.0,0.122,0.0
0.0,0.215,0.0,0.245,0.012518437
0.0,0.252,0.0,0.119,0.012518437
0.0,0.332,0.0,0.129,0.012518437
0.0,0.147,0.078,0.18,0.0
0.0,0.236,0.015,0.047,0.0
0.0,0.262,0.0,0.199,0.012518437
0.0,0.051,0.0,-0.011,0.0
0.0,0.032,0.0,0.064,0.012518437
0.0,0.075,0.0,0.177,0.012518437
0.0,0.074,0.001,0.132,0.0
0.012,0.084,0.0,0.253,0.0
0.0,0.099,0.0,-0.019,0.0
0.045,0.215,0.0,0.006,0.0
0.0,0.065,0.0,0.096,0.012518437
0.013,0.09,0.0,0.397,0.0
0.0,-0.003,0.0,0.138,0.0
0.0,0.286,0.0,0.189,0.012518437
0.0,0.105,0.0,0.222,0.012518437
0.0,0.156,0.0,0.241,0.012518437
0.0,0.225,0.0,0.175,0.012518437
0.0,-0.142,0.0,0.178,0.0
0.0,0.227,0.015,0.067,0.0
0.001,0.011,0.0,0.202,0.0
0.0,0.133,0.0,0.179,0.012518437
0.0,0.183,0.0,0.236,0.012518437
0.0,-0.129,0.0,0.038,0.0
0.0,0.2,0.0,0.156,0.012518437
0.0,0.351,0.011,0.173,0.0
0.0,0.057,0.0,0.082,0.012518437
0.0,0.158,0.0,0.073,0.012518437
0.0,0.009,0.0,0.253,0.012518437
0.0,0.048,0.0,0.298,0.012518437
0.0,0.168,0.0,0.246,0.012518437
0.0,0.04,0.0,0.097,0.012518437
0.0,0.068,0.0,-0.098,0.0
0.0,0.043,0.0,0.037,0.012518437
0.0,0.062,0.0,0.338,0.012518437
0.0,-0.087,0.002,0.07,0.0
0.0,-0.101,0.0,0.147,0.0
0.0,0.148,0.0,0.12,0.012518437
0.0,0.205,0.0,0.206,0.012518437
0.0,0.207,0.034,0.128,0.0
0.0,0.048,0.0,0.044,0.012518437
0.0,0.187,0.0,0.117,0.012518437
0.0,-0.077,0.0,0.056,0.0
0.065,0.177,0.0,0.068,0.0
0.0,-0.025,0.078,0.094,0.0
0.0,0.146,0.0,0.082,0.012518437
0.0,0.147,0.0,0.164,0.012518437
0.0,0.194,0.073,0.223,0.0
0.0,0.261,0.092,0.16,0.0
0.0,0.348,0.0,0.094,0.012518437
0.0,0.205,0.0,0.164,0.012518437
0.0,0.025,0.0,-0.019,0.0
0.0,0.255,0.0,0.177,0.012518437
0.0,-0.076,0.0,0.111,0.0
0.0,0.091,0.069,0.151,0.0
0.03,0.077,0.0,0.086,0.0
0.0,0.205,0.0,0.163,0.012518437
0.0,0.091,0.0,0.265,0.012518437
0.0,0.007,0.0,0.264,0.012518437
0.0,0.058,0.0,0.176,0.012518437
0.0,0.124,0.0,0.255,0.012518437
0.021,0.025,0.0,0.003,0.0
0.0,0.242,0.0,0.247,0.012518437
0.0,0.003,0.0,0.083,0.012518437
0.0,0.215,0.0,0.083,0.012518437
0.0,0.0,0.0,0.065,0.012518437
0.0,0.174,0.0,0.167,0.012518437
0.0,0.199,0.0,0.081,0.012518437
0.0,0.309,0.0,0.07,0.012518437
0.099,0.101,0.0,0.173,0.0
0.0,0.04,0.0,0.172,0.012518437
0.0,0.208,0.116,0.14,0.0
0.112,0.207,0.0,0.176,0.0
0.0,0.251,0.0,0.057,0.012518437
0.0,0.086,0.0,-0.031,0.0
0.0,0.108,0.047,0.361,0.0
0.0,-0.007,0.0,-0.132,0.0
0.0,0.067,0.006,0.084,0.0
0.0,0.309,0.0,0.096,0.012518437
0.0,0.184,0.0,0.071,0.012518437
0.0,0.215,0.0,-0.048,0.0
0.0,0.046,0.0,-0.132,0.0
0.064,0.196,0.044,0.114,0.0
0.0,-0.003,0.0,-0.056,0.0
0.0,0.209,0.0,0.201,0.012518437
0.0,0.074,0.0,0.074,0.012518437
0.0,0.072,0.0,0.249,0.012518437
0.017,0.021,0.0,-0.066,0.0
0.0,0.271,0.015,0.141,0.0
0.0,0.171,0.0,-0.024,0.0
0.043,0.187,0.0,-0.065,0.0
0.078,0.122,0.0,0.134,0.0
0.0,0.15,0.0,0.142,0.012518437
0.0,0.069,0.0,-0.059,0.0
0.0,0.158,0.0,-0.015,0.0
0.0,0.072,0.0,0.296,0.012518437
0.0,0.259,0.0,-0.013,0.0
0.0,0.136,0.067,0.377,0.0
0.062,0.206,0.0,0.243,0.0
0.069,0.135,0.032,0.066,0.0
0.0,0.076,0.0,0.254,0.012518437
0.0,0.127,0.0,0.214,0.012518437
0.0,0.192,0.0,0.208,0.012518437
0.0,0.193,0.0,-0.108,0.0
0.0,0.137,0.0,0.044,0.012518437
0.0,-0.016,0.0,0.209,0.0
0.0,0.159,0.0,0.169,0.012518437
0.0,0.339,0.0,0.065,0.012518437
0.0,-0.06,0.0,0.06,0.0
0.0,0.065,0.0,-0.034,0.0
0.0,-0.027,0.0,0.244,0.0
0.0,0.081,0.1,0.156,0.0
0.0,0.058,0.0,0.276,0.012518437
0.0,-0.032,0.0,0.131,0.0
0.0,0.11,0.043,0.098,0.0
0.0,0.286,0.0,0.012,0.012518437
0.0,0.081,0.0,-0.026,0.0
0.0,0.177,0.0,0.137,0.012518437
0.0,0.197,0.0,0.189,0.012518437
0.058,0.068,0.137,0.194,0.0
0.0,0.08,0.0,0.022,0.012518437
0.0,0.196,0.0,-0.034,0.0
0.0,0.016,0.0,-0.023,0.0
0.053,0.331,0.0,-0.074,0.0
0.0,0.297,0.069,0.151,0.0
0.0,0.214,0.116,0.148,0.0
0.0,0.048,0.0,-0.103,0.0
0.0,-0.024,0.0,-0.059,0.0
0.0,0.131,0.077,0.126,0.0
0.0,0.06,0.088,0.1,0.0
0.0,0.044,0.0,0.226,0.012518437
0.0,0.259,0.0,0.295,0.012518437
0.0,0.25,0.0,0.096,0.012518437
0.0,0.209,0.0,0.255,0.012518437
0.0,0.273,0.011,0.307,0.0
0.0,0.209,0.0,0.126,0.012518437
0.0,0.231,0.009,0.071,0.0
0.0,0.123,0.0,0.109,0.012518437
0.0,0.167,0.0,0.186,0.012518437
0.0,0.101,0.0,0.045,0.012518437
0.0,0.271,0.0,0.114,0.012518437
0.0,0.101,0.0,-0.038,0.0
0.0,0.128,0.0,0.001,0.012518437
0.111,0.117,0.0,0.091,0.0
0.0,0.347,0.001,0.019,0.0
0.0,0.091,0.0,0.061,0.012518437
0.0,0.165,0.0,0.262,0.012518437
0.0,0.405,0.0,0.22,0.012518437
0.0,0.097,0.003,0.083,0.0
0.0,-0.043,0.0,0.115,0.0
0.011,0.103,0.0,0.022,0.0
0.0,0.018,0.0,0.165,0.012518437
0.0,0.116,0.0,0.04,0.012518437
0.012,0.124,0.0,0.142,0.0
0.004,0.052,0.0,0.253,0.0
0.003,0.097,0.024,0.028,0.0
0.0,-0.041,0.0,0.158,0.0
0.0,-0.144,0.0,0.137,0.0
0.0,0.098,0.0,0.013,0.012518437
0.0,0.229,0.093,0.153,0.0
0.0,0.187,0.0,0.079,0.012518437
0.0,0.011,0.0,0.044,0.012518437
0.0,0.095,0.0,0.038,0.012518437
0.0,0.145,0.0,0.354,0.012518437
0.0,-0.026,0.0,0.147,0.0
0.0,0.023,0.0,0.216,0.012518437
0.0,0.001,0.0,0.046,0.012518437
0.0,0.065,0.0,0.162,0.012518437
0.12,0.212,0.0,0.182,0.0
0.0,0.247,0.0,0.144,0.012518437
0.0,0.102,0.0,0.033,0.012518437
0.0,0.196,0.0,0.293,0.012518437
0.0,-0.094,0.0,-0.034,0.0
0.127,0.129,0.0,0.192,0.0
0.0,-0.066,0.0,0.035,0.0
0.0,0.296,0.0,-0.119,0.0
0.0,0.295,0.0,0.204,0.012518437
0.0,0.138,0.0,0.214,0.012518437
0.0,-0.088,0.045,0.123,0.0
0.0,0.038,0.0,0.134,0.012518437
0.0,-0.07,0.048,0.108,0.0
0.0,0.289,0.0,0.332,0.012518437
0.0,0.11,0.0,-0.086,0.0
0.048,0.113,0.0,0.102,0.0
0.0,0.222,0.156,0.164,0.0
0.0,0.215,0.0,0.108,0.012518437
0.0,0.026,0.0,0.213,0.012518437
0.0,0.167,0.0,0.107,0.012518437
0.0,0.274,0.0,0.164,0.012518437
0.031,0.097,0.0,-0.047,0.0
0.0,0.174,0.0,0.184,0.012518437
0.0,0.141,0.0,0.161,0.012518437
0.035,0.173,0.004,0.074,0.0
0.0,0.064,0.0,0.021,0.012518437
0.0,-0.033,0.0,0.076,0.0
0.0,0.077,0.0,0.364,0.012518437
0.082,0.093,0.0,0.138,0.0
0.0,0.131,0.0,-0.008,0.0
0.0,0.072,0.075,0.163,0.0
0.0,-0.043,0.0,0.167,0.0
0.099,0.117,0.134,0.151,0.0
0.0,-0.036,0.0,0.247,0.0
0.0,0.274,0.0,0.022,0.012518437
0.0,-0.01,0.0,0.051,0.0
0.0,0.14,0.0,0.188,0.012518437
0.0,0.216,0.0,-0.028,0.0
0.0,0.215,0.0,0.182,0.012518437
0.0,0.054,0.013,0.165,0.0
0.0,0.095,0.0,0.157,0.012518437
0.0,0.076,0.0,0.393,0.012518437
0.0,0.356,0.0,0.041,0.012518437
0.0,0.105,0.0,0.156,0.012518437
0.0,-0.008,0.076,0.114,0.0
0.033,0.109,0.0,0.116,0.0
0.0,0.126,0.0,0.147,0.012518437
0.0,0.327,0.004,0.021,0.0
0.0,0.256,0.0,-0.083,0.0
0.0,-0.074,0.0,0.223,0.0
0.0,0.244,0.0,0.288,0.012518437
0.0,0.096,0.0,0.118,0.012518437
0.0,-0.017,0.0,-0.062,0.0
0.0,0.202,0.119,0.272,0.0
0.0,0.026,0.0,0.16,0.012518437
0.0,0.031,0.0,-0.025,0.0
0.0,0.232,0.0,0.007,0.012518437
0.0,0.182,0.002,0.146,0.0
0.0,-0.011,0.0,-0.124,0.0
0.0,0.014,0.0,0.44,0.012518437
0.0,0.15,0.0,0.042,0.012518437
0.02,0.2,0.0,-0.021,0.0
0.0,0.149,0.0,0.316,0.012518437
0.0,0.055,0.0,0.112,0.012518437
0.0,0.082,0.0,0.284,0.012518437
0.0,0.014,0.041,0.155,0.0
0.026,0.038,0.0,0.043,0.0
0.0,0.268,0.0,0.032,0.012518437
0.0,0.033,0.0,-0.026,0.0
0.0,0.181,0.0,0.041,0.012518437
0.016,0.194,0.0,0.153,0.0
0.0,0.172,0.0,0.132,0.012518437
0.0,-0.146,0.033,0.149,0.0
0.0,0.05,0.0,0.149,0.012518437
0.0,0.048,0.0,-0.112,0.0
0.0,-0.057,0.0,0.135,0.0
0.0,0.145,0.0,0.008,0.012518437
0.0,0.192,0.0,0.142,0.012518437
0.0,0.046,0.0,0.229,0.012518437
0.036,0.128,0.0,0.114,0.0
0.0,0.014,0.0,0.049,0.012518437
0.0,0.084,0.0,0.241,0.012518437
0.0,0.124,0.0,0.131,0.012518437
0.0,0.045,0.0,0.004,0.012518437
0.0,0.23,0.0,0.191,0.012518437
0.0,0.252,0.0,0.264,0.012518437
0.0,0.172,0.0,0.243,0.012518437
0.0,0.195,0.0,-0.087,0.0
0.0,0.253,0.0,0.173,0.012518437
0.0,0.073,0.0,-0.036,0.0
0.141,0.143,0.0,0.162,0.0
0.0,0.018,0.0,0.284,0.012518437
0.0,0.089,0.037,0.45,0.000385494
0.0,0.069,0.0,0.069,0.012518437
0.0,-0.174,0.0,0.109,0.0
0.0,0.033,0.105,0.197,0.0
0.0,-0.088,0.0,0.024,0.0
0.0,0.256,0.0,0.18,0.012518437
0.0,0.167,0.103,0.166,0.0
0.0,0.234,0.0,0.175,0.012518437
0.0,0.145,0.0,0.041,0.012518437
0.0,0.076,0.035,0.039,0.0
0.0,0.107,0.0,0.258,0.012518437
0.0,0.256,0.0,0.027,0.012518437
0.0,0.218,0.0,0.129,0.012518437
0.091,0.107,0.0,0.096,0.0
0.0,0.229,0.011,0.063,0.0
0.0,0.159,0.0,0.221,0.012518437
0.0,0.08,0.0,0.088,0.012518437
0.0,0.214,0.0,0.077,0.012518437
0.0,-0.031,0.0,0.086,0.0
0.0,-0.079,0.0,0.168,0.0
0.0,0.056,0.0,0.142,0.012518437
0.0,-0.053,0.0,0.098,0.0
0.0,0.074,0.0,0.21,0.012518437
0.0,0.108,0.0,0.102,0.012518437
0.0,-0.061,0.033,0.123,0.0
0.0,-0.091,0.0,0.12,0.0
0.0,0.116,0.0,-0.011,0.0
0.0,0.1,0.048,0.102,0.0
0.099,0.176,0.0,0.118,0.0
0.0,0.131,0.0,0.047,0.012518437
0.091,0.129,0.0,0.128,0.0
0.0,-0.003,0.0,-0.029,0.0
0.0,0.183,0.0,-0.167,0.0
0.0,0.09,0.0,0.205,0.012518437
0.022,0.32,0.0,0.197,0.0
0.0,0.019,0.04,0.158,0.0
0.035,0.048,0.057,0.122,0.0
0.0,0.136,0.0,0.173,0.012518437
0.0,0.32,0.0,0.143,0.012518437
0.0,-0.028,0.0,0.217,0.0
0.0,0.038,0.0,0.073,0.012518437
0.0,0.229,0.0,0.088,0.012518437
0.12,0.18,0.0,0.069,0.0
0.0,0.149,0.016,0.352,0.0
0.0,-0.032,0.0,0.176,0.0
0.0,0.324,0.0,0.012,0.012518437
0.0,0.148,0.008,0.098,0.0
0.0,0.163,0.0,0.218,0.012518437
0.0,0.024,0.0,0.017,0.012518437
0.0,0.004,0.0,0.099,0.012518437
0.0,0.11,0.0,0.293,0.012518437
0.0,0.332,0.0,0.051,0.012518437
0.0,0.111,0.0,0.243,0.012518437
0.0,0.018,0.0,0.007,0.012518437
0.0,0.215,0.0,0.227,0.012518437
0.0,-0.007,0.0,0.124,0.0
0.004,0.251,0.0,0.053,0.0
0.0,0.209,0.0,0.188,0.012518437
0.0,-0.034,0.0,0.012,0.0
0.0,0.169,0.0,-0.002,0.0
0.0,0.179,0.0,0.275,0.012518437
0.0,-0.011,0.0,0.243,0.0
0.0,0.038,0.0,0.149,0.012518437
0.0,0.07,0.03,0.09,0.0
0.0,0.101,0.0,0.329,0.012518437
0.0,0.351,0.0,0.215,0.012518437
0.0,0.004,0.016,0.144,0.0
0.0,0.02,0.0,0.09,0.012518437
0.0,0.002,0.052,0.188,0.0
0.0,-0.054,0.0,-0.011,0.0
0.0,0.08,0.0,0.105,0.012518437
0.0,0.11,0.0,-0.089,0.0
0.0,0.258,0.0,0.107,0.012518437
0.0,0.083,0.0,-0.007,0.0
0.0,0.051,0.0,0.006,0.012518437
0.0,0.205,0.0,0.134,0.012518437
0.0,0.405,0.0,0.189,0.012518437
0.0,0.25,0.0,0.093,0.012518437
0.0,0.253,0.0,0.167,0.012518437
0.0,0.292,0.0,0.099,0.012518437
0.0,0.275,0.0,0.101,0.012518437
0.0,0.067,0.0,0.194,0.012518437
0.0,0.017,0.093,0.345,0.0
0.0,0.119,0.0,0.155,0.012518437
0.0,0.039,0.013,0.104,0.0
0.0,0.023,0.0,0.222,0.012518437
0.0,0.181,0.0,0.088,0.012518437
0.003,0.317,0.0,0.045,0.0
0.005,0.295,0.0,0.191,0.0
0.0,0.14,0.0,0.116,0.012518437
0.0,0.186,0.0,-0.052,0.0
0.0,-0.004,0.0,0.314,0.0
0.0,0.273,0.0,-0.052,0.0
0.0,0.285,0.0,0.131,0.012518437
0.0,0.164,0.056,0.076,0.0
0.072,0.15,0.0,0.163,0.0
0.0,0.038,0.024,0.036,0.0
0.0,-0.002,0.134,0.146,0.0
0.0,0.083,0.0,0.009,0.012518437
0.0,0.233,0.0,0.147,0.012518437
0.0,0.229,0.0,0.054,0.012518437
0.0,-0.044,0.0,0.204,0.0
0.0,0.055,0.0,0.048,0.012518437
0.0,0.075,0.034,0.119,0.0
0.0,0.01,0.0,0.079,0.012518437
0.0,0.169,0.0,0.239,0.012518437
0.0,0.163,0.0,0.074,0.012518437
0.0,0.323,0.0,0.143,0.012518437
0.0,0.067,0.0,0.287,0.012518437
0.029,0.118,0.0,0.132,0.0
0.0,0.233,0.0,0.212,0.012518437
0.039,0.093,0.0,0.068,0.0
0.018,0.028,0.0,0.136,0.0
0.0,-0.143,0.048,0.201,0.0
0.0,-0.003,0.0,0.007,0.0
0.0,0.182,0.0,0.199,0.012518437
0.0,0.065,0.0,-0.069,0.0
0.067,0.233,0.0,0.005,0.0
0.0,0.147,0.092,0.102,0.0
0.0,0.217,0.018,0.162,0.0
0.0,0.086,0.0,0.171,0.012518437
0.0,0.019,0.0,0.097,0.012518437
0.0,-0.034,0.0,0.111,0.0
0.0,0.101,0.0,0.098,0.012518437
0.0,-0.059,0.0,0.02,0.0
0.0,0.1,0.008,0.206,0.0
0.0,0.084,0.0,0.029,0.012518437
0.0,0.301,0.0,0.162,0.012518437
0.0,0.046,0.0,0.05,0.012518437
0.0,0.163,0.0,0.104,0.012518437
0.0,0.095,0.0,0.141,0.012518437
0.0,-0.186,0.0,0.0,0.0
0.0,0.331,0.0,0.112,0.012518437
0.0,0.144,0.0,0.085,0.012518437
0.0,0.219,0.067,0.127,0.0
0.0,0.139,0.0,-0.043,0.0
0.0,0.171,0.0,0.325,0.012518437
0.0,0.207,0.0,0.006,0.012518437
0.0,0.098,0.045,0.108,0.0
0.0,0.065,0.0,-0.088,0.0
0.0,0.023,0.018,0.199,0.0
0.0,0.12,0.0,-0.045,0.0
0.0,0.151,0.0,0.225,0.012518437
0.0,0.087,0.0,0.044,0.012518437
0.0,0.21,0.0,0.093,0.012518437
0.0,0.368,0.0,0.093,0.012518437
0.0,0.272,0.0,-0.051,0.0
0.0,-0.009,0.0,0.205,0.0
0.0,0.165,0.0,0.18,0.012518437
0.0,-0.008,0.0,-0.066,0.0
0.0,0.119,0.008,0.236,0.0
0.0,0.017,0.0,0.025,0.012518437
0.0,0.174,0.0,0.112,0.012518437
0.0,0.177,0.0,0.089,0.012518437
0.0,0.034,0.0,-0.009,0.0
0.0,0.008,0.0,0.041,0.012518437
0.0,0.006,0.0,0.133,0.012518437
0.0,0.128,0.0,0.185,0.012518437
0.0,-0.008,0.0,0.026,0.0
0.0,0.042,0.0,0.235,0.012518437
0.084,0.138,0.01,0.164,0.0
0.0,0.065,0.0,0.178,0.012518437
0.054,0.104,0.0,0.163,0.0
0.0,0.134,0.0,0.147,0.012518437
0.0,0.096,0.0,0.239,0.012518437
0.0,0.03,0.0,0.239,0.012518437
0.0,-0.087,0.062,0.203,0.0
0.0,0.26,0.0,0.172,0.012518437
0.0,0.005,0.0,0.165,0.012518437
0.097,0.111,0.0,-0.113,0.0
0.0,0.072,0.0,0.017,0.012518437
0.0,0.163,0.0,0.153,0.012518437
0.0,0.32,0.0,-0.091,0.0
0.0,-0.146,0.0,0.157,0.0
0.0,0.238,0.0,0.052,0.012518437
0.0,-0.041,0.0,0.05,0.0
0.0,0.074,0.0,0.103,0.012518437
0.0,0.267,0.102,0.286,0.0
0.0,0.088,0.0,0.162,0.012518437
0.0,0.013,0.0,-0.135,0.0
0.0,-0.126,0.0,0.213,0.0
0.0,0.142,0.0,-0.049,0.0
0.0,0.213,0.0,0.304,0.012518437
0.0,0.338,0.0,0.286,0.012518437
0.0,0.026,0.0,0.32,0.012518437
0.0,0.151,0.0,-0.009,0.0
0.0,-0.093,0.0,0.127,0.0
0.0,0.115,0.0,0.19,0.012518437
0.0,0.016,0.0,0.279,0.012518437
0.0,0.083,0.0,0.003,0.012518437
0.0,0.021,0.0,0.15,0.012518437
0.032,0.07,0.0,0.156,0.0
0.0,0.267,0.006,0.152,0.0
0.0,-0.045,0.118,0.178,0.0
0.0,0.131,0.087,0.309,0.0
0.0,0.093,0.0,0.155,0.012518437
0.0,0.236,0.0,0.043,0.012518437
0.0,0.039,0.0,0.2,0.012518437
0.0,0.056,0.0,0.062,0.012518437
0.0,-0.049,0.066,0.154,0.0
0.001,0.093,0.0,0.099,0.0
0.0,0.216,0.0,0.168,0.012518437
0.0,0.131,0.0,0.252,0.012518437
0.0,0.172,0.035,0.179,0.0
0.0,0.185,0.065,0.147,0.0
0.0,0.05,0.0,0.127,0.012518437
0.0,0.075,0.0,0.269,0.012518437
0.0,0.092,0.0,-0.024,0.0
0.012,0.286,0.0,0.23,0.0
0.0,-0.063,0.0,0.238,0.0
0.0,0.13,0.0,0.097,0.012518437
0.0,-0.027,0.0,-0.027,0.0
0.0,0.076,0.041,0.093,0.0
0.0,0.098,0.1,0.104,0.0
0.0,0.339,0.0,0.191,0.012518437
0.0,0.115,0.0,0.262,0.012518437
0.0,-0.089,0.069,0.151,0.0
0.0,0.254,0.1,0.224,0.0
0.0,0.112,0.0,0.029,0.012518437
0.0,-0.027,0.0,0.207,0.0
0.0,-0.007,0.0,0.139,0.0
0.0,0.165,0.0,-0.042,0.0
0.0,0.281,0.0,0.221,0.012518437
0.0,0.205,0.0,0.044,0.012518437
0.0,0.054,0.0,0.142,0.012518437
0.0,0.261,0.0,0.046,0.012518437
0.0,0.142,0.023,0.127,0.0
0.0,0.327,0.0,0.012,0.012518437
0.0,0.299,0.0,0.086,0.012518437
0.0,-0.003,0.0,0.238,0.0
0.0,0.203,0.0,0.123,0.012518437
0.0,0.025,0.0,-0.002,0.0
0.0,0.175,0.0,0.135,0.012518437
0.0,0.185,0.0,0.085,0.012518437
0.0,0.039,0.0,0.095,0.012518437
0.0,0.219,0.0,0.187,0.012518437
0.0,0.163,0.0,0.327,0.012518437
0.0,0.054,0.0,0.089,0.012518437
0.0,0.117,0.0,0.255,0.012518437
0.0,0.051,0.0,0.452,0.012518437
0.006,0.221,0.0,0.06,0.0
0.0,0.195,0.056,0.13,0.0
0.0,-0.057,0.0,0.121,0.0
0.0,-0.089,0.0,0.277,0.0
0.0,0.157,0.0,0.182,0.012518437
0.0,-0.069,0.0,0.152,0.0
0.0,0.197,0.0,0.252,0.012518437
0.0,0.085,0.0,0.203,0.012518437
0.0,0.206,0.0,0.339,0.012518437
0.0,0.056,0.027,0.049,0.0
0.014,0.037,0.0,-0.066,0.0
0.0,0.268,0.0,0.07,0.012518437
0.0,0.11,0.0,0.001,0.012518437
0.0,0.279,0.0,0.006,0.012518437
0.0,0.142,0.0,0.132,0.012518437
0.0,0.06,0.0,0.109,0.012518437
0.0,0.17,0.0,0.183,0.012518437
0.0,0.172,0.0,0.085,0.012518437
0.0,-0.037,0.0,0.28,0.0
0.0,0.185,0.0,-0.111,0.0
0.0,0.086,0.027,0.098,0.0
0.0,-0.086,0.0,0.229,0.0
0.065,0.079,0.0,0.003,0.0
0.0,0.226,0.0,0.042,0.012518437
0.0,-0.027,0.0,-0.046,0.0
0.0,-0.161,0.0,0.259,0.0
0.0,-0.165,0.0,0.083,0.0
0.0,0.161,0.0,0.069,0.012518437
0.0,0.217,0.0,0.214,0.012518437
0.0,0.133,0.0,0.181,0.012518437
0.0,0.27,0.0,0.162,0.012518437
0.0,0.064,0.0,0.187,0.012518437
0.0,0.218,0.0,0.076,0.012518437
0.09,0.209,0.0,-0.029,0.0
0.0,0.166,0.0,-0.051,0.0
0.0,0.211,0.0,0.115,0.012518437
0.0,0.251,0.002,0.329,0.0
0.0,0.245,0.0,-0.003,0.0
0.0,0.162,0.0,0.197,0.012518437
0.039,0.049,0.0,0.318,0.0
0.0,0.3,0.014,0.3,0.0
0.136,0.242,0.0,0.256,0.0
0.0,0.069,0.0,0.169,0.012518437
0.0,0.033,0.0,0.125,0.012518437
0.0,0.225,0.0,0.261,0.012518437
0.0,0.147,0.0,0.169,0.012518437
0.0,0.175,0.0,0.0,0.012518437
0.011,0.275,0.0,0.253,0.0
0.0,0.251,0.0,-0.035,0.0
0.0,0.309,0.044,0.096,0.0
0.0,0.149,0.0,0.156,0.012518437
0.0,0.195,0.118,0.226,0.0
0.0,0.031,0.0,0.102,0.012518437
0.0,-0.16,0.0,0.15,0.0
0.0,0.267,0.0,-0.07,0.0
0.0,0.111,0.0,0.163,0.012518437
0.0,0.135,0.004,0.098,0.0
0.0,0.169,0.0,0.054,0.012518437
0.004,0.044,0.0,0.126,0.0
0.0,0.149,0.0,0.076,0.012518437
0.0,0.16,0.0,-0.013,0.0
0.075,0.288,0.0,0.226,0.0
0.176,0.178,0.0,-0.006,0.0
0.0,0.222,0.0,0.056,0.012518437
0.0,0.217,0.101,0.201,0.0
0.0,0.167,0.0,0.234,0.012518437
0.0,0.147,0.0,0.045,0.012518437
0.0,0.201,0.0,0.025,0.012518437
0.0,-0.112,0.0,0.157,0.0
0.0,0.05,0.0,-0.066,0.0
0.0,0.235,0.0,0.048,0.012518437
0.0,0.089,0.0,0.263,0.012518437
0.0,0.406,0.0,0.197,0.012518437
0.034,0.254,0.0,0.113,0.0
0.0,0.139,0.0,0.021,0.012518437
0.0,-0.004,0.0,0.201,0.0
0.0,0.307,0.0,0.132,0.012518437
0.0,0.301,0.0,0.139,0.012518437
0.0,0.034,0.0,0.213,0.012518437
0.0,-0.037,0.0,-0.015,0.0
0.0,0.244,0.0,0.247,0.012518437
0.0,0.153,0.0,0.231,0.012518437
0.0,0.239,0.0,-0.01,0.0
0.0,0.042,0.0,0.213,0.012518437
0.0,0.195,0.0,0.116,0.012518437
0.0,0.06,0.0,0.053,0.012518437
0.0,-0.119,0.022,0.14,0.0
0.0,0.189,0.0,-0.024,0.0
0.0,-0.003,0.0,0.188,0.0
0.0,0.009,0.0,0.106,0.012518437
0.0,0.043,0.0,-0.03,0.0
0.0,0.268,0.0,0.149,0.012518437
0.024,0.128,0.0,0.091,0.0
0.0,0.041,0.0,-0.01,0.0
0.0,-0.13,0.0,0.251,0.0
0.0,0.072,0.0,0.268,0.012518437
0.0,0.324,0.0,0.097,0.012518437
0.017,0.032,0.129,0.343,0.0
0.0,-0.038,0.0,0.044,0.0
0.0,0.406,0.0,0.367,0.012518437
0.0,0.137,0.035,0.099,0.0
0.0,0.125,0.0,0.287,0.012518437
0.0,0.289,0.0,0.165,0.012518437
0.002,0.056,0.0,0.15,0.0
0.0,0.003,0.0,0.043,0.012518437
0.112,0.139,0.0,0.199,0.0
0.026,0.103,0.0,-0.091,0.0
0.0,0.263,0.0,0.114,0.012518437
0.0,0.191,0.0,-0.008,0.0
0.0,0.296,0.0,0.155,0.012518437
0.0,0.126,0.0,0.076,0.012518437
0.0,0.14,0.0,-0.046,0.0
0.0,0.078,0.058,0.192,0.0
0.0,0.185,0.0,0.063,0.012518437
0.0,0.236,0.0,-0.075,0.0
0.0,-0.144,0.0,0.009,0.0
0.053,0.115,0.0,-0.03,0.0
0.0,0.107,0.0,0.081,0.012518437
0.009,0.33,0.0,-0.005,0.0
0.074,0.438,0.0,0.217,0.0
0.0,0.145,0.0,0.078,0.012518437
0.0,-0.004,0.0,-0.095,0.0
0.124,0.146,0.0,0.231,0.0
0.0,0.124,0.0,-0.011,0.0
0.08,0.17,0.0,0.022,0.0
0.0,0.272,0.056,0.119,0.0
0.0,0.141,0.0,-0.071,0.0
0.0,0.195,0.0,-0.119,0.0
0.0,0.193,0.0,-0.176,0.0
0.0,0.295,0.106,0.3,0.0
0.0,-0.031,0.0,0.087,0.0
0.05,0.072,0.0,0.169,0.0
0.0,0.242,0.0,0.207,0.012518437
0.0,0.008,0.043,0.065,0.0
0.0,-0.093,0.0,-0.174,0.0
0.0,0.22,0.0,0.007,0.012518437
0.0,-0.079,0.0,-0.025,0.0
0.0,0.125,0.0,0.066,0.012518437
0.0,0.24,0.0,0.122,0.012518437
0.011,0.063,0.0,0.028,0.0
0.014,0.068,0.117,0.195,0.0
0.183,0.215,0.0,0.024,0.0
0.0,0.106,0.0,-0.127,0.0
0.0,0.141,0.0,0.151,0.012518437
0.0,-0.002,0.0,-0.126,0.0
0.0,0.169,0.0,0.11,0.012518437
0.053,0.347,0.0,0.25,0.0
0.0,0.01,0.0,-0.004,0.0
0.0,0.046,0.0,-0.1,0.0
0.0,0.034,0.0,0.13,0.012518437
0.0,-0.096,0.0,0.291,0.0
0.0,0.261,0.0,0.383,0.012518437
0.0,0.166,0.085,0.209,0.0
0.0,-0.033,0.0,0.134,0.0
0.0,0.207,0.0,0.08,0.012518437
0.0,0.348,0.034,0.218,0.0
0.0,0.161,0.0,0.071,0.012518437
0.03,0.15,0.0,0.226,0.0
0.0,-0.182,0.0,-0.002,0.0
0.0,0.305,0.0,-0.043,0.0
0.046,0.208,0.0,0.156,0.0
0.0,-0.065,0.0,0.294,0.0
0.0,0.018,0.0,0.011,0.012518437
0.0,0.333,0.0,0.082,0.012518437
0.0,0.076,0.0,0.13,0.012518437
0.0,0.017,0.0,0.282,0.012518437
0.0,0.034,0.186,0.326,0.0
0.0,0.127,0.0,0.117,0.012518437
0.0,0.18,0.0,0.286,0.012518437
0.0,0.066,0.0,0.303,0.012518437
0.0,-0.044,0.0,0.098,0.0
0.0,0.103,0.0,0.16,0.012518437
0.0,0.119,0.0,0.124,0.012518437
0.028,0.048,0.024,0.332,0.0
0.0,0.061,0.0,0.123,0.012518437
0.0,0.147,0.0,-0.002,0.0
0.0,0.319,0.0,0.038,0.012518437
0.0,0.04,0.055,0.093,0.0
0.0,-0.079,0.0,0.389,0.0
0.053,0.147,0.0,0.368,0.0
0.0,0.085,0.0,0.168,0.012518437
0.0,0.102,0.166,0.383,0.0
0.0,0.111,0.0,0.114,0.012518437
0.011,0.027,0.0,0.188,0.0
0.0,0.083,0.0,-0.083,0.0
0.0,0.06,0.0,0.374,0.012518437
0.0,0.02,0.0,0.204,0.012518437
0.0,-0.049,0.0,-0.043,0.0
0.0,0.102,0.0,0.142,0.012518437
0.0,-0.005,0.0,0.237,0.0
0.0,0.015,0.0,-0.02,0.0
0.0,0.215,0.0,0.322,0.012518437
0.0,0.038,0.0,0.206,0.012518437
0.0,-0.088,0.0,0.137,0.0
0.0,0.104,0.071,0.105,0.0
0.0,0.043,0.0,0.242,0.012518437
0.0,0.051,0.0,0.111,0.012518437
0.0,0.245,0.0,0.082,0.012518437
0.0,0.11,0.0,0.079,0.012518437
0.0,0.096,0.0,0.15,0.012518437
0.135,0.152,0.0,0.053,0.0
0.0,0.34,0.0,0.249,0.012518437
0.074,0.168,0.0,0.293,0.0
0.003,0.059,0.053,0.079,0.0
0.0,0.124,0.0,0.233,0.012518437
0.0,0.109,0.102,0.276,0.0
0.0,0.124,0.0,0.253,0.012518437
0.0,0.121,0.0,0.191,0.012518437
0.0,0.245,0.0,0.246,0.012518437
0.05,0.098,0.0,0.178,0.0
0.0,0.025,0.011,0.164,0.0
0.0,0.353,0.076,0.126,0.0
0.0,0.021,0.0,0.151,0.012518437
0.0,0.045,0.0,0.028,0.012518437
0.0,0.282,0.08,0.201,0.0
0.0,-0.042,0.0,0.096,0.0
0.0,-0.022,0.0,0.384,0.0
0.0,0.085,0.0,0.237,0.012518437
0.011,0.191,0.0,-0.007,0.0
0.0,-0.053,0.0,-0.059,0.0
0.0,0.142,0.0,-0.035,0.0
0.0,0.004,0.0,0.221,0.012518437
0.0,0.009,0.0,0.124,0.012518437
0.0,0.266,0.0,-0.134,0.0
0.0,0.119,0.0,0.212,0.012518437
0.0,0.031,0.017,0.112,0.0
0.0,-0.044,0.0,0.161,0.0
0.0,0.245,0.0,0.172,0.012518437
0.0,0.18,0.0,0.127,0.012518437
0.0,0.07,0.0,0.012,0.012518437
0.0,0.386,0.0,0.254,0.012518437
0.0,0.054,0.0,0.108,0.012518437
0.0,0.102,0.0,0.049,0.012518437
0.0,0.118,0.0,0.093,0.012518437
0.0,0.079,0.021,0.027,0.0
0.0,0.002,0.0,0.168,0.012518437
0.011,0.121,0.0,0.039,0.0
0.0,0.11,0.0,-0.074,0.0
0.0,0.115,0.0,0.19,0.012518437
0.0,0.231,0.0,0.138,0.012518437
0.0,0.073,0.0,-0.007,0.0
0.0,0.265,0.0,0.132,0.012518437
0.0,0.173,0.0,-0.051,0.0
0.0,0.113,0.0,-0.026,0.0
0.003,0.239,0.0,-0.063,0.0
0.0,0.073,0.0,0.041,0.012518437
0.0,0.003,0.0,0.162,0.012518437
0.0,0.026,0.0,0.162,0.012518437
0.0,0.135,0.164,0.194,0.0
0.0,0.196,0.03,0.137,0.0
0.0,-0.09,0.0,0.207,0.0
0.0,0.132,0.0,0.121,0.012518437
0.019,0.221,0.0,0.135,0.0
0.0,0.115,0.008,0.227,0.0
0.0,0.077,0.0,0.239,0.012518437
0.071,0.294,0.0,0.128,0.0
0.0,0.187,0.0,0.161,0.012518437
0.0,0.241,0.0,0.125,0.012518437
0.0,0.284,0.0,0.112,0.012518437
0.0,0.13,0.0,0.238,0.012518437
0.018,0.028,0.086,0.168,0.0
0.0,0.081,0.0,0.216,0.012518437
0.015,0.268,0.0,0.165,0.0
0.0,0.175,0.0,0.073,0.012518437
0.038,0.128,0.0,0.103,0.0
0.006,0.056,0.0,0.381,0.0
0.0,0.044,0.071,0.381,0.0
0.0,0.085,0.0,0.004,0.012518437
0.0,0.053,0.0,0.225,0.012518437
0.0,0.08,0.0,-0.019,0.0
0.0,0.171,0.122,0.148,0.0
0.0,0.31,0.004,0.168,0.0
0.0,0.298,0.0,0.199,0.012518437
0.0,0.13,0.0,0.235,0.012518437
0.0,0.096,0.0,-0.061,0.0
0.016,0.12,0.0,0.172,0.0
0.0,0.188,0.0,0.093,0.012518437
0.0,-0.017,0.039,0.178,0.0
0.0,-0.084,0.0,0.099,0.0
0.0,0.131,0.04,0.058,0.0
0.0,-0.006,0.0,0.155,0.0
0.0,0.239,0.0,-0.152,0.0
0.0,0.248,0.0,0.086,0.012518437
0.0,0.091,0.0,0.108,0.012518437
0.0,0.248,0.0,-0.018,0.0
0.0,0.275,0.0,-0.079,0.0
0.0,-0.003,0.0,0.316,0.0
0.0,-0.08,0.027,0.139,0.0
0.0,-0.041,0.0,0.261,0.0
0.1,0.232,0.019,0.119,0.0
0.0,0.034,0.0,0.308,0.012518437
0.0,0.173,0.0,0.044,0.012518437
0.0,0.178,0.0,0.079,0.012518437
0.021,0.037,0.0,0.167,0.0
0.066,0.201,0.0,0.028,0.0
0.0,0.067,0.0,0.139,0.012518437
0.0,0.266,0.0,-0.001,0.0
0.0,0.049,0.0,0.03,0.012518437
0.0,0.212,0.0,0.109,0.012518437
0.0,0.052,0.0,0.187,0.012518437
0.0,0.18,0.0,0.192,0.012518437
0.0,0.092,0.0,0.153,0.012518437
0.0,0.182,0.0,0.063,0.012518437
0.0,0.041,0.0,0.19,0.012518437
0.0,0.146,0.0,-0.013,0.0
0.0,0.094,0.0,0.101,0.012518437
0.005,0.063,0.0,0.06,0.0
