0.222,0.426,0.166,0.408,0.0
0.252,0.362,0.182,0.428,0.016362295
0.172,0.576,0.026,0.516,0.33723116
0.276,0.342,0.204,0.455,0.020237956
0.148,0.406,0.305,0.421,0.083942775
0.294,0.348,0.244,0.342,0.0
0.169,0.435,0.087,0.583,0.387874477
0.209,0.456,0.133,0.499,0.148086576
0.115,0.463,0.096,0.49,0.366691097
-0.0,0.428,0.329,0.407,0.0
0.214,0.376,0.061,0.559,0.165815929
0.028,0.52,0.085,0.446,0.320323391
0.132,0.48,0.037,0.521,0.396979365
0.298,0.307,0.223,0.272,0.0
0.156,0.368,0.067,0.537,0.351804281
0.182,0.501,0.246,0.31,0.0
0.217,0.444,0.289,0.303,0.0
0.272,0.39,0.195,0.397,0.0
0.147,0.477,0.117,0.445,0.131522379
0.326,0.412,0.207,0.457,0.013845019
0.238,0.388,0.21,0.25,0.0
0.189,0.318,0.107,0.485,0.203847327
0.112,0.376,0.056,0.507,0.451295477
0.067,0.508,0.254,0.302,0.0
0.195,0.403,0.165,0.345,0.0
0.259,0.337,0.191,0.423,0.013095233
0.2,0.414,0.233,0.269,0.0
0.185,0.391,0.209,0.477,0.226400175
0.264,0.38,0.222,0.454,0.031257303
0.121,0.474,0.133,0.537,0.4598573
0.091,0.467,0.091,0.398,0.0
0.294,0.296,0.157,0.411,0.0
0.111,0.415,0.273,0.361,0.0
0.076,0.466,0.217,0.34,0.0
0.116,0.398,0.079,0.509,0.425167654
0.301,0.437,0.173,0.462,0.024879304
0.189,0.267,0.329,0.333,0.0
0.306,0.308,0.214,0.406,0.0
0.214,0.299,0.15,0.446,0.037159699
0.232,0.372,0.086,0.512,0.095947542
0.067,0.465,0.131,0.519,0.846008619
0.114,0.479,0.114,0.458,0.256650375
0.07,0.468,0.066,0.466,0.553873035
0.033,0.521,0.144,0.502,0.749032771
0.222,0.414,0.198,0.288,0.0
0.157,0.407,0.157,0.544,0.371445685
0.218,0.358,0.272,0.292,0.0
0.221,0.477,0.046,0.51,0.133766436
0.325,0.345,0.195,0.239,0.0
0.016,0.506,0.28,0.288,0.0
0.155,0.463,0.263,0.289,0.0
0.113,0.471,0.228,0.39,0.0
0.211,0.355,0.022,0.506,0.130689712
0.191,0.507,0.229,0.469,0.194194074
0.232,0.322,0.118,0.45,0.03380301
0.186,0.332,0.257,0.409,0.0
0.33,0.386,0.258,0.316,0.0
0.249,0.296,0.075,0.542,0.048017621
0.02,0.512,0.319,0.324,0.0
0.291,0.297,0.11,0.44,0.001273576
0.31,0.404,0.0,0.486,0.025721609
0.229,0.453,0.246,0.414,0.0
0.317,0.333,0.151,0.469,0.004353673
0.277,0.371,0.079,0.484,0.03805019
0.217,0.517,0.171,0.435,0.033255608
0.105,0.471,0.119,0.443,0.179438326
0.099,0.533,0.125,0.409,0.0
0.19,0.412,0.217,0.298,0.0
0.192,0.49,0.243,0.373,0.0
0.087,0.557,0.164,0.462,0.517660687
0.258,0.404,0.237,0.383,0.0
0.218,0.404,0.193,0.373,0.0
0.217,0.413,0.09,0.498,0.12210235
0.05,0.508,0.213,0.345,0.0
0.241,0.341,0.179,0.381,0.0
0.24,0.29,0.25,0.332,0.0
0.246,0.308,0.113,0.451,0.023660661
0.116,0.458,0.13,0.5,0.395135258
0.274,0.344,0.236,0.476,0.031120453
0.239,0.435,0.273,0.379,0.0
0.178,0.452,0.155,0.439,0.088089246
0.298,0.338,0.12,0.516,0.021056167
0.157,0.378,0.087,0.485,0.260489414
0.099,0.483,0.258,0.374,0.0
0.262,0.34,0.099,0.387,0.0
0.164,0.388,0.306,0.326,0.0
0.311,0.319,0.123,0.494,0.003665085
0.173,0.501,0.018,0.486,0.264945243
0.159,0.479,0.261,0.293,0.0
0.143,0.457,0.325,0.403,0.0
0.129,0.231,0.165,0.375,0.0
0.236,0.432,0.266,0.407,0.0
0.047,0.537,0.296,0.316,0.0
0.197,0.439,0.146,0.482,0.174999362
0.296,0.31,0.184,0.303,0.0
0.024,0.448,0.046,0.506,0.769682724
0.236,0.312,0.226,0.318,0.0
0.282,0.432,0.189,0.401,0.0
0.269,0.271,0.067,0.438,0.000515116
0.231,0.337,0.106,0.4,0.0
0.182,0.473,0.241,0.328,0.0
0.188,0.54,0.311,0.381,0.0
0.062,0.415,0.229,0.359,0.0
0.067,0.467,0.119,0.413,0.0
0.256,0.281,0.112,0.458,0.012658661
0.12,0.454,0.237,0.364,0.0
0.042,0.526,0.246,0.272,0.0
0.053,0.52,0.156,0.524,0.868685788
0.226,0.42,0.274,0.324,0.0
0.28,0.352,0.165,0.411,0.0
0.229,0.415,0.159,0.418,0.0
0.202,0.408,0.034,0.473,0.131872215
0.361,0.393,0.147,0.491,0.009070193
0.182,0.354,0.113,0.587,0.344851414
0.22,0.434,0.101,0.451,0.058260198
0.172,0.39,0.276,0.414,0.0
0.29,0.306,0.149,0.489,0.009466288
0.172,0.282,0.057,0.471,0.195760144
0.121,0.499,0.207,0.509,0.405741163
0.134,0.388,0.153,0.471,0.259445688
0.315,0.446,0.067,0.471,0.023378769
0.245,0.36,0.142,0.594,0.099659368
0.174,0.418,0.111,0.369,0.0
0.167,0.465,0.189,0.415,0.0
0.156,0.382,0.069,0.429,0.080756185
0.241,0.259,0.269,0.333,0.0
0.236,0.304,0.072,0.392,0.0
0.096,0.528,0.237,0.391,0.0
0.149,0.377,0.078,0.434,0.081843278
0.14,0.45,0.132,0.348,0.0
0.287,0.297,0.106,0.518,0.008427864
0.104,0.566,0.221,0.347,0.0
0.246,0.26,0.262,0.288,0.0
0.271,0.369,0.142,0.508,0.05239346
0.204,0.47,0.14,0.474,0.129723085
0.223,0.277,0.309,0.383,0.0
0.265,0.283,0.018,0.472,0.011955616
0.088,0.342,0.322,0.362,0.0
0.225,0.335,0.319,0.443,0.031151774
0.218,0.43,0.267,0.296,0.0
0.218,0.406,0.139,0.573,0.171307292
0.23,0.288,0.027,0.421,0.014140404
0.19,0.414,0.217,0.288,0.0
0.278,0.32,0.22,0.55,0.036361245
0.165,0.312,0.169,0.497,0.25687107
0.18,0.49,0.248,0.266,0.0
0.127,0.395,0.005,0.462,0.242177001
0.079,0.551,0.121,0.443,0.294202314
0.104,0.408,0.095,0.427,0.133595373
0.082,0.542,0.181,0.499,0.736038731
0.25,0.43,0.0,0.478,0.063762162
0.096,0.594,0.179,0.455,0.389312852
0.118,0.552,0.187,0.482,0.332057348
0.144,0.334,0.326,0.341,0.0
0.24,0.325,0.143,0.483,0.05343574
0.278,0.312,0.29,0.368,0.0
0.208,0.292,0.141,0.515,0.12075312
0.189,0.391,0.078,0.501,0.255766148
0.04,0.514,0.255,0.427,0.231341727
0.309,0.415,0.093,0.467,0.022167835
0.09,0.456,0.214,0.362,0.0
0.245,0.321,0.128,0.53,0.06779973
0.172,0.35,0.299,0.457,0.178000915
0.257,0.429,0.089,0.508,0.078542004
0.241,0.387,0.109,0.501,0.080837139
0.203,0.381,0.179,0.385,0.0
0.165,0.373,0.286,0.299,0.0
0.052,0.492,0.289,0.403,0.0
0.039,0.515,0.155,0.512,0.809863733
0.273,0.295,0.176,0.395,0.0
0.0,0.442,0.193,0.343,0.0
0.327,0.349,0.182,0.322,0.0
0.234,0.432,0.179,0.401,0.0
0.328,0.378,0.136,0.553,0.020201816
0.219,0.549,0.143,0.475,0.100293987
0.146,0.486,0.235,0.369,0.0
0.178,0.464,0.211,0.387,0.0
0.106,0.378,0.02,0.508,0.571129676
0.056,0.552,0.2,0.314,0.0
0.25,0.406,0.153,0.507,0.080207338
0.168,0.43,0.168,0.298,0.0
0.125,0.459,0.148,0.5,0.357309618
0.178,0.4,0.309,0.434,0.077056406
0.214,0.308,0.177,0.613,0.143748322
0.243,0.393,0.211,0.349,0.0
0.283,0.363,0.277,0.279,0.0
0.289,0.327,0.215,0.425,0.005518347
0.24,0.496,0.048,0.54,0.122211734
0.146,0.526,0.245,0.486,0.287060555
0.0,0.489,0.088,0.58,0.954115125
0.222,0.298,0.128,0.42,0.019119059
0.217,0.37,0.192,0.348,0.0
0.213,0.503,0.137,0.533,0.176601089
0.16,0.484,0.246,0.29,0.0
0.117,0.471,0.142,0.482,0.334056617
0.228,0.458,0.248,0.35,0.0
0.0,0.464,0.16,0.438,0.239506009
0.252,0.288,0.273,0.341,0.0
0.294,0.422,0.258,0.318,0.0
0.249,0.365,0.239,0.367,0.0
0.222,0.367,0.206,0.306,0.0
0.297,0.323,0.02,0.492,0.012607101
0.074,0.53,0.109,0.593,0.964197722
0.105,0.391,0.217,0.403,0.0
0.264,0.364,0.166,0.51,0.057121545
0.092,0.52,0.317,0.326,0.0
0.208,0.362,0.157,0.437,0.03343679
0.159,0.412,0.268,0.302,0.0
0.291,0.353,0.221,0.463,0.017483601
0.109,0.467,0.077,0.551,0.64138693
0.105,0.501,0.074,0.47,0.433163764
0.052,0.484,0.254,0.4,0.0
0.143,0.469,0.143,0.443,0.12288683
0.045,0.513,0.263,0.353,0.0
0.133,0.477,0.13,0.536,0.415362131
0.078,0.537,0.072,0.518,0.846395076
0.189,0.369,0.12,0.574,0.322875843
0.281,0.311,0.068,0.508,0.022225178
0.215,0.379,0.0,0.41,0.0
0.285,0.479,0.142,0.522,0.064623259
0.1,0.45,0.293,0.389,0.0
0.27,0.364,0.278,0.458,0.028904826
0.134,0.429,0.165,0.551,0.424623625
0.176,0.386,0.137,0.506,0.295841146
0.219,0.491,0.15,0.492,0.116664956
0.083,0.442,0.195,0.493,0.703136813
0.052,0.539,0.063,0.487,0.683708395
0.133,0.517,0.197,0.301,0.0
0.061,0.548,0.126,0.564,0.940504776
0.216,0.454,0.239,0.291,0.0
0.227,0.334,0.187,0.489,0.075684047
0.242,0.38,0.146,0.468,0.054998436
0.257,0.431,0.299,0.339,0.0
0.122,0.424,0.072,0.468,0.279045652
0.234,0.332,0.296,0.306,0.0
0.098,0.516,0.14,0.464,0.492214707
0.251,0.269,0.233,0.369,0.0
0.299,0.303,0.284,0.382,0.0
0.067,0.495,0.075,0.567,0.941807745
0.072,0.48,0.057,0.483,0.669962641
0.119,0.451,0.132,0.536,0.46813193
0.166,0.354,0.199,0.431,0.076346615
0.214,0.514,0.08,0.49,0.125542884
0.205,0.409,0.291,0.355,0.0
0.3,0.346,0.072,0.477,0.015195212
0.09,0.426,0.285,0.315,0.0
0.177,0.475,0.301,0.419,0.07942864
0.086,0.529,0.274,0.366,0.0
0.137,0.505,0.257,0.327,0.0
0.224,0.31,0.103,0.405,0.0
0.085,0.487,0.194,0.328,0.0
0.285,0.293,0.266,0.314,0.0
0.116,0.404,0.263,0.274,0.0
0.236,0.388,0.171,0.307,0.0
0.248,0.376,0.174,0.346,0.0
0.108,0.52,0.071,0.503,0.525118551
0.032,0.382,0.211,0.395,0.0
0.04,0.48,0.199,0.419,0.230900336
0.069,0.525,0.095,0.559,0.932781884
0.271,0.432,0.05,0.5,0.062909256
0.167,0.439,0.142,0.402,0.0
0.244,0.434,0.148,0.448,0.037762515
0.171,0.513,0.304,0.379,0.0
0.239,0.363,0.126,0.542,0.097184014
0.242,0.335,0.092,0.59,0.093162347
0.223,0.395,0.193,0.421,0.027731478
0.292,0.406,0.21,0.448,0.01812063
0.004,0.478,0.118,0.524,0.866086594
0.089,0.537,0.315,0.375,0.0
0.069,0.46,0.29,0.36,0.0
0.242,0.464,0.158,0.401,0.0
0.254,0.396,0.162,0.457,0.041335563
0.292,0.35,0.208,0.321,0.0
0.131,0.434,0.065,0.467,0.259418704
0.091,0.412,0.061,0.461,0.484208477
0.082,0.46,0.203,0.329,0.0
0.151,0.445,0.097,0.523,0.362557156
0.214,0.473,0.052,0.408,0.0
0.258,0.362,0.262,0.346,0.0
0.144,0.4,0.159,0.439,0.094802143
0.116,0.572,0.119,0.453,0.217564169
0.046,0.535,0.17,0.44,0.258741198
0.134,0.342,0.283,0.373,0.0
0.2,0.463,0.213,0.507,0.205610962
0.271,0.29,0.248,0.286,0.0
0.095,0.379,0.201,0.362,0.0
0.125,0.531,0.103,0.557,0.469516335
0.2,0.378,0.143,0.527,0.216404796
0.249,0.296,0.176,0.348,0.0
0.24,0.244,0.242,0.372,0.0
0.23,0.372,0.103,0.405,0.0
0.058,0.466,0.072,0.461,0.494512251
0.12,0.454,0.158,0.42,0.098304838
0.18,0.456,0.084,0.459,0.192827016
0.174,0.468,0.26,0.32,0.0
0.319,0.369,0.155,0.513,0.017320248
0.242,0.41,0.119,0.523,0.100213034
0.271,0.453,0.11,0.516,0.073677551
0.223,0.441,0.101,0.387,0.0
0.037,0.526,0.056,0.544,0.908894263
0.19,0.462,0.062,0.503,0.266089197
0.018,0.448,0.186,0.426,0.230298001
0.332,0.341,0.365,0.373,0.0
0.105,0.515,0.285,0.479,0.475073232
0.169,0.569,0.215,0.349,0.0
0.194,0.402,0.103,0.553,0.291828634
0.254,0.358,0.166,0.538,0.074091957
0.054,0.456,0.116,0.506,0.770341919
0.298,0.324,0.124,0.388,0.0
0.214,0.47,0.255,0.388,0.0
0.016,0.424,0.251,0.387,0.0
0.084,0.458,0.101,0.441,0.266514204
0.245,0.319,0.199,0.409,0.0
0.245,0.453,0.102,0.492,0.079107234
0.184,0.39,0.136,0.394,0.0
0.179,0.495,0.099,0.377,0.0
0.266,0.402,0.247,0.341,0.0
0.198,0.539,0.24,0.392,0.0
0.085,0.553,0.182,0.474,0.628613103
0.076,0.476,0.216,0.438,0.239736823
0.11,0.353,0.251,0.455,0.239786937
0.24,0.45,0.147,0.423,0.023548868
0.192,0.396,0.306,0.318,0.0
0.105,0.459,0.238,0.342,0.0
0.077,0.511,0.22,0.358,0.0
0.141,0.339,0.302,0.366,0.0
0.162,0.48,0.05,0.499,0.301397079
0.233,0.341,0.263,0.295,0.0
0.21,0.374,0.048,0.493,0.122765881
0.003,0.481,0.18,0.358,0.0
0.211,0.468,0.193,0.295,0.0
0.332,0.336,0.247,0.366,0.0
0.07,0.556,0.28,0.36,0.0
0.168,0.451,0.132,0.47,0.235292077
0.295,0.333,0.158,0.424,0.004877945
0.124,0.434,0.066,0.476,0.295848855
0.074,0.436,0.072,0.442,0.283378605
0.186,0.387,0.129,0.539,0.321610941
0.119,0.521,0.347,0.499,0.378357593
0.262,0.348,0.298,0.32,0.0
0.148,0.374,0.242,0.455,0.180444947
0.211,0.303,0.037,0.506,0.109749675
0.063,0.533,0.247,0.267,0.0
0.212,0.396,0.197,0.371,0.0
0.223,0.287,0.229,0.435,0.016616721
0.0,0.474,0.108,0.43,0.230801553
0.257,0.319,0.079,0.537,0.054523315
0.05,0.518,0.182,0.264,0.0
0.155,0.504,0.124,0.504,0.32344782
0.0,0.487,0.228,0.472,0.61603395
0.224,0.392,0.241,0.421,0.027155165
0.197,0.389,0.151,0.573,0.274626444
0.093,0.579,0.199,0.489,0.67880732
0.172,0.392,0.279,0.367,0.0
0.216,0.416,0.136,0.498,0.124604688
0.298,0.346,0.231,0.358,0.0
0.118,0.45,0.179,0.359,0.0
0.216,0.452,0.109,0.506,0.138115291
0.212,0.322,0.221,0.385,0.0
0.232,0.238,0.266,0.379,0.0
0.05,0.492,0.173,0.384,0.0
0.07,0.502,0.044,0.534,0.891731104
0.15,0.524,0.263,0.353,0.0
0.174,0.397,0.159,0.387,0.0
0.202,0.401,0.24,0.478,0.13782617
0.175,0.463,0.095,0.393,0.0
0.175,0.437,0.136,0.576,0.379303981
0.063,0.523,0.239,0.36,0.0
0.121,0.442,0.24,0.38,0.0
0.039,0.517,0.245,0.381,0.0
0.277,0.321,0.223,0.465,0.019832223
0.265,0.432,0.265,0.361,0.0
0.245,0.301,0.297,0.373,0.0
0.303,0.421,0.17,0.522,0.043534807
0.134,0.334,0.203,0.543,0.384113019
0.177,0.345,0.06,0.429,0.073333015
0.31,0.36,0.151,0.413,0.0
0.071,0.498,0.33,0.406,0.0
0.102,0.452,0.154,0.52,0.720442123
0.174,0.472,0.247,0.379,0.0
0.286,0.415,0.342,0.35,0.0
0.124,0.428,0.146,0.466,0.265253156
0.161,0.407,0.181,0.439,0.090793968
0.228,0.463,0.174,0.506,0.115115752
0.17,0.534,0.287,0.307,0.0
0.29,0.39,0.078,0.414,0.0
0.199,0.409,0.23,0.372,0.0
0.12,0.436,0.148,0.486,0.329682705
0.202,0.404,0.267,0.379,0.0
0.25,0.514,0.244,0.43,0.022151934
0.156,0.488,0.185,0.503,0.319111494
0.182,0.51,0.248,0.372,0.0
0.124,0.524,0.035,0.409,0.0
0.054,0.52,0.158,0.486,0.680397965
0.125,0.533,0.07,0.454,0.20593815
0.255,0.299,0.241,0.295,0.0
0.096,0.54,0.248,0.342,0.0
0.196,0.294,0.24,0.42,0.039102107
0.164,0.304,0.173,0.53,0.306621969
0.273,0.329,0.25,0.446,0.014553846
0.201,0.429,0.256,0.448,0.077534419
0.315,0.371,0.212,0.284,0.0
0.206,0.468,0.144,0.538,0.206004648
0.094,0.386,0.199,0.387,0.0
0.064,0.46,0.302,0.334,0.0
0.142,0.398,0.137,0.479,0.269286388
0.107,0.423,0.243,0.295,0.0
0.014,0.512,0.193,0.378,0.0
0.181,0.369,0.075,0.414,0.0
0.057,0.517,0.07,0.522,0.859659927
0.17,0.3,0.091,0.5,0.254193332
0.314,0.38,0.233,0.399,0.0
0.348,0.35,0.077,0.571,0.0007999
0.139,0.485,0.172,0.397,0.0
0.207,0.507,0.077,0.469,0.115069493
0.148,0.488,0.15,0.48,0.27181812
0.162,0.52,0.173,0.409,0.0
0.23,0.27,0.191,0.382,0.0
0.068,0.521,0.089,0.469,0.589117792
0.202,0.385,0.154,0.42,0.039854303
0.289,0.325,0.196,0.414,0.0
0.185,0.405,0.306,0.318,0.0
0.203,0.423,0.195,0.358,0.0
0.142,0.536,0.104,0.38,0.0
0.245,0.335,0.206,0.389,0.0
0.258,0.36,0.248,0.396,0.0
0.087,0.559,0.193,0.487,0.684246159
0.135,0.367,0.112,0.48,0.272297578
0.119,0.419,0.157,0.481,0.319677688
0.272,0.338,0.169,0.397,0.0
0.087,0.563,0.306,0.362,0.0
0.248,0.276,0.353,0.367,0.0
0.289,0.343,0.137,0.533,0.032934684
0.031,0.455,0.216,0.328,0.0
0.234,0.346,0.274,0.382,0.0
0.383,0.39,0.33,0.396,0.0
0.226,0.4,0.193,0.44,0.031092986
0.299,0.355,0.112,0.538,0.029072516
0.104,0.486,0.306,0.336,0.0
0.089,0.52,0.253,0.365,0.0
0.266,0.364,0.224,0.388,0.0
0.103,0.451,0.152,0.588,0.804352131
0.163,0.428,0.124,0.506,0.314174761
0.178,0.388,0.236,0.434,0.076368299
0.234,0.544,0.228,0.396,0.0
0.18,0.44,0.093,0.525,0.333983373
0.092,0.571,0.268,0.324,0.0
0.228,0.279,0.074,0.508,0.054450553
0.101,0.543,0.202,0.329,0.0
0.154,0.468,0.196,0.406,0.0
0.258,0.404,0.026,0.514,0.076950395
0.108,0.46,0.118,0.538,0.646416182
0.263,0.339,0.126,0.434,0.012460613
0.299,0.437,0.129,0.423,0.010306665
0.232,0.392,0.248,0.36,0.0
0.17,0.446,0.248,0.28,0.0
0.1,0.368,0.042,0.526,0.771453105
0.081,0.559,0.235,0.277,0.0
0.158,0.33,0.203,0.473,0.228831196
0.278,0.352,0.114,0.484,0.03267303
0.072,0.529,0.177,0.385,0.0
0.192,0.3,0.059,0.481,0.173082492
0.239,0.311,0.195,0.389,0.0
0.197,0.385,0.193,0.341,0.0
0.175,0.439,0.117,0.476,0.242698381
0.056,0.494,0.065,0.549,0.914559098
0.155,0.441,0.246,0.276,0.0
0.156,0.522,0.144,0.44,0.099654549
0.178,0.422,0.106,0.498,0.282587378
0.1,0.462,0.042,0.524,0.787233304
0.258,0.542,0.247,0.421,0.020676455
0.222,0.439,0.111,0.565,0.164116383
0.286,0.348,0.044,0.506,0.031597502
0.259,0.347,0.175,0.505,0.054079997
0.155,0.433,0.174,0.387,0.0
0.276,0.328,0.298,0.334,0.0
0.085,0.555,0.033,0.523,0.864282
0.084,0.508,0.094,0.468,0.58082967
0.167,0.349,0.28,0.45,0.143095392
0.227,0.389,0.213,0.518,0.11621971
0.184,0.501,0.061,0.469,0.221283705
0.267,0.363,0.25,0.264,0.0
0.157,0.361,0.041,0.495,0.275439355
0.156,0.294,0.129,0.481,0.227325842
0.223,0.349,0.136,0.294,0.0
0.092,0.409,0.311,0.339,0.0
0.177,0.499,0.291,0.403,0.0
0.124,0.394,0.194,0.3,0.0
0.268,0.358,0.259,0.341,0.0
0.129,0.491,0.186,0.384,0.0
0.11,0.526,0.14,0.484,0.408018469
0.217,0.454,0.278,0.344,0.0
0.196,0.496,0.163,0.434,0.051370455
0.149,0.499,0.162,0.423,0.085787364
0.263,0.359,0.15,0.555,0.069652029
0.244,0.382,0.217,0.405,0.0
0.124,0.376,0.214,0.39,0.0
0.323,0.363,0.104,0.495,0.011374002
0.149,0.273,0.315,0.345,0.0
0.279,0.311,0.289,0.319,0.0
0.192,0.36,0.324,0.38,0.0
0.33,0.414,0.12,0.552,0.031630751
0.294,0.354,0.19,0.43,0.006482564
0.137,0.506,0.198,0.244,0.0
0.072,0.512,0.105,0.411,0.0
0.129,0.399,0.102,0.368,0.0
0.22,0.371,0.037,0.485,0.092467013
0.274,0.382,0.282,0.404,0.0
0.317,0.454,0.224,0.458,0.018634301
0.065,0.417,0.156,0.396,0.0
0.217,0.365,0.282,0.284,0.0
0.279,0.287,0.117,0.479,0.005802649
0.232,0.406,0.191,0.295,0.0
0.22,0.448,0.153,0.515,0.138545117
0.267,0.339,0.194,0.512,0.048022921
0.17,0.343,0.125,0.529,0.320634196
0.251,0.341,0.23,0.4,0.0
0.108,0.466,0.077,0.551,0.667021321
0.19,0.373,0.249,0.289,0.0
0.128,0.558,0.244,0.306,0.0
0.146,0.442,0.02,0.498,0.312988885
0.22,0.322,0.205,0.345,0.0
0.168,0.372,0.125,0.571,0.363513663
0.126,0.49,0.174,0.522,0.41619528
0.238,0.341,0.295,0.359,0.0
0.251,0.281,0.178,0.566,0.033261872
0.164,0.454,0.065,0.539,0.364533776
0.123,0.591,0.255,0.311,0.0
0.099,0.569,0.076,0.402,0.0
0.177,0.377,0.088,0.47,0.221276959
0.241,0.385,0.254,0.392,0.0
0.117,0.473,0.104,0.468,0.296272899
0.189,0.459,0.174,0.374,0.0
0.114,0.464,0.057,0.541,0.536246319
0.148,0.488,0.007,0.493,0.299948585
0.247,0.279,0.306,0.312,0.0
0.161,0.444,0.255,0.301,0.0
0.267,0.303,0.263,0.397,0.0
0.102,0.584,0.129,0.379,0.0
0.264,0.37,0.186,0.328,0.0
0.148,0.498,0.082,0.344,0.0
0.272,0.352,0.077,0.557,0.058516551
0.055,0.553,0.148,0.516,0.834593176
0.155,0.414,0.136,0.446,0.131640436
0.282,0.35,0.248,0.376,0.0
0.237,0.329,0.091,0.514,0.076100863
0.148,0.374,0.132,0.532,0.361319238
0.166,0.44,0.242,0.366,0.0
0.083,0.568,0.227,0.411,0.0
0.05,0.496,0.135,0.447,0.337580996
0.178,0.444,0.033,0.441,0.097418202
0.094,0.49,0.285,0.317,0.0
0.146,0.21,0.162,0.45,0.09276818
0.285,0.339,0.143,0.407,0.0
0.105,0.429,0.288,0.342,0.0
0.154,0.394,0.12,0.562,0.388519698
0.193,0.371,0.166,0.448,0.099108111
0.259,0.289,0.114,0.584,0.03356304
0.215,0.311,0.245,0.247,0.0
0.042,0.528,0.051,0.47,0.597152934
0.096,0.516,0.135,0.441,0.232968511
0.227,0.251,0.125,0.563,0.04121606
0.146,0.548,0.161,0.425,0.086992515
0.177,0.371,0.131,0.499,0.273360578
0.087,0.484,0.252,0.38,0.0
0.217,0.239,0.223,0.49,0.032235976
0.236,0.365,0.297,0.457,0.046222182
0.073,0.549,0.104,0.442,0.285466537
0.142,0.502,0.031,0.503,0.337493778
0.145,0.477,0.087,0.469,0.250264666
0.292,0.336,0.093,0.55,0.029637746
0.341,0.345,0.308,0.316,0.0
0.2,0.406,0.261,0.28,0.0
0.11,0.484,0.069,0.506,0.495938097
0.276,0.28,0.165,0.443,0.001490416
0.152,0.424,0.219,0.409,0.0
0.059,0.501,0.205,0.341,0.0
0.087,0.523,0.123,0.477,0.646155492
0.067,0.521,0.128,0.426,0.231400514
0.214,0.358,0.137,0.353,0.0
0.113,0.453,0.159,0.413,0.0
0.287,0.309,0.164,0.338,0.0
0.109,0.449,0.177,0.422,0.112819653
0.181,0.437,0.289,0.387,0.0
0.143,0.493,0.117,0.577,0.435128338
0.183,0.457,0.061,0.537,0.341199821
0.058,0.527,0.263,0.331,0.0
0.175,0.429,0.118,0.504,0.301243363
0.086,0.556,0.192,0.366,0.0
0.326,0.396,0.226,0.358,0.0
0.142,0.548,0.21,0.385,0.0
0.093,0.427,0.288,0.296,0.0
0.199,0.39,0.282,0.322,0.0
0.075,0.545,0.306,0.35,0.0
0.262,0.298,0.352,0.364,0.0
0.176,0.536,0.101,0.421,0.080433334
0.133,0.501,0.112,0.426,0.091098991
0.113,0.48,0.127,0.473,0.337177191
0.251,0.427,0.111,0.541,0.100223635
0.209,0.415,0.234,0.388,0.0
0.088,0.438,0.164,0.37,0.0
0.316,0.327,0.275,0.341,0.0
0.068,0.472,0.126,0.393,0.0
0.083,0.501,0.225,0.481,0.660392269
0.206,0.424,0.164,0.622,0.235269911
0.09,0.512,0.223,0.387,0.0
0.173,0.441,0.112,0.44,0.09441183
0.227,0.326,0.176,0.43,0.020905824
0.216,0.516,0.1,0.544,0.175842148
0.13,0.442,0.112,0.454,0.197337778
0.257,0.295,0.208,0.434,0.008332454
0.27,0.386,0.237,0.317,0.0
0.172,0.463,0.21,0.352,0.0
0.129,0.558,0.128,0.41,0.0
0.165,0.376,0.239,0.518,0.324006787
0.156,0.486,0.088,0.461,0.213291449
0.035,0.459,0.215,0.479,0.651137039
0.072,0.57,0.09,0.468,0.582138422
0.194,0.484,0.168,0.412,0.0
0.267,0.325,0.137,0.403,0.0
0.137,0.539,0.262,0.32,0.0
0.323,0.391,0.291,0.363,0.0
0.24,0.332,0.079,0.533,0.080990373
0.215,0.319,0.292,0.41,0.0
0.09,0.493,0.299,0.321,0.0
0.249,0.275,0.079,0.509,0.022164944
0.25,0.414,0.057,0.552,0.103190011
0.147,0.519,0.291,0.351,0.0
0.203,0.431,0.298,0.468,0.121903338
0.246,0.477,0.302,0.306,0.0
0.144,0.606,0.022,0.492,0.303865686
0.235,0.465,0.107,0.498,0.096971511
0.253,0.409,0.077,0.446,0.02987868
0.14,0.422,0.286,0.288,0.0
0.001,0.501,0.235,0.323,0.0
0.112,0.54,0.202,0.462,0.295672974
0.186,0.392,0.187,0.415,0.0
0.051,0.515,0.303,0.315,0.0
0.106,0.348,0.179,0.289,0.0
0.321,0.337,0.196,0.381,0.0
0.25,0.38,0.107,0.511,0.075243138
0.312,0.452,0.039,0.512,0.038575426
0.209,0.321,0.057,0.497,0.114506189
0.174,0.304,0.223,0.339,0.0
0.307,0.319,0.206,0.373,0.0
0.208,0.376,0.224,0.366,0.0
0.275,0.371,0.287,0.457,0.026850624
0.164,0.411,0.31,0.364,0.0
0.17,0.366,0.306,0.308,0.0
0.269,0.273,0.095,0.527,0.00375423
0.155,0.407,0.119,0.405,0.0
0.192,0.27,0.032,0.508,0.194253344
0.207,0.263,0.172,0.448,0.037027186
0.27,0.316,0.086,0.5,0.032894207
0.158,0.432,0.065,0.539,0.369851667
0.018,0.449,0.237,0.407,0.0
0.049,0.475,0.078,0.54,0.899149456
0.237,0.425,0.131,0.441,0.02886965
0.14,0.405,0.219,0.385,0.0
0.278,0.332,0.261,0.335,0.0
0.272,0.304,0.165,0.571,0.033270064
0.034,0.522,0.25,0.34,0.0
0.314,0.35,0.207,0.361,0.0
0.27,0.346,0.288,0.328,0.0
0.248,0.356,0.23,0.416,0.0
0.189,0.377,0.197,0.469,0.193478019
0.285,0.363,0.037,0.465,0.022994238
0.246,0.334,0.165,0.455,0.03270146
0.06,0.512,0.083,0.55,0.917110105
0.18,0.42,0.229,0.327,0.0
0.023,0.495,0.252,0.33,0.0
0.208,0.408,0.025,0.493,0.137227209
0.144,0.484,0.227,0.411,0.0
0.254,0.376,0.089,0.579,0.091207893
0.213,0.377,0.285,0.329,0.0
0.104,0.512,0.156,0.332,0.0
0.047,0.535,0.203,0.411,0.0
0.253,0.279,0.244,0.34,0.0
0.076,0.542,0.111,0.445,0.31166134
0.185,0.399,0.188,0.347,0.0
0.103,0.557,0.219,0.317,0.0
0.335,0.369,0.248,0.378,0.0
0.264,0.38,0.148,0.434,0.015476141
0.226,0.406,0.082,0.536,0.133976048
0.031,0.512,0.102,0.487,0.682981257
0.25,0.304,0.201,0.502,0.042657808
0.096,0.54,0.15,0.394,0.0
0.235,0.327,0.196,0.35,0.0
0.283,0.371,0.194,0.35,0.0
0.252,0.338,0.234,0.494,0.05200122
0.282,0.352,0.237,0.271,0.0
0.154,0.298,0.087,0.5,0.266452525
0.084,0.395,0.066,0.362,0.0
0.235,0.494,0.095,0.469,0.072084015
0.133,0.515,0.186,0.422,0.09124596
0.147,0.491,0.055,0.536,0.389651605
0.285,0.315,0.061,0.463,0.012533375
0.136,0.51,0.318,0.386,0.0
0.224,0.408,0.188,0.345,0.0
0.253,0.395,0.114,0.52,0.082252384
0.074,0.506,0.206,0.352,0.0
0.258,0.43,0.261,0.394,0.0
0.187,0.295,0.221,0.272,0.0
0.131,0.463,0.21,0.276,0.0
0.075,0.511,0.327,0.341,0.0
0.049,0.515,0.207,0.405,0.0
0.069,0.541,0.174,0.524,0.869526647
0.228,0.256,0.063,0.503,0.033229587
0.196,0.342,0.204,0.363,0.0
0.322,0.344,0.096,0.544,0.010023809
0.289,0.335,0.232,0.4,0.0
0.16,0.591,0.242,0.348,0.0
0.119,0.496,0.101,0.527,0.458188592
0.164,0.374,0.257,0.291,0.0
0.122,0.358,0.184,0.424,0.092322934
0.181,0.513,0.103,0.49,0.266140275
0.256,0.395,0.342,0.36,0.0
0.092,0.482,0.276,0.286,0.0
0.225,0.295,0.331,0.333,0.0
0.04,0.516,0.074,0.466,0.555530659
0.11,0.39,0.261,0.373,0.0
0.119,0.549,0.177,0.384,0.0
0.075,0.455,0.079,0.541,0.898409307
0.128,0.43,0.214,0.302,0.0
0.19,0.485,0.239,0.381,0.0
0.086,0.452,0.27,0.3,0.0
0.268,0.36,0.086,0.54,0.061870832
0.355,0.405,0.125,0.441,0.004348855
0.107,0.553,0.19,0.428,0.120326668
0.1,0.556,0.165,0.411,0.0
0.106,0.556,0.216,0.302,0.0
0.207,0.531,0.063,0.509,0.175325104
0.058,0.478,0.164,0.374,0.0
0.078,0.502,0.068,0.564,0.937854022
0.148,0.429,0.227,0.385,0.0
0.25,0.416,0.094,0.38,0.0
0.212,0.488,0.167,0.471,0.105664401
0.291,0.355,0.163,0.485,0.02381775
0.124,0.514,0.104,0.489,0.330982301
0.05,0.536,0.037,0.532,0.888572463
0.112,0.582,0.102,0.438,0.114840124
0.231,0.284,0.114,0.229,0.0
0.032,0.424,0.171,0.385,0.0
0.103,0.525,0.252,0.34,0.0
0.234,0.452,0.033,0.489,0.088914203
0.269,0.317,0.205,0.281,0.0
0.091,0.439,0.213,0.309,0.0
0.068,0.471,0.218,0.262,0.0
0.202,0.312,0.147,0.561,0.195813149
0.262,0.36,0.256,0.378,0.0
0.172,0.382,0.091,0.499,0.280672918
0.263,0.283,0.198,0.392,0.0
0.231,0.359,0.078,0.546,0.110971691
0.118,0.488,0.072,0.442,0.135904964
0.144,0.411,0.085,0.382,0.0
0.256,0.39,0.186,0.416,0.0
0.125,0.341,0.303,0.371,0.0
0.347,0.373,0.205,0.425,0.002013725
0.167,0.493,0.184,0.342,0.0
0.302,0.34,0.1,0.37,0.0
0.165,0.349,0.213,0.339,0.0
0.094,0.484,0.202,0.484,0.652726238
0.141,0.333,0.149,0.42,0.080812082
0.258,0.326,0.094,0.592,0.065490621
0.233,0.303,0.101,0.559,0.08224612
0.24,0.348,0.331,0.389,0.0
0.178,0.33,0.289,0.425,0.071892231
0.232,0.368,0.104,0.434,0.022127359
0.082,0.513,0.164,0.46,0.485520602
0.089,0.476,0.059,0.558,0.925970204
0.242,0.254,0.101,0.477,0.009148256
0.045,0.507,0.106,0.556,0.926124402
0.182,0.438,0.235,0.299,0.0
0.298,0.348,0.177,0.367,0.0
0.204,0.424,0.224,0.396,0.0
0.295,0.365,0.157,0.383,0.0
0.142,0.486,0.213,0.403,0.0
0.179,0.423,0.113,0.523,0.330204085
0.202,0.348,0.242,0.448,0.06676757
0.151,0.449,0.324,0.39,0.0
0.268,0.282,0.204,0.382,0.0
0.283,0.301,0.233,0.417,0.0
0.261,0.422,0.184,0.348,0.0
0.281,0.351,0.361,0.399,0.0
0.209,0.391,0.082,0.56,0.192654025
0.152,0.418,0.06,0.524,0.359876526
0.055,0.526,0.096,0.414,0.0
0.195,0.463,0.116,0.576,0.309443785
0.075,0.531,0.031,0.521,0.856924846
0.23,0.479,0.148,0.474,0.081850988
0.213,0.297,0.166,0.231,0.0
0.067,0.555,0.253,0.388,0.0
0.282,0.386,0.132,0.31,0.0
0.252,0.374,0.296,0.344,0.0
0.257,0.363,0.141,0.583,0.08274678
0.224,0.4,0.161,0.363,0.0
0.09,0.516,0.182,0.549,0.910512856
0.208,0.412,0.107,0.537,0.188193377
0.088,0.505,0.186,0.42,0.231256436
0.213,0.297,0.215,0.333,0.0
0.103,0.515,0.066,0.53,0.734369541
0.126,0.438,0.102,0.41,0.0
0.084,0.499,0.162,0.474,0.627225325
0.179,0.385,0.154,0.504,0.288781304
0.0,0.487,0.28,0.338,0.0
0.184,0.399,0.195,0.517,0.308672315
0.066,0.442,0.025,0.431,0.230180426
0.147,0.585,0.152,0.324,0.0
0.216,0.38,0.188,0.352,0.0
0.289,0.397,0.11,0.418,0.0
0.155,0.451,0.191,0.465,0.228639895
0.077,0.545,0.283,0.337,0.0
0.223,0.365,0.154,0.448,0.043958369
0.115,0.403,0.227,0.511,0.443192874
0.112,0.508,0.192,0.358,0.0
0.129,0.463,0.0,0.462,0.244466835
0.087,0.551,0.099,0.551,0.920353074
0.254,0.412,0.098,0.448,0.032724108
0.145,0.469,0.22,0.386,0.0
0.164,0.393,0.304,0.366,0.0
0.238,0.298,0.071,0.449,0.023517065
0.057,0.505,0.122,0.536,0.894834813
0.267,0.42,0.04,0.528,0.078203251
0.178,0.408,0.234,0.499,0.282690016
0.204,0.312,0.118,0.452,0.067388697
0.083,0.391,0.325,0.421,0.228351256
0.039,0.48,0.23,0.349,0.0
0.1,0.47,0.256,0.26,0.0
0.266,0.324,0.142,0.368,0.0
0.318,0.366,0.13,0.344,0.0
0.233,0.371,0.144,0.498,0.083485483
0.304,0.406,0.167,0.363,0.0
0.073,0.506,0.068,0.422,0.23126511
0.238,0.422,0.202,0.349,0.0
0.228,0.278,0.199,0.271,0.0
0.148,0.478,0.172,0.412,0.0
0.291,0.387,0.163,0.369,0.0
0.224,0.382,0.346,0.351,0.0
0.198,0.361,0.187,0.459,0.113363681
0.1,0.478,0.073,0.571,0.867634353
0.293,0.383,0.049,0.329,0.0
0.088,0.496,0.056,0.364,0.0
0.301,0.349,0.046,0.426,0.004921795
0.217,0.441,0.113,0.469,0.092201022
0.203,0.377,0.047,0.507,0.171431132
0.139,0.503,0.228,0.512,0.365328858
0.142,0.494,0.286,0.358,0.0
0.281,0.411,0.183,0.465,0.034138389
0.169,0.475,0.235,0.303,0.0
0.168,0.452,0.17,0.56,0.378717066
0.298,0.344,0.2,0.381,0.0
0.204,0.506,0.106,0.522,0.205412433
0.125,0.429,0.178,0.45,0.176613136
0.171,0.586,0.213,0.395,0.0
0.201,0.368,0.124,0.414,0.0
0.193,0.317,0.134,0.44,0.058615816
0.272,0.31,0.296,0.298,0.0
0.266,0.348,0.213,0.323,0.0
0.194,0.512,0.195,0.435,0.055678833
0.135,0.445,0.22,0.408,0.0
0.014,0.464,0.016,0.504,0.760766247
0.202,0.424,0.218,0.466,0.120735291
0.242,0.304,0.16,0.633,0.074803193
0.056,0.555,0.178,0.435,0.231679034
0.092,0.524,0.325,0.332,0.0
0.282,0.285,0.079,0.373,0.0
0.298,0.318,0.253,0.273,0.0
0.213,0.365,0.178,0.36,0.0
0.077,0.517,0.28,0.338,0.0
0.319,0.347,0.287,0.327,0.0
0.303,0.375,0.126,0.502,0.025904237
0.175,0.356,0.088,0.498,0.26875537
0.08,0.554,0.187,0.375,0.0
0.19,0.478,0.123,0.423,0.064870457
0.129,0.363,0.126,0.438,0.093131026
0.303,0.343,0.19,0.472,0.012283768
0.061,0.441,0.233,0.325,0.0
0.221,0.367,0.142,0.37,0.0
0.244,0.34,0.322,0.356,0.0
0.265,0.369,0.109,0.517,0.060568825
0.217,0.443,0.294,0.466,0.087830483
0.208,0.348,0.228,0.242,0.0
0.191,0.415,0.083,0.503,0.255213928
0.234,0.354,0.171,0.405,0.0
0.238,0.44,0.29,0.302,0.0
0.167,0.407,0.193,0.346,0.0
0.189,0.493,0.228,0.422,0.06743062
0.139,0.493,0.179,0.469,0.257037314
0.114,0.468,0.277,0.369,0.0
0.206,0.432,0.219,0.349,0.0
0.269,0.285,0.302,0.346,0.0
0.072,0.53,0.317,0.344,0.0
0.181,0.317,0.046,0.448,0.123427967
0.229,0.409,0.278,0.372,0.0
0.247,0.457,0.348,0.367,0.0
0.044,0.516,0.092,0.536,0.895480998
0.075,0.44,0.068,0.55,0.910226145
0.28,0.466,0.279,0.291,0.0
0.265,0.331,0.307,0.327,0.0
0.193,0.341,0.189,0.341,0.0
0.162,0.5,0.266,0.298,0.0
0.252,0.304,0.151,0.345,0.0
0.205,0.377,0.096,0.47,0.109994945
0.161,0.457,0.124,0.512,0.332517532
0.213,0.408,0.106,0.524,0.159472143
0.105,0.362,0.073,0.511,0.59421836
0.269,0.445,0.172,0.49,0.059667251
0.152,0.454,0.124,0.442,0.114504262
0.233,0.318,0.217,0.396,0.0
0.099,0.535,0.081,0.493,0.647228129
0.215,0.404,0.017,0.491,0.115848672
0.285,0.351,0.323,0.323,0.0
0.099,0.599,0.172,0.554,0.866443658
0.221,0.501,0.321,0.337,0.0
0.273,0.345,0.247,0.433,0.010704688
0.174,0.528,0.172,0.352,0.0
0.203,0.398,0.295,0.31,0.0
0.247,0.345,0.056,0.507,0.065053085
0.192,0.43,0.181,0.349,0.0
0.09,0.436,0.191,0.395,0.0
0.189,0.477,0.168,0.428,0.067197396
0.146,0.536,0.087,0.445,0.132856188
0.077,0.475,0.194,0.37,0.0
0.092,0.552,0.138,0.544,0.898746614
0.145,0.433,0.192,0.404,0.0
0.163,0.391,0.209,0.284,0.0
0.142,0.432,0.24,0.396,0.0
0.196,0.387,0.055,0.498,0.204666502
0.036,0.531,0.202,0.344,0.0
0.034,0.452,0.129,0.395,0.0
0.263,0.459,0.053,0.497,0.068898388
0.2,0.42,0.183,0.445,0.068257022
0.111,0.433,0.304,0.412,0.0
0.223,0.407,0.15,0.376,0.0
0.256,0.406,0.246,0.316,0.0
0.107,0.393,0.086,0.38,0.0
0.059,0.499,0.265,0.477,0.645426908
0.172,0.41,0.215,0.407,0.0
0.16,0.387,0.074,0.484,0.25920861
0.073,0.483,0.339,0.385,0.0
0.267,0.375,0.079,0.474,0.041545658
0.12,0.57,0.208,0.464,0.272099531
0.252,0.342,0.156,0.368,0.0
0.173,0.525,0.053,0.531,0.353964975
0.252,0.5,0.187,0.385,0.0
0.196,0.348,0.188,0.412,0.0
0.121,0.389,0.251,0.301,0.0
0.284,0.368,0.038,0.504,0.038477607
0.217,0.441,0.101,0.477,0.101821508
0.066,0.536,0.054,0.49,0.695203828
0.033,0.505,0.07,0.472,0.616690736
0.233,0.391,0.198,0.323,0.0
0.158,0.443,0.279,0.333,0.0
0.076,0.47,0.204,0.47,0.595226427
0.229,0.387,0.233,0.372,0.0
0.088,0.38,0.151,0.537,0.875463255
0.22,0.322,0.169,0.483,0.07863645
0.109,0.481,0.234,0.398,0.0
0.179,0.412,0.044,0.477,0.240207126
0.061,0.443,0.138,0.44,0.257212714
0.129,0.495,0.231,0.303,0.0
0.249,0.341,0.199,0.328,0.0
0.05,0.354,0.291,0.317,0.0
0.062,0.524,0.271,0.363,0.0
0.042,0.418,0.126,0.61,0.956089818
0.078,0.422,0.128,0.446,0.317720824
0.27,0.281,0.118,0.452,0.005614239
0.293,0.331,0.178,0.481,0.016129553
0.253,0.309,0.15,0.492,0.039261605
0.18,0.378,0.218,0.38,0.0
0.293,0.379,0.327,0.36,0.0
0.297,0.331,0.237,0.375,0.0
0.095,0.579,0.115,0.493,0.682463731
0.309,0.397,0.1,0.55,0.039473145
0.114,0.44,0.169,0.394,0.0
0.239,0.473,0.239,0.337,0.0
0.205,0.323,0.092,0.452,0.067955373
0.098,0.556,0.227,0.369,0.0
0.04,0.433,0.216,0.464,0.533358005
0.137,0.467,0.094,0.577,0.445170458
0.143,0.405,0.225,0.445,0.130466607
0.289,0.371,0.15,0.534,0.042875612
0.09,0.474,0.18,0.344,0.0
0.047,0.507,0.017,0.491,0.69740548
0.177,0.451,0.221,0.455,0.175559292
0.203,0.367,0.239,0.585,0.224695327
0.153,0.537,0.15,0.462,0.223321041
0.105,0.477,0.151,0.525,0.680220638
0.07,0.566,0.139,0.461,0.4970276
0.103,0.493,0.269,0.315,0.0
0.046,0.536,0.11,0.472,0.617451123
0.095,0.568,0.192,0.336,0.0
0.153,0.343,0.093,0.509,0.310288017
0.064,0.562,0.065,0.565,0.943526567
0.128,0.538,0.225,0.333,0.0
0.12,0.486,0.301,0.353,0.0
0.0,0.39,0.314,0.354,0.0
0.176,0.456,0.292,0.301,0.0
0.223,0.441,0.072,0.52,0.135547418
0.312,0.381,0.253,0.301,0.0
0.086,0.51,0.294,0.35,0.0
0.258,0.354,0.221,0.341,0.0
0.174,0.436,0.119,0.405,0.0
0.266,0.438,0.122,0.426,0.017658037
0.103,0.513,0.084,0.558,0.77964389
0.114,0.49,0.28,0.346,0.0
0.118,0.494,0.176,0.352,0.0
0.225,0.372,0.138,0.392,0.0
0.128,0.426,0.266,0.368,0.0
0.248,0.496,0.032,0.484,0.073514679
0.113,0.391,0.119,0.577,0.581293227
0.078,0.442,0.166,0.354,0.0
0.18,0.49,0.078,0.483,0.254553769
0.213,0.292,0.267,0.381,0.0
0.066,0.482,0.205,0.479,0.652402423
0.29,0.382,0.028,0.47,0.026498861
0.179,0.315,0.183,0.319,0.0
0.257,0.395,0.146,0.604,0.099810674
0.136,0.548,0.053,0.441,0.111625103
0.08,0.492,0.064,0.484,0.673647482
0.18,0.431,0.253,0.431,0.077107966
0.181,0.489,0.064,0.556,0.364853254
0.133,0.485,0.099,0.453,0.190859069
0.254,0.472,0.091,0.503,0.081664024
0.15,0.45,0.158,0.422,0.084750867
0.169,0.409,0.136,0.434,0.079711978
0.23,0.34,0.099,0.393,0.0
0.161,0.461,0.017,0.473,0.247331538
0.021,0.501,0.108,0.46,0.485221845
0.252,0.294,0.327,0.345,0.0
0.078,0.468,0.081,0.443,0.292950904
0.104,0.434,0.149,0.459,0.34795946
0.228,0.466,0.174,0.385,0.0
0.168,0.433,0.281,0.386,0.0
0.276,0.284,0.165,0.439,0.002217555
0.282,0.288,0.063,0.525,0.005961184
0.266,0.326,0.137,0.515,0.044795373
0.143,0.407,0.342,0.398,0.0
0.201,0.411,0.138,0.432,0.042262677
0.226,0.36,0.22,0.306,0.0
0.123,0.519,0.277,0.347,0.0
0.181,0.389,0.134,0.498,0.272500926
0.326,0.39,0.108,0.471,0.014122575
0.287,0.305,0.24,0.382,0.0
0.028,0.49,0.247,0.369,0.0
0.156,0.39,0.29,0.41,0.0
0.256,0.383,0.349,0.374,0.0
0.254,0.494,0.14,0.474,0.061659292
0.158,0.416,0.087,0.546,0.373559156
0.211,0.453,0.264,0.309,0.0
0.197,0.488,0.18,0.426,0.049202533
0.187,0.411,0.156,0.492,0.248099635
0.196,0.498,0.199,0.405,0.0
0.271,0.381,0.134,0.55,0.069658775
0.234,0.304,0.147,0.467,0.042732016
0.233,0.379,0.103,0.491,0.080132649
0.208,0.314,0.197,0.389,0.0
0.284,0.3,0.063,0.511,0.012861045
0.172,0.558,0.219,0.303,0.0
0.165,0.373,0.239,0.411,0.0
0.255,0.298,0.234,0.306,0.0
0.237,0.289,0.253,0.317,0.0
0.24,0.406,0.127,0.429,0.022316733
0.044,0.506,0.234,0.31,0.0
0.119,0.501,0.226,0.462,0.264861398
0.158,0.392,0.078,0.508,0.318189681
0.186,0.424,0.206,0.382,0.0
0.174,0.454,0.123,0.471,0.234533135
0.132,0.512,0.118,0.536,0.42053257
0.136,0.494,0.192,0.38,0.0
0.152,0.401,0.236,0.476,0.253458484
0.087,0.48,0.093,0.459,0.474098414
0.058,0.546,0.073,0.571,0.949955644
0.248,0.524,0.149,0.329,0.0
0.074,0.432,0.277,0.353,0.0
0.247,0.257,0.206,0.379,0.0
0.111,0.496,0.263,0.424,0.109544399
0.268,0.298,0.221,0.441,0.00828234
0.0,0.468,0.112,0.402,0.0
0.077,0.561,0.18,0.434,0.23172192
0.238,0.288,0.24,0.452,0.02266705
0.167,0.514,0.219,0.403,0.0
0.103,0.45,0.165,0.377,0.0
0.255,0.385,0.145,0.487,0.058368618
0.127,0.551,0.112,0.464,0.257178983
0.164,0.418,0.11,0.558,0.375943918
0.187,0.343,0.046,0.514,0.277887242
0.14,0.474,0.047,0.538,0.402168597
0.206,0.414,0.253,0.329,0.0
0.085,0.508,0.0,0.43,0.231281975
0.142,0.476,0.227,0.291,0.0
0.146,0.394,0.264,0.39,0.0
0.167,0.561,0.146,0.468,0.235263647
0.29,0.41,0.254,0.4,0.0
0.317,0.346,0.242,0.398,0.0
0.098,0.512,0.098,0.442,0.244088087
0.258,0.362,0.206,0.38,0.0
0.074,0.505,0.153,0.465,0.54621905
0.011,0.475,0.261,0.268,0.0
0.216,0.426,0.161,0.401,0.0
0.073,0.457,0.189,0.293,0.0
0.155,0.483,0.115,0.515,0.347996081
0.033,0.493,0.232,0.324,0.0
0.264,0.356,0.313,0.443,0.018371201
0.006,0.498,0.307,0.363,0.0
0.09,0.516,0.167,0.451,0.369421359
0.093,0.523,0.207,0.344,0.0
0.205,0.545,0.191,0.497,0.162010621
0.178,0.274,0.072,0.544,0.273843891
0.222,0.3,0.16,0.44,0.022757641
0.139,0.443,0.202,0.402,0.0
0.145,0.487,0.283,0.402,0.0
0.3,0.402,0.121,0.485,0.030276221
0.104,0.518,0.08,0.496,0.549345889
0.315,0.417,0.151,0.333,0.0
0.305,0.385,0.142,0.368,0.0
0.212,0.308,0.243,0.305,0.0
0.307,0.323,0.049,0.547,0.010286427
0.124,0.436,0.17,0.372,0.0
0.044,0.523,0.116,0.522,0.859913389
0.109,0.447,0.32,0.373,0.0
0.252,0.372,0.186,0.548,0.084344653
0.271,0.392,0.245,0.342,0.0
0.203,0.401,0.241,0.364,0.0
0.171,0.408,0.135,0.497,0.281384155
0.255,0.256,0.274,0.296,0.0
0.209,0.39,0.099,0.529,0.17244209
0.1,0.514,0.197,0.421,0.181453978
0.203,0.503,0.129,0.403,0.0
0.247,0.397,0.282,0.318,0.0
0.126,0.478,0.197,0.361,0.0
0.153,0.409,0.201,0.336,0.0
0.287,0.39,0.132,0.54,0.053872312
0.223,0.397,0.194,0.398,0.0
0.247,0.322,0.239,0.401,0.0
0.133,0.461,0.079,0.417,0.0
0.068,0.525,0.277,0.331,0.0
0.324,0.36,0.186,0.434,0.002721106
0.133,0.557,0.124,0.51,0.374160045
0.13,0.394,0.082,0.517,0.3829469
0.212,0.372,0.101,0.517,0.144332828
0.201,0.329,0.28,0.326,0.0
0.257,0.315,0.268,0.282,0.0
0.14,0.488,0.213,0.318,0.0
0.034,0.473,0.078,0.526,0.870829135
0.039,0.477,0.304,0.362,0.0
0.215,0.447,0.257,0.417,0.0
0.217,0.305,0.095,0.375,0.0
0.152,0.366,0.297,0.321,0.0
0.284,0.328,0.297,0.357,0.0
0.23,0.262,0.056,0.474,0.025584758
0.212,0.384,0.263,0.315,0.0
0.231,0.355,0.207,0.359,0.0
0.201,0.337,0.137,0.395,0.0
0.167,0.409,0.121,0.362,0.0
0.108,0.526,0.124,0.38,0.0
0.166,0.45,0.098,0.49,0.274198064
0.291,0.392,0.143,0.386,0.0
0.273,0.297,0.241,0.351,0.0
0.336,0.396,0.28,0.356,0.0
0.299,0.347,0.246,0.422,0.005099123
0.079,0.473,0.324,0.354,0.0
0.139,0.427,0.131,0.517,0.369741801
0.199,0.437,0.098,0.502,0.199073947
0.084,0.554,0.101,0.475,0.633459727
0.171,0.435,0.214,0.458,0.193250096
0.247,0.357,0.037,0.503,0.066497242
0.107,0.504,0.217,0.327,0.0
0.053,0.481,0.216,0.382,0.0
0.21,0.3,0.274,0.41,0.0
0.165,0.387,0.098,0.597,0.383657654
0.036,0.512,0.225,0.401,0.0
0.174,0.378,0.182,0.391,0.0
0.043,0.501,0.306,0.38,0.0
0.06,0.5,0.166,0.498,0.730193195
0.278,0.43,0.32,0.368,0.0
0.132,0.464,0.286,0.324,0.0
0.046,0.436,0.26,0.405,0.0
0.045,0.492,0.109,0.453,0.403220514
0.316,0.335,0.109,0.541,0.009843109
0.292,0.308,0.125,0.571,0.014183772
0.077,0.46,0.236,0.384,0.0
0.106,0.468,0.108,0.548,0.704313052
0.098,0.432,0.147,0.391,0.0
0.247,0.355,0.178,0.342,0.0
0.15,0.352,0.108,0.436,0.079623796
0.12,0.524,0.085,0.549,0.485372669
0.149,0.519,0.265,0.313,0.0
0.221,0.385,0.163,0.553,0.14688769
0.231,0.377,0.259,0.401,0.0
0.24,0.418,0.007,0.475,0.068261841
0.155,0.419,0.009,0.465,0.226584248
0.101,0.513,0.262,0.395,0.0
0.077,0.567,0.178,0.452,0.394860111
0.067,0.504,0.287,0.363,0.0
0.33,0.38,0.106,0.506,0.015401933
0.003,0.46,0.098,0.544,0.903884768
0.2,0.454,0.029,0.515,0.219059886
0.084,0.388,0.074,0.428,0.228150799
0.169,0.539,0.126,0.448,0.144942872
0.269,0.306,0.09,0.513,0.03137777
0.0,0.457,0.105,0.493,0.704317389
0.146,0.45,0.119,0.549,0.40165589
0.125,0.565,0.134,0.468,0.277152394
0.172,0.459,0.122,0.45,0.151894294
0.112,0.544,0.248,0.296,0.0
0.114,0.476,0.247,0.253,0.0
0.27,0.468,0.244,0.39,0.0
0.297,0.401,0.221,0.419,0.009476408
0.114,0.554,0.037,0.405,0.0
0.223,0.395,0.109,0.559,0.149085488
0.146,0.502,0.004,0.482,0.277964823
0.151,0.385,0.023,0.447,0.140009512
0.086,0.444,0.211,0.369,0.0
0.096,0.504,0.095,0.527,0.837832772
0.135,0.457,0.198,0.356,0.0
0.086,0.513,0.247,0.261,0.0
0.234,0.258,0.161,0.513,0.027795567
0.205,0.357,0.258,0.346,0.0
0.254,0.446,0.125,0.445,0.030003002
0.141,0.361,0.154,0.406,0.0
0.03,0.508,0.047,0.458,0.464461544
0.206,0.365,0.065,0.553,0.191820394
0.056,0.476,0.231,0.454,0.412538869
0.28,0.344,0.244,0.39,0.0
0.237,0.336,0.291,0.355,0.0
0.236,0.416,0.236,0.344,0.0
0.291,0.397,0.16,0.587,0.060118279
0.142,0.52,0.116,0.484,0.288040673
0.07,0.446,0.056,0.498,0.726624966
0.172,0.39,0.061,0.507,0.302163248
0.249,0.37,0.249,0.305,0.0
0.19,0.282,0.13,0.468,0.157053168
0.18,0.402,0.276,0.396,0.0
0.126,0.554,0.112,0.49,0.328780167
0.107,0.487,0.02,0.41,0.0
0.164,0.446,0.062,0.46,0.203903706
0.118,0.542,0.063,0.553,0.506594599
0.318,0.348,0.099,0.473,0.007414978
0.107,0.557,0.149,0.527,0.654151602
0.32,0.402,0.206,0.387,0.0
0.142,0.561,0.219,0.317,0.0
0.077,0.515,0.099,0.381,0.0
0.156,0.492,0.18,0.468,0.240014379
0.225,0.313,0.215,0.457,0.046651045
0.171,0.468,0.176,0.539,0.359305031
0.183,0.548,0.147,0.383,0.0
0.305,0.423,0.11,0.524,0.043132929
0.234,0.252,0.146,0.454,0.010170297
0.123,0.473,0.234,0.38,0.0
0.223,0.329,0.245,0.314,0.0
0.164,0.422,0.158,0.432,0.081019767
0.234,0.426,0.2,0.49,0.087450289
0.157,0.481,0.029,0.528,0.364148282
0.242,0.434,0.155,0.408,0.0
0.082,0.446,0.22,0.38,0.0
0.157,0.598,0.21,0.376,0.0
0.234,0.365,0.103,0.491,0.074876919
0.134,0.472,0.208,0.382,0.0
0.155,0.367,0.274,0.326,0.0
0.245,0.425,0.202,0.398,0.0
0.19,0.374,0.143,0.425,0.060961547
0.257,0.371,0.123,0.621,0.090167059
0.175,0.309,0.146,0.468,0.202859017
0.213,0.325,0.218,0.468,0.078683673
0.161,0.549,0.227,0.469,0.24052805
0.061,0.505,0.258,0.368,0.0
0.126,0.52,0.26,0.402,0.0
0.178,0.41,0.062,0.456,0.176719147
0.243,0.5,0.21,0.328,0.0
0.172,0.381,0.188,0.376,0.0
0.335,0.361,0.104,0.444,0.002585219
0.222,0.38,0.225,0.345,0.0
0.217,0.454,0.227,0.415,0.0
0.124,0.436,0.033,0.515,0.404772609
0.086,0.492,0.123,0.561,0.933262788
0.309,0.393,0.031,0.469,0.019812467
0.003,0.485,0.259,0.275,0.0
0.157,0.527,0.252,0.34,0.0
0.23,0.477,0.017,0.509,0.115716641
0.289,0.382,0.162,0.429,0.009800223
0.345,0.372,0.161,0.423,0.002044082
0.103,0.482,0.103,0.399,0.0
0.243,0.383,0.226,0.432,0.020191697
0.096,0.585,0.032,0.47,0.56193227
0.311,0.355,0.135,0.483,0.012830206
0.099,0.437,0.208,0.42,0.186739101
0.119,0.375,0.049,0.541,0.456245702
0.034,0.526,0.241,0.267,0.0
0.316,0.424,0.285,0.333,0.0
0.173,0.495,0.304,0.356,0.0
0.065,0.537,0.278,0.285,0.0
0.239,0.466,0.18,0.33,0.0
0.161,0.439,0.111,0.383,0.0
0.25,0.394,0.174,0.498,0.071934636
0.281,0.343,0.232,0.308,0.0
0.191,0.366,0.272,0.284,0.0
0.268,0.384,0.145,0.371,0.0
0.188,0.442,0.152,0.46,0.178691431
0.234,0.32,0.061,0.555,0.091560138
0.019,0.453,0.283,0.357,0.0
0.201,0.492,0.165,0.345,0.0
0.218,0.34,0.0,0.476,0.080916647
0.07,0.441,0.08,0.49,0.69034853
0.086,0.493,0.081,0.409,0.0
0.069,0.525,0.069,0.475,0.632792822
0.226,0.329,0.297,0.341,0.0
0.181,0.475,0.069,0.423,0.077116639
0.213,0.351,0.19,0.52,0.13736695
0.256,0.378,0.289,0.303,0.0
0.11,0.46,0.149,0.437,0.110695581
0.072,0.364,0.308,0.348,0.0
0.168,0.37,0.178,0.394,0.0
0.18,0.482,0.126,0.538,0.350090278
0.139,0.455,0.126,0.412,0.0
0.04,0.512,0.07,0.482,0.664351775
0.264,0.354,0.322,0.38,0.0
0.21,0.374,0.269,0.327,0.0
0.104,0.406,0.068,0.471,0.446205028
0.006,0.498,0.098,0.52,0.852002087
0.107,0.521,0.164,0.492,0.488058117
0.326,0.439,0.184,0.442,0.008923705
0.178,0.502,0.261,0.333,0.0
0.256,0.34,0.111,0.595,0.075698985
0.041,0.433,0.115,0.473,0.618472682
0.119,0.429,0.282,0.35,0.0
0.174,0.334,0.093,0.46,0.184787055
0.078,0.464,0.068,0.402,0.0
0.206,0.514,0.216,0.334,0.0
0.137,0.361,0.226,0.386,0.0
0.19,0.556,0.162,0.494,0.247381652
0.037,0.512,0.153,0.384,0.0
0.165,0.521,0.322,0.348,0.0
0.132,0.35,0.119,0.489,0.291055719
0.188,0.426,0.187,0.519,0.304179864
0.069,0.437,0.318,0.328,0.0
0.069,0.473,0.112,0.424,0.230783724
0.186,0.406,0.191,0.419,0.070409525
0.091,0.365,0.249,0.353,0.0
0.044,0.432,0.286,0.488,0.683801877
0.22,0.326,0.117,0.411,0.0
0.23,0.29,0.086,0.532,0.069535899
0.127,0.529,0.136,0.532,0.430810323
0.122,0.528,0.11,0.554,0.481370277
0.289,0.359,0.303,0.359,0.0
0.232,0.34,0.113,0.569,0.109214802
0.123,0.437,0.246,0.302,0.0
0.059,0.509,0.197,0.469,0.588829153
0.09,0.48,0.19,0.474,0.620921051
0.242,0.358,0.179,0.359,0.0
0.293,0.295,0.168,0.492,0.001243218
0.384,0.464,0.271,0.393,0.0
0.104,0.496,0.277,0.297,0.0
0.211,0.417,0.146,0.314,0.0
0.349,0.383,0.291,0.411,0.0
0.129,0.459,0.113,0.517,0.395555446
0.241,0.291,0.313,0.357,0.0
0.075,0.433,0.195,0.335,0.0
0.04,0.508,0.289,0.331,0.0
0.064,0.558,0.212,0.38,0.0
0.269,0.327,0.146,0.398,0.0
0.078,0.416,0.311,0.416,0.0
0.25,0.362,0.224,0.492,0.058304048
0.0,0.446,0.267,0.376,0.0
0.06,0.473,0.164,0.455,0.42231548
0.327,0.391,0.177,0.451,0.009353531
0.021,0.501,0.093,0.461,0.495738604
0.086,0.509,0.149,0.509,0.794307602
0.213,0.363,0.148,0.436,0.030202495
0.211,0.329,0.117,0.461,0.073528172
0.294,0.346,0.089,0.462,0.01470708
0.217,0.419,0.274,0.416,0.0
0.27,0.316,0.153,0.397,0.0
0.081,0.514,0.231,0.303,0.0
0.279,0.301,0.117,0.564,0.022216504
0.157,0.483,0.134,0.55,0.38786484
0.119,0.455,0.121,0.527,0.454769742
0.261,0.389,0.053,0.419,0.016728514
0.158,0.411,0.318,0.344,0.0
0.04,0.454,0.102,0.53,0.879381802
0.263,0.359,0.177,0.445,0.020385889
0.263,0.317,0.192,0.468,0.027917961
0.292,0.411,0.132,0.514,0.047913056
0.116,0.468,0.187,0.472,0.314536162
0.258,0.287,0.287,0.331,0.0
0.074,0.479,0.21,0.486,0.678716729
0.127,0.357,0.257,0.327,0.0
0.253,0.303,0.15,0.472,0.029906147
0.325,0.325,0.172,0.418,0.0
0.274,0.336,0.251,0.427,0.009831062
0.138,0.5,0.155,0.453,0.187232052
0.27,0.289,0.217,0.425,0.004676043
0.0,0.471,0.279,0.333,0.0
0.188,0.394,0.118,0.388,0.0
0.074,0.534,0.072,0.506,0.774740406
0.129,0.577,0.287,0.317,0.0
0.199,0.525,0.194,0.452,0.100038598
0.064,0.394,0.111,0.545,0.892988297
0.13,0.532,0.057,0.514,0.391618588
0.259,0.384,0.18,0.446,0.025595841
0.137,0.503,0.075,0.407,0.0
0.273,0.289,0.207,0.471,0.010781787
0.113,0.487,0.14,0.458,0.261008385
0.113,0.563,0.159,0.571,0.598870792
0.125,0.437,0.176,0.444,0.138265633
0.23,0.337,0.262,0.362,0.0
0.193,0.532,0.287,0.363,0.0
0.168,0.566,0.274,0.33,0.0
0.13,0.598,0.134,0.464,0.253324525
0.139,0.399,0.114,0.396,0.0
0.223,0.272,0.367,0.383,0.0
0.253,0.321,0.136,0.52,0.05535791
0.142,0.486,0.173,0.443,0.123676129
0.238,0.374,0.242,0.318,0.0
0.1,0.57,0.155,0.525,0.795851024
0.2,0.372,0.159,0.479,0.142335487
0.211,0.363,0.188,0.457,0.073938241
0.159,0.505,0.276,0.32,0.0
0.258,0.4,0.273,0.299,0.0
0.294,0.306,0.103,0.505,0.008013458
0.119,0.455,0.062,0.542,0.476373311
0.177,0.455,0.27,0.362,0.0
0.217,0.403,0.174,0.371,0.0
0.273,0.321,0.092,0.438,0.009235956
0.242,0.398,0.019,0.401,0.0
0.299,0.355,0.284,0.304,0.0
0.129,0.526,0.237,0.431,0.093436048
0.212,0.394,0.254,0.448,0.058742065
0.097,0.459,0.164,0.512,0.762759733
0.209,0.411,0.26,0.32,0.0
0.107,0.509,0.338,0.363,0.0
0.257,0.265,0.102,0.552,0.008133924
0.273,0.349,0.198,0.344,0.0
0.261,0.355,0.241,0.415,0.0
0.149,0.531,0.196,0.526,0.376293754
0.146,0.33,0.254,0.412,0.0
0.12,0.39,0.064,0.538,0.451849143
0.091,0.439,0.146,0.568,0.9293905
0.132,0.546,0.112,0.452,0.188066646
0.098,0.512,0.25,0.304,0.0
0.24,0.336,0.288,0.336,0.0
0.019,0.469,0.286,0.324,0.0
0.089,0.571,0.341,0.431,0.231391359
0.284,0.354,0.142,0.538,0.042667927
0.278,0.304,0.278,0.338,0.0
0.169,0.507,0.123,0.581,0.395513524
0.061,0.463,0.117,0.515,0.825354811
0.275,0.361,0.306,0.334,0.0
0.058,0.5,0.218,0.376,0.0
0.118,0.422,0.203,0.461,0.254734469
0.091,0.451,0.268,0.31,0.0
0.166,0.431,0.123,0.484,0.261753352
0.087,0.527,0.066,0.5,0.740004501
0.106,0.538,0.124,0.56,0.729383658
0.131,0.473,0.233,0.381,0.0
0.326,0.346,0.112,0.468,0.004257782
0.154,0.502,0.136,0.409,0.0
0.101,0.405,0.118,0.478,0.543482042
0.073,0.476,0.341,0.393,0.0
0.316,0.351,0.03,0.502,0.011996575
0.255,0.301,0.232,0.286,0.0
0.225,0.303,0.004,0.494,0.069322913
0.121,0.419,0.274,0.352,0.0
0.115,0.502,0.148,0.364,0.0
0.068,0.484,0.196,0.382,0.0
0.263,0.383,0.054,0.456,0.033674351
0.062,0.542,0.304,0.388,0.0
0.278,0.311,0.002,0.46,0.014573121
0.093,0.417,0.236,0.4,0.0
0.079,0.574,0.236,0.322,0.0
0.245,0.377,0.124,0.464,0.048441183
0.136,0.568,0.15,0.544,0.423463288
0.183,0.353,0.055,0.507,0.27771907
0.17,0.492,0.116,0.418,0.0
0.283,0.497,0.162,0.454,0.029813146
0.336,0.362,0.232,0.368,0.0
0.242,0.418,0.272,0.328,0.0
0.061,0.425,0.156,0.512,0.802631382
0.015,0.515,0.188,0.341,0.0
0.233,0.427,0.287,0.379,0.0
0.301,0.408,0.222,0.346,0.0
0.108,0.532,0.111,0.597,0.718450564
0.098,0.422,0.198,0.428,0.189603322
0.093,0.583,0.109,0.403,0.0
0.249,0.313,0.134,0.472,0.036680241
0.237,0.397,0.207,0.379,0.0
0.247,0.481,0.088,0.421,0.02234709
0.17,0.406,0.105,0.441,0.098431569
0.075,0.423,0.16,0.45,0.362473792
0.197,0.383,0.208,0.443,0.066503988
0.246,0.282,0.07,0.524,0.035246685
0.028,0.4,0.144,0.514,0.812306319
0.308,0.314,0.033,0.463,0.00204601
0.245,0.381,0.221,0.393,0.0
0.145,0.337,0.255,0.391,0.0
0.186,0.34,0.125,0.331,0.0
0.335,0.363,0.067,0.499,0.007575922
0.189,0.401,0.191,0.448,0.119235719
0.186,0.425,0.126,0.442,0.097965121
0.138,0.484,0.285,0.43,0.088940706
0.247,0.365,0.236,0.354,0.0
0.075,0.395,0.188,0.406,0.0
0.104,0.416,0.062,0.518,0.666184799
0.182,0.566,0.241,0.379,0.0
0.101,0.585,0.29,0.404,0.0
0.29,0.401,0.099,0.487,0.036602178
0.134,0.352,0.184,0.237,0.0
0.159,0.449,0.23,0.461,0.21007402
0.247,0.399,0.255,0.365,0.0
0.078,0.521,0.052,0.472,0.617128754
0.056,0.534,0.12,0.41,0.0
0.224,0.32,0.027,0.521,0.098483611
0.263,0.309,0.185,0.397,0.0
0.134,0.456,0.115,0.477,0.282083827
0.26,0.417,0.289,0.359,0.0
0.229,0.437,0.143,0.392,0.0
0.282,0.396,0.128,0.526,0.05749451
0.226,0.344,0.123,0.475,0.06923425
0.075,0.514,0.338,0.366,0.0
0.277,0.373,0.209,0.282,0.0
0.288,0.314,0.202,0.379,0.0
0.181,0.441,0.31,0.32,0.0
0.259,0.353,0.242,0.336,0.0
0.133,0.465,0.204,0.3,0.0
0.297,0.361,0.151,0.385,0.0
0.156,0.436,0.125,0.347,0.0
0.128,0.51,0.142,0.376,0.0
0.199,0.369,0.281,0.297,0.0
0.157,0.369,0.167,0.327,0.0
0.047,0.471,0.323,0.365,0.0
0.131,0.489,0.112,0.51,0.376356397
0.189,0.373,0.124,0.444,0.095366892
0.121,0.545,0.147,0.359,0.0
0.041,0.533,0.237,0.301,0.0
0.254,0.48,0.096,0.458,0.047280364
0.062,0.376,0.289,0.299,0.0
0.193,0.375,0.171,0.427,0.053669446
0.141,0.487,0.28,0.424,0.087912882
0.099,0.438,0.1,0.472,0.558156837
0.09,0.588,0.179,0.475,0.628473362
0.172,0.44,0.214,0.532,0.348771406
0.217,0.453,0.318,0.352,0.0
0.024,0.426,0.199,0.473,0.617972504
0.043,0.457,0.177,0.416,0.0
0.118,0.454,0.243,0.309,0.0
0.271,0.307,0.082,0.56,0.036070678
0.205,0.317,0.216,0.298,0.0
0.253,0.312,0.159,0.539,0.054984944
0.172,0.44,0.335,0.351,0.0
0.222,0.412,0.157,0.471,0.084529208
0.092,0.494,0.092,0.558,0.916687026
0.23,0.29,0.297,0.381,0.0
0.224,0.359,0.132,0.5,0.096032351
0.229,0.421,0.096,0.422,0.026517654
0.191,0.433,0.292,0.38,0.0
0.079,0.51,0.107,0.485,0.677290401
0.254,0.366,0.323,0.407,0.0
0.099,0.476,0.234,0.315,0.0
0.212,0.34,0.2,0.436,0.029172744
0.296,0.374,0.22,0.336,0.0
0.131,0.487,0.134,0.51,0.37622822
0.17,0.392,0.249,0.347,0.0
0.056,0.446,0.321,0.366,0.0
0.129,0.417,0.131,0.481,0.294704902
0.26,0.334,0.105,0.461,0.029957225
0.136,0.464,0.128,0.568,0.440903039
0.223,0.389,0.139,0.321,0.0
0.269,0.317,0.313,0.365,0.0
0.221,0.419,0.026,0.514,0.131989308
0.161,0.371,0.116,0.422,0.078617657
0.352,0.37,0.146,0.392,0.0
0.25,0.37,0.019,0.485,0.056825196
0.249,0.395,0.077,0.513,0.082828216
0.231,0.443,0.195,0.427,0.02628443
0.246,0.368,0.115,0.521,0.080177944
0.079,0.437,0.048,0.478,0.645950698
0.289,0.384,0.242,0.406,0.0
0.129,0.459,0.217,0.381,0.0
0.007,0.505,0.095,0.523,0.862134799
0.207,0.385,0.286,0.346,0.0
0.068,0.488,0.261,0.331,0.0
0.105,0.511,0.32,0.412,0.0
0.174,0.504,0.3,0.312,0.0
0.165,0.598,0.198,0.36,0.0
0.187,0.435,0.2,0.362,0.0
0.283,0.457,0.182,0.414,0.0
0.184,0.524,0.105,0.523,0.329453818
0.275,0.359,0.266,0.352,0.0
0.267,0.409,0.189,0.439,0.018295548
0.264,0.356,0.224,0.444,0.019081474
0.136,0.476,0.107,0.475,0.274985436
0.115,0.471,0.199,0.328,0.0
0.088,0.542,0.197,0.454,0.413930502
0.24,0.39,0.31,0.372,0.0
0.221,0.425,0.214,0.508,0.127060767
0.241,0.401,0.191,0.295,0.0
0.196,0.432,0.143,0.429,0.050180243
0.311,0.313,0.302,0.302,0.0
0.111,0.351,0.209,0.297,0.0
0.277,0.405,0.271,0.333,0.0
0.06,0.524,0.137,0.471,0.604427206
0.056,0.526,0.088,0.468,0.581259014
0.327,0.332,0.175,0.397,0.0
0.286,0.306,0.076,0.364,0.0
0.187,0.473,0.165,0.542,0.335851091
0.182,0.372,0.087,0.585,0.351746457
0.103,0.555,0.135,0.515,0.681479276
0.101,0.521,0.269,0.439,0.182157504
0.175,0.317,0.092,0.518,0.294391688
0.274,0.284,0.215,0.451,0.004665442
0.117,0.508,0.102,0.574,0.541282799
0.051,0.507,0.283,0.307,0.0
0.307,0.395,0.292,0.328,0.0
0.289,0.349,0.218,0.382,0.0
0.158,0.418,0.104,0.524,0.351589368
0.163,0.359,0.115,0.533,0.335687256
0.215,0.455,0.218,0.378,0.0
0.239,0.403,0.125,0.359,0.0
0.322,0.37,0.322,0.42,0.003667012
0.317,0.339,0.306,0.316,0.0
0.315,0.341,0.061,0.486,0.008249573
0.096,0.486,0.179,0.453,0.36791986
0.206,0.434,0.224,0.298,0.0
0.253,0.267,0.026,0.46,0.006653145
0.066,0.428,0.231,0.291,0.0
0.085,0.337,0.266,0.472,0.596177634
0.131,0.567,0.117,0.411,0.0
0.221,0.395,0.107,0.435,0.028564145
0.109,0.478,0.24,0.328,0.0
0.218,0.402,0.177,0.517,0.138019399
0.132,0.368,0.298,0.338,0.0
0.102,0.532,0.366,0.386,0.0
0.042,0.492,0.13,0.522,0.85823649
0.208,0.294,0.03,0.526,0.12979392
0.238,0.422,0.2,0.397,0.0
0.128,0.538,0.175,0.391,0.0
0.208,0.338,0.179,0.455,0.07063793
0.281,0.323,0.286,0.45,0.012081865
0.211,0.455,0.292,0.372,0.0
0.072,0.512,0.248,0.28,0.0
0.219,0.458,0.13,0.42,0.031431257
0.13,0.542,0.222,0.442,0.125749123
0.227,0.331,0.194,0.448,0.036846485
0.211,0.44,0.361,0.385,0.0
0.057,0.543,0.097,0.435,0.231572059
0.183,0.455,0.271,0.375,0.0
0.162,0.531,0.305,0.309,0.0
0.185,0.364,0.286,0.352,0.0
0.177,0.427,0.199,0.335,0.0
0.15,0.5,0.12,0.424,0.085602809
0.246,0.491,0.238,0.344,0.0
0.028,0.528,0.122,0.5,0.740034858
0.101,0.438,0.064,0.554,0.812701451
0.087,0.549,0.233,0.355,0.0
0.086,0.57,0.22,0.408,0.0
0.253,0.375,0.221,0.523,0.07590667
0.2,0.52,0.122,0.45,0.088318133
0.088,0.434,0.083,0.395,0.0
0.218,0.388,0.246,0.442,0.039607104
0.312,0.314,0.26,0.274,0.0
0.148,0.474,0.251,0.389,0.0
0.316,0.326,0.284,0.324,0.0
0.16,0.606,0.299,0.401,0.0
0.149,0.493,0.239,0.445,0.131087734
0.192,0.384,0.112,0.504,0.243720422
0.106,0.474,0.13,0.397,0.0
0.164,0.362,0.199,0.387,0.0
0.12,0.502,0.221,0.505,0.395514488
0.197,0.421,0.165,0.389,0.0
0.094,0.398,0.091,0.375,0.0
0.155,0.385,0.23,0.36,0.0
0.179,0.417,0.143,0.509,0.307712435
0.36,0.378,0.129,0.507,0.005767955
0.153,0.493,0.306,0.382,0.0
0.159,0.327,0.134,0.47,0.220585479
0.072,0.524,0.13,0.526,0.874041746
0.101,0.535,0.262,0.44,0.190609461
0.207,0.335,0.133,0.407,0.0
0.083,0.573,0.144,0.442,0.285683377
0.092,0.484,0.186,0.36,0.0
0.295,0.445,0.187,0.341,0.0
0.185,0.431,0.311,0.325,0.0
0.079,0.505,0.08,0.56,0.932905724
0.198,0.377,0.107,0.489,0.169713274
0.076,0.518,0.088,0.464,0.53691997
0.0,0.488,0.262,0.397,0.0
0.165,0.473,0.114,0.542,0.367663024
0.13,0.446,0.301,0.367,0.0
0.292,0.296,0.145,0.441,0.000893382
0.093,0.549,0.24,0.394,0.0
0.121,0.521,0.048,0.522,0.439244933
0.271,0.275,0.095,0.495,0.003235741
0.288,0.296,0.272,0.48,0.004770489
0.146,0.516,0.196,0.519,0.370238124
0.285,0.347,0.115,0.51,0.033366438
0.312,0.438,0.18,0.336,0.0
0.067,0.513,0.099,0.425,0.231334498
0.058,0.392,0.316,0.322,0.0
0.207,0.278,0.114,0.604,0.142126356
0.064,0.432,0.179,0.463,0.523552482
0.283,0.465,0.104,0.334,0.0
0.299,0.312,0.067,0.475,0.005873484
0.264,0.346,0.169,0.355,0.0
0.295,0.335,0.119,0.523,0.023312753
0.073,0.541,0.304,0.314,0.0
0.093,0.421,0.173,0.409,0.0
0.144,0.464,0.224,0.329,0.0
0.12,0.498,0.191,0.526,0.450735065
0.086,0.5,0.238,0.396,0.0
0.116,0.572,0.119,0.505,0.421684715
0.283,0.302,0.122,0.484,0.011938751
0.218,0.382,0.224,0.328,0.0
0.152,0.498,0.24,0.392,0.0
0.282,0.293,0.124,0.424,0.002269114
0.061,0.519,0.207,0.472,0.617086831
0.174,0.498,0.088,0.564,0.380021482
0.278,0.366,0.179,0.477,0.033346681
0.133,0.485,0.18,0.364,0.0
0.168,0.383,0.14,0.434,0.07844033
0.118,0.448,0.136,0.36,0.0
0.232,0.388,0.033,0.529,0.112970477
0.148,0.468,0.112,0.42,0.085531493
0.061,0.525,0.307,0.419,0.231434245
0.138,0.56,0.089,0.551,0.426461468
0.231,0.457,0.113,0.593,0.154119558
0.279,0.329,0.244,0.374,0.0
0.179,0.337,0.264,0.436,0.07199005
0.308,0.348,0.369,0.397,0.0
0.038,0.506,0.214,0.46,0.48535484
0.264,0.346,0.321,0.341,0.0
0.157,0.423,0.129,0.495,0.290022595
0.254,0.482,0.243,0.373,0.0
0.194,0.36,0.158,0.428,0.050192771
0.26,0.266,0.193,0.417,0.0
0.166,0.385,0.176,0.33,0.0
0.257,0.463,0.099,0.523,0.090024426
0.157,0.517,0.208,0.317,0.0
0.135,0.445,0.198,0.484,0.293764296
0.22,0.384,0.231,0.289,0.0
0.273,0.383,0.262,0.404,0.0
0.253,0.383,0.071,0.482,0.056523547
0.191,0.425,0.204,0.406,0.0
0.015,0.503,0.313,0.321,0.0
0.1,0.542,0.124,0.489,0.615121293
0.261,0.281,0.113,0.369,0.0
0.188,0.354,0.161,0.434,0.063719276
0.101,0.525,0.275,0.379,0.0
0.248,0.4,0.257,0.379,0.0
0.205,0.36,0.128,0.452,0.073491068
0.153,0.545,0.178,0.322,0.0
0.142,0.412,0.177,0.371,0.0
0.264,0.28,0.049,0.489,0.012071264
0.077,0.461,0.249,0.315,0.0
0.264,0.414,0.169,0.477,0.052664752
0.117,0.484,0.186,0.491,0.358509468
0.207,0.427,0.324,0.368,0.0
0.302,0.368,0.196,0.304,0.0
0.242,0.38,0.26,0.364,0.0
0.243,0.415,0.098,0.536,0.106543328
0.323,0.359,0.109,0.505,0.011449655
0.163,0.487,0.232,0.314,0.0
0.176,0.373,0.323,0.431,0.075778011
0.224,0.402,0.182,0.414,0.0
0.136,0.58,0.203,0.421,0.090566045
0.346,0.37,0.093,0.345,0.0
0.143,0.393,0.178,0.496,0.302574763
0.238,0.337,0.25,0.368,0.0
0.241,0.351,0.284,0.308,0.0
0.234,0.462,0.0,0.452,0.050616815
0.162,0.326,0.24,0.453,0.158397578
0.3,0.397,0.164,0.464,0.02246322
0.07,0.418,0.096,0.496,0.711536247
0.175,0.451,0.25,0.44,0.09407886
0.259,0.415,0.099,0.435,0.018364937
0.061,0.495,0.219,0.478,0.649276548
0.073,0.569,0.303,0.373,0.0
0.336,0.404,0.16,0.442,0.006351496
0.198,0.508,0.166,0.496,0.197512214
0.209,0.385,0.09,0.578,0.197866869
0.314,0.398,0.242,0.28,0.0
0.114,0.512,0.105,0.469,0.316095967
0.183,0.475,0.135,0.581,0.374126796
0.142,0.556,0.194,0.426,0.088258863
0.123,0.389,0.203,0.352,0.0
0.279,0.435,0.114,0.48,0.045682491
0.029,0.481,0.091,0.517,0.835405123
0.052,0.536,0.105,0.321,0.0
0.128,0.35,0.307,0.403,0.0
0.159,0.419,0.207,0.357,0.0
0.107,0.497,0.257,0.302,0.0
0.248,0.485,0.241,0.393,0.0
0.085,0.548,0.077,0.501,0.74526264
0.301,0.345,0.246,0.264,0.0
0.108,0.414,0.077,0.415,0.0
0.105,0.429,0.272,0.456,0.302173849
0.1,0.544,0.17,0.412,0.0
0.149,0.443,0.036,0.512,0.345571324
0.253,0.411,0.256,0.338,0.0
0.076,0.54,0.112,0.526,0.87467492
0.067,0.521,0.164,0.412,0.0
0.256,0.504,0.283,0.329,0.0
0.179,0.335,0.255,0.357,0.0
0.259,0.367,0.074,0.49,0.051961707
0.293,0.305,0.116,0.368,0.0
0.149,0.471,0.31,0.358,0.0
0.279,0.321,0.245,0.281,0.0
0.085,0.509,0.116,0.458,0.464488529
0.236,0.38,0.084,0.48,0.069197628
0.09,0.53,0.247,0.395,0.0
0.156,0.616,0.246,0.33,0.0
0.344,0.362,0.206,0.385,0.0
0.244,0.3,0.252,0.372,0.0
0.143,0.437,0.253,0.38,0.0
0.14,0.468,0.109,0.445,0.134406356
0.261,0.381,0.147,0.562,0.082208534
0.146,0.52,0.077,0.483,0.281944567
0.264,0.35,0.211,0.347,0.0
0.213,0.546,0.126,0.335,0.0
0.318,0.406,0.142,0.6,0.040886463
0.198,0.481,0.134,0.598,0.293499269
0.153,0.497,0.179,0.428,0.084883381
0.267,0.421,0.123,0.387,0.0
0.085,0.518,0.137,0.483,0.671477151
0.132,0.53,0.177,0.429,0.09184444
0.221,0.397,0.161,0.549,0.14984202
0.113,0.477,0.208,0.298,0.0
0.014,0.508,0.055,0.551,0.918165395
0.295,0.321,0.054,0.545,0.018888727
0.199,0.267,0.098,0.589,0.180178956
0.334,0.42,0.315,0.349,0.0
0.23,0.292,0.157,0.341,0.0
0.048,0.536,0.235,0.365,0.0
0.071,0.537,0.26,0.356,0.0
0.091,0.403,0.206,0.338,0.0
0.185,0.449,0.19,0.487,0.248273107
0.045,0.499,0.319,0.391,0.0
0.195,0.389,0.0,0.443,0.073140268
0.272,0.4,0.219,0.425,0.015090165
0.056,0.487,0.061,0.431,0.231006347
0.131,0.553,0.154,0.386,0.0
0.208,0.496,0.203,0.499,0.153898381
0.069,0.439,0.285,0.387,0.0
0.229,0.241,0.087,0.548,0.021180489
0.026,0.526,0.123,0.405,0.0
0.207,0.365,0.143,0.441,0.042320501
0.106,0.412,0.258,0.308,0.0
0.217,0.347,0.108,0.45,0.050072304
0.148,0.494,0.208,0.444,0.126419401
0.137,0.475,0.256,0.34,0.0
0.278,0.298,0.053,0.488,0.014437234
0.311,0.341,0.154,0.393,0.0
0.213,0.447,0.259,0.293,0.0
0.081,0.551,0.262,0.286,0.0
0.118,0.448,0.113,0.48,0.323817895
0.071,0.565,0.241,0.383,0.0
0.165,0.443,0.208,0.396,0.0
0.142,0.526,0.156,0.448,0.154978728
0.084,0.474,0.135,0.463,0.525751244
0.13,0.572,0.295,0.361,0.0
0.244,0.34,0.086,0.498,0.062075143
0.207,0.455,0.175,0.411,0.0
0.222,0.317,0.027,0.527,0.104215908
0.103,0.401,0.201,0.446,0.22063222
0.178,0.386,0.248,0.334,0.0
0.081,0.489,0.271,0.351,0.0
0.26,0.269,0.208,0.519,0.007615435
0.279,0.401,0.109,0.519,0.059663396
0.085,0.568,0.224,0.416,0.0
0.259,0.429,0.236,0.355,0.0
0.306,0.308,0.212,0.398,0.0
0.128,0.418,0.147,0.375,0.0
0.204,0.403,0.215,0.387,0.0
0.162,0.518,0.315,0.333,0.0
0.302,0.328,0.081,0.521,0.014846822
0.26,0.472,0.074,0.556,0.101489983
0.102,0.412,0.109,0.527,0.737711293
0.09,0.426,0.255,0.31,0.0
0.102,0.53,0.297,0.329,0.0
0.126,0.38,0.096,0.47,0.268323135
0.22,0.308,0.185,0.383,0.0
0.237,0.303,0.232,0.322,0.0
0.122,0.473,0.297,0.411,0.0
0.008,0.498,0.372,0.378,0.0
0.08,0.486,0.177,0.47,0.595899596
0.06,0.537,0.13,0.514,0.82500112
0.193,0.39,0.253,0.309,0.0
0.037,0.505,0.281,0.395,0.0
0.215,0.322,0.112,0.487,0.090200308
0.165,0.455,0.191,0.346,0.0
0.34,0.344,0.296,0.382,0.0
0.163,0.323,0.183,0.361,0.0
0.217,0.463,0.102,0.522,0.153077279
0.169,0.377,0.25,0.406,0.0
0.272,0.344,0.175,0.383,0.0
0.188,0.39,0.212,0.404,0.0
0.138,0.478,0.185,0.468,0.255256814
0.079,0.553,0.263,0.299,0.0
0.173,0.401,0.125,0.485,0.255536779
0.276,0.38,0.17,0.485,0.041821768
0.104,0.488,0.179,0.43,0.135421651
0.14,0.33,0.133,0.455,0.17894152
0.171,0.481,0.216,0.28,0.0
0.144,0.334,0.053,0.469,0.23199273
0.06,0.527,0.156,0.544,0.908940523
0.253,0.271,0.168,0.468,0.009875394
0.141,0.515,0.294,0.438,0.093375333
0.134,0.534,0.152,0.414,0.0
0.115,0.483,0.255,0.371,0.0
0.322,0.414,0.164,0.604,0.040941878
0.23,0.242,0.08,0.552,0.020606585
0.092,0.524,0.116,0.53,0.873229799
0.303,0.315,0.234,0.44,0.001996377
0.262,0.384,0.205,0.389,0.0
0.181,0.507,0.268,0.344,0.0
0.285,0.381,0.284,0.328,0.0
0.122,0.41,0.139,0.423,0.095936459
0.152,0.388,0.148,0.411,0.0
0.101,0.443,0.254,0.408,0.0
0.124,0.38,0.214,0.37,0.0
0.192,0.234,0.143,0.331,0.0
0.099,0.393,0.011,0.441,0.219803408
0.109,0.597,0.275,0.305,0.0
0.261,0.345,0.291,0.293,0.0
0.142,0.452,0.267,0.379,0.0
0.191,0.421,0.066,0.515,0.28006432
0.224,0.294,0.248,0.44,0.020580564
0.122,0.504,0.165,0.41,0.0
0.196,0.426,0.117,0.474,0.169804347
0.116,0.438,0.239,0.317,0.0
0.084,0.466,0.228,0.396,0.0
0.158,0.49,0.134,0.49,0.282758441
0.286,0.39,0.19,0.392,0.0
0.034,0.498,0.111,0.502,0.748060844
0.212,0.463,0.134,0.59,0.207543251
0.186,0.524,0.202,0.403,0.0
0.082,0.552,0.049,0.527,0.877521312
0.195,0.394,0.163,0.454,0.117927931
0.234,0.28,0.127,0.415,0.0
0.257,0.325,0.07,0.532,0.056587154
0.147,0.371,0.197,0.409,0.0
0.203,0.36,0.293,0.299,0.0
0.036,0.478,0.193,0.445,0.310681703
0.181,0.345,0.141,0.501,0.265635277
0.027,0.511,0.222,0.408,0.0
0.126,0.47,0.285,0.307,0.0
0.145,0.441,0.215,0.353,0.0
0.277,0.385,0.209,0.435,0.01278732
0.22,0.412,0.172,0.384,0.0
0.069,0.531,0.183,0.437,0.231484359
0.298,0.344,0.089,0.486,0.017260978
0.234,0.368,0.046,0.506,0.087261879
0.091,0.469,0.155,0.363,0.0
0.129,0.365,0.2,0.398,0.0
0.242,0.308,0.186,0.57,0.073036185
0.121,0.443,0.087,0.471,0.291021024
0.337,0.423,0.305,0.469,0.015396632
0.37,0.452,0.197,0.411,0.0
0.246,0.495,0.255,0.373,0.0
0.275,0.398,0.237,0.351,0.0
0.248,0.442,0.25,0.516,0.093148373
0.07,0.461,0.279,0.383,0.0
0.254,0.42,0.249,0.369,0.0
0.126,0.582,0.089,0.465,0.262913207
0.12,0.54,0.267,0.333,0.0
0.174,0.298,0.127,0.451,0.135316604
0.249,0.289,0.202,0.344,0.0
0.121,0.453,0.191,0.488,0.334476323
0.183,0.345,0.152,0.542,0.315162107
0.134,0.408,0.208,0.508,0.356583925
0.169,0.443,0.151,0.343,0.0
0.278,0.45,0.161,0.359,0.0
0.166,0.486,0.206,0.398,0.0
0.233,0.301,0.15,0.448,0.026440073
0.161,0.358,0.025,0.519,0.323153881
0.133,0.547,0.232,0.418,0.0
0.188,0.42,0.126,0.442,0.093844672
0.127,0.493,0.155,0.465,0.259357989
0.129,0.547,0.313,0.363,0.0
0.179,0.375,0.173,0.439,0.083947594
0.131,0.397,0.075,0.537,0.410043277
0.214,0.369,0.092,0.318,0.0
0.195,0.359,0.327,0.383,0.0
0.255,0.307,0.179,0.485,0.034634713
0.072,0.472,0.096,0.448,0.346030544
0.073,0.52,0.185,0.429,0.231393768
0.191,0.373,0.284,0.342,0.0
0.142,0.476,0.192,0.35,0.0
0.195,0.505,0.271,0.329,0.0
0.224,0.364,0.186,0.392,0.0
0.229,0.429,0.316,0.4,0.0
0.239,0.329,0.239,0.283,0.0
0.284,0.38,0.229,0.34,0.0
0.084,0.456,0.15,0.39,0.0
0.147,0.411,0.149,0.533,0.376488429
0.166,0.474,0.204,0.399,0.0
0.28,0.348,0.149,0.504,0.036526525
0.243,0.331,0.222,0.4,0.0
0.137,0.386,0.302,0.358,0.0
0.207,0.393,0.256,0.41,0.0
0.185,0.433,0.136,0.382,0.0
0.131,0.395,0.031,0.487,0.299718734
0.243,0.366,0.158,0.514,0.080070969
0.269,0.451,0.215,0.328,0.0
0.254,0.29,0.047,0.517,0.032924083
0.091,0.417,0.265,0.469,0.576819568
0.164,0.495,0.116,0.422,0.082463924
0.249,0.341,0.257,0.321,0.0
0.128,0.32,0.1,0.354,0.0
0.241,0.395,0.176,0.44,0.024918817
0.0,0.489,0.028,0.486,0.679211607
0.174,0.365,0.083,0.439,0.084875671
0.222,0.43,0.121,0.543,0.151100658
0.321,0.395,0.179,0.47,0.016313626
0.123,0.528,0.113,0.463,0.261055126
0.264,0.393,0.115,0.393,0.0
0.033,0.489,0.245,0.314,0.0
0.185,0.473,0.168,0.497,0.270890525
0.135,0.543,0.135,0.469,0.263251478
0.105,0.545,0.28,0.464,0.390233219
0.139,0.427,0.241,0.389,0.0
0.223,0.439,0.186,0.452,0.058805672
0.135,0.467,0.106,0.542,0.416749909
0.102,0.544,0.082,0.491,0.571185572
0.164,0.482,0.152,0.433,0.082271659
0.101,0.475,0.23,0.33,0.0
0.265,0.353,0.047,0.541,0.062331979
0.023,0.445,0.161,0.378,0.0
0.183,0.463,0.14,0.366,0.0
0.149,0.387,0.217,0.385,0.0
0.228,0.362,0.097,0.437,0.02321397
0.106,0.508,0.243,0.335,0.0
0.094,0.552,0.161,0.578,0.935983894
0.214,0.438,0.138,0.466,0.092084892
0.082,0.445,0.138,0.428,0.23023825
0.258,0.415,0.09,0.547,0.092430391
0.108,0.51,0.264,0.352,0.0
0.03,0.502,0.273,0.325,0.0
0.198,0.323,0.079,0.491,0.157568766
0.185,0.317,0.15,0.391,0.0
0.161,0.485,0.276,0.412,0.0
0.167,0.414,0.101,0.449,0.146727228
0.25,0.334,0.126,0.46,0.034529666
0.207,0.394,0.084,0.442,0.049576944
0.125,0.527,0.162,0.53,0.43526808
0.247,0.419,0.084,0.506,0.084714727
0.096,0.493,0.088,0.338,0.0
0.207,0.309,0.162,0.473,0.09176204
0.047,0.531,0.206,0.538,0.898971646
0.084,0.441,0.049,0.507,0.774088439
0.066,0.532,0.245,0.36,0.0
0.218,0.306,0.196,0.46,0.055444646
0.056,0.412,0.152,0.384,0.0
0.128,0.472,0.235,0.477,0.293343626
0.307,0.375,0.254,0.328,0.0
0.203,0.502,0.244,0.366,0.0
0.081,0.467,0.278,0.311,0.0
0.247,0.379,0.249,0.423,0.018872825
0.181,0.411,0.257,0.261,0.0
0.128,0.546,0.006,0.488,0.320070892
0.242,0.402,0.099,0.547,0.109521269
0.291,0.319,0.176,0.44,0.004956008
0.284,0.29,0.208,0.353,0.0
0.051,0.468,0.073,0.549,0.912260108
0.199,0.343,-0.0,0.47,0.128868734
0.326,0.414,0.221,0.469,0.017241221
0.244,0.388,0.169,0.329,0.0
0.064,0.548,0.112,0.49,0.695548363
0.092,0.489,0.235,0.393,0.0
0.292,0.35,0.251,0.403,0.0
0.252,0.324,0.087,0.561,0.067664807
0.369,0.375,0.245,0.277,0.0
0.028,0.434,0.228,0.487,0.678359183
0.34,0.376,0.177,0.356,0.0
0.082,0.534,0.349,0.361,0.0
0.184,0.432,0.068,0.477,0.233838282
0.12,0.469,0.078,0.518,0.433641295
0.239,0.253,0.162,0.468,0.009944783
0.268,0.309,0.2,0.494,0.029300921
0.179,0.429,0.007,0.453,0.164849785
0.102,0.576,0.213,0.279,0.0
0.323,0.323,0.199,0.401,0.0
0.313,0.407,0.083,0.388,0.0
0.075,0.455,0.018,0.486,0.677202701
0.273,0.335,0.114,0.4,0.0
0.067,0.521,0.294,0.338,0.0
0.151,0.473,0.072,0.434,0.08496578
0.253,0.296,0.183,0.397,0.0
0.212,0.426,0.063,0.545,0.180436755
0.006,0.49,0.096,0.474,0.626867779
0.267,0.337,0.289,0.327,0.0
0.168,0.391,0.256,0.267,0.0
0.31,0.377,0.051,0.492,0.02041191
0.09,0.374,0.091,0.581,0.922734945
0.192,0.414,0.197,0.399,0.0
0.243,0.399,0.134,0.524,0.097219672
0.111,0.549,0.148,0.436,0.110031567
0.136,0.514,0.166,0.416,0.0
0.308,0.381,0.154,0.416,0.0
0.225,0.466,0.162,0.426,0.029001681
0.016,0.51,0.145,0.42,0.231305105
