0.0,0.132,0.0,0.049,0.012518437
0.0,0.044,0.0,0.024,0.012518437
0.0,0.0,0.0,0.106,0.012518437
0.0,0.038,0.0,0.147,0.012518437
0.0,0.0,0.0,0.0,0.012518437
0.0,0.082,0.0,0.156,0.012518437
0.024,0.076,0.0,0.007,0.0
0.0,0.062,0.0,0.037,0.012518437
0.004,0.02,0.0,0.121,0.0
0.0,0.077,0.0,0.089,0.012518437
0.0,0.049,0.0,0.019,0.012518437
0.0,0.134,0.0,0.06,0.012518437
0.0,0.0,0.017,0.067,0.0
0.0,0.022,0.043,0.117,0.0
0.0,0.07,0.0,0.069,0.012518437
0.0,0.0,0.03,0.089,0.0
0.0,0.109,0.0,0.07,0.012518437
0.0,0.095,0.0,0.051,0.012518437
0.0,0.08,0.0,0.055,0.012518437
0.001,0.127,0.0,0.0,0.0
0.026,0.044,0.0,0.0,0.0
0.0,0.111,0.0,0.117,0.012518437
0.0,0.103,0.0,0.061,0.012518437
0.0,0.086,0.0,0.0,0.012518437
0.0,0.108,0.0,0.0,0.012518437
0.0,0.109,0.041,0.069,0.0
0.004,0.072,0.0,0.038,0.0
0.02,0.062,0.0,0.051,0.0
0.007,0.055,0.0,0.094,0.0
0.0,0.066,0.0,0.06,0.012518437
0.0,0.077,0.0,0.036,0.012518437
0.0,0.065,0.0,0.055,0.012518437
0.0,0.07,0.0,0.078,0.012518437
0.0,0.076,0.0,0.072,0.012518437
0.0,0.005,0.0,0.152,0.012518437
0.061,0.08,0.0,0.092,0.0
0.0,0.096,0.0,0.165,0.012518437
0.0,0.119,0.0,0.136,0.012518437
0.0,0.121,0.0,0.073,0.012518437
0.001,0.105,0.0,0.146,0.0
0.0,0.105,0.0,0.0,0.012518437
0.0,0.092,0.0,0.001,0.012518437
0.017,0.089,0.0,0.127,0.0
0.0,0.053,0.0,0.065,0.012518437
0.002,0.097,0.0,0.152,0.0
0.0,0.093,0.0,0.083,0.012518437
0.0,0.047,0.0,0.036,0.012518437
0.0,0.008,0.0,0.094,0.012518437
0.0,0.018,0.0,0.0,0.012518437
0.0,0.067,0.026,0.075,0.0
0.0,0.023,0.0,0.124,0.012518437
0.0,0.053,0.0,0.118,0.012518437
0.0,0.041,0.0,0.123,0.012518437
0.0,0.03,0.0,0.107,0.012518437
0.0,0.157,0.0,0.02,0.012518437
0.0,0.12,0.003,0.073,0.0
0.0,0.101,0.0,0.115,0.012518437
0.071,0.073,0.0,0.116,0.0
0.0,0.032,0.0,0.059,0.012518437
0.0,0.0,0.0,0.06,0.012518437
0.0,0.044,0.001,0.051,0.0
0.0,0.123,0.0,0.009,0.012518437
0.0,0.027,0.0,0.147,0.012518437
0.0,0.1,0.0,0.032,0.012518437
0.044,0.08,0.013,0.013,0.0
0.0,0.047,0.0,0.0,0.012518437
0.032,0.06,0.0,0.0,0.0
0.0,0.061,0.0,0.033,0.012518437
0.0,0.049,0.045,0.081,0.0
0.0,0.085,0.0,0.013,0.012518437
0.0,0.119,0.0,0.028,0.012518437
0.0,0.09,0.0,0.0,0.012518437
0.0,0.059,0.0,0.0,0.012518437
0.0,0.17,0.029,0.061,0.0
0.0,0.115,0.0,0.102,0.012518437
0.0,0.103,0.0,0.048,0.012518437
0.0,0.116,0.0,0.163,0.012518437
0.0,0.078,0.0,0.042,0.012518437
0.0,0.02,0.0,0.037,0.012518437
0.0,0.024,0.013,0.135,0.0
0.0,0.07,0.009,0.051,0.0
0.0,0.003,0.0,0.145,0.012518437
0.0,0.081,0.0,0.124,0.012518437
0.0,0.095,0.0,0.167,0.012518437
0.0,0.066,0.0,0.096,0.012518437
0.0,0.027,0.0,0.191,0.012518437
0.0,0.085,0.0,0.132,0.012518437
0.0,0.154,0.0,0.037,0.012518437
0.0,0.114,0.0,0.085,0.012518437
0.0,0.097,0.0,0.052,0.012518437
0.0,0.077,0.0,0.006,0.012518437
0.004,0.152,0.0,0.075,0.0
0.0,0.114,0.0,0.084,0.012518437
0.0,0.0,0.0,0.078,0.012518437
0.0,0.068,0.0,0.052,0.012518437
0.033,0.035,0.0,0.0,0.0
0.0,0.042,0.0,0.085,0.012518437
0.0,0.112,0.0,0.119,0.012518437
0.0,0.12,0.0,0.074,0.012518437
0.0,0.159,0.0,0.153,0.012518437
0.0,0.156,0.0,0.074,0.012518437
0.0,0.036,0.0,0.072,0.012518437
0.0,0.0,0.0,0.1,0.012518437
0.0,0.063,0.0,0.069,0.012518437
0.0,0.066,0.006,0.012,0.0
0.006,0.022,0.0,0.115,0.0
0.0,0.107,0.0,0.063,0.012518437
0.0,0.099,0.003,0.017,0.0
0.0,0.091,0.0,0.0,0.012518437
0.0,0.088,0.0,0.055,0.012518437
0.0,0.0,0.0,0.0,0.012518437
0.0,0.098,0.0,0.049,0.012518437
0.0,0.051,0.0,0.0,0.012518437
0.0,0.0,0.0,0.04,0.012518437
0.0,0.141,0.0,0.052,0.012518437
0.0,0.055,0.0,0.0,0.012518437
0.0,0.041,0.016,0.026,0.0
0.0,0.152,0.004,0.064,0.0
0.017,0.035,0.0,0.112,0.0
0.0,0.132,0.0,0.031,0.012518437
0.0,0.147,0.0,0.062,0.012518437
0.006,0.058,0.0,0.059,0.0
0.022,0.052,0.0,0.0,0.0
0.0,0.065,0.0,0.123,0.012518437
0.0,0.128,0.0,0.0,0.012518437
0.0,0.101,0.043,0.069,0.0
0.0,0.019,0.0,0.067,0.012518437
0.0,0.084,0.0,0.046,0.012518437
0.0,0.137,0.0,0.025,0.012518437
0.0,0.171,0.0,0.0,0.012518437
0.0,0.135,0.0,0.031,0.012518437
0.0,0.071,0.0,0.148,0.012518437
0.0,0.097,0.0,0.088,0.012518437
0.0,0.04,0.0,0.165,0.012518437
0.0,0.046,0.014,0.032,0.0
0.0,0.124,0.0,0.035,0.012518437
0.0,0.041,0.0,0.079,0.012518437
0.0,0.092,0.0,0.12,0.012518437
0.0,0.128,0.0,0.021,0.012518437
0.0,0.094,0.0,0.09,0.012518437
0.0,0.0,0.0,0.022,0.012518437
0.0,0.095,0.0,0.168,0.012518437
0.0,0.039,0.0,0.083,0.012518437
0.0,0.042,0.0,0.009,0.012518437
0.0,0.029,0.0,0.017,0.012518437
0.0,0.145,0.0,0.0,0.012518437
0.0,0.072,0.0,0.0,0.012518437
0.0,0.0,0.0,0.035,0.012518437
0.0,0.096,0.0,0.065,0.012518437
0.0,0.141,0.0,0.088,0.012518437
0.0,0.118,0.0,0.0,0.012518437
0.0,0.009,0.0,0.105,0.012518437
0.0,0.01,0.0,0.044,0.012518437
0.0,0.031,0.0,0.117,0.012518437
0.0,0.052,0.021,0.141,0.0
0.0,0.123,0.0,0.074,0.012518437
0.0,0.071,0.0,0.009,0.012518437
0.0,0.03,0.0,0.092,0.012518437
0.0,0.0,0.0,0.129,0.012518437
0.037,0.095,0.0,0.018,0.0
0.0,0.112,0.0,0.101,0.012518437
0.0,0.045,0.0,0.094,0.012518437
0.0,0.079,0.0,0.111,0.012518437
0.0,0.075,0.0,0.077,0.012518437
0.0,0.167,0.0,0.06,0.012518437
0.0,0.0,0.0,0.087,0.012518437
0.0,0.093,0.0,0.049,0.012518437
0.0,0.146,0.0,0.048,0.012518437
0.0,0.032,0.0,0.115,0.012518437
0.002,0.002,0.0,0.127,0.0
0.027,0.121,0.0,0.011,0.0
0.0,0.057,0.0,0.0,0.012518437
0.0,0.074,0.0,0.109,0.012518437
0.0,0.001,0.0,0.067,0.012518437
0.0,0.135,0.0,0.061,0.012518437
0.0,0.034,0.0,0.088,0.012518437
0.0,0.09,0.0,0.077,0.012518437
0.0,0.154,0.0,0.127,0.012518437
0.0,0.132,0.0,0.14,0.012518437
0.0,0.113,0.0,0.0,0.012518437
0.0,0.071,0.0,0.031,0.012518437
0.0,0.0,0.0,0.032,0.012518437
0.0,0.16,0.015,0.037,0.0
0.0,0.15,0.0,0.157,0.012518437
0.0,0.073,0.008,0.044,0.0
0.003,0.058,0.0,0.119,0.0
0.0,0.138,0.0,0.004,0.012518437
0.0,0.116,0.0,0.158,0.012518437
0.0,0.0,0.016,0.044,0.0
0.0,0.117,0.0,0.072,0.012518437
0.015,0.051,0.0,0.091,0.0
0.002,0.006,0.0,0.153,0.0
0.0,0.048,0.0,0.008,0.012518437
0.0,0.051,0.043,0.051,0.0
0.0,0.083,0.0,0.077,0.012518437
0.0,0.132,0.0,0.025,0.012518437
0.0,0.074,0.0,0.058,0.012518437
0.0,0.037,0.0,0.137,0.012518437
0.0,0.106,0.0,0.13,0.012518437
0.0,0.062,0.0,0.101,0.012518437
0.0,0.024,0.0,0.058,0.012518437
0.0,0.025,0.0,0.141,0.012518437
0.0,0.101,0.0,0.058,0.012518437
0.0,0.061,0.0,0.019,0.012518437
0.0,0.14,0.018,0.068,0.0
0.0,0.0,0.0,0.034,0.012518437
0.015,0.099,0.0,0.087,0.0
0.0,0.071,0.011,0.023,0.0
0.0,0.0,0.0,0.097,0.012518437
0.0,0.005,0.0,0.007,0.012518437
0.0,0.106,0.0,0.081,0.012518437
0.0,0.118,0.0,0.08,0.012518437
0.013,0.029,0.04,0.102,0.0
0.0,0.02,0.0,0.04,0.012518437
0.0,0.006,0.0,0.055,0.012518437
0.0,0.064,0.0,0.171,0.012518437
0.0,0.08,0.0,0.0,0.012518437
0.0,0.128,0.0,0.031,0.012518437
0.0,0.117,0.0,0.099,0.012518437
0.0,0.072,0.0,0.072,0.012518437
0.0,0.0,0.0,0.068,0.012518437
0.0,0.0,0.0,0.026,0.012518437
0.0,0.048,0.0,0.01,0.012518437
0.0,0.054,0.0,0.02,0.012518437
0.001,0.093,0.0,0.005,0.0
0.0,0.036,0.0,0.022,0.012518437
0.0,0.14,0.0,0.092,0.012518437
0.0,0.021,0.0,0.071,0.012518437
0.0,0.154,0.0,0.029,0.012518437
0.0,0.115,0.0,0.062,0.012518437
0.0,0.121,0.03,0.06,0.0
0.0,0.0,0.0,0.09,0.012518437
0.0,0.084,0.047,0.101,0.0
0.0,0.073,0.0,0.08,0.012518437
0.0,0.025,0.0,0.109,0.012518437
0.009,0.111,0.0,0.0,0.0
0.0,0.114,0.0,0.042,0.012518437
0.0,0.117,0.0,0.018,0.012518437
0.0,0.05,0.0,0.0,0.012518437
0.0,0.093,0.0,0.0,0.012518437
0.0,0.074,0.0,0.0,0.012518437
0.0,0.056,0.0,0.108,0.012518437
0.0,0.004,0.0,0.094,0.012518437
0.015,0.031,0.0,0.035,0.0
0.0,0.105,0.074,0.114,0.0
0.0,0.057,0.0,0.052,0.012518437
0.0,0.079,0.0,0.0,0.012518437
0.0,0.0,0.0,0.047,0.012518437
0.0,0.028,0.0,0.165,0.012518437
0.0,0.105,0.0,0.123,0.012518437
0.0,0.0,0.0,0.045,0.012518437
0.0,0.12,0.0,0.0,0.012518437
0.0,0.111,0.0,0.026,0.012518437
0.0,0.128,0.017,0.067,0.0
0.0,0.161,0.0,0.0,0.012518437
0.038,0.054,0.007,0.035,0.0
0.0,0.023,0.0,0.037,0.012518437
0.0,0.083,0.0,0.105,0.012518437
0.017,0.075,0.049,0.089,0.0
0.0,0.116,0.0,0.073,0.012518437
0.0,0.096,0.0,0.13,0.012518437
0.0,0.02,0.0,0.112,0.012518437
0.0,0.104,0.0,0.01,0.012518437
0.0,0.048,0.0,0.03,0.012518437
0.0,0.017,0.0,0.034,0.012518437
0.0,0.06,0.0,0.01,0.012518437
0.0,0.022,0.0,0.127,0.012518437
0.0,0.091,0.0,0.088,0.012518437
0.0,0.073,0.0,0.102,0.012518437
0.0,0.088,0.0,0.065,0.012518437
0.0,0.132,0.0,0.026,0.012518437
0.0,0.0,0.0,0.052,0.012518437
0.0,0.111,0.0,0.071,0.012518437
0.0,0.086,0.0,0.145,0.012518437
0.0,0.079,0.0,0.082,0.012518437
0.0,0.108,0.0,0.0,0.012518437
0.0,0.119,0.0,0.064,0.012518437
0.0,0.032,0.0,0.0,0.012518437
0.0,0.156,0.0,0.083,0.012518437
0.0,0.123,0.0,0.103,0.012518437
0.0,0.065,0.0,0.032,0.012518437
0.0,0.003,0.0,0.111,0.012518437
0.0,0.095,0.0,0.097,0.012518437
0.0,0.084,0.015,0.049,0.0
0.0,0.117,0.009,0.063,0.0
0.0,0.084,0.0,0.129,0.012518437
0.0,0.163,0.0,0.078,0.012518437
0.0,0.081,0.0,0.098,0.012518437
0.0,0.125,0.004,0.016,0.0
0.0,0.104,0.0,0.0,0.012518437
0.0,0.09,0.0,0.034,0.012518437
0.0,0.081,0.0,0.105,0.012518437
0.0,0.0,0.0,0.0,0.012518437
0.0,0.021,0.0,0.0,0.012518437
0.0,0.114,0.0,0.088,0.012518437
0.0,0.02,0.005,0.009,0.0
0.0,0.017,0.0,0.071,0.012518437
0.0,0.094,0.0,0.08,0.012518437
0.0,0.123,0.0,0.097,0.012518437
0.0,0.037,0.0,0.155,0.012518437
0.0,0.0,0.0,0.013,0.012518437
0.0,0.058,0.0,0.024,0.012518437
0.015,0.083,0.0,0.06,0.0
0.0,0.059,0.0,0.115,0.012518437
0.0,0.102,0.0,0.12,0.012518437
0.0,0.097,0.0,0.0,0.012518437
0.0,0.036,0.0,0.053,0.012518437
0.0,0.084,0.0,0.121,0.012518437
0.0,0.095,0.0,0.095,0.012518437
0.015,0.087,0.0,0.101,0.0
0.009,0.067,0.0,0.055,0.0
0.0,0.103,0.0,0.0,0.012518437
0.0,0.023,0.0,0.127,0.012518437
0.0,0.019,0.0,0.0,0.012518437
0.0,0.036,0.0,0.022,0.012518437
0.016,0.028,0.05,0.118,0.0
0.0,0.084,0.0,0.048,0.012518437
0.0,0.053,0.0,0.0,0.012518437
0.0,0.014,0.001,0.101,0.0
0.0,0.074,0.012,0.054,0.0
0.0,0.095,0.0,0.017,0.012518437
0.0,0.05,0.0,0.078,0.012518437
0.0,0.0,0.0,0.005,0.012518437
0.003,0.009,0.0,0.0,0.0
0.0,0.177,0.0,0.085,0.012518437
0.0,0.049,0.0,0.155,0.012518437
0.0,0.003,0.0,0.066,0.012518437
0.0,0.08,0.05,0.056,0.0
0.0,0.074,0.0,0.139,0.012518437
0.0,0.0,0.0,0.186,0.012518437
0.0,0.127,0.0,0.024,0.012518437
0.0,0.09,0.0,0.144,0.012518437
0.0,0.13,0.005,0.079,0.0
0.0,0.043,0.0,0.0,0.012518437
0.014,0.036,0.0,0.1,0.0
0.002,0.08,0.0,0.093,0.0
0.0,0.087,0.0,0.0,0.012518437
0.0,0.01,0.0,0.078,0.012518437
0.0,0.0,0.0,0.092,0.012518437
0.0,0.132,0.0,0.0,0.012518437
0.0,0.091,0.0,0.0,0.012518437
0.0,0.006,0.037,0.047,0.0
0.0,0.091,0.0,0.058,0.012518437
0.0,0.037,0.0,0.067,0.012518437
0.0,0.118,0.0,0.102,0.012518437
0.0,0.085,0.0,0.117,0.012518437
0.0,0.064,0.0,0.087,0.012518437
0.0,0.014,0.0,0.114,0.012518437
0.0,0.044,0.0,0.075,0.012518437
0.0,0.021,0.0,0.088,0.012518437
0.0,0.08,0.04,0.052,0.0
0.0,0.057,0.0,0.083,0.012518437
0.0,0.068,0.0,0.041,0.012518437
0.0,0.08,0.0,0.018,0.012518437
0.0,0.0,0.0,0.103,0.012518437
0.0,0.107,0.0,0.061,0.012518437
0.0,0.079,0.0,0.142,0.012518437
0.0,0.083,0.0,0.033,0.012518437
0.0,0.084,0.025,0.029,0.0
0.0,0.051,0.0,0.0,0.012518437
0.0,0.04,0.0,0.011,0.012518437
0.0,0.098,0.0,0.0,0.012518437
0.0,0.005,0.0,0.092,0.012518437
0.0,0.01,0.0,0.121,0.012518437
0.0,0.0,0.02,0.028,0.0
0.002,0.043,0.0,0.0,0.0
0.0,0.036,0.0,0.07,0.012518437
0.0,0.119,0.0,0.057,0.012518437
0.0,0.112,0.0,0.017,0.012518437
0.0,0.067,0.0,0.0,0.012518437
0.0,0.044,0.019,0.037,0.0
0.0,0.027,0.0,0.195,0.012518437
0.0,0.141,0.0,0.048,0.012518437
0.0,0.011,0.0,0.0,0.012518437
0.0,0.024,0.0,0.093,0.012518437
0.0,0.167,0.0,0.081,0.012518437
0.0,0.0,0.0,0.058,0.012518437
0.0,0.128,0.0,0.053,0.012518437
0.0,0.0,0.0,0.0,0.012518437
0.0,0.001,0.0,0.0,0.012518437
0.0,0.064,0.0,0.031,0.012518437
0.012,0.014,0.0,0.113,0.0
0.0,0.084,0.0,0.054,0.012518437
0.0,0.078,0.0,0.052,0.012518437
0.0,0.004,0.0,0.0,0.012518437
0.0,0.012,0.0,0.068,0.012518437
0.0,0.05,0.0,0.032,0.012518437
0.0,0.014,0.0,0.07,0.012518437
0.0,0.093,0.0,0.112,0.012518437
0.0,0.022,0.0,0.112,0.012518437
0.0,0.0,0.0,0.104,0.012518437
0.004,0.06,0.0,0.069,0.0
0.0,0.043,0.0,0.082,0.012518437
0.0,0.016,0.0,0.098,0.012518437
0.0,0.127,0.0,0.0,0.012518437
0.0,0.069,0.0,0.083,0.012518437
0.0,0.058,0.0,0.084,0.012518437
0.0,0.097,0.0,0.02,0.012518437
0.0,0.082,0.0,0.054,0.012518437
0.0,0.037,0.0,0.081,0.012518437
0.0,0.086,0.0,0.06,0.012518437
0.0,0.076,0.0,0.095,0.012518437
0.0,0.058,0.0,0.111,0.012518437
0.0,0.107,0.0,0.032,0.012518437
0.0,0.077,0.0,0.009,0.012518437
0.0,0.0,0.0,0.0,0.012518437
0.0,0.0,0.0,0.088,0.012518437
0.0,0.103,0.0,0.1,0.012518437
0.0,0.021,0.0,0.132,0.012518437
0.0,0.092,0.043,0.047,0.0
0.0,0.108,0.0,0.09,0.012518437
0.0,0.035,0.0,0.141,0.012518437
0.0,0.137,0.0,0.057,0.012518437
0.0,0.001,0.0,0.07,0.012518437
0.0,0.149,0.0,0.1,0.012518437
0.0,0.052,0.0,0.019,0.012518437
0.03,0.112,0.049,0.071,0.0
0.0,0.093,0.021,0.073,0.0
0.0,0.027,0.0,0.076,0.012518437
0.0,0.12,0.0,0.06,0.012518437
0.0,0.037,0.0,0.112,0.012518437
0.0,0.06,0.0,0.108,0.012518437
0.0,0.0,0.0,0.028,0.012518437
0.0,0.059,0.0,0.139,0.012518437
0.0,0.0,0.0,0.042,0.012518437
0.0,0.044,0.0,0.127,0.012518437
0.0,0.062,0.0,0.011,0.012518437
0.0,0.066,0.0,0.11,0.012518437
0.0,0.092,0.003,0.057,0.0
0.008,0.092,0.0,0.023,0.0
0.0,0.03,0.0,0.001,0.012518437
0.0,0.082,0.03,0.062,0.0
0.0,0.114,0.0,0.023,0.012518437
0.0,0.082,0.0,0.084,0.012518437
0.0,0.115,0.0,0.114,0.012518437
0.0,0.0,0.0,0.039,0.012518437
0.0,0.08,0.0,0.004,0.012518437
0.034,0.046,0.0,0.0,0.0
0.0,0.074,0.0,0.051,0.012518437
0.0,0.113,0.0,0.162,0.012518437
0.0,0.076,0.0,0.006,0.012518437
0.0,0.081,0.0,0.052,0.012518437
0.0,0.127,0.0,0.027,0.012518437
0.0,0.0,0.005,0.011,0.0
0.0,0.038,0.0,0.083,0.012518437
0.0,0.067,0.007,0.079,0.0
0.0,0.112,0.0,0.208,0.012518437
0.0,0.03,0.0,0.0,0.012518437
0.0,0.086,0.0,0.034,0.012518437
0.0,0.113,0.0,0.006,0.012518437
0.0,0.042,0.0,0.034,0.012518437
0.0,0.077,0.0,0.127,0.012518437
0.0,0.0,0.0,0.049,0.012518437
0.0,0.07,0.0,0.091,0.012518437
0.0,0.043,0.0,0.001,0.012518437
0.0,0.011,0.0,0.064,0.012518437
0.0,0.042,0.0,0.072,0.012518437
0.0,0.119,0.0,0.045,0.012518437
0.0,0.048,0.009,0.021,0.0
0.0,0.076,0.0,0.039,0.012518437
0.0,0.077,0.0,0.032,0.012518437
0.049,0.065,0.0,0.011,0.0
0.0,0.133,0.0,0.075,0.012518437
0.0,0.086,0.0,0.078,0.012518437
0.0,0.031,0.0,0.094,0.012518437
0.0,0.149,0.0,0.107,0.012518437
0.0,0.083,0.0,0.027,0.012518437
0.0,0.052,-0.0,0.028,0.012518437
0.044,0.052,0.0,0.078,0.0
0.0,0.079,0.0,0.071,0.012518437
0.0,0.102,0.0,0.001,0.012518437
0.024,0.096,0.0,0.095,0.0
0.0,0.0,0.0,0.008,0.012518437
0.0,0.182,0.0,-0.0,0.012518437
0.0,0.007,0.0,0.078,0.012518437
0.0,0.008,0.0,0.044,0.012518437
0.0,0.15,0.0,0.0,0.012518437
0.0,0.049,0.0,0.0,0.012518437
0.0,0.088,0.014,0.018,0.0
0.0,0.005,0.0,0.128,0.012518437
0.0,0.106,0.0,0.087,0.012518437
0.0,0.108,0.0,0.075,0.012518437
0.0,0.025,0.0,0.098,0.012518437
0.0,0.08,0.0,0.02,0.012518437
0.0,0.021,0.0,0.033,0.012518437
0.0,0.0,0.0,0.12,0.012518437
0.0,0.118,0.062,0.066,0.0
0.0,0.0,0.0,0.051,0.012518437
0.0,0.0,0.0,0.087,0.012518437
0.0,0.065,0.0,0.035,0.012518437
0.0,0.083,0.0,0.154,0.012518437
0.0,0.105,0.0,0.067,0.012518437
0.0,0.022,0.0,0.092,0.012518437
0.0,0.04,0.0,0.108,0.012518437
0.0,0.046,0.0,0.0,0.012518437
0.0,0.109,0.0,0.167,0.012518437
0.0,0.007,0.0,0.0,0.012518437
0.0,0.156,0.0,0.0,0.012518437
0.027,0.095,0.0,0.0,0.0
0.0,0.12,0.0,0.036,0.012518437
0.0,0.039,0.0,0.12,0.012518437
0.022,0.042,0.0,0.038,0.0
0.0,0.058,0.0,0.039,0.012518437
0.0,0.102,0.0,0.015,0.012518437
0.0,0.096,0.0,0.034,0.012518437
0.0,0.062,0.0,0.039,0.012518437
0.0,0.067,0.007,0.079,0.0
0.0,0.095,0.0,0.092,0.012518437
0.0,0.075,0.061,0.063,0.0
0.0,0.021,0.0,0.061,0.012518437
0.0,0.115,0.0,0.132,0.012518437
0.0,0.0,0.0,0.05,0.012518437
0.0,0.066,0.0,0.034,0.012518437
0.0,0.097,0.0,0.123,0.012518437
0.0,0.117,0.0,0.108,0.012518437
0.0,0.085,0.0,0.026,0.012518437
0.0,0.032,0.0,0.0,0.012518437
0.0,0.067,0.0,0.122,0.012518437
0.0,0.0,0.0,0.077,0.012518437
0.0,0.03,0.0,0.098,0.012518437
0.0,0.025,0.0,0.111,0.012518437
0.0,0.099,0.0,0.054,0.012518437
0.003,0.059,0.0,0.021,0.0
0.0,0.006,0.0,0.111,0.012518437
0.003,0.043,0.0,0.08,0.0
0.0,0.088,0.0,0.0,0.012518437
0.0,0.102,0.049,0.057,0.0
0.0,0.108,0.0,0.065,0.012518437
0.0,0.0,0.0,0.047,0.012518437
0.0,0.055,0.0,0.05,0.012518437
0.0,0.0,0.0,0.001,0.012518437
0.041,0.041,0.0,0.141,0.0
0.0,0.106,0.0,0.0,0.012518437
0.0,0.097,0.0,0.0,0.012518437
0.004,0.012,0.0,0.118,0.0
0.0,0.113,0.012,0.028,0.0
0.0,0.033,0.0,0.023,0.012518437
0.048,0.118,0.0,0.12,0.0
0.0,0.076,0.0,0.0,0.012518437
0.0,0.041,0.0,0.074,0.012518437
0.0,0.042,0.0,0.04,0.012518437
0.0,0.027,0.0,0.144,0.012518437
0.061,0.081,0.0,0.058,0.0
0.0,0.103,0.0,0.007,0.012518437
0.0,0.063,0.0,0.037,0.012518437
0.0,0.037,0.0,0.0,0.012518437
0.001,0.041,0.0,0.0,0.0
0.0,0.036,0.0,0.119,0.012518437
0.0,0.047,0.0,0.143,0.012518437
0.0,0.034,0.0,0.076,0.012518437
0.01,0.025,0.0,0.043,0.0
0.0,0.011,0.0,0.043,0.012518437
0.0,0.099,0.0,0.047,0.012518437
0.0,0.045,0.0,0.09,0.012518437
0.0,0.0,-0.0,0.032,0.012518437
0.0,0.042,0.0,0.036,0.012518437
0.0,0.076,0.0,0.052,0.012518437
0.0,0.017,0.0,0.096,0.012518437
0.034,0.1,0.0,0.114,0.0
0.0,0.069,0.0,0.098,0.012518437
0.0,0.086,0.0,0.094,0.012518437
0.003,0.211,0.0,0.079,0.0
0.0,0.089,0.0,0.111,0.012518437
0.0,0.11,0.0,0.028,0.012518437
0.0,0.103,0.0,0.052,0.012518437
0.0,0.07,0.0,0.068,0.012518437
0.0,0.096,0.0,0.088,0.012518437
0.0,0.112,0.0,0.035,0.012518437
0.0,0.0,0.0,0.023,0.012518437
0.0,0.058,0.0,0.052,0.012518437
0.0,0.044,0.0,0.098,0.012518437
0.0,0.0,0.0,0.166,0.012518437
0.0,0.0,0.0,0.14,0.012518437
0.0,0.078,0.015,0.113,0.0
-0.0,0.058,0.0,0.061,0.012518437
0.0,0.129,0.0,0.044,0.012518437
0.0,0.078,0.0,0.079,0.012518437
0.012,0.074,0.0,0.058,0.0
0.0,0.02,0.0,0.085,0.012518437
0.0,0.05,0.0,0.111,0.012518437
0.0,0.167,0.0,0.088,0.012518437
0.0,0.072,0.0,0.128,0.012518437
0.0,0.04,0.0,0.04,0.012518437
0.0,0.163,0.0,0.03,0.012518437
0.0,0.109,0.0,0.09,0.012518437
0.0,0.046,0.0,0.07,0.012518437
0.0,0.057,0.0,0.042,0.012518437
0.042,0.054,0.0,0.033,0.0
0.0,0.051,0.0,0.12,0.012518437
0.0,0.169,0.0,0.061,0.012518437
0.0,0.096,0.0,0.144,0.012518437
0.0,0.0,0.0,0.004,0.012518437
0.0,0.076,0.0,0.057,0.012518437
0.0,0.049,0.0,0.134,0.012518437
0.0,0.08,0.0,0.143,0.012518437
0.0,0.078,0.0,0.002,0.012518437
0.0,0.138,0.0,0.048,0.012518437
0.0,0.13,0.0,0.075,0.012518437
0.0,0.005,0.0,0.099,0.012518437
0.0,0.14,0.0,0.109,0.012518437
0.0,0.122,0.0,0.096,0.012518437
0.0,0.118,0.0,-0.0,0.012518437
0.0,0.157,0.0,0.081,0.012518437
0.0,0.102,0.0,0.102,0.012518437
0.0,0.019,0.0,0.06,0.012518437
0.0,0.126,0.0,0.058,0.012518437
0.0,0.069,0.0,0.101,0.012518437
0.0,0.0,0.0,0.102,0.012518437
0.0,0.125,0.0,0.075,0.012518437
0.0,0.129,0.0,0.097,0.012518437
0.039,0.061,0.0,0.026,0.0
0.0,0.048,0.0,0.0,0.012518437
0.0,0.066,0.0,0.076,0.012518437
0.0,0.0,0.0,0.0,0.012518437
0.0,0.027,0.0,0.043,0.012518437
0.0,0.151,0.0,0.051,0.012518437
0.0,0.015,0.0,0.046,0.012518437
0.0,0.06,0.0,0.104,0.012518437
0.0,0.073,0.0,0.122,0.012518437
0.0,0.0,0.037,0.079,0.0
0.0,0.042,0.0,0.055,0.012518437
0.0,0.02,0.0,0.059,0.012518437
0.0,0.171,0.0,0.014,0.012518437
0.0,0.068,0.0,0.002,0.012518437
0.0,0.081,0.036,0.068,0.0
0.0,0.0,0.0,0.117,0.012518437
0.0,0.111,0.0,0.138,0.012518437
0.02,0.106,0.0,0.042,0.0
0.0,0.11,0.0,0.104,0.012518437
0.0,0.096,0.0,0.0,0.012518437
0.0,0.121,0.0,0.0,0.012518437
0.0,0.094,0.0,0.057,0.012518437
0.0,0.02,0.0,0.043,0.012518437
0.0,0.072,0.0,0.137,0.012518437
0.0,0.079,0.005,0.033,0.0
0.0,0.01,0.0,0.0,0.012518437
0.041,0.063,0.002,0.012,0.0
0.0,0.09,0.0,0.058,0.012518437
0.0,0.132,0.0,0.049,0.012518437
0.0,0.06,0.0,0.085,0.012518437
0.0,0.106,0.0,0.1,0.012518437
0.0,0.047,0.0,0.033,0.012518437
0.023,0.031,0.0,0.033,0.0
0.0,0.131,0.0,0.002,0.012518437
0.0,0.109,0.0,0.03,0.012518437
0.0,0.023,0.0,0.09,0.012518437
0.0,0.055,0.0,0.04,0.012518437
0.0,0.091,0.0,0.144,0.012518437
0.047,0.119,0.06,0.088,0.0
0.0,0.095,0.0,0.084,0.012518437
0.0,0.02,0.0,0.07,0.012518437
0.0,0.072,0.0,0.069,0.012518437
0.0,0.098,0.0,0.043,0.012518437
0.0,0.073,0.0,0.066,0.012518437
0.0,0.045,0.0,0.069,0.012518437
0.0,0.06,0.0,0.056,0.012518437
0.0,0.042,0.0,0.068,0.012518437
0.0,0.042,0.0,0.096,0.012518437
0.0,0.01,0.0,0.083,0.012518437
0.0,0.02,0.0,0.0,0.012518437
0.0,0.0,0.0,0.098,0.012518437
0.0,0.049,0.0,0.04,0.012518437
0.0,0.042,0.0,0.001,0.012518437
0.0,0.01,0.0,0.024,0.012518437
0.0,0.0,0.0,0.0,0.012518437
0.0,0.011,0.0,0.036,0.012518437
0.0,0.056,0.0,0.047,0.012518437
0.0,0.106,0.0,0.161,0.012518437
0.0,0.0,0.0,0.039,0.012518437
0.0,0.034,0.0,0.044,0.012518437
0.0,0.044,0.0,0.0,0.012518437
0.0,0.013,0.0,0.065,0.012518437
0.0,0.057,0.005,0.063,0.0
0.0,0.128,0.0,0.011,0.012518437
0.0,0.082,0.0,0.007,0.012518437
0.0,0.08,0.0,0.079,0.012518437
0.0,0.053,0.0,0.135,0.012518437
0.0,0.037,0.0,0.014,0.012518437
0.0,0.163,0.014,0.068,0.0
0.024,0.038,0.0,0.039,0.0
0.0,0.102,0.0,0.065,0.012518437
0.0,0.104,0.0,0.085,0.012518437
0.0,0.066,0.0,0.004,0.012518437
0.0,0.0,0.0,0.0,0.012518437
0.0,0.145,0.0,0.067,0.012518437
0.0,0.054,0.0,0.127,0.012518437
0.0,0.088,0.0,0.082,0.012518437
0.0,0.121,0.0,0.032,0.012518437
0.0,0.1,0.0,0.124,0.012518437
0.001,0.061,0.0,0.034,0.0
0.0,0.093,0.0,0.054,0.012518437
0.0,0.107,0.046,0.062,0.0
0.0,0.082,0.0,0.0,0.012518437
0.0,0.136,0.0,0.137,0.012518437
0.0,0.019,0.0,0.0,0.012518437
0.0,0.09,0.0,0.046,0.012518437
0.0,0.08,0.0,0.057,0.012518437
0.0,0.0,0.0,0.078,0.012518437
0.0,0.209,0.0,0.026,0.012518437
0.0,0.128,0.0,0.086,0.012518437
0.0,0.106,0.0,0.019,0.012518437
0.0,0.052,0.0,0.022,0.012518437
0.0,0.174,0.0,0.127,0.012518437
0.014,0.05,0.0,0.017,0.0
0.0,0.099,0.0,0.087,0.012518437
0.0,0.078,0.016,0.078,0.0
0.0,0.026,0.0,0.073,0.012518437
0.0,0.137,0.033,0.052,0.0
0.0,0.023,0.0,0.0,0.012518437
0.0,0.056,0.0,0.134,0.012518437
0.0,0.137,0.024,0.076,0.0
0.0,0.02,0.0,0.106,0.012518437
0.0,0.051,0.0,0.037,0.012518437
0.0,0.095,0.0,0.102,0.012518437
0.0,0.0,0.0,0.0,0.012518437
0.009,0.041,0.0,0.0,0.0
0.0,0.02,0.003,0.119,0.0
0.0,0.082,0.0,0.158,0.012518437
0.0,0.076,0.0,0.028,0.012518437
0.0,0.073,0.0,0.059,0.012518437
0.0,0.082,0.0,0.003,0.012518437
0.0,0.125,0.0,0.15,0.012518437
0.008,0.04,0.0,0.046,0.0
0.0,0.081,0.0,0.009,0.012518437
0.0,0.123,0.0,0.088,0.012518437
0.0,0.075,0.0,0.012,0.012518437
0.0,0.061,0.0,0.197,0.012518437
0.0,0.095,0.0,0.029,0.012518437
0.0,0.121,0.0,0.0,0.012518437
0.0,0.032,0.0,0.122,0.012518437
0.0,0.083,0.0,0.0,0.012518437
0.0,0.086,0.0,0.149,0.012518437
0.027,0.045,0.019,0.161,0.0
0.0,0.036,0.0,0.051,0.012518437
0.0,0.042,0.0,0.11,0.012518437
0.0,0.146,0.033,0.067,0.0
0.018,0.092,0.0,0.0,0.0
0.0,0.17,0.0,0.0,0.012518437
0.0,0.069,0.0,0.0,0.012518437
0.0,0.051,0.0,0.063,0.012518437
0.0,0.001,0.008,0.038,0.0
0.0,0.07,0.003,0.011,0.0
0.0,0.074,0.0,0.118,0.012518437
0.002,0.139,0.0,0.101,0.0
0.0,0.0,0.0,0.085,0.012518437
0.0,0.038,0.0,0.065,0.012518437
0.0,0.06,0.0,0.048,0.012518437
0.0,0.001,0.0,0.158,0.012518437
0.0,0.023,0.0,0.09,0.012518437
0.003,0.131,0.0,0.017,0.0
0.0,0.165,0.0,0.005,0.012518437
0.0,0.166,0.0,0.0,0.012518437
0.0,0.012,0.0,0.095,0.012518437
0.0,0.11,0.0,0.0,0.012518437
0.0,0.005,0.0,0.141,0.012518437
0.0,0.077,0.0,0.088,0.012518437
0.0,0.073,0.0,0.131,0.012518437
0.0,0.127,0.0,0.173,0.012518437
0.0,0.046,0.0,0.015,0.012518437
0.0,0.186,0.0,0.059,0.012518437
0.0,0.062,0.0,0.136,0.012518437
0.001,0.053,0.0,0.008,0.0
0.0,0.0,0.0,0.08,0.012518437
0.0,0.064,0.014,0.082,0.0
0.004,0.028,0.0,0.057,0.0
0.0,0.0,0.0,0.079,0.012518437
0.025,0.058,0.0,0.05,0.0
0.0,0.0,0.0,0.119,0.012518437
0.0,0.105,0.0,0.044,0.012518437
0.0,0.051,0.001,0.002,0.0
0.0,0.099,0.0,0.032,0.012518437
0.002,0.02,0.0,0.027,0.0
0.0,0.082,0.0,0.08,0.012518437
0.0,0.077,0.0,0.076,0.012518437
0.0,0.0,0.0,0.131,0.012518437
0.0,0.0,0.001,0.013,0.0
0.0,0.087,0.0,0.111,0.012518437
0.0,0.04,0.0,0.018,0.012518437
0.0,0.131,0.0,0.045,0.012518437
0.0,0.0,0.0,0.11,0.012518437
0.0,0.0,0.0,0.051,0.012518437
0.0,0.031,0.0,0.095,0.012518437
0.0,0.044,0.0,0.0,0.012518437
0.0,0.081,0.0,0.032,0.012518437
0.0,0.026,0.0,0.006,0.012518437
0.0,0.0,0.0,0.062,0.012518437
0.0,0.068,0.0,0.093,0.012518437
0.0,0.117,0.0,0.132,0.012518437
0.0,0.072,0.0,0.0,0.012518437
0.0,0.094,0.0,0.066,0.012518437
0.0,0.077,0.0,0.193,0.012518437
0.0,0.051,0.0,0.106,0.012518437
0.0,0.059,0.0,0.053,0.012518437
0.0,0.097,0.001,0.025,0.0
0.0,0.15,0.0,0.041,0.012518437
0.0,0.0,0.0,0.078,0.012518437
0.0,0.063,0.0,-0.0,0.012518437
0.0,0.141,0.0,0.043,0.012518437
0.0,0.076,0.0,0.0,0.012518437
0.0,0.113,0.0,0.065,0.012518437
0.0,0.116,0.0,0.143,0.012518437
0.0,0.004,0.0,0.006,0.012518437
0.0,0.028,0.007,0.087,0.0
0.0,0.031,0.0,0.0,0.012518437
0.0,0.05,0.0,0.068,0.012518437
0.0,0.0,0.0,0.15,0.012518437
0.0,0.023,0.0,0.076,0.012518437
0.0,0.078,0.0,0.067,0.012518437
0.0,0.016,0.0,0.033,0.012518437
0.0,0.039,0.0,0.103,0.012518437
0.0,0.086,0.0,0.085,0.012518437
0.0,0.122,0.002,0.094,0.0
0.0,0.111,0.0,0.079,0.012518437
0.0,0.073,0.0,0.098,0.012518437
0.0,0.044,0.0,0.168,0.012518437
0.0,0.0,0.0,0.056,0.012518437
0.0,0.014,0.0,0.076,0.012518437
0.029,0.047,0.0,0.045,0.0
0.0,0.0,0.0,0.136,0.012518437
0.0,0.096,0.0,0.055,0.012518437
0.007,0.159,0.0,0.055,0.0
0.0,0.122,0.0,0.076,0.012518437
0.018,0.054,0.0,0.032,0.0
0.0,0.105,0.0,0.015,0.012518437
0.0,0.032,0.0,0.04,0.012518437
0.0,0.004,0.021,0.051,0.0
0.0,0.093,0.0,0.076,0.012518437
0.0,0.084,0.0,0.099,0.012518437
0.0,0.088,0.001,0.067,0.0
0.0,0.124,0.0,0.026,0.012518437
0.0,0.097,0.0,0.074,0.012518437
0.0,0.062,0.0,0.085,0.012518437
0.0,0.074,0.0,0.062,0.012518437
0.0,0.054,0.004,0.04,0.0
0.0,0.05,0.0,0.076,0.012518437
0.001,0.019,0.0,0.101,0.0
0.0,0.101,0.0,0.0,0.012518437
0.0,0.077,0.0,0.111,0.012518437
0.0,0.053,0.0,0.004,0.012518437
0.0,0.095,0.0,0.021,0.012518437
0.0,0.033,0.0,0.013,0.012518437
0.02,0.034,0.0,0.024,0.0
0.0,0.006,0.0,0.051,0.012518437
0.0,0.098,0.0,0.07,0.012518437
0.007,0.059,0.01,0.033,0.0
0.0,0.065,0.0,0.084,0.012518437
0.0,0.049,0.0,0.099,0.012518437
0.0,0.067,0.0,0.0,0.012518437
0.044,0.092,0.0,0.0,0.0
0.0,0.089,0.0,0.045,0.012518437
0.0,0.052,0.0,0.099,0.012518437
0.0,0.0,0.0,0.125,0.012518437
0.0,0.123,0.027,0.067,0.0
0.0,0.134,0.0,0.01,0.012518437
0.0,0.071,0.0,0.025,0.012518437
0.0,0.05,0.0,0.09,0.012518437
0.0,0.161,0.0,0.081,0.012518437
0.0,0.122,0.0,0.048,0.012518437
0.0,0.073,0.006,0.092,0.0
0.0,0.142,0.0,0.112,0.012518437
0.0,0.028,0.0,0.173,0.012518437
0.001,0.013,0.0,0.102,0.0
0.0,0.109,0.0,0.012,0.012518437
0.001,0.059,0.0,0.018,0.0
0.011,0.075,0.0,0.09,0.0
0.0,0.14,0.017,0.115,0.0
0.0,0.0,0.0,0.057,0.012518437
0.0,0.092,0.0,0.063,0.012518437
0.009,0.011,0.0,0.043,0.0
0.016,0.022,0.0,0.051,0.0
0.0,0.107,0.0,0.102,0.012518437
0.0,0.089,0.0,0.141,0.012518437
0.0,0.057,0.0,0.023,0.012518437
0.014,0.034,0.0,0.127,0.0
0.0,0.107,0.0,0.02,0.012518437
0.0,0.041,0.001,0.101,0.0
0.0,0.0,0.0,0.075,0.012518437
0.0,0.076,0.0,0.132,0.012518437
0.0,0.087,0.0,0.16,0.012518437
0.0,0.0,0.0,0.099,0.012518437
0.0,0.02,0.0,0.086,0.012518437
0.0,0.037,0.0,0.057,0.012518437
0.0,0.0,0.0,0.086,0.012518437
0.014,0.018,0.008,0.018,0.0
0.0,0.016,0.027,0.039,0.0
0.0,0.036,0.0,0.043,0.012518437
0.0,0.168,0.0,0.036,0.012518437
0.0,0.005,0.0,0.104,0.012518437
0.0,0.108,0.0,0.062,0.012518437
0.0,0.111,0.0,0.086,0.012518437
0.0,0.123,0.0,0.051,0.012518437
0.0,0.068,0.0,0.114,0.012518437
0.0,0.022,0.0,0.035,0.012518437
0.0,0.121,0.0,0.167,0.012518437
0.0,0.0,0.032,0.046,0.0
0.0,0.128,0.0,0.046,0.012518437
0.0,0.08,0.0,0.007,0.012518437
0.0,0.113,0.0,0.073,0.012518437
0.0,0.141,0.0,0.079,0.012518437
0.0,0.028,0.0,0.11,0.012518437
0.0,0.027,0.0,0.056,0.012518437
0.024,0.04,0.0,0.152,0.0
0.0,0.027,0.0,0.019,0.012518437
0.0,0.024,0.0,0.067,0.012518437
0.0,0.0,0.0,0.073,0.012518437
0.0,0.0,0.0,0.036,0.012518437
0.0,0.074,0.0,0.105,0.012518437
0.0,0.055,0.0,0.068,0.012518437
0.0,0.089,0.029,0.083,0.0
0.0,0.151,0.0,0.014,0.012518437
0.024,0.03,0.0,0.079,0.0
0.0,0.062,0.0,0.076,0.012518437
0.0,0.017,0.0,0.077,0.012518437
0.0,0.065,0.0,0.142,0.012518437
0.0,0.077,0.0,0.028,0.012518437
0.0,0.056,0.0,0.018,0.012518437
0.0,0.0,0.0,0.0,0.012518437
0.0,0.0,0.0,0.095,0.012518437
0.0,0.167,0.0,0.024,0.012518437
0.0,0.038,0.0,0.0,0.012518437
0.0,0.06,0.0,0.004,0.012518437
0.02,0.085,0.0,0.088,0.0
0.0,0.073,0.0,0.085,0.012518437
0.0,0.0,0.0,-0.0,0.012518437
0.0,0.074,0.0,0.119,0.012518437
0.0,0.024,0.0,0.025,0.012518437
0.0,0.086,0.0,0.09,0.012518437
0.0,0.072,0.0,0.093,0.012518437
0.0,0.02,0.031,0.035,0.0
0.0,0.112,0.0,0.05,0.012518437
0.0,0.13,0.0,0.093,0.012518437
0.0,0.05,0.016,0.048,0.0
0.0,0.0,0.0,0.0,0.012518437
0.0,0.116,0.0,0.06,0.012518437
0.0,0.131,0.0,0.023,0.012518437
0.0,0.0,0.0,0.058,0.012518437
0.014,0.03,0.036,0.064,0.0
0.0,0.026,0.0,0.043,0.012518437
0.024,0.064,0.0,0.065,0.0
0.0,0.0,0.049,0.053,0.0
0.006,0.011,0.0,0.062,0.0
0.0,0.147,0.0,0.0,0.012518437
0.0,0.084,0.0,0.027,0.012518437
0.0,0.004,0.0,0.0,0.012518437
0.0,0.06,0.0,0.005,0.012518437
0.0,0.039,0.0,0.0,0.012518437
0.0,0.044,0.0,0.128,0.012518437
0.0,0.022,0.0,0.01,0.012518437
0.0,0.158,0.0,0.054,0.012518437
0.0,0.099,0.0,0.072,0.012518437
0.0,0.069,0.0,0.12,0.012518437
0.0,0.088,0.0,0.068,0.012518437
0.0,0.066,0.007,0.053,0.0
0.0,0.034,0.0,0.078,0.012518437
0.009,0.029,0.0,0.012,0.0
0.0,0.088,0.0,0.159,0.012518437
0.0,0.0,0.0,0.041,0.012518437
0.0,0.085,0.0,0.119,0.012518437
0.0,0.043,0.0,0.046,0.012518437
0.0,0.03,0.0,0.161,0.012518437
0.02,0.19,0.0,0.004,0.0
0.0,0.03,0.0,0.038,0.012518437
0.0,0.138,0.0,0.065,0.012518437
0.0,0.004,0.0,0.174,0.012518437
0.0,0.011,0.0,0.023,0.012518437
0.0,0.047,0.0,0.128,0.012518437
0.0,0.193,0.0,0.021,0.012518437
0.0,0.039,0.0,0.069,0.012518437
0.0,0.037,0.0,0.112,0.012518437
0.009,0.031,0.0,0.007,0.0
0.026,0.066,0.0,0.0,0.0
0.0,0.1,0.0,0.159,0.012518437
0.0,0.057,0.0,0.047,0.012518437
0.0,0.1,0.0,0.127,0.012518437
0.0,0.105,0.0,0.041,0.012518437
0.0,0.03,0.0,0.198,0.012518437
0.0,0.063,0.0,0.078,0.012518437
0.0,0.013,0.0,0.077,0.012518437
0.0,0.137,0.0,0.009,0.012518437
0.003,0.063,0.0,0.011,0.0
0.001,0.007,0.0,0.135,0.0
0.0,0.033,0.0,0.045,0.012518437
0.0,0.109,0.0,0.106,0.012518437
0.0,0.002,0.0,0.063,0.012518437
0.005,0.007,0.0,0.0,0.0
0.0,0.082,0.036,0.052,0.0
0.0,0.093,0.0,0.05,0.012518437
0.0,0.064,0.0,0.073,0.012518437
0.0,0.085,0.0,0.153,0.012518437
0.0,0.06,0.0,0.039,0.012518437
0.0,0.029,0.0,0.1,0.012518437
0.0,0.139,0.0,0.039,0.012518437
0.0,0.113,0.0,0.098,0.012518437
0.0,0.082,0.0,0.05,0.012518437
0.0,0.101,0.0,0.091,0.012518437
0.0,0.0,0.0,0.178,0.012518437
0.0,0.124,0.0,0.038,0.012518437
0.0,0.101,0.0,0.034,0.012518437
0.0,0.026,0.0,0.074,0.012518437
0.0,0.032,0.0,0.117,0.012518437
0.0,0.083,0.0,0.021,0.012518437
0.0,0.099,0.0,0.015,0.012518437
0.0,0.0,0.0,0.04,0.012518437
0.0,0.161,0.0,0.076,0.012518437
0.0,0.118,0.0,0.147,0.012518437
0.0,0.116,0.0,0.0,0.012518437
0.0,0.012,0.0,0.015,0.012518437
0.0,0.146,0.0,0.061,0.012518437
0.029,0.183,0.0,0.0,0.0
0.0,0.13,0.0,0.08,0.012518437
0.0,0.063,0.0,0.065,0.012518437
0.0,0.138,0.0,0.055,0.012518437
0.023,0.123,0.0,0.015,0.0
0.0,0.089,0.0,0.099,0.012518437
0.0,0.07,0.0,0.118,0.012518437
0.001,0.109,0.0,0.0,0.0
0.0,0.072,0.0,0.059,0.012518437
0.0,0.082,0.0,0.157,0.012518437
0.0,0.068,0.0,0.075,0.012518437
0.0,0.001,0.0,0.063,0.012518437
0.0,0.098,0.0,0.102,0.012518437
0.0,0.0,0.0,0.084,0.012518437
0.0,0.037,0.0,0.064,0.012518437
0.0,0.113,0.0,0.097,0.012518437
0.0,0.0,0.0,0.138,0.012518437
0.0,0.092,0.0,0.061,0.012518437
0.0,0.09,0.0,0.114,0.012518437
0.005,0.093,0.0,0.131,0.0
0.0,0.11,0.0,0.047,0.012518437
0.0,0.121,0.0,0.056,0.012518437
0.0,0.181,0.0,0.0,0.012518437
0.0,0.004,0.0,0.0,0.012518437
0.0,0.039,0.0,0.041,0.012518437
0.0,0.122,0.0,0.122,0.012518437
0.003,0.003,0.0,0.132,0.0
0.01,0.022,0.0,0.03,0.0
0.0,0.098,0.0,0.0,0.012518437
0.047,0.091,0.0,0.123,0.0
0.0,0.089,0.0,0.092,0.012518437
0.0,0.026,0.0,0.1,0.012518437
0.0,0.104,0.0,0.051,0.012518437
0.0,0.0,0.0,0.096,0.012518437
0.0,0.02,0.032,0.06,0.0
0.0,0.139,0.0,0.131,0.012518437
0.0,0.044,0.0,0.093,0.012518437
0.01,0.028,0.0,0.126,0.0
0.0,0.018,0.0,0.078,0.012518437
0.0,0.006,0.044,0.078,0.0
0.0,0.0,0.0,0.084,0.012518437
0.0,0.0,0.0,0.128,0.012518437
0.0,0.018,0.0,0.069,0.012518437
0.0,0.089,0.0,0.059,0.012518437
0.0,0.128,0.0,0.0,0.012518437
0.0,0.059,0.0,0.025,0.012518437
0.0,0.0,0.001,0.039,0.0
0.0,0.136,0.0,0.078,0.012518437
0.0,0.138,0.0,0.052,0.012518437
0.0,0.073,0.0,0.117,0.012518437
0.0,0.096,0.0,0.083,0.012518437
0.0,0.088,0.0,0.074,0.012518437
0.0,0.113,0.0,0.113,0.012518437
0.0,0.072,0.0,0.102,0.012518437
0.0,0.061,0.0,0.011,0.012518437
0.0,0.003,0.0,0.088,0.012518437
0.0,0.033,0.022,0.102,0.0
0.0,0.137,0.012,0.082,0.0
0.018,0.02,0.0,0.01,0.0
0.0,0.127,0.0,0.084,0.012518437
0.0,0.0,0.0,0.069,0.012518437
0.0,0.079,0.039,0.067,0.0
0.0,0.113,0.0,0.115,0.012518437
0.0,0.076,0.0,0.121,0.012518437
0.0,0.049,0.0,0.027,0.012518437
0.0,0.112,0.0,0.01,0.012518437
0.0,0.025,0.0,0.0,0.012518437
0.0,-0.0,0.033,0.077,0.0
0.0,0.0,0.021,0.039,0.0
0.0,0.111,0.0,0.119,0.012518437
0.0,0.059,0.004,0.03,0.0
0.0,0.013,0.019,0.107,0.0
0.0,0.074,0.0,0.113,0.012518437
0.0,0.0,0.0,0.021,0.012518437
0.0,0.08,0.0,0.024,0.012518437
0.0,0.019,0.039,0.073,0.0
0.0,0.051,0.0,0.154,0.012518437
0.0,0.089,0.0,0.054,0.012518437
0.0,0.071,0.0,0.106,0.012518437
0.0,0.078,0.0,0.076,0.012518437
0.0,0.037,0.0,0.122,0.012518437
0.0,0.037,0.0,0.103,0.012518437
0.0,0.057,0.0,0.058,0.012518437
0.0,0.038,0.0,0.075,0.012518437
0.0,0.04,0.0,0.084,0.012518437
0.0,0.018,0.0,0.0,0.012518437
0.0,0.161,0.003,0.039,0.0
0.0,0.086,0.0,0.064,0.012518437
0.0,0.044,0.0,0.125,0.012518437
0.0,0.152,0.0,0.121,0.012518437
0.0,0.0,0.0,0.105,0.012518437
0.0,0.059,0.0,0.005,0.012518437
0.0,0.0,0.0,0.112,0.012518437
0.0,0.092,0.0,0.025,0.012518437
0.0,0.081,0.0,0.098,0.012518437
0.0,0.025,0.0,0.0,0.012518437
0.0,0.0,0.0,0.079,0.012518437
0.0,0.065,0.0,0.08,0.012518437
0.0,0.0,0.0,0.107,0.012518437
0.0,0.056,0.0,0.0,0.012518437
0.0,0.011,0.0,0.038,0.012518437
0.026,0.035,0.0,0.078,0.0
0.0,0.0,0.0,0.01,0.012518437
0.0,0.007,0.0,0.057,0.012518437
0.0,0.116,0.0,0.036,0.012518437
0.0,0.109,0.0,0.015,0.012518437
0.0,0.018,0.0,0.128,0.012518437
0.0,0.146,0.0,0.091,0.012518437
0.0,0.052,0.0,0.112,0.012518437
0.0,0.148,0.025,0.037,0.0
0.0,0.029,0.0,0.0,0.012518437
0.0,0.0,0.0,0.079,0.012518437
0.0,0.092,0.0,0.106,0.012518437
0.0,0.0,0.0,0.038,0.012518437
0.0,0.001,0.0,0.078,0.012518437
0.0,0.044,0.0,0.025,0.012518437
0.0,0.072,0.034,0.074,0.0
0.0,0.043,0.0,0.121,0.012518437
0.0,0.031,0.0,0.076,0.012518437
0.0,0.028,0.0,0.002,0.012518437
0.0,0.0,0.0,0.07,0.012518437
0.0,0.001,0.0,0.077,0.012518437
0.001,0.005,0.0,0.144,0.0
0.0,0.166,0.0,0.0,0.012518437
0.0,0.035,0.0,0.037,0.012518437
0.0,0.065,0.0,0.044,0.012518437
0.0,0.07,0.0,0.094,0.012518437
0.0,0.023,0.0,0.123,0.012518437
0.0,0.158,0.0,0.061,0.012518437
0.0,0.09,0.0,0.049,0.012518437
0.0,0.054,0.0,0.0,0.012518437
0.0,0.035,0.0,0.048,0.012518437
0.0,0.01,0.001,0.121,0.0
0.0,0.088,0.0,0.0,0.012518437
0.013,0.021,0.0,0.024,0.0
0.0,0.048,0.009,0.093,0.0
0.0,0.013,0.0,0.078,0.012518437
0.0,0.014,0.0,0.068,0.012518437
0.0,0.063,0.0,0.037,0.012518437
0.014,0.056,0.0,0.074,0.0
0.042,0.052,0.0,0.081,0.0
0.0,0.02,0.0,0.009,0.012518437
0.0,0.025,0.0,0.0,0.012518437
0.0,0.045,0.006,0.018,0.0
0.026,0.06,0.0,0.035,0.0
0.014,0.052,0.0,0.071,0.0
0.0,0.034,0.0,0.07,0.012518437
0.0,0.131,0.0,0.09,0.012518437
0.0,0.128,0.0,0.011,0.012518437
0.0,0.149,0.0,0.026,0.012518437
0.0,0.028,0.0,0.01,0.012518437
0.0,0.0,0.0,0.001,0.012518437
0.0,0.055,0.0,0.05,0.012518437
0.0,0.127,0.0,0.004,0.012518437
0.0,0.0,0.0,0.039,0.012518437
0.0,0.0,0.0,0.0,0.012518437
0.0,0.077,0.0,0.089,0.012518437
0.0,0.087,0.0,-0.0,0.012518437
0.0,0.094,0.0,0.143,0.012518437
0.0,0.056,0.0,0.0,0.012518437
0.0,0.061,0.0,0.026,0.012518437
0.0,0.072,0.0,0.122,0.012518437
0.016,0.019,0.0,0.018,0.0
0.0,0.094,0.0,0.101,0.012518437
0.0,0.148,0.0,0.135,0.012518437
0.0,0.0,0.0,0.036,0.012518437
0.0,0.049,0.0,0.002,0.012518437
0.0,0.035,0.0,0.062,0.012518437
0.0,0.048,0.0,0.078,0.012518437
0.0,0.027,0.0,0.0,0.012518437
0.0,0.117,0.015,0.043,0.0
0.0,0.11,0.0,0.066,0.012518437
0.0,0.131,0.0,0.056,0.012518437
0.0,0.114,0.0,0.12,0.012518437
0.0,0.009,0.0,0.104,0.012518437
0.0,0.028,0.0,0.159,0.012518437
0.0,0.066,0.0,0.129,0.012518437
0.0,0.108,0.0,0.134,0.012518437
0.0,0.029,0.0,0.079,0.012518437
0.0,0.115,0.0,0.093,0.012518437
0.0,0.0,0.0,0.149,0.012518437
0.0,0.12,0.002,0.034,0.0
0.0,0.113,0.0,0.12,0.012518437
0.0,0.045,0.0,0.047,0.012518437
0.0,0.153,0.0,0.072,0.012518437
0.0,0.063,0.0,0.071,0.012518437
0.0,0.118,0.0,0.005,0.012518437
0.0,0.167,0.0,0.0,0.012518437
0.0,0.0,0.0,0.098,0.012518437
0.0,0.077,0.0,0.023,0.012518437
0.0,0.107,0.0,0.099,0.012518437
0.0,0.108,0.0,0.0,0.012518437
0.014,0.048,0.0,0.036,0.0
0.0,0.036,0.0,0.113,0.012518437
0.0,0.081,0.0,0.01,0.012518437
0.0,0.041,0.0,0.069,0.012518437
0.01,0.026,0.0,0.0,0.0
0.0,0.117,0.0,0.0,0.012518437
0.001,0.003,0.0,0.063,0.0
0.0,0.026,0.0,0.064,0.012518437
0.0,0.133,0.0,0.118,0.012518437
0.0,0.0,0.0,0.049,0.012518437
0.0,0.102,0.012,0.098,0.0
0.004,0.138,0.0,0.09,0.0
0.0,0.03,0.0,0.032,0.012518437
0.0,0.108,0.0,0.046,0.012518437
0.0,0.037,0.0,0.031,0.012518437
0.0,0.0,0.0,0.069,0.012518437
0.0,0.155,0.0,0.021,0.012518437
0.0,0.029,0.0,0.039,0.012518437
0.0,0.096,0.0,0.035,0.012518437
0.0,0.006,0.0,0.019,0.012518437
0.0,0.097,0.0,0.096,0.012518437
0.0,0.0,0.001,0.049,0.0
0.0,0.032,0.0,0.098,0.012518437
0.0,0.093,0.0,0.07,0.012518437
0.0,0.033,0.0,0.103,0.012518437
0.0,0.111,0.0,0.115,0.012518437
0.0,0.0,0.0,0.004,0.012518437
0.011,0.045,0.0,0.039,0.0
0.0,0.017,0.0,0.073,0.012518437
0.0,0.041,0.0,0.108,0.012518437
0.0,0.096,0.0,0.048,0.012518437
0.004,0.068,0.013,0.029,0.0
0.0,0.076,0.0,0.073,0.012518437
0.0,0.062,0.0,0.124,0.012518437
0.0,0.076,0.0,0.078,0.012518437
0.0,0.127,0.005,0.057,0.0
0.0,0.11,0.0,0.021,0.012518437
0.0,0.0,0.0,0.112,0.012518437
0.0,0.056,0.0,0.07,0.012518437
0.0,0.0,0.0,0.155,0.012518437
0.0,0.106,0.0,0.059,0.012518437
0.0,0.19,0.0,0.013,0.012518437
0.0,0.037,0.0,0.062,0.012518437
0.0,0.114,0.0,0.013,0.012518437
0.0,0.13,0.0,0.058,0.012518437
0.0,0.086,0.0,0.087,0.012518437
0.0,0.119,0.0,0.124,0.012518437
0.0,0.095,0.0,0.096,0.012518437
0.0,0.038,0.0,0.096,0.012518437
0.0,0.078,0.0,0.114,0.012518437
0.0,0.041,0.0,0.043,0.012518437
0.0,0.158,0.0,0.0,0.012518437
0.0,0.0,0.0,0.094,0.012518437
0.0,0.0,0.0,0.054,0.012518437
0.0,0.02,0.0,0.054,0.012518437
0.0,0.022,0.0,0.118,0.012518437
0.0,0.078,0.0,0.027,0.012518437
0.0,0.008,0.0,0.094,0.012518437
0.0,0.055,0.053,0.077,0.0
0.0,0.034,0.0,0.002,0.012518437
0.0,0.0,0.0,0.0,0.012518437
0.0,-0.0,0.0,0.132,0.012518437
0.0,0.057,0.0,0.007,0.012518437
0.0,0.071,0.0,0.016,0.012518437
0.0,0.013,0.0,0.112,0.012518437
0.0,0.073,0.0,0.083,0.012518437
0.0,0.015,0.015,0.019,0.0
0.0,0.15,0.0,0.036,0.012518437
0.0,0.049,0.0,0.154,0.012518437
0.0,0.029,0.0,0.039,0.012518437
0.0,0.09,0.0,0.119,0.012518437
0.0,0.049,0.0,0.095,0.012518437
0.0,0.041,0.0,0.034,0.012518437
0.0,0.0,0.0,0.074,0.012518437
0.0,0.006,0.0,0.107,0.012518437
0.0,0.049,0.0,0.007,0.012518437
0.0,0.156,0.0,0.114,0.012518437
0.0,0.17,0.0,0.068,0.012518437
0.0,0.082,0.0,0.069,0.012518437
0.0,0.08,0.0,0.117,0.012518437
0.0,0.051,0.0,0.079,0.012518437
0.0,0.069,0.005,0.067,0.0
0.0,0.029,0.0,0.03,0.012518437
0.0,0.021,0.0,0.106,0.012518437
0.0,0.063,0.0,0.114,0.012518437
0.0,0.0,0.0,0.097,0.012518437
0.0,0.049,0.0,0.071,0.012518437
0.0,0.022,0.0,0.044,0.012518437
0.0,0.052,0.0,0.018,0.012518437
0.031,0.033,0.0,0.0,0.0
0.0,0.121,0.0,0.088,0.012518437
0.0,0.022,0.0,0.079,0.012518437
0.0,0.043,0.0,0.077,0.012518437
0.0,0.044,0.0,0.012,0.012518437
0.041,0.125,0.0,0.022,0.0
0.0,0.029,0.025,0.124,0.0
0.0,0.073,0.0,0.153,0.012518437
0.0,0.1,0.0,0.007,0.012518437
0.0,0.072,0.0,0.138,0.012518437
0.0,0.127,0.0,0.091,0.012518437
0.0,0.076,0.0,0.09,0.012518437
0.0,0.074,0.018,0.113,0.0
0.0,0.077,0.0,0.075,0.012518437
0.0,0.0,0.0,0.129,0.012518437
0.003,0.013,0.0,0.117,0.0
0.036,0.084,0.0,0.0,0.0
0.0,0.0,0.0,0.037,0.012518437
0.0,0.041,0.004,0.014,0.0
0.0,0.032,0.0,0.007,0.012518437
0.0,0.018,0.0,0.12,0.012518437
0.0,0.008,0.0,0.0,0.012518437
0.0,0.095,0.0,0.133,0.012518437
0.0,0.102,0.0,0.051,0.012518437
0.0,0.06,0.0,0.0,0.012518437
0.0,0.038,0.0,0.014,0.012518437
0.0,0.104,0.0,0.024,0.012518437
0.0,0.055,0.0,0.07,0.012518437
0.0,0.076,0.0,0.189,0.012518437
0.0,0.0,0.0,0.133,0.012518437
0.0,0.099,0.0,0.011,0.012518437
0.0,0.102,0.0,0.085,0.012518437
0.009,0.017,0.0,0.043,0.0
0.0,0.036,0.0,0.0,0.012518437
0.0,0.124,0.0,0.02,0.012518437
0.0,0.116,0.0,0.009,0.012518437
0.0,0.061,0.0,0.113,0.012518437
0.0,0.095,0.0,0.15,0.012518437
0.0,0.115,0.0,0.009,0.012518437
0.0,0.072,0.0,0.04,0.012518437
0.0,0.109,0.0,0.117,0.012518437
0.0,0.057,0.0,0.013,0.012518437
0.0,0.001,0.0,0.082,0.012518437
0.0,0.115,0.0,0.069,0.012518437
0.0,0.01,0.003,0.113,0.0
0.0,0.103,0.0,0.058,0.012518437
0.0,0.154,0.0,0.067,0.012518437
0.0,0.0,0.0,0.051,0.012518437
0.0,0.04,0.0,0.116,0.012518437
0.0,0.086,0.0,0.026,0.012518437
0.012,0.094,0.0,0.006,0.0
0.0,0.013,0.022,0.036,0.0
0.003,0.027,0.0,0.119,0.0
0.0,0.103,0.0,0.102,0.012518437
0.0,0.039,0.0,0.087,0.012518437
0.0,0.077,0.0,0.044,0.012518437
0.0,0.016,0.0,0.156,0.012518437
0.0,0.096,0.0,0.041,0.012518437
0.0,0.062,0.0,0.037,0.012518437
0.0,0.12,0.0,0.0,0.012518437
0.0,0.115,0.0,0.043,0.012518437
0.0,0.042,0.0,0.095,0.012518437
0.0,0.094,0.0,0.068,0.012518437
0.0,0.031,0.0,0.132,0.012518437
0.0,0.12,0.0,0.087,0.012518437
0.0,0.023,0.0,0.122,0.012518437
0.0,0.13,0.0,0.079,0.012518437
0.0,0.115,0.0,0.061,0.012518437
0.0,0.088,0.0,0.0,0.012518437
0.0,0.0,0.0,0.039,0.012518437
0.0,0.046,0.0,0.02,0.012518437
0.0,0.054,0.0,0.012,0.012518437
0.016,0.019,0.0,0.11,0.0
0.0,0.135,0.0,0.157,0.012518437
0.0,0.051,0.0,0.079,0.012518437
0.0,0.121,0.04,0.09,0.0
0.0,0.068,0.0,0.062,0.012518437
0.0,0.099,0.0,0.134,0.012518437
0.0,0.003,0.0,0.017,0.012518437
0.0,0.094,0.0,0.12,0.012518437
0.0,0.098,0.0,0.0,0.012518437
0.0,0.009,0.0,0.0,0.012518437
0.0,0.09,0.0,0.0,0.012518437
0.0,0.0,0.0,0.067,0.012518437
0.0,0.035,0.0,0.116,0.012518437
0.0,0.049,0.0,0.012,0.012518437
0.0,0.0,0.0,0.079,0.012518437
0.0,0.056,0.0,0.145,0.012518437
0.015,0.085,0.0,0.143,0.0
0.0,0.044,0.0,0.062,0.012518437
0.0,0.068,0.0,0.061,0.012518437
0.0,0.051,0.0,0.06,0.012518437
0.0,0.023,0.0,0.068,0.012518437
0.0,0.145,0.0,0.013,0.012518437
0.0,0.085,0.0,0.083,0.012518437
0.0,0.03,0.0,0.006,0.012518437
0.0,0.021,0.0,0.115,0.012518437
0.0,0.096,0.0,0.01,0.012518437
0.0,0.162,0.0,0.113,0.012518437
0.0,0.107,0.0,0.07,0.012518437
0.0,0.083,0.0,0.012,0.012518437
0.017,0.05,0.017,0.018,0.0
0.0,0.007,0.0,0.095,0.012518437
0.0,0.096,0.0,0.085,0.012518437
0.043,0.077,0.04,0.044,0.0
0.0,0.105,0.0,0.0,0.012518437
0.0,0.103,0.0,0.074,0.012518437
0.0,0.052,0.005,0.077,0.0
0.0,0.093,0.0,0.109,0.012518437
0.028,0.096,0.0,0.076,0.0
0.0,0.076,0.0,0.054,0.012518437
0.0,0.0,0.0,0.022,0.012518437
0.0,0.095,0.0,0.089,0.012518437
0.0,0.005,0.001,0.021,0.0
0.0,0.086,0.0,0.0,0.012518437
0.0,0.085,0.0,0.135,0.012518437
0.0,0.075,0.0,0.181,0.012518437
0.0,0.031,0.0,0.0,0.012518437
0.0,0.028,0.0,0.06,0.012518437
0.0,0.0,0.0,0.005,0.012518437
0.038,0.14,0.033,0.113,0.0
0.018,0.041,0.0,0.043,0.0
0.0,0.094,0.0,0.07,0.012518437
0.0,0.177,0.0,0.067,0.012518437
0.0,0.0,0.0,0.018,0.012518437
0.0,0.0,0.0,0.026,0.012518437
0.049,0.075,0.0,0.009,0.0
0.0,0.092,0.0,0.09,0.012518437
0.0,0.073,0.0,0.07,0.012518437
0.036,0.1,0.043,0.087,0.0
0.0,0.026,0.0,0.0,0.012518437
0.0,0.1,0.0,0.078,0.012518437
0.0,0.046,0.0,0.13,0.012518437
0.0,0.092,0.0,0.056,0.012518437
0.0,0.02,0.0,0.066,0.012518437
0.018,0.122,0.0,0.09,0.0
0.0,0.038,0.0,0.044,0.012518437
0.0,0.117,0.0,0.01,0.012518437
0.0,0.017,0.0,0.007,0.012518437
0.0,0.0,0.0,0.152,0.012518437
0.0,0.079,0.0,0.144,0.012518437
0.0,0.01,0.0,0.092,0.012518437
0.005,0.041,0.0,0.018,0.0
0.0,0.045,0.0,0.132,0.012518437
0.0,0.067,0.035,0.149,0.0
0.0,0.138,0.0,0.094,0.012518437
0.0,0.136,0.0,0.058,0.012518437
0.0,0.163,0.0,0.012,0.012518437
0.0,0.13,0.0,0.1,0.012518437
0.0,0.128,0.0,0.065,0.012518437
0.0,0.0,0.0,0.087,0.012518437
0.0,0.027,0.0,0.138,0.012518437
0.0,0.128,0.0,0.094,0.012518437
0.009,0.059,0.006,0.037,0.0
0.0,0.026,0.029,0.033,0.0
0.0,0.052,0.0,0.081,0.012518437
0.0,0.072,0.0,0.0,0.012518437
0.0,0.125,0.0,0.067,0.012518437
0.0,0.06,0.0,0.055,0.012518437
0.0,0.028,0.0,0.021,0.012518437
0.0,0.01,0.0,0.018,0.012518437
0.011,0.047,0.0,0.112,0.0
0.0,0.054,0.0,0.107,0.012518437
0.0,0.02,0.0,0.086,0.012518437
0.0,0.04,0.0,0.001,0.012518437
0.0,0.089,0.0,0.131,0.012518437
0.0,0.0,0.0,0.104,0.012518437
0.0,0.094,0.0,0.0,0.012518437
0.0,0.114,0.0,0.0,0.012518437
0.0,0.0,0.0,0.067,0.012518437
0.0,0.0,0.0,0.001,0.012518437
0.0,0.065,0.0,0.053,0.012518437
0.0,0.0,0.0,0.132,0.012518437
0.04,0.04,0.0,0.062,0.0
0.0,0.0,0.0,0.082,0.012518437
0.0,0.103,0.0,0.101,0.012518437
0.021,0.107,0.036,0.068,0.0
0.0,0.103,0.0,0.114,0.012518437
0.0,0.106,0.0,0.05,0.012518437
0.0,0.114,0.0,0.137,0.012518437
0.0,0.083,0.0,0.055,0.012518437
0.0,0.133,0.0,0.114,0.012518437
0.0,0.122,0.0,0.055,0.012518437
0.0,0.117,0.0,0.0,0.012518437
0.0,0.118,0.0,0.151,0.012518437
0.063,0.085,0.0,0.048,0.0
0.0,0.132,0.003,0.047,0.0
0.0,0.043,0.0,0.0,0.012518437
0.0,0.0,0.0,0.066,0.012518437
0.006,0.046,0.0,0.096,0.0
0.0,0.031,0.0,0.094,0.012518437
0.0,0.142,0.0,0.088,0.012518437
0.0,0.14,0.0,0.051,0.012518437
0.0,0.111,0.0,0.073,0.012518437
0.0,0.051,0.0,0.102,0.012518437
0.0,0.0,0.0,0.0,0.012518437
0.0,0.086,0.0,0.013,0.012518437
0.0,0.022,0.0,0.1,0.012518437
0.0,0.015,0.0,0.062,0.012518437
0.0,0.0,0.0,0.134,0.012518437
0.0,0.072,0.03,0.088,0.0
0.0,0.125,0.016,0.056,0.0
0.0,0.017,0.0,0.026,0.012518437
0.0,0.046,0.021,0.027,0.0
0.0,0.002,0.0,0.101,0.012518437
0.0,0.062,0.0,0.061,0.012518437
0.0,0.04,0.0,0.127,0.012518437
0.0,0.033,0.0,0.074,0.012518437
0.0,0.109,0.0,0.0,0.012518437
0.0,0.0,0.0,0.113,0.012518437
0.0,0.107,0.0,0.111,0.012518437
0.0,0.016,0.0,0.0,0.012518437
0.0,0.097,0.0,0.106,0.012518437
0.0,0.174,0.0,0.133,0.012518437
0.0,0.074,0.0,0.029,0.012518437
0.012,0.032,0.028,0.112,0.0
0.011,0.075,0.0,0.143,0.0
0.0,0.119,0.0,0.008,0.012518437
0.0,0.065,0.0,0.111,0.012518437
0.0,0.083,0.026,0.042,0.0
0.0,0.07,0.0,0.07,0.012518437
0.0,0.0,0.0,0.124,0.012518437
0.0,0.009,0.0,0.106,0.012518437
0.0,0.002,0.003,0.149,0.0
0.007,0.081,0.0,0.037,0.0
0.0,0.099,0.045,0.051,0.0
0.0,0.099,0.0,0.0,0.012518437
0.0,0.013,0.0,0.033,0.012518437
0.0,0.063,0.0,0.082,0.012518437
0.0,0.105,0.0,0.069,0.012518437
0.0,0.093,0.0,0.165,0.012518437
0.0,0.05,0.0,0.047,0.012518437
0.0,0.026,0.0,0.148,0.012518437
0.0,0.025,0.0,0.038,0.012518437
0.0,0.03,0.0,0.043,0.012518437
0.0,0.109,0.002,0.022,0.0
0.0,0.152,0.0,0.018,0.012518437
0.0,0.01,0.0,0.111,0.012518437
0.0,0.094,0.0,0.052,0.012518437
0.0,0.145,0.0,0.0,0.012518437
0.0,0.061,0.0,0.144,0.012518437
0.0,0.112,0.01,0.05,0.0
0.0,0.122,0.0,0.058,0.012518437
0.0,0.0,0.0,0.073,0.012518437
0.0,0.154,0.0,0.012,0.012518437
0.0,0.135,0.0,0.007,0.012518437
0.0,0.0,0.0,0.128,0.012518437
0.0,0.143,0.0,0.025,0.012518437
0.0,0.083,0.0,0.102,0.012518437
0.0,0.064,0.0,0.091,0.012518437
0.0,0.0,0.0,0.111,0.012518437
0.0,0.125,0.0,0.074,0.012518437
0.0,0.05,0.0,0.059,0.012518437
0.0,0.0,0.0,0.036,0.012518437
0.0,0.033,0.0,0.011,0.012518437
0.0,0.068,0.0,0.0,0.012518437
0.0,0.025,0.0,0.085,0.012518437
0.0,0.07,0.0,0.0,0.012518437
0.0,0.006,0.0,0.044,0.012518437
0.0,0.035,0.0,0.072,0.012518437
0.0,0.096,0.0,0.0,0.012518437
0.0,0.118,0.0,0.116,0.012518437
0.0,0.092,0.028,0.132,0.0
0.0,0.02,0.0,0.0,0.012518437
0.0,0.036,0.0,0.088,0.012518437
0.0,0.108,0.0,0.101,0.012518437
0.0,0.12,0.0,0.096,0.012518437
0.0,0.038,0.0,0.107,0.012518437
0.0,0.044,0.0,0.066,0.012518437
0.0,0.015,0.0,0.079,0.012518437
0.0,0.087,0.0,0.017,0.012518437
0.0,0.051,0.0,0.034,0.012518437
0.0,0.103,0.0,0.112,0.012518437
0.004,0.022,0.0,0.0,0.0
0.0,0.008,0.0,0.0,0.012518437
0.0,0.15,0.0,0.102,0.012518437
0.0,0.088,0.0,0.123,0.012518437
0.0,0.1,0.0,0.019,0.012518437
0.0,0.033,0.006,0.06,0.0
0.0,0.107,0.0,0.083,0.012518437
0.0,0.042,0.0,0.146,0.012518437
0.0,0.146,0.0,0.097,0.012518437
0.0,0.071,0.0,0.107,0.012518437
0.0,0.011,0.0,0.073,0.012518437
0.0,0.086,0.0,0.013,0.012518437
0.0,0.027,0.0,0.0,0.012518437
0.0,0.082,0.0,0.019,0.012518437
0.0,0.063,0.0,0.116,0.012518437
0.0,0.058,0.0,0.04,0.012518437
0.0,0.009,0.0,0.026,0.012518437
0.0,0.025,0.038,0.058,0.0
0.0,0.046,0.0,0.158,0.012518437
0.0,0.0,0.0,0.037,0.012518437
0.0,0.125,0.0,0.159,0.012518437
0.0,0.103,0.042,0.056,0.0
0.0,0.142,0.0,0.019,0.012518437
0.0,0.0,0.0,0.082,0.012518437
0.0,0.116,0.0,0.104,0.012518437
0.015,0.171,0.0,0.06,0.0
0.022,0.058,0.0,0.08,0.0
0.013,0.017,0.0,0.074,0.0
0.0,0.056,0.0,0.029,0.012518437
0.0,0.0,0.0,0.083,0.012518437
0.0,0.059,0.0,0.0,0.012518437
0.0,0.0,0.0,0.0,0.012518437
0.0,0.096,0.0,0.0,0.012518437
0.0,0.118,0.0,0.121,0.012518437
0.0,0.0,0.04,0.09,0.0
0.0,0.031,0.0,0.065,0.012518437
0.0,0.116,0.0,0.096,0.012518437
0.0,0.054,0.014,0.034,0.0
0.0,0.073,0.0,0.0,0.012518437
0.0,0.129,0.0,0.0,0.012518437
0.0,0.041,0.017,0.091,0.0
0.0,0.095,0.042,0.042,0.0
0.0,0.112,0.0,0.002,0.012518437
0.0,0.086,0.0,0.029,0.012518437
0.0,0.117,0.0,0.068,0.012518437
0.0,0.077,0.0,0.068,0.012518437
0.0,0.091,0.0,0.12,0.012518437
0.0,0.037,0.0,0.09,0.012518437
0.0,0.088,0.0,0.045,0.012518437
0.0,0.017,0.0,0.18,0.012518437
0.0,0.075,0.0,0.009,0.012518437
0.0,0.097,0.0,0.084,0.012518437
0.0,0.112,0.0,0.057,0.012518437
0.0,0.065,0.0,0.021,0.012518437
0.0,0.082,0.0,0.088,0.012518437
0.0,0.007,0.0,0.07,0.012518437
0.0,0.127,0.0,0.046,0.012518437
0.0,0.026,0.0,0.068,0.012518437
0.0,0.146,0.0,0.051,0.012518437
0.0,0.12,0.0,0.04,0.012518437
0.0,0.078,0.0,0.101,0.012518437
0.0,0.104,0.0,0.134,0.012518437
0.0,0.089,0.063,0.111,0.0
0.0,0.072,0.0,0.033,0.012518437
0.0,0.042,0.0,0.054,0.012518437
0.0,0.105,0.0,0.141,0.012518437
0.0,0.082,0.0,0.052,0.012518437
0.0,0.0,0.0,0.0,0.012518437
0.0,0.043,0.003,0.119,0.0
0.0,0.066,0.0,0.077,0.012518437
0.0,0.0,0.0,0.091,0.012518437
0.0,0.086,0.0,0.014,0.012518437
0.0,0.083,0.0,0.079,0.012518437
0.0,0.138,0.0,0.014,0.012518437
0.0,0.088,0.0,0.093,0.012518437
0.0,0.079,0.0,0.062,0.012518437
0.0,0.08,0.0,0.048,0.012518437
0.0,0.101,0.0,0.0,0.012518437
0.0,0.025,0.0,0.005,0.012518437
0.0,0.045,0.0,0.086,0.012518437
0.0,0.0,0.0,0.1,0.012518437
0.0,0.04,0.0,0.015,0.012518437
0.0,0.049,0.003,0.127,0.0
0.0,0.029,0.0,0.0,0.012518437
0.0,0.067,0.0,0.032,0.012518437
0.0,0.059,0.006,0.038,0.0
0.0,0.055,0.0,0.145,0.012518437
0.0,0.056,0.0,0.058,0.012518437
0.0,0.095,0.0,0.096,0.012518437
0.0,0.0,0.0,0.061,0.012518437
0.0,0.017,0.0,0.103,0.012518437
0.0,0.0,0.0,0.005,0.012518437
0.0,0.0,0.009,0.019,0.0
0.0,0.01,0.0,0.0,0.012518437
0.0,0.048,0.0,0.004,0.012518437
0.0,0.19,0.0,0.093,0.012518437
0.0,0.076,0.0,0.025,0.012518437
0.0,0.116,0.0,0.068,0.012518437
0.0,0.007,0.0,0.068,0.012518437
0.0,0.042,0.0,0.1,0.012518437
0.0,0.067,0.0,0.121,0.012518437
0.0,0.081,0.0,0.074,0.012518437
0.028,0.044,0.0,0.052,0.0
0.0,0.154,0.0,0.033,0.012518437
0.0,0.092,0.0,0.119,0.012518437
0.0,0.125,0.0,0.0,0.012518437
0.0,0.019,0.015,0.109,0.0
0.0,0.044,0.0,0.014,0.012518437
0.0,0.004,0.0,0.048,0.012518437
0.0,0.025,0.0,0.0,0.012518437
0.004,0.1,0.0,0.136,0.0
0.0,0.096,0.0,0.0,0.012518437
0.0,0.093,0.0,0.094,0.012518437
0.0,0.081,0.0,0.026,0.012518437
0.0,0.0,0.0,0.138,0.012518437
0.0,0.078,0.0,0.0,0.012518437
0.0,0.047,0.0,0.062,0.012518437
0.0,0.0,0.0,0.126,0.012518437
0.0,0.061,0.0,0.057,0.012518437
0.0,0.09,0.0,0.205,0.012518437
0.0,0.097,0.0,0.0,0.012518437
0.0,0.028,0.0,0.061,0.012518437
0.0,0.176,0.0,0.106,0.012518437
0.0,0.054,0.0,0.025,0.012518437
0.0,0.078,0.0,0.06,0.012518437
0.0,0.085,0.0,0.091,0.012518437
0.0,0.167,0.0,0.069,0.012518437
0.0,0.064,0.0,0.05,0.012518437
0.0,0.099,0.0,0.045,0.012518437
0.012,0.096,0.0,0.085,0.0
0.027,0.069,0.0,0.02,0.0
0.0,0.005,0.013,0.079,0.0
0.0,0.027,0.0,0.073,0.012518437
0.05,0.085,0.0,0.073,0.0
0.0,0.0,0.0,0.043,0.012518437
0.0,0.001,0.0,0.104,0.012518437
0.0,0.069,0.0,0.12,0.012518437
0.0,0.108,0.0,0.009,0.012518437
0.0,0.075,0.0,0.109,0.012518437
0.0,0.081,0.0,0.008,0.012518437
0.0,0.062,0.0,0.061,0.012518437
0.0,0.115,0.0,0.0,0.012518437
0.0,0.018,0.0,0.009,0.012518437
0.0,0.063,0.0,0.153,0.012518437
0.0,0.09,0.0,0.055,0.012518437
0.0,0.143,0.0,0.154,0.012518437
0.0,0.113,0.0,0.09,0.012518437
0.0,0.082,0.0,0.135,0.012518437
0.0,0.029,0.0,0.097,0.012518437
0.0,0.069,0.0,0.109,0.012518437
0.0,0.0,0.0,0.033,0.012518437
0.0,0.11,0.024,0.062,0.0
0.0,0.039,0.0,0.103,0.012518437
0.0,0.0,0.0,0.063,0.012518437
0.0,0.082,0.0,0.138,0.012518437
0.0,0.04,0.0,0.053,0.012518437
0.0,0.107,0.0,0.072,0.012518437
0.0,0.035,0.0,0.01,0.012518437
0.0,0.116,0.0,0.135,0.012518437
0.0,0.137,0.0,0.106,0.012518437
0.0,0.066,0.0,0.063,0.012518437
0.0,0.052,0.0,0.014,0.012518437
0.0,0.03,0.029,0.081,0.0
0.0,0.059,0.0,0.0,0.012518437
0.0,0.051,0.003,0.073,0.0
0.0,0.13,0.0,0.008,0.012518437
0.0,0.048,0.0,0.051,0.012518437
0.0,0.106,0.0,0.113,0.012518437
0.0,0.168,0.0,0.003,0.012518437
0.0,0.073,0.009,0.012,0.0
0.0,0.109,0.0,0.034,0.012518437
0.0,0.024,0.0,0.0,0.012518437
0.0,0.0,0.0,0.047,0.012518437
0.0,0.134,0.0,0.121,0.012518437
0.0,0.128,0.0,0.0,0.012518437
0.0,0.0,0.0,0.08,0.012518437
0.0,0.051,0.0,0.057,0.012518437
0.0,0.045,0.0,0.189,0.012518437
0.0,0.052,0.0,0.031,0.012518437
0.0,0.046,0.0,0.15,0.012518437
0.0,0.054,0.0,0.0,0.012518437
0.0,0.079,0.0,0.029,0.012518437
0.0,0.113,0.0,0.049,0.012518437
0.0,0.0,0.0,0.131,0.012518437
0.0,0.019,0.0,0.027,0.012518437
0.0,0.067,0.0,0.055,0.012518437
0.0,0.035,0.023,0.127,0.0
0.0,0.022,0.0,0.047,0.012518437
0.037,0.041,0.0,0.046,0.0
0.0,0.091,0.019,0.059,0.0
0.0,0.084,0.0,0.0,0.012518437
0.0,0.0,0.0,0.077,0.012518437
0.0,0.036,0.0,0.01,0.012518437
0.0,0.012,0.0,0.113,0.012518437
0.027,0.047,0.04,0.054,0.0
0.01,0.056,0.0,0.0,0.0
0.0,0.01,0.0,0.107,0.012518437
0.0,0.069,0.0,0.077,0.012518437
0.0,0.045,0.0,0.051,0.012518437
0.0,0.126,0.0,0.091,0.012518437
0.0,0.128,0.0,0.101,0.012518437
0.0,0.132,0.0,0.123,0.012518437
0.0,0.033,0.002,0.1,0.0
0.0,0.035,0.0,0.0,0.012518437
0.0,0.0,0.0,0.029,0.012518437
0.014,0.075,0.046,0.066,0.0
0.0,0.002,0.0,0.06,0.012518437
0.0,0.051,0.0,0.074,0.012518437
0.0,0.149,0.0,0.086,0.012518437
0.0,0.105,0.0,0.059,0.012518437
0.0,0.0,0.0,0.151,0.012518437
0.0,0.133,0.0,0.037,0.012518437
0.0,0.042,0.0,0.05,0.012518437
0.0,0.023,0.0,0.025,0.012518437
0.0,0.043,0.0,0.137,0.012518437
0.0,0.128,0.0,0.039,0.012518437
0.0,0.029,0.0,0.009,0.012518437
0.0,0.067,0.0,0.059,0.012518437
0.0,0.083,0.0,0.173,0.012518437
0.0,0.058,0.0,0.021,0.012518437
0.0,0.056,0.0,0.061,0.012518437
0.0,0.09,0.0,0.0,0.012518437
0.0,0.007,0.0,0.06,0.012518437
0.0,0.027,0.0,0.072,0.012518437
0.0,0.07,0.0,0.013,0.012518437
0.0,0.094,0.0,0.0,0.012518437
0.0,0.0,0.0,0.086,0.012518437
0.0,0.108,0.0,0.027,0.012518437
0.0,0.0,0.0,0.082,0.012518437
0.0,0.012,0.0,0.123,0.012518437
0.0,0.091,0.0,0.048,0.012518437
0.0,0.058,0.0,0.0,0.012518437
0.0,0.086,0.0,0.011,0.012518437
0.0,0.093,0.0,0.131,0.012518437
0.0,0.022,0.0,0.04,0.012518437
0.025,0.069,0.0,0.051,0.0
0.0,0.099,0.0,0.029,0.012518437
0.0,0.091,0.0,0.09,0.012518437
0.0,0.0,0.0,0.086,0.012518437
0.0,0.08,0.0,0.031,0.012518437
0.0,0.0,0.0,0.026,0.012518437
0.0,0.021,0.0,0.117,0.012518437
0.0,0.0,0.0,0.0,0.012518437
0.0,0.114,0.0,0.077,0.012518437
0.0,0.034,0.0,0.127,0.012518437
0.003,0.026,0.0,0.013,0.0
0.0,0.037,0.0,0.017,0.012518437
0.044,0.13,0.0,0.14,0.0
0.0,0.031,0.0,0.117,0.012518437
0.0,0.0,0.0,0.099,0.012518437
0.0,0.014,0.0,0.011,0.012518437
0.0,0.059,0.0,0.196,0.012518437
0.0,0.095,0.0,0.021,0.012518437
0.0,0.0,0.0,0.023,0.012518437
0.0,0.073,0.0,0.064,0.012518437
0.0,0.03,0.029,0.058,0.0
0.042,0.068,0.0,0.123,0.0
0.0,0.115,0.0,0.132,0.012518437
0.0,0.02,0.0,0.0,0.012518437
0.0,0.074,0.0,0.051,0.012518437
0.0,0.04,0.0,0.143,0.012518437
0.0,0.033,0.0,0.133,0.012518437
0.0,0.0,0.0,0.121,0.012518437
0.0,0.035,0.0,0.063,0.012518437
0.0,0.091,0.014,0.024,0.0
0.0,0.156,0.0,0.09,0.012518437
0.0,0.115,0.0,0.009,0.012518437
0.0,0.071,0.0,0.099,0.012518437
0.016,0.074,0.037,0.047,0.0
0.0,0.061,0.0,0.038,0.012518437
0.0,0.0,0.0,0.082,0.012518437
0.0,0.0,0.0,0.075,0.012518437
0.0,0.036,0.0,0.084,0.012518437
0.0,0.037,0.0,0.127,0.012518437
0.0,0.093,0.0,0.113,0.012518437
0.0,0.12,0.0,0.0,0.012518437
0.0,0.0,0.0,0.129,0.012518437
0.0,0.041,0.0,0.1,0.012518437
0.0,0.099,0.0,0.0,0.012518437
0.013,0.041,0.0,0.152,0.0
0.0,0.079,0.0,0.11,0.012518437
0.0,0.048,0.015,0.045,0.0
0.0,0.099,0.0,0.078,0.012518437
0.0,0.014,0.001,0.007,0.0
0.0,0.122,0.0,0.062,0.012518437
0.0,0.07,0.0,0.041,0.012518437
0.0,0.065,0.0,0.068,0.012518437
0.0,0.055,0.0,0.052,0.012518437
0.0,0.073,0.0,0.041,0.012518437
0.0,0.023,0.0,0.052,0.012518437
0.0,0.009,0.0,0.129,0.012518437
0.0,0.001,0.0,-0.0,0.012518437
0.0,0.0,0.033,0.049,0.0
0.0,0.148,0.0,0.007,0.012518437
0.0,0.0,0.0,0.081,0.012518437
0.035,0.057,0.0,0.059,0.0
0.0,0.054,0.0,0.054,0.012518437
0.0,0.142,0.0,0.051,0.012518437
0.0,0.131,0.0,0.072,0.012518437
0.0,0.061,0.0,0.005,0.012518437
0.0,0.073,0.0,0.038,0.012518437
0.0,0.078,0.0,0.006,0.012518437
0.0,0.011,0.053,0.091,0.0
0.0,0.043,0.0,0.086,0.012518437
0.0,0.147,0.0,0.047,0.012518437
0.0,0.119,0.0,0.057,0.012518437
0.0,0.09,0.0,0.12,0.012518437
0.0,0.069,0.0,0.04,0.012518437
0.0,0.0,0.0,0.012,0.012518437
0.0,0.085,0.0,0.0,0.012518437
0.067,0.081,0.0,0.057,0.0
0.018,0.04,0.013,0.018,0.0
0.01,0.08,0.0,0.054,0.0
0.0,0.065,0.0,0.071,0.012518437
0.0,0.114,0.0,0.013,0.012518437
0.0,0.072,0.0,0.025,0.012518437
0.0,0.099,0.0,0.0,0.012518437
0.0,0.024,0.0,0.048,0.012518437
0.002,0.008,0.0,0.077,0.0
0.0,0.063,0.0,0.0,0.012518437
0.0,0.096,0.0,0.0,0.012518437
0.0,0.003,0.0,0.147,0.012518437
0.0,0.085,0.0,0.011,0.012518437
0.0,0.066,0.0,0.0,0.012518437
0.0,0.044,0.0,0.054,0.012518437
0.0,0.072,0.0,0.059,0.012518437
0.019,0.065,0.0,0.066,0.0
0.0,0.11,0.0,0.095,0.012518437
0.0,0.077,0.0,0.068,0.012518437
0.0,0.104,0.003,0.066,0.0
0.0,0.065,0.001,0.075,0.0
0.0,0.075,0.005,0.051,0.0
0.0,0.021,0.0,0.134,0.012518437
0.0,0.0,0.0,0.0,0.012518437
0.0,0.114,0.0,0.0,0.012518437
0.0,0.065,0.02,0.048,0.0
0.015,0.021,0.0,0.061,0.0
0.0,0.074,0.0,0.063,0.012518437
0.0,0.096,0.0,0.021,0.012518437
0.0,0.0,0.0,0.117,0.012518437
0.0,0.131,0.0,0.074,0.012518437
0.0,0.072,0.0,0.093,0.012518437
0.03,0.034,0.0,0.065,0.0
0.0,0.038,0.0,0.058,0.012518437
0.0,0.0,0.0,0.093,0.012518437
0.0,0.018,0.002,0.098,0.0
0.0,0.063,0.0,0.0,0.012518437
0.0,0.0,0.055,0.069,0.0
0.0,0.051,0.0,0.118,0.012518437
0.0,0.0,0.0,0.038,0.012518437
-0.0,0.009,0.048,0.11,0.0
0.0,0.024,0.0,0.038,0.012518437
0.0,0.064,0.0,0.038,0.012518437
0.0,0.05,0.0,0.052,0.012518437
0.0,0.129,0.0,0.055,0.012518437
0.0,0.0,0.0,0.028,0.012518437
0.0,0.092,0.01,0.012,0.0
0.0,0.11,0.046,0.052,0.0
0.0,0.0,0.0,0.001,0.012518437
0.0,0.102,0.0,0.139,0.012518437
0.0,0.132,0.0,0.055,0.012518437
0.0,0.094,0.0,0.1,0.012518437
0.0,0.088,0.0,0.044,0.012518437
0.0,0.003,0.0,0.022,0.012518437
0.0,0.136,0.0,0.033,0.012518437
0.0,0.012,0.0,0.103,0.012518437
0.0,0.088,0.0,0.104,0.012518437
0.0,0.063,0.0,0.077,0.012518437
0.0,0.152,0.0,0.075,0.012518437
0.0,0.042,0.0,0.097,0.012518437
0.0,0.067,0.0,0.144,0.012518437
0.0,0.001,0.002,0.028,0.0
0.0,0.107,0.047,0.089,0.0
0.0,0.0,0.0,0.0,0.012518437
0.0,0.079,0.0,0.083,0.012518437
0.0,0.0,0.0,0.0,0.012518437
0.0,0.016,0.0,0.161,0.012518437
0.0,0.07,0.0,0.102,0.012518437
0.0,0.06,0.0,0.068,0.012518437
0.066,0.08,0.0,0.065,0.0
0.0,0.069,0.0,0.071,0.012518437
0.0,0.065,0.0,0.046,0.012518437
0.0,0.137,0.0,0.067,0.012518437
0.0,0.019,0.005,0.107,0.0
0.0,0.003,0.0,0.065,0.012518437
0.0,0.0,0.0,0.112,0.012518437
0.0,0.06,0.0,0.102,0.012518437
0.0,0.114,0.0,0.01,0.012518437
0.0,0.0,0.008,0.054,0.0
0.0,0.124,0.0,0.108,0.012518437
0.0,0.009,0.0,0.088,0.012518437
0.0,0.069,0.0,0.049,0.012518437
0.0,0.048,0.0,0.058,0.012518437
0.0,0.086,0.007,0.145,0.0
0.0,0.059,0.0,0.0,0.012518437
0.0,0.0,0.0,0.044,0.012518437
0.0,0.09,0.0,0.101,0.012518437
0.0,0.077,0.0,0.0,0.012518437
0.038,0.098,0.0,0.048,0.0
0.0,0.036,0.0,0.058,0.012518437
0.046,0.076,0.0,0.086,0.0
0.0,0.061,0.0,0.043,0.012518437
0.0,0.013,0.0,0.079,0.012518437
0.0,0.137,0.0,0.0,0.012518437
0.0,0.08,0.0,0.002,0.012518437
0.024,0.028,0.0,0.009,0.0
0.0,0.025,0.0,0.131,0.012518437
0.0,0.077,0.0,0.029,0.012518437
0.0,0.137,0.0,0.096,0.012518437
0.025,0.059,0.0,0.088,0.0
0.0,0.005,0.0,0.136,0.012518437
0.0,0.057,0.0,0.123,0.012518437
0.0,0.008,0.0,0.045,0.012518437
0.0,0.095,0.0,0.074,0.012518437
0.0,0.044,0.0,0.075,0.012518437
0.02,0.18,0.0,0.065,0.0
0.0,0.117,0.0,0.069,0.012518437
0.0,0.082,0.0,0.008,0.012518437
0.0,0.138,0.0,0.106,0.012518437
0.0,0.0,0.0,0.148,0.012518437
0.0,0.052,0.0,0.0,0.012518437
0.0,0.111,0.0,0.09,0.012518437
0.0,0.052,0.0,0.115,0.012518437
0.007,0.031,0.0,0.108,0.0
0.0,0.026,0.0,0.095,0.012518437
0.0,0.065,0.0,0.055,0.012518437
0.0,0.082,0.0,0.073,0.012518437
0.0,0.0,0.0,0.005,0.012518437
0.0,0.139,0.0,0.022,0.012518437
0.0,0.094,0.0,0.12,0.012518437
0.035,0.051,0.0,0.081,0.0
0.0,0.086,0.0,0.023,0.012518437
0.0,0.0,0.011,0.103,0.0
0.0,0.093,0.0,0.0,0.012518437
0.0,0.084,0.0,0.065,0.012518437
0.0,0.057,0.0,0.0,0.012518437
0.068,0.138,0.0,0.069,0.0
0.0,0.135,0.0,0.125,0.012518437
0.0,0.022,0.0,0.127,0.012518437
0.0,0.009,0.0,0.088,0.012518437
0.0,0.141,0.033,0.049,0.0
0.0,0.077,0.0,0.028,0.012518437
0.0,0.085,0.0,0.012,0.012518437
0.0,0.033,0.037,0.049,0.0
0.0,0.101,0.0,0.0,0.012518437
0.0,0.046,0.0,0.059,0.012518437
0.093,0.105,0.0,0.018,0.0
0.0,0.094,0.0,0.133,0.012518437
0.0,0.105,0.0,0.0,0.012518437
0.0,0.123,0.0,0.179,0.012518437
0.0,0.033,0.042,0.056,0.0
0.0,0.07,0.0,0.11,0.012518437
0.0,0.105,0.0,0.076,0.012518437
0.0,0.068,0.0,0.046,0.012518437
0.0,0.108,0.054,0.09,0.0
0.0,0.027,0.0,0.078,0.012518437
0.0,0.015,0.0,0.122,0.012518437
0.0,0.06,0.0,0.002,0.012518437
0.0,0.123,0.0,0.032,0.012518437
0.0,0.098,0.0,0.053,0.012518437
0.0,0.049,0.0,0.0,0.012518437
0.0,0.162,0.0,0.097,0.012518437
0.034,0.066,0.0,0.067,0.0
0.0,0.101,0.0,0.084,0.012518437
0.0,0.033,0.0,0.002,0.012518437
0.0,0.039,0.017,0.041,0.0
0.0,0.0,0.0,0.094,0.012518437
0.0,0.067,0.0,0.079,0.012518437
0.0,0.138,0.0,0.0,0.012518437
0.0,0.077,0.0,0.0,0.012518437
0.0,0.017,0.016,0.018,0.0
0.0,0.119,0.0,0.045,0.012518437
0.0,0.072,0.0,0.083,0.012518437
0.0,0.032,0.0,0.022,0.012518437
0.0,0.083,0.0,0.009,0.012518437
0.0,0.079,0.0,0.0,0.012518437
0.0,0.129,0.035,0.043,0.0
0.0,0.019,0.0,0.0,0.012518437
0.0,0.074,0.0,0.081,0.012518437
0.0,0.044,-0.0,0.04,0.012518437
0.0,0.057,0.0,0.102,0.012518437
0.0,0.0,0.0,0.095,0.012518437
0.0,0.075,0.002,0.016,0.0
0.0,0.095,0.0,0.036,0.012518437
0.0,0.097,0.0,0.018,0.012518437
0.0,0.092,0.0,0.068,0.012518437
0.0,0.065,0.0,0.045,0.012518437
0.0,0.137,0.0,0.055,0.012518437
0.002,0.054,0.005,0.075,0.0
0.0,0.042,0.0,0.0,0.012518437
0.0,0.095,0.014,0.066,0.0
0.0,0.053,0.0,0.113,0.012518437
0.035,0.075,0.011,0.073,0.0
0.0,0.098,0.0,0.121,0.012518437
0.0,0.0,0.0,0.0,0.012518437
0.0,0.027,0.0,0.12,0.012518437
0.0,0.057,0.026,0.17,0.0
0.0,0.038,0.0,0.05,0.012518437
0.0,0.104,0.0,0.121,0.012518437
0.0,0.037,0.0,0.11,0.012518437
0.0,0.032,0.0,0.138,0.012518437
0.0,0.153,0.0,0.072,0.012518437
0.0,0.05,0.0,0.0,0.012518437
0.0,0.027,0.005,0.023,0.0
0.0,0.097,0.025,0.087,0.0
0.0,0.086,0.0,0.086,0.012518437
0.0,0.049,0.0,0.005,0.012518437
0.0,0.102,0.0,0.072,0.012518437
0.0,0.028,0.0,0.101,0.012518437
0.015,0.081,0.0,0.117,0.0
0.0,0.027,0.0,0.048,0.012518437
0.0,0.073,0.0,0.0,0.012518437
0.0,0.066,0.0,0.063,0.012518437
0.0,0.117,0.0,0.02,0.012518437
0.0,0.105,0.0,0.105,0.012518437
0.0,0.046,0.037,0.041,0.0
0.0,0.111,0.0,0.101,0.012518437
0.0,0.0,0.0,0.051,0.012518437
0.0,0.11,0.0,0.021,0.012518437
0.0,0.0,0.0,0.107,0.012518437
0.0,0.101,0.0,0.088,0.012518437
0.0,0.044,0.0,0.059,0.012518437
0.0,0.059,0.003,0.056,0.0
0.0,0.204,0.053,0.061,0.0
0.0,0.083,0.0,0.115,0.012518437
0.0,0.0,0.0,0.0,0.012518437
0.0,0.092,0.0,0.075,0.012518437
0.0,0.12,0.0,0.038,0.012518437
0.0,0.077,0.0,0.07,0.012518437
0.0,0.05,0.0,0.012,0.012518437
0.0,0.0,0.0,0.019,0.012518437
0.0,0.019,0.021,0.079,0.0
0.0,0.033,0.0,0.185,0.012518437
0.0,0.035,0.047,0.091,0.0
0.0,0.0,0.049,0.059,0.0
0.0,0.081,0.0,0.031,0.012518437
0.0,0.053,0.0,0.025,0.012518437
0.0,0.029,0.02,0.054,0.0
